16.400558 0.051393 -0.299622
20.280672 0.423987 -0.327347
20.748019 1.149098 -0.338428
21.115796 2.453979 -0.345500
21.552623 6.925118 -0.383106
21.025821 16.599738 -0.235430
10.079279 16.072968 -0.356754
9.578206 16.265688 -0.355999
8.344792 16.150055 -0.381020
7.766630 15.905942 -0.395680
7.394036 16.072968 -0.397408
5.299804 15.918791 -0.397907
0.391844 15.764616 -0.275422
-8.755968 15.764618 -0.339377
-12.135001 16.021581 -0.240557
-12.494748 15.867403 -0.233634
-12.584683 16.008731 -0.235620
-20.229277 16.047276 -0.367269
-21.128641 15.790314 -0.343082
-21.938069 15.340631 -0.312519
-22.233575 14.839558 -0.298033
-22.111995 3.545171 -0.308520
-16.315799 2.682099 -0.307164
-10.328832 2.037070 -0.291215
-10.074453 2.100664 -0.290064
13.324266 0.097451 -0.285353
7.232286 6.030514 -0.367489
6.614510 6.875414 -0.331568
9.267313 8.519789 -0.316030
9.739732 7.765739 -0.342149
-8.329416 6.698134 -0.420476
-9.772010 7.096825 -0.426759
-9.973967 7.276296 -0.425956
-9.260899 9.749547 -0.362694
-7.391508 9.030055 -0.425547
-7.295148 7.385504 -0.429264
15.192841 -0.000000 0.361979
16.400558 0.051393 0.362064
19.291373 0.077088 0.354684
20.280672 0.423987 0.334339
20.607491 0.688978 0.327266
20.756049 0.925060 0.324138
20.748019 1.149098 0.323257
20.730354 1.387590 0.322202
20.961620 1.824424 0.319186
21.025859 2.441131 0.315951
21.115796 2.453979 0.316186
21.552623 6.925118 0.278579
22.413411 15.918791 0.351862
22.297781 16.124361 0.365330
21.025821 16.599738 0.426256
19.586841 16.818155 0.433012
19.021527 16.676826 0.413846
18.803107 16.805307 0.409553
15.719576 16.574042 0.294005
13.342685 16.394168 0.278540
13.098573 16.471257 0.283286
10.079279 16.072968 0.304932
9.578206 16.265688 0.305687
8.344792 16.150055 0.280666
7.766630 15.905942 0.266006
7.394036 16.072968 0.264278
5.299804 15.918791 0.263779
0.391844 15.764616 0.386264
-6.558949 15.751770 0.247315
-8.755967 15.764618 0.322309
-12.135001 16.021581 0.421129
-12.494747 15.867403 0.428052
-12.584683 16.008731 0.426066
-16.349164 16.072972 0.318172
-20.229277 16.047276 0.294416
-21.128641 15.790314 0.318604
-21.938069 15.340631 0.349167
-22.233575 14.839558 0.363653
-22.413411 3.867334 0.362268
-22.111995 3.545171 0.353166
-19.795334 3.181772 0.313746
-18.741481 3.263537 0.302998
-16.661026 2.972818 0.342906
-16.315799 2.682099 0.354522
-10.328831 2.037070 0.370471
-10.074453 2.100664 0.371622
-6.585835 1.728183 0.392455
0.227862 1.146753 0.336210
8.168086 0.438132 0.318513
13.324266 0.097451 0.376333
8.004507 5.776135 0.282160
7.232286 6.030514 0.294197
6.614510 6.875414 0.330118
6.759869 7.856588 0.361721
7.341306 8.728742 0.383842
8.331565 8.865017 0.375171
9.267313 8.519789 0.345656
9.739732 7.765739 0.319537
9.703391 6.957178 0.305747
9.376334 6.230383 0.294921
8.731303 5.848815 0.285357
-7.719133 7.019335 0.236973
-8.329416 6.698134 0.241210
-9.350836 6.794494 0.236645
-9.772010 7.096825 0.234927
-9.973967 7.276296 0.235730
-10.263049 8.008635 0.248865
-10.243776 8.708854 0.271657
-9.845486 9.319137 0.292843
-9.260899 9.749546 0.298992
-8.560680 9.749546 0.280280
-7.783373 9.473313 0.252645
-7.391508 9.030055 0.236138
-7.179515 8.169236 0.226605
-7.295148 7.385504 0.232422
19.291373 0.077088 -0.307002
20.607491 0.688978 -0.334420
20.756049 0.925060 -0.337548
20.730354 1.387590 -0.339483
20.961620 1.824424 -0.342499
21.025859 2.441131 -0.345735
22.413411 15.918791 -0.309823
22.297781 16.124361 -0.296356
19.586841 16.818155 -0.228674
19.021527 16.676826 -0.247840
18.803107 16.805307 -0.252133
15.719576 16.574042 -0.367681
13.342685 16.394168 -0.383146
13.098573 16.471257 -0.378400
-6.558949 15.751770 -0.414371
-16.349164 16.072972 -0.343514
-22.413411 3.867334 -0.299418
-19.795334 3.181772 -0.347940
-18.741481 3.263537 -0.358688
-16.661026 2.972818 -0.318780
-6.585835 1.728183 -0.269231
0.227862 1.146753 -0.325475
8.168086 0.438132 -0.343172
8.004507 5.776135 -0.379525
6.759869 7.856588 -0.299965
7.341306 8.728743 -0.277844
8.331565 8.865017 -0.286515
9.703391 6.957178 -0.355938
9.376334 6.230383 -0.366765
8.731303 5.848815 -0.376329
-7.719133 7.019335 -0.424713
-9.350836 6.794494 -0.425041
-10.263049 8.008635 -0.412820
-10.243776 8.708854 -0.390029
-9.845486 9.319137 -0.368843
-8.560680 9.749547 -0.381405
-7.783373 9.473313 -0.409041
-7.179515 8.169236 -0.435081
