11.748245 13.457092 -3.472712
10.770729 11.355493 -1.074125
10.860390 13.457092 -5.756204
9.581515 13.457092 -7.748566
9.506906 11.355493 -5.033410
7.856696 13.457092 -9.499995
5.914502 13.457092 -10.883459
6.874327 11.355493 -8.321927
3.639800 13.457094 -11.844038
3.679434 11.518361 -11.889928
1.179729 13.457094 -12.233685
3.223002 11.355493 -10.393321
-1.313820 13.457092 -12.193274
-1.173196 11.518361 -12.318332
-3.709285 13.457092 -11.624255
-1.117468 11.355494 -10.705403
-5.992530 13.457092 -10.605521
-5.904275 11.518360 -10.804584
-7.725224 13.457092 -9.534568
-5.184062 11.355493 -9.270634
-9.130260 13.457092 -7.813622
-10.661695 13.457092 -5.832458
-7.958105 11.355493 -6.820818
-11.574222 13.457092 -3.618673
-11.500396 11.518359 -3.596200
-12.051187 13.457092 -1.220802
-10.074763 11.355493 -3.163721
-12.124989 13.457092 1.202549
-12.085046 11.518359 1.208435
-11.332869 13.457092 3.508367
-10.549251 11.355493 1.033280
-10.515559 13.457092 5.654204
-10.588300 11.518359 5.684693
-9.351438 13.457092 7.672385
-9.213108 11.355493 4.933132
-7.496902 13.457092 9.536423
-7.586731 11.518361 9.585605
-5.265425 13.457092 10.777733
-6.550755 11.355493 8.311096
-3.053809 13.457092 11.585907
-3.278539 11.518359 11.706667
-0.975587 13.457092 12.191211
-2.651534 11.355493 10.082903
1.246546 13.457092 12.041887
1.267954 11.518359 12.024578
3.528827 13.457092 11.708239
1.104441 11.355493 10.491107
5.762069 13.457092 10.715389
5.812450 11.518358 10.611299
7.910478 13.457092 9.309112
5.043844 11.355493 9.331093
9.755539 13.457092 7.547461
9.666479 11.518359 7.577522
11.231641 13.457092 5.198346
8.503159 11.355493 6.580151
11.986300 13.457092 3.088434
11.853168 11.518359 3.303186
10.449088 11.355493 2.711583
10.677055 11.355493 0.876575
10.258454 11.355493 -3.046835
6.528111 7.152295 -1.981341
6.825596 7.152295 -0.712158
6.790410 7.152295 0.548758
8.387570 11.355493 -6.771388
5.324042 7.152295 -4.316125
6.043684 7.152295 -3.215525
5.199780 11.355493 -9.562542
3.305373 7.152296 -6.037225
4.382148 7.152295 -5.272028
1.061639 11.355494 -10.745327
0.734824 7.152296 -6.788699
2.074869 7.152296 -6.551414
-3.203839 11.355493 -10.172232
-1.923762 7.152296 -6.468368
-0.611885 7.152296 -6.773701
-6.714098 11.355493 -8.317804
-4.178053 7.152295 -5.270479
-3.155560 7.152295 -5.927579
-9.279690 11.355493 -5.091808
-5.814429 7.152295 -3.237461
-5.018817 7.152295 -4.334692
-10.490151 11.355493 -1.075423
-6.576298 7.152295 -0.712645
-6.315206 7.152295 -2.025245
-9.931934 11.355493 3.059457
-6.293052 7.152295 1.904125
-6.598496 7.152295 0.607619
-8.135223 11.355493 6.680190
-5.085346 7.152295 4.192673
-5.820915 7.152295 3.095902
-4.597380 11.355493 9.390729
-2.935191 7.152295 5.883493
-4.116699 7.152295 5.178764
-0.843126 11.355492 10.610686
-0.508838 7.152295 6.648929
-1.716306 7.152295 6.345618
3.100176 11.355493 10.190488
2.028733 7.152294 6.386029
0.750901 7.152295 6.604012
6.906783 11.355493 8.109735
4.394339 7.152295 5.103128
3.246801 7.152295 5.861093
9.780432 11.355493 4.556489
6.146425 7.152296 2.947188
5.367459 7.152295 4.155096
6.599716 7.152295 1.766217
2.570923 5.050697 -1.712185
3.011737 5.050697 -0.647963
1.756403 5.050697 -2.526705
0.692181 5.050697 -2.967520
-0.459725 5.050697 -2.967520
-1.523947 5.050697 -2.526705
-2.338468 5.050697 -1.712185
-2.779284 5.050697 -0.647963
-2.779283 5.050697 0.503943
-2.338468 5.050697 1.568165
-1.523947 5.050697 2.382685
-0.459726 5.050697 2.823501
0.692180 5.050697 2.823501
1.756403 5.050697 2.382685
2.570923 5.050697 1.568165
3.011737 5.050697 0.503943
1.279965 11.518362 -12.316170
-3.554881 11.518360 -11.825835
11.881387 11.518359 -3.558496
12.210133 11.518359 1.078446
11.075185 11.518359 5.399257
7.890363 11.518358 9.237505
3.593050 11.518359 11.622252
-1.040541 11.518359 12.238815
-5.482217 11.518359 10.882923
-9.419435 11.518359 7.716766
-11.369630 11.518359 3.526025
-11.974382 11.518359 -1.213311
-7.774330 11.518360 -9.598450
-9.089463 6.125747 1.759117
-10.808182 8.602113 2.138152
-10.816253 8.602114 -2.236580
-9.089464 6.125748 -1.903134
-7.036456 4.431392 -1.494766
-7.036456 4.431391 1.350749
-5.947525 4.431391 3.979662
-7.687981 6.125747 5.142596
-9.200462 8.602113 6.168355
-4.952107 3.225793 -1.080163
-4.952106 3.225792 0.936145
-4.180499 3.225792 2.798972
-3.667019 2.329739 -0.824544
-3.667019 2.329739 0.680525
-3.091054 2.329739 2.071028
-3.447614 1.515145 -0.780902
-3.447614 1.515145 0.636883
-2.905051 1.515145 1.946745
-3.651347 0.537633 -0.821427
-3.651347 0.537632 0.677408
-3.077767 0.537632 2.062151
-3.396505 0.024438 0.626717
-3.396505 0.024438 -0.770736
-2.427181 0.465743 -0.577925
-2.427181 0.465742 0.433906
-2.039969 0.465743 1.368715
-2.861723 0.024438 1.917794
-3.935442 4.431391 5.991744
-5.098376 6.125747 7.732200
-6.133146 8.602114 9.362674
-2.754753 3.225792 4.224717
-2.026809 2.329739 3.135272
-1.902526 1.515145 2.949269
-2.017931 0.537632 3.121986
-1.324497 0.465742 2.084187
-1.873575 0.024438 2.905941
-1.306530 4.431390 7.080676
-1.714898 6.125746 9.133682
-2.083508 8.602113 10.998322
-0.891927 3.225792 4.996325
-0.636307 2.329739 3.711237
-0.592665 1.515145 3.491831
-0.633189 0.537632 3.695565
-0.389689 0.465742 2.471397
-0.582499 0.024438 3.440722
1.538984 4.431390 7.080675
1.947352 6.125746 9.133681
2.296528 8.602113 10.886662
1.124381 3.225792 4.996324
0.868761 2.329739 3.711236
0.825119 1.515145 3.491831
0.865644 0.537632 3.695564
0.622141 0.465742 2.471397
0.814952 0.024438 3.440722
4.167897 4.431391 5.991742
5.330832 6.125747 7.732198
6.340356 8.602113 9.165460
2.987207 3.225792 4.224715
2.259263 2.329739 3.135271
2.134980 1.515145 2.949268
2.250386 0.537632 3.121984
1.556951 0.465742 2.084186
2.106030 0.024438 2.905939
6.179979 4.431391 3.979660
7.920435 6.125747 5.142595
9.443010 8.602113 6.122348
4.412952 3.225792 2.798971
3.323507 2.329739 2.071027
3.137504 1.515145 1.946743
3.310221 0.537632 2.062149
2.272422 0.465742 1.368714
3.094176 0.024438 1.917792
7.268909 4.431392 1.350749
9.321916 6.125747 1.759117
11.073111 8.602113 2.127854
5.184559 3.225792 0.936145
3.899471 2.329739 0.680525
3.680066 1.515145 0.636882
3.883799 0.537632 0.677407
2.659632 0.465742 0.433905
3.628957 0.024438 0.626716
7.268909 4.431392 -1.494766
9.321916 6.125748 -1.903134
11.190908 8.602115 -2.264801
5.184559 3.225793 -1.080163
3.899471 2.329739 -0.824543
3.680066 1.515145 -0.780901
3.883799 0.537633 -0.821427
2.659632 0.465743 -0.577925
3.628957 0.024438 -0.770736
-9.194603 8.602116 -6.293305
-7.687981 6.125749 -5.286613
-5.947525 4.431393 -4.123679
-4.180499 3.225793 -2.942990
-3.091054 2.329740 -2.215046
-2.905051 1.515146 -2.090764
-3.077767 0.537633 -2.206170
-2.861723 0.024439 -2.061814
-2.039969 0.465743 -1.512735
-6.182158 8.602116 -9.450445
-5.098376 6.125751 -7.876216
-3.935442 4.431394 -6.135761
-2.754753 3.225794 -4.368736
-2.026809 2.329740 -3.279291
-1.902526 1.515146 -3.093288
-2.017931 0.537634 -3.266005
-1.873574 0.024439 -3.049961
-1.324496 0.465744 -2.228206
-2.056081 8.602118 -11.180257
-1.714898 6.125751 -9.277699
-1.306530 4.431394 -7.224692
-0.891927 3.225795 -5.140343
-0.636307 2.329741 -3.855255
-0.592665 1.515147 -3.635850
-0.633189 0.537634 -3.839584
-0.582498 0.024440 -3.584742
-0.389688 0.465744 -2.615416
2.338210 8.602118 -11.166140
1.947352 6.125751 -9.277697
1.538984 4.431394 -7.224691
1.124381 3.225795 -5.140342
0.868761 2.329741 -3.855254
0.825119 1.515147 -3.635849
0.865644 0.537634 -3.839583
0.814952 0.024440 -3.584741
0.622141 0.465744 -2.615416
6.416386 8.602117 -9.484947
5.330832 6.125750 -7.876213
4.167897 4.431394 -6.135760
2.987207 3.225794 -4.368734
2.259263 2.329741 -3.279289
2.134980 1.515146 -3.093287
2.250386 0.537634 -3.266004
2.106029 0.024439 -3.049959
1.556950 0.465744 -2.228205
9.537202 8.602116 -6.380103
7.920435 6.125749 -5.286612
6.179979 4.431393 -4.123677
4.412952 3.225793 -2.942988
3.323507 2.329740 -2.215045
3.137504 1.515146 -2.090762
3.310221 0.537633 -2.206168
3.094176 0.024439 -2.061812
2.272422 0.465743 -1.512733
-1.207535 0.890756 -0.335322
-1.207535 0.890755 0.191303
-1.006004 0.890756 0.677841
-0.633624 0.890755 1.050221
-0.147086 0.890755 1.251752
0.379539 0.890755 1.251752
0.866077 0.890755 1.050221
1.238457 0.890755 0.677841
1.439987 0.890755 0.191303
1.439987 0.890756 -0.335322
-1.006004 0.890756 -0.821860
-0.633623 0.890756 -1.194240
-0.147086 0.890756 -1.395770
0.379538 0.890756 -1.395770
0.866076 0.890756 -1.194240
1.238456 0.890756 -0.821860
-10.671199 11.518362 -5.834931
-9.234824 11.518362 -7.829221
5.977600 11.518362 -10.956942
7.966927 11.518361 -9.617983
9.694849 11.518363 -7.910277
11.004942 11.518362 -5.910389
12.748851 13.457092 -1.258451
12.351684 13.457092 -0.089084
12.161985 13.457092 -2.356153
11.943551 13.457092 -1.179914
11.187680 13.457092 -5.943241
11.262031 13.457092 -4.596762
10.360995 13.457092 -6.842863
10.533099 13.457092 -5.569167
8.100392 13.457094 -9.772755
8.690549 13.457092 -8.594035
6.968498 13.457092 -10.313963
7.612999 13.457092 -9.227234
3.715200 13.457094 -12.147945
4.777378 13.457092 -11.347234
2.455879 13.457094 -12.198109
3.564400 13.457092 -11.540130
-1.348735 13.457092 -12.514079
-0.104790 13.457094 -12.161747
-2.498329 13.457092 -12.092648
-1.278905 13.457094 -11.872469
-6.182898 13.457092 -10.962492
-4.892186 13.457092 -11.043433
-6.955236 13.457092 -10.154552
-5.802163 13.457092 -10.248549
-9.442743 13.457092 -8.070569
-8.413296 13.457092 -8.752085
-9.878822 13.457092 -6.810103
-8.817776 13.457092 -7.556673
-11.961249 13.457092 -3.736479
-11.289840 13.457092 -4.796658
-11.749712 13.457092 -2.394667
-11.187194 13.457092 -3.500867
-12.527639 13.457092 1.241819
-12.251871 13.457092 -0.040567
-11.781625 13.457092 2.416283
-11.722338 13.457092 1.163280
-10.872532 13.457092 5.844571
-10.877814 13.457092 4.560457
-10.066601 13.457092 6.716037
-10.158586 13.457092 5.463837
-7.729505 13.457094 9.824764
-8.463671 13.457092 8.590196
-6.435896 13.457092 10.326968
-7.264298 13.457092 9.248082
-3.201483 13.457092 11.984949
-4.099918 13.457092 11.120213
-2.041048 13.457092 12.000883
-2.906135 13.457092 11.186864
1.285815 13.457092 12.444536
0.125852 13.457092 12.192883
2.382277 13.457092 11.844809
1.207276 13.457092 11.639236
5.952436 13.457092 11.072360
4.663118 13.457092 11.406868
6.839812 13.457092 9.920554
5.571701 13.457092 10.358418
10.068022 13.457092 7.804410
8.905307 13.457092 8.608827
10.513531 13.457092 6.339229
9.443055 13.457092 7.290512
12.373327 13.457092 3.206242
11.769389 13.457092 4.117264
12.075277 13.457092 2.066689
11.599273 13.457092 2.970627
10.783479 11.355493 -0.085100
10.606492 11.355493 -2.068653
9.198035 9.253894 -0.930739
9.850597 11.355493 -4.028484
9.071267 11.355492 -5.976187
8.128003 9.253894 -4.311060
7.605397 11.355493 -7.519730
6.102931 11.355493 -9.046643
5.881947 9.253894 -7.106799
4.221072 11.355493 -9.975983
2.178786 11.355493 -10.690968
2.765270 9.253894 -8.859440
-0.059944 11.355494 -10.701705
-2.151808 11.355494 -10.585790
-0.910353 9.253894 -9.138945
-4.229333 11.355493 -9.666567
-6.026244 11.355493 -8.861893
-4.367886 9.253894 -7.945914
-7.330445 11.355493 -7.637675
-8.605161 11.355493 -5.945953
-6.793448 9.253894 -5.831358
-9.822591 11.355493 -4.187893
-10.232014 11.355493 -2.099495
-8.578659 9.253894 -2.710529
-10.659217 11.355493 -0.046249
-10.270181 11.355493 2.092178
-8.975018 9.253894 0.861865
-9.568309 11.355493 3.988611
-8.768142 11.355493 5.845999
-7.892320 9.253894 4.208472
-7.375659 11.355493 7.485342
-5.633625 11.355493 8.999032
-5.585470 9.253894 7.059521
-3.563017 11.355493 9.685561
-1.774410 11.355492 10.439148
-2.290426 9.253894 8.596601
0.122948 11.355492 10.620384
2.097976 11.355493 10.316570
0.964639 9.253894 8.945269
4.089359 11.355493 9.924711
5.978147 11.355493 8.646984
4.330655 9.253894 7.949931
7.768778 11.355493 7.495430
9.157764 11.355493 5.541354
7.249287 9.253894 5.618708
10.250945 11.355493 3.616313
10.537057 11.355493 1.809327
8.911652 9.253894 2.345720
3.956979 5.576096 -2.198626
2.380761 5.050697 -1.010010
3.559568 5.576096 -2.799289
1.849427 5.050697 -1.805209
2.848958 5.576096 -3.513401
2.254251 5.576096 -3.922202
1.054228 5.050697 -2.336543
1.325829 5.576096 -4.307890
0.606849 5.576096 -4.443588
0.116228 5.050697 -2.523123
-0.401773 5.576096 -4.439839
-1.113711 5.576096 -4.287129
-0.821773 5.050697 -2.336543
-2.042457 5.576096 -3.894790
-2.623592 5.576096 -3.513014
-1.616971 5.050697 -1.805209
-3.308920 5.576096 -2.803930
-3.725324 5.576096 -2.204110
-2.148306 5.050697 -1.010010
-4.107661 5.576096 -1.280260
-4.249310 5.576096 -0.568141
-2.334886 5.050697 -0.072010
-4.254860 5.576096 0.433870
-4.102122 5.576096 1.141965
-2.148306 5.050697 0.865990
-3.726945 5.576096 2.060705
-3.325553 5.576096 2.660411
-1.616971 5.050697 1.661189
-2.608254 5.576096 3.382071
-1.987364 5.576096 3.775753
-0.821773 5.050697 2.192524
-1.061847 5.576096 4.148427
-0.376012 5.576096 4.300631
0.116227 5.050697 2.379104
0.610868 5.576096 4.289402
1.314295 5.576096 4.158530
1.054228 5.050697 2.192524
2.239608 5.576096 3.770153
2.852006 5.576096 3.363161
1.849427 5.050697 1.661189
3.570422 5.576096 2.651016
3.982664 5.576096 2.023527
2.380761 5.050697 0.865991
4.353129 5.576096 1.107488
4.477179 5.576096 0.419155
2.567340 5.050697 -0.072010
4.485975 5.576096 -0.568019
4.335228 5.576096 -1.269283
1.205632 13.457094 -12.545045
1.153827 13.457094 -11.922324
0.933842 9.253894 -9.167672
-3.822738 13.457092 -11.984470
-3.595832 13.457092 -11.264043
-2.687823 9.253894 -8.700361
6.062575 13.457094 -11.153847
5.766428 13.457092 -10.613071
4.442854 9.253894 -8.155949
9.864317 13.457094 -8.002184
9.298712 13.457092 -7.494948
7.166118 9.253894 -5.795792
12.135272 13.457092 -3.590519
11.361217 13.457092 -3.354905
8.774486 9.253894 -2.626427
12.631873 13.457092 1.046131
11.826573 13.457092 0.967592
9.130634 9.253894 0.749112
11.588612 13.457092 5.388713
10.874669 13.457092 5.007979
8.324813 9.253894 3.928419
8.167427 13.457092 9.621594
7.653529 13.457092 8.996629
5.905299 9.253894 6.914636
3.646635 13.457092 12.095267
3.411019 13.457092 11.321211
2.676893 9.253893 8.674011
-1.014856 13.457092 12.593861
-0.936318 13.457091 11.788562
-0.712958 9.253893 9.031309
-5.461314 13.457092 11.122577
-5.069537 13.457092 10.432889
-3.945754 9.253894 7.992839
-9.663922 13.457092 7.929333
-9.038954 13.457092 7.415436
-6.920889 9.253894 5.690688
-11.719897 13.457092 3.626174
-10.945840 13.457092 3.390560
-8.515260 9.253894 2.605073
-12.453838 13.457092 -1.260070
-11.648537 13.457092 -1.181534
-8.932494 9.253894 -0.931673
-11.018667 13.457092 -6.022824
-10.304723 13.457092 -5.642092
-7.900858 9.253894 -4.353079
-7.982172 13.457092 -9.847050
-7.468275 13.457092 -9.222086
-5.702999 9.253894 -7.103832
-9.271581 6.125748 -0.072008
-10.012805 7.249887 1.952071
-8.082549 5.197109 1.558829
-8.556976 6.125747 3.520549
-7.177959 4.431392 -0.072009
-5.982528 3.787862 1.141109
-6.622722 4.431391 2.719355
-5.052374 3.225792 -0.072009
-4.121501 2.741109 0.770928
-4.658938 3.225792 1.905929
-3.741863 2.329739 -0.072009
-3.478957 1.938734 0.643118
-3.448183 2.329739 1.404418
-3.518118 1.515145 -0.072009
-3.522054 1.050827 0.651690
-3.241469 1.515145 1.318794
-3.725881 0.537632 -0.072010
-3.808065 0.000000 0.708581
-3.433418 0.537632 1.398302
-3.465998 0.024438 -0.072010
-2.948394 0.146983 0.537582
-3.193317 0.024438 1.298849
-8.484607 7.249887 5.678673
-6.834360 5.197109 4.572226
-6.521954 6.125747 6.566174
-5.054047 3.787862 3.382659
-5.041541 4.431391 5.085760
-3.476345 2.741109 2.328471
-3.538525 3.225792 3.582744
-2.931623 1.938734 1.964499
-2.611854 2.329739 2.656073
-2.968159 1.050826 1.988912
-2.453642 1.515145 2.497861
-3.210626 0.000000 2.150924
-2.600553 0.537632 2.644772
-2.481833 0.146983 1.663959
-2.416787 0.024438 2.461006
-5.636706 7.249887 8.558324
-4.528006 5.197109 6.878579
-3.476330 6.125747 8.601195
-3.338439 3.787862 5.098267
-2.675136 4.431390 6.666941
-2.284252 2.741109 3.520564
-1.861710 3.225792 4.703156
-1.920280 1.938734 2.975841
-1.360200 2.329739 3.492402
-1.944693 1.050826 3.012378
-1.274576 1.515145 3.285687
-2.106704 -0.000000 3.254845
-1.354083 0.537632 3.477636
-1.619741 0.146983 2.526051
-1.254630 0.024438 3.237534
-1.905246 7.249887 10.093504
-1.514610 5.197109 8.126768
0.116226 6.125747 9.315799
-1.096891 3.787862 6.026746
0.116227 4.431390 7.222177
-0.726709 2.741109 4.165719
0.116227 3.225792 5.096592
-0.598900 1.938734 3.523175
0.116226 2.329739 3.786080
-0.607472 1.050826 3.566272
0.116227 1.515145 3.562335
-0.664362 -0.000000 3.852283
0.116227 0.537632 3.770098
-0.493364 0.146983 2.992611
0.116227 0.024438 3.510215
2.132841 7.249887 10.065588
1.747065 5.197109 8.126767
3.708785 6.125747 8.601193
1.329344 3.787861 6.026746
2.907591 4.431390 6.666939
0.959163 2.741109 4.165718
2.094165 3.225792 4.703155
0.831353 1.938734 3.523174
1.592654 2.329739 3.492400
0.839926 1.050826 3.566272
1.507030 1.515145 3.285686
0.896817 -0.000000 3.852282
1.586538 0.537632 3.477635
0.725817 0.146983 2.992611
1.487085 0.024438 3.237534
5.862850 7.249887 8.509019
4.760461 5.197109 6.878577
6.754410 6.125747 6.566171
3.570894 3.787862 5.098264
5.273996 4.431391 5.085758
2.516707 2.741109 3.520562
3.770979 3.225792 3.582742
2.152735 1.938734 2.975840
2.844308 2.329739 2.656071
2.177148 1.050826 3.012376
2.686096 1.515145 2.497859
2.339160 -0.000000 3.254843
2.833007 0.537632 2.644770
1.852195 0.146983 2.526049
2.649242 0.024438 2.461004
8.719585 7.249887 5.667170
7.066814 5.197109 4.572224
8.789429 6.125747 3.520549
5.286501 3.787862 3.382657
6.855175 4.431392 2.719355
3.708799 2.741109 2.328470
4.891391 3.225792 1.905929
3.164076 1.938734 1.964498
3.680636 2.329739 1.404418
3.200613 1.050826 1.988911
3.473922 1.515145 1.318794
3.443081 0.000000 2.150922
3.665871 0.537632 1.398301
2.714286 0.146983 1.663958
3.425770 0.024438 1.298848
10.253377 7.249887 1.949497
8.315002 5.197110 1.558830
9.504033 6.125748 -0.072008
6.214981 3.787862 1.141109
7.410411 4.431392 -0.072009
4.353954 2.741109 0.770927
5.284827 3.225793 -0.072009
3.711410 1.938734 0.643117
3.974316 2.329739 -0.072009
3.754507 1.050827 0.651690
3.750570 1.515145 -0.072009
4.040517 0.000000 0.708580
3.958334 0.537632 -0.072010
3.180846 0.146983 0.537581
3.698450 0.024438 -0.072010
-10.014823 7.249888 -2.084690
-8.556976 6.125748 -3.664566
-8.082550 5.197111 -1.702847
-6.622722 4.431393 -2.863373
-5.982528 3.787862 -1.285127
-4.658938 3.225793 -2.049947
-4.121501 2.741109 -0.914946
-3.448183 2.329740 -1.548437
-3.478957 1.938734 -0.787136
-3.241469 1.515146 -1.462813
-3.522054 1.050827 -0.795709
-3.433418 0.537633 -1.542322
-3.808065 0.000001 -0.852601
-3.193317 0.024439 -1.442869
-2.948394 0.146983 -0.681601
-8.483142 7.249889 -5.817922
-6.521954 6.125750 -6.710190
-6.834360 5.197112 -4.716242
-5.041541 4.431393 -5.229777
-5.054047 3.787864 -3.526676
-3.538525 3.225794 -3.726762
-3.476345 2.741110 -2.472489
-2.611854 2.329740 -2.800091
-2.931623 1.938735 -2.108518
-2.453642 1.515146 -2.641880
-2.968159 1.050827 -2.132931
-2.600553 0.537634 -2.788791
-3.210626 0.000001 -2.294944
-2.416787 0.024439 -2.605026
-2.481833 0.146984 -1.807979
-5.648959 7.249890 -8.688279
-3.476330 6.125751 -8.745211
-4.528006 5.197113 -7.022596
-2.675136 4.431394 -6.810957
-3.338439 3.787865 -5.242284
-1.861710 3.225794 -4.847174
-2.284252 2.741110 -3.664582
-1.360200 2.329741 -3.636420
-1.920280 1.938735 -3.119860
-1.274576 1.515147 -3.429706
-1.944693 1.050828 -3.156396
-1.354083 0.537634 -3.621655
-2.106704 0.000002 -3.398865
-1.254630 0.024440 -3.381554
-1.619740 0.146984 -2.670070
-1.898389 7.249891 -10.247000
0.116226 6.125751 -9.459814
-1.514610 5.197113 -8.270785
0.116227 4.431394 -7.366193
-1.096891 3.787865 -6.170763
0.116227 3.225795 -5.240610
-0.726709 2.741111 -4.309737
0.116226 2.329741 -3.930099
-0.598900 1.938736 -3.667194
0.116227 1.515147 -3.706353
-0.607472 1.050828 -3.710291
0.116227 0.537634 -3.914117
-0.664362 0.000002 -3.996302
0.116227 0.024440 -3.654234
-0.493364 0.146984 -3.136630
2.143262 7.249891 -10.243470
3.708785 6.125751 -8.745209
1.747065 5.197113 -8.270784
2.907591 4.431394 -6.810957
1.329344 3.787865 -6.170763
2.094165 3.225794 -4.847172
0.959163 2.741111 -4.309737
1.592654 2.329741 -3.636419
0.831353 1.938736 -3.667193
1.507030 1.515147 -3.429705
0.839926 1.050828 -3.710291
1.586538 0.537634 -3.621654
0.896817 0.000002 -3.996301
1.487084 0.024440 -3.381553
0.725817 0.146984 -3.136630
5.881858 7.249891 -8.696902
6.754410 6.125750 -6.710188
4.760461 5.197113 -7.022594
5.273996 4.431394 -5.229775
3.570894 3.787865 -5.242282
3.770979 3.225794 -3.726760
2.516707 2.741111 -3.664581
2.844308 2.329740 -2.800090
2.152735 1.938735 -3.119858
2.686096 1.515146 -2.641878
2.177148 1.050828 -3.156395
2.833007 0.537634 -2.788789
2.339160 0.000002 -3.398863
2.649242 0.024439 -2.605024
1.852194 0.146984 -2.670069
8.743133 7.249889 -5.839622
8.789429 6.125748 -3.664566
7.066814 5.197112 -4.716241
6.855175 4.431393 -2.863372
5.286501 3.787864 -3.526675
4.891391 3.225793 -2.049946
3.708799 2.741110 -2.472488
3.680636 2.329740 -1.548436
3.164076 1.938735 -2.108517
3.473922 1.515146 -1.462812
3.200613 1.050827 -2.132930
3.665871 0.537633 -1.542320
3.443081 0.000001 -2.294942
3.425769 0.024439 -1.442867
2.714286 0.146984 -1.807977
10.282826 7.249888 -2.091746
8.315002 5.197111 -1.702847
6.214981 3.787862 -1.285126
4.353954 2.741109 -0.914946
3.711410 1.938734 -0.787136
3.754507 1.050827 -0.795709
4.040517 0.000001 -0.852600
3.180846 0.146983 -0.681601
-2.477497 0.465742 -0.072010
-1.843387 0.780429 0.317782
-2.280061 0.465743 0.920566
-1.545053 0.780429 1.038022
-1.717812 0.465742 1.762030
-0.993805 0.780429 1.589270
-0.876348 0.465742 2.324278
-0.273565 0.780429 1.887604
0.116226 0.465742 2.521713
0.506017 0.780429 1.887603
1.108801 0.465742 2.324277
1.226258 0.780429 1.589269
1.950265 0.465742 1.762029
1.777505 0.780429 1.038021
2.512513 0.465742 0.920565
2.075838 0.780429 0.317782
2.709949 0.465742 -0.072010
-2.280061 0.465743 -1.064585
-1.843387 0.780429 -0.461801
-1.717812 0.465744 -1.906050
-1.545052 0.780430 -1.182042
-0.876347 0.465744 -2.468298
-0.993804 0.780430 -1.733289
0.116226 0.465744 -2.665732
-0.273565 0.780430 -2.031622
1.108801 0.465744 -2.468297
0.506017 0.780430 -2.031622
1.950265 0.465744 -1.906048
1.226258 0.780430 -1.733288
2.512513 0.465743 -1.064584
1.777505 0.780430 -1.182041
2.075838 0.780429 -0.461801
-1.061706 0.892792 -0.072010
-0.972041 0.892792 0.378766
-0.716697 0.892792 0.760914
-0.334549 0.892792 1.016258
0.116226 0.892792 1.105923
0.567001 0.892792 1.016258
0.949150 0.892792 0.760914
1.204493 0.892792 0.378765
1.294158 0.892792 -0.072010
-0.972041 0.892792 -0.522785
-0.716697 0.892793 -0.904934
-0.334548 0.892793 -1.160277
0.116226 0.892793 -1.249941
0.567001 0.892793 -1.160276
0.949150 0.892793 -0.904933
1.204493 0.892792 -0.522784
-12.183537 11.518359 -0.037223
-11.544534 9.819931 1.424173
-11.780035 11.518359 2.428054
-10.988281 8.479925 -0.060611
-10.071140 8.479924 4.179792
-11.054135 9.819931 3.128982
-10.942746 11.518359 4.584265
-10.099225 9.819931 5.725669
-10.136969 11.518359 6.753472
-7.763573 8.479924 7.835037
-9.242448 9.819931 7.223379
-8.535941 11.518360 8.639251
-7.151947 9.819933 9.410291
-6.569568 11.518361 10.389078
-4.154493 8.479924 10.265189
-5.655401 9.819932 10.383034
-4.370074 11.518359 11.258375
-3.018309 9.819931 11.390440
-2.178423 11.518359 12.082061
0.111368 8.479924 11.075527
-1.314125 9.819931 11.751169
0.114966 11.518359 12.208973
1.516167 9.819931 11.530120
2.425092 11.518359 11.793161
4.375779 8.479924 10.187970
3.242127 9.819931 11.201846
4.734583 11.518359 11.299185
5.874433 9.819930 10.019310
6.854944 11.518358 9.832704
7.992239 8.479924 7.774231
7.364330 9.819931 9.027449
8.850332 11.518359 8.570759
9.409839 9.819931 7.100285
10.390773 11.518359 6.454715
10.398087 8.479924 4.184991
10.410426 9.819931 5.585302
11.601915 11.518359 4.364348
11.398074 9.819931 3.057826
11.999165 11.518359 2.209857
11.264404 8.479925 -0.070241
11.715007 9.819931 1.356955
-11.674397 11.518359 -2.379684
-11.445123 9.819932 -1.445748
-11.098933 9.819932 -3.186156
-10.155545 8.479926 -4.326918
-11.052975 13.457095 -6.048696
-11.237592 11.518361 -4.776676
-9.953011 11.518362 -6.832076
-10.111162 9.819933 -5.842642
-9.103655 9.819934 -7.311632
-7.774361 8.479927 -7.960226
-8.510607 11.518362 -8.770100
-6.935663 11.518359 -10.286025
-7.272366 9.819933 -9.437148
-5.834435 9.819933 -10.387094
-4.159889 8.479929 -10.404623
-4.753053 11.518360 -11.276921
-2.348637 11.518361 -12.242561
-3.046253 9.819934 -11.585123
-1.306147 9.819934 -11.935938
0.128645 8.479929 -11.262888
0.020115 11.518362 -12.270438
2.526392 11.518361 -12.255882
1.581692 9.819935 -11.914225
3.326245 9.819934 -11.579973
4.405206 8.479929 -10.409720
6.092661 13.457094 -11.180948
4.807151 11.518362 -11.397287
7.070840 11.518361 -10.415103
6.029767 9.819935 -10.476941
7.497516 9.819934 -9.493787
8.034795 8.479927 -7.990549
9.889281 13.457095 -8.041556
8.797662 11.518362 -8.728676
10.487578 11.518363 -7.018832
9.558221 9.819935 -7.462094
10.534157 9.819934 -5.991705
10.451085 8.479926 -4.355674
11.413895 11.518360 -4.713944
12.263390 11.518359 -2.413342
11.581825 9.819933 -3.219062
11.943138 9.819933 -1.496696
12.383293 11.518359 -0.078337
11.212643 13.457094 -5.982613
8.130478 13.457094 -9.799856
-9.477052 13.457095 -8.096440
6.711372 7.152295 -1.349819
6.856651 7.152295 -0.076563
5.730450 7.152295 -3.793541
6.298113 7.152295 -2.604113
3.868505 7.152295 -5.693845
4.862070 7.152295 -4.802535
1.418544 7.152296 -6.715748
2.703809 7.152296 -6.317854
-1.264501 7.152296 -6.676241
0.049439 7.152296 -6.798579
-3.695791 7.152295 -5.624449
-2.563004 7.152296 -6.201631
-5.411462 7.152295 -3.782185
-4.614883 7.152295 -4.846838
-6.426804 7.152295 -1.361404
-6.143686 7.152295 -2.663990
-6.449014 7.152295 1.271269
-6.666068 7.152295 -0.061970
-5.480556 7.152295 3.657254
-6.095416 7.152295 2.510799
-3.548316 7.152295 5.586765
-4.631867 7.152295 4.700423
-1.122744 7.152295 6.531963
-2.312722 7.152295 6.119570
1.388190 7.152295 6.485921
0.118135 7.152295 6.678838
3.821635 7.152295 5.454529
2.654335 7.152294 6.209399
5.762940 7.152295 3.541013
4.923439 7.152295 4.704211
6.685292 7.152295 1.163215
6.448492 7.152296 2.360098
-7.337268 9.253894 -5.084765
1.770017 2.741110 -4.064613
1.519262 1.938735 -3.459235
1.536081 1.050828 -3.499840
1.312207 0.146984 -2.959362
7.430484 7.219343 -7.386256
6.028329 5.197112 -5.984108
4.514012 3.787864 -4.469791
3.172034 2.741110 -3.127814
2.708698 1.938735 -2.664479
2.739775 1.050828 -2.695557
2.326110 0.146984 -2.281893
9.669949 7.219341 -4.029996
7.840759 5.197112 -3.271614
5.862209 3.787864 -2.452073
4.108829 2.741110 -1.725800
3.503453 1.938735 -1.475044
3.544057 1.050827 -1.491863
3.003578 0.146984 -1.267990
-1.839150 0.780938 -0.072010
-1.690305 0.780938 0.676281
-1.266433 0.780938 1.310650
-0.632063 0.780938 1.734522
0.116226 0.780938 1.883366
0.864516 0.780938 1.734522
1.498886 0.780938 1.310649
1.922757 0.780938 0.676280
2.071601 0.780938 -0.072010
-1.690305 0.780939 -0.820300
-1.266432 0.780939 -1.454669
-0.632063 0.780939 -1.878541
0.116226 0.780940 -2.027385
0.864516 0.780939 -1.878540
1.922757 0.780939 -0.820299
0.116226 0.904502 -0.072010
-11.647277 9.789384 -0.041398
-11.472441 10.332673 2.339136
-10.569506 9.789384 4.417260
-2.263836 3.787861 5.673975
-9.856264 10.332673 6.582253
-8.238287 9.789384 8.322002
-6.478397 10.332674 10.099825
-4.354109 9.789384 10.885361
-2.182316 10.332673 11.772321
0.108623 9.789384 11.730378
2.397335 10.332673 11.507447
4.602824 9.789384 10.779736
6.703518 10.332672 9.611509
8.464583 9.789384 8.208853
10.073277 10.332673 6.384676
11.029417 9.789384 4.365260
11.701398 10.332672 2.221007
11.916098 9.789384 -0.070939
-11.398088 10.332674 -2.333363
-10.748863 9.789385 -4.573221
-9.730077 10.332676 -6.665327
-8.227174 9.789386 -8.429668
-6.701010 10.332674 -10.065289
-4.457948 9.789388 -10.991138
-2.224444 10.332675 -11.970007
0.110826 9.789388 -11.918776
2.493301 10.332675 -11.958676
4.665108 9.789387 -11.028875
6.892398 10.332675 -10.164828
9.052385 9.253894 -1.784464
9.220947 9.253894 -0.080974
7.736303 9.253893 -5.106518
8.440855 9.253893 -3.465627
5.209800 9.253894 -7.706499
6.515362 9.253894 -6.441635
1.875794 9.253894 -9.101081
3.616285 9.253894 -8.518984
-1.792724 9.253894 -9.025403
-0.011302 9.253894 -9.150021
-5.090964 9.253894 -7.573566
-3.558571 9.253894 -8.296353
8.515250 9.789386 -8.464799
-6.253868 9.253894 -6.526500
-8.719281 9.253894 -1.806655
-8.357045 9.253894 -3.580326
-8.756586 9.253894 1.764167
-9.067879 9.253894 -0.053020
-7.464381 9.253894 4.975623
-8.233138 9.253894 3.411026
-4.808465 9.253894 7.632755
-6.286401 9.253894 6.377408
-1.521177 9.253893 8.880405
-3.079141 9.253893 8.270534
1.817649 9.253894 8.792209
0.120293 9.253893 9.052024
5.120016 9.253894 7.379449
3.521515 9.253893 8.442609
7.798540 9.253894 4.754160
6.632919 9.253894 6.384665
9.002424 9.253894 1.558387
8.728914 9.253894 3.129575
4.064156 5.576096 -1.700166
4.338816 5.984740 -2.880221
3.141449 5.576096 -3.093402
0.116228 5.050695 -0.072010
2.938104 5.984740 -4.297981
1.758253 5.576096 -4.035928
1.100335 5.984741 -5.062364
0.099530 5.576096 -4.354053
-0.902730 5.984741 -5.044805
-1.548711 5.576096 -4.006872
-2.732200 5.984740 -4.267139
-2.905310 5.576096 -3.104478
-4.067902 5.984740 -2.875174
-3.851208 5.576096 -1.715135
-4.829369 5.984740 -1.050374
-4.179748 5.576096 -0.069500
-4.839239 5.984740 0.930303
-3.839141 5.576096 1.568822
-4.098610 5.984740 2.739638
-2.909557 5.576096 2.959859
-2.666656 5.984740 4.170380
-1.486140 5.576096 3.878342
-0.839727 5.984740 4.900671
0.116704 5.576096 4.216103
1.086844 5.984740 4.880208
1.745885 5.576096 3.900799
2.917272 5.984740 4.111607
3.156791 5.576096 2.960806
4.353255 5.984740 2.687975
4.101751 5.576096 1.531147
5.073392 5.984740 0.882279
4.401734 5.576096 -0.073148
5.084984 5.984740 -1.045225
-10.204183 7.219340 -0.069159
-8.244746 5.197110 -0.072008
-7.608305 5.197109 3.127597
-9.400624 7.219340 3.878014
-6.103180 3.787862 -0.072009
-5.629756 3.787862 2.308055
-4.205336 2.741109 -0.072009
-3.876377 2.741109 1.581782
-3.550081 1.938734 -0.072009
-3.271000 1.938734 1.331027
-3.594031 1.050827 -0.072009
-3.311604 1.050826 1.347846
10.231426 10.332677 -6.854417
11.061909 9.789386 -4.600672
-3.009022 0.146983 -0.072010
-2.771126 0.146983 1.123972
-5.795874 5.197109 5.840093
-7.188337 7.219340 7.239368
-4.281558 3.787862 4.325777
-2.939579 2.741109 2.983798
-2.476244 1.938734 2.520462
-2.507321 1.050826 2.551540
11.962805 10.332674 -2.382814
-2.093657 0.146983 2.137875
-3.083377 5.197109 7.652523
-3.838524 7.219340 9.482301
1.498885 0.780939 -1.454668
-1.537563 2.741109 3.920595
-1.286808 1.938734 3.315218
-1.303626 1.050826 3.355823
-1.079753 0.146983 2.815343
0.116227 5.197109 8.288966
0.115012 7.219340 10.259158
0.116227 3.787861 6.147398
0.116226 2.741109 4.249554
0.116227 1.938734 3.594299
0.116227 1.050826 3.638248
0.116226 0.146983 3.053238
3.315833 5.197109 7.652523
4.068187 7.219340 9.462995
2.496291 3.787861 5.673973
1.770017 2.741109 3.920594
1.519262 1.938734 3.315217
1.536081 1.050826 3.355821
1.312207 0.146983 2.815343
6.028329 5.197109 5.840091
7.419844 7.219340 7.224164
4.514012 3.787862 4.325774
3.172033 2.741109 2.983796
2.708698 1.938734 2.520461
2.739775 1.050826 2.551538
2.326110 0.146983 2.137873
7.840759 5.197109 3.127597
9.656700 7.219340 3.879314
5.862209 3.787862 2.308055
4.108829 2.741109 1.581781
3.503452 1.938734 1.331026
3.544057 1.050826 1.347845
3.003578 0.146983 1.123971
8.477200 5.197110 -0.072008
10.447553 7.219341 -0.071566
6.335633 3.787862 -0.072009
4.437789 2.741109 -0.072009
3.782533 1.938734 -0.072009
3.826484 1.050827 -0.072009
3.241473 0.146983 -0.072010
-9.421725 7.219341 -4.022808
-7.608305 5.197111 -3.271614
-5.629756 3.787864 -2.452073
-3.876376 2.741109 -1.725800
-3.271000 1.938735 -1.475045
-3.311604 1.050827 -1.491864
-2.771126 0.146984 -1.267991
-7.191034 7.219344 -7.378677
-5.795874 5.197113 -5.984109
-4.281557 3.787864 -4.469793
-2.939579 2.741110 -3.127816
-2.476244 1.938735 -2.664481
-2.507321 1.050828 -2.695559
-2.093657 0.146984 -2.281895
-3.839873 7.219344 -9.625172
-3.083377 5.197114 -7.796542
-2.263836 3.787865 -5.817992
-1.537563 2.741111 -4.064613
-1.286808 1.938735 -3.459236
-1.303626 1.050828 -3.499841
-1.079753 0.146984 -2.959363
0.119331 7.219344 -10.414011
0.116227 5.197114 -8.432983
0.116227 3.787865 -6.291415
0.116226 2.741111 -4.393572
0.116227 1.938736 -3.738317
0.116227 1.050828 -3.782267
0.116226 0.146984 -3.197258
4.075545 7.219344 -9.626443
3.315833 5.197114 -7.796539
2.496291 3.787865 -5.817990
-8.689090 13.457094 -9.120313
4.876599 13.457094 -11.616212
-11.840938 13.457094 -5.024825
11.598960 13.457092 -4.736142
12.556824 13.457092 -2.434691
11.767146 13.457092 -2.277615
11.945129 13.457092 -0.089084
10.651200 13.457094 -7.061526
10.070788 13.457091 -6.624200
10.893843 13.457092 -4.442012
8.967294 13.457094 -8.870750
7.165018 13.457094 -10.577391
6.771979 13.457092 -10.050535
8.413805 13.457092 -8.317321
2.507109 13.457094 -12.513086
2.404650 13.457094 -11.883130
4.672013 13.457092 -11.060913
-0.107044 13.457094 -12.469988
-2.570335 13.457092 -12.433509
-2.426323 13.457094 -11.751788
-0.102537 13.457094 -11.853506
-5.046679 13.457092 -11.412337
-7.178896 13.457092 -10.489280
-6.731578 13.457092 -9.819826
-4.737692 13.457092 -10.674529
-10.213550 13.457092 -7.033760
-9.544096 13.457092 -6.586446
-8.125819 13.457092 -8.464609
-12.144551 13.457092 -2.473204
-11.354874 13.457092 -2.316130
-10.914232 13.457092 -4.641077
-12.658427 13.457092 -0.040567
-12.176466 13.457091 2.494821
-11.386787 13.457092 2.337745
-11.845315 13.457092 -0.040568
-11.253423 13.457092 4.716038
-10.401330 13.457092 6.939696
-10.502206 13.457092 4.404875
-8.745063 13.457094 8.871638
-6.630504 13.457094 10.628485
-6.241290 13.457092 10.025451
-8.182280 13.457092 8.308754
-4.294214 13.457092 11.507809
-2.127053 13.457091 12.398725
-1.955043 13.457091 11.603040
-3.905623 13.457092 10.732619
0.125852 13.457092 12.599438
2.460815 13.457091 12.239648
2.303738 13.457092 11.449970
0.125852 13.457091 11.786327
4.818700 13.457092 11.782475
7.063470 13.457091 10.255280
6.616154 13.457092 9.585828
4.507536 13.457092 11.031259
9.192785 13.457092 8.896304
10.848259 13.457092 6.562888
10.178803 13.457092 6.115570
8.617828 13.457092 8.321350
12.144997 13.457092 4.272846
12.470115 13.457092 2.145228
11.680438 13.457094 1.988151
11.393782 13.457092 3.961683
-9.731873 13.457094 6.492380
-3.885699 0.000000 -0.072010
-3.581070 0.000000 1.459462
-2.713561 0.000000 2.757781
1.647698 0.000002 -3.769307
-10.265012 13.457095 -7.072568
4.118152 0.000000 -0.072010
1.647698 -0.000000 3.625288
0.116227 0.000002 -4.073936
3.813523 0.000001 -1.603481
-3.581070 0.000001 -1.603482
-1.415242 0.000002 -3.769308
12.758239 13.457092 -0.089084
-2.713561 0.000002 -2.901800
7.210146 13.457094 -10.618042
0.116227 -0.000000 3.929917
2.946016 0.000002 -2.901798
8.981056 13.457094 -8.887368
10.688644 13.457095 -7.120583
3.813523 0.000000 1.459461
2.946016 0.000000 2.757778
-1.415242 -0.000000 3.625289
