2.077508 16.654720 0.591520
4.107954 19.952240 1.005516
4.098579 19.952240 -1.037833
3.298193 19.952240 -2.980951
1.571214 16.654718 -1.841155
0.729253 16.654718 -2.675299
-0.378350 16.654718 -3.123960
-1.496751 16.654718 -2.662834
-2.756642 16.654718 -2.136658
-3.720144 16.654718 -1.700908
-3.961471 16.654718 -0.621241
-3.779506 16.654720 0.286254
-3.307933 16.654720 0.942554
-2.622756 16.654720 1.827433
-1.675565 16.654720 2.618045
-0.544615 16.654720 2.760370
0.507890 16.654720 2.405874
1.446161 16.654720 1.634575
4.835473 21.659775 1.180573
4.835473 21.659775 -1.180571
3.931903 21.659775 -3.361984
4.821189 20.817143 1.177732
4.871180 20.954488 -1.187673
3.962174 20.954489 -3.382210
1.872110 19.952240 -4.401171
2.262322 21.659775 -5.031565
2.282549 20.954489 -5.061836
0.003198 19.952240 -5.167707
0.080910 21.659775 -5.935136
0.088012 20.954489 -5.970844
-1.273539 20.527606 -5.220158
-1.743633 19.376875 -4.270120
-1.499508 21.659775 -5.562757
-1.558630 20.954489 -5.707267
-2.319763 20.527606 -3.780565
-2.974936 20.527606 -3.353194
-3.991827 19.952240 -3.385897
-2.303436 21.659775 -4.322153
-2.412997 20.954489 -4.634194
-5.435996 19.952240 -2.744403
-3.261697 21.659775 -3.681565
-4.476229 21.659775 -3.677848
-6.009872 21.659775 -3.029616
-3.449115 20.954489 -3.995601
-4.720190 20.954489 -3.902394
-6.112352 19.952240 -1.036185
-7.076396 21.659773 -1.188952
-6.092407 20.954489 -3.124940
-7.070508 20.954488 -1.187676
-5.910848 19.952240 0.533224
-6.987930 21.659775 0.693888
-7.035019 20.954489 0.891274
-4.786552 19.952240 1.543337
-5.341572 21.659775 1.794149
-5.509178 20.954489 2.245506
-3.483892 20.297458 3.329041
-3.870285 21.659775 3.074799
-4.136328 20.954489 3.524338
-2.035138 19.952240 4.838399
-3.481631 21.659775 4.698979
-2.149636 21.659775 5.892035
-3.674027 20.954489 4.944180
-0.076796 19.952240 5.076957
0.125613 21.659775 6.117076
-2.215065 20.954489 5.877617
0.088010 20.954489 5.970844
1.750794 19.952240 4.298431
2.307027 21.659775 5.130893
2.282548 20.954489 5.061836
3.204403 19.952240 2.826018
3.931902 21.659775 3.361985
3.962173 20.954489 3.382212
4.529023 19.913095 0.017271
6.001377 20.986638 0.017271
5.968570 21.337683 2.173167
4.732288 20.779263 2.173167
4.732288 20.779262 -2.138626
5.968570 21.337683 -2.138626
6.979123 21.176936 0.017271
6.975842 21.577197 2.173167
6.975842 21.577197 -2.138626
8.942952 10.539890 0.017269
9.201270 10.369278 2.173165
9.751596 10.612072 2.173165
10.099385 11.727613 2.173166
9.708946 11.858856 0.017269
10.099385 11.727614 -2.138627
9.751596 10.612073 -2.138627
9.201270 10.369279 -2.138627
7.943752 20.999759 0.017271
8.065146 21.363931 2.173167
8.065146 21.363930 -2.138626
9.000244 20.317310 0.017271
9.288969 20.599454 2.173167
9.288969 20.599454 -2.138626
9.912367 19.057399 0.017271
10.292961 19.241115 2.173167
10.292961 19.241115 -2.138626
10.443895 17.580939 0.017270
10.857298 17.646542 2.173166
10.857300 17.646544 -2.138626
10.522639 15.874809 0.017270
10.936043 15.851834 2.173166
10.936043 15.851834 -2.138626
10.220787 13.807774 0.017270
10.621066 13.742149 2.173166
10.621066 13.742149 -2.138627
5.935763 21.688730 0.017271
5.036768 21.334381 0.017271
6.972560 21.977458 0.017271
8.186539 21.728101 0.017271
9.577693 20.881598 0.017271
10.673555 19.424831 0.017271
11.270703 17.712149 0.017270
11.349446 15.828859 0.017270
11.021346 13.676524 0.017270
10.489822 11.596371 0.017269
10.056729 10.546452 0.017269
9.459587 10.198666 0.017269
9.669571 10.428336 0.017269
8.629048 9.284360 2.173165
9.023296 9.909937 2.173165
8.723853 8.879703 0.017269
9.315222 9.818069 0.017269
8.629048 9.284361 -2.138627
9.023296 9.909938 -2.138627
4.704022 21.170352 0.017271
4.392700 19.703534 1.092500
4.335568 19.562476 -1.081134
3.508104 19.562476 -3.078811
4.157031 18.096225 1.045622
4.157031 18.096223 -1.045621
3.356747 18.096223 -2.977678
4.996157 17.075415 1.212535
4.996157 17.075415 -1.212534
4.068124 17.075415 -3.453005
6.156651 16.537170 1.443371
6.156651 16.537170 -1.443370
5.051943 16.537172 -4.110371
7.299291 15.423563 1.670656
7.299290 15.423563 -1.670656
6.020626 15.423563 -4.757625
8.441931 13.567546 1.897941
8.441931 13.567546 -1.897941
6.989310 13.567546 -5.404879
8.959690 11.414568 2.000929
8.959689 11.414568 -2.000930
7.428244 11.414568 -5.698166
8.799007 9.205909 1.968967
8.799006 9.205910 -1.968969
7.292023 9.205910 -5.607146
8.209838 6.885873 1.851774
8.209837 6.885873 -1.851776
6.792550 6.885872 -5.273410
7.263595 4.695758 1.663554
7.263594 4.695757 -1.663557
5.990363 4.695757 -4.737406
5.906709 2.895412 1.393652
5.906709 2.895412 -1.393656
4.840051 2.895411 -3.968793
4.460562 1.577622 1.105996
4.460561 1.577621 -1.105999
3.614067 1.577622 -3.149616
2.353826 0.649606 0.686940
2.353825 0.649606 -0.686944
1.828062 0.649606 -1.956246
-0.038577 0.092802 0.211061
-0.038578 0.092801 -0.211065
-0.200119 0.092802 -0.601059
1.979148 19.562476 -4.607767
1.878016 18.096225 -4.456410
2.353342 17.075415 -5.167787
3.010709 16.537172 -6.151606
3.657962 15.423563 -7.120289
4.305216 13.567546 -8.088974
4.598502 11.414568 -8.527908
4.507482 9.205910 -8.391688
4.173744 6.885872 -7.892214
3.637740 4.695757 -7.090028
2.869126 2.895411 -5.939717
2.049950 1.577622 -4.713733
0.856580 0.649607 -2.927728
-0.498608 0.092802 -0.899547
-0.018528 19.562476 -5.435232
-0.054041 18.096225 -5.256694
0.112871 17.075415 -6.095821
0.343708 16.537172 -7.256314
0.570993 15.423563 -8.398954
0.798278 13.567546 -9.541595
0.901266 11.414568 -10.059354
0.869304 9.205909 -9.898670
0.752110 6.885873 -9.309501
0.563890 4.695757 -8.363258
0.293989 2.895411 -7.006373
0.006332 1.577622 -5.560226
-0.412724 0.649607 -3.453490
-0.888602 0.092802 -1.061087
-1.813728 19.562476 -5.226400
-2.102908 18.096225 -5.090083
-2.312197 17.075415 -6.095821
-2.543034 16.537170 -7.256314
-2.770319 15.423563 -8.398954
-2.997606 13.567546 -9.541595
-3.100594 11.414568 -10.059353
-3.068632 9.205909 -9.898669
-2.951440 6.885873 -9.309501
-2.763221 4.695757 -8.363258
-2.493319 2.895411 -7.006372
-2.205663 1.577622 -5.560225
-1.786607 0.649607 -3.453489
-1.310729 0.092802 -1.061086
-2.622125 19.797572 -4.615448
-4.034964 18.096225 -4.289799
-3.757086 19.562476 -4.089396
-4.552668 17.075415 -5.167788
-5.210035 16.537172 -6.151607
-5.857289 15.423561 -7.120290
-6.504543 13.567546 -8.088974
-6.797830 11.414568 -8.527908
-6.706810 9.205910 -8.391687
-6.373072 6.885872 -7.892213
-5.837069 4.695757 -7.090027
-5.068456 2.895411 -5.939715
-4.249279 1.577622 -4.713730
-3.055909 0.649607 -2.927726
-1.700722 0.092802 -0.899545
-4.885975 19.797572 -3.939057
-5.556073 18.096223 -2.977679
-5.735967 19.562476 -3.022545
-6.267451 17.075415 -3.453006
-7.251270 16.537172 -4.110372
-8.219952 15.423563 -4.757626
-9.188637 13.567546 -5.404879
-9.627573 11.414568 -5.698165
-9.491351 9.205909 -5.607145
-8.991879 6.885872 -5.273407
-8.189693 4.695757 -4.737404
-7.039380 2.895411 -3.968790
-5.813396 1.577622 -3.149613
-4.027392 0.649606 -1.956243
-1.999210 0.092801 -0.601056
-6.534895 19.562476 -1.081136
-6.356358 18.096225 -1.045622
-7.195485 17.075415 -1.212535
-8.355978 16.537170 -1.443371
-9.498619 15.423563 -1.670656
-10.641260 13.567546 -1.897941
-11.159018 11.414568 -2.000929
-10.998335 9.205909 -1.968966
-10.409166 6.885873 -1.851773
-9.462923 4.695757 -1.663554
-8.106036 2.895411 -1.393652
-6.659889 1.577621 -1.105996
-4.553154 0.649606 -0.686940
-2.160750 0.092802 -0.211062
-6.522842 19.562477 1.028076
-6.356358 18.096225 1.045621
-7.195485 17.075415 1.212533
-8.355978 16.537170 1.443370
-9.498618 15.423561 1.670655
-10.641260 13.567546 1.897941
-11.159018 11.414568 2.000930
-10.998334 9.205910 1.968968
-10.409164 6.885872 1.851776
-9.462921 4.695757 1.663556
-8.106036 2.895412 1.393656
-6.659889 1.577621 1.105999
-4.553153 0.649606 0.686943
-2.160749 0.092802 0.211065
-5.435043 19.562476 2.642961
-5.510363 18.096225 2.874361
-6.267451 17.075415 3.453004
-7.251270 16.537170 4.110371
-8.219954 15.423563 4.757625
-9.188638 13.567546 5.404879
-9.627571 11.414568 5.698166
-9.491350 9.205910 5.607146
-8.991876 6.885873 5.273410
-8.189690 4.695757 4.737406
-7.039378 2.895411 3.968792
-5.813394 1.577622 3.149616
-4.027389 0.649606 1.956246
-1.999208 0.092802 0.601058
-4.112913 19.562476 3.995745
-4.031630 18.096225 4.353094
-4.552668 17.075415 5.167787
-5.210034 16.537170 6.151606
-5.857287 15.423563 7.120290
-6.504541 13.567546 8.088974
-6.797827 11.414568 8.527910
-6.706807 9.205909 8.391688
-6.373069 6.885872 7.892216
-5.837066 4.695757 7.090029
-5.068452 2.895411 5.939717
-4.249276 1.577622 4.713733
-3.055906 0.649606 2.927728
-1.700718 0.092802 0.899546
-3.559510 19.797572 5.005993
-2.145285 18.096225 5.256695
-2.180798 19.562476 5.435231
-2.312197 17.075415 6.095821
-2.543034 16.537170 7.256315
-2.770319 15.423563 8.398956
-2.997603 13.567546 9.541595
-3.100592 11.414568 10.059354
-3.068630 9.205910 9.898670
-2.951437 6.885872 9.309502
-2.763217 4.695757 8.363258
-2.493316 2.895411 7.006374
-2.205659 1.577622 5.560226
-1.786602 0.649606 3.453490
-1.310724 0.092802 1.061086
-0.018529 19.562476 5.435231
-0.054042 18.096225 5.256694
0.112870 17.075415 6.095820
0.343707 16.537172 7.256313
0.570993 15.423563 8.398954
0.798278 13.567546 9.541595
0.901267 11.414568 10.059354
0.869305 9.205910 9.898669
0.752113 6.885873 9.309501
0.563894 4.695757 8.363257
0.293993 2.895411 7.006372
0.006336 1.577622 5.560225
-0.412719 0.649606 3.453489
-0.888598 0.092802 1.061086
1.979148 19.562476 4.607766
1.878015 18.096225 4.456410
2.353342 17.075415 5.167786
3.010709 16.537170 6.151605
3.657963 15.423563 7.120289
4.305218 13.567546 8.088972
4.598505 11.414568 8.527907
4.507485 9.205910 8.391685
4.173748 6.885872 7.892212
3.637744 4.695757 7.090025
2.869131 2.895411 5.939714
2.049954 1.577622 4.713729
0.856583 0.649606 2.927725
-0.498605 0.092802 0.899544
3.508103 19.562476 3.078811
3.356747 18.096225 2.977678
4.068124 17.075417 3.453004
5.051943 16.537170 4.110371
6.020627 15.423563 4.757625
6.989311 13.567546 5.404878
7.428246 11.414568 5.698164
7.292025 9.205909 5.607143
6.792552 6.885873 5.273407
5.990366 4.695757 4.737403
4.840054 2.895411 3.968789
3.614069 1.577622 3.149612
1.828065 0.649606 1.956243
-0.200117 0.092802 0.601055
3.364569 18.264812 -0.894069
1.741600 16.261862 -0.010773
1.476925 16.261862 -1.094900
4.225855 19.952240 -0.008079
4.508420 21.242171 -1.116476
3.773550 19.952240 -2.042529
4.952888 21.659775 0.000001
4.987230 21.474173 -1.210757
4.492165 21.659773 -2.316210
2.670678 18.264813 -2.586393
0.910741 16.261862 -2.034022
3.652390 21.242171 -3.185819
2.666411 19.952240 -3.788648
4.060556 21.474173 -3.447947
3.180138 21.659775 -4.279800
1.472197 18.264813 -3.775592
0.024125 16.261862 -2.551381
2.083863 21.242171 -4.752881
0.967102 19.952240 -4.850273
2.348286 21.474173 -5.160218
1.216549 21.659775 -5.591828
-0.102634 18.264813 -4.415886
-0.963853 16.261862 -2.688102
0.033071 21.242171 -5.600449
-0.812663 20.096082 -5.306621
0.111096 21.474173 -6.086893
-0.904480 21.659775 -5.959457
-1.657743 18.120972 -3.730364
-1.965750 16.261862 -1.955596
-1.434532 19.952240 -4.819437
-2.103412 19.952240 -3.973858
-1.428254 21.386012 -5.369445
-1.529049 21.474173 -5.706547
-1.900412 21.659775 -4.949000
-3.479683 18.264813 -2.983132
-3.059192 16.261862 -1.806162
-3.320633 20.096082 -3.325431
-4.316276 21.242171 -3.549340
-4.769840 19.952240 -3.277813
-2.745043 21.659775 -3.845310
-3.162873 21.386012 -3.517863
-3.335685 21.474173 -3.841683
-3.842420 21.659775 -3.677037
-4.804227 18.264813 -2.387008
-3.545433 16.261862 -1.009447
-5.782270 21.242171 -2.912226
-5.910199 19.952240 -1.944312
-5.189817 21.659775 -3.517530
-6.114638 21.474173 -3.099532
-6.713148 21.659773 -2.243594
-5.214642 18.264812 -0.880287
-3.556234 16.261862 -0.120767
-6.713353 21.242171 -1.126540
-6.095041 19.952240 -0.162761
-7.196956 21.474173 -1.212854
-7.150896 21.659775 -0.123767
-4.982302 18.264813 0.419560
-3.260414 16.261862 0.558913
-6.575830 21.242172 0.625312
-5.495956 19.952240 1.089385
-7.142532 21.474173 0.771645
-6.435490 21.659775 1.315898
-4.229655 18.264813 1.328389
-2.749984 16.261862 1.147702
-5.112550 21.242172 1.670792
-4.032557 20.038545 2.191186
-5.473741 21.474173 1.967641
-4.291422 21.659775 2.317497
-3.218813 18.351117 2.659693
-2.049251 16.261862 2.026739
-3.722795 21.328476 3.067685
-3.431545 21.328476 4.279843
-2.857978 20.038544 4.281231
-3.987688 21.474173 3.257859
-3.719806 21.659775 3.917984
-1.909433 18.264813 3.827645
-1.111964 16.261862 2.392768
-2.099575 21.242172 5.557473
-1.084902 19.952240 5.077868
-3.007621 21.659775 5.372193
-2.187431 21.474173 5.959584
-1.055838 21.659775 6.169874
-0.288897 18.264813 4.029610
-0.135640 16.261862 2.313675
0.068954 21.242172 5.805187
0.898623 19.952240 4.821776
0.122270 21.474173 6.132378
1.283606 21.659775 5.761473
1.220505 18.264813 3.480482
0.720973 16.261862 1.792404
2.109415 21.242172 4.851356
2.509470 19.952240 3.601614
2.359461 21.474173 5.185050
3.191313 21.659775 4.304631
2.522178 18.264813 2.341080
1.458162 16.261862 1.000163
3.628942 21.242172 3.147087
3.761821 19.952240 1.963399
4.060555 21.474173 3.447948
4.492165 21.659775 2.316212
3.379413 18.264813 0.842899
4.510763 21.242172 1.108398
4.974732 21.439838 1.208274
-3.580381 21.474173 4.836930
-2.370208 21.474173 -4.481539
-2.268136 21.386012 -4.105381
-4.576072 21.474173 -3.789505
-2.603419 20.239923 -3.413399
4.604039 20.203787 1.634193
5.354404 20.626384 0.017271
4.023331 19.319888 1.095219
4.023331 19.319888 -1.060677
4.604039 20.203787 -1.599652
5.993176 21.074399 1.634193
6.524699 21.126080 0.017271
5.993176 21.074399 -1.599651
9.007531 10.497237 1.634191
8.439441 10.093674 0.017269
9.386206 11.092740 0.017269
9.007531 10.497238 -1.599653
6.978302 21.277002 1.634193
7.430267 21.135924 0.017271
6.978302 21.277002 -1.599651
7.974100 21.090802 1.634193
8.480203 20.737277 0.017271
7.974100 21.090802 -1.599651
9.072425 20.387845 1.634193
9.484193 19.752975 0.017271
9.072425 20.387845 -1.599652
10.007515 19.103328 1.634193
10.245393 18.307684 0.017270
10.007515 19.103328 -1.599652
10.547246 17.597339 1.634192
10.529202 16.796774 0.017270
10.547246 17.597340 -1.599652
10.625990 15.869066 1.634192
10.420927 14.862617 0.017270
10.625990 15.869066 -1.599652
10.320857 13.791368 1.634192
9.968149 12.782461 0.017269
10.320857 13.791368 -1.599653
9.806557 11.826045 1.634192
9.806557 11.826046 -1.599653
4.072148 20.212321 2.173167
4.570863 21.170352 2.173167
5.377333 21.088165 2.173167
4.960648 21.195601 1.634193
6.502554 21.507475 2.173167
5.943965 21.600967 1.634193
7.469637 21.533723 2.173167
6.973380 21.877393 1.634193
8.694284 21.056334 2.173167
8.156190 21.637057 1.634193
9.828696 19.994107 2.173167
9.505512 20.811063 1.634193
10.647313 18.429065 2.173167
10.578406 19.378902 1.634193
10.945886 16.813988 2.173166
11.167352 17.695747 1.634192
10.827769 14.810936 2.173166
11.246095 15.834602 1.634192
10.362686 12.697150 2.173166
10.921275 13.692931 1.634192
9.879556 10.982825 2.173165
10.392213 11.629181 1.634192
9.461447 10.584184 2.173165
9.690077 10.474270 1.634191
9.980446 10.562857 1.634191
8.364705 9.122497 2.173165
8.812379 9.724014 2.173165
8.700151 8.980867 1.634191
9.034179 10.100236 2.173165
9.395007 10.241319 1.634191
9.242241 9.841036 1.634191
9.088635 9.478486 0.017269
8.289970 8.151321 0.017269
8.700151 8.980867 -1.599653
4.704022 21.170352 2.173167
4.699376 21.104755 0.017271
4.789532 21.244159 0.017271
4.704022 21.170352 -2.138625
5.425567 21.472183 0.017271
4.960648 21.195601 -1.599651
6.480410 21.888870 0.017271
5.943965 21.600967 -1.599651
9.430058 10.018211 0.017269
9.242241 9.841037 -1.599653
9.505521 10.341389 0.017269
9.395007 10.241319 -1.599653
9.877914 10.487395 0.017269
9.690077 10.474271 -1.599653
7.509006 21.931523 0.017271
6.973380 21.877393 -1.599651
8.908366 21.375391 0.017271
8.156190 21.637057 -1.599651
10.173198 20.235239 0.017271
9.505512 20.811063 -1.599651
11.049234 18.550444 0.017270
10.578406 19.378902 -1.599652
11.362571 16.831203 0.017270
11.167352 17.695749 -1.599652
11.234610 14.759254 0.017270
11.246095 15.834604 -1.599652
10.757225 12.611839 0.017269
10.921275 13.692931 -1.599653
10.247028 10.838461 0.017269
10.392212 11.629182 -1.599653
9.980446 10.562858 -1.599653
4.976804 20.920151 -0.002485
4.612301 20.263123 -1.136179
4.525807 20.954488 -2.330145
4.457376 19.597742 0.002842
4.148104 18.843271 -1.043845
4.021177 19.562476 -2.121120
4.261024 18.096225 0.000001
4.420374 17.460538 -1.098003
3.852967 18.096223 -2.051446
5.116751 17.075415 0.000001
5.652282 16.810933 -1.343045
4.643555 17.075415 -2.378918
6.300203 16.537170 0.000000
6.656556 16.119568 -1.542808
5.736922 16.537170 -2.831806
7.465448 15.423563 0.000000
7.942026 14.541954 -1.798504
6.813467 15.423563 -3.277726
8.630693 13.567546 -0.000000
8.785616 12.518897 -1.966305
7.890014 13.567546 -3.723647
9.158694 11.414568 -0.000000
8.964153 10.296319 -2.001818
8.377823 11.414568 -3.925705
8.994832 9.205910 -0.000001
8.526738 8.087656 -1.914811
8.226434 9.205909 -3.862997
8.394008 6.885873 -0.000001
7.803668 5.716570 -1.770984
7.671346 6.885873 -3.633072
7.429045 4.695757 -0.000001
6.620859 3.772386 -1.535709
6.779836 4.695757 -3.263797
6.045317 2.895412 -0.000002
5.170243 2.139075 -1.247164
5.501437 2.895411 -2.734267
4.570560 1.577622 -0.000002
3.585733 1.113611 -0.931985
4.138939 1.577621 -2.169903
2.422146 0.649606 -0.000002
1.050502 0.278403 -0.427697
2.154064 0.649606 -1.347740
-0.017586 0.092802 -0.000002
-1.020534 0.000001 -0.015742
-0.099955 0.092802 -0.414095
3.742706 20.263123 -3.235567
3.205886 20.954489 -4.305548
3.349179 18.843271 -2.972621
2.819658 19.562476 -3.919321
3.579998 17.460538 -3.126849
2.690916 18.096225 -3.790578
4.624360 16.810934 -3.824670
3.296006 17.075415 -4.395668
5.475742 16.119568 -4.393545
4.132832 16.537170 -5.232495
6.565511 14.541954 -5.121706
4.956785 15.423563 -6.056448
7.280672 12.518897 -5.599561
5.780738 13.567546 -6.880402
7.432028 10.296319 -5.700695
6.154091 11.414568 -7.253754
7.061205 8.087656 -5.452919
6.038223 9.205910 -7.137887
6.448216 5.716570 -5.043334
5.613375 6.885872 -6.713040
5.445479 3.772387 -4.373326
4.931043 4.695757 -6.030709
4.215706 2.139075 -3.551619
3.952599 2.895411 -5.052266
2.872423 1.113612 -2.654066
2.909789 1.577622 -4.009455
0.723157 0.278403 -1.217972
1.390631 0.649607 -2.490297
-1.032582 0.000001 -0.044825
-0.334520 0.092802 -0.765146
2.135905 20.263123 -4.842369
1.230484 20.954489 -5.625470
1.872959 18.843271 -4.448842
1.021458 19.562476 -5.120840
2.027187 17.460539 -4.679661
0.951784 18.096225 -4.952630
2.725007 16.810933 -5.724023
1.279256 17.075415 -5.743218
3.293882 16.119568 -6.575404
1.732143 16.537172 -6.836584
4.022042 14.541954 -7.665174
2.178063 15.423561 -7.913131
4.499897 12.518897 -8.380335
2.623983 13.567546 -8.989677
4.601030 10.296319 -8.531692
2.826040 11.414568 -9.477487
4.353254 8.087656 -8.160870
2.763332 9.205910 -9.326098
3.943668 5.716570 -7.547881
2.533406 6.885873 -8.771008
3.273660 3.772387 -6.545144
2.164131 4.695757 -7.879500
2.451952 2.139075 -5.315371
1.634600 2.895411 -6.601102
1.554399 1.113612 -3.972089
1.070235 1.577622 -5.238604
0.118306 0.278403 -1.822823
0.248073 0.649607 -3.253729
-1.054842 0.000001 -0.067084
-0.685572 0.092802 -0.999710
0.036518 20.263123 -5.711964
-0.917485 20.954489 -6.023071
-0.055817 18.843271 -5.247768
-1.007895 19.562476 -5.490549
-0.001659 17.460539 -5.520037
-1.089069 18.096225 -5.319035
0.243383 16.810934 -6.751945
-1.099663 17.075415 -6.216415
0.443145 16.119568 -7.756219
-1.099663 16.537170 -7.399866
0.698840 14.541954 -9.041689
-1.099663 15.423563 -8.565112
0.866640 12.518897 -9.885280
-1.099664 13.567546 -9.730357
0.902153 10.296319 -10.063817
-1.099664 11.414568 -10.258358
0.815145 8.087656 -9.626402
-1.099664 9.205909 -10.094496
0.671318 5.716570 -8.903332
-1.099665 6.885873 -9.493671
0.436042 3.772388 -7.720523
-1.099665 4.695757 -8.528709
0.147497 2.139075 -6.269907
-1.099665 2.895412 -7.144980
-0.167682 1.113612 -4.685397
-1.099665 1.577622 -5.670224
-0.671971 0.278403 -2.150166
-1.099665 0.649607 -3.521811
-1.083926 0.000001 -0.079130
-1.099665 0.092802 -1.082078
-1.637205 20.263123 -5.551642
-2.001706 20.954489 -5.189088
-1.998771 18.843271 -4.987294
-2.372860 19.621249 -4.861720
-2.187072 17.460539 -5.478385
-3.087545 18.096225 -4.702712
-2.442709 16.810934 -6.751945
-3.478582 17.075415 -5.743219
-2.642471 16.119568 -7.756219
-3.931469 16.537172 -6.836585
-2.898167 14.541954 -9.041689
-4.377389 15.423561 -7.913131
-3.065969 12.518897 -9.885280
-4.823310 13.567546 -8.989678
-3.101481 10.296319 -10.063816
-5.025368 11.414568 -9.477487
-3.014476 8.087656 -9.626402
-4.962661 9.205910 -9.326098
-2.870648 5.716570 -8.903332
-4.732736 6.885873 -8.771008
-2.635373 3.772388 -7.720523
-4.363460 4.695757 -7.879500
-2.346827 2.139075 -6.269907
-3.833931 2.895411 -6.601100
-2.031649 1.113612 -4.685397
-3.269566 1.577622 -5.238603
-1.527360 0.278403 -2.150165
-2.447404 0.649607 -3.253728
-1.115405 0.000001 -0.079130
-1.513759 0.092802 -0.999709
-2.869726 20.954489 -4.187920
-3.592683 20.263123 -4.094459
-4.087243 20.954489 -3.939629
-3.042196 19.621249 -4.306382
-3.913966 18.843271 -4.110985
-4.470459 19.621249 -3.966338
-4.215918 17.460539 -4.638010
-4.879647 18.096225 -3.748927
-4.924333 16.810933 -5.724024
-5.495332 17.075415 -4.395670
-5.493208 16.119568 -6.575405
-6.332158 16.537170 -5.232496
-6.221369 14.541954 -7.665174
-7.156111 15.423563 -6.056449
-6.699225 12.518897 -8.380336
-7.980064 13.567546 -6.880402
-6.800359 10.296319 -8.531692
-8.353418 11.414568 -7.253754
-6.552583 8.087656 -8.160869
-8.237550 9.205910 -7.137886
-6.142997 5.716570 -7.547880
-7.812704 6.885872 -6.713039
-5.472990 3.772387 -6.545142
-7.130373 4.695757 -6.030707
-4.651281 2.139075 -5.315369
-6.151928 2.895411 -5.052263
-3.753729 1.113612 -3.972087
-5.109118 1.577622 -4.009452
-2.317636 0.278403 -1.822821
-3.589961 0.649607 -2.490294
-1.144488 0.000001 -0.067082
-1.864809 0.092801 -0.765143
-5.378424 20.954489 -3.694098
-5.960431 20.263123 -3.100917
-6.707861 20.954488 -2.265829
-5.231530 19.621249 -3.681811
-5.555639 18.843271 -2.958556
-6.227638 19.562476 -2.107055
-5.779325 17.460538 -3.126851
-6.052293 18.096223 -2.051447
-6.823686 16.810934 -3.824670
-6.842882 17.075415 -2.378919
-7.675069 16.119568 -4.393546
-7.936249 16.537170 -2.831807
-8.764838 14.541954 -5.121706
-9.012796 15.423563 -3.277726
-9.479999 12.518897 -5.599561
-10.089342 13.567546 -3.723646
-9.631357 10.296319 -5.700694
-10.577151 11.414568 -3.925702
-9.260535 8.087656 -5.452917
-10.425763 9.205909 -3.862995
-8.647546 5.716570 -5.043332
-9.870674 6.885873 -3.633069
-7.644807 3.772387 -4.373323
-8.979164 4.695757 -3.263794
-6.415034 2.139075 -3.551616
-7.700766 2.895411 -2.734264
-5.071753 1.113612 -2.654062
-6.338269 1.577621 -2.169899
-2.922486 0.278403 -1.217969
-4.353393 0.649606 -1.347736
-1.166747 0.000001 -0.044822
-2.099374 0.092802 -0.414092
-6.811629 20.263123 -1.136181
-7.179756 20.954488 -0.074101
-6.347432 18.843271 -1.043847
-6.639407 19.562477 -0.013265
-6.619701 17.460539 -1.098004
-6.460352 18.096225 -0.000001
-7.851608 16.810933 -1.343046
-7.316078 17.075415 -0.000001
-8.855884 16.119568 -1.542808
-8.499530 16.537170 -0.000000
-10.141354 14.541954 -1.798504
-9.664777 15.423563 -0.000000
-10.984944 12.518897 -1.966304
-10.830022 13.567546 0.000000
-11.163481 10.296319 -2.001816
-11.358023 11.414568 0.000001
-10.726067 8.087656 -1.914809
-11.194160 9.205910 0.000001
-10.002997 5.716570 -1.770981
-10.593335 6.885873 0.000001
-8.820187 3.772386 -1.535706
-9.628372 4.695757 0.000002
-7.369571 2.139075 -1.247160
-8.244644 2.895412 0.000002
-5.785061 1.113611 -0.931981
-6.769887 1.577621 0.000002
-3.249829 0.278403 -0.427693
-4.621474 0.649606 0.000002
-1.178794 0.000001 -0.015738
-2.181741 0.092802 0.000002
-6.787689 20.263123 0.995757
-6.517694 20.954489 1.675470
-6.344418 18.843271 1.030580
-6.137340 19.562477 1.945835
-6.619701 17.460539 1.098003
-6.040866 18.096225 2.025616
-7.851608 16.810933 1.343045
-6.842882 17.075415 2.378918
-8.855884 16.119568 1.542807
-7.936250 16.537170 2.831805
-10.141354 14.541954 1.798503
-9.012796 15.423563 3.277726
-10.984944 12.518897 1.966304
-10.089343 13.567546 3.723646
-11.163480 10.296319 2.001818
-10.577151 11.414568 3.925703
-10.726065 8.087656 1.914811
-10.425761 9.205910 3.862997
-10.002997 5.716570 1.770984
-9.870673 6.885872 3.633072
-8.820186 3.772387 1.535709
-8.979163 4.695757 3.263796
-7.369571 2.139075 1.247163
-7.700764 2.895411 2.734266
-5.785060 1.113612 0.931985
-6.338266 1.577622 2.169902
-3.249829 0.278403 0.427696
-4.353391 0.649606 1.347740
-1.178793 0.000001 0.015741
-2.099372 0.092802 0.414095
-5.484180 20.263123 2.509895
-4.538910 20.954489 2.796692
-5.423271 18.843271 2.734513
-4.674163 19.562476 3.274561
-5.767898 17.460539 3.101020
-4.821675 18.096225 3.635605
-6.823688 16.810933 3.824669
-5.495332 17.075415 4.395668
-7.675069 16.119568 4.393545
-6.332158 16.537170 5.232495
-8.764838 14.541954 5.121706
-7.156111 15.423563 6.056448
-9.479999 12.518897 5.599561
-7.980064 13.567546 6.880402
-9.631355 10.296319 5.700694
-8.353416 11.414568 7.253755
-9.260532 8.087656 5.452919
-8.237549 9.205910 7.137887
-8.647543 5.716570 5.043333
-7.812701 6.885872 6.713041
-7.644806 3.772387 4.373326
-7.130370 4.695757 6.030709
-6.415033 2.139075 3.551618
-6.151925 2.895411 5.052265
-5.071749 1.113612 2.654066
-5.109115 1.577622 4.009455
-2.922485 0.278403 1.217972
-3.589957 0.649606 2.490297
-1.166745 0.000001 0.044825
-1.864807 0.092802 0.765146
-4.212603 20.263123 3.796284
-3.961383 20.954489 4.287236
-3.998755 18.843271 4.166692
-3.743844 19.621249 4.631295
-4.215086 17.460539 4.653832
-3.139682 18.096225 4.926801
-4.924333 16.810934 5.724023
-3.478582 17.075415 5.743219
-5.493207 16.119568 6.575405
-3.931469 16.537170 6.836586
-6.221367 14.541954 7.665176
-4.377388 15.423563 7.913132
-6.699222 12.518897 8.380336
-4.823308 13.567546 8.989678
-6.800356 10.296319 8.531694
-5.025364 11.414568 9.477489
-6.552580 8.087656 8.160870
-4.962658 9.205910 9.326099
-6.142994 5.716570 7.547883
-4.732732 6.885872 8.771011
-5.472985 3.772387 6.545145
-4.363456 4.695757 7.879501
-4.651278 2.139075 5.315372
-3.833926 2.895411 6.601102
-3.753725 1.113612 3.972088
-3.269561 1.577622 5.238605
-2.317633 0.278403 1.822823
-2.447399 0.649606 3.253728
-1.144485 0.000001 0.067084
-1.513755 0.092802 0.999710
-3.137506 20.954489 5.479522
-2.217776 20.263123 5.688658
-1.081596 20.954489 6.065658
-3.066043 19.621249 5.220396
-2.143509 18.843271 5.247768
-1.099664 19.562476 5.542757
-2.197667 17.460539 5.520037
-1.099664 18.096225 5.360688
-2.442709 16.810933 6.751946
-1.099664 17.075415 6.216414
-2.642471 16.119568 7.756220
-1.099664 16.537172 7.399866
-2.898166 14.541954 9.041691
-1.099663 15.423563 8.565112
-3.065966 12.518897 9.885281
-1.099664 13.567546 9.730357
-3.101480 10.296319 10.063818
-1.099663 11.414568 10.258359
-3.014472 8.087656 9.626402
-1.099662 9.205909 10.094495
-2.870645 5.716570 8.903334
-1.099662 6.885873 9.493673
-2.635369 3.772386 7.720523
-1.099662 4.695757 8.528708
-2.346823 2.139075 6.269907
-1.099662 2.895410 7.144980
-2.031645 1.113612 4.685397
-1.099662 1.577622 5.670224
-1.527356 0.278403 2.150166
-1.099661 0.649606 3.521810
-1.115402 0.000001 0.079130
-1.099662 0.092802 1.082078
0.036516 20.263123 5.711964
1.230482 20.954489 5.625470
-0.055819 18.843271 5.247767
1.021457 19.562476 5.120839
-0.001661 17.460539 5.520037
0.951783 18.096225 4.952629
0.243382 16.810933 6.751945
1.279256 17.075415 5.743217
0.443145 16.119568 7.756219
1.732143 16.537170 6.836584
0.698841 14.541954 9.041690
2.178064 15.423563 7.913131
0.866642 12.518897 9.885280
2.623984 13.567546 8.989677
0.902155 10.296319 10.063817
2.826042 11.414568 9.477487
0.815149 8.087656 9.626402
2.763335 9.205909 9.326096
0.671321 5.716570 8.903332
2.533410 6.885872 8.771008
0.436046 3.772386 7.720522
2.164135 4.695757 7.879498
0.147501 2.139075 6.269906
1.634605 2.895411 6.601100
-0.167678 1.113612 4.685396
1.070240 1.577622 5.238602
-0.671967 0.278403 2.150165
0.248077 0.649606 3.253727
-1.083922 0.000001 0.079129
-0.685569 0.092802 0.999708
2.135904 20.263123 4.842369
3.205885 20.954489 4.305548
1.872958 18.843271 4.448842
2.819658 19.562476 3.919320
2.027187 17.460539 4.679661
2.690916 18.096225 3.790578
2.725007 16.810934 5.724022
3.296006 17.075415 4.395668
3.293883 16.119568 6.575404
4.132833 16.537170 5.232494
4.022044 14.541954 7.665173
4.956786 15.423563 6.056447
4.499900 12.518897 8.380333
5.780740 13.567546 6.880399
4.601033 10.296319 8.531691
6.154093 11.414568 7.253753
4.353257 8.087656 8.160867
6.038225 9.205910 7.137884
3.943672 5.716570 7.547879
5.613379 6.885872 6.713037
3.273664 3.772387 6.545142
4.931047 4.695757 6.030705
2.451956 2.139075 5.315368
3.952603 2.895411 5.052261
1.554403 1.113612 3.972085
2.909792 1.577622 4.009451
0.118309 0.278403 1.822820
1.390634 0.649606 2.490294
-1.054839 0.000001 0.067082
-0.334518 0.092802 0.765143
3.742706 20.263123 3.235568
4.513309 20.920154 2.327661
3.349179 18.843271 2.972622
4.035459 19.597742 2.123963
3.579998 17.460539 3.126850
3.852966 18.096225 2.051447
4.624360 16.810933 3.824669
4.643555 17.075415 2.378919
5.475742 16.119568 4.393545
5.736922 16.537172 2.831806
6.565512 14.541954 5.121705
6.813468 15.423563 3.277726
7.280673 12.518897 5.599559
7.890015 13.567546 3.723646
7.432030 10.296319 5.700692
8.377824 11.414568 3.925703
7.061208 8.087656 5.452916
8.226435 9.205910 3.862995
6.448219 5.716570 5.043330
7.671346 6.885873 3.633070
5.445481 3.772387 4.373323
6.779837 4.695757 3.263794
4.215709 2.139075 3.551614
5.501438 2.895411 2.734263
2.872425 1.113612 2.654062
4.138941 1.577623 2.169898
0.723160 0.278403 1.217969
2.154066 0.649606 1.347736
-1.032579 0.000001 0.044822
-0.099953 0.092802 0.414091
4.557498 20.264050 1.421025
4.670675 20.264050 0.852048
4.162387 18.878535 1.046688
4.420374 17.460539 1.098004
5.652282 16.810933 1.343046
6.656556 16.119568 1.542808
7.942027 14.541954 1.798504
8.785616 12.518897 1.966304
8.964154 10.296319 2.001817
8.526738 8.087656 1.914809
7.803670 5.716570 1.770982
6.620860 3.772388 1.535706
5.170244 2.139075 1.247160
3.585734 1.113612 0.931981
1.050502 0.278403 0.427692
-1.020533 0.000001 0.015738
-4.844764 20.321896 -3.968313
-2.480678 20.321896 -4.704152
-3.690945 20.321896 5.005582
4.570863 21.170352 -2.138626
4.072148 20.212321 -2.138626
5.377333 21.088165 -2.138626
6.502554 21.507475 -2.138626
7.469637 21.533723 -2.138626
8.694284 21.056334 -2.138626
9.828696 19.994107 -2.138626
10.647313 18.429065 -2.138626
10.945887 16.813989 -2.138626
10.827769 14.810936 -2.138626
10.362686 12.697150 -2.138627
9.879556 10.982826 -2.138627
9.461447 10.584184 -2.138627
8.812379 9.724015 -2.138627
8.364705 9.122498 -2.138627
9.034179 10.100237 -2.138627
3.386930 18.166599 -0.012792
2.974654 18.166599 -1.724522
-1.082594 14.002939 -0.022755
4.625475 21.242172 -0.002019
4.177943 21.242171 -2.192050
5.104523 21.465588 -0.000620
4.635144 21.474173 -2.375434
2.073624 18.166599 -3.207410
2.948712 21.242172 -4.054018
3.289569 21.474173 -4.389230
0.662375 18.166599 -4.039341
1.098447 21.242172 -5.271871
1.275772 21.474173 -5.734807
-0.952123 18.395166 -4.522119
-0.884938 21.278131 -5.659384
-0.904319 21.474173 -6.112224
-2.511609 18.503345 -3.120829
-1.832088 21.215073 -4.717252
-1.954032 21.474173 -5.089704
-4.199276 18.166599 -2.837308
-3.692965 21.278131 -3.521198
-5.017736 21.242172 -3.410334
-2.668387 21.314091 -3.648632
-2.817463 21.474173 -4.019662
-3.922634 21.474173 -3.810623
-5.016864 18.166597 -1.602753
-6.413075 21.242172 -2.126975
-5.304055 21.474173 -3.608938
-6.811159 21.474173 -2.290950
-5.072868 18.166599 -0.170712
-6.746477 21.242172 -0.134563
-7.298567 21.474173 -0.110303
-4.594168 18.166599 0.894187
-6.073744 21.242172 1.208593
-6.582906 21.474173 1.456468
-3.662576 18.188174 1.809300
-4.169738 21.263748 2.220844
-4.410261 21.474173 2.502371
-2.595040 18.188174 3.325890
-3.628976 21.516656 3.773248
-2.930751 21.263748 5.024282
-3.834801 21.474173 4.085561
-1.110044 18.166599 3.924276
-1.059260 21.242172 5.833185
-3.079552 21.474173 5.474195
-1.066123 21.474173 6.207508
0.469776 18.166599 3.774647
1.165150 21.242172 5.476803
1.292535 21.474173 5.777218
1.818829 18.166599 2.888381
2.923447 21.242172 4.038300
3.292362 21.474173 4.395439
2.955303 18.166599 1.601923
4.175011 21.242172 2.172269
4.632019 21.465588 2.374814
5.366186 20.760367 1.634193
0.450813 0.278403 1.550473
4.268201 20.263354 2.300329
3.848126 18.852087 2.048673
5.366186 20.760367 -1.599651
6.519163 21.221429 1.634193
6.519163 21.221429 -1.599651
4.101077 17.460538 2.154217
9.477026 10.987419 1.828222
9.477026 10.987420 -1.793684
5.261728 16.810933 2.634974
7.440109 21.235374 1.634193
7.440109 21.235374 -1.599651
8.533723 20.817043 1.634193
8.533723 20.817041 -1.599651
9.570319 19.813260 1.634193
9.570319 19.813258 -1.599651
10.345872 18.338029 1.634193
10.345872 18.338029 -1.599652
10.633373 16.801077 1.634192
10.633373 16.801079 -1.599652
10.522638 14.849698 1.634192
10.522638 14.849698 -1.599652
10.066783 12.761133 1.634192
10.066783 12.761134 -1.599653
6.207911 16.119568 3.026896
5.413509 21.376178 1.634193
7.419025 14.541954 3.528556
6.485946 21.793521 1.634193
7.499164 21.832074 1.634193
8.854845 21.295627 1.634193
10.087072 20.174956 1.634193
10.948753 18.520099 1.634193
11.258400 16.826898 1.634192
11.132899 14.772174 1.634192
10.658589 12.633167 1.634192
10.155159 10.874552 1.634191
9.494502 10.402088 1.634191
9.857317 10.501247 1.214989
8.213819 12.518897 3.857770
9.019572 9.539867 1.634191
9.331088 10.038717 1.634191
8.382030 10.296319 3.927444
9.019572 9.539868 -1.599653
7.969916 8.087656 3.756741
7.288672 5.716570 3.474560
6.174280 3.772386 3.012964
5.413509 21.376178 -1.599651
6.485946 21.793521 -1.599651
9.331088 10.038718 -1.599653
9.494502 10.402089 -1.599653
9.857317 10.501247 -1.180451
7.499164 21.832074 -1.599651
8.854846 21.295628 -1.599651
10.087073 20.174956 -1.599651
10.948753 18.520099 -1.599652
11.258400 16.826898 -1.599652
11.132899 14.772174 -1.599652
10.658589 12.633167 -1.599652
10.155159 10.874553 -1.599653
4.739894 20.263354 -0.071032
4.281902 20.263121 -2.229116
4.255492 18.852087 0.000711
3.844556 18.843269 -2.047962
4.529577 17.460539 0.000001
4.101077 17.460538 -2.154217
5.785857 16.810933 0.000000
5.261728 16.810933 -2.634974
6.809998 16.119568 0.000000
6.207911 16.119568 -3.026896
8.120898 14.541954 0.000000
7.419025 14.541954 -3.528556
8.981177 12.518897 -0.000000
8.213818 12.518897 -3.857771
9.163246 10.296319 -0.000001
8.382028 10.296319 -3.927447
8.717178 8.087656 -0.000001
7.969914 8.087656 -3.756744
7.979804 5.716570 -0.000001
7.288670 5.716570 -3.474564
6.773595 3.772386 -0.000002
6.174278 3.772386 -3.012967
5.294281 2.139075 -0.000002
4.807571 2.139075 -2.446859
3.678425 1.113612 -0.000002
3.314714 1.113611 -1.828497
1.093039 0.278403 -0.000002
0.926128 0.278403 -0.839113
4.807572 2.139074 2.446855
3.314716 1.113612 1.828493
3.019209 20.263123 -4.118871
2.684479 18.843271 -3.784141
2.880811 17.460539 -3.980474
3.769135 16.810934 -4.868798
4.493312 16.119568 -5.592974
5.420259 14.541954 -6.519921
6.028567 12.518897 -7.128231
6.157309 10.296319 -7.256973
5.841891 8.087656 -6.941555
5.320489 5.716570 -6.420153
4.467570 3.772386 -5.567236
3.421537 2.139075 -4.521203
2.278953 1.113612 -3.378620
0.450809 0.278403 -1.550476
0.926130 0.278403 0.839109
1.129454 20.263123 -5.381565
0.948299 18.843271 -4.944219
1.054554 17.460539 -5.200740
1.535312 16.810934 -6.361390
1.927233 16.119568 -7.307573
2.428893 14.541954 -8.518688
2.758107 12.518897 -9.313483
2.827782 10.296319 -9.481692
2.657078 8.087656 -9.069579
2.374897 5.716570 -8.388334
1.913301 3.772387 -7.273943
1.347191 2.139075 -5.907236
0.728830 1.113612 -4.414380
-0.260555 0.278403 -2.025794
4.614086 20.264050 1.136536
-0.950003 20.263123 -5.784883
-1.063478 18.843271 -5.286467
-1.097014 17.460538 -5.618827
-1.099663 16.810934 -6.885520
-1.099663 16.119568 -7.909660
-1.099663 14.541954 -9.220562
-1.099664 12.518897 -10.080841
-1.099664 10.296319 -10.262910
-1.099665 8.087656 -9.816841
-1.099665 5.716570 -9.079468
-1.099665 3.772387 -7.873259
-1.099665 2.139075 -6.393945
-1.099666 1.113612 -4.778088
-1.099666 0.278403 -2.192702
-2.116845 20.277815 -5.146608
-2.924735 18.942319 -4.454360
-3.237989 17.460539 -5.138261
-3.734637 16.810934 -6.361391
-4.126560 16.119568 -7.307574
-4.628220 14.541954 -8.518689
-4.957435 12.518897 -9.313483
-5.027110 10.296319 -9.481692
-4.856407 8.087656 -9.069579
-4.574228 5.716570 -8.388332
-4.112631 3.772387 -7.273942
-3.546521 2.139075 -5.907234
-2.928161 1.113612 -4.414377
-1.938777 0.278403 -2.025792
-2.933935 20.277815 -4.300141
-4.286450 20.277815 -4.009665
-4.843409 18.942319 -3.736068
-5.077488 17.460539 -3.970062
-5.968461 16.810934 -4.868798
-6.692639 16.119568 -5.592976
-7.619585 14.541954 -6.519921
-8.227895 12.518897 -7.128231
-8.356638 10.296319 -7.256973
-8.041219 8.087656 -6.941554
-7.519817 5.716570 -6.420152
-6.666898 3.772386 -5.567233
-5.620867 2.139075 -4.521200
-4.478283 1.113612 -3.378618
-2.650138 0.278403 -1.550473
-5.368916 20.277815 -3.732044
-6.485829 20.263121 -2.195456
-6.045665 18.843269 -2.044447
-6.300404 17.460538 -2.154217
-7.461055 16.810933 -2.634975
-8.407239 16.119568 -3.026896
-9.618353 14.541954 -3.528556
-10.413148 12.518897 -3.857770
-10.581358 10.296319 -3.927444
-10.169243 8.087656 -3.756741
-9.487999 5.716570 -3.474560
-8.373608 3.772386 -3.012964
-7.006898 2.139075 -2.446855
-5.514043 1.113611 -1.828493
-3.125457 0.278403 -0.839109
-6.918643 20.263123 -0.035107
-6.450494 18.843271 -0.003317
-6.728903 17.460538 -0.000001
-7.985184 16.810933 -0.000001
-9.009325 16.119568 -0.000000
-10.320227 14.541954 0.000000
-11.180507 12.518897 0.000000
-11.362572 10.296319 0.000001
-10.916504 8.087656 0.000001
-10.179131 5.716570 0.000001
-8.972923 3.772387 0.000002
-7.493610 2.139075 0.000002
-5.877752 1.113612 0.000002
-3.292366 0.278403 0.000002
-6.336842 20.263123 1.872171
-6.008807 18.843271 1.971854
-6.297547 17.460538 2.147759
-7.461055 16.810933 2.634973
-8.407239 16.119568 3.026895
-9.618353 14.541954 3.528555
-10.413147 12.518897 3.857770
-10.581354 10.296318 3.927446
-10.169243 8.087656 3.756742
-9.487997 5.716570 3.474562
-8.373605 3.772386 3.012967
-7.006897 2.139074 2.446858
-5.514041 1.113612 1.828497
-3.125456 0.278403 0.839112
-4.639500 20.263123 3.090682
-4.711891 18.843271 3.429234
-5.062997 17.460538 3.941730
-5.968462 16.810933 4.868797
-6.692639 16.119568 5.592975
-7.619585 14.541954 6.519923
-8.227895 12.518897 7.128232
-8.356635 10.296319 7.256974
-8.041217 8.087656 6.941557
-7.519814 5.716570 6.420155
-6.666896 3.772386 5.567236
-5.620864 2.139074 4.521203
-4.478279 1.113611 3.378620
-2.650135 0.278403 1.550476
-3.973187 20.277817 4.482613
-3.192803 18.942319 4.887331
-3.251023 17.460538 5.194283
-3.734637 16.810933 6.361391
-4.126558 16.119568 7.307574
-4.628218 14.541954 8.518689
-4.957432 12.518897 9.313483
-5.027107 10.296319 9.481693
-4.856403 8.087655 9.069579
-4.574222 5.716570 8.388335
-4.112626 3.772385 7.273943
-3.546517 2.139074 5.907235
-2.928157 1.113611 4.414379
-1.938772 0.278403 2.025793
-3.145123 20.277817 5.393235
-1.095147 20.263123 5.819138
-1.099664 18.843271 5.351585
-1.099664 17.460539 5.629240
-1.099664 16.810933 6.885520
-1.099664 16.119568 7.909661
-1.099663 14.541954 9.220562
-1.099663 12.518897 10.080840
-1.099662 10.296319 10.262910
-1.099662 8.087656 9.816841
-1.099662 5.716569 9.079468
-1.099662 3.772387 7.873259
-1.099662 2.139074 6.393945
-1.099662 1.113611 4.778088
-1.099662 0.278403 2.192702
1.129454 20.263123 5.381565
0.948299 18.843271 4.944219
1.054554 17.460538 5.200740
1.535311 16.810933 6.361390
1.927234 16.119568 7.307573
2.428894 14.541956 8.518689
2.758109 12.518897 9.313482
2.827784 10.296319 9.481692
2.657081 8.087655 9.069577
2.374901 5.716569 8.388334
1.913305 3.772385 7.273941
1.347195 2.139074 5.907233
0.728834 1.113611 4.414376
-0.260551 0.278403 2.025792
3.019209 20.263123 4.118871
2.684478 18.843271 3.784141
2.880811 17.460538 3.980473
3.769135 16.810933 4.868797
4.493312 16.119568 5.592973
5.420260 14.541954 6.519921
6.028569 12.518897 7.128229
6.157312 10.296319 7.256972
5.841894 8.087656 6.941552
5.320492 5.716570 6.420152
4.467574 3.772386 5.567232
3.421540 2.139074 4.521200
2.278957 1.113611 3.378616
4.335425 19.319888 0.017271
4.433058 21.104755 2.173167
4.699376 21.104755 2.173167
4.699376 21.104755 -2.138625
4.433058 21.104755 -2.138626
3.879489 19.542996 1.903680
3.879489 19.542996 -1.869139
8.420757 9.850880 1.634191
8.420757 9.850880 -1.599653
4.673055 21.203152 2.173167
8.308653 8.394115 1.634191
8.308653 8.394115 -1.599653
4.673055 21.203152 -2.138626
-1.018968 0.000001 -0.000002
-1.025112 0.000001 -0.030883
-1.042605 0.000001 -0.057062
-1.068785 0.000001 -0.074553
-1.174215 0.000001 0.030882
-1.068781 0.000001 0.074551
-1.180359 0.000001 0.000002
-1.156725 0.000001 -0.057059
-1.156723 0.000001 0.057061
-1.099662 0.000001 0.080695
-1.042602 0.000001 0.057058
-1.130543 0.000001 0.074553
-1.174216 0.000001 -0.030879
-1.130545 0.000001 -0.074552
-1.025110 0.000001 0.030879
-1.099665 0.000001 -0.080695
