-0.074225 83.683392 1.771704
-0.074224 76.772583 1.646045
-0.074223 67.147729 1.470121
-0.074222 51.793213 1.068031
-0.074221 34.252377 0.816723
-0.074219 11.006982 -0.490081
-0.074219 2.789441 -0.741382
-0.074218 0.000000 -0.917292
-0.074218 0.301563 -2.123536
-0.074220 23.496625 -1.821979
-0.074220 23.798190 -2.399971
-0.074221 31.311996 -2.249199
-0.074221 32.241812 -2.198939
-0.074222 52.923840 -1.671224
-0.074223 60.010498 -1.520451
-0.074224 67.901312 -1.269156
-0.074224 68.303394 -1.369676
-0.074224 68.831128 -1.244026
-0.074224 72.927332 -1.168635
-0.074225 85.467218 -0.867088
-0.074229 135.300037 0.364233
0.146227 0.152008 -1.525306
0.341815 137.521338 1.398157
-0.074229 137.555591 2.395698
0.439426 2.991766 -1.464871
-0.074219 2.884625 -2.066136
-0.074229 140.100500 0.917299
-0.074229 140.904663 1.470160
-0.074226 103.335156 2.123527
-0.074225 92.127100 1.972744
-0.074225 82.929492 1.922485
-0.074220 23.396149 0.590543
-0.074220 23.144849 -0.113100
-0.074219 13.871802 -1.821979
-0.074220 24.929041 -2.425101
-0.074220 25.708075 -2.525621
-0.074220 26.260938 -2.299450
-0.074221 30.331924 -2.073288
-0.074222 43.701099 -1.922525
-0.074226 99.012311 -0.565534
-0.074227 112.582520 -0.213719
-0.074228 121.503662 -0.062952
-0.074228 123.137085 -0.012716
-0.074228 123.589429 -0.238887
-0.074228 124.896191 -0.012716
-0.074228 133.566077 0.213455
-0.350548 0.152008 -1.525306
-0.074228 137.347937 2.397719
-0.485127 137.713452 1.402246
-0.418851 2.785730 -1.469256
-0.074218 2.725671 -2.069668
-0.687459 23.220840 -1.034361
0.687466 23.190073 -1.035015
-0.074220 22.504996 -0.132972
0.424376 22.580377 -1.047991
-0.074220 22.675681 -1.821979
-0.418852 22.611145 -1.047336
-0.074224 79.495001 -1.010702
-0.587847 79.588007 0.165233
0.517497 79.410901 0.161464
0.250047 79.461487 1.009757
-0.074224 79.495081 -1.002404
-0.074224 79.495166 -0.992897
-0.074224 79.495447 -0.961771
-0.074224 79.495728 -0.931629
-0.074224 79.497595 -0.726932
-0.254097 79.542822 1.073038
-0.379259 79.550067 -0.331450
0.083450 79.490735 1.290332
-0.074224 79.519537 1.679826
-0.074224 79.518909 1.610402
-0.074224 79.519592 1.685686
-0.074224 79.518909 1.610402
-0.341785 79.542908 -0.458467
-0.301005 79.535840 -0.517199
-0.074224 79.495447 -0.961771
-0.074224 79.495166 -0.992897
0.205491 79.468927 1.043127
-0.206900 79.536200 1.175947
-0.074224 79.519690 1.695995
-0.074225 94.187769 1.897354
-0.074225 85.467218 -0.867088
-0.074224 79.495001 -1.010702
-0.587847 79.588007 0.165233
0.517497 79.410901 0.161464
0.250047 79.461487 1.009757
-0.074224 79.495081 -1.002404
-0.074224 79.495166 -0.992897
-0.074224 79.495447 -0.961771
-0.074224 79.495728 -0.931629
-0.074224 79.497595 -0.726932
-0.254097 79.542822 1.073038
-0.379259 79.550067 -0.331450
0.083450 79.490735 1.290332
-0.074224 79.518909 1.610402
-0.341785 79.542908 -0.458467
-0.301005 79.535840 -0.517199
-0.074224 79.495447 -0.961771
-0.074224 79.495166 -0.992897
0.205491 79.468927 1.043127
-0.206900 79.536200 1.175947
-0.074220 24.929041 -2.425101
-0.074220 26.260938 -2.299450
-0.074220 26.260938 -2.299450
-0.074220 24.929041 -2.425101
-0.074225 94.187769 1.897354
-0.074227 112.130701 2.249190
-0.074228 124.896191 -0.012716
-0.074229 135.300037 0.364233
-0.074229 135.300037 0.364233
-0.074228 124.896191 -0.012716
-0.074224 67.901312 -1.269156
-0.074224 68.831128 -1.244026
-0.074224 67.901312 -1.269156
-0.074222 52.923840 -1.671224
-0.074222 52.923840 -1.671224
-0.074221 32.241812 -2.198939
-0.074221 32.241812 -2.198939
-0.074222 52.923840 -1.671224
-0.074227 112.130701 2.249190
-0.074225 94.187769 1.897354
-0.074227 112.582520 -0.213719
-0.074225 85.467218 -0.867088
-0.074225 94.187769 1.897354
-0.074225 83.683392 1.771704
-0.074228 123.137085 -0.012716
-0.074228 124.896191 -0.012716
-0.074224 68.831128 -1.244026
-0.074222 52.923840 -1.671224
-0.074222 52.923840 -1.671224
-0.074224 67.901312 -1.269156
-0.074221 30.331924 -2.073288
-0.074221 32.241812 -2.198939
-0.074225 85.467218 -0.867088
-0.074227 112.582520 -0.213719
-0.074225 83.683392 1.771704
-0.074225 94.187769 1.897354
-0.074222 51.793213 1.068031
-0.074224 76.772583 1.646045
-0.074224 76.772583 1.646045
-0.074222 51.793213 1.068031
-0.074229 135.300037 0.364233
-0.074228 123.137085 -0.012716
-0.074227 112.582520 -0.213719
-0.074228 123.137085 -0.012716
-0.074228 123.137085 -0.012716
-0.074227 112.582520 -0.213719
-0.074224 68.831128 -1.244026
-0.074221 30.331924 -2.073288
-0.074228 129.369946 2.475364
-0.074227 112.130701 2.249190
-0.074225 94.187769 1.897354
-0.074223 67.147729 1.470121
-0.074221 31.311996 -2.249199
-0.074223 60.010498 -1.520451
-0.074224 68.303394 -1.369676
-0.074224 68.831128 -1.244026
-0.074225 92.127100 1.972744
-0.074220 25.708075 -2.525621
-0.074221 30.331924 -2.073288
-0.074222 43.701099 -1.922525
-0.074226 99.012311 -0.565534
-0.074227 112.582520 -0.213719
-0.074228 121.503662 -0.062952
-0.074228 123.137085 -0.012716
-0.074228 123.589429 -0.238887
-0.074228 133.566077 0.213455
-0.687459 23.220840 -1.034361
-0.074224 79.519537 1.679826
-0.074224 79.519592 1.685686
-0.074224 79.495447 -0.961771
-0.074225 94.187769 1.897354
-0.074224 79.495081 -1.002404
-0.379259 79.550067 -0.331450
0.083450 79.490735 1.290332
-0.341785 79.542908 -0.458467
-0.074228 129.369946 2.475364
-0.074221 30.331924 -2.073288
-0.074228 123.137085 -0.012716
-0.074224 79.495447 -0.961771
-0.379259 79.550067 -0.331450
-0.341785 79.542908 -0.458467
