12.559354 0.000000 -3.488713
9.547965 0.000000 -9.423956
8.271883 0.000000 -10.452997
-3.409527 0.000000 -12.314423
-6.581323 0.000000 -11.112503
-9.277451 0.000000 -9.195764
-11.111903 0.000000 -6.968062
-12.177611 -0.000000 5.641414
-11.685580 -0.000000 6.781902
-7.985001 -0.000000 10.872060
-3.414264 -0.000000 12.694764
11.072586 -0.000000 8.190879
12.132854 -0.000000 5.879917
12.894670 21.277814 -0.809152
11.296487 21.277814 -7.163982
9.547965 21.277814 -9.423956
8.271883 21.277814 -10.452997
3.607592 21.277814 -12.375269
-3.409527 21.277814 -12.314423
-9.277451 21.277814 -9.195764
-12.995799 21.277814 -0.826308
-12.177611 21.277814 5.641414
-7.985001 21.277814 10.872060
-3.414264 21.277814 12.694764
8.019764 21.277814 11.141563
10.160633 -0.000000 3.705365
9.807414 -0.000000 4.729573
8.266478 -0.000000 7.361786
-2.725855 -0.000000 10.586575
-9.293323 -0.000000 5.386870
-8.314056 0.000000 -6.353767
-6.403529 0.000000 -8.194348
-2.735667 0.000000 -9.988669
2.886309 0.000000 -9.998877
5.499832 0.000000 -8.956548
10.421756 21.277814 2.638205
7.397519 21.277814 8.253024
5.281145 21.277814 9.709159
1.428833 21.277814 10.901183
-8.801549 21.277814 6.220536
-9.699857 21.277814 4.491055
-10.389401 21.277814 1.511620
1.478960 21.277814 -10.272406
5.499832 21.277814 -8.956548
9.564510 21.277814 -4.622775
10.245795 21.277814 -2.679790
12.933669 -0.000000 0.521450
12.247490 0.000000 -4.785675
10.641802 0.000000 -8.193329
5.275951 0.000000 -11.924182
3.607592 0.000000 -12.375269
1.859962 0.000000 -12.642645
0.058805 0.000000 -12.730777
-8.000040 0.000000 -10.239066
-11.714426 0.000000 -5.860065
-12.995799 0.000000 -0.826308
-10.367279 -0.000000 8.800367
-6.573914 -0.000000 11.651749
8.019764 -0.000000 11.141563
12.886086 -0.000000 1.895969
12.559354 21.277814 -3.488713
11.829124 21.277814 -6.019431
10.641802 21.277814 -8.193329
1.859962 21.277814 -12.642645
-1.701232 21.277814 -12.625214
-5.043687 21.277814 -11.807236
-6.581323 21.277814 -11.112503
-11.714426 21.277814 -5.860065
-12.201401 21.277814 -4.679665
-12.993315 21.277814 1.857970
-12.830803 21.277814 3.165861
-12.559125 21.277814 4.431538
-11.082362 21.277814 7.839417
-10.367279 21.277814 8.800367
11.072586 21.277814 8.190879
10.583659 -0.000000 1.546362
9.369231 -0.000000 5.692561
8.853208 -0.000000 6.576054
7.397519 -0.000000 8.253024
6.396443 -0.000000 9.039399
5.281145 -0.000000 9.709159
2.779448 -0.000000 10.651807
-1.371265 -0.000000 10.883157
-6.336526 -0.000000 8.760664
-8.801549 -0.000000 6.220536
-10.019287 -0.000000 3.541183
-10.395186 0.000000 -0.628763
-1.370723 0.000000 -10.269214
1.478960 0.000000 -10.272406
6.659491 0.000000 -8.209943
9.564510 0.000000 -4.622775
10.245795 0.000000 -2.679790
10.594774 0.000000 -0.604322
10.639211 -0.000000 0.448109
9.369231 21.277814 5.692561
8.853208 21.277814 6.576054
2.779448 21.277814 10.651807
0.035564 21.277814 10.986921
-4.014240 21.277814 10.119252
-6.336526 21.277814 8.760664
-7.342496 21.277814 7.913542
-8.226393 21.277814 6.983965
-10.019287 21.277814 3.541183
-10.395186 21.277814 -0.628763
-10.270233 21.277814 -1.686855
-9.760455 21.277814 -3.707629
-8.314056 21.277814 -6.353767
-7.424191 21.277814 -7.328525
-4.041376 21.277814 -9.539374
-1.370723 21.277814 -10.269214
8.568312 21.277814 -6.321329
10.462911 21.277814 -1.651620
10.639211 21.277814 0.448109
-1.706665 -0.000000 12.956467
1.802551 -0.000000 12.973547
3.492913 -0.000000 12.756786
0.058806 21.277814 13.043880
1.802551 21.277814 12.973546
5.107498 -0.000000 12.384958
5.107498 21.277814 12.384958
-5.043509 -0.000000 12.259589
-6.573914 21.277814 11.651749
3.492913 21.277814 12.756786
9.272661 21.277814 10.252719
6.623913 -0.000000 11.849430
9.272661 -0.000000 10.252719
10.360206 -0.000000 9.174262
-5.043509 21.277814 12.259589
6.623913 21.277814 11.849430
0.058806 -0.000000 13.043881
-1.706665 21.277814 12.956468
-12.201401 0.000000 -4.679665
-9.256284 -0.000000 9.921326
-12.575507 21.277814 -3.439091
-13.047333 21.277814 0.521452
-10.391161 0.000000 -7.991437
-12.575507 0.000000 -3.439091
-12.839415 0.000000 -2.150565
-13.047333 -0.000000 0.521452
-12.993315 -0.000000 1.857970
-12.830803 -0.000000 3.165861
-12.559125 -0.000000 4.431538
-11.082362 -0.000000 7.839417
-11.111903 21.277814 -6.968062
-12.839415 21.277814 -2.150565
-11.685580 21.277814 6.781902
-9.256284 21.277814 9.921326
-5.043687 0.000000 -11.807236
6.839295 21.277814 -11.284915
0.058805 21.277814 -12.730777
6.839295 0.000000 -11.284915
-1.701232 0.000000 -12.625214
5.275951 21.277814 -11.924182
-8.000040 21.277814 -10.239066
-10.391161 21.277814 -7.991437
11.829124 0.000000 -6.019431
11.296487 0.000000 -7.163982
12.740047 -0.000000 3.262465
12.933669 21.277814 0.521450
12.247490 21.277814 -4.785675
10.360206 21.277814 9.174262
11.661823 21.277814 7.085143
12.132854 21.277814 5.879917
12.490616 21.277814 4.598069
12.886086 21.277814 1.895969
12.894670 0.000000 -0.809152
11.661823 -0.000000 7.085143
12.490616 -0.000000 4.598069
12.772489 21.277814 -2.154539
12.740047 21.277814 3.262465
0.035564 -0.000000 10.986921
-4.014240 -0.000000 10.119252
-5.222452 -0.000000 9.503258
-7.342496 -0.000000 7.913542
-8.226393 -0.000000 6.983965
-9.699857 -0.000000 4.491055
-10.249756 -0.000000 2.545341
-9.760455 0.000000 -3.707629
-9.371356 0.000000 -4.650780
-8.889937 0.000000 -5.536081
-7.424191 0.000000 -7.328525
-5.269962 0.000000 -8.936285
4.234352 0.000000 -9.556558
7.690070 0.000000 -7.327835
9.104688 0.000000 -5.509604
9.945605 0.000000 -3.674840
10.462911 0.000000 -1.651620
10.583659 21.277814 1.546362
10.160633 21.277814 3.705365
9.807414 21.277814 4.729573
8.266478 21.277814 7.361786
6.396443 21.277814 9.039399
4.069516 21.277814 10.250546
-1.371265 21.277814 10.883157
-2.725855 21.277814 10.586575
-9.293323 21.277814 5.386870
-10.249756 21.277814 2.545341
-10.436362 21.277814 0.448110
-10.059369 21.277814 -2.716400
0.035564 21.277814 -10.366049
4.234352 21.277814 -9.556558
6.659491 21.277814 -8.209943
7.690070 21.277814 -7.327835
10.421756 -0.000000 2.638205
4.069516 -0.000000 10.250546
1.428833 -0.000000 10.901183
-10.389401 -0.000000 1.511620
-10.436362 -0.000000 0.448110
-10.270233 0.000000 -1.686855
-10.059369 0.000000 -2.716400
-4.041376 0.000000 -9.539374
0.035564 0.000000 -10.366049
8.568312 0.000000 -6.321329
-5.222452 21.277814 9.503258
-9.371356 21.277814 -4.650780
-8.889937 21.277814 -5.536081
-6.403529 21.277814 -8.194348
-5.269962 21.277814 -8.936285
-2.735667 21.277814 -9.988669
2.886309 21.277814 -9.998877
9.104688 21.277814 -5.509604
9.945605 21.277814 -3.674840
10.594774 21.277814 -0.604322
2.854057 1.708836 12.523696
5.934821 1.708836 12.448995
12.799271 1.708838 2.234579
2.854057 18.640390 12.523695
-12.674936 1.708838 3.507490
-11.183722 1.682597 10.891788
-4.658910 1.708836 12.510537
-2.669859 1.708836 12.031967
-9.923164 1.708838 7.006996
-12.674936 18.640390 3.507490
-11.702849 18.640390 9.399841
-9.115579 18.640390 11.613219
-4.658910 18.640390 12.510535
-11.869571 1.708836 -7.565961
-12.927078 1.708838 0.576743
-10.093130 1.708836 -7.502594
-2.394550 1.708838 -13.043881
-12.927078 18.640390 0.576743
-0.914055 18.640390 -12.663181
-2.394550 18.640390 -13.043881
1.845848 1.708838 -12.261298
11.850897 1.708838 -11.393784
3.446035 1.708838 -13.008954
1.845848 18.640390 -12.261301
9.802038 18.640390 -8.477579
13.047331 18.640390 -3.392786
11.850897 18.640390 -11.393788
9.703582 1.708836 8.081955
12.874048 1.708838 5.076069
12.924940 1.708838 1.838907
9.703582 18.640390 8.081954
12.230973 18.640390 8.620446
12.874048 18.640390 5.076069
12.924940 18.640390 1.838907
12.799271 18.640390 2.234579
-12.316016 1.708838 6.094727
-11.284103 18.640390 11.000056
-2.669859 18.640390 12.031966
-9.923164 18.640390 7.006995
-10.854375 1.708838 -11.203751
-12.905927 1.708838 -1.580551
-1.400503 1.708838 -12.832382
-6.624539 1.708838 -12.345932
-10.854375 18.640390 -11.203754
-10.643030 18.640390 -11.499936
9.802038 1.708836 -8.477576
12.867868 1.708838 -1.957079
13.047333 1.708836 -2.585201
12.763181 1.708836 -6.697900
12.867868 18.640390 -1.957079
13.047331 18.640390 -2.585201
12.763181 18.640390 -6.697900
1.636447 18.640390 -12.664984
3.990635 1.708836 12.658367
-2.339514 1.708836 12.839554
8.940813 1.708836 11.985382
-9.115579 1.708836 11.613219
11.513120 18.640390 11.402126
5.934821 18.640390 12.448992
8.940813 18.640390 11.985381
11.301564 1.708836 10.988580
3.990635 18.640390 12.658366
-2.339514 18.640390 12.839551
-12.316016 18.640390 6.094727
-12.546368 1.708836 -4.562669
-11.869571 18.640390 -7.565961
-12.905927 18.640390 -1.580551
-11.702849 1.708836 9.399842
-12.546368 18.640390 -4.562669
-1.400503 18.640390 -12.832382
-1.717752 18.640390 -13.043881
-6.624539 18.640390 -12.345932
3.431080 1.708838 -12.784625
1.636447 1.708838 -12.664981
3.431080 18.640390 -12.784625
-1.717752 1.708838 -13.043881
-10.643030 1.708838 -11.499933
3.446035 18.640390 -13.008954
12.105137 1.708838 -11.139545
12.105137 18.640390 -11.139545
-0.914055 1.708838 -12.663181
-10.093130 18.640390 -7.502594
13.047333 1.708836 -3.392786
12.230973 1.708836 8.620447
12.105137 7.402954 -11.139545
12.395285 6.930271 -9.181111
12.466954 4.858529 -8.697362
12.105137 4.531982 -11.139545
11.850897 4.647884 -11.393785
8.719213 4.648368 -11.995604
9.982385 7.061012 -11.752859
11.850897 7.493785 -11.393785
12.763181 12.176758 -6.697900
12.105137 12.007968 -11.139545
11.850897 12.041016 -11.393787
3.446036 11.925595 -13.008954
12.763181 11.520657 -6.697900
12.105137 11.162891 -11.139545
11.850897 11.206857 -11.393787
3.446036 11.195267 -13.008954
12.252287 10.174215 -10.146310
12.105137 9.891780 -11.139545
11.850897 9.948889 -11.393787
10.686703 9.970055 -11.617511
11.850897 10.304539 -11.393787
12.105137 10.414432 -11.139545
10.621658 9.969991 -11.630009
11.970867 11.948740 -10.956902
11.716628 11.985137 -11.211143
11.970867 11.287704 -10.956902
11.716628 11.328696 -11.211143
11.997945 10.335918 -10.998726
11.743704 10.245084 -11.252968
11.997945 9.993015 -10.998726
11.743704 9.997856 -11.252969
12.403008 6.707064 -9.128993
11.789294 7.238438 -10.860703
11.535054 7.390076 -11.114943
9.908094 6.919117 -11.767136
12.413316 5.144733 -9.059410
11.789294 4.928841 -10.860703
11.535055 4.972174 -11.114944
-6.624539 11.314866 -12.345932
-8.388467 12.145981 -11.974579
-10.643030 12.276690 -11.499936
-10.854375 12.259882 -11.203752
-11.869571 11.823611 -7.565961
-10.643030 11.212083 -11.499936
-10.854375 11.086248 -11.203752
-11.869571 10.997370 -7.565961
-8.306764 4.762962 -11.991780
-9.332132 6.939651 -11.775912
-10.643030 7.240346 -11.499934
-10.854375 7.291948 -11.203751
-11.259296 6.956042 -9.752780
-11.474240 6.050155 -8.982559
-11.129628 4.829276 -10.217424
-10.854375 4.605114 -11.203751
-10.643030 4.681469 -11.499933
-12.546368 11.716628 -4.562669
-9.396381 6.787152 -11.762386
-10.260886 7.068283 -11.118132
-10.472232 7.121444 -10.821948
-11.034564 6.819051 -9.986298
-11.392218 6.033310 -9.276476
-10.814952 4.974473 -10.022954
-10.472232 4.868002 -10.821948
-10.260886 4.890686 -11.118130
-10.333746 12.139912 -11.179228
-10.545091 12.005608 -10.883044
-10.545093 11.272908 -10.883043
-10.333746 11.386173 -11.179228
-11.702849 12.112782 9.399841
-11.284103 12.403695 11.000056
-9.115579 12.381269 11.613219
-4.658910 12.255964 12.510536
-11.284103 11.380235 11.000056
-11.702849 11.320988 9.399841
-12.316016 11.110151 6.094727
-12.316016 12.093099 6.094727
-9.115579 11.306937 11.613219
-4.658911 11.469092 12.510536
-11.586865 10.021474 9.843079
-11.284103 10.029405 11.000056
-9.115579 10.275718 11.613219
-11.702849 6.934380 9.399842
-11.284103 7.627821 11.000056
-9.115579 6.989676 11.613219
-11.702849 4.786964 9.399842
-11.284103 4.807463 11.000056
-9.115579 5.049246 11.613219
-11.702849 2.986691 9.399842
-11.357263 3.152247 11.147614
-9.115579 3.158285 11.613219
-11.183722 3.032233 10.891788
-11.116600 5.138727 10.936865
-11.116602 7.471819 10.936865
-11.164163 10.203397 10.784937
-11.050674 12.234036 10.713625
-11.050674 11.411180 10.713626
-9.115579 11.493228 11.613219
-4.658911 5.134095 12.510536
5.934821 12.127362 12.448993
8.940813 12.286912 11.985381
11.513120 12.357661 11.402127
12.230973 11.800502 8.620446
12.874048 11.768929 5.076069
5.934821 11.456613 12.448994
8.940813 11.530819 11.985381
11.513120 11.521680 11.402127
12.230973 10.955518 8.620446
12.874048 10.815963 5.076069
8.940813 7.026576 11.985382
11.513120 7.522800 11.402127
11.955101 5.572369 9.689451
11.858060 5.008841 10.195482
11.513120 4.747485 11.402127
8.940813 4.678874 11.985382
8.940813 2.923163 11.985382
10.453566 2.809894 11.820251
11.513120 2.951670 11.402127
12.230973 2.965551 8.620447
12.230973 5.480032 8.620447
10.246281 2.667040 11.522548
11.301564 2.836839 10.988580
12.230973 2.871743 8.620447
9.657215 4.755383 11.822942
10.992398 4.958712 11.037346
11.565484 5.111605 10.162885
8.999991 7.037992 11.971964
11.146520 7.203549 10.985657
11.799808 7.174391 10.285374
