-4.444293 11.948204 -13.678123
-11.635304 11.948204 -8.453546
-13.678119 11.948204 -4.444291
-14.382026 11.948204 0.000000
14.382020 11.948204 0.000000
13.678114 11.948204 -4.444288
11.635298 11.948204 -8.453540
8.453541 11.948204 -11.635297
4.444289 11.948204 -13.678111
-0.000001 11.948204 -14.382018
15.147985 15.037809 0.000000
13.605715 17.839104 0.000000
-15.147992 15.037809 0.000000
-13.605717 17.839104 0.000000
-14.406595 15.037809 -4.680986
-12.939809 17.839104 -4.204397
-12.254984 15.037809 -8.903768
-11.007257 17.839104 -7.997242
-8.903767 15.037809 -12.254986
-7.997242 17.839104 -11.007257
-4.680988 15.037809 -14.406597
-4.204399 17.839104 -12.939811
-0.000001 15.037809 -15.147984
-0.000001 17.839104 -13.605714
4.680984 15.037809 -14.406592
4.204395 17.839104 -12.939799
8.903762 15.037809 -12.254976
7.997237 17.839104 -11.007249
12.254978 15.037809 -8.903761
11.007251 17.839104 -7.997236
14.406593 15.037809 -4.680984
12.939800 17.839104 -4.204394
-10.102384 21.107141 0.000000
-9.607928 21.107141 -3.121804
-8.172998 21.107141 -5.938024
-5.938027 21.107141 -8.173002
-3.121808 21.107141 -9.607925
-0.000001 21.107141 -10.102374
3.121803 21.107141 -9.607921
5.938023 21.107141 -8.172991
8.172992 21.107141 -5.938022
9.607922 21.107141 -3.121803
10.102376 21.107141 0.000000
-4.137575 24.447805 0.000000
-3.935066 24.447805 -1.278580
-3.347371 24.447805 -2.432006
-2.432009 24.447805 -3.347368
-1.278584 24.447805 -3.935061
-0.000002 24.447805 -4.137569
1.278579 24.447805 -3.935061
2.432004 24.447805 -3.347365
3.347365 24.447805 -2.432004
3.935060 24.447805 -1.278580
4.137569 24.447805 0.000000
-3.838696 24.923077 -1.247268
-3.265394 24.923077 -2.372447
-2.372450 24.923077 -3.265391
-1.247272 24.923077 -3.838691
-0.000002 24.923077 -4.036240
1.247267 24.923077 -3.838691
2.372444 24.923077 -3.265389
3.265388 24.923077 -2.372445
3.838691 24.923077 -1.247268
4.036240 24.923077 0.000000
-4.036246 24.923077 0.000000
-9.887913 1.017574 0.000000
-9.403962 1.017574 -3.055532
-7.999487 1.017574 -5.811971
-5.811969 1.017574 -7.999486
-3.055535 1.017574 -9.403962
-0.000001 1.017574 -9.887906
3.055530 1.017574 -9.403959
5.811963 1.017574 -7.999482
7.999481 1.017574 -5.811963
9.403956 1.017574 -3.055531
9.887906 1.017574 0.000000
-3.011322 0.657015 -9.267888
-5.727871 0.657015 -7.883736
-7.883737 0.657015 -5.727873
-9.267889 0.657015 -3.011319
-9.744837 0.657015 0.000000
9.744830 0.657015 0.000000
9.267883 0.657015 -3.011318
7.883730 0.657015 -5.727865
5.727865 0.657015 -7.883731
3.011317 0.657015 -9.267886
-0.000001 0.657015 -9.744830
-3.823148 25.010920 -1.242216
-3.252168 25.010920 -2.362838
-2.362841 25.010920 -3.252165
-1.242221 25.010920 -3.823144
-0.000002 25.010920 -4.019892
1.242215 25.010920 -3.823144
2.362835 25.010920 -3.252163
3.252162 25.010920 -2.362836
3.823143 25.010920 -1.242216
4.019892 25.010920 0.000000
-4.019898 25.010920 0.000000
-3.164012 0.000000 -9.737823
-6.018306 0.000000 -8.283485
-8.283486 0.000000 -6.018309
-9.737823 0.000000 -3.164010
-10.238955 0.000000 0.000000
10.238948 0.000000 0.000000
9.737817 0.000000 -3.164009
8.283480 0.000000 -6.018301
6.018301 0.000000 -8.283480
3.164008 0.000000 -9.737822
-0.000001 0.000000 -10.238948
-1.493129 24.676266 -4.595366
-2.840099 24.676266 -3.909057
-3.909060 24.676266 -2.840096
-4.595371 24.676266 -1.493125
-4.831860 24.676266 0.000000
4.831854 24.676266 0.000000
4.595365 24.676266 -1.493125
3.909054 24.676266 -2.840094
2.840094 24.676266 -3.909054
1.493124 24.676266 -4.595366
-0.000002 24.676266 -4.831854
15.981684 15.095848 0.000000
-15.981689 15.095848 0.000000
-15.199491 15.095848 -4.938613
-12.929461 15.095848 -9.393803
-9.393803 15.095848 -12.929461
-4.938614 15.095848 -15.199492
0.000000 15.095848 -15.981682
4.938612 15.095848 -15.199489
9.393798 15.095848 -12.929452
12.929454 15.095848 -9.393798
15.199490 15.095848 -4.938611
-14.280139 18.299765 0.000000
-13.581223 18.299765 -4.412805
-11.552877 18.299765 -8.393657
-8.393657 18.299765 -11.552877
-4.412807 18.299765 -13.581224
0.000000 18.299765 -14.280135
4.412803 18.299765 -13.581213
8.393652 18.299765 -11.552869
11.552871 18.299765 -8.393651
13.581214 18.299765 -4.412803
14.280137 18.299765 0.000000
-10.589504 21.769361 0.000000
-10.071207 21.769361 -3.272333
-8.567087 21.769361 -6.224346
-6.224349 21.769361 -8.567091
-3.272336 21.769361 -10.071205
-0.000001 21.769361 -10.589495
3.272332 21.769361 -10.071199
6.224345 21.769361 -8.567080
8.567080 21.769361 -6.224344
10.071199 21.769361 -3.272332
10.589497 21.769361 0.000000
15.184430 11.683275 0.000000
-15.184436 11.683275 0.000000
-14.441257 11.683275 -4.692248
-12.284467 11.683275 -8.925189
-8.925189 11.683275 -12.284468
-4.692250 11.683275 -14.441258
0.000000 11.683275 -15.184428
4.692246 11.683275 -14.441249
8.925185 11.683275 -12.284459
12.284460 11.683275 -8.925184
14.441251 11.683275 -4.692246
-1.493129 25.010920 -4.595366
-2.840099 25.010920 -3.909057
-3.909060 25.010920 -2.840096
-4.595371 25.010920 -1.493125
-4.831860 25.010920 0.000000
4.831854 25.010920 0.000000
4.595365 25.010920 -1.493125
3.909054 25.010920 -2.840094
2.840094 25.010920 -3.909054
1.493124 25.010920 -4.595366
-0.000002 25.010920 -4.831854
-2.823750 0.000000 -8.690598
-5.371086 0.000000 -7.392663
-7.392665 0.000000 -5.371088
-8.690599 0.000000 -2.823746
-9.137838 0.000000 0.000000
9.137832 0.000000 0.000000
8.690593 0.000000 -2.823745
7.392659 0.000000 -5.371082
5.371082 0.000000 -7.392659
2.823745 0.000000 -8.690595
-0.000001 0.000000 -9.137832
-0.000002 0.000000 0.000000
-2.823750 0.657015 -8.690598
-5.371086 0.657015 -7.392663
-7.392665 0.657015 -5.371088
-8.690599 0.657015 -2.823746
-9.137838 0.657015 0.000000
9.137832 0.657015 0.000000
8.690593 0.657015 -2.823745
7.392659 0.657015 -5.371082
5.371082 0.657015 -7.392659
2.823744 0.657015 -8.690595
-0.000001 0.657015 -9.137832
-0.000002 0.657015 0.000000
4.831854 24.720343 0.000000
4.595365 24.720343 -1.493125
3.909054 24.720343 -2.840094
2.840094 24.720343 -3.909054
1.493124 24.720343 -4.595366
-0.000002 24.720343 -4.831854
-1.493129 24.720343 -4.595366
-2.840099 24.720343 -3.909057
-3.909060 24.720343 -2.840096
-4.595371 24.720343 -1.493125
-4.831860 24.720343 0.000000
4.736538 25.010920 0.000000
4.504714 25.010920 -1.463671
3.831942 25.010920 -2.784068
2.784069 25.010920 -3.831942
1.463670 25.010920 -4.504715
-0.000002 25.010920 -4.736538
-1.463675 25.010920 -4.504715
-2.784074 25.010920 -3.831944
-3.831947 25.010920 -2.784071
-4.504719 25.010920 -1.463671
-4.736544 25.010920 0.000000
4.106236 25.010920 0.000000
3.905261 25.010920 -1.268897
3.322016 25.010920 -2.413587
2.413587 25.010920 -3.322016
1.268896 25.010920 -3.905261
-0.000002 25.010920 -4.106236
-1.268902 25.010920 -3.905261
-2.413593 25.010920 -3.322019
-3.322022 25.010920 -2.413589
-3.905266 25.010920 -1.268897
-4.106242 25.010920 0.000000
4.951221 24.616001 0.000000
4.708889 24.616001 -1.530011
4.005624 24.616001 -2.910255
2.910256 24.616001 -4.005624
1.530010 24.616001 -4.708890
-0.000002 24.616001 -4.951221
-1.530015 24.616001 -4.708890
-2.910261 24.616001 -4.005626
-4.005629 24.616001 -2.910258
-4.708895 24.616001 -1.530011
-4.951226 24.616001 0.000000
9.872373 0.346010 -3.207728
8.397939 0.346010 -6.101460
6.101460 0.346010 -8.397939
3.207728 0.346010 -9.872377
-0.000001 0.346010 -10.380427
-3.207732 0.346010 -9.872379
-6.101466 0.346010 -8.397945
-8.397946 0.346010 -6.101468
-9.872379 0.346010 -3.207730
-10.380434 0.346010 0.000000
10.380427 0.346010 0.000000
9.255656 0.000000 -3.007345
9.731975 0.000000 0.000000
-9.731981 0.000000 0.000000
-9.255662 0.000000 -3.007346
-7.873336 0.000000 -5.720317
-5.720314 0.000000 -7.873335
-3.007349 0.000000 -9.255662
-0.000001 0.000000 -9.731975
3.007345 0.000000 -9.255659
5.720309 0.000000 -7.873330
7.873330 0.000000 -5.720309
-8.453546 11.948204 11.635305
-4.444293 11.948204 13.678123
-11.635304 11.948204 8.453546
-13.678119 11.948204 4.444291
13.678114 11.948204 4.444288
11.635298 11.948204 8.453540
8.453541 11.948204 11.635297
4.444289 11.948204 13.678111
-0.000001 11.948204 14.382018
-14.406595 15.037809 4.680986
-12.939809 17.839104 4.204397
-12.254984 15.037809 8.903768
-11.007257 17.839104 7.997242
-8.903767 15.037809 12.254986
-7.997242 17.839104 11.007257
-4.680988 15.037809 14.406597
-4.204399 17.839104 12.939811
-0.000001 15.037809 15.147984
-0.000001 17.839104 13.605714
4.680984 15.037809 14.406592
4.204395 17.839104 12.939799
8.903762 15.037809 12.254976
7.997237 17.839104 11.007249
12.254978 15.037809 8.903761
11.007251 17.839104 7.997236
14.406593 15.037809 4.680984
12.939800 17.839104 4.204394
-9.607928 21.107141 3.121804
-8.172998 21.107141 5.938024
-5.938027 21.107141 8.173002
-3.121808 21.107141 9.607925
-0.000001 21.107141 10.102374
3.121803 21.107141 9.607921
5.938023 21.107141 8.172991
8.172992 21.107141 5.938022
9.607922 21.107141 3.121803
-3.935066 24.447805 1.278580
-3.347371 24.447805 2.432006
-2.432009 24.447805 3.347368
-1.278584 24.447805 3.935061
-0.000002 24.447805 4.137569
1.278579 24.447805 3.935061
2.432004 24.447805 3.347365
3.347365 24.447805 2.432004
3.935060 24.447805 1.278580
-3.838696 24.923077 1.247268
-3.265394 24.923077 2.372447
-2.372450 24.923077 3.265391
-1.247272 24.923077 3.838691
-0.000002 24.923077 4.036240
1.247267 24.923077 3.838691
2.372444 24.923077 3.265389
3.265388 24.923077 2.372445
3.838691 24.923077 1.247268
-9.403962 1.017574 3.055532
-7.999487 1.017574 5.811971
-5.811969 1.017574 7.999486
-3.055535 1.017574 9.403962
-0.000001 1.017574 9.887906
3.055530 1.017574 9.403959
5.811963 1.017574 7.999482
7.999481 1.017574 5.811963
9.403956 1.017574 3.055531
-3.011322 0.657015 9.267888
-5.727871 0.657015 7.883736
-7.883737 0.657015 5.727873
-9.267889 0.657015 3.011319
9.267883 0.657015 3.011318
7.883730 0.657015 5.727865
5.727865 0.657015 7.883731
3.011317 0.657015 9.267886
-0.000001 0.657015 9.744830
-3.823148 25.010920 1.242216
-3.252168 25.010920 2.362838
-2.362841 25.010920 3.252165
-1.242221 25.010920 3.823144
-0.000002 25.010920 4.019892
1.242215 25.010920 3.823144
2.362835 25.010920 3.252163
3.252162 25.010920 2.362836
3.823143 25.010920 1.242216
-3.164012 -0.000000 9.737823
-6.018306 -0.000000 8.283485
-8.283486 -0.000000 6.018309
-9.737823 -0.000000 3.164010
9.737817 -0.000000 3.164009
8.283480 -0.000000 6.018301
6.018301 -0.000000 8.283480
3.164008 -0.000000 9.737822
-0.000001 -0.000000 10.238948
-1.493129 24.676266 4.595366
-2.840099 24.676266 3.909057
-3.909060 24.676266 2.840096
-4.595371 24.676266 1.493125
4.595365 24.676266 1.493125
3.909054 24.676266 2.840094
2.840094 24.676266 3.909054
1.493124 24.676266 4.595366
-0.000002 24.676266 4.831854
-15.199491 15.095848 4.938613
-12.929461 15.095848 9.393803
-9.393803 15.095848 12.929461
-4.938614 15.095848 15.199492
0.000000 15.095848 15.981682
4.938612 15.095848 15.199489
9.393798 15.095848 12.929452
12.929454 15.095848 9.393798
15.199490 15.095848 4.938611
-13.581223 18.299765 4.412805
-11.552877 18.299765 8.393657
-8.393657 18.299765 11.552877
-4.412807 18.299765 13.581224
0.000000 18.299765 14.280135
4.412803 18.299765 13.581213
8.393652 18.299765 11.552869
11.552871 18.299765 8.393651
13.581214 18.299765 4.412803
-10.071207 21.769361 3.272333
-8.567087 21.769361 6.224346
-6.224349 21.769361 8.567091
-3.272336 21.769361 10.071205
-0.000001 21.769361 10.589495
3.272332 21.769361 10.071199
6.224345 21.769361 8.567080
8.567080 21.769361 6.224344
10.071199 21.769361 3.272332
-14.441257 11.683275 4.692248
-12.284467 11.683275 8.925189
-8.925189 11.683275 12.284468
-4.692250 11.683275 14.441258
0.000000 11.683275 15.184428
4.692246 11.683275 14.441249
8.925185 11.683275 12.284459
12.284460 11.683275 8.925184
14.441251 11.683275 4.692246
-1.493129 25.010920 4.595366
-2.840099 25.010920 3.909057
-3.909060 25.010920 2.840096
-4.595371 25.010920 1.493125
4.595365 25.010920 1.493125
3.909054 25.010920 2.840094
2.840094 25.010920 3.909054
1.493124 25.010920 4.595366
-0.000002 25.010920 4.831854
-2.823750 -0.000000 8.690598
-5.371086 -0.000000 7.392663
-7.392665 -0.000000 5.371088
-8.690599 -0.000000 2.823746
8.690593 -0.000000 2.823745
7.392659 -0.000000 5.371082
5.371082 -0.000000 7.392659
2.823745 -0.000000 8.690595
-0.000001 -0.000000 9.137832
-2.823750 0.657015 8.690598
-5.371086 0.657015 7.392663
-7.392665 0.657015 5.371088
-8.690599 0.657015 2.823746
8.690593 0.657015 2.823745
7.392659 0.657015 5.371082
5.371082 0.657015 7.392659
2.823744 0.657015 8.690595
-0.000001 0.657015 9.137832
4.595365 24.720343 1.493125
3.909054 24.720343 2.840094
2.840094 24.720343 3.909054
1.493124 24.720343 4.595366
-0.000002 24.720343 4.831854
-1.493129 24.720343 4.595366
-2.840099 24.720343 3.909057
-3.909060 24.720343 2.840096
-4.595371 24.720343 1.493125
4.504714 25.010920 1.463671
3.831942 25.010920 2.784068
2.784069 25.010920 3.831942
1.463670 25.010920 4.504715
-0.000002 25.010920 4.736538
-1.463675 25.010920 4.504715
-2.784074 25.010920 3.831944
-3.831947 25.010920 2.784071
-4.504719 25.010920 1.463671
3.905261 25.010920 1.268897
3.322016 25.010920 2.413587
2.413587 25.010920 3.322016
1.268896 25.010920 3.905261
-0.000002 25.010920 4.106236
-1.268902 25.010920 3.905261
-2.413593 25.010920 3.322019
-3.322022 25.010920 2.413589
-3.905266 25.010920 1.268897
4.708889 24.616001 1.530011
4.005624 24.616001 2.910255
2.910256 24.616001 4.005624
1.530010 24.616001 4.708890
-0.000002 24.616001 4.951221
-1.530015 24.616001 4.708890
-2.910261 24.616001 4.005626
-4.005629 24.616001 2.910258
-4.708895 24.616001 1.530011
9.872373 0.346010 3.207728
8.397939 0.346010 6.101460
6.101460 0.346010 8.397939
3.207728 0.346010 9.872377
-0.000001 0.346010 10.380427
-3.207732 0.346010 9.872379
-6.101466 0.346010 8.397945
-8.397946 0.346010 6.101468
-9.872379 0.346010 3.207730
9.255656 -0.000000 3.007345
-9.255662 -0.000000 3.007346
-7.873336 -0.000000 5.720317
-5.720314 -0.000000 7.873335
-3.007349 -0.000000 9.255662
-0.000001 -0.000000 9.731975
3.007345 -0.000000 9.255659
5.720309 -0.000000 7.873330
7.873330 -0.000000 5.720309
13.010618 18.858189 2.243955
13.467768 18.346382 2.243955
9.898272 23.693636 3.016681
10.308586 24.184649 3.016681
9.897188 23.695515 -2.983041
10.307501 24.186775 -2.983041
13.010618 18.858189 -2.227329
13.467768 18.346382 -2.227329
10.903350 23.166096 -2.881750
10.438324 22.721468 -2.881750
10.440304 22.718040 2.900126
10.905333 23.162212 2.900126
12.137803 22.308870 -3.550083
11.621747 21.641756 -3.550083
11.621747 21.641756 3.575872
12.137803 22.308870 3.575872
14.016413 19.693542 -2.256616
13.378733 19.816566 -2.256616
13.378731 19.816566 2.266003
14.016413 19.693542 2.266003
10.897923 23.188263 0.827366
10.308587 24.184649 1.107638
9.898272 23.693636 1.107638
10.409894 22.724672 0.827366
11.584788 21.593817 1.024312
13.333619 19.824043 1.003941
12.978160 18.881678 1.003878
13.491087 18.301502 1.003878
14.062397 19.683447 1.003941
12.174568 22.356232 1.024312
10.896654 23.190746 -0.962911
10.307501 24.186775 -1.242001
9.897188 23.695515 -1.242001
10.408627 22.726868 -0.962911
11.584788 21.593817 -1.160875
13.333619 19.824043 -1.141594
12.978160 18.881678 -1.141530
13.491087 18.301502 -1.141530
14.062397 19.683447 -1.141594
12.174568 22.356232 -1.160875
13.520924 21.631680 1.007434
13.484182 21.590103 2.418869
12.974535 20.989740 2.418869
12.938471 20.945549 1.007433
12.938471 20.945549 -1.145120
12.974535 20.989740 -2.407590
13.484182 21.590103 -2.407590
13.520924 21.631680 -1.145120
12.895842 22.074596 1.024619
12.863752 22.030035 3.171097
12.408381 21.379704 3.171097
12.375418 21.331362 1.024619
12.375418 21.331362 -1.162470
12.408381 21.379704 -3.150506
12.863752 22.030035 -3.150506
12.895842 22.074596 -1.162470
11.505525 22.639429 0.936414
11.470634 22.603161 3.114064
10.982163 22.095390 3.114064
10.947272 22.059122 0.936414
10.947272 22.059122 -1.065834
10.982163 22.095390 -3.093056
11.470634 22.603161 -3.093056
11.505525 22.639429 -1.065834
13.334701 20.491158 2.285363
13.281775 20.473476 1.004383
13.281775 20.473476 -1.142041
13.334701 20.491158 -2.275737
14.043079 20.721725 -2.275737
14.091352 20.736984 -1.142041
14.091352 20.736984 1.004383
14.043080 20.721725 2.285363
10.928243 23.121803 -0.069397
10.462787 22.679815 -0.069397
10.947272 22.059122 -0.066030
11.584789 21.593817 -0.069584
12.375418 21.331360 -0.070289
12.938471 20.945549 -0.070289
13.281775 20.473476 -0.070289
13.333620 19.824043 -0.070289
12.978160 18.881678 -0.070289
13.491087 18.301502 -0.070289
14.062397 19.683447 -0.070289
14.091352 20.736984 -0.070289
13.520924 21.631680 -0.070289
12.895842 22.074596 -0.070289
12.174568 22.356232 -0.069584
11.505526 22.639429 -0.066030
12.174568 22.356232 3.049603
11.505525 22.639429 2.672676
10.938549 23.193937 2.505826
10.323715 24.236059 2.626128
9.862123 23.681009 2.626128
10.407086 22.686316 2.505826
10.947272 22.059122 2.672676
11.584788 21.593817 3.049603
12.375418 21.331360 2.733860
12.938471 20.945549 2.142589
13.281775 20.473476 2.037650
13.333619 19.824043 2.022432
12.978160 18.881678 2.020249
13.491087 18.301502 2.020249
14.062397 19.683447 2.022432
14.091352 20.736984 2.037650
13.520924 21.631680 2.142589
12.895842 22.074596 2.733860
13.234625 18.591589 2.263226
13.695391 19.761597 2.290839
13.700521 20.612499 2.310622
13.227663 21.296465 2.447041
12.638247 21.714317 3.215682
11.880259 21.976768 3.629535
11.226399 22.349276 3.158885
10.672818 22.940126 2.939028
10.092918 23.958534 3.052940
10.079405 23.983467 2.629767
10.092918 23.958534 1.076180
10.597594 23.024837 0.745244
10.620291 22.985519 -0.070075
10.595613 23.028490 -0.882691
10.092308 23.959661 -1.212511
10.092308 23.959661 -3.033968
10.670837 22.943783 -2.938088
11.226398 22.349276 -3.158885
11.880259 21.976768 -3.629535
12.638247 21.714317 -3.215682
13.227663 21.296465 -2.447041
13.700521 20.612499 -2.310622
13.695391 19.761597 -2.290839
13.234623 18.591589 -2.253874
13.228748 18.577837 -1.141530
13.228748 18.577837 -0.070289
13.228748 18.577837 1.003878
12.174568 22.356232 -2.909663
11.505526 22.639429 -2.560607
10.936566 23.197853 -2.414841
10.323103 24.237265 -2.526322
10.079405 23.983467 -2.529468
9.861513 23.682056 -2.526322
10.405107 22.689711 -2.414841
10.947272 22.059122 -2.560607
11.584789 21.593817 -2.909663
12.375418 21.331362 -2.625162
12.938471 20.945549 -2.089597
13.281775 20.473476 -1.994545
13.333620 19.824043 -1.980761
12.978160 18.881678 -1.978783
13.228748 18.577837 -1.978783
13.491087 18.301502 -1.978783
14.062397 19.683447 -1.980761
14.091352 20.736984 -1.994545
13.520924 21.631680 -2.089597
12.895842 22.074596 -2.625162
10.938549 23.193937 1.444445
10.323715 24.236059 1.494377
10.079405 23.983467 1.495455
9.862123 23.681009 1.494377
10.407086 22.686316 1.444445
10.947272 22.059122 1.543365
11.584789 21.593817 1.713996
12.375418 21.331360 1.624207
12.938471 20.945549 1.441424
13.281775 20.473476 1.408984
13.333620 19.824043 1.404279
12.978160 18.881676 1.403605
13.491087 18.301502 1.403605
14.062397 19.683447 1.404279
14.091352 20.736984 1.408984
13.520924 21.631680 1.441424
12.895842 22.074596 1.624207
12.174568 22.356232 1.713996
11.505526 22.639429 1.543365
10.936567 23.197853 -1.530636
10.323103 24.237265 -1.581571
10.079405 23.983467 -1.582551
9.861513 23.682056 -1.581571
10.405107 22.689711 -1.530637
10.947272 22.059122 -1.622732
11.584789 21.593817 -1.794354
12.375418 21.331360 -1.710261
12.938471 20.945549 -1.535804
13.281775 20.473476 -1.504841
13.333620 19.824043 -1.500351
12.978160 18.881678 -1.499707
13.228748 18.577837 -1.499707
13.491087 18.301502 -1.499707
14.062397 19.683447 -1.500351
14.091352 20.736984 -1.504841
13.520924 21.631680 -1.535804
12.895842 22.074596 -1.710261
12.174566 22.356232 -1.794354
11.505526 22.639429 -1.622731
10.463593 24.061071 -1.571908
10.430614 24.023294 -1.210748
10.199758 23.758856 -1.173561
9.968900 23.494417 -1.210748
9.935921 23.456640 -1.571908
9.935921 23.456640 -2.497100
9.968900 23.494417 -2.993802
10.199758 23.758856 -3.053579
10.430614 24.023294 -2.993802
10.463593 24.061071 -2.497100
10.469241 24.049917 1.485500
10.469241 24.049917 2.594223
10.436261 24.012234 3.012136
10.205400 23.748444 3.053234
9.974541 23.484653 3.012136
9.941561 23.446968 2.594223
9.941561 23.446968 1.485500
9.974541 23.484653 1.076020
10.205400 23.748444 1.036327
10.436261 24.012234 1.076020
10.694021 23.587296 1.464877
10.694021 23.587296 2.525656
10.661020 23.554037 2.923581
10.430015 23.321236 2.962658
10.199009 23.088432 2.923581
10.166008 23.055176 2.525656
10.166008 23.055176 1.464877
10.199008 23.088432 1.055862
10.430015 23.321236 1.014937
10.661021 23.554037 1.055862
10.681517 23.611992 -1.544668
10.648517 23.578529 -1.182449
10.417519 23.344292 -1.143999
10.186519 23.110054 -1.182449
10.153520 23.076591 -1.544668
10.153520 23.076591 -2.428894
10.186519 23.110054 -2.900546
10.417519 23.344292 -2.957235
10.648517 23.578529 -2.900546
10.681517 23.611992 -2.428894
13.228748 18.577837 1.403605
13.228748 18.577837 2.020249
13.329515 18.812634 2.288002
13.062063 19.059504 2.263226
13.023897 19.094715 2.020249
13.023897 19.094715 1.403605
13.023897 19.094715 1.003878
13.023897 19.094715 -0.070289
13.023897 19.094715 -1.141530
13.023897 19.094715 -1.499707
13.023897 19.094715 -1.978783
13.062063 19.059504 -2.253874
13.329514 18.812634 -2.288002
13.598418 18.563824 -2.253874
13.636874 18.528225 -1.978784
13.636874 18.528225 -1.499707
13.636874 18.528225 -1.141530
13.636874 18.528225 -0.070289
13.636874 18.528225 1.003878
13.636874 18.528225 1.403605
13.636874 18.528225 2.020249
13.598418 18.563824 2.263226
10.222544 20.906187 -0.173649
10.165899 20.962420 -0.330300
10.077673 21.050007 -0.454618
9.966502 21.160372 -0.534436
9.843268 21.282713 -0.561939
9.720035 21.405054 -0.534436
9.608864 21.515419 -0.454618
9.520638 21.603006 -0.330300
9.463994 21.659241 -0.173649
9.444475 21.678617 0.000000
9.463994 21.659241 0.173649
9.520638 21.603006 0.330300
9.608864 21.515419 0.454618
9.720035 21.405054 0.534436
9.843268 21.282713 0.561939
9.966502 21.160372 0.534436
10.077673 21.050007 0.454618
10.165899 20.962420 0.330300
10.222544 20.906187 0.173649
10.242062 20.886808 0.000000
11.379011 22.071095 -0.173649
11.322367 22.127327 -0.330300
11.234140 22.214914 -0.454618
11.122969 22.325279 -0.534436
10.999735 22.447620 -0.561939
10.876501 22.569962 -0.534436
10.765331 22.680326 -0.454618
10.677105 22.767914 -0.330300
10.620461 22.824146 -0.173649
10.600943 22.843525 0.000000
10.620461 22.824146 0.173649
10.677105 22.767914 0.330300
10.765331 22.680326 0.454618
10.876501 22.569962 0.534436
10.999735 22.447620 0.561939
11.122969 22.325279 0.534436
11.234140 22.214914 0.454618
11.322366 22.127327 0.330300
11.379009 22.071095 0.173649
11.398529 22.051716 0.000000
10.192670 22.092340 0.234271
10.152494 22.132227 0.123164
10.138650 22.145969 0.000000
10.152494 22.132227 -0.123164
10.192670 22.092340 -0.234271
10.255246 22.030218 -0.322447
10.334096 21.951941 -0.379059
10.421502 21.865168 -0.398566
10.508908 21.778395 -0.379059
10.587758 21.700115 -0.322447
10.650334 21.637993 -0.234271
10.690510 21.598108 -0.123164
10.704353 21.584366 0.000000
10.690510 21.598108 0.123164
10.650334 21.637993 0.234271
10.587758 21.700115 0.322447
10.508907 21.778395 0.379058
10.421503 21.865168 0.398566
10.334096 21.951939 0.379058
10.255246 22.030218 0.322447
12.993506 18.915611 2.263226
13.510991 18.350079 2.263226
9.862123 23.681009 2.927016
9.900203 23.614870 -3.020994
10.361833 24.161612 -3.020994
12.978160 18.881676 -2.151489
13.491086 18.301502 -2.151489
11.158035 22.877201 -2.943796
10.684337 22.416157 -2.943796
10.803701 23.070818 -2.938088
10.298454 22.919334 2.893997
10.405107 22.689711 -2.712736
10.760555 23.366243 2.893997
12.505115 22.178713 -3.448220
12.018967 21.507706 -3.448220
12.027511 22.166790 -3.629535
11.285389 21.837456 3.387441
11.584789 21.593817 -3.311729
11.795100 22.432035 3.387441
11.732622 21.785583 3.629535
12.174568 22.356232 3.414883
13.807315 19.074551 -2.253873
13.227117 19.401665 -2.253873
13.878458 19.723829 -2.290839
13.406973 20.178684 2.274334
13.333620 19.824043 -2.153947
14.104437 20.232090 2.274334
10.928243 23.121803 0.393899
10.760554 23.366243 0.986763
10.407086 22.686316 1.112176
9.902643 23.610643 1.075789
11.584789 21.593817 1.341130
10.650501 22.383224 0.863335
13.333620 19.824043 1.231707
11.983854 21.458612 1.031506
12.978160 18.881676 1.231454
13.186255 19.424253 1.003878
13.491086 18.301502 1.231454
14.062396 19.683447 0.528696
13.547955 18.309683 1.003878
12.174567 22.356232 0.523391
14.153092 20.234549 1.004131
11.831509 22.474504 0.991344
10.936567 23.197853 -1.238022
10.323103 24.237265 -1.326530
10.752626 23.381775 -1.116580
9.861513 23.682056 -1.326530
10.224191 24.118414 -1.212511
10.462786 22.679815 -0.532318
9.900203 23.614870 -1.212134
11.584789 21.593817 -0.662558
10.650501 22.383224 -0.994996
13.333620 19.824043 -0.669273
11.983854 21.458612 -1.169423
12.978160 18.881676 -0.669273
13.186255 19.424253 -1.141530
13.491086 18.301502 -0.669273
14.062396 19.683447 -1.360587
13.547955 18.309683 -1.141530
12.174567 22.356232 -1.469881
14.153093 20.234549 -1.141786
11.831509 22.474504 -1.123737
13.213419 21.895931 1.015345
13.180431 21.851309 2.765181
13.520924 21.631680 1.245677
12.721320 21.202156 2.765181
13.373953 21.465380 2.447041
13.139380 20.724758 1.004632
13.139380 20.724758 -1.142292
12.938471 20.945549 0.528696
13.184774 20.757126 -2.286475
12.938471 20.945549 -1.374691
13.804029 21.193987 -2.286475
13.213419 21.895931 -1.153108
13.520924 21.631680 -2.289238
13.520924 21.631680 -0.669273
12.539452 22.225479 1.031506
12.505115 22.178713 3.472542
12.895842 22.074596 1.314421
12.018967 21.507706 3.472542
12.767480 21.896349 3.215681
12.688721 21.154045 1.015345
12.688721 21.154045 -1.153108
12.375418 21.331360 0.528696
12.721320 21.202156 -2.749615
12.375418 21.331360 -1.444091
13.180431 21.851309 -2.749615
12.539452 22.225479 -1.169423
12.895842 22.074596 -2.954982
12.895842 22.074596 -0.669273
11.191872 22.910133 0.863335
11.158036 22.877203 2.962554
11.505526 22.639429 1.221712
10.684338 22.416157 2.962554
11.365962 22.494352 3.158885
11.248981 21.794987 0.991344
11.248981 21.794987 -1.123737
10.947272 22.059122 0.478366
11.285389 21.837456 -3.363424
10.947272 22.059122 -1.343587
11.795100 22.432035 -3.363424
11.191872 22.910133 -0.994996
11.505526 22.639429 -2.895567
11.505526 22.639429 -0.610373
10.729635 23.149837 0.745244
13.184774 20.757126 2.296236
13.355991 20.173512 1.004131
13.355991 20.173512 -1.141786
13.281776 20.473476 0.528696
13.406973 20.178684 -2.264844
13.281776 20.473476 -1.362373
14.104437 20.232090 -2.264844
13.847099 21.224028 -1.142292
14.091352 20.736984 -2.171082
13.847098 21.224030 1.004632
14.091352 20.736984 -0.669273
13.804029 21.193987 2.296236
14.091352 20.736984 1.233477
13.898262 20.675953 2.310622
10.928243 23.121803 -0.532318
10.462786 22.679815 0.393898
10.752336 23.109623 -0.070075
10.947272 22.059122 -0.610373
10.650501 22.383224 -0.067361
11.584789 21.593817 0.523391
11.248981 21.794987 -0.067468
12.375418 21.331360 -0.669273
11.983854 21.458612 -0.070289
12.938471 20.945549 -0.669273
12.688721 21.154045 -0.070289
13.281776 20.473476 -0.669273
13.139380 20.724758 -0.070289
13.333620 19.824043 0.528696
13.355991 20.173512 -0.070289
12.978160 18.881676 0.528696
13.186255 19.424253 -0.070289
13.491086 18.301502 0.528696
14.062396 19.683447 -0.669273
13.547955 18.309683 -0.070289
14.091352 20.736984 0.528696
14.153092 20.234549 -0.070289
13.520924 21.631680 0.528696
13.847099 21.224030 -0.070289
12.895842 22.074596 0.528696
13.213419 21.895931 -0.070289
12.174567 22.356232 -0.662558
12.539452 22.225479 -0.070289
11.505526 22.639429 0.478366
11.831509 22.474504 -0.067468
11.191872 22.910133 -0.067361
10.938549 23.193939 2.783422
10.323715 24.236059 2.927016
10.947272 22.059122 2.979600
12.375417 21.331360 3.037344
12.938471 20.945549 2.334353
13.281776 20.473476 2.209587
14.062396 19.683447 2.191493
10.539953 22.813221 2.939028
9.961037 23.799822 3.052940
10.224801 24.117247 1.076180
10.463573 22.903360 -0.882691
9.960426 23.800907 -3.033968
11.086836 22.204199 -3.158885
12.507267 21.524729 -3.215681
13.082727 21.122314 -2.447041
13.493475 20.544199 -2.310622
13.088139 18.757563 -2.253873
13.082719 18.745275 -1.141530
13.082719 18.745275 -0.070289
13.082719 18.745275 1.003878
13.088139 18.757563 2.263226
13.514069 19.794128 2.290839
12.174568 22.356232 2.383064
11.505526 22.639429 2.979600
11.831509 22.474504 2.894228
10.938549 23.193937 1.984248
11.191872 22.910133 2.552947
10.323715 24.236059 2.059534
10.793562 23.398167 2.502103
9.862123 23.681009 2.059534
10.211284 24.143066 2.629767
10.407087 22.686316 2.783422
9.869669 23.571632 2.615212
10.947272 22.059122 2.110475
10.650501 22.383224 2.552947
11.584788 21.593817 3.414883
11.248981 21.794987 2.894228
12.375418 21.331360 2.180084
11.983854 21.458612 2.970804
12.938471 20.945549 1.792670
12.688721 21.154045 2.414799
13.281776 20.473476 1.723912
13.139380 20.724758 2.046196
13.333619 19.824043 2.191493
13.355991 20.173512 2.028980
12.978161 18.881676 2.188898
13.186255 19.424253 2.020249
13.082719 18.745275 2.020249
13.491087 18.301502 2.188898
14.062396 19.683447 1.713941
13.547955 18.309683 2.020249
14.091352 20.736984 2.209587
14.153093 20.234549 2.028980
13.520924 21.631680 2.334353
13.847099 21.224028 2.046196
12.895842 22.074596 3.037344
13.213419 21.895931 2.414799
12.539452 22.225479 2.970804
13.381109 18.425615 2.263226
13.878458 19.723829 2.290839
13.252249 18.632845 2.288002
13.493475 20.544199 2.310622
13.761520 20.212172 2.299352
13.082727 21.122314 2.447041
13.500217 20.981371 2.321732
12.507267 21.524729 3.215681
12.949905 21.535456 2.800909
12.027511 22.166790 3.629535
12.263978 21.849024 3.523704
11.086836 22.204199 3.158885
11.540245 22.134747 3.437734
10.805684 23.067034 2.939028
10.921187 22.646681 3.003576
10.224801 24.117247 3.052940
10.529505 23.142790 2.932465
9.947527 23.823868 2.629767
10.079405 23.983467 2.931352
9.961037 23.799822 1.076180
10.079405 23.983467 2.061891
10.465553 22.899837 0.745244
10.133459 23.883736 1.035510
10.488245 22.861416 -0.070075
10.620291 22.985519 0.380705
10.727654 23.153622 -0.882691
10.620291 22.985519 -0.520428
9.960426 23.800907 -1.212511
10.521581 23.157410 -1.069204
10.224191 24.118414 -3.033968
10.079405 23.983467 -1.326906
10.537972 22.816746 -2.938088
10.131018 23.888241 -3.081684
11.365961 22.494352 -3.158885
10.921186 22.646679 -3.003576
11.732622 21.785583 -3.629535
11.540245 22.134747 -3.437734
12.767480 21.896349 -3.215681
12.263978 21.849024 -3.523704
13.373953 21.465380 -2.447041
12.949905 21.535456 -2.800909
13.898262 20.675953 -2.310622
13.500217 20.981371 -2.321732
13.514069 19.794128 -2.290839
13.761520 20.212172 -2.299352
13.381108 18.425615 -2.253873
13.514309 19.241983 -2.288002
13.374777 18.410400 -1.141530
13.228748 18.577837 -2.151489
13.374777 18.410400 -0.070289
13.228748 18.577837 -0.669273
13.374777 18.410400 1.003878
13.228748 18.577837 0.528696
12.174568 22.356232 -3.311729
11.505526 22.639429 -2.082367
11.831509 22.474504 -2.764445
10.936567 23.197853 -2.712736
11.191872 22.910133 -2.454631
10.323103 24.237265 -2.850685
10.785633 23.413826 -2.409564
10.079405 23.983467 -2.854605
10.211284 24.143064 -2.529468
9.861513 23.682056 -2.850685
9.947527 23.823868 -2.529468
10.405107 22.689711 -1.971859
9.867229 23.575817 -2.516883
10.947272 22.059122 -2.895567
10.650501 22.383224 -2.454631
11.584789 21.593817 -2.339077
11.248981 21.794987 -2.764445
12.375418 21.331360 -2.954982
11.983854 21.458612 -2.839782
12.938471 20.945549 -2.289238
12.688721 21.154045 -2.336161
13.281776 20.473476 -2.171082
13.139380 20.724758 -2.002286
13.333620 19.824043 -1.734986
13.355991 20.173512 -1.986692
12.978160 18.881676 -1.733691
13.186255 19.424253 -1.978784
13.228748 18.577837 -1.733691
13.082719 18.745275 -1.978784
13.491086 18.301502 -1.733691
13.374777 18.410400 -1.978784
14.062396 19.683447 -2.153947
13.547955 18.309683 -1.978784
14.091352 20.736984 -1.744015
14.153093 20.234549 -1.986692
13.520924 21.631680 -1.806279
13.847099 21.224028 -2.002286
12.895842 22.074596 -2.157103
13.213419 21.895931 -2.336161
12.539452 22.225479 -2.839782
10.938549 23.193939 1.112176
10.323715 24.236059 1.197799
10.793562 23.398167 1.447195
10.079405 23.983467 1.198190
10.211284 24.143066 1.495455
9.862123 23.681009 1.197799
9.947527 23.823868 1.495455
10.407086 22.686316 1.984248
9.869669 23.571630 1.491143
10.947272 22.059122 1.221712
10.650501 22.383224 1.476922
11.584789 21.593817 2.383064
11.248981 21.794987 1.642511
12.375418 21.331360 1.314421
11.983854 21.458612 1.697454
12.938471 20.945549 1.245677
12.688721 21.154045 1.525574
13.281776 20.473476 1.233477
13.139380 20.724758 1.411626
13.333620 19.824043 1.713941
13.355991 20.173512 1.406304
12.978160 18.881676 1.712510
13.186255 19.424253 1.403605
13.491086 18.301502 1.712510
14.062396 19.683447 1.231708
13.547955 18.309683 1.403605
14.091352 20.736984 1.723912
14.153093 20.234549 1.406304
13.520924 21.631680 1.792670
13.847099 21.224030 1.411626
12.895842 22.074596 2.180084
13.213419 21.895931 1.525574
12.174568 22.356232 1.341130
12.539452 22.225479 1.697454
11.505526 22.639429 2.110476
11.831509 22.474504 1.642511
11.191872 22.910133 1.476922
13.082719 18.745275 1.403605
10.936567 23.197853 -1.971859
10.323103 24.237265 -2.042392
10.785633 23.413826 -1.530220
10.079405 23.983467 -2.044427
10.211284 24.143064 -1.582551
9.861513 23.682056 -2.042392
9.947527 23.823868 -1.582551
10.405107 22.689711 -1.238022
9.867229 23.575817 -1.578631
10.947272 22.059122 -2.082367
10.650501 22.383224 -1.560324
11.584789 21.593817 -1.469881
11.248981 21.794987 -1.721308
12.375418 21.331360 -2.157103
11.983854 21.458612 -1.780172
12.938471 20.945549 -1.806279
12.688721 21.154045 -1.616120
13.281776 20.473476 -1.744015
13.139380 20.724758 -1.507363
13.333620 19.824043 -1.360587
13.355991 20.173512 -1.502283
12.978160 18.881676 -1.360331
13.186255 19.424253 -1.499707
13.228748 18.577837 -1.360331
13.082719 18.745275 -1.499707
13.491086 18.301502 -1.360331
13.374777 18.410400 -1.499707
14.062396 19.683447 -1.734986
13.547955 18.309683 -1.499707
14.091352 20.736984 -1.362373
14.153093 20.234549 -1.502283
13.520924 21.631680 -1.374691
13.847099 21.224028 -1.507363
12.895842 22.074596 -1.444091
13.213419 21.895931 -1.616120
12.174567 22.356232 -2.339077
12.539452 22.225479 -1.780172
11.505526 22.639429 -1.343587
11.831508 22.474504 -1.721308
11.191872 22.910133 -1.560324
10.394806 24.200665 -1.578631
10.361833 24.161612 -1.212134
10.463593 24.061071 -1.322309
10.131018 23.888241 -1.174379
10.331676 23.909964 -1.173561
10.071823 23.311663 -1.207346
10.067839 23.607748 -1.173561
10.038834 23.276020 -1.559575
9.935921 23.456640 -1.322309
10.038834 23.276020 -2.462922
9.935921 23.456640 -2.023209
10.071823 23.311663 -2.947228
9.935921 23.456640 -2.814470
10.302751 23.561157 -3.005478
10.067839 23.607748 -3.053579
10.533678 23.810652 -2.947228
10.331676 23.909964 -3.053579
10.394806 24.200665 -2.516883
10.463593 24.061071 -2.814470
10.463593 24.061071 -2.023209
10.397250 24.195839 1.491143
10.397250 24.195839 2.615212
10.469241 24.049917 2.039159
10.364275 24.156826 3.039123
10.469241 24.049917 2.888840
10.133459 23.883736 3.080827
10.337320 23.899181 3.053234
9.902643 23.610645 3.039123
10.073481 23.597706 3.053234
10.049192 23.258255 2.560367
9.941561 23.446968 2.888840
10.049192 23.258255 1.477195
9.941561 23.446968 2.039159
10.082183 23.293728 1.077496
9.941561 23.446968 1.195099
10.313116 23.542030 1.038779
10.073481 23.597706 1.036327
10.364276 24.156826 1.075789
10.337320 23.899179 1.036327
10.469242 24.049917 1.195099
10.577040 23.825809 1.477195
10.577040 23.825809 2.560367
10.694021 23.587296 1.996191
10.544049 23.790337 2.968291
10.694021 23.587296 2.806350
10.313116 23.542032 3.008379
10.562017 23.454266 2.962658
10.082183 23.293728 2.968291
10.298012 23.188206 2.962658
10.265448 22.887413 2.502103
10.166008 23.055176 2.806350
10.265447 22.887413 1.447195
10.166008 23.055176 1.996191
10.298454 22.919334 0.986763
10.166008 23.055176 1.178638
10.529505 23.142790 0.936873
10.298012 23.188206 1.014937
10.544050 23.790337 1.077496
10.562017 23.454266 1.014937
10.694022 23.587296 1.178638
10.566667 23.846294 -1.559575
10.533677 23.810652 -1.207346
10.681517 23.611992 -1.297801
10.302751 23.561157 -1.171110
10.549518 23.478142 -1.143999
10.290535 22.933044 -1.116580
10.285519 23.210442 -1.143999
10.257528 22.900993 -1.530220
10.153519 23.076591 -1.297801
10.257528 22.900993 -2.409564
10.153519 23.076591 -1.977661
10.290535 22.933044 -2.873026
10.153519 23.076591 -2.730477
10.521581 23.157410 -2.928707
10.285519 23.210442 -2.957235
10.752626 23.381775 -2.873026
10.549518 23.478142 -2.957235
10.566668 23.846294 -2.462922
10.681517 23.611992 -2.730477
10.681517 23.611992 -1.977661
13.374777 18.410400 1.403605
13.228748 18.577837 1.231454
13.374777 18.410400 2.020249
13.228748 18.577837 1.712510
13.228748 18.577837 2.188898
13.514309 19.241983 2.288002
13.227117 19.401665 2.263226
13.176560 18.953869 2.288002
12.956543 18.956007 2.020249
13.023897 19.094715 2.188898
12.956543 18.956007 1.403605
13.023897 19.094715 1.712511
12.956543 18.956007 1.003878
13.023897 19.094715 1.231454
12.956543 18.956007 -0.070289
13.023897 19.094715 0.528696
12.956543 18.956007 -1.141530
13.023897 19.094715 -0.669273
12.956543 18.956007 -1.499707
13.023897 19.094715 -1.360331
12.956543 18.956007 -1.978784
13.023897 19.094715 -1.733691
12.993506 18.915611 -2.253873
13.023897 19.094715 -2.151489
13.252249 18.632845 -2.288002
13.176560 18.953869 -2.288002
13.510991 18.350079 -2.253873
13.483047 18.670624 -2.288002
13.849339 19.050409 -1.978784
13.636874 18.528225 -2.151489
13.849339 19.050409 -1.499707
13.636874 18.528225 -1.733691
13.849339 19.050409 -1.141530
13.636874 18.528225 -1.360331
13.849339 19.050409 -0.070289
13.636874 18.528225 -0.669273
13.849339 19.050409 1.003878
13.636874 18.528225 0.528696
13.849339 19.050409 1.403605
13.636874 18.528225 1.231454
13.849339 19.050409 2.020249
13.636874 18.528225 1.712511
13.807315 19.074551 2.263226
13.636874 18.528225 2.188898
13.483049 18.670624 2.288002
10.198568 20.929987 -0.255096
10.125237 21.002789 -0.397321
10.024303 21.102989 -0.500653
9.905649 21.220785 -0.554978
9.780889 21.344643 -0.554978
9.662234 21.462437 -0.500653
9.561300 21.562637 -0.397321
9.487968 21.635439 -0.255096
9.449415 21.673714 -0.087900
9.449415 21.673714 0.087900
9.487968 21.635439 0.255096
9.561300 21.562637 0.397321
9.662234 21.462437 0.500653
9.780889 21.344643 0.554978
9.905649 21.220785 0.554978
10.024303 21.102989 0.500653
10.125237 21.002789 0.397321
10.198568 20.929989 0.255096
10.237122 20.891714 0.087900
10.237122 20.891714 -0.087900
11.355036 22.094894 -0.255096
11.281704 22.167694 -0.397321
11.180770 22.267899 -0.500653
11.062116 22.385693 -0.554978
10.937355 22.509548 -0.554978
10.818701 22.627342 -0.500653
10.717768 22.727545 -0.397321
10.644436 22.800346 -0.255096
10.605883 22.838619 -0.087900
10.605883 22.838619 0.087900
10.644436 22.800346 0.255096
10.717768 22.727545 0.397321
10.818701 22.627342 0.500653
10.937355 22.509548 0.554978
11.062116 22.385693 0.554978
11.180770 22.267899 0.500653
11.281704 22.167694 0.397321
11.355036 22.094894 0.255096
11.393589 22.056622 0.087900
11.393589 22.056622 -0.087900
10.438148 21.270391 -0.139992
10.392484 21.315725 -0.266281
10.321358 21.386337 -0.366504
10.231733 21.475311 -0.430851
10.132385 21.573940 -0.453024
10.033037 21.672567 -0.430851
9.943413 21.761543 -0.366504
9.872288 21.832153 -0.266281
9.826622 21.877487 -0.139992
9.810886 21.893108 0.000000
9.826622 21.877487 0.139992
9.872287 21.832153 0.266281
9.943413 21.761543 0.366504
10.033037 21.672567 0.430851
10.132385 21.573940 0.453024
10.231734 21.475311 0.430851
10.321358 21.386337 0.366504
10.392483 21.315725 0.266281
10.438148 21.270391 0.139992
10.453884 21.254770 0.000000
10.450521 22.414606 0.266281
10.404856 22.459942 0.139992
10.169498 22.115343 0.180931
10.389120 22.475563 0.000000
10.142155 22.142490 0.062345
10.404856 22.459942 -0.139992
10.142155 22.142490 -0.062345
10.450521 22.414606 -0.266281
10.169498 22.115343 -0.180931
10.521646 22.343996 -0.366504
10.221511 22.063709 -0.281807
10.611271 22.255022 -0.430851
10.293100 21.992640 -0.355098
10.710619 22.156393 -0.453024
10.377257 21.909092 -0.393629
10.809967 22.057764 -0.430851
10.465747 21.821243 -0.393629
10.899591 21.968790 -0.366504
10.549904 21.737696 -0.355098
10.970716 21.898180 -0.266281
10.621493 21.666624 -0.281807
11.016382 21.852844 -0.139992
10.673506 21.614988 -0.180931
11.032118 21.837223 0.000000
10.700850 21.587843 -0.062345
11.016382 21.852844 0.139992
10.700850 21.587843 0.062345
10.970717 21.898180 0.266281
10.673505 21.614990 0.180931
10.899591 21.968790 0.366504
10.621493 21.666624 0.281807
10.809967 22.057764 0.430851
10.549904 21.737696 0.355097
10.710619 22.156393 0.453024
10.465747 21.821243 0.393629
10.611271 22.255022 0.430851
10.377258 21.909090 0.393629
10.521646 22.343996 0.366504
10.293100 21.992640 0.355097
10.221511 22.063709 0.281807
10.397476 23.015100 2.932465
9.947527 23.823868 2.931352
10.389555 23.029202 -2.928707
13.082720 18.745275 2.188898
10.793562 23.398167 2.778596
10.265448 22.887413 2.778596
11.394613 21.964867 -3.437734
11.248981 21.794987 3.236565
11.394613 21.964867 3.437734
11.831509 22.474504 3.236565
13.559919 20.194199 -2.299352
13.355990 20.173512 2.199279
13.559919 20.194199 2.299352
14.153093 20.234549 2.199279
13.104396 18.794424 -2.288002
12.956543 18.956007 2.188898
13.104396 18.794426 2.288002
13.547955 18.309683 2.188898
11.248981 21.794987 0.507475
13.355991 20.173512 0.528696
12.956542 18.956007 0.528696
13.082719 18.745275 0.528696
13.547955 18.309683 0.528696
14.153092 20.234549 0.528696
11.831508 22.474504 0.507475
10.785633 23.413826 -1.258709
9.947527 23.823868 -1.326906
10.257528 22.900993 -1.258709
11.248981 21.794987 -1.417831
13.355991 20.173512 -1.361356
12.956542 18.956007 -1.360331
13.082719 18.745275 -1.360331
13.547955 18.309683 -1.360331
14.153093 20.234549 -1.361356
11.831509 22.474504 -1.417831
13.213419 21.895931 2.657997
12.819119 21.346495 2.800909
12.688721 21.154043 2.657997
12.688720 21.154045 0.528696
12.688720 21.154045 -1.406641
12.819119 21.346495 -2.800909
13.213419 21.895931 -1.406641
13.213419 21.895931 0.528696
12.539453 22.225479 3.319058
12.124304 21.654982 3.523704
11.983853 21.458612 3.319058
11.983854 21.458612 0.528696
11.983854 21.458612 -1.471902
12.124304 21.654982 -3.523704
12.539452 22.225479 -1.471902
12.539452 22.225479 0.528696
11.191871 22.910133 2.839488
10.785845 22.514952 3.003576
10.650501 22.383224 2.839489
10.650501 22.383224 0.433479
10.650501 22.383224 -1.274983
10.785844 22.514952 -3.003576
11.191871 22.910133 -1.274983
11.191871 22.910133 0.433479
10.397476 23.015100 0.936873
10.389555 23.029202 -1.069204
10.488245 22.861416 0.380705
13.139380 20.724758 2.219747
13.139380 20.724758 0.528696
13.139380 20.724758 -1.363376
13.320961 20.854227 -2.321732
13.847099 21.224028 -1.363376
13.847099 21.224030 0.528696
13.847099 21.224028 2.219747
13.320961 20.854227 2.321732
10.488245 22.861416 -0.520428
10.650501 22.383224 -0.567987
11.248981 21.794987 -0.642410
11.983854 21.458612 -0.669273
12.688720 21.154045 -0.669273
13.139380 20.724758 -0.669273
13.355991 20.173512 -0.669273
12.956542 18.956007 -0.669273
13.082719 18.745275 -0.669273
13.547955 18.309683 -0.669273
14.153092 20.234549 -0.669273
13.847099 21.224030 -0.669273
13.213419 21.895931 -0.669273
12.539452 22.225479 -0.669273
11.831508 22.474504 -0.642410
11.191871 22.910133 -0.567987
11.831509 22.474504 2.269554
11.191871 22.910133 2.021496
10.793562 23.398167 1.980360
9.947527 23.823868 2.061891
10.265447 22.887413 1.980360
10.650501 22.383224 2.021496
11.248981 21.794987 2.269554
11.983854 21.458612 2.335334
12.688720 21.154045 1.971028
13.139380 20.724758 1.729511
13.355991 20.173512 1.718231
12.956542 18.956007 1.712510
13.082719 18.745275 1.712510
13.547955 18.309683 1.712510
14.153093 20.234549 1.718231
13.847099 21.224028 1.729511
13.213419 21.895931 1.971028
12.539452 22.225479 2.335335
13.400101 18.471264 2.288002
13.958469 20.224716 2.299352
13.674822 21.103863 2.321732
13.081469 21.717440 2.800909
12.402102 22.038414 3.523704
11.685877 22.304626 3.437734
11.056529 22.778406 3.003576
10.661533 23.270477 2.932465
10.211284 24.143066 2.931352
10.211284 24.143066 2.061891
10.661533 23.270477 0.936873
10.752336 23.109623 0.380705
10.752336 23.109623 -0.520428
10.653606 23.285618 -1.069204
10.211284 24.143064 -1.326906
10.653606 23.285618 -2.928707
11.056528 22.778406 -3.003576
11.685876 22.304626 -3.437734
12.402102 22.038414 -3.523704
13.081469 21.717440 -2.800909
13.674822 21.103863 -2.321732
13.958469 20.224716 -2.299352
13.400101 18.471264 -2.288002
13.374777 18.410400 -1.360331
13.374777 18.410400 -0.669273
13.374777 18.410400 0.528696
11.831509 22.474504 -3.140493
11.191871 22.910133 -2.764456
10.785633 23.413826 -2.705986
10.211284 24.143064 -2.854605
9.947527 23.823868 -2.854605
10.257528 22.900993 -2.705986
10.650501 22.383224 -2.764456
11.248981 21.794987 -3.140493
11.983854 21.458612 -3.221769
12.688720 21.154045 -2.595734
13.139380 20.724758 -2.180704
13.355991 20.173512 -2.161320
12.956542 18.956007 -2.151489
13.082719 18.745275 -2.151489
13.374777 18.410400 -2.151489
13.547955 18.309683 -2.151489
14.153093 20.234549 -2.161320
13.847099 21.224028 -2.180704
13.213419 21.895931 -2.595734
12.539452 22.225479 -3.221769
10.793562 23.398167 1.136433
10.211284 24.143066 1.198190
9.947527 23.823868 1.198190
10.265447 22.887413 1.136433
10.650501 22.383224 1.151009
11.248981 21.794987 1.293065
11.983854 21.458612 1.341969
12.688720 21.154045 1.277325
13.139380 20.724758 1.234470
13.355991 20.173512 1.232469
12.956542 18.956007 1.231454
13.082719 18.745275 1.231454
13.547955 18.309683 1.231454
14.153093 20.234549 1.232469
13.847098 21.224030 1.234470
13.213419 21.895931 1.277326
12.539452 22.225479 1.341969
11.831509 22.474504 1.293065
11.191871 22.910133 1.151009
10.785633 23.413826 -1.965740
10.211284 24.143064 -2.044427
9.947527 23.823868 -2.044427
10.257528 22.900993 -1.965740
10.650501 22.383224 -2.003397
11.248981 21.794987 -2.230781
11.983854 21.458612 -2.297691
12.688720 21.154045 -1.967792
13.139380 20.724758 -1.749086
13.355991 20.173512 -1.738871
12.956542 18.956007 -1.733691
13.082719 18.745275 -1.733691
13.374777 18.410400 -1.733691
13.547955 18.309683 -1.733691
14.153093 20.234549 -1.738871
13.847099 21.224028 -1.749086
13.213419 21.895931 -1.967792
12.539452 22.225479 -2.297691
11.831509 22.474504 -2.230781
11.191871 22.910133 -2.003397
10.394806 24.200665 -1.325398
10.262912 24.044453 -1.174379
9.999124 23.732029 -1.174379
9.867229 23.575817 -1.325399
9.867229 23.575817 -2.036289
9.867229 23.575817 -2.838923
9.999123 23.732029 -3.081684
10.262912 24.044453 -3.081684
10.394806 24.200665 -2.838922
10.394806 24.200665 -2.036289
10.397250 24.195839 2.052464
10.397249 24.195839 2.914008
10.265354 24.039787 3.080827
10.001564 23.727684 3.080827
9.869669 23.571632 2.914008
9.869669 23.571632 2.052464
9.869669 23.571630 1.196625
10.001564 23.727682 1.035510
10.265354 24.039785 1.035510
10.397250 24.195839 1.196625
10.577040 23.825809 2.018096
10.577040 23.825809 2.848026
10.445078 23.683920 3.008379
10.181154 23.400145 3.008379
10.049192 23.258255 2.848026
10.049192 23.258255 2.018096
10.049192 23.258255 1.193648
10.181155 23.400143 1.038779
10.445078 23.683920 1.038779
10.577041 23.825809 1.193648
10.566667 23.846294 -1.316056
10.434709 23.703726 -1.171110
10.170792 23.418589 -1.171110
10.038834 23.276020 -1.316056
10.038834 23.276020 -2.000242
10.038834 23.276020 -2.772480
10.170792 23.418589 -3.005478
10.434709 23.703726 -3.005478
10.566668 23.846294 -2.772480
10.566667 23.846294 -2.000242
13.374777 18.410400 1.231454
13.374777 18.410400 1.712510
13.374778 18.410400 2.188898
13.349701 19.333895 2.288002
13.186255 19.424253 2.188898
13.186255 19.424253 1.712511
13.186255 19.424253 1.231454
13.186255 19.424253 0.528696
13.186255 19.424253 -0.669273
13.186255 19.424253 -1.360331
13.186255 19.424253 -1.733691
13.186255 19.424253 -2.151489
13.349700 19.333895 -2.288002
13.681242 19.146973 -2.288002
13.849339 19.050409 -2.151489
13.849339 19.050409 -1.733691
13.849339 19.050409 -1.360331
13.849339 19.050409 -0.669273
13.849339 19.050409 0.528696
13.849339 19.050409 1.231454
13.849339 19.050409 1.712510
13.849339 19.050409 2.188898
13.681243 19.146973 2.288002
10.418821 21.289579 -0.205653
10.359702 21.348270 -0.320312
10.278332 21.429050 -0.403616
10.182674 21.524015 -0.447412
10.082096 21.623865 -0.447412
9.986439 21.718828 -0.403616
9.905068 21.799610 -0.320312
9.845949 21.858299 -0.205653
9.814869 21.889154 -0.070863
9.814869 21.889154 0.070863
9.845949 21.858299 0.205653
9.905068 21.799610 0.320312
9.986439 21.718828 0.403616
10.082096 21.623865 0.447412
10.182675 21.524014 0.447412
10.278332 21.429050 0.403616
10.359702 21.348270 0.320312
10.418821 21.289579 0.205653
10.449902 21.258724 0.070863
10.449902 21.258724 -0.070863
10.424183 22.440754 0.205653
10.393103 22.471609 0.070863
10.393103 22.471609 -0.070863
10.424183 22.440754 -0.205653
10.483302 22.382063 -0.320312
10.564672 22.301283 -0.403616
10.660329 22.206320 -0.447412
10.760909 22.106468 -0.447412
10.856565 22.011503 -0.403616
10.937936 21.930723 -0.320312
10.997054 21.872032 -0.205653
11.028135 21.841179 -0.070863
11.028135 21.841179 0.070863
10.997054 21.872034 0.205653
10.937936 21.930723 0.320312
10.856565 22.011503 0.403616
10.760909 22.106468 0.447412
10.660330 22.206318 0.447412
10.564672 22.301283 0.403616
10.483303 22.382063 0.320312
-13.010618 18.858189 2.243955
-13.467768 18.346382 2.243955
-9.898272 23.693636 3.016681
-10.308586 24.184649 3.016681
-9.897188 23.695515 -2.983041
-10.307501 24.186775 -2.983041
-13.010618 18.858189 -2.227329
-13.467768 18.346382 -2.227329
-10.903350 23.166096 -2.881750
-10.438324 22.721468 -2.881750
-10.440304 22.718040 2.900126
-10.905333 23.162212 2.900126
-12.137803 22.308870 -3.550083
-11.621747 21.641756 -3.550083
-11.621747 21.641756 3.575872
-12.137803 22.308870 3.575872
-14.016413 19.693542 -2.256616
-13.378733 19.816566 -2.256616
-13.378731 19.816566 2.266003
-14.016413 19.693542 2.266003
-10.897923 23.188263 0.827366
-10.308587 24.184649 1.107638
-9.898272 23.693636 1.107638
-10.409894 22.724672 0.827366
-11.584788 21.593817 1.024312
-13.333619 19.824043 1.003941
-12.978160 18.881678 1.003878
-13.491087 18.301502 1.003878
-14.062397 19.683447 1.003941
-12.174568 22.356232 1.024312
-10.896654 23.190746 -0.962911
-10.307501 24.186775 -1.242001
-9.897188 23.695515 -1.242001
-10.408627 22.726868 -0.962911
-11.584788 21.593817 -1.160875
-13.333619 19.824043 -1.141594
-12.978160 18.881678 -1.141530
-13.491087 18.301502 -1.141530
-14.062397 19.683447 -1.141594
-12.174568 22.356232 -1.160875
-13.520924 21.631680 1.007434
-13.484182 21.590103 2.418869
-12.974535 20.989740 2.418869
-12.938471 20.945549 1.007433
-12.938471 20.945549 -1.145120
-12.974535 20.989740 -2.407590
-13.484182 21.590103 -2.407590
-13.520924 21.631680 -1.145120
-12.895842 22.074596 1.024619
-12.863752 22.030035 3.171097
-12.408381 21.379704 3.171097
-12.375418 21.331362 1.024619
-12.375418 21.331362 -1.162470
-12.408381 21.379704 -3.150506
-12.863752 22.030035 -3.150506
-12.895842 22.074596 -1.162470
-11.505525 22.639429 0.936414
-11.470634 22.603161 3.114064
-10.982163 22.095390 3.114064
-10.947272 22.059122 0.936414
-10.947272 22.059122 -1.065834
-10.982163 22.095390 -3.093056
-11.470634 22.603161 -3.093056
-11.505525 22.639429 -1.065834
-13.334701 20.491158 2.285363
-13.281775 20.473476 1.004383
-13.281775 20.473476 -1.142041
-13.334701 20.491158 -2.275737
-14.043079 20.721725 -2.275737
-14.091352 20.736984 -1.142041
-14.091352 20.736984 1.004383
-14.043080 20.721725 2.285363
-10.928243 23.121803 -0.069397
-10.462787 22.679815 -0.069397
-10.947272 22.059122 -0.066030
-11.584789 21.593817 -0.069584
-12.375418 21.331360 -0.070289
-12.938471 20.945549 -0.070289
-13.281775 20.473476 -0.070289
-13.333620 19.824043 -0.070289
-12.978160 18.881678 -0.070289
-13.491087 18.301502 -0.070289
-14.062397 19.683447 -0.070289
-14.091352 20.736984 -0.070289
-13.520924 21.631680 -0.070289
-12.895842 22.074596 -0.070289
-12.174568 22.356232 -0.069584
-11.505526 22.639429 -0.066030
-12.174568 22.356232 3.049603
-11.505525 22.639429 2.672676
-10.938549 23.193937 2.505826
-10.323715 24.236059 2.626128
-9.862123 23.681009 2.626128
-10.407086 22.686316 2.505826
-10.947272 22.059122 2.672676
-11.584788 21.593817 3.049603
-12.375418 21.331360 2.733860
-12.938471 20.945549 2.142589
-13.281775 20.473476 2.037650
-13.333619 19.824043 2.022432
-12.978160 18.881678 2.020249
-13.491087 18.301502 2.020249
-14.062397 19.683447 2.022432
-14.091352 20.736984 2.037650
-13.520924 21.631680 2.142589
-12.895842 22.074596 2.733860
-13.234625 18.591589 2.263226
-13.695391 19.761597 2.290839
-13.700521 20.612499 2.310622
-13.227663 21.296465 2.447041
-12.638247 21.714317 3.215682
-11.880259 21.976768 3.629535
-11.226399 22.349276 3.158885
-10.672818 22.940126 2.939028
-10.092918 23.958534 3.052940
-10.079405 23.983467 2.629767
-10.092918 23.958534 1.076180
-10.597594 23.024837 0.745244
-10.620291 22.985519 -0.070075
-10.595613 23.028490 -0.882691
-10.092308 23.959661 -1.212511
-10.092308 23.959661 -3.033968
-10.670837 22.943783 -2.938088
-11.226398 22.349276 -3.158885
-11.880259 21.976768 -3.629535
-12.638247 21.714317 -3.215682
-13.227663 21.296465 -2.447041
-13.700521 20.612499 -2.310622
-13.695391 19.761597 -2.290839
-13.234623 18.591589 -2.253874
-13.228748 18.577837 -1.141530
-13.228748 18.577837 -0.070289
-13.228748 18.577837 1.003878
-12.174568 22.356232 -2.909663
-11.505526 22.639429 -2.560607
-10.936566 23.197853 -2.414841
-10.323103 24.237265 -2.526322
-10.079405 23.983467 -2.529468
-9.861513 23.682056 -2.526322
-10.405107 22.689711 -2.414841
-10.947272 22.059122 -2.560607
-11.584789 21.593817 -2.909663
-12.375418 21.331362 -2.625162
-12.938471 20.945549 -2.089597
-13.281775 20.473476 -1.994545
-13.333620 19.824043 -1.980761
-12.978160 18.881678 -1.978783
-13.228748 18.577837 -1.978783
-13.491087 18.301502 -1.978783
-14.062397 19.683447 -1.980761
-14.091352 20.736984 -1.994545
-13.520924 21.631680 -2.089597
-12.895842 22.074596 -2.625162
-10.938549 23.193937 1.444445
-10.323715 24.236059 1.494377
-10.079405 23.983467 1.495455
-9.862123 23.681009 1.494377
-10.407086 22.686316 1.444445
-10.947272 22.059122 1.543365
-11.584789 21.593817 1.713996
-12.375418 21.331360 1.624207
-12.938471 20.945549 1.441424
-13.281775 20.473476 1.408984
-13.333620 19.824043 1.404279
-12.978160 18.881676 1.403605
-13.491087 18.301502 1.403605
-14.062397 19.683447 1.404279
-14.091352 20.736984 1.408984
-13.520924 21.631680 1.441424
-12.895842 22.074596 1.624207
-12.174568 22.356232 1.713996
-11.505526 22.639429 1.543365
-10.936567 23.197853 -1.530636
-10.323103 24.237265 -1.581571
-10.079405 23.983467 -1.582551
-9.861513 23.682056 -1.581571
-10.405107 22.689711 -1.530637
-10.947272 22.059122 -1.622732
-11.584789 21.593817 -1.794354
-12.375418 21.331360 -1.710261
-12.938471 20.945549 -1.535804
-13.281775 20.473476 -1.504841
-13.333620 19.824043 -1.500351
-12.978160 18.881678 -1.499707
-13.228748 18.577837 -1.499707
-13.491087 18.301502 -1.499707
-14.062397 19.683447 -1.500351
-14.091352 20.736984 -1.504841
-13.520924 21.631680 -1.535804
-12.895842 22.074596 -1.710261
-12.174566 22.356232 -1.794354
-11.505526 22.639429 -1.622731
-10.463593 24.061071 -1.571908
-10.430614 24.023294 -1.210748
-10.199758 23.758856 -1.173561
-9.968900 23.494417 -1.210748
-9.935921 23.456640 -1.571908
-9.935921 23.456640 -2.497100
-9.968900 23.494417 -2.993802
-10.199758 23.758856 -3.053579
-10.430614 24.023294 -2.993802
-10.463593 24.061071 -2.497100
-10.469241 24.049917 1.485500
-10.469241 24.049917 2.594223
-10.436261 24.012234 3.012136
-10.205400 23.748444 3.053234
-9.974541 23.484653 3.012136
-9.941561 23.446968 2.594223
-9.941561 23.446968 1.485500
-9.974541 23.484653 1.076020
-10.205400 23.748444 1.036327
-10.436261 24.012234 1.076020
-10.694021 23.587296 1.464877
-10.694021 23.587296 2.525656
-10.661020 23.554037 2.923581
-10.430015 23.321236 2.962658
-10.199009 23.088432 2.923581
-10.166008 23.055176 2.525656
-10.166008 23.055176 1.464877
-10.199008 23.088432 1.055862
-10.430015 23.321236 1.014937
-10.661021 23.554037 1.055862
-10.681517 23.611992 -1.544668
-10.648517 23.578529 -1.182449
-10.417519 23.344292 -1.143999
-10.186519 23.110054 -1.182449
-10.153520 23.076591 -1.544668
-10.153520 23.076591 -2.428894
-10.186519 23.110054 -2.900546
-10.417519 23.344292 -2.957235
-10.648517 23.578529 -2.900546
-10.681517 23.611992 -2.428894
-13.228748 18.577837 1.403605
-13.228748 18.577837 2.020249
-13.329515 18.812634 2.288002
-13.062063 19.059504 2.263226
-13.023897 19.094715 2.020249
-13.023897 19.094715 1.403605
-13.023897 19.094715 1.003878
-13.023897 19.094715 -0.070289
-13.023897 19.094715 -1.141530
-13.023897 19.094715 -1.499707
-13.023897 19.094715 -1.978783
-13.062063 19.059504 -2.253874
-13.329514 18.812634 -2.288002
-13.598418 18.563824 -2.253874
-13.636874 18.528225 -1.978784
-13.636874 18.528225 -1.499707
-13.636874 18.528225 -1.141530
-13.636874 18.528225 -0.070289
-13.636874 18.528225 1.003878
-13.636874 18.528225 1.403605
-13.636874 18.528225 2.020249
-13.598418 18.563824 2.263226
-10.222544 20.906187 -0.173649
-10.165899 20.962420 -0.330300
-10.077673 21.050007 -0.454618
-9.966502 21.160372 -0.534436
-9.843268 21.282713 -0.561939
-9.720035 21.405054 -0.534436
-9.608864 21.515419 -0.454618
-9.520638 21.603006 -0.330300
-9.463994 21.659241 -0.173649
-9.444475 21.678617 0.000000
-9.463994 21.659241 0.173649
-9.520638 21.603006 0.330300
-9.608864 21.515419 0.454618
-9.720035 21.405054 0.534436
-9.843268 21.282713 0.561939
-9.966502 21.160372 0.534436
-10.077673 21.050007 0.454618
-10.165899 20.962420 0.330300
-10.222544 20.906187 0.173649
-10.242062 20.886808 0.000000
-11.379011 22.071095 -0.173649
-11.322367 22.127327 -0.330300
-11.234140 22.214914 -0.454618
-11.122969 22.325279 -0.534436
-10.999735 22.447620 -0.561939
-10.876501 22.569962 -0.534436
-10.765331 22.680326 -0.454618
-10.677105 22.767914 -0.330300
-10.620461 22.824146 -0.173649
-10.600943 22.843525 0.000000
-10.620461 22.824146 0.173649
-10.677105 22.767914 0.330300
-10.765331 22.680326 0.454618
-10.876501 22.569962 0.534436
-10.999735 22.447620 0.561939
-11.122969 22.325279 0.534436
-11.234140 22.214914 0.454618
-11.322366 22.127327 0.330300
-11.379009 22.071095 0.173649
-11.398529 22.051716 0.000000
-10.192670 22.092340 0.234271
-10.152494 22.132227 0.123164
-10.138650 22.145969 0.000000
-10.152494 22.132227 -0.123164
-10.192670 22.092340 -0.234271
-10.255246 22.030218 -0.322447
-10.334096 21.951941 -0.379059
-10.421502 21.865168 -0.398566
-10.508908 21.778395 -0.379059
-10.587758 21.700115 -0.322447
-10.650334 21.637993 -0.234271
-10.690510 21.598108 -0.123164
-10.704353 21.584366 0.000000
-10.690510 21.598108 0.123164
-10.650334 21.637993 0.234271
-10.587758 21.700115 0.322447
-10.508907 21.778395 0.379058
-10.421503 21.865168 0.398566
-10.334096 21.951939 0.379058
-10.255246 22.030218 0.322447
-12.993506 18.915611 2.263226
-13.510991 18.350079 2.263226
-9.862123 23.681009 2.927016
-9.900203 23.614870 -3.020994
-10.361833 24.161612 -3.020994
-12.978160 18.881676 -2.151489
-13.491086 18.301502 -2.151489
-11.158035 22.877201 -2.943796
-10.684337 22.416157 -2.943796
-10.803701 23.070818 -2.938088
-10.298454 22.919334 2.893997
-10.405107 22.689711 -2.712736
-10.760555 23.366243 2.893997
-12.505115 22.178713 -3.448220
-12.018967 21.507706 -3.448220
-12.027511 22.166790 -3.629535
-11.285389 21.837456 3.387441
-11.584789 21.593817 -3.311729
-11.795100 22.432035 3.387441
-11.732622 21.785583 3.629535
-12.174568 22.356232 3.414883
-13.807315 19.074551 -2.253873
-13.227117 19.401665 -2.253873
-13.878458 19.723829 -2.290839
-13.406973 20.178684 2.274334
-13.333620 19.824043 -2.153947
-14.104437 20.232090 2.274334
-10.928243 23.121803 0.393899
-10.760554 23.366243 0.986763
-10.407086 22.686316 1.112176
-9.902643 23.610643 1.075789
-11.584789 21.593817 1.341130
-10.650501 22.383224 0.863335
-13.333620 19.824043 1.231707
-11.983854 21.458612 1.031506
-12.978160 18.881676 1.231454
-13.186255 19.424253 1.003878
-13.491086 18.301502 1.231454
-14.062396 19.683447 0.528696
-13.547955 18.309683 1.003878
-12.174567 22.356232 0.523391
-14.153092 20.234549 1.004131
-11.831509 22.474504 0.991344
-10.936567 23.197853 -1.238022
-10.323103 24.237265 -1.326530
-10.752626 23.381775 -1.116580
-9.861513 23.682056 -1.326530
-10.224191 24.118414 -1.212511
-10.462786 22.679815 -0.532318
-9.900203 23.614870 -1.212134
-11.584789 21.593817 -0.662558
-10.650501 22.383224 -0.994996
-13.333620 19.824043 -0.669273
-11.983854 21.458612 -1.169423
-12.978160 18.881676 -0.669273
-13.186255 19.424253 -1.141530
-13.491086 18.301502 -0.669273
-14.062396 19.683447 -1.360587
-13.547955 18.309683 -1.141530
-12.174567 22.356232 -1.469881
-14.153093 20.234549 -1.141786
-11.831509 22.474504 -1.123737
-13.213419 21.895931 1.015345
-13.180431 21.851309 2.765181
-13.520924 21.631680 1.245677
-12.721320 21.202156 2.765181
-13.373953 21.465380 2.447041
-13.139380 20.724758 1.004632
-13.139380 20.724758 -1.142292
-12.938471 20.945549 0.528696
-13.184774 20.757126 -2.286475
-12.938471 20.945549 -1.374691
-13.804029 21.193987 -2.286475
-13.213419 21.895931 -1.153108
-13.520924 21.631680 -2.289238
-13.520924 21.631680 -0.669273
-12.539452 22.225479 1.031506
-12.505115 22.178713 3.472542
-12.895842 22.074596 1.314421
-12.018967 21.507706 3.472542
-12.767480 21.896349 3.215681
-12.688721 21.154045 1.015345
-12.688721 21.154045 -1.153108
-12.375418 21.331360 0.528696
-12.721320 21.202156 -2.749615
-12.375418 21.331360 -1.444091
-13.180431 21.851309 -2.749615
-12.539452 22.225479 -1.169423
-12.895842 22.074596 -2.954982
-12.895842 22.074596 -0.669273
-11.191872 22.910133 0.863335
-11.158036 22.877203 2.962554
-11.505526 22.639429 1.221712
-10.684338 22.416157 2.962554
-11.365962 22.494352 3.158885
-11.248981 21.794987 0.991344
-11.248981 21.794987 -1.123737
-10.947272 22.059122 0.478366
-11.285389 21.837456 -3.363424
-10.947272 22.059122 -1.343587
-11.795100 22.432035 -3.363424
-11.191872 22.910133 -0.994996
-11.505526 22.639429 -2.895567
-11.505526 22.639429 -0.610373
-10.729635 23.149837 0.745244
-13.184774 20.757126 2.296236
-13.355991 20.173512 1.004131
-13.355991 20.173512 -1.141786
-13.281776 20.473476 0.528696
-13.406973 20.178684 -2.264844
-13.281776 20.473476 -1.362373
-14.104437 20.232090 -2.264844
-13.847099 21.224028 -1.142292
-14.091352 20.736984 -2.171082
-13.847098 21.224030 1.004632
-14.091352 20.736984 -0.669273
-13.804029 21.193987 2.296236
-14.091352 20.736984 1.233477
-13.898262 20.675953 2.310622
-10.928243 23.121803 -0.532318
-10.462786 22.679815 0.393898
-10.752336 23.109623 -0.070075
-10.947272 22.059122 -0.610373
-10.650501 22.383224 -0.067361
-11.584789 21.593817 0.523391
-11.248981 21.794987 -0.067468
-12.375418 21.331360 -0.669273
-11.983854 21.458612 -0.070289
-12.938471 20.945549 -0.669273
-12.688721 21.154045 -0.070289
-13.281776 20.473476 -0.669273
-13.139380 20.724758 -0.070289
-13.333620 19.824043 0.528696
-13.355991 20.173512 -0.070289
-12.978160 18.881676 0.528696
-13.186255 19.424253 -0.070289
-13.491086 18.301502 0.528696
-14.062396 19.683447 -0.669273
-13.547955 18.309683 -0.070289
-14.091352 20.736984 0.528696
-14.153092 20.234549 -0.070289
-13.520924 21.631680 0.528696
-13.847099 21.224030 -0.070289
-12.895842 22.074596 0.528696
-13.213419 21.895931 -0.070289
-12.174567 22.356232 -0.662558
-12.539452 22.225479 -0.070289
-11.505526 22.639429 0.478366
-11.831509 22.474504 -0.067468
-11.191872 22.910133 -0.067361
-10.938549 23.193939 2.783422
-10.323715 24.236059 2.927016
-10.947272 22.059122 2.979600
-12.375417 21.331360 3.037344
-12.938471 20.945549 2.334353
-13.281776 20.473476 2.209587
-14.062396 19.683447 2.191493
-10.539953 22.813221 2.939028
-9.961037 23.799822 3.052940
-10.224801 24.117247 1.076180
-10.463573 22.903360 -0.882691
-9.960426 23.800907 -3.033968
-11.086836 22.204199 -3.158885
-12.507267 21.524729 -3.215681
-13.082727 21.122314 -2.447041
-13.493475 20.544199 -2.310622
-13.088139 18.757563 -2.253873
-13.082719 18.745275 -1.141530
-13.082719 18.745275 -0.070289
-13.082719 18.745275 1.003878
-13.088139 18.757563 2.263226
-13.514069 19.794128 2.290839
-12.174568 22.356232 2.383064
-11.505526 22.639429 2.979600
-11.831509 22.474504 2.894228
-10.938549 23.193937 1.984248
-11.191872 22.910133 2.552947
-10.323715 24.236059 2.059534
-10.793562 23.398167 2.502103
-9.862123 23.681009 2.059534
-10.211284 24.143066 2.629767
-10.407087 22.686316 2.783422
-9.869669 23.571632 2.615212
-10.947272 22.059122 2.110475
-10.650501 22.383224 2.552947
-11.584788 21.593817 3.414883
-11.248981 21.794987 2.894228
-12.375418 21.331360 2.180084
-11.983854 21.458612 2.970804
-12.938471 20.945549 1.792670
-12.688721 21.154045 2.414799
-13.281776 20.473476 1.723912
-13.139380 20.724758 2.046196
-13.333619 19.824043 2.191493
-13.355991 20.173512 2.028980
-12.978161 18.881676 2.188898
-13.186255 19.424253 2.020249
-13.082719 18.745275 2.020249
-13.491087 18.301502 2.188898
-14.062396 19.683447 1.713941
-13.547955 18.309683 2.020249
-14.091352 20.736984 2.209587
-14.153093 20.234549 2.028980
-13.520924 21.631680 2.334353
-13.847099 21.224028 2.046196
-12.895842 22.074596 3.037344
-13.213419 21.895931 2.414799
-12.539452 22.225479 2.970804
-13.381109 18.425615 2.263226
-13.878458 19.723829 2.290839
-13.252249 18.632845 2.288002
-13.493475 20.544199 2.310622
-13.761520 20.212172 2.299352
-13.082727 21.122314 2.447041
-13.500217 20.981371 2.321732
-12.507267 21.524729 3.215681
-12.949905 21.535456 2.800909
-12.027511 22.166790 3.629535
-12.263978 21.849024 3.523704
-11.086836 22.204199 3.158885
-11.540245 22.134747 3.437734
-10.805684 23.067034 2.939028
-10.921187 22.646681 3.003576
-10.224801 24.117247 3.052940
-10.529505 23.142790 2.932465
-9.947527 23.823868 2.629767
-10.079405 23.983467 2.931352
-9.961037 23.799822 1.076180
-10.079405 23.983467 2.061891
-10.465553 22.899837 0.745244
-10.133459 23.883736 1.035510
-10.488245 22.861416 -0.070075
-10.620291 22.985519 0.380705
-10.727654 23.153622 -0.882691
-10.620291 22.985519 -0.520428
-9.960426 23.800907 -1.212511
-10.521581 23.157410 -1.069204
-10.224191 24.118414 -3.033968
-10.079405 23.983467 -1.326906
-10.537972 22.816746 -2.938088
-10.131018 23.888241 -3.081684
-11.365961 22.494352 -3.158885
-10.921186 22.646679 -3.003576
-11.732622 21.785583 -3.629535
-11.540245 22.134747 -3.437734
-12.767480 21.896349 -3.215681
-12.263978 21.849024 -3.523704
-13.373953 21.465380 -2.447041
-12.949905 21.535456 -2.800909
-13.898262 20.675953 -2.310622
-13.500217 20.981371 -2.321732
-13.514069 19.794128 -2.290839
-13.761520 20.212172 -2.299352
-13.381108 18.425615 -2.253873
-13.514309 19.241983 -2.288002
-13.374777 18.410400 -1.141530
-13.228748 18.577837 -2.151489
-13.374777 18.410400 -0.070289
-13.228748 18.577837 -0.669273
-13.374777 18.410400 1.003878
-13.228748 18.577837 0.528696
-12.174568 22.356232 -3.311729
-11.505526 22.639429 -2.082367
-11.831509 22.474504 -2.764445
-10.936567 23.197853 -2.712736
-11.191872 22.910133 -2.454631
-10.323103 24.237265 -2.850685
-10.785633 23.413826 -2.409564
-10.079405 23.983467 -2.854605
-10.211284 24.143064 -2.529468
-9.861513 23.682056 -2.850685
-9.947527 23.823868 -2.529468
-10.405107 22.689711 -1.971859
-9.867229 23.575817 -2.516883
-10.947272 22.059122 -2.895567
-10.650501 22.383224 -2.454631
-11.584789 21.593817 -2.339077
-11.248981 21.794987 -2.764445
-12.375418 21.331360 -2.954982
-11.983854 21.458612 -2.839782
-12.938471 20.945549 -2.289238
-12.688721 21.154045 -2.336161
-13.281776 20.473476 -2.171082
-13.139380 20.724758 -2.002286
-13.333620 19.824043 -1.734986
-13.355991 20.173512 -1.986692
-12.978160 18.881676 -1.733691
-13.186255 19.424253 -1.978784
-13.228748 18.577837 -1.733691
-13.082719 18.745275 -1.978784
-13.491086 18.301502 -1.733691
-13.374777 18.410400 -1.978784
-14.062396 19.683447 -2.153947
-13.547955 18.309683 -1.978784
-14.091352 20.736984 -1.744015
-14.153093 20.234549 -1.986692
-13.520924 21.631680 -1.806279
-13.847099 21.224028 -2.002286
-12.895842 22.074596 -2.157103
-13.213419 21.895931 -2.336161
-12.539452 22.225479 -2.839782
-10.938549 23.193939 1.112176
-10.323715 24.236059 1.197799
-10.793562 23.398167 1.447195
-10.079405 23.983467 1.198190
-10.211284 24.143066 1.495455
-9.862123 23.681009 1.197799
-9.947527 23.823868 1.495455
-10.407086 22.686316 1.984248
-9.869669 23.571630 1.491143
-10.947272 22.059122 1.221712
-10.650501 22.383224 1.476922
-11.584789 21.593817 2.383064
-11.248981 21.794987 1.642511
-12.375418 21.331360 1.314421
-11.983854 21.458612 1.697454
-12.938471 20.945549 1.245677
-12.688721 21.154045 1.525574
-13.281776 20.473476 1.233477
-13.139380 20.724758 1.411626
-13.333620 19.824043 1.713941
-13.355991 20.173512 1.406304
-12.978160 18.881676 1.712510
-13.186255 19.424253 1.403605
-13.491086 18.301502 1.712510
-14.062396 19.683447 1.231708
-13.547955 18.309683 1.403605
-14.091352 20.736984 1.723912
-14.153093 20.234549 1.406304
-13.520924 21.631680 1.792670
-13.847099 21.224030 1.411626
-12.895842 22.074596 2.180084
-13.213419 21.895931 1.525574
-12.174568 22.356232 1.341130
-12.539452 22.225479 1.697454
-11.505526 22.639429 2.110476
-11.831509 22.474504 1.642511
-11.191872 22.910133 1.476922
-13.082719 18.745275 1.403605
-10.936567 23.197853 -1.971859
-10.323103 24.237265 -2.042392
-10.785633 23.413826 -1.530220
-10.079405 23.983467 -2.044427
-10.211284 24.143064 -1.582551
-9.861513 23.682056 -2.042392
-9.947527 23.823868 -1.582551
-10.405107 22.689711 -1.238022
-9.867229 23.575817 -1.578631
-10.947272 22.059122 -2.082367
-10.650501 22.383224 -1.560324
-11.584789 21.593817 -1.469881
-11.248981 21.794987 -1.721308
-12.375418 21.331360 -2.157103
-11.983854 21.458612 -1.780172
-12.938471 20.945549 -1.806279
-12.688721 21.154045 -1.616120
-13.281776 20.473476 -1.744015
-13.139380 20.724758 -1.507363
-13.333620 19.824043 -1.360587
-13.355991 20.173512 -1.502283
-12.978160 18.881676 -1.360331
-13.186255 19.424253 -1.499707
-13.228748 18.577837 -1.360331
-13.082719 18.745275 -1.499707
-13.491086 18.301502 -1.360331
-13.374777 18.410400 -1.499707
-14.062396 19.683447 -1.734986
-13.547955 18.309683 -1.499707
-14.091352 20.736984 -1.362373
-14.153093 20.234549 -1.502283
-13.520924 21.631680 -1.374691
-13.847099 21.224028 -1.507363
-12.895842 22.074596 -1.444091
-13.213419 21.895931 -1.616120
-12.174567 22.356232 -2.339077
-12.539452 22.225479 -1.780172
-11.505526 22.639429 -1.343587
-11.831508 22.474504 -1.721308
-11.191872 22.910133 -1.560324
-10.394806 24.200665 -1.578631
-10.361833 24.161612 -1.212134
-10.463593 24.061071 -1.322309
-10.131018 23.888241 -1.174379
-10.331676 23.909964 -1.173561
-10.071823 23.311663 -1.207346
-10.067839 23.607748 -1.173561
-10.038834 23.276020 -1.559575
-9.935921 23.456640 -1.322309
-10.038834 23.276020 -2.462922
-9.935921 23.456640 -2.023209
-10.071823 23.311663 -2.947228
-9.935921 23.456640 -2.814470
-10.302751 23.561157 -3.005478
-10.067839 23.607748 -3.053579
-10.533678 23.810652 -2.947228
-10.331676 23.909964 -3.053579
-10.394806 24.200665 -2.516883
-10.463593 24.061071 -2.814470
-10.463593 24.061071 -2.023209
-10.397250 24.195839 1.491143
-10.397250 24.195839 2.615212
-10.469241 24.049917 2.039159
-10.364275 24.156826 3.039123
-10.469241 24.049917 2.888840
-10.133459 23.883736 3.080827
-10.337320 23.899181 3.053234
-9.902643 23.610645 3.039123
-10.073481 23.597706 3.053234
-10.049192 23.258255 2.560367
-9.941561 23.446968 2.888840
-10.049192 23.258255 1.477195
-9.941561 23.446968 2.039159
-10.082183 23.293728 1.077496
-9.941561 23.446968 1.195099
-10.313116 23.542030 1.038779
-10.073481 23.597706 1.036327
-10.364276 24.156826 1.075789
-10.337320 23.899179 1.036327
-10.469242 24.049917 1.195099
-10.577040 23.825809 1.477195
-10.577040 23.825809 2.560367
-10.694021 23.587296 1.996191
-10.544049 23.790337 2.968291
-10.694021 23.587296 2.806350
-10.313116 23.542032 3.008379
-10.562017 23.454266 2.962658
-10.082183 23.293728 2.968291
-10.298012 23.188206 2.962658
-10.265448 22.887413 2.502103
-10.166008 23.055176 2.806350
-10.265447 22.887413 1.447195
-10.166008 23.055176 1.996191
-10.298454 22.919334 0.986763
-10.166008 23.055176 1.178638
-10.529505 23.142790 0.936873
-10.298012 23.188206 1.014937
-10.544050 23.790337 1.077496
-10.562017 23.454266 1.014937
-10.694022 23.587296 1.178638
-10.566667 23.846294 -1.559575
-10.533677 23.810652 -1.207346
-10.681517 23.611992 -1.297801
-10.302751 23.561157 -1.171110
-10.549518 23.478142 -1.143999
-10.290535 22.933044 -1.116580
-10.285519 23.210442 -1.143999
-10.257528 22.900993 -1.530220
-10.153519 23.076591 -1.297801
-10.257528 22.900993 -2.409564
-10.153519 23.076591 -1.977661
-10.290535 22.933044 -2.873026
-10.153519 23.076591 -2.730477
-10.521581 23.157410 -2.928707
-10.285519 23.210442 -2.957235
-10.752626 23.381775 -2.873026
-10.549518 23.478142 -2.957235
-10.566668 23.846294 -2.462922
-10.681517 23.611992 -2.730477
-10.681517 23.611992 -1.977661
-13.374777 18.410400 1.403605
-13.228748 18.577837 1.231454
-13.374777 18.410400 2.020249
-13.228748 18.577837 1.712510
-13.228748 18.577837 2.188898
-13.514309 19.241983 2.288002
-13.227117 19.401665 2.263226
-13.176560 18.953869 2.288002
-12.956543 18.956007 2.020249
-13.023897 19.094715 2.188898
-12.956543 18.956007 1.403605
-13.023897 19.094715 1.712511
-12.956543 18.956007 1.003878
-13.023897 19.094715 1.231454
-12.956543 18.956007 -0.070289
-13.023897 19.094715 0.528696
-12.956543 18.956007 -1.141530
-13.023897 19.094715 -0.669273
-12.956543 18.956007 -1.499707
-13.023897 19.094715 -1.360331
-12.956543 18.956007 -1.978784
-13.023897 19.094715 -1.733691
-12.993506 18.915611 -2.253873
-13.023897 19.094715 -2.151489
-13.252249 18.632845 -2.288002
-13.176560 18.953869 -2.288002
-13.510991 18.350079 -2.253873
-13.483047 18.670624 -2.288002
-13.849339 19.050409 -1.978784
-13.636874 18.528225 -2.151489
-13.849339 19.050409 -1.499707
-13.636874 18.528225 -1.733691
-13.849339 19.050409 -1.141530
-13.636874 18.528225 -1.360331
-13.849339 19.050409 -0.070289
-13.636874 18.528225 -0.669273
-13.849339 19.050409 1.003878
-13.636874 18.528225 0.528696
-13.849339 19.050409 1.403605
-13.636874 18.528225 1.231454
-13.849339 19.050409 2.020249
-13.636874 18.528225 1.712511
-13.807315 19.074551 2.263226
-13.636874 18.528225 2.188898
-13.483049 18.670624 2.288002
-10.198568 20.929987 -0.255096
-10.125237 21.002789 -0.397321
-10.024303 21.102989 -0.500653
-9.905649 21.220785 -0.554978
-9.780889 21.344643 -0.554978
-9.662234 21.462437 -0.500653
-9.561300 21.562637 -0.397321
-9.487968 21.635439 -0.255096
-9.449415 21.673714 -0.087900
-9.449415 21.673714 0.087900
-9.487968 21.635439 0.255096
-9.561300 21.562637 0.397321
-9.662234 21.462437 0.500653
-9.780889 21.344643 0.554978
-9.905649 21.220785 0.554978
-10.024303 21.102989 0.500653
-10.125237 21.002789 0.397321
-10.198568 20.929989 0.255096
-10.237122 20.891714 0.087900
-10.237122 20.891714 -0.087900
-11.355036 22.094894 -0.255096
-11.281704 22.167694 -0.397321
-11.180770 22.267899 -0.500653
-11.062116 22.385693 -0.554978
-10.937355 22.509548 -0.554978
-10.818701 22.627342 -0.500653
-10.717768 22.727545 -0.397321
-10.644436 22.800346 -0.255096
-10.605883 22.838619 -0.087900
-10.605883 22.838619 0.087900
-10.644436 22.800346 0.255096
-10.717768 22.727545 0.397321
-10.818701 22.627342 0.500653
-10.937355 22.509548 0.554978
-11.062116 22.385693 0.554978
-11.180770 22.267899 0.500653
-11.281704 22.167694 0.397321
-11.355036 22.094894 0.255096
-11.393589 22.056622 0.087900
-11.393589 22.056622 -0.087900
-10.438148 21.270391 -0.139992
-10.392484 21.315725 -0.266281
-10.321358 21.386337 -0.366504
-10.231733 21.475311 -0.430851
-10.132385 21.573940 -0.453024
-10.033037 21.672567 -0.430851
-9.943413 21.761543 -0.366504
-9.872288 21.832153 -0.266281
-9.826622 21.877487 -0.139992
-9.810886 21.893108 0.000000
-9.826622 21.877487 0.139992
-9.872287 21.832153 0.266281
-9.943413 21.761543 0.366504
-10.033037 21.672567 0.430851
-10.132385 21.573940 0.453024
-10.231734 21.475311 0.430851
-10.321358 21.386337 0.366504
-10.392483 21.315725 0.266281
-10.438148 21.270391 0.139992
-10.453884 21.254770 0.000000
-10.450521 22.414606 0.266281
-10.404856 22.459942 0.139992
-10.169498 22.115343 0.180931
-10.389120 22.475563 0.000000
-10.142155 22.142490 0.062345
-10.404856 22.459942 -0.139992
-10.142155 22.142490 -0.062345
-10.450521 22.414606 -0.266281
-10.169498 22.115343 -0.180931
-10.521646 22.343996 -0.366504
-10.221511 22.063709 -0.281807
-10.611271 22.255022 -0.430851
-10.293100 21.992640 -0.355098
-10.710619 22.156393 -0.453024
-10.377257 21.909092 -0.393629
-10.809967 22.057764 -0.430851
-10.465747 21.821243 -0.393629
-10.899591 21.968790 -0.366504
-10.549904 21.737696 -0.355098
-10.970716 21.898180 -0.266281
-10.621493 21.666624 -0.281807
-11.016382 21.852844 -0.139992
-10.673506 21.614988 -0.180931
-11.032118 21.837223 0.000000
-10.700850 21.587843 -0.062345
-11.016382 21.852844 0.139992
-10.700850 21.587843 0.062345
-10.970717 21.898180 0.266281
-10.673505 21.614990 0.180931
-10.899591 21.968790 0.366504
-10.621493 21.666624 0.281807
-10.809967 22.057764 0.430851
-10.549904 21.737696 0.355097
-10.710619 22.156393 0.453024
-10.465747 21.821243 0.393629
-10.611271 22.255022 0.430851
-10.377258 21.909090 0.393629
-10.521646 22.343996 0.366504
-10.293100 21.992640 0.355097
-10.221511 22.063709 0.281807
-10.397476 23.015100 2.932465
-9.947527 23.823868 2.931352
-10.389555 23.029202 -2.928707
-13.082720 18.745275 2.188898
-10.793562 23.398167 2.778596
-10.265448 22.887413 2.778596
-11.394613 21.964867 -3.437734
-11.248981 21.794987 3.236565
-11.394613 21.964867 3.437734
-11.831509 22.474504 3.236565
-13.559919 20.194199 -2.299352
-13.355990 20.173512 2.199279
-13.559919 20.194199 2.299352
-14.153093 20.234549 2.199279
-13.104396 18.794424 -2.288002
-12.956543 18.956007 2.188898
-13.104396 18.794426 2.288002
-13.547955 18.309683 2.188898
-11.248981 21.794987 0.507475
-13.355991 20.173512 0.528696
-12.956542 18.956007 0.528696
-13.082719 18.745275 0.528696
-13.547955 18.309683 0.528696
-14.153092 20.234549 0.528696
-11.831508 22.474504 0.507475
-10.785633 23.413826 -1.258709
-9.947527 23.823868 -1.326906
-10.257528 22.900993 -1.258709
-11.248981 21.794987 -1.417831
-13.355991 20.173512 -1.361356
-12.956542 18.956007 -1.360331
-13.082719 18.745275 -1.360331
-13.547955 18.309683 -1.360331
-14.153093 20.234549 -1.361356
-11.831509 22.474504 -1.417831
-13.213419 21.895931 2.657997
-12.819119 21.346495 2.800909
-12.688721 21.154043 2.657997
-12.688720 21.154045 0.528696
-12.688720 21.154045 -1.406641
-12.819119 21.346495 -2.800909
-13.213419 21.895931 -1.406641
-13.213419 21.895931 0.528696
-12.539453 22.225479 3.319058
-12.124304 21.654982 3.523704
-11.983853 21.458612 3.319058
-11.983854 21.458612 0.528696
-11.983854 21.458612 -1.471902
-12.124304 21.654982 -3.523704
-12.539452 22.225479 -1.471902
-12.539452 22.225479 0.528696
-11.191871 22.910133 2.839488
-10.785845 22.514952 3.003576
-10.650501 22.383224 2.839489
-10.650501 22.383224 0.433479
-10.650501 22.383224 -1.274983
-10.785844 22.514952 -3.003576
-11.191871 22.910133 -1.274983
-11.191871 22.910133 0.433479
-10.397476 23.015100 0.936873
-10.389555 23.029202 -1.069204
-10.488245 22.861416 0.380705
-13.139380 20.724758 2.219747
-13.139380 20.724758 0.528696
-13.139380 20.724758 -1.363376
-13.320961 20.854227 -2.321732
-13.847099 21.224028 -1.363376
-13.847099 21.224030 0.528696
-13.847099 21.224028 2.219747
-13.320961 20.854227 2.321732
-10.488245 22.861416 -0.520428
-10.650501 22.383224 -0.567987
-11.248981 21.794987 -0.642410
-11.983854 21.458612 -0.669273
-12.688720 21.154045 -0.669273
-13.139380 20.724758 -0.669273
-13.355991 20.173512 -0.669273
-12.956542 18.956007 -0.669273
-13.082719 18.745275 -0.669273
-13.547955 18.309683 -0.669273
-14.153092 20.234549 -0.669273
-13.847099 21.224030 -0.669273
-13.213419 21.895931 -0.669273
-12.539452 22.225479 -0.669273
-11.831508 22.474504 -0.642410
-11.191871 22.910133 -0.567987
-11.831509 22.474504 2.269554
-11.191871 22.910133 2.021496
-10.793562 23.398167 1.980360
-9.947527 23.823868 2.061891
-10.265447 22.887413 1.980360
-10.650501 22.383224 2.021496
-11.248981 21.794987 2.269554
-11.983854 21.458612 2.335334
-12.688720 21.154045 1.971028
-13.139380 20.724758 1.729511
-13.355991 20.173512 1.718231
-12.956542 18.956007 1.712510
-13.082719 18.745275 1.712510
-13.547955 18.309683 1.712510
-14.153093 20.234549 1.718231
-13.847099 21.224028 1.729511
-13.213419 21.895931 1.971028
-12.539452 22.225479 2.335335
-13.400101 18.471264 2.288002
-13.958469 20.224716 2.299352
-13.674822 21.103863 2.321732
-13.081469 21.717440 2.800909
-12.402102 22.038414 3.523704
-11.685877 22.304626 3.437734
-11.056529 22.778406 3.003576
-10.661533 23.270477 2.932465
-10.211284 24.143066 2.931352
-10.211284 24.143066 2.061891
-10.661533 23.270477 0.936873
-10.752336 23.109623 0.380705
-10.752336 23.109623 -0.520428
-10.653606 23.285618 -1.069204
-10.211284 24.143064 -1.326906
-10.653606 23.285618 -2.928707
-11.056528 22.778406 -3.003576
-11.685876 22.304626 -3.437734
-12.402102 22.038414 -3.523704
-13.081469 21.717440 -2.800909
-13.674822 21.103863 -2.321732
-13.958469 20.224716 -2.299352
-13.400101 18.471264 -2.288002
-13.374777 18.410400 -1.360331
-13.374777 18.410400 -0.669273
-13.374777 18.410400 0.528696
-11.831509 22.474504 -3.140493
-11.191871 22.910133 -2.764456
-10.785633 23.413826 -2.705986
-10.211284 24.143064 -2.854605
-9.947527 23.823868 -2.854605
-10.257528 22.900993 -2.705986
-10.650501 22.383224 -2.764456
-11.248981 21.794987 -3.140493
-11.983854 21.458612 -3.221769
-12.688720 21.154045 -2.595734
-13.139380 20.724758 -2.180704
-13.355991 20.173512 -2.161320
-12.956542 18.956007 -2.151489
-13.082719 18.745275 -2.151489
-13.374777 18.410400 -2.151489
-13.547955 18.309683 -2.151489
-14.153093 20.234549 -2.161320
-13.847099 21.224028 -2.180704
-13.213419 21.895931 -2.595734
-12.539452 22.225479 -3.221769
-10.793562 23.398167 1.136433
-10.211284 24.143066 1.198190
-9.947527 23.823868 1.198190
-10.265447 22.887413 1.136433
-10.650501 22.383224 1.151009
-11.248981 21.794987 1.293065
-11.983854 21.458612 1.341969
-12.688720 21.154045 1.277325
-13.139380 20.724758 1.234470
-13.355991 20.173512 1.232469
-12.956542 18.956007 1.231454
-13.082719 18.745275 1.231454
-13.547955 18.309683 1.231454
-14.153093 20.234549 1.232469
-13.847098 21.224030 1.234470
-13.213419 21.895931 1.277326
-12.539452 22.225479 1.341969
-11.831509 22.474504 1.293065
-11.191871 22.910133 1.151009
-10.785633 23.413826 -1.965740
-10.211284 24.143064 -2.044427
-9.947527 23.823868 -2.044427
-10.257528 22.900993 -1.965740
-10.650501 22.383224 -2.003397
-11.248981 21.794987 -2.230781
-11.983854 21.458612 -2.297691
-12.688720 21.154045 -1.967792
-13.139380 20.724758 -1.749086
-13.355991 20.173512 -1.738871
-12.956542 18.956007 -1.733691
-13.082719 18.745275 -1.733691
-13.374777 18.410400 -1.733691
-13.547955 18.309683 -1.733691
-14.153093 20.234549 -1.738871
-13.847099 21.224028 -1.749086
-13.213419 21.895931 -1.967792
-12.539452 22.225479 -2.297691
-11.831509 22.474504 -2.230781
-11.191871 22.910133 -2.003397
-10.394806 24.200665 -1.325398
-10.262912 24.044453 -1.174379
-9.999124 23.732029 -1.174379
-9.867229 23.575817 -1.325399
-9.867229 23.575817 -2.036289
-9.867229 23.575817 -2.838923
-9.999123 23.732029 -3.081684
-10.262912 24.044453 -3.081684
-10.394806 24.200665 -2.838922
-10.394806 24.200665 -2.036289
-10.397250 24.195839 2.052464
-10.397249 24.195839 2.914008
-10.265354 24.039787 3.080827
-10.001564 23.727684 3.080827
-9.869669 23.571632 2.914008
-9.869669 23.571632 2.052464
-9.869669 23.571630 1.196625
-10.001564 23.727682 1.035510
-10.265354 24.039785 1.035510
-10.397250 24.195839 1.196625
-10.577040 23.825809 2.018096
-10.577040 23.825809 2.848026
-10.445078 23.683920 3.008379
-10.181154 23.400145 3.008379
-10.049192 23.258255 2.848026
-10.049192 23.258255 2.018096
-10.049192 23.258255 1.193648
-10.181155 23.400143 1.038779
-10.445078 23.683920 1.038779
-10.577041 23.825809 1.193648
-10.566667 23.846294 -1.316056
-10.434709 23.703726 -1.171110
-10.170792 23.418589 -1.171110
-10.038834 23.276020 -1.316056
-10.038834 23.276020 -2.000242
-10.038834 23.276020 -2.772480
-10.170792 23.418589 -3.005478
-10.434709 23.703726 -3.005478
-10.566668 23.846294 -2.772480
-10.566667 23.846294 -2.000242
-13.374777 18.410400 1.231454
-13.374777 18.410400 1.712510
-13.374778 18.410400 2.188898
-13.349701 19.333895 2.288002
-13.186255 19.424253 2.188898
-13.186255 19.424253 1.712511
-13.186255 19.424253 1.231454
-13.186255 19.424253 0.528696
-13.186255 19.424253 -0.669273
-13.186255 19.424253 -1.360331
-13.186255 19.424253 -1.733691
-13.186255 19.424253 -2.151489
-13.349700 19.333895 -2.288002
-13.681242 19.146973 -2.288002
-13.849339 19.050409 -2.151489
-13.849339 19.050409 -1.733691
-13.849339 19.050409 -1.360331
-13.849339 19.050409 -0.669273
-13.849339 19.050409 0.528696
-13.849339 19.050409 1.231454
-13.849339 19.050409 1.712510
-13.849339 19.050409 2.188898
-13.681243 19.146973 2.288002
-10.418821 21.289579 -0.205653
-10.359702 21.348270 -0.320312
-10.278332 21.429050 -0.403616
-10.182674 21.524015 -0.447412
-10.082096 21.623865 -0.447412
-9.986439 21.718828 -0.403616
-9.905068 21.799610 -0.320312
-9.845949 21.858299 -0.205653
-9.814869 21.889154 -0.070863
-9.814869 21.889154 0.070863
-9.845949 21.858299 0.205653
-9.905068 21.799610 0.320312
-9.986439 21.718828 0.403616
-10.082096 21.623865 0.447412
-10.182675 21.524014 0.447412
-10.278332 21.429050 0.403616
-10.359702 21.348270 0.320312
-10.418821 21.289579 0.205653
-10.449902 21.258724 0.070863
-10.449902 21.258724 -0.070863
-10.424183 22.440754 0.205653
-10.393103 22.471609 0.070863
-10.393103 22.471609 -0.070863
-10.424183 22.440754 -0.205653
-10.483302 22.382063 -0.320312
-10.564672 22.301283 -0.403616
-10.660329 22.206320 -0.447412
-10.760909 22.106468 -0.447412
-10.856565 22.011503 -0.403616
-10.937936 21.930723 -0.320312
-10.997054 21.872032 -0.205653
-11.028135 21.841179 -0.070863
-11.028135 21.841179 0.070863
-10.997054 21.872034 0.205653
-10.937936 21.930723 0.320312
-10.856565 22.011503 0.403616
-10.760909 22.106468 0.447412
-10.660330 22.206318 0.447412
-10.564672 22.301283 0.403616
-10.483303 22.382063 0.320312
