-4.8626 -9.5461 -13.1019
-4.8727 -10.7267 -12.7544
-5.9613 -3.6058 1.7052
-5.9649 -4.2334 1.5532
-6.0362 -5.0193 2.0048
-5.9304 -3.8643 2.2183
4.5566 6.0888 -5.9682
4.1671 7.0038 -6.4171
4.1238 8.2112 -5.7992
-0.1750 17.5940 -4.1387
0.2570 17.4909 -4.5344
-0.0832 17.2659 -5.1425
0.5180 17.1944 -5.4073
-0.7435 17.4675 -4.2909
-0.7567 16.9537 -5.9697
4.1787 13.7675 5.2994
4.3938 13.2931 6.4758
4.7083 12.3990 6.5423
4.3138 13.3001 7.1685
4.6578 12.4453 7.6060
-0.1193 18.0138 -1.9934
-0.5152 17.8911 -2.3552
-0.6091 17.9523 -1.5025
-0.1075 18.0399 -0.7867
0.2966 18.0409 -1.5331
4.4368 8.0283 -4.8544
4.8397 6.3153 -5.0598
4.4149 7.6404 -5.3080
-5.9839 -5.0314 2.4095
-5.8902 -3.9239 2.5401
4.9145 6.7233 -4.1269
0.8505 17.6512 -3.6837
1.3801 17.3439 -4.2408
0.9399 17.2613 -5.0663
4.9096 11.5443 6.2393
4.6002 12.5481 5.8653
0.3769 17.6839 -3.7939
4.6826 11.4867 5.1011
4.8780 9.5554 2.7420
4.6255 10.8954 3.1212
4.7391 10.7015 4.1845
0.6098 15.6553 9.3716
1.0643 15.3072 9.7805
0.9938 15.7036 9.1811
-5.4671 -10.4598 -12.3744
-5.6610 -10.7804 -12.0574
-5.6117 -11.1791 -12.0364
4.9099 -8.2835 -6.4944
4.7428 -8.5453 -7.2258
4.9837 -5.3560 -7.2916
-5.4713 -11.5166 -12.0604
-6.0297 -5.5957 1.6105
-5.8494 -5.2320 1.1109
5.3802 -6.8299 -5.2447
-4.6433 -11.3921 -12.5997
-5.2535 -11.8211 -12.0700
1.4040 17.8097 -1.6343
1.6868 17.5973 -2.6107
1.1506 17.7586 -2.7094
-5.9429 -6.5349 1.3911
3.4193 14.6199 7.3840
2.8999 15.0900 7.6226
3.7848 13.3711 9.2333
2.4207 15.3585 8.0427
3.2584 13.8604 9.3594
0.8190 17.9298 -1.7533
1.8458 17.3681 -3.3224
2.2659 16.8879 -3.8258
2.7887 14.0284 9.8242
2.1335 16.8384 -4.2667
2.2184 17.3640 -2.4395
2.4294 17.0454 -3.1790
-5.9746 -4.7949 2.8460
-4.1729 -13.3214 -11.5731
-3.5349 -12.3677 -12.5258
-3.0141 -12.9268 -12.3209
-6.0848 -4.8871 3.5503
-6.0064 -4.0913 3.4181
-6.0950 -5.8296 2.7848
4.9504 -8.9752 -5.8712
1.9868 15.1905 9.0813
-6.0567 -5.5702 3.4823
0.4211 17.9124 -2.8633
0.0391 17.9174 -2.9200
2.0970 14.4415 10.1042
1.4502 15.3028 9.5068
-6.1371 -6.1985 2.1725
-5.8009 -11.2189 -11.5718
-6.0835 -6.3518 1.7848
-0.5841 17.7036 -3.3913
5.2586 7.3538 2.0693
4.8455 8.9137 0.9911
1.6226 14.5793 10.3875
5.6665 -7.1960 -3.9329
-5.7668 -11.5983 -11.5811
-1.3522 17.6281 -2.8378
-5.6627 -11.9513 -11.6365
-5.7566 -6.3739 0.5223
-5.7806 -4.0037 0.8963
-5.7373 -4.4816 0.3728
-5.7510 -5.5708 -0.2750
-5.7168 -6.9979 -0.3864
-5.2261 -12.5487 -11.6844
-5.4754 -12.3486 -11.6302
2.1578 13.6091 11.1722
2.8658 13.1410 11.0571
-5.8357 -11.9001 -10.9886
-5.7445 -12.3714 -11.1070
-5.8621 -7.2158 1.1578
5.1938 6.8862 -1.5664
4.8579 8.2147 -1.6557
5.0272 7.5685 -0.8090
4.8166 7.9973 -2.6267
-5.6209 -12.7777 -11.0685
5.2587 6.1661 -2.6413
3.7384 12.9291 10.1533
-5.7784 -6.4294 -0.6498
-5.7551 -12.2765 -10.4094
-5.8245 -11.7589 -10.5000
-5.4381 -13.0827 -11.0791
3.3029 12.1787 11.7529
4.5935 -9.4335 -7.8414
4.6491 -8.4991 -8.1698
-4.3150 -12.0335 -12.4084
-4.9447 -12.9099 -11.5729
-5.1177 -13.4125 -11.0597
3.5444 12.6088 10.9374
4.0930 12.2087 10.6285
4.5751 -10.0625 -7.1073
-5.7760 -13.1537 -10.1501
-5.7326 -8.0169 -0.3300
-0.3789 15.6663 -9.1668
-0.1652 16.1582 -8.1892
0.1765 15.8728 -8.7293
-1.0063 15.5044 -9.4001
-1.0709 15.9566 -8.3988
-5.6917 -8.2998 -6.9967
-5.6011 -8.1111 -7.5634
-5.5285 -8.4370 -7.8700
-5.6341 -9.1070 -7.3053
-5.5374 -9.2557 -7.7228
-5.5423 -8.6014 -8.2745
-5.5993 -9.0821 -8.2859
-5.7316 -9.1765 -6.8522
-5.6146 -9.8122 -7.4353
-6.0730 -6.7479 2.5389
3.9680 11.6612 11.5816
0.0019 15.1036 -10.0257
0.4472 15.3221 -9.5843
5.1409 5.8081 -3.9149
-5.6977 -9.9512 -8.2244
-5.7932 -9.5493 -8.7037
-5.5860 -9.8978 -7.8303
-5.8191 -9.8391 -8.8452
-5.8189 -10.1693 -8.4465
-5.8174 -10.4466 -8.8938
-0.6067 15.2424 -9.8872
5.3978 4.8230 -3.8864
-6.0597 -6.9438 1.8572
0.7944 15.1462 10.0796
-0.6841 14.7815 -10.5295
-0.0160 15.2955 9.9216
-5.8667 -10.6511 -8.5989
-5.8290 -10.8962 -8.3377
5.6593 4.3325 -2.6136
1.1181 14.6632 10.5824
-5.6826 -11.0637 -7.4551
5.9080 -8.0806 -2.3260
5.0966 -10.2225 -4.6035
-5.6923 -11.0158 -7.8375
0.7693 14.4405 10.9279
1.0309 14.8119 -10.1410
0.6163 14.7752 -10.3914
0.8721 15.1981 -9.6627
-5.9982 -7.5708 1.8935
-0.1023 14.5631 10.8250
-5.9631 -7.4234 2.6050
1.5996 13.9184 -10.7261
1.0613 14.3537 -10.6716
-5.5828 -9.3779 -5.9800
-5.6022 -8.9771 -6.3519
-5.6977 -9.2210 -6.6005
-5.6741 -9.8875 -6.4093
0.5893 14.0458 -11.1990
1.3919 13.3759 -11.4207
0.7168 13.8483 11.5474
1.7845 13.0404 -11.5206
-5.7795 -10.5581 -6.9828
-0.6916 14.9982 10.3332
-5.8287 -8.5996 0.7045
0.7589 13.5152 -11.6062
-5.9181 -8.1010 1.3061
-5.7896 -10.5779 -6.6820
5.5236 5.3126 -1.3808
-5.7061 -10.6790 -6.1596
5.2862 6.3822 -0.5425
4.9342 8.1619 0.2616
-5.6435 -10.3639 -5.4140
-5.6267 -9.1420 -5.4622
-0.7800 14.2072 -11.2677
-0.0631 14.5162 -10.8466
5.2913 6.5862 0.2357
-6.0072 -8.5633 1.7202
-0.4272 13.8545 -11.6591
0.0799 14.0400 -11.3696
-6.0144 -9.3252 1.3024
-1.1787 14.8648 10.4467
-0.1078 13.7623 11.5810
-6.0582 -9.1325 1.5392
0.1735 13.5196 -11.8585
-0.3851 13.4736 -12.0336
5.3749 6.2328 1.1610
-5.7944 -11.4895 -7.0815
5.5635 5.2443 0.7112
-5.9866 -5.8171 4.4293
-6.0114 -6.7247 4.5801
-5.9932 -6.4214 4.8651
-5.8666 -11.3296 -8.7453
-5.7330 -10.3358 -9.3328
-5.6963 -11.0502 -9.5149
-5.7184 -11.3335 -9.2271
1.4799 13.9188 11.2661
-5.7784 -11.8674 -9.0296
-6.0052 -5.7921 3.8084
-5.9779 -6.9221 3.5026
-5.8805 -11.5234 -8.5061
-5.8080 -11.6523 -8.2264
5.5058 -10.3739 -2.5986
5.7334 -9.7254 -2.0105
1.2375 13.3594 11.9120
5.7478 4.4469 0.1775
-5.7453 -11.5130 -9.9468
-5.6690 -11.7817 -9.5843
-5.6957 -12.3254 -9.2025
1.1310 12.7793 -12.0550
-5.7156 -12.5935 -9.8715
0.2077 12.4033 12.6963
-0.3194 12.8844 12.3170
1.9806 12.0543 -12.2453
4.2585 -10.3488 -8.7254
4.2589 -11.5211 -7.8154
1.7381 12.1229 -12.3778
-6.0670 -7.0241 4.4213
-6.0446 -7.6570 3.6659
1.4126 11.8780 -12.7650
-5.7261 -9.2764 -5.0900
1.9214 12.9522 12.0573
-5.6980 -10.2232 -5.1081
-6.0787 -5.6187 5.4381
1.8122 11.1093 -13.1056
2.1568 11.4128 -12.5338
2.4764 12.4375 12.2461
0.6710 12.5211 -12.4971
-0.2094 12.8079 -12.5552
-5.8731 -11.4749 -6.6472
-6.0813 -6.8542 5.4648
0.3092 11.9898 -13.0350
-6.2259 -6.0196 6.0397
-5.8994 -12.0270 -6.9063
-5.8374 -12.0731 -8.6723
4.5363 -11.4278 -6.1061
-6.0655 -7.5061 4.9889
-5.7154 -12.7422 -9.4480
-5.8346 -13.1326 -8.7482
-6.1080 -7.7731 4.0877
4.4963 -10.6243 -6.8087
-6.0824 -8.1953 4.3859
1.9014 12.4481 12.5466
-5.7556 -12.4320 -7.7771
-5.7676 -12.1798 -8.1575
4.3839 -11.5365 -6.8372
5.9755 3.0103 -1.5461
-5.7888 -12.2703 -7.2996
-6.1500 -7.7002 5.5900
0.8376 11.3858 -13.3549
0.9766 13.0436 12.2165
6.0345 2.8933 -0.7299
-5.8541 -12.9197 -7.3866
-6.0779 -8.3583 5.1177
-5.7822 -12.6822 -8.3906
-5.8829 9.8687 -1.9740
-6.1337 10.2849 -2.0602
-6.0675 10.2709 -2.6456
1.4842 12.2066 12.7896
-6.7577 11.7026 -1.2682
-6.7326 11.2347 -0.8019
-6.7437 11.5731 -0.0059
-6.0355 -9.1241 4.5958
-6.7608 11.4099 -1.7640
2.3343 16.0665 -6.1078
2.4445 16.3885 -5.1474
2.7252 15.9548 -5.4209
2.7095 15.5849 -6.0800
-6.6881 10.9684 -1.4225
-6.6681 10.9813 -0.6893
-6.5262 10.6574 -0.9696
-6.3778 10.4772 -1.4592
-6.5886 10.7820 -1.6465
2.7129 16.3512 -4.4358
-5.8955 -13.4775 -8.8902
-5.9949 -13.8192 -8.4280
-6.5502 10.8760 -0.0158
-6.4967 10.6754 -0.4856
-6.2017 10.2924 -0.8900
-6.0561 -13.4793 -7.0855
0.9156 11.9163 13.0399
2.8054 16.6575 -3.4190
-6.4399 10.6741 -2.1677
-5.9545 -7.9066 2.9606
2.9482 16.3135 -3.8591
-5.9801 -8.6021 2.2160
-6.0611 -13.6610 -7.8213
3.0790 15.7254 -4.7116
-5.9837 10.0030 -1.2907
2.9220 15.3744 -5.7924
3.8309 14.2546 6.7552
3.8983 13.6325 8.3240
3.0032 14.9748 -5.9863
3.2213 14.5569 -5.4517
3.2969 15.4018 -4.3741
-5.7924 9.5195 -1.5995
-6.1478 -14.1137 -7.3777
2.2005 15.4688 -7.5059
2.5297 15.4153 -6.7680
2.4921 15.0130 -7.5046
-6.1148 -14.5139 -7.0289
-6.2714 10.4212 0.3066
2.7211 14.8819 -7.0006
-5.7620 -11.2600 -5.8293
-6.0012 10.0026 -0.3004
-6.0525 -8.7559 3.0508
-5.7322 -10.2109 -4.8093
-5.7276 -11.0937 -4.5485
-5.6894 -10.3430 -4.2172
4.2664 13.1683 8.0835
-6.0373 10.1420 0.6233
-5.8912 9.8005 0.4805
-5.8856 9.5887 -0.6714
-5.8526 9.5055 0.0219
-6.1656 10.2890 1.2424
-5.8435 -11.4569 -4.1667
-5.9114 -11.7078 -5.4461
-5.7945 9.3344 -1.3709
-5.9108 9.0529 -0.9642
-5.8238 8.8900 -1.3259
-5.9074 9.1160 -0.5136
-5.8357 8.8543 -0.1571
-5.9648 8.6547 -0.7385
-6.0983 -9.1886 2.3178
-5.8967 8.5010 -0.4018
-6.1480 -9.4749 2.1079
0.8271 16.7182 -6.5820
1.1063 16.3626 -7.3327
0.6365 16.2714 -7.8423
-5.7372 9.5613 -2.6162
-5.8059 9.7801 -3.1452
4.5467 12.2477 9.3022
-5.7103 9.3900 -3.5038
-5.6142 8.6456 -3.0261
0.4233 16.6966 -6.8252
-6.1123 -9.5219 2.8550
-5.6577 9.1284 -2.3990
-6.0110 -12.0694 -5.7810
-5.9607 -12.3265 -6.5990
-5.7127 8.9260 -3.6584
1.2908 16.7179 -6.1954
-6.0147 -12.4441 -5.6345
-5.6443 8.5570 -2.1598
1.7885 16.5083 -6.0849
-6.0821 -8.6763 3.5556
-5.6599 8.2536 -3.4536
-6.0502 -9.5730 3.4942
-5.8234 7.9909 -3.8126
-5.7626 -11.0413 -3.6217
-5.6985 7.6367 -3.3319
4.9389 10.6625 5.5751
-5.6462 7.6071 -2.2664
-5.6290 7.7471 -2.9145
-6.0364 -11.8772 -3.9026
-6.0878 -9.8734 4.0687
4.9361 11.5249 7.3100
-5.7051 7.1992 -2.7469
-5.8811 -11.4797 -3.1612
-5.7468 8.1913 -1.5387
5.1534 10.5061 6.3893
-6.0907 -10.3841 2.4781
-6.0464 -10.3589 3.0867
4.8106 -11.8367 -4.7132
-5.9224 8.3339 -1.0477
5.0800 -11.7594 -3.2998
-5.9610 8.0770 -0.7264
-0.0847 16.6376 -7.0060
5.2110 9.5004 5.5904
-6.0980 -12.2215 -4.2776
-6.0178 -12.7784 -4.3608
-6.1343 -12.3497 -2.9415
-5.8683 7.6003 -1.1033
-1.0795 16.4054 -7.3447
-6.1663 -10.9166 3.6301
-5.7329 7.4178 -1.5616
-5.9219 -12.8106 -6.0806
-5.9808 -12.9928 -5.2569
5.1685 10.3590 7.3442
4.2716 -12.9956 -5.8953
5.4628 8.8291 6.5180
0.0537 17.0483 -5.9151
-5.7771 7.0157 -1.6637
-6.0779 -13.2747 -4.9475
-5.8267 6.8210 -2.6016
4.3072 12.5098 9.6271
-6.0398 -13.0965 -4.1428
-6.1752 -13.3484 -4.0386
-5.7974 -8.3799 -1.0781
-5.8155 -8.9354 -0.1355
-6.3470 -13.5981 -4.5637
-5.9255 -9.4178 -0.7345
-5.9878 9.9981 1.0597
-5.8934 -12.6380 -6.6402
-5.9102 9.6580 1.5137
4.8487 11.7115 9.1202
-5.8509 -8.4706 -1.9919
-5.8581 -9.0721 -1.1855
-5.8129 8.9194 0.3167
-5.8690 9.3106 0.9570
-5.8134 -8.9593 -1.8460
-6.0127 10.0163 1.7676
4.8415 -12.7929 -3.3498
-5.9655 9.1185 1.9308
5.0335 11.0667 9.2557
-5.9542 -13.1354 -6.2053
-5.9779 8.9808 1.3939
4.3924 -13.5224 -4.6976
-5.9205 8.7547 0.9008
-5.7942 -9.3745 -2.3214
-5.7458 -9.6226 -1.9214
-5.7888 -9.6029 -1.4723
5.2051 10.3095 9.1292
4.5444 11.4796 10.7276
-5.7788 8.0874 0.1820
-5.9006 7.7873 0.8255
0.9125 15.8240 -8.5908
4.8727 10.9083 10.7612
5.0092 10.9552 10.1247
-5.9701 9.4978 2.6928
-6.1250 -13.4945 -6.0249
-5.8545 7.9725 -0.2631
1.1762 16.0273 -8.0094
-5.9398 -10.0761 -0.9458
-5.8717 -10.2983 -1.1360
1.3588 15.7902 -8.2544
-6.2623 -14.0089 -6.4518
-5.8248 7.0989 -3.4366
5.2991 10.0509 10.3788
1.8870 15.3179 -8.1777
1.2758 15.4936 -8.7855
-5.9052 7.4638 -3.9741
1.9392 14.9052 -8.5827
1.6058 14.9205 -9.1932
-5.9079 7.4647 -4.4691
-5.9114 6.7415 -3.8148
-5.8488 6.6801 -4.3993
2.0215 14.5884 -8.9349
0.8650 15.4849 -9.1176
-5.8645 -9.8850 0.5463
1.2028 15.0746 -9.5310
4.4692 11.0289 11.4862
-5.8556 6.2857 -3.6661
-6.3533 -14.4221 -5.8013
-5.9360 -9.8485 0.9883
1.8645 16.1021 -6.8893
-5.7048 5.9444 -3.9286
-5.8911 -9.7575 -0.1917
-5.6533 6.2450 -4.7612
-5.6342 5.6592 -3.6042
1.8273 15.7149 -7.7448
-5.5370 5.8096 -5.1669
-5.5336 5.4021 -4.6850
-5.9891 -10.0939 -0.5302
-6.4003 -13.7507 -5.0313
-5.8864 -10.5366 0.1777
-6.3851 -13.9062 -5.4468
-5.6001 5.1245 -4.4680
-5.5191 5.4274 -5.6898
5.3929 9.2792 8.1278
2.1507 15.8071 -6.8966
-5.5859 4.8753 -5.9765
-5.9711 -10.6693 -0.6778
-5.9604 -10.5665 -0.3463
3.8674 -11.6491 -9.5605
2.1245 10.7327 -13.1365
5.3435 9.3567 7.2146
0.2793 10.7555 -13.9222
2.3967 14.6180 -8.1598
-5.9358 -11.1639 -0.2124
5.6640 8.0341 8.1234
-5.7874 -10.4145 -2.1905
-5.7885 -10.4807 -1.6708
-5.8522 -10.0180 -2.7036
2.6655 13.9343 -8.1487
3.9164 -13.1451 -7.8181
3.5894 -12.6253 -9.5783
1.2824 10.8734 -13.5338
-5.8596 -10.7342 -2.6952
1.6268 10.0570 -13.8472
-6.1055 -15.2599 -5.2216
-6.0407 -14.9419 -6.5609
-5.7750 -15.3019 -6.7121
-5.6800 -15.7810 -5.5115
-5.8844 -10.9549 -1.0678
0.7760 9.6567 -14.3734
-5.8547 -11.2525 -2.2542
-5.8107 -10.8167 -3.1801
3.5538 11.5486 12.1761
4.1759 10.9632 12.0026
1.4252 17.0732 -5.1215
2.0869 9.6920 -13.7763
2.3982 11.6934 12.9698
2.9080 11.5716 12.7412
2.0251 8.6847 -14.3254
3.5458 10.6742 12.9218
1.3646 9.2039 -14.3595
4.1655 -12.7975 -6.8575
2.0124 16.8258 -4.8211
-4.7996 -13.8711 -10.7638
-3.6338 -13.9205 -11.2436
-5.9908 -11.6299 -1.5932
-6.1187 -12.0035 -2.5822
2.7342 10.8301 13.3967
3.1025 10.4284 13.4574
3.5819 9.2100 13.8295
2.0990 11.3988 13.2698
-5.9402 -11.3825 -1.0224
2.3520 10.2849 13.9094
1.6700 8.0108 -14.8020
-5.2542 -13.8544 -10.4875
3.6371 -13.7181 -8.1132
1.5138 10.5218 13.9054
2.4783 10.0818 -13.1557
2.4837 11.3922 -12.0596
2.8502 14.2006 -7.1705
3.9452 -13.6684 -6.7229
-6.1127 -11.8591 -0.3158
2.7849 10.2808 -12.3197
2.8181 9.3893 -12.9843
2.8479 9.5512 14.1552
-6.1668 -12.0731 -1.1542
-4.8162 -14.2791 -10.2743
3.2363 -12.9766 -10.3159
2.9713 9.8998 -12.0038
3.0461 13.0739 -6.9362
-6.1788 -12.2938 -0.2646
-3.9639 -14.4936 -10.4494
3.2623 9.1346 14.1355
2.4378 8.6573 -14.0268
3.3550 12.7251 -5.7981
2.7688 8.0499 -13.8762
3.0265 8.0201 -13.2599
-6.1479 -12.4820 -1.4326
2.8865 8.6302 14.6309
1.6277 14.4308 -9.9973
3.2108 8.0481 -12.6428
3.1761 9.1686 -11.7422
-6.1222 -12.7471 -2.5079
-6.1447 -12.9264 -1.7326
5.0069 10.0023 11.5794
-2.3758 -13.4420 -12.0965
2.0491 14.2918 -9.5575
-2.3932 -14.2404 -11.3442
5.9653 -8.8817 -1.1234
4.5807 10.2262 12.0946
-6.1258 -12.7820 -1.1333
2.2503 13.5943 -10.1675
1.9951 13.7623 -10.4143
-6.1511 -9.8972 1.7080
5.2248 9.9904 10.9851
2.2897 12.8677 -11.0347
-6.1073 -10.5043 1.4911
-6.1573 -10.2731 2.0070
5.4612 9.4392 10.7108
2.4298 13.6303 -9.6671
2.5657 12.6451 -10.6439
-3.1415 -14.5442 -10.7874
2.3449 14.2082 -8.9696
2.2189 7.8101 -14.6631
2.5963 7.3002 -14.5321
-2.2542 -14.8092 -10.7713
2.6070 13.5836 -9.0885
-6.1954 -11.0707 1.9410
-2.5296 -15.0398 -10.4235
-3.4511 -14.9103 -10.1198
5.3716 9.3317 11.3008
2.4082 6.8575 -14.8710
2.1421 7.1389 -14.9470
-5.9255 -10.9841 0.6799
-6.0223 -10.9204 1.1588
5.6340 -10.6952 -1.5150
5.0545 9.5195 11.9091
-5.9721 -11.5551 0.3778
4.5667 9.1801 12.8052
5.2553 9.1627 11.7089
4.8861 8.8486 12.5149
-6.2265 -11.6305 1.6226
5.4120 8.4079 11.6382
-6.1216 -12.0165 1.0899
5.1754 8.4341 12.1675
5.5163 9.1321 9.8537
-6.1232 -10.9297 2.3852
2.9380 6.9426 -14.0634
2.7400 13.0073 -8.9986
5.7245 8.1352 9.2321
2.6156 12.9541 -9.8950
-6.0934 -10.9187 2.9606
5.5228 8.9029 11.0001
5.8270 7.5661 10.3174
-6.1200 -12.2675 0.2009
3.4009 6.2153 -13.3127
-6.1077 -12.4207 0.5098
5.6908 7.6855 11.1437
5.7162 6.7272 11.8341
2.7980 12.0450 -9.8260
-6.3023 -7.7862 6.1656
-6.3187 -6.8068 6.5742
2.0786 12.7733 -11.5211
-3.3746 -15.7757 -8.7011
-2.3608 -16.0935 -8.5229
-3.7269 -16.1031 -7.8552
6.0051 6.2798 11.0269
-1.5286 -15.1009 -10.5452
-1.9783 -15.5409 -9.7494
3.2521 6.1468 -13.7826
2.6175 11.7851 -11.3951
3.1558 9.5904 -10.5619
3.0711 10.5753 -10.8307
3.0381 10.5225 -10.2596
-1.1880 -15.5073 -9.9125
-6.3643 -8.1450 6.6081
-6.3886 -7.5062 7.5960
-6.3995 -7.9372 7.5138
5.2910 -11.8961 -2.1295
3.2368 9.0304 -11.0969
-2.6449 -15.5326 -9.5317
4.0780 10.1045 12.8041
5.8787 -9.7435 -0.3272
-6.1629 -9.0130 5.6074
3.2060 8.7903 -10.5367
3.1114 9.2745 -10.0889
4.0772 9.4207 13.2455
3.3245 8.2772 -11.6377
2.8642 11.4228 -10.9787
2.8741 11.6930 -10.3538
-1.2054 -16.0149 -8.9898
5.8554 -9.8574 0.4721
5.5265 -11.5243 -0.4035
-6.3443 -8.8834 6.3434
3.3429 8.0602 -10.6727
3.5152 7.3789 -11.0966
-6.2866 -9.6536 5.9798
3.5609 6.8832 -11.8683
3.2146 8.5320 -9.8425
3.1659 9.3028 -9.0627
-6.3254 -8.3370 7.3563
-6.2625 -8.8520 7.1349
5.3863 -12.0074 -1.1123
-4.1305 -15.2680 -9.1843
3.4048 7.5217 -10.2063
3.4630 7.9040 -8.9252
4.1122 7.9064 13.9520
-6.0804 -9.4792 5.1127
5.1465 7.7237 12.6848
-6.1371 -9.9559 4.7750
4.6830 7.7141 13.3724
2.8588 12.6657 -8.1712
4.9753 7.2618 13.2208
3.7176 7.0817 -8.6765
3.7309 6.1166 -10.8281
3.6379 6.6904 -10.0068
-5.7011 -13.7486 -9.8167
-5.5026 -13.9424 -10.0595
2.9329 11.2394 -9.2671
3.8074 6.9081 14.6993
-5.8545 -13.5186 -9.2644
3.6457 -14.1621 -7.2665
3.3420 7.9322 14.6335
3.6872 5.2162 -12.8327
-5.7827 -14.0234 -9.0704
3.2927 -13.9894 -8.7508
3.0450 -14.9986 -7.4656
2.9133 -13.6782 -10.1805
3.0752 11.4925 -7.5212
3.7860 6.0552 -11.4727
4.6723 6.2715 14.0637
-5.8993 -13.9882 -8.6727
2.6459 -14.4723 -9.7223
3.8214 5.5545 -12.0055
-5.5290 -14.5358 -9.0454
2.9923 10.8036 -8.5683
3.9268 5.0280 -11.4394
2.8344 -14.8446 -8.4800
2.6830 6.2507 -14.8140
2.5903 -14.8453 -9.1271
2.8992 5.9423 -14.6694
5.4078 7.4261 12.3206
3.1923 5.1621 -14.6527
-4.8452 -14.8052 -9.5621
-5.2193 -14.5157 -9.7149
-5.3480 -14.9151 -8.8145
-5.0651 -15.0447 -8.9820
2.2403 -14.8293 -9.8180
5.6776 6.0532 12.4392
2.1165 -15.2422 -9.0974
2.3431 -15.3902 -8.5301
3.3777 5.1725 -14.2297
2.3484 -14.5433 -10.1728
1.7444 -15.2733 -9.4373
3.6519 4.4440 -13.6703
5.2452 5.9427 13.3863
5.4555 5.9641 12.9816
-5.8433 -14.5562 -8.0364
2.4941 -15.4891 -8.0942
3.2578 9.3410 -8.2047
6.1352 4.7515 11.9955
3.7696 7.9259 -7.1399
2.6722 -15.5997 -7.2020
3.0668 9.9582 -9.5485
2.0045 -15.8449 -8.0272
5.9341 4.4631 12.7950
2.2040 -15.9672 -7.4284
-0.5262 11.8545 -13.3568
3.3372 10.4612 -6.9390
-0.5956 11.1627 -13.8219
4.0771 -13.9465 -5.4759
-0.2111 10.1568 -14.3622
-1.7287 14.6960 10.5152
-1.2947 14.1825 11.0781
-1.9090 13.8191 11.2451
-4.6625 -15.5956 -8.2683
-0.7550 10.4391 -14.2280
-1.0934 11.1030 -13.8411
-2.4316 14.4437 10.4694
-5.0619 -15.5438 -7.9095
3.4401 -14.7693 -6.6175
-0.8515 13.4099 11.8233
0.2796 9.0342 -14.8298
3.6892 -14.7284 -5.4756
-0.9682 9.7131 -14.6512
-0.5505 8.9187 -14.9573
-1.6753 12.9249 12.0637
-2.7622 13.2384 11.4292
-3.0756 14.1061 10.5334
-4.6814 -15.9619 -7.3681
1.0186 17.7538 3.4217
1.6044 17.7670 3.0179
0.7712 17.9142 2.1447
1.3140 17.6474 3.7549
-3.8930 13.0976 11.0195
-3.4071 12.6539 11.6237
1.7930 17.4006 4.0098
-2.3486 12.4730 12.2451
-3.8860 -16.3420 -7.1392
4.0978 -14.2714 -4.5974
3.0333 16.5700 -2.7218
2.6996 17.0512 -2.2251
5.0929 -12.8880 -1.6091
2.9654 16.7771 -1.9679
3.3693 16.0737 -1.9358
-1.4200 10.8862 -13.8230
-1.2895 10.2307 -14.2077
3.1933 16.5787 -1.1756
-5.7202 -15.0131 -7.5939
-5.4512 -15.2760 -7.7599
-1.8986 10.7133 -13.6852
-2.2402 10.2418 -13.9795
-2.3755 10.7191 -13.4894
-1.6522 9.9787 -14.2771
-2.2320 10.0413 -14.2253
-2.1015 9.7375 -14.4734
-1.0551 11.8633 12.9824
-1.4086 9.6536 -14.6370
-1.3307 9.1229 -14.8992
1.4770 17.9818 0.1730
1.8166 17.8321 -0.3747
1.3367 17.9425 -0.7266
5.5474 -11.2263 0.4743
-5.4027 -15.7965 -6.4740
-5.0425 -16.0676 -6.5280
-2.0341 8.8745 -14.9259
-2.1867 11.5875 13.0087
1.6114 17.9329 0.7737
1.8921 17.8211 0.3664
2.2768 17.5213 0.8942
3.0105 -15.7534 -5.5209
2.4658 17.4235 0.0304
2.1499 17.6556 -0.4627
0.3507 7.9428 -15.2698
0.3469 18.0897 -0.1523
0.8647 18.0649 -0.6368
-6.5429 -13.8921 -3.9396
0.8014 8.5092 -14.9097
-6.5120 -14.2646 -4.7318
1.1304 18.0408 0.2490
3.2755 -15.7928 -4.1656
-6.3457 -14.8050 -5.3072
0.2107 11.3092 13.4844
5.2757 -12.3982 0.1321
1.3156 7.5748 -15.0686
2.4208 -16.0894 -6.3257
-5.2713 11.9372 10.8570
-5.5409 11.4681 10.7922
-5.0324 11.2868 11.6865
1.8280 6.7967 -15.1606
5.1085 -13.0369 -0.5858
1.3073 6.5037 -15.3778
1.1509 18.0060 1.0620
-4.7555 11.6467 11.7740
-5.2776 10.5656 11.7913
-5.9239 11.2132 10.1680
-5.6562 9.8308 11.6280
0.0391 18.0300 0.7456
5.1531 -12.2050 1.4182
-3.8211 13.8838 10.2365
-4.4548 13.2926 10.3621
1.8719 17.6574 -1.5832
2.1508 17.5278 -1.4902
-3.6856 12.1530 11.9857
2.4816 17.3484 -1.1920
-0.5866 8.1545 -15.2679
-4.7281 10.4443 12.6851
-4.3600 11.1181 12.5695
-4.7146 12.3102 11.1653
-1.5689 8.4255 -15.1315
-4.4327 10.4324 12.9737
-5.0737 10.0349 12.5121
-0.9597 7.6913 -15.3831
-4.3548 11.7913 12.0004
0.8934 -15.8291 -8.8820
1.0619 -15.2537 -9.8714
-0.1657 7.2557 -15.5316
-3.8544 11.3484 12.6094
0.1954 -15.8844 -9.0490
1.5549 -16.1246 -7.8093
-5.0620 12.4842 10.6395
-6.0022 9.4360 11.0804
-6.2553 9.6930 9.6229
-6.1419 9.8792 10.3004
-6.2228 10.1809 9.6548
1.0191 -16.3477 -7.6633
-0.7565 6.5903 -15.6667
-2.9044 11.3507 13.0006
0.2164 6.5231 -15.6553
2.8540 17.0253 -1.2618
6.5740 -5.1203 6.1800
6.6622 -3.8250 5.8748
6.7004 -5.2199 8.2289
0.7738 5.7605 -15.7228
2.7878 17.1403 -0.2715
0.0788 -16.2717 -8.3476
-2.8976 10.1858 -13.9403
-2.7401 10.4627 -13.6233
-0.5187 -16.3534 -8.2190
-0.3155 -15.6360 -9.6367
-6.2304 8.6687 10.7589
3.0393 16.8484 -0.2786
-2.7807 9.8252 -14.2472
-3.1502 10.5385 -13.4949
-3.4471 10.4413 -13.4979
-3.2943 9.9518 -13.9386
-1.7448 10.7834 13.6800
-2.8694 9.2155 -14.5158
6.8082 -2.9204 7.0647
6.7892 -4.5462 8.7096
0.3554 -16.4682 -7.7585
3.4867 16.0404 -0.8580
-2.2483 9.3083 -14.7052
-2.5279 8.6919 -14.8920
-2.7443 10.3524 13.7689
1.9950 17.6522 1.5250
2.0654 17.6531 2.1230
2.4782 17.3371 1.6922
-3.4214 10.2616 13.5845
-3.0334 8.3975 -14.7577
-4.1360 10.3383 -13.1625
-3.6314 9.6179 -13.9117
-4.0603 10.4149 13.2055
2.8780 17.0705 0.7115
-0.0979 -16.7376 -7.2281
-5.8185 8.5550 12.0718
-3.7206 8.9919 -14.1294
2.8325 17.0301 1.6075
3.3152 16.4855 1.0811
0.6885 -16.7350 -6.8058
-4.4283 9.7337 -13.2753
-1.6134 10.0478 14.1741
-2.4381 9.2715 14.4149
2.7451 -16.3229 -4.6441
2.3485 -16.5097 -5.0574
2.3006 17.5374 2.3089
-3.3207 9.5424 14.0378
2.4432 17.3331 2.7384
2.7046 17.1526 2.4287
-4.3733 7.8500 -14.0831
-4.0909 9.4867 13.7643
3.0687 16.6935 2.7217
6.4441 -6.7491 7.9181
3.2109 16.6007 2.0443
3.6319 15.9627 1.7172
6.4274 -6.3197 6.3956
-4.4526 9.7003 13.4187
1.7447 -16.9077 -4.9711
1.8813 -16.4657 -6.3359
0.9407 -17.1274 -5.1631
1.3611 -17.1379 -4.6396
-4.9551 9.4262 13.0961
-3.6439 7.6886 -14.6114
0.2270 10.2965 14.1410
-2.0367 8.2421 -15.1324
6.5533 -6.4523 8.9934
-1.7978 7.5991 -15.2164
-4.2605 8.8173 13.9438
-1.6893 7.2985 -15.2907
1.5538 17.8561 1.6401
-3.4810 8.7287 14.3636
-2.8342 7.5308 -15.0215
2.3302 9.2450 14.5542
1.2983 17.9044 2.1133
-2.2708 7.7970 -15.1594
2.0126 9.0514 14.7141
1.4969 -16.5505 -6.6695
1.8127 17.7835 2.5681
1.0287 9.5141 14.5429
-5.4513 8.9686 12.6936
-1.2974 7.0452 -15.4849
-0.5846 10.5417 13.9833
-5.2872 8.7745 13.0333
-4.8305 8.9181 13.4414
-1.9883 6.6753 -15.3831
-1.5730 6.2664 -15.5770
2.0786 17.5385 3.0246
-0.8123 9.7992 14.4091
-5.6605 8.0923 12.6573
-5.3587 7.8091 13.2649
-2.5435 6.8600 -15.2341
2.6537 16.9405 3.4542
2.2380 17.2182 3.7196
0.1980 8.9513 14.8153
-3.5557 6.7248 -14.8723
-4.5830 7.8604 14.0348
0.4364 -17.0717 -5.8413
3.4093 16.3032 0.0972
-2.6529 6.0294 -15.3307
6.7179 -5.1860 9.8539
-5.0473 7.9884 13.5663
2.4520 8.0703 15.0748
1.4443 8.8142 14.9053
3.7375 15.4164 -0.7971
4.5438 -13.8477 -2.9046
1.7326 8.0037 15.2040
3.7116 15.7395 1.0881
-6.1502 7.7449 11.5502
1.1283 7.9399 15.2611
-0.3358 5.4422 -15.9112
-5.6563 7.1239 13.0067
6.0504 -7.9348 5.5720
6.0726 -7.6553 4.4057
6.2649 -7.0489 5.8072
0.2456 4.8700 -16.0189
0.9507 4.2444 -16.1114
3.8943 15.1547 0.8789
-5.0177 6.7724 14.0231
3.9481 14.7814 0.3652
-5.3344 6.3604 13.7327
3.9194 14.5631 -1.2368
4.8178 -13.6197 -1.5490
-0.9178 5.0661 -15.9207
-1.7833 9.0866 14.6080
-6.3263 8.8665 9.9516
-6.3270 9.1661 9.1683
-6.3020 8.4621 9.3125
-1.2620 7.9475 15.1205
6.3875 -6.9883 7.0265
1.4866 17.3859 4.4459
6.2695 -7.5791 6.7328
-6.2619 7.8881 10.8577
1.7753 17.0779 5.1688
0.0686 7.4364 15.4306
1.9748 17.0915 4.7689
6.2357 -7.7350 7.4292
2.5108 16.8040 4.1781
2.1233 16.8447 5.2178
-6.2759 7.8213 9.9020
-6.2922 7.9259 8.9357
4.2752 -14.4547 -2.7408
4.3568 -14.5652 -1.2974
0.0831 3.5551 -16.4180
2.7459 16.3059 4.8251
-0.2628 4.0283 -16.2657
2.4511 16.1780 6.1473
3.0257 15.4539 6.3367
-6.3128 7.2899 10.2047
-1.1237 3.9783 -16.0873
5.8428 -9.1183 6.6729
-2.0570 5.3438 -15.5442
3.0771 16.4818 3.4051
3.7329 -15.4092 -2.3880
-6.3166 7.3560 8.8408
3.5063 16.1094 2.5135
-6.3644 6.8535 9.6333
3.4957 15.9055 3.1953
3.8195 15.5256 2.3575
-1.4573 4.7496 -15.8537
3.7442 15.5138 2.9582
3.6061 15.3627 3.5631
-2.5524 4.2770 -15.5404
3.8132 14.9295 3.2175
-2.5451 7.9219 14.9354
4.8424 -13.3659 0.8188
4.9462 -13.3479 0.1882
5.9441 -8.8573 7.6610
-6.2956 6.3643 11.0438
-6.1749 6.6010 11.6993
-1.4845 3.3215 -16.1402
2.9367 16.3649 4.0141
4.8440 -13.6552 -0.5007
4.4506 -14.4011 0.2211
-6.3281 6.3762 10.5215
-0.6416 3.4547 -16.3847
-6.2782 6.0479 9.9121
-0.2748 3.0902 -16.5466
3.3259 15.7612 3.9567
-0.7130 2.6190 -16.5550
3.2732 15.5706 4.8414
-6.3149 5.5904 10.3492
-0.2247 6.8058 15.6745
-1.8690 2.1734 -16.1894
6.5723 -6.1285 10.1452
4.6682 -13.5823 1.9273
-0.9876 6.3295 15.7715
-6.2230 6.7459 8.3733
-6.2959 6.0250 8.6430
3.5532 15.2350 4.2557
2.2614 5.8763 -15.2287
2.6993 7.1622 15.3538
3.8052 14.7385 3.9492
2.9758 7.3370 15.1365
-6.3695 6.4034 9.0628
2.6220 5.1999 -15.2454
3.9561 15.1617 2.0012
-6.2892 5.9581 9.5383
6.2884 -7.7479 8.5857
-6.3197 5.2431 9.2511
6.4384 -7.1413 9.4575
4.2593 -14.6315 2.0584
3.9618 15.0234 2.5454
1.9310 4.9392 -15.6544
4.1356 14.4705 1.9452
6.1584 -8.2199 9.2896
-6.2626 5.8124 7.7473
-6.1918 6.9477 7.8412
-6.2071 6.7210 7.4776
4.1075 14.0125 0.5299
4.1689 14.1319 1.2876
-6.2417 5.4324 8.2108
2.1431 6.7608 15.6803
2.5726 3.8842 -15.7747
-6.2172 6.0344 7.3918
-6.1285 5.1745 7.0117
-6.2617 4.7895 7.5898
6.3322 -7.2081 10.3104
6.3928 -6.1776 11.3256
4.2935 13.2051 1.8887
1.5343 6.5711 15.7996
2.9108 4.6835 -15.2504
3.2504 4.0059 -15.2698
0.7501 6.0543 15.9653
3.5629 3.6067 -15.0037
1.5025 4.4815 -15.9190
-6.3182 4.7818 8.7514
-6.3097 4.5410 8.0659
-0.1747 5.5382 16.0635
4.0121 14.3776 2.7498
4.1831 13.9285 2.2665
6.1417 -7.1048 11.4841
5.0501 9.5773 5.0745
4.0578 13.9968 3.9112
4.1243 13.7660 3.1635
-6.2527 4.6453 9.7892
3.4572 3.1841 -15.3986
2.9640 3.2529 -15.8422
3.9311 -15.3558 -0.0813
2.6784 3.0087 -16.0583
3.2035 2.9551 -15.7651
3.3465 2.1925 -15.7482
5.1526 8.6600 4.3560
3.0487 2.1811 -16.0042
6.0835 -7.9220 10.7808
4.3653 12.7219 2.9351
3.7385 -15.6223 -0.9270
2.0825 3.0430 -16.2359
-6.2933 3.8846 8.6772
5.6849 7.3960 6.0021
3.4027 15.1327 5.8818
1.0259 3.4601 -16.3234
5.9211 -8.7445 10.0440
-6.2267 3.4296 8.8873
-5.9628 7.3433 12.2609
3.7200 14.8382 5.1153
3.9555 14.3505 5.2316
-5.9449 6.5200 12.4591
1.2180 2.3242 -16.5362
5.4646 7.9276 5.4127
5.5185 7.1531 4.5599
2.6392 1.8429 -16.2771
3.3608 -16.1113 -1.1754
2.1236 1.7845 -16.4541
6.0743 -8.6831 8.2964
5.3210 7.5427 3.5583
5.4978 6.1955 2.2238
5.5200 6.6894 3.2499
4.2982 12.9262 3.7116
-5.5240 6.1147 13.4947
2.9903 -16.4864 -1.5848
3.0739 -16.4681 -0.8040
-6.2578 5.2040 11.6485
-6.3413 4.7334 10.9721
5.8640 5.4371 3.9057
3.8013 -15.6287 1.4610
3.6334 4.1874 -14.2880
4.3747 12.9165 4.9047
-6.0667 5.4509 12.3846
3.6866 3.6314 -14.6677
3.5365 -15.9966 0.0970
3.3179 -16.2723 0.5521
2.9442 -16.6231 0.4818
3.7829 3.5660 -14.1907
2.5646 -16.9013 -0.7893
3.8166 3.4239 -13.6888
3.8492 4.3968 -12.5348
-5.7979 4.9803 13.1460
2.0842 -17.1808 -1.2241
1.9702 -17.3243 -0.4066
3.9380 4.0949 -12.0093
3.1894 16.0430 -3.3308
3.4715 15.3348 -2.8948
5.8284 -9.5604 8.4953
2.4442 -17.0174 0.4293
3.8242 3.4255 -12.9999
5.5175 -10.3135 7.9632
3.4803 15.0575 -3.7463
3.6069 14.4282 -3.9015
-6.1644 4.0438 12.2754
3.9069 2.4046 -12.6607
5.9084 6.9096 8.2251
-5.9842 4.0929 12.8260
3.5944 15.3767 -2.1426
3.5751 2.5336 -15.3759
3.7636 2.6650 -14.9135
5.6826 -9.8840 9.2025
6.0605 5.9283 6.8544
3.8586 2.5611 -14.4327
-6.3575 3.9185 10.5609
3.7718 -15.0707 -3.9035
3.7630 14.4904 -2.6791
-6.2553 3.8685 9.9609
3.5457 1.4033 -15.5635
5.5262 -9.9548 5.0715
3.7256 1.8776 -15.1794
3.8056 1.0798 -14.9165
3.8772 13.6438 -3.0307
-6.1914 2.0224 9.0778
3.6936 0.1161 -15.2765
5.7640 -9.1547 4.0413
3.8948 2.4836 -13.9345
3.9119 1.7531 -13.4284
-6.3131 3.0927 10.2397
3.9554 0.6874 -13.9160
6.0354 5.5244 5.6223
3.5941 13.1494 -4.8669
3.7516 13.3674 -4.1135
3.8852 1.0931 -14.4891
3.5962 11.8641 -5.4526
6.1515 4.1999 4.5586
6.2300 4.4943 6.0511
2.9965 -16.2653 -3.8400
-3.6683 7.8485 14.6353
5.5539 -10.2675 3.6031
5.0535 -11.7157 4.3830
0.2422 2.7410 -16.5993
-2.7832 6.9461 15.2338
3.8841 12.1417 -4.4673
3.7895 11.6052 -5.0325
3.9648 12.2758 -3.7703
2.6130 -16.7330 -3.2297
2.2128 -16.9069 -3.7846
3.2501 -16.1671 -2.3923
5.6999 4.4982 1.2265
3.9388 11.0557 -4.5538
5.7342 4.7583 1.8618
2.9403 -16.4996 -2.7503
0.4743 1.5027 -16.7698
1.4269 0.8401 -16.7236
-1.8430 6.7453 15.5280
-4.0696 7.3444 14.5915
4.0538 13.1590 -2.0571
-0.2317 1.6009 -16.7980
-3.7062 7.0377 14.8826
4.0558 14.0352 -0.5028
2.5251 -16.8484 -1.8918
-0.7689 1.5792 -16.7053
-4.4868 6.7253 14.4867
1.5808 -17.2195 -3.7505
-4.7863 8.7647 -13.4569
5.8250 -8.3079 11.1952
-3.1432 6.0587 15.3755
5.9028 -7.4677 11.8731
6.0332 3.1331 0.5813
4.3025 12.4401 0.6085
-3.6514 6.0894 15.1408
4.2119 12.2691 -0.7242
-5.2488 9.2582 -12.7798
-5.1896 8.2560 -13.2889
-4.0155 5.8434 14.9798
5.5542 -8.0942 12.1391
5.6409 -7.3967 12.4027
6.1825 2.0326 -0.5164
-4.9510 7.0674 -13.8801
6.0213 3.1310 1.7364
5.9408 3.3812 1.1355
2.1447 -17.0998 -2.2176
1.7662 -17.3182 -2.2410
-5.4124 8.5472 -12.8914
-5.4579 9.4988 -12.2816
-1.8404 5.8720 15.7872
-2.5447 6.0233 15.5897
-5.5498 8.7760 -12.3041
-5.6041 7.9427 -12.7779
-6.6898 11.8266 4.0720
-6.7396 11.6179 4.9124
-6.7284 12.0103 4.9799
-5.4865 7.6143 -13.1245
-6.6590 11.3708 4.1553
-6.7201 11.2471 5.3803
-6.4461 10.7496 4.5128
-5.6630 7.9441 -12.3733
-5.5725 8.2140 -12.0085
-6.6278 11.0755 3.6558
-6.5029 10.8252 4.0181
-6.6670 11.1804 2.8921
-6.5092 10.7820 3.2244
-5.6875 7.2688 -12.3477
4.1396 11.8282 -2.5186
6.2277 1.9109 0.4718
6.1382 2.2567 1.2822
-5.6856 7.2326 -12.7550
-6.3039 10.4943 3.5277
-5.2870 6.7865 -13.6203
-6.1795 10.2350 4.1435
-6.1753 10.2943 3.2075
-6.0647 9.9320 3.7027
6.1807 3.1354 3.0256
-6.0429 9.6651 3.8191
-6.0536 9.2635 3.1598
4.0856 10.8640 -3.6412
-5.5770 6.6288 -13.2366
-6.0650 8.8043 2.2020
-6.1475 8.9209 3.4527
-6.5411 12.5141 6.3527
-6.5859 12.1579 7.2366
-6.3603 12.6463 7.1758
-6.7078 11.9917 6.3282
-5.6562 6.7473 -11.9983
-5.5657 6.9433 -11.3286
-5.5458 8.2583 -11.6052
-5.6052 7.5398 -10.9556
-6.0472 -12.7674 -3.5703
-4.4951 6.5548 -14.3596
-0.7818 4.9700 16.1385
-4.2157 5.7994 -14.6936
-6.7154 11.4265 7.3586
-6.6217 11.7263 7.7828
-6.0951 -13.0727 -3.2219
-3.5471 5.6822 -15.0622
-6.2526 -13.2289 -2.6784
-6.1832 -13.0110 -2.3664
-6.2660 12.4089 8.2410
-6.3594 -13.4379 -3.2908
-3.1823 4.9180 -15.2590
-2.1185 5.0984 15.8945
4.2621 11.1407 -1.5876
4.2679 10.6751 -2.5259
-6.3843 11.8510 8.5962
6.2935 3.0826 4.5546
-0.3667 4.1942 16.3459
4.4788 9.8601 -2.0565
-6.5844 11.2423 8.2447
-6.6330 11.0123 7.9302
6.4009 1.9487 3.8274
-4.1173 -17.1129 -3.6351
-4.8570 -16.7707 -3.4907
-4.7188 -16.7773 -4.0778
-3.0056 5.2474 15.5949
-2.8685 4.4344 15.7431
-4.3753 -17.1859 -2.8596
-3.8223 -17.3122 -3.2527
-1.9688 4.2329 16.0276
-0.9675 3.7595 16.2371
-2.0997 2.8975 16.0234
-3.0814 -16.6408 -6.8269
-2.0167 -16.4982 -7.6442
-2.3019 -16.9805 -6.1167
-4.9789 5.4081 14.2637
-4.3575 4.9603 14.8427
-1.5450 -17.0088 -6.1701
-5.5908 5.6322 -13.6117
6.2962 1.6753 2.1321
-4.9379 5.3131 -14.2991
-5.3716 5.2078 -13.9410
-4.1641 4.4422 -14.9267
-4.5077 5.0556 -14.6576
-4.4290 3.9858 -14.8242
-4.7898 3.3977 -14.6056
-5.7885 6.5315 -12.5438
-5.7952 6.1916 -12.9143
-5.7781 5.5813 -13.3178
-5.6396 6.1263 -11.5212
-5.7748 5.8432 -12.2185
-6.1211 11.8756 9.3174
-5.9297 12.4497 9.1797
-1.2094 -16.4497 -7.9790
6.3652 0.5625 1.6492
-5.9055 5.4403 -12.9783
-5.9220 5.0950 -12.8306
-5.6907 5.8285 -11.3243
6.5383 0.8692 3.6544
-5.7037 5.2300 -11.9256
-5.7414 4.8035 -12.1491
3.6228 9.8296 -6.1607
6.3136 2.3172 4.7565
3.8117 10.3946 -5.3539
-0.7243 -16.7880 -7.0901
-6.3657 11.2989 8.9806
-0.1640 -16.9853 -6.4785
-5.2311 4.4177 -14.1840
6.5286 0.1078 2.7653
4.0604 9.4020 -5.1900
3.8549 9.0925 -5.9241
-6.4091 10.5841 8.6011
-0.8522 -17.1891 -5.5924
-5.3583 4.8006 13.9640
-5.7378 4.5538 -13.6938
-5.9101 4.7267 -13.3625
-5.5282 3.7622 13.7420
-6.3331 10.7726 9.1177
-5.9215 4.1170 -12.6119
-5.6629 12.1307 10.0697
-5.6601 4.1084 -13.8500
3.4410 9.4168 -7.1243
-5.4873 3.2119 -14.0950
-5.7675 3.1451 13.3287
-5.9838 4.1943 -13.2854
-5.9963 3.9968 -12.8806
-5.1691 3.7183 14.2245
-5.9336 3.8783 -13.5550
-5.8185 3.3118 -13.7745
-4.7050 3.4805 14.6854
-6.0526 3.7089 -13.1839
-6.1446 10.5652 9.8735
6.1781 5.6459 9.2659
6.2880 5.0539 8.1692
-6.0216 3.3784 -13.4656
-0.0624 -17.3539 -4.9810
0.2934 -17.4774 -4.2425
-6.0847 3.0794 -12.9302
-6.0029 2.8315 -13.5204
-6.1016 3.1098 -13.1657
-0.5853 -17.5480 -4.1960
-6.0916 2.5944 -13.2633
-6.2780 10.1176 8.9404
-3.3878 3.5821 -15.3019
-6.6074 12.4034 5.4512
-3.5658 4.7612 15.4045
-6.7571 11.4938 5.9529
6.4397 4.4282 9.3077
-4.0617 3.3880 15.1525
4.0256 10.1510 -4.5912
-1.7126 -17.4083 -4.7283
-6.5999 10.7881 5.9122
-6.7281 11.1410 6.4964
-6.6249 10.9315 5.3173
6.2947 4.2084 6.6344
4.3562 9.1600 -3.7400
-6.3303 10.4440 5.0565
4.1742 9.3832 -4.6910
-3.3438 3.0523 15.5798
-3.5349 2.2382 -15.4026
-4.1560 2.7226 -15.0745
-6.3322 10.3307 6.4349
-6.1542 9.9975 5.4080
-2.6497 3.3777 15.8739
-1.5514 -17.6510 -3.5129
-6.7097 11.1030 7.2919
-6.6561 10.8812 7.0954
-6.5431 10.6772 6.7672
6.4776 3.8705 8.0060
6.2123 5.5189 10.5352
-6.5546 10.7350 7.8128
-6.4549 10.5344 7.4856
-2.9467 2.3010 15.8021
6.4032 3.2576 6.0841
6.5892 2.9116 8.2014
6.6416 1.7379 6.9917
-3.7651 -16.7696 -5.9266
4.5917 8.0848 -3.8424
6.6004 3.2306 10.6153
6.3947 4.1613 11.3154
6.2079 3.8684 12.4345
4.2559 13.2529 0.9502
-3.1771 -17.0835 -5.2867
-4.3926 1.4894 -15.0118
-4.9067 1.9669 14.5095
-5.4782 1.8924 -14.1150
-5.0660 1.5607 -14.5368
-4.5015 -16.4420 -6.2355
6.6061 3.5897 9.3929
-5.7390 1.8639 -13.7994
6.5899 3.1073 8.6623
-4.4258 1.8763 14.9591
6.6930 3.0039 9.2012
4.5015 10.8934 0.9235
-3.9210 1.8340 15.3417
-6.2332 10.0129 7.1131
-6.1661 9.5267 6.4168
-5.6747 6.8235 -10.4316
-5.5815 6.4513 -10.9740
-5.2635 -16.2849 -5.3102
-3.4128 0.3954 15.6312
-4.7799 -16.5596 -5.4624
4.4888 11.4689 2.0067
-3.8436 0.8620 15.3658
-5.6677 6.1901 -10.6339
-3.9121 -16.9395 -5.1504
-5.7085 6.2442 -10.2153
-6.2967 2.8583 11.8140
-6.3733 2.8434 11.0971
-6.1052 9.7539 5.1414
-6.0812 9.2833 5.0281
-6.0903 9.3654 4.1562
-6.1386 8.9345 4.7809
4.4090 10.5707 -0.2373
-5.7190 5.7946 -9.8027
-5.6333 6.1986 -9.6484
6.7684 1.8158 8.7563
4.4915 9.9277 -1.1262
-6.2541 1.2575 11.9181
-6.1315 2.7477 12.4775
-5.9581 1.8908 12.8883
-5.7341 5.4701 -11.0762
6.7136 2.8807 9.7182
-5.6487 4.6941 -11.4687
-5.7540 5.4628 -10.3825
-5.6609 4.7901 -10.9719
-5.0532 -16.5402 -4.8039
6.8341 1.6204 9.6494
-5.6641 5.0232 -10.4174
-5.6254 4.7465 -10.5521
-4.1622 -16.9214 -4.5425
-6.1503 1.6362 12.2929
-6.1867 8.7750 4.2210
-6.1218 8.5227 3.2336
-6.1383 8.4727 4.6173
-5.9996 8.0074 3.7393
-6.1747 9.1042 5.9182
-5.7193 1.3570 13.4029
-5.1842 2.3162 14.2092
-5.3638 1.7970 13.9346
-6.0714 8.3960 5.2468
-6.2306 8.8347 6.4603
-5.6862 4.2805 -10.4563
-5.6138 0.4664 13.6526
-3.1881 -17.4040 -3.8168
-2.5121 -17.3719 -4.4828
-5.7206 5.4126 -9.4935
-5.6671 5.0672 -9.5986
-5.9791 7.7982 4.5152
-5.6734 5.6517 -8.7935
-6.2099 8.2512 6.1139
-6.0277 7.7329 5.4569
6.3633 2.9030 5.5910
-5.5603 4.8206 -8.8021
-5.6584 4.6396 -9.6598
-4.4504 1.0162 14.8892
-5.9555 6.9988 4.5867
-6.3278 10.2755 8.1065
-2.6833 -17.6154 -3.0317
-5.4767 -0.2411 13.9172
-5.0601 0.4233 14.3564
-5.6855 4.0538 -9.4547
6.3068 2.3448 5.5507
6.4561 2.4328 6.2305
-6.2406 9.7983 7.7763
-5.6430 3.7886 -10.9052
-5.5745 3.1797 -10.7225
-5.6126 3.2975 -9.8332
6.3432 1.6547 5.5179
6.3054 1.5693 5.1390
6.3313 1.7945 4.6236
-5.6520 4.1913 -11.7117
-5.7135 3.7887 -12.0217
-5.8641 3.2919 -12.3966
-4.2438 -0.1479 15.1008
-5.5666 3.3509 -11.5135
-4.9157 -1.2261 14.5838
6.4931 1.8610 6.0484
-6.2713 8.9104 7.3532
-6.3165 9.0958 7.7794
-6.1746 8.2347 7.2410
6.4662 1.1428 5.3289
-6.1160 2.6148 -13.0122
6.5936 1.0932 5.7217
-6.2781 9.4682 8.2533
-5.9906 2.5242 -12.5415
-5.7269 3.0497 -12.1740
-5.5973 2.9040 -11.9460
6.7614 0.5230 6.7981
-5.7670 2.1693 -12.2020
-3.4861 -17.4927 -2.3491
-6.2564 8.4615 8.1303
6.4470 1.3664 4.3382
-5.6329 2.7987 -10.3672
6.4735 0.9273 4.7703
6.5908 0.4807 4.6320
-5.5685 2.5509 -10.7694
-5.4905 2.7348 -11.4849
-6.1078 3.7525 6.9832
-6.3515 8.8457 8.5113
-6.0838 4.7625 6.4085
-5.5054 2.4953 -11.6620
6.6661 -0.6128 3.7851
1.4301 -17.6019 0.6662
0.7107 -17.8588 0.5818
1.2007 -17.6752 -1.1141
-5.6067 1.9298 -11.8604
1.8820 -17.3770 0.8895
-5.4874 2.2690 -11.1123
-5.5696 5.3449 -8.3076
-5.4743 5.3053 -7.7131
-5.6517 4.1935 -8.5243
-6.3156 3.8691 8.0914
-6.1985 3.3772 7.3918
-5.5357 4.6456 -8.1682
6.6287 0.5502 5.6011
-6.1631 7.7475 8.0249
-5.4622 4.7015 -7.3476
6.6630 -0.4791 5.4390
-6.0867 3.3319 6.2969
-5.6286 4.1851 -7.6939
-5.6191 3.7237 -8.7338
-6.1146 2.3931 6.9485
-6.1911 7.8482 6.5140
6.7013 -1.7431 4.8643
-6.1414 7.6052 5.9388
-5.5364 4.0539 -7.1706
-5.4659 4.4172 -6.7759
-1.0242 0.8355 -16.7038
-6.1308 7.1135 6.6838
0.8047 -17.7556 2.3780
0.1071 -18.0090 1.5240
-6.2564 3.0051 7.8906
-2.2224 1.1124 -16.1556
-6.0150 7.1572 5.5590
-6.2037 2.4236 8.4597
-6.0801 6.5920 5.4447
-2.2477 17.3380 -2.9002
-1.5125 17.3934 -4.0226
-2.4507 17.0974 -3.8513
-6.1422 6.8813 6.0802
-1.5168 16.9646 -5.4488
-3.2497 0.7165 -15.6730
-6.1830 6.3675 6.1606
-0.0838 -18.0135 0.0549
0.3951 -17.9193 -0.7035
-6.2392 2.0586 7.7010
-2.1543 17.0926 -4.4179
-2.3721 16.6284 -5.6041
6.9075 0.4352 8.5342
-6.0023 1.8723 -13.3607
-2.3478 -17.8003 -2.0400
-1.0624 -17.9348 -1.5405
-2.1367 -17.9636 -0.6995
-1.7225 -18.0598 0.2297
6.9004 -1.0236 7.6173
-5.1849 0.5863 -14.4711
6.9395 -0.1527 9.2620
-6.1318 7.3809 7.3294
-3.2087 16.7594 -3.7686
-2.8146 16.7461 -4.6714
-6.0556 2.4339 5.4793
-6.0352 3.1619 5.9362
-5.9895 2.9955 5.4065
-4.0743 0.1928 -15.2589
-6.1610 2.0548 6.0636
6.7932 -0.8676 6.8107
-6.1229 1.7783 5.4988
-6.1407 2.1737 6.5141
-2.7891 -17.9516 0.4835
-3.4616 -17.7590 -0.4995
-2.8086 -17.9196 -0.2498
-6.1252 6.4741 6.8701
-3.2463 16.4186 -4.9065
-6.1549 5.9748 6.4707
-2.5760 -0.6371 -16.0137
6.7398 -1.2387 6.2523
-2.9179 -17.7706 -1.3383
-6.1855 1.2709 6.4180
-0.9533 17.8939 -0.2189
-3.5035 -1.2191 -15.4824
-1.7504 17.6822 -1.6454
-4.6897 0.8094 -14.8770
6.7597 -2.4324 5.8749
-1.7659 17.6998 -0.9177
-4.4511 -0.3328 -15.0197
-2.3185 17.4796 -1.4147
-2.8622 17.1103 -2.1688
-4.9935 0.0770 -14.6357
-6.0208 1.3534 4.6586
-6.0111 0.8692 5.3571
-6.1499 0.6816 6.0889
-2.4949 -17.8894 2.5131
-1.7709 -17.9071 2.7699
-2.6255 -17.6933 3.2731
-2.2707 -17.9597 1.9021
-5.8783 6.6028 -1.5864
-4.7713 -1.3497 -14.6428
-6.0050 0.3743 5.4255
-2.4476 17.4268 -0.6386
-6.0444 8.5553 1.3435
-3.1053 16.9644 -1.1371
-6.0209 7.8903 1.2519
-0.4437 -17.9635 -1.4800
-1.1412 -18.0897 0.5087
-6.1097 1.2284 7.1489
-5.7770 6.8017 0.5161
-6.1683 1.2615 7.6599
-2.4023 17.4030 0.5554
-1.6390 17.6724 0.5249
-4.4645 -1.7847 -14.8385
-0.5103 -18.0641 0.7709
-4.0545 -2.3995 -15.0444
-6.0510 8.3475 1.8454
2.9555 1.1874 -16.1917
-5.9351 7.8093 2.8152
-5.9295 7.5014 2.1763
2.6272 0.7365 -16.3881
6.8724 -2.8209 8.7899
2.2830 0.4514 -16.5240
-0.4907 -18.0239 2.3152
4.2984 5.5616 14.7593
3.2618 0.7429 -15.9761
-1.3499 -18.0706 1.4829
-6.0301 7.6281 1.5996
-5.9261 0.5264 4.1894
-1.1235 -18.0235 2.5133
3.4558 -0.3199 -15.7866
4.9447 4.8998 14.2771
3.0432 -0.3514 -16.1839
-6.0185 6.7176 1.3898
-5.9869 6.7859 1.8558
-5.8919 7.4693 -0.4548
5.8008 3.8242 13.3745
-5.8928 7.1742 -0.9193
-6.2230 1.5236 8.1238
-2.0523 -18.0512 1.1747
-5.8702 6.6548 -0.7959
-5.7703 7.2821 0.0649
-6.1351 0.7917 6.8560
-3.7207 16.4938 -2.6494
-3.7440 16.4115 -3.7360
5.2721 3.9825 14.1688
-4.1252 16.2296 -2.9852
-4.1867 16.1510 -3.4059
3.8706 -1.3826 -14.6004
-3.7992 16.0668 -4.9103
-5.7897 6.5425 -0.3377
-3.2906 -17.8111 0.8917
-6.1433 0.1026 7.1301
-4.1495 15.8226 -4.7674
-6.1878 -0.1189 6.5120
3.1692 6.0542 15.5566
-6.0680 -0.2128 5.7069
-5.8782 6.4331 -2.6853
-5.8036 6.1805 -1.2915
3.5689 -1.1198 -15.5590
3.7964 5.2564 15.3272
-4.7424 15.6466 -2.8547
3.7036 -1.8645 -15.1628
-4.6361 15.3315 -4.9033
-5.7082 5.8638 -0.7356
-4.8608 15.3853 -3.7438
-5.6880 5.7871 -1.9981
2.3903 5.8725 15.9759
-6.2321 1.7596 9.8447
0.2086 -17.7382 -2.8315
0.9647 -17.4406 -3.6888
-3.4518 16.7404 -1.9563
1.8965 -0.0927 -16.6447
2.8880 5.5700 15.9170
3.9392 3.8063 15.6577
-2.8163 17.1818 0.1327
-5.7137 6.3470 0.0276
3.4362 3.8377 15.9890
2.7863 4.4728 16.2058
0.6276 0.4843 -16.8565
2.3252 4.7691 16.2567
-3.8898 16.3955 -0.9823
1.0444 -0.2917 -16.8286
-5.9520 6.2689 1.0993
-6.1639 0.5664 8.4420
-3.5004 16.6674 -0.2182
-6.3583 1.8804 10.6906
1.1329 -17.5572 -2.6120
1.8408 -1.3694 -16.6244
-6.2978 0.9453 10.5184
-4.1767 16.0823 -1.4511
-4.1933 16.0905 -0.7696
-5.7619 5.6641 0.6010
0.7339 -17.7609 -1.7034
-5.6798 5.7292 -0.0841
-0.5717 0.5675 -16.8600
-0.1400 0.1604 -16.8846
-5.7056 5.0240 -0.4062
-6.3339 0.8574 11.3277
-4.5497 15.6957 -0.9164
-5.7008 4.7598 0.0112
-4.5247 15.7787 -0.2585
-4.2887 16.0634 0.1291
4.5914 3.7337 15.0693
0.3886 -0.5947 -16.8910
-5.7585 5.0243 0.5260
-1.2510 -17.8137 -2.5165
-0.3243 -17.7764 -2.9813
5.0649 2.8700 14.7949
-6.2458 0.0796 9.6299
1.3674 -1.8633 -16.6879
0.8800 -1.9089 -16.7266
-5.7904 6.1283 -2.5795
2.7374 -1.0789 -16.3605
-4.3532 16.0131 -2.1041
0.1100 -17.9062 -1.7161
-6.1747 -0.1858 7.6538
-5.6260 5.3833 -3.1926
3.1416 -1.5267 -16.1404
-5.7291 4.8846 -3.3890
3.2981 -1.6651 -15.9727
-4.8855 15.5485 -2.0610
-6.2900 -0.3610 8.7196
-5.7060 4.6808 -4.3396
3.4627 -2.0639 -15.6689
-4.7883 15.5300 -1.0802
-5.6880 5.1471 -2.8395
-5.6607 5.5139 -2.0097
-5.7395 4.4243 -3.4088
-5.7916 4.6865 -2.9291
2.5749 -2.1650 -16.4013
-6.1823 -0.9883 6.9456
-6.1977 -0.9088 7.4590
4.5228 2.3005 15.5986
4.1502 2.2541 15.9230
-5.6758 4.6688 -5.3445
-6.2839 -0.7424 8.1061
2.9129 -2.2480 -16.2389
4.4481 1.6089 15.8061
-5.4222 14.9961 -2.4618
-5.6915 14.6075 -3.1935
1.5657 5.3370 16.1742
-5.5665 14.4117 -4.6867
0.4266 5.1313 16.1851
3.1303 -2.6875 -15.9764
3.2563 -3.5513 -15.6597
-5.6166 4.2170 -5.4467
-6.2671 -1.2482 8.3448
-6.2132 -1.7104 8.5807
-5.6877 4.3519 -4.1603
-5.5977 4.0029 -5.0938
-5.6058 4.3677 -5.8761
-5.5058 4.4197 -6.3928
-6.3291 13.5134 -4.3906
-6.0668 13.8197 -4.7709
-6.3378 -0.2050 10.7117
1.7244 4.2657 16.4264
0.6705 4.3851 16.3971
1.9983 -2.8391 -16.4697
-5.5042 3.8413 -6.1380
-4.9699 15.3414 -0.2122
2.5936 3.5396 16.4519
-5.5406 3.5588 -5.8529
-5.2267 15.1767 -1.1493
-6.3733 -0.8355 9.0367
-6.4048 -0.6342 9.7336
1.6406 -3.0673 -16.4561
-5.6093 14.7667 -0.8501
-6.4197 -1.1263 9.9825
2.7374 -3.0328 -16.2156
-5.9986 14.2479 -0.6353
-5.5753 14.7097 0.5793
-6.3576 -1.5633 10.0939
-5.7051 3.3952 -5.2254
-5.6404 3.2646 -5.7573
-5.8052 2.9763 -5.4684
2.3520 -3.3572 -16.3140
3.0044 -3.5139 -15.9221
2.6218 -3.8865 -16.1266
-5.6440 3.7457 -4.6369
2.2706 -4.1245 -16.1873
-5.6416 3.8776 -3.9249
-0.8473 -0.2541 -16.7565
1.4206 3.1251 16.6304
-1.6715 -0.4271 -16.4357
0.8189 3.5730 16.5563
-5.9995 -0.2520 4.3737
-5.7030 4.1161 -2.4302
-6.0103 -0.5069 3.2648
-6.0748 -0.7149 4.3580
-5.7155 3.5198 -3.7693
-6.0064 -0.9546 3.0461
3.2288 3.0056 16.2777
-6.0172 14.3399 -1.9067
-0.1080 -1.0018 -16.7960
-6.2337 13.9470 -1.7692
2.2028 3.2743 16.5841
1.9729 2.5346 16.6600
-6.2081 14.0144 -2.6585
-5.8132 3.1695 -4.0440
-5.8153 2.9766 -4.8466
-6.0368 -1.1945 4.5081
0.1178 -2.1995 -16.6087
5.5619 -9.5222 10.3003
-6.3973 13.6081 -2.8219
-1.0192 -1.3115 -16.5658
1.6403 1.6558 16.7092
-0.8090 -1.9576 -16.4745
2.8115 2.2521 16.5335
5.4332 -10.2749 9.7089
3.8130 1.7804 16.2013
4.1648 0.9655 16.0970
5.4596 -10.5315 8.5579
-5.8420 2.6362 -5.3088
-6.3619 13.5973 -1.6205
-5.8228 2.3481 -5.1548
-6.0690 -0.9226 5.5286
-5.8005 2.8234 -4.2890
-5.8641 2.7212 -3.5662
-6.5006 13.0974 -3.0297
-5.7158 2.4475 -4.5091
-1.7481 -1.8827 -16.2203
3.6012 1.0365 16.3550
-6.1403 -0.7937 6.2289
2.3139 1.2463 16.6736
-6.1052 -1.3965 6.7440
-6.0512 -1.7061 6.2391
-5.9906 -1.6471 4.9894
-5.9122 -1.6148 3.6067
-5.9406 -2.1858 4.0796
4.6055 -12.4915 8.1147
4.7340 -11.9992 9.0527
-6.0116 -2.3768 4.7930
3.0784 0.7538 16.5193
5.2433 -11.0754 6.2856
-6.2922 13.7052 -0.4786
4.9066 -12.0178 5.0352
-5.7604 4.9633 -2.1822
-5.6994 5.3614 -1.3308
-5.8747 -2.0316 3.3964
-5.7899 -1.9067 1.8344
-6.5738 12.5615 -1.4797
6.2757 2.9754 12.7657
0.7015 -2.3651 -16.6294
-5.7865 4.5833 -2.2672
-5.7719 4.9554 -1.0967
0.9088 -2.8471 -16.4782
6.5874 2.8074 11.7692
-6.5053 12.7463 0.6158
-5.9329 -2.9880 3.4244
6.4792 2.5563 12.4102
-0.1642 -3.1934 -16.1987
-5.8319 -2.7187 2.3696
1.1153 -3.4281 -16.2401
5.2413 -11.6285 2.9614
4.8855 -12.6297 3.5830
-5.8529 -2.8839 1.6088
-5.9244 -3.3342 2.0542
5.5862 2.7500 14.0917
1.5635 -3.7823 -16.1982
-5.7482 4.4759 -0.9406
6.2075 2.2273 13.1634
1.7014 -4.6393 -16.1208
-1.7247 15.9253 -8.2232
1.4423 -4.3246 -16.0974
-1.9057 16.2637 -7.2316
0.9470 -4.1036 -16.0301
0.5190 -3.8591 -16.0139
-2.4410 16.0064 -7.3619
0.5344 -4.9798 -15.9507
6.4576 1.5523 12.7555
-0.7225 -2.6763 -16.2862
-6.0885 -2.8857 4.1722
-0.0794 -3.7083 -15.9981
-3.1846 15.8348 -6.9047
-2.8688 15.6113 -8.0588
-5.7010 4.1108 -0.2920
-3.4789 15.3887 -7.8435
4.6213 -13.5220 3.2097
-1.4224 15.1966 -9.8021
-1.1321 14.5430 -10.7473
-5.7063 3.8387 -1.3614
-1.5976 14.8188 -10.0090
-6.1434 -2.8974 4.7305
-5.7096 3.4804 -0.0770
-6.1608 -3.6113 4.1671
-1.0864 -3.1948 -16.0610
-1.5849 15.5301 -9.2234
6.7927 1.5205 10.8387
6.6413 2.0043 11.9935
-6.1227 -2.8549 5.6987
-0.4433 -4.1412 -15.8975
-6.1872 -3.2449 5.5515
-6.2070 -3.3344 5.1463
-6.2249 -3.3594 4.6831
-5.7769 3.5673 -1.1412
-5.7378 3.5983 -2.9588
-5.8912 3.1802 -1.6711
-6.1702 -4.0434 4.4842
-2.0597 15.7449 -8.4257
-1.9128 15.5668 -8.8705
-2.3239 15.4648 -8.6412
-2.0366 15.2825 -9.2835
-2.2835 15.2339 -8.9781
-5.7865 3.2828 -0.4491
-5.8864 3.1522 -0.8327
-0.2629 -4.6277 -15.9090
-5.8845 2.9302 -1.8632
-5.9231 2.6493 -1.1606
-5.9390 2.4388 -0.8408
6.5744 0.4671 12.4640
6.7418 0.9623 11.7184
-2.1878 14.9884 -9.4755
4.7459 -12.5586 6.0322
-1.9922 14.6292 -9.8131
-2.6463 -1.7926 -15.8563
-5.8707 3.0339 -2.8858
6.8603 0.6032 10.6888
6.7737 -0.1436 11.4849
-5.8327 2.7535 -2.7340
-3.0939 14.5375 -9.5400
-2.9507 14.7650 -9.2551
-2.5493 14.6843 -9.5609
-3.1818 14.9684 -8.9591
4.4075 -13.6120 4.3847
-2.4439 14.4118 -9.8548
-2.8297 14.1724 -9.9653
-5.8473 2.4308 -3.0808
-2.3506 14.1354 -10.0906
-3.3119 14.2835 -9.5627
-3.1100 13.8633 -10.0072
-5.7189 2.3156 -2.6375
-2.6999 15.4212 -8.4964
-2.6841 14.9913 -8.9809
-5.8093 2.3456 -3.7002
-1.7313 -2.9877 -16.0238
-5.7116 2.1793 -3.9472
-3.2248 15.2749 -8.4721
-5.6344 1.8758 -4.1562
-6.1172 -2.4304 6.2800
-6.2261 -2.4956 7.5404
4.1972 -14.3027 3.8655
-5.8364 1.9210 -3.4258
-5.7265 1.9531 -2.8050
6.8447 -1.9172 10.2344
6.9214 -1.1839 9.3819
-5.8166 1.7031 -3.1535
4.1164 -14.2229 5.1137
-5.7129 1.4653 -3.8032
-5.8147 0.9480 -3.4333
-3.4179 -2.9847 -15.3172
-5.7520 2.5223 -2.0971
-5.6397 1.6715 -2.3271
-5.7841 2.4184 -1.5573
-5.8963 2.0958 -1.1373
-6.2950 -2.8064 7.0672
-5.7960 1.7816 -1.3900
-3.9884 15.0013 -7.9260
-5.6622 1.6960 -1.8457
-2.8494 -3.5789 -15.5007
-6.3010 -3.2674 6.4197
-4.0704 15.4072 -6.5926
-6.2054 -2.1874 8.3934
4.8905 -12.0154 7.3679
-5.6619 1.3875 -2.6524
-4.3558 15.1512 -6.6538
-2.1130 -4.0200 -15.7090
-5.7827 1.2329 -3.0603
-4.7579 14.2480 -8.0200
-5.1447 14.4058 -6.4220
-5.7851 0.5887 -2.9035
-6.3881 -3.1819 7.7331
-5.6539 0.9456 -1.8995
-5.6801 0.7808 -2.4348
-3.6169 14.9420 -8.6666
-3.5915 14.6651 -9.1643
-3.9919 14.6043 -8.8019
-3.9578 14.4348 -9.0310
-6.2747 -2.6363 8.9864
-4.4255 14.1979 -8.7817
-3.6459 14.3710 -9.3161
-3.5669 13.9654 -9.5212
-1.1569 -3.8598 -15.9331
-3.5053 13.5061 -9.9138
5.6710 1.0743 14.3811
-3.9506 14.0023 -9.2326
-6.3364 -3.6277 6.6973
-4.2285 13.8849 -9.2025
-3.7689 13.4095 -9.7802
-1.2719 -4.4972 -15.8383
-4.0980 13.4556 -9.6037
-1.4869 -4.9265 -15.6982
-6.1619 -3.8775 5.2661
-6.0955 -4.4809 4.6507
-0.4321 -5.1099 -15.8748
-6.1158 -4.4878 5.5445
-6.2539 -4.5087 6.2284
5.3625 1.3323 14.8278
-5.8769 7.1562 3.0827
0.4837 -5.8340 -15.8438
5.9956 1.1230 13.8331
-5.8995 6.7738 2.5087
-4.5253 13.7383 -9.2793
-0.3791 -5.8037 -15.7492
-4.8098 13.8138 -8.8908
-4.8667 13.3517 -9.4723
-0.9350 -6.7516 -15.4236
-4.3276 13.1280 -10.0338
-2.8077 -5.6822 -15.0491
-4.6792 13.0789 -9.9937
-5.4671 12.8868 -9.0704
-4.9004 12.4014 -10.6040
-5.2791 12.0949 -10.4485
4.8885 1.3837 15.4111
-6.4064 -3.1550 8.5434
-6.3423 -3.7625 7.5473
-1.8610 -6.2271 -15.2838
5.1390 0.7092 15.2221
4.6735 0.5075 15.7194
5.6900 -1.0155 14.5794
5.2169 -0.8973 15.1917
3.9020 5.7388 -9.4740
4.0548 6.3709 -7.6756
-6.2840 -4.3884 7.2925
6.0467 0.1042 13.8247
-6.0513 6.1620 2.0586
-5.9395 6.6606 3.3936
-6.0280 6.1764 3.1843
6.2487 -0.8185 13.4322
-5.3345 13.5753 -8.1920
-6.0458 5.8244 2.6286
4.0751 5.8164 -8.4653
-6.0654 6.3914 4.1940
6.5633 -1.8869 12.3954
-6.2855 -4.7535 6.9530
4.2632 5.0268 -7.9580
3.7924 5.6668 -10.2880
6.3788 -1.5992 13.1116
-1.4885 14.3530 -10.4992
3.9378 4.7076 -10.6700
4.3078 -13.7253 6.0925
-1.3135 14.0438 -11.1507
-0.9831 13.8522 -11.6405
-6.2866 -5.5361 6.5501
-1.5862 13.5229 -11.3031
-1.8321 14.0756 -10.3631
-1.8837 13.6176 -10.8597
4.0402 4.8186 -9.7089
-1.1986 13.5157 -11.9275
-0.9973 13.2995 -12.2050
-5.9586 5.2054 3.3862
-6.0116 5.4477 2.9822
4.1026 3.4077 -10.3842
-6.1382 5.8809 4.1269
-6.0469 5.4870 3.9125
-1.3862 13.4440 -11.8206
-1.3843 12.9405 -12.4105
-6.1518 5.9558 5.3038
-1.7682 12.8594 -12.0322
4.2054 4.1286 -9.1573
6.0028 -2.1065 14.1400
-5.9352 4.8343 3.7804
3.8886 -13.7948 8.4581
-6.0268 5.7551 1.6037
6.1748 -2.5863 13.7569
3.9110 -14.0707 7.7103
3.9929 -14.2964 6.5119
-2.2111 13.7515 -10.4832
-5.9344 5.1947 1.1753
-2.6816 13.5916 -10.5417
3.4850 -14.3316 8.4124
-2.9494 13.4315 -10.5691
4.3937 -0.1146 15.9509
-5.9535 5.3740 2.1158
-2.4908 13.0809 -11.0083
-2.8205 13.0235 -11.0063
4.4145 5.1676 -7.1140
3.9993 -0.0062 16.1814
-1.9169 13.1704 -11.2575
-6.2799 0.0906 11.9950
-2.1769 13.0346 -11.1945
-2.0880 12.4833 -12.0297
-5.9561 4.9880 1.6404
-2.4281 12.7286 -11.4653
4.7040 4.4940 -6.5422
4.8456 -1.5185 15.5092
-2.7919 12.5119 -11.5586
-2.4117 12.0113 -12.2475
3.7205 -15.1384 4.7948
-5.8729 4.7865 2.1369
4.1229 -0.9079 16.0266
-6.3849 -0.6098 11.0796
4.2640 -1.9082 15.8508
-1.0854 12.3517 -13.0327
-0.8866 12.8236 -12.5968
3.6710 -14.8586 6.4942
4.8451 5.7982 -5.3921
3.3900 -0.9007 16.3185
-5.8585 4.5228 0.6930
-6.1012 0.2398 12.5621
-1.6234 12.6688 -12.5675
2.4043 -0.0480 16.6515
-1.4445 12.0513 -13.1800
-5.9864 4.1405 1.2650
5.0937 4.6167 -5.3331
2.4398 -1.0307 16.6094
-5.9015 4.1688 1.9729
-5.9264 -0.7073 13.1427
4.9931 3.9563 -5.9978
-1.0126 11.8755 -13.3973
-5.9275 4.0894 0.7562
-6.2289 -1.3116 12.3941
-6.3020 -1.0417 12.0632
3.3972 -15.5560 5.2400
-1.8144 12.3218 -12.6810
-6.3938 -1.2476 11.1423
-1.7302 11.6780 -13.2063
-1.9814 11.9515 -12.7641
-5.9439 4.8524 2.8901
3.6013 -14.6899 7.3874
-2.1530 11.5202 -12.9687
-5.8925 4.8689 2.5205
4.7426 3.6603 -7.0408
-2.6099 11.3920 -12.8431
3.2590 -15.2415 6.9555
4.5016 3.0687 -8.4571
4.6189 3.4527 -7.6255
-5.8616 3.9240 2.5832
3.1747 -15.0981 7.5566
2.8617 -15.0348 8.1902
6.7338 -2.0961 11.3951
2.6902 -15.5537 7.4276
-6.3290 -2.3219 10.0593
2.9560 -15.7384 6.3018
-3.3497 10.7342 -13.1548
-6.2931 -2.8629 9.7140
-4.3609 11.9733 -11.7673
-3.9550 12.1549 -11.8732
-3.7832 11.7484 -12.2950
-4.1329 11.6298 -12.2932
-4.5762 11.3782 -12.1656
-4.3392 11.0966 -12.5204
-3.8388 11.0258 -12.7633
-3.6632 11.2690 -12.6257
-4.9914 11.3276 -11.7899
-4.9046 10.7682 -12.3483
-3.9212 10.5075 -13.1597
5.1496 -8.0766 12.7918
5.2204 -8.4426 12.5343
-4.7369 10.2447 -12.8024
5.3592 -9.3482 11.1391
4.9906 1.9379 -6.9134
5.0655 -9.2414 11.9862
-3.2896 13.2248 -10.3374
4.8007 1.5479 -7.9101
3.9873 4.0756 -11.3543
-3.0991 12.9068 -10.9775
-5.8419 -1.5402 13.4816
-3.3695 12.9124 -10.6499
-5.6518 -1.4734 13.8055
-6.1238 5.5022 4.6491
-3.6667 13.0466 -10.1520
-4.0014 13.0515 -10.0650
-3.6690 12.7839 -10.5869
-3.9687 12.7454 -10.6403
4.0338 3.0166 -11.3472
-5.3099 -1.1450 14.2030
-3.5308 12.3516 -11.7033
-3.2101 12.6030 -11.3841
-5.9093 3.9166 3.3307
-2.8521 11.9543 -12.0397
-3.2808 12.0222 -11.9317
-5.9107 3.3933 1.9181
-3.5277 12.6739 -11.0793
-3.6898 12.5302 -11.4494
-4.1436 12.5340 -11.1123
-4.1443 12.3563 -11.4702
-3.5498 11.9439 -12.0699
-5.9401 2.6980 2.9105
-5.2981 -2.7033 14.2098
-6.3674 -3.0881 11.6455
-6.1600 5.5884 6.1922
-4.2755 12.8161 -10.5562
-4.5852 12.4717 -10.8903
6.8267 -4.0620 9.6227
4.5995 -8.8976 13.0873
4.7067 -8.3383 13.1792
-6.3752 -2.3671 10.9020
-3.2730 11.5656 -12.3501
-3.1301 11.3069 -12.6583
-6.0845 5.4706 5.5224
4.7083 -9.1483 12.7758
4.5106 1.9712 -9.1503
-6.4267 -3.1069 10.6588
4.1993 1.4927 -11.0873
-6.3939 -3.9049 10.2849
4.7806 -10.5124 11.0332
4.3933 1.4195 -9.8883
6.6190 -2.8076 12.1510
-6.0384 4.4640 4.4437
6.7251 -3.7378 11.0848
-1.4444 16.6090 -6.7069
-6.0027 4.9606 5.3600
-6.0388 4.7144 4.7843
-6.4489 -4.2653 10.8809
4.4414 -9.8495 12.5577
3.7587 -9.1906 13.7802
4.0268 -8.8515 13.5947
4.0991 -9.7266 13.1668
-6.0511 -1.8874 12.9964
6.4162 -3.0417 13.0019
3.9929 1.3749 -12.7191
-6.0203 3.7507 4.8879
6.2061 -3.4018 13.6081
-6.1269 -3.5563 12.7325
-5.8081 -2.9283 13.4923
6.5686 -3.9346 12.1064
-5.5311 -3.8827 13.9220
6.2819 -4.1632 13.0990
4.0407 -0.4535 -13.0194
4.0426 -10.7045 12.2775
4.3039 -11.0127 11.3052
4.1846 -0.2736 -12.0797
-6.0009 4.2629 5.7877
-5.9747 3.9435 5.3926
-6.2836 -3.9077 12.2086
-3.8145 15.7509 -5.8568
-3.1920 16.1503 -5.7304
4.2802 0.6167 -11.1284
5.0065 -11.1388 9.7528
6.5608 -5.1051 11.3049
4.5558 -12.0100 9.6128
-6.0008 3.7640 4.3152
-5.9475 3.4790 3.8854
3.9746 -12.7482 9.7875
3.9140 -10.4149 12.8060
-5.9313 -4.5881 13.2283
3.7549 -9.9154 13.3809
-5.7121 -5.0355 13.6421
3.2815 -9.6014 13.9060
3.6343 -10.4910 13.0567
-6.4293 -5.2549 11.4044
3.3395 -10.2331 13.4787
6.3339 -5.2993 12.3659
3.1400 -10.5793 13.3311
3.7518 -11.2498 11.9297
4.8346 0.3591 -8.1950
3.6129 -10.9980 12.5645
4.6746 0.2229 -9.0947
3.3550 -11.6349 11.9146
3.2152 -11.2013 12.6514
2.5595 -9.9151 14.1801
2.3798 -10.3550 13.9099
-6.1409 -5.6690 12.7211
2.4872 -10.7916 13.4526
3.6589 -1.9140 16.1285
5.5397 -2.4913 14.8540
4.4599 -0.9159 -10.3247
5.9064 -2.8681 14.3034
5.7413 -3.3986 14.5221
5.4589 -2.9636 14.9041
5.0523 -3.0799 15.1960
4.1138 -3.4858 -12.5712
4.1382 -2.9369 15.8774
4.3771 -1.9666 -11.2363
3.7555 -2.5527 16.0933
4.5669 -3.1107 15.5290
-5.9851 2.3611 3.7666
4.7106 -3.6364 15.2584
5.0783 -3.8926 15.0267
4.1494 -3.6799 15.7457
4.4636 -3.5779 15.4480
-6.3396 -3.3564 9.4354
-6.4134 -3.6151 9.1154
2.9730 -11.7576 12.1289
4.1115 -4.2285 15.6344
5.9098 -3.8652 14.1830
6.0424 -4.4605 13.6810
-5.7771 13.6894 -6.6022
2.3840 -11.6627 12.6506
-6.0497 2.6349 4.6669
1.7918 -11.2783 13.3963
4.8217 -1.5718 -8.6133
-5.7242 13.0281 -8.2624
5.3813 -4.1093 14.7670
-6.4372 -3.9796 8.8066
5.6928 -4.2907 14.3835
-5.9862 13.1044 -7.3103
3.5784 -11.9462 11.2010
4.0207 -11.7689 10.7939
4.5379 -3.4700 -10.3130
-6.4053 -4.6580 9.4221
-6.3516 -4.5096 8.2821
5.7764 -5.0157 13.9490
6.0504 -5.4219 13.2091
-6.4148 -5.1901 8.8663
5.4694 -5.3117 14.2180
5.0155 -5.1449 14.7807
-6.3367 -3.9896 9.8632
4.5466 -4.4522 15.3210
-6.3818 -4.6353 9.9098
5.2177 4.8922 -4.6795
5.7651 -5.7503 13.5528
-6.0399 1.8604 3.9372
4.4449 -4.9839 15.3316
3.5049 -12.9109 10.2205
4.8786 -6.0149 14.5369
-6.3640 12.1826 -7.8694
-6.4724 -5.0644 10.5916
-6.4266 -5.6357 10.3220
-6.1103 12.2883 -8.5754
-5.9225 11.9050 -9.5381
-6.4373 -6.4609 8.8763
-6.3762 -6.1930 9.9058
-6.4129 -6.5579 9.3835
5.4136 2.8189 -5.4255
6.1193 -6.3641 12.3063
-5.7947 4.1493 0.2431
-6.3128 11.7680 -8.7934
3.0632 -12.4335 11.2258
-6.2445 -5.7667 7.3818
5.5690 4.0599 -3.5707
-5.8094 3.3781 0.6994
5.9483 -6.5275 12.5790
2.9257 -13.3142 10.4108
5.6295 -6.4513 13.2547
-5.9397 3.4236 1.2063
5.5673 3.3939 -4.4322
-6.6860 11.5635 -7.8733
5.1923 -6.4090 13.9521
2.4373 -13.0099 11.1681
-6.2821 -5.4932 8.1696
-5.7450 2.5523 0.5773
-5.8748 2.7772 -0.5013
-5.7321 2.8311 0.0402
-5.8117 2.2508 -0.3282
-5.3110 10.8647 -11.8344
5.2217 -7.0621 13.3413
-5.1628 10.1877 -12.4330
5.1473 2.7255 -6.1679
-6.3144 -6.7321 8.0361
-6.3774 -6.1954 8.5181
-6.2792 -6.7035 7.0457
5.6821 2.3444 -4.5685
-5.7236 1.4075 0.3053
-6.2661 -6.7355 7.4913
6.2714 1.7670 -1.2941
3.9284 -13.3751 9.1069
-5.8024 1.2022 -0.1634
-5.9138 2.6820 1.8777
-5.8839 2.5974 1.1691
-5.4944 11.3903 -10.9617
6.2412 1.7736 -1.6706
5.9785 2.6715 -2.1962
6.1259 1.4191 -2.4368
-5.9208 11.3659 -10.1809
5.2543 1.5416 -6.2288
-5.9509 2.1053 1.6468
-5.9396 2.1855 2.2333
6.2342 0.9953 -1.7859
5.6897 1.4000 -5.0428
-5.8069 1.7576 0.8852
6.2781 1.1654 -0.5404
-5.7288 11.0517 -10.7232
-5.5299 10.6638 -11.5422
-5.6934 10.5207 -11.1341
3.5483 -13.6508 9.4100
6.3649 -0.1611 -0.8297
5.4909 0.7799 -5.6945
-5.9175 1.6993 1.2546
3.1156 -13.8612 9.6470
-6.2545 11.4358 -9.2786
-6.2101 11.1206 -9.5620
-5.9470 1.4449 1.9911
-5.9283 0.9912 1.3873
-5.7915 0.8497 0.7916
-5.9784 10.9449 -10.2355
-6.1576 10.8612 -9.7124
-6.0313 10.6235 -9.9044
-5.8392 10.5115 -10.5046
5.7688 3.2313 -3.3044
-6.4578 -7.6625 8.5592
-5.9182 1.6413 -0.6288
-5.9418 1.2631 -0.8053
-6.4641 -8.0752 8.5395
-5.7120 1.2459 -1.5552
3.1859 -14.3142 8.9501
-5.8426 0.9667 -1.2632
6.1987 0.3820 -2.7373
-6.6256 11.2786 -8.2819
2.5532 -14.5899 9.2609
-6.4123 10.9309 -8.9072
5.8855 1.5812 -3.9484
-6.1762 10.4977 -9.2693
5.8431 2.2609 -3.4217
-6.6411 10.9895 -8.0969
-6.4147 10.7090 -8.6428
-6.4598 10.6524 -8.0825
-5.8635 0.5099 -1.1049
-6.1661 10.3508 -8.8094
-5.8451 0.4438 -0.6007
-5.9428 10.3203 -9.6933
-5.7892 10.0160 -9.8694
-5.7576 10.2266 -10.7348
-5.7448 0.5196 -1.6838
-6.4900 -6.2992 10.8484
-3.6111 -11.4039 11.2383
-4.0115 -10.8923 11.3802
-4.0253 -11.2500 10.7055
-5.7553 0.2956 -2.3405
6.2499 -1.0733 -2.3474
-3.6846 -11.9873 10.2333
5.9648 2.2601 -2.5791
6.1074 -0.4600 -3.5992
-5.8285 9.9661 -8.9650
-5.7527 0.0407 -1.7137
5.9373 1.5483 -3.2479
-6.0095 10.1559 -8.6271
-5.7578 -0.1146 -0.8750
-5.6941 9.6003 -8.9384
-5.6921 9.5062 -9.5673
-4.0996 -10.5817 11.8262
-3.5593 -11.0377 11.7935
-3.5779 -10.6658 12.1272
-5.6627 -0.4514 -1.8597
-3.2279 -12.0340 11.0094
-5.5883 10.1029 -11.4989
-3.0734 -10.7971 12.4998
-2.8410 -11.6521 11.8395
-5.3641 10.0598 -12.2166
6.4073 -1.3408 -0.8041
-6.4307 -7.0747 10.4460
5.8922 0.7497 -4.4700
-5.5286 9.4840 -11.7912
-6.3577 -6.0646 11.9326
-5.7330 0.1287 -0.1336
5.6789 0.2540 -5.3367
5.9637 -0.7316 -4.3126
-5.7330 0.2640 0.3946
-6.1977 -6.9267 12.3680
-3.4080 -12.6108 9.9857
-5.6583 9.8003 -10.5970
-2.9119 -12.6499 10.7897
-5.6226 9.4799 -10.6171
-2.5611 -12.5069 11.3756
6.0545 0.6485 -3.5123
-5.5641 8.9461 -11.3817
-2.5635 -10.9618 12.9159
-2.4586 -11.6634 12.2861
-5.6802 -0.8543 -0.7157
6.4290 0.0945 0.7642
-6.3883 -8.0024 9.5549
-1.9477 -11.0034 13.5940
-1.9478 -11.4321 13.2511
-2.1258 -11.6052 12.9079
-5.7277 -0.8902 0.5986
-2.1981 -12.0451 12.3543
-1.9188 -12.4584 12.5748
0.2179 3.2605 16.5159
-5.6734 9.0176 -10.7170
5.0675 0.3048 -7.1140
-6.0102 1.9041 2.8140
-2.2663 -12.6133 11.7816
-5.6985 9.1074 -9.4199
-5.7788 8.7209 -10.2298
-5.7829 8.6668 -9.5827
-0.3129 2.8593 16.4392
6.5372 -1.3094 0.8317
-1.8990 -13.2919 12.0716
-2.2490 -13.1024 11.5743
-5.7081 8.4423 -10.8477
-5.9605 1.3655 3.0650
5.4396 -0.7157 -6.0503
-1.4840 3.1203 16.1234
-2.9715 -13.3638 10.1108
6.5071 -0.7354 1.6286
-2.6633 -13.0720 10.9064
5.6847 -1.6428 -5.3391
6.6028 -1.2228 2.7737
-5.8291 8.1290 -10.1391
-5.8506 0.8849 2.0452
-5.9338 0.3175 1.6224
-5.7698 7.6023 -10.3256
-2.5509 -13.8551 10.6923
-5.8641 0.9266 2.6663
-5.8338 0.3245 2.5130
0.3984 1.8760 16.6582
-5.8644 0.1946 2.0269
6.5596 -1.9014 1.6830
-2.3476 -13.8567 11.1625
-2.1377 -13.5063 11.6492
5.1744 -1.1887 -6.8973
-1.9940 -13.7615 11.6854
-2.1386 -14.2229 11.2096
-1.8976 -14.0681 11.4882
-0.4056 1.8580 16.5547
-2.4076 -14.2706 10.7767
-1.9431 -14.5093 11.0286
-1.6300 -14.1502 11.4543
-1.3650 -14.6491 10.8754
-6.1506 13.3741 -6.0754
-2.2438 -14.6210 10.6716
-1.2019 2.6247 16.2545
-1.7765 -14.9012 10.5527
-2.0809 -15.1111 10.1938
6.4202 -2.3696 -1.0808
-1.1351 2.1895 16.3763
-5.9007 -0.2457 2.6533
1.4497 -16.5917 6.0954
2.0898 -16.5030 5.7261
1.6782 -16.4705 6.4561
2.4669 -16.2158 5.9299
-1.4577 1.5694 16.3770
2.2973 -15.5982 7.8562
-1.0086 0.4531 16.5459
-0.4124 -0.0586 16.6857
6.5430 -2.6553 0.3576
-6.4684 12.7363 -6.3000
1.7410 -15.6133 8.3259
2.1997 -15.2043 8.6677
2.0162 -16.0424 7.1748
-6.4992 13.1130 -4.5213
1.2005 0.4991 16.7341
-5.9085 0.2739 1.1206
-6.6242 12.4997 -5.6933
-5.9741 -0.4673 1.6907
5.1922 -2.5994 -6.9415
-5.8342 -0.3290 0.9643
4.9403 -2.9068 -8.0627
6.5739 -3.2752 1.4291
1.0511 -16.4456 7.0289
0.6765 -16.6907 6.5399
0.7883 -16.8111 5.9897
6.3738 -3.7592 -1.1626
0.7102 -15.9067 8.3649
0.6837 -15.4111 9.2156
1.2415 -16.1260 7.7129
1.6278 -16.2897 6.9928
6.5135 -4.4224 0.3358
6.1078 -3.2044 -3.4405
4.7863 -4.8084 -8.7201
1.7268 -0.4648 16.7723
5.2377 -4.4384 -6.4960
-5.9406 -0.3710 2.1020
5.6824 -3.3588 -5.1049
-6.6321 12.7371 -4.3121
-6.7341 12.1630 -5.0644
-5.8917 -0.8441 1.3939
0.3528 -16.3967 7.6203
-2.6213 -15.6865 6.8936
-2.1728 -15.8045 7.6618
-2.6214 -15.3768 7.6320
-2.4597 -15.3431 8.4918
0.3583 0.1632 16.7414
-1.1265 -16.5129 6.0785
-0.0801 -16.6781 6.2020
-0.4680 -16.5790 6.5445
-1.2513 -17.0120 5.2402
-0.4532 -17.0000 5.2997
-1.2823 -16.6583 5.6925
-0.0928 -16.7692 5.8878
6.2285 -3.2706 -2.6787
-1.9548 -17.3069 4.8616
-2.3377 -16.8196 5.4126
-6.7775 12.0326 -6.6041
-2.3679 -16.1850 6.1928
-2.1817 -16.0661 6.5692
-1.7327 -16.3689 6.1598
-1.6908 -16.2341 6.7642
-1.9094 -16.0605 7.4304
-2.1331 -15.9749 6.9740
5.8730 -5.1643 -3.9336
-5.7013 -2.0550 0.2892
-0.9619 -16.4667 6.8085
-6.6217 12.3528 -3.1008
-2.0160 -16.5547 5.7593
-2.6105 -16.3808 5.7866
0.6430 -1.1344 16.8200
-6.6975 12.3798 -3.9465
-6.7966 11.8623 -4.5380
-5.7698 -2.5144 1.1448
-6.7447 11.7516 -3.4031
-0.5009 -15.6744 9.2278
0.1260 -14.9616 10.1115
-0.7307 -14.9313 10.3645
-6.9006 11.6899 -5.9933
-2.0083 1.9722 16.1642
-6.9055 11.6730 -6.5626
-6.9395 11.2435 -6.3201
-6.9023 11.3490 -7.1963
-6.8905 10.9256 -6.7630
-6.8422 11.0262 -7.4851
-6.6918 10.7022 -7.5051
-2.2346 0.0709 16.2005
-6.7821 10.7057 -7.0627
-1.7610 0.3747 16.3613
-6.5191 10.4770 -7.3539
-6.7326 10.6147 -6.5592
-6.3502 10.3075 -7.0161
-5.8970 -1.3078 2.0285
-6.8734 10.9140 -6.0007
-6.9053 11.5032 -5.3514
-0.5553 -16.1689 8.3885
6.1465 -4.9306 -2.8066
-6.8080 11.3305 -4.2205
-6.7620 10.9027 -4.8908
-6.6543 10.6496 -5.2113
-6.7463 10.7039 -5.8108
-6.5099 10.4171 -5.8777
-6.2290 10.1538 -5.8950
-2.1316 -15.5978 8.5900
-6.1235 10.1061 -6.8290
-1.8043 -15.9557 8.0377
-6.0272 9.9233 -6.5030
-5.9981 9.8284 -5.8959
-1.0746 -1.2736 16.6244
-1.3106 -16.0660 8.5532
-1.8349 -15.7786 8.9295
-1.2543 -16.2668 7.5719
-6.3761 10.4144 -4.9275
-2.7001 -0.4630 15.9988
6.3852 -4.7894 -0.9028
-1.2255 -15.5618 9.5362
6.2190 -5.5045 -1.8293
-6.0762 2.1817 -12.7028
-1.8839 -15.6080 9.4400
-1.6767 -15.4983 9.6721
-5.5760 1.5397 -11.6188
-5.5588 1.8352 -10.7427
-5.6486 1.3769 -11.0582
-5.5727 2.8239 -8.7728
-5.6360 2.7449 -9.4978
-5.5582 3.1251 -8.5136
-5.6001 2.3426 -9.0546
-5.6599 3.7177 -7.2868
-5.7275 3.5980 -7.6887
-5.6240 3.3258 -8.1241
-1.1441 -16.0200 8.7664
-5.7243 2.9874 -7.7328
-6.6917 11.3181 -2.7220
-6.6936 11.0268 -3.7815
-5.4889 3.6202 -6.6567
-5.5767 2.8897 -6.7746
-5.7253 3.1356 -7.2560
3.9800 -0.8262 -13.9605
-5.7684 2.7985 -7.4338
-6.7170 11.8223 -2.2526
-0.3173 -16.6039 7.2212
-0.6473 -16.5245 7.4163
-0.1232 -16.5384 7.4774
-0.7712 -16.3241 7.9575
-6.6346 11.0550 -2.2353
-5.5803 2.6260 -8.1509
-6.5553 10.8570 -3.3283
-5.5529 2.1536 -8.5286
6.6593 -2.4181 3.3981
-6.4143 10.7358 -2.7489
-5.7924 2.1071 -7.5956
-6.2737 10.4676 -3.3861
-5.6475 2.2421 -7.9497
0.1736 -16.6458 6.7948
-5.6236 1.8816 -8.2789
-5.7544 1.6169 -7.9732
-5.6189 2.3107 -9.8750
-5.5932 1.9959 -9.9665
3.7973 -2.7804 -14.7346
3.9848 -1.8854 -13.4608
-6.4996 10.6312 -4.2393
-5.6547 1.5442 -10.5446
-6.0442 10.1847 -3.8873
-5.6624 1.1001 -10.8615
3.9838 -3.1317 -13.2038
1.7939 -1.4163 16.7718
-5.6627 1.4538 -9.6907
-6.1023 10.1906 -4.5361
3.9419 -3.3561 -13.7901
-5.8932 9.8382 -4.3827
-6.0243 9.9509 -5.1752
-5.9171 9.6712 -5.2968
-5.8691 9.4431 -5.9160
6.5942 -3.6201 2.7412
3.6074 -3.1236 -15.1464
3.4575 -4.6586 -15.0988
3.8646 -3.9601 -14.1627
2.8946 -4.1853 -15.9327
2.7153 -5.1353 -15.8716
3.0096 -4.8114 -15.7423
3.2337 -4.9638 -15.4256
3.6923 -4.7436 -14.5758
-5.8780 9.0082 -5.0757
-5.8686 9.3202 -4.8190
-5.6580 1.1167 -9.8153
-5.9583 10.0654 -3.2401
2.6590 -2.1702 16.4438
4.2528 -3.1849 -12.0682
-5.6178 0.7986 -10.7160
-5.8173 9.3931 -4.2338
-5.8799 8.8089 -4.2550
-5.9227 8.3004 -4.3366
6.0215 -6.2644 -2.8002
1.5999 -9.9095 14.5566
1.1423 -11.0619 13.8399
-6.0840 10.1071 -7.5367
-5.9271 9.9364 -7.9749
0.3883 -10.8891 14.2345
1.1023 -11.7468 13.2833
1.8757 -11.7455 12.9104
-5.7535 9.6562 -8.2971
6.0940 -6.1304 -2.0470
6.0481 -7.0125 -2.2314
1.0132 -2.1799 16.8303
-5.6344 0.7512 -9.3107
-5.6381 0.1443 -10.1143
-5.6755 9.1860 -8.4145
4.3144 -4.2459 -11.7312
-5.8053 9.5619 -7.4608
-5.6833 9.0987 -7.6117
-5.6447 1.7104 -9.0263
1.2744 -12.3287 12.6317
4.4738 -5.3101 -10.5240
-5.7004 1.3700 -8.5976
1.4619 -2.8474 16.7383
2.3760 -2.9161 16.5042
3.9925 -4.8853 -12.9975
6.1540 -6.4140 -1.6344
0.1990 -11.8140 13.5480
-5.7290 8.7019 -8.2904
-1.4692 -2.3340 16.5276
-0.2785 -11.3087 14.0491
-0.0284 -10.6086 14.4761
-5.9277 9.8341 -7.1084
-5.8775 9.5500 -6.6118
3.8378 -6.2365 -13.5735
3.7043 -6.1177 -14.1298
-0.6156 -11.9349 13.5587
-5.6575 0.3550 -9.4700
6.2170 -7.5841 -0.3533
-5.7572 9.2864 -7.0992
-5.8149 1.2407 -7.8569
-2.0741 -2.5082 16.3023
-5.6911 0.6344 -8.3821
0.6706 -12.3615 12.8636
-5.8128 8.8866 -6.7278
4.1346 -5.3994 -12.4359
-5.6634 8.6300 -7.7280
-0.2578 -2.0513 16.7828
4.3669 -5.8798 -11.1022
-0.0033 -12.8417 12.5733
-0.2220 -12.3695 13.1266
-5.6524 -0.1921 -8.8724
-5.7737 8.2103 -8.2062
-5.6418 7.6753 -7.6543
-5.6912 8.4634 -7.1625
-5.6285 7.5519 -7.3814
4.1927 -5.9730 -11.8878
-5.6084 -0.3763 -9.7468
-6.0990 1.9833 -12.9688
6.5412 -4.6231 1.9400
6.5323 -5.1504 1.1444
2.9207 -5.5124 -15.6321
3.2016 -5.9382 -15.2220
-5.8020 8.1453 -9.7803
-5.7276 0.9459 -13.6917
-5.7191 7.9460 -9.3682
-5.7709 8.2942 -9.0850
0.1860 -3.0396 16.8376
-5.9777 1.6527 -12.4964
-5.8019 8.3795 -8.6714
1.6461 -12.8835 11.8056
1.2114 -13.8349 11.0025
2.0366 -13.7341 10.6707
-6.0594 1.4552 -12.7668
6.4576 -5.1704 3.0847
-5.7659 7.7648 -8.5309
-6.0381 1.1361 -12.9145
-5.9308 0.9594 -13.2682
-5.6747 7.6052 -8.9758
-5.6815 7.3199 -9.6868
-5.7379 7.2154 -10.0278
-5.6066 6.9110 -9.3978
6.3743 -6.4914 1.5024
6.6587 -3.4913 4.6911
0.7977 -12.9403 12.1376
6.4804 -4.9898 4.1912
4.6173 -4.8297 -9.5852
-5.7367 7.5804 -8.0500
-5.6793 7.1191 -8.7628
-5.6450 6.8823 -7.9005
-5.7098 6.5265 -8.2855
-5.6035 6.4775 -8.9852
-5.6273 -0.3794 -13.6521
-5.9889 0.4054 -12.9758
-5.9203 -0.0696 -13.0992
4.5582 -6.2024 -9.6282
-0.1227 -13.6756 11.6695
-5.6630 6.2342 -8.7082
-5.8613 1.1460 -12.2866
0.3887 -14.3676 10.7628
-1.0455 -11.3690 14.0520
-5.8555 8.9125 -5.7132
-5.7435 0.6545 -12.0683
-5.5811 0.8671 -11.4372
-5.6081 0.7409 -11.7518
-5.9623 0.8151 -12.4757
-6.0001 0.4690 -12.6228
-0.7872 -3.1874 16.7140
-5.7221 0.0976 -12.0307
-5.9976 -0.2757 -12.6794
-1.0846 -3.8632 16.6726
-0.2183 -4.1931 16.8406
-1.0341 -4.9245 16.6619
-5.9577 -0.3611 -12.4003
-5.7599 8.3567 -6.4128
-1.5738 -11.2563 13.9075
-5.7783 8.6310 -5.8013
-5.6745 8.2478 -6.0239
-1.5209 -12.1414 13.3110
-5.8569 -0.5760 -12.1712
-5.8218 8.5688 -5.0014
2.3985 -4.9468 -16.0363
-5.7020 8.3420 -5.4113
2.0184 -5.2192 -16.0397
-1.3420 -11.3114 14.0425
-1.1884 -11.8289 13.6986
-5.9475 -1.1678 -12.8458
3.2195 -3.2292 16.2486
-5.6639 7.8801 -5.5635
-1.0557 -12.3376 13.2732
-5.7555 7.7185 -6.5398
3.6959 -3.7013 16.0121
-5.7412 7.5949 -6.8780
-5.9872 -1.1158 -12.5705
-0.7378 -12.8815 12.7127
6.3176 -6.6106 3.1735
-5.3513 0.0298 -14.2203
3.9025 -6.6860 -13.0966
-5.6763 7.6504 -6.0333
-1.4257 -12.5070 13.0825
3.9278 -6.7098 -12.7355
-1.3512 -12.7880 12.8446
4.0482 -6.6604 -12.0957
-5.0623 -1.2689 -14.3429
-5.4196 -1.3581 -13.8072
-1.0716 -13.2771 12.3262
-5.7205 8.1319 -5.1302
6.3299 -6.2983 4.5933
3.1038 -4.3553 16.2341
3.8896 -7.3581 -12.5227
-1.7738 -12.0536 13.1164
3.5941 -4.7172 15.9761
-5.7857 6.8811 -6.6561
-5.7360 6.9958 -5.9968
-1.7360 -12.6298 12.7488
-5.7696 6.7077 -6.3763
-5.8729 8.0617 -4.6409
2.2162 -5.9547 -15.8136
2.6481 -6.2088 -15.6058
-5.7763 7.4276 -5.2465
-1.6068 -13.1343 12.4268
1.2824 -5.6055 -15.9908
1.5661 -6.1546 -15.8450
2.2955 -4.1653 16.4764
2.9738 -6.4091 -15.3435
3.4590 -6.7651 -14.5948
-5.6710 6.3030 -6.1996
-5.8020 6.9382 -5.1939
-5.6576 6.5263 -5.6109
6.4172 -6.3107 0.3569
-0.7270 -14.2068 11.2350
2.2643 -6.7934 -15.5612
2.9154 -6.9113 -15.2428
3.1813 -4.9273 16.2119
2.7270 -7.1618 -15.2605
-4.8645 -3.0748 -14.3077
-5.1448 -2.9850 -13.9622
-5.6692 6.9691 -7.1525
-5.5220 6.2244 -7.5262
-5.5554 6.1802 -7.8027
2.6156 -5.3717 16.3960
-5.7828 -2.0033 -13.0905
-5.5645 6.2884 -7.2527
-5.7231 6.5743 -6.9324
0.7431 -6.5744 -15.6873
1.2299 -6.9482 -15.5797
1.3802 -4.0724 16.7554
-5.7091 6.1870 -6.6933
0.8183 -3.6011 16.8478
-5.5773 5.7970 -6.8957
1.9073 -7.3249 -15.4107
-5.6412 5.8114 -8.1751
-1.5559 -13.5277 12.0715
2.4431 -7.5727 -15.1961
1.4467 -7.6132 -15.2562
0.9646 -4.3814 16.8709
6.2623 -7.7424 0.5911
-5.4762 5.4546 -7.1699
-5.5564 0.4071 -10.9547
-5.5493 0.1684 -11.4764
-5.5612 5.8985 -5.9083
-5.6256 5.8016 -6.4276
-5.5149 5.2689 -6.4494
6.2063 -7.8290 1.4881
-5.5459 -0.2577 -10.9658
3.6422 -7.4216 -14.0216
1.6158 -5.1930 16.6973
3.1852 -7.1387 -14.9213
3.3841 -7.3550 -14.5804
-5.6634 -0.5433 -11.8702
-5.5858 -0.7768 -11.5518
2.9790 -7.5218 -14.9656
3.1897 -7.7100 -14.6870
1.6516 -5.7837 16.6223
3.3432 -8.1704 -14.2830
2.1962 -14.4425 9.7761
0.3587 -4.3758 16.8910
3.7295 -8.1203 -13.3127
3.8227 -7.6496 -12.9455
1.1235 -14.7860 9.9330
3.4839 -8.3407 -13.9710
2.7487 -7.9708 -14.9042
1.6021 -15.1627 9.2027
2.9869 -8.3326 -14.5613
-1.7810 17.4964 2.1728
-0.7489 17.6309 2.7985
-0.9125 17.8196 1.1662
-1.5898 17.3311 3.3047
2.3873 -8.2966 -14.8591
1.9368 -8.3916 -14.8724
0.4083 -5.2022 16.8472
0.1140 17.7308 3.1450
-0.1163 17.9311 1.6748
2.8057 -8.8976 -14.4064
2.1882 -8.8395 -14.6599
6.0739 -8.6317 1.4515
-5.9478 -1.2455 -12.3343
-0.2995 -5.2848 16.7963
-5.8487 -1.4615 -12.1320
0.9375 -5.3308 16.8234
3.0160 -9.0540 -14.2373
3.2255 -9.2095 -13.9631
3.4717 -9.1182 -13.5585
0.3660 17.5816 4.0285
-5.5807 -1.1860 -11.3299
2.5021 -9.3195 -14.4266
0.8498 17.4844 4.4727
3.2700 -9.7122 -13.6117
0.8712 -6.0830 16.6905
1.5681 -6.2661 16.4977
-0.2693 17.3728 4.4746
-5.6779 -1.7813 -11.8385
0.2007 -6.1510 16.7006
2.9025 -9.8134 -14.0509
3.0670 -10.1180 -13.6582
0.0536 -6.7397 16.5612
0.4230 17.3921 4.8518
-5.5923 -0.7188 -10.1690
0.8091 -7.4920 -15.2872
-0.3120 -6.7948 -15.5041
0.2168 -7.1019 -15.4347
4.1083 -5.9108 15.2629
3.7618 -5.0756 15.8440
3.6193 -6.0066 15.6732
0.1841 -7.9503 -15.2856
6.0694 -8.0658 3.1806
0.6583 -7.8804 -15.2136
-5.6369 -1.0158 -10.5742
-5.6497 -1.2484 -9.7893
-5.6145 -1.3767 -11.0770
1.0965 -8.0704 -15.0578
1.4978 -8.0234 -15.0540
1.2608 -8.4588 -15.0034
0.7580 -8.5754 -15.1376
4.1930 -6.7150 14.9040
4.5582 -6.9989 14.2960
3.0950 -5.6886 16.1440
-5.6787 -1.3913 -10.6189
-1.0330 17.0713 5.0353
-2.1779 17.1778 3.0600
-2.2043 17.4044 1.5786
-2.6868 17.1108 2.1257
-0.5624 -8.4084 -15.1150
-2.8348 16.7031 3.8411
-5.5649 -2.0415 -11.2347
-1.5411 -8.1960 -14.9334
5.7912 -9.5873 2.5040
-3.2794 16.6638 2.8143
-2.9267 17.0422 1.5309
-3.3657 16.6844 2.0519
-5.5948 -1.8313 -10.7793
-5.6646 -1.5887 -10.3801
2.6319 -5.8304 16.3744
3.1749 -6.3642 15.8979
-4.0892 15.9396 2.6734
-4.0006 16.1188 1.6744
-3.8931 15.8301 4.4829
-5.5898 -1.7390 -9.9039
-5.5186 -2.3647 -10.3523
0.1642 -9.4706 -14.9509
0.7470 -9.2394 -15.0131
3.6694 -7.1438 15.1563
-2.1935 16.7830 4.8434
-5.9461 -1.8091 -12.6815
-5.9378 -1.9310 -12.3692
-5.9227 -2.2530 -12.6152
-1.6756 16.6335 5.9778
-5.8183 -2.7398 -12.7804
5.1689 -7.6324 12.9538
4.1546 -14.7316 3.1121
1.4142 -8.8442 -14.9692
1.8592 -9.0988 -14.7890
-5.8002 -2.3294 -12.1050
5.6355 -10.3215 1.5951
1.3749 -9.3293 -14.9227
-5.8293 -2.7397 -12.3923
-5.4933 -3.3087 -13.4200
-3.2347 16.5067 3.7171
2.0662 -9.7960 -14.5657
4.6160 -7.9955 13.4572
4.4772 -7.7717 13.8534
1.3250 -9.8514 -14.7823
1.5769 -10.2539 -14.5505
2.5258 -9.9279 -14.3028
3.8844 -15.3331 2.9292
3.9950 -8.1469 14.0930
3.8189 -7.8252 14.6175
2.5265 -10.4419 -14.0254
-3.2393 16.0231 5.9220
2.1469 -10.4966 -14.2155
-2.7445 16.1286 6.3284
1.7873 -10.9459 -14.0619
3.6149 -15.7740 2.9645
3.5212 -16.0035 1.9039
3.4436 -8.4875 14.5060
2.2971 -11.1698 -13.6636
-5.7141 -3.4962 -12.9723
4.2844 -8.3774 13.5461
0.8934 -10.0247 -14.7789
-3.6655 15.8843 5.3906
-5.6007 -2.4561 -11.7295
3.8152 -8.5786 13.9709
3.8241 -15.0877 3.9556
1.0424 -10.6411 -14.4644
0.2777 -10.2975 -14.6909
-0.4524 18.0122 0.2610
-5.5191 -2.7985 -11.3899
-5.6248 -3.1272 -11.9210
2.3353 -6.1606 16.4032
2.6208 -6.4923 16.1968
2.8513 -7.1299 15.8183
1.8354 -6.9160 16.2025
2.9975 -8.2056 15.1028
2.3684 -7.4892 15.8672
-5.7786 -3.4721 -12.4275
-5.8016 -4.0733 -12.6538
1.3533 -11.6017 -13.7214
0.2222 -11.6600 -13.8930
2.4832 -8.0306 15.5158
-5.5592 -3.7266 -11.5257
-5.5714 -3.9534 -11.0470
4.2438 -6.8585 -11.4010
3.1163 -16.4084 2.3164
3.3904 -15.9182 3.7847
2.8853 -16.4396 3.8660
0.4246 -7.1635 16.3976
3.9851 -7.7069 -12.1333
4.0827 -8.4159 -11.4293
3.1177 -16.1090 4.4131
2.5192 -16.8510 2.8986
1.4219 -7.5756 16.0556
-5.6182 -3.9944 -11.7962
-5.7184 -4.3222 -12.0045
-5.8030 -4.1992 -12.3396
1.7218 -8.2045 15.7236
4.5089 -7.2993 -9.8642
4.2933 -7.9154 -10.6467
0.8426 -8.3474 15.7855
-3.3584 16.7054 0.9092
2.7116 -8.9896 14.7180
4.8568 -5.9361 -7.9657
-4.4360 -4.1265 -14.5276
-4.7816 -4.2159 -14.2267
4.7139 -6.9269 -8.7588
2.5077 -16.9474 1.8904
-3.7719 -4.4603 -14.8748
4.7876 -7.0487 -7.8348
1.8994 -8.8449 15.2333
1.3316 -9.0668 15.2724
-4.2122 16.0625 0.5829
-3.7933 -3.4583 15.4217
0.4018 17.1229 5.7055
1.0583 17.0712 5.6856
4.4375 -8.4329 -9.5775
2.6841 -16.4060 4.8032
-2.7728 -2.6491 16.0181
4.6323 -7.9080 -8.5790
1.5346 16.9660 5.7769
-3.2568 -3.0012 15.7634
4.2630 -9.6665 -9.2550
2.3571 -16.8415 3.9849
1.5191 16.7436 6.5798
1.7751 16.7289 6.2035
1.7740 -17.0902 4.6117
1.8119 -17.2652 3.3245
1.1844 16.7157 6.9142
-5.6023 -4.2052 -13.1627
-5.5271 -5.3310 -13.2643
0.7675 16.8123 6.6120
1.0186 -17.6179 3.5779
1.3598 -17.5442 2.6488
-4.5336 -2.6188 14.9146
1.2938 -17.3549 4.3836
-4.1561 -6.0533 -14.2948
0.4486 -17.8238 3.6271
0.3904 -17.8763 2.9839
-0.2967 16.9776 5.8800
0.9179 -17.5057 4.4732
0.5603 -17.6614 4.2304
-4.6107 -5.7504 -14.0792
0.6558 -17.4284 4.9868
-4.8653 -4.2114 14.6305
-0.1319 16.6298 7.0078
1.8554 -17.3561 2.2421
-5.2440 -5.8632 -13.5115
3.8668 -9.2121 -11.8194
0.5755 15.9364 8.8782
1.4929 16.4012 7.3823
3.5395 -9.4121 -13.1116
2.1192 16.0958 7.1101
0.9599 16.3906 7.8101
1.7066 15.9874 7.9877
-3.4676 -6.5243 -14.5569
3.3572 -10.0937 -13.1116
3.5196 -10.3070 -12.2050
-1.9180 -3.7668 16.4109
0.1081 -17.9525 2.3612
-2.2467 -4.5658 16.2689
4.0774 -10.0512 -10.2298
2.1835 -16.7858 4.8154
0.5524 16.5213 7.5850
1.1631 16.0233 8.4967
1.4606 -17.0856 5.1162
1.7870 -16.6801 5.5547
-5.7211 -4.9217 -12.9513
-0.4430 16.1029 8.3599
0.3955 16.1391 8.4611
1.3302 -16.7399 5.6951
1.3694 -16.9390 5.4170
-5.8313 -4.6841 -12.5261
-5.8366 -5.2455 -12.2123
-5.8624 -5.4405 -12.5733
0.9255 -17.0138 5.5722
2.8593 -10.6516 -13.5613
3.1424 -10.6973 -13.0660
0.6225 -17.0769 5.4987
-3.1385 -4.7097 15.8249
0.9909 -17.2731 5.1880
2.6761 -11.1550 -13.3736
3.0150 -11.1614 -12.9310
-4.9849 -7.3500 -13.4479
-2.3749 -5.3504 16.1558
3.3236 -11.6267 -11.5893
-1.4940 16.0749 8.0928
-1.7496 16.2131 7.5008
-1.2933 16.5028 6.8512
-0.1423 -17.9264 3.1297
0.0823 -17.7984 3.6626
-1.9654 15.8548 8.3368
-2.2482 15.8909 7.9866
3.0645 -11.9522 -12.0072
-5.7888 -6.0531 -12.8288
-1.0172 -17.9571 3.2286
2.8167 -11.6739 -12.7933
-2.5097 15.9690 7.3579
-1.0528 -17.8666 3.6842
-0.3267 -17.7550 3.7674
-0.9880 -17.6671 4.0700
-5.8886 -6.0978 -12.4021
-3.1537 -5.6064 15.6984
-5.6454 -6.6632 -12.9581
1.9910 -11.8796 -13.2826
2.4772 -11.8475 -12.9991
0.2390 -17.5449 4.4746
0.3175 -17.3420 4.9855
-1.5210 -6.0114 16.4438
2.0148 -12.6389 -12.5588
-4.4351 -8.2099 -13.6609
-0.1440 -17.4523 4.4225
0.0527 -17.1238 5.1973
-1.0049 -17.3640 4.7139
2.7703 -12.3969 -12.0896
-0.5155 -17.5137 4.2437
2.4371 -12.5965 -12.2697
-2.0127 -6.8083 16.0874
-3.1958 -6.9120 15.4738
-5.5371 2.7975 -6.4316
-5.7533 2.2719 -7.1449
-2.7989 -17.4538 4.3279
-1.9407 -17.6946 4.2448
-2.3835 -17.4232 4.6900
-5.5890 2.9158 -6.0513
-2.3237 -17.6411 3.9409
-1.5630 -17.6488 4.4056
-5.7340 2.6366 -5.7636
-1.5041 -17.8571 3.4065
-5.6202 2.1669 -6.4260
-5.6445 2.3003 -6.0450
-5.3691 -5.4882 14.1126
-5.6918 2.0190 -6.7172
-4.1610 -4.7259 15.1851
-5.7531 1.8299 -6.0007
-5.8098 1.7368 -6.8719
-5.8674 1.6618 -7.2792
-4.8172 -5.7310 14.6742
-5.8599 0.8823 -7.5488
-0.4394 15.6413 9.3769
-5.7567 1.7174 -6.3309
-4.3705 -6.0355 14.9633
-5.8441 1.2866 -6.4762
-1.1999 15.7110 9.0215
-5.8422 0.9498 -7.1530
-5.7640 0.9066 -6.6184
-5.7885 2.1159 -5.6684
-1.9149 15.4603 9.1817
-1.1893 15.3438 9.8232
2.8067 -13.0849 -11.2474
2.4713 -13.2263 -11.5895
-5.2141 -5.8986 14.3254
-1.9300 15.0204 10.0462
-5.4241 -6.5253 14.0988
-4.2722 15.5218 4.0968
-6.3116 -13.2329 -1.6458
-6.2127 -13.1130 -1.0297
-6.5352 -13.5474 -0.8017
-4.6402 15.2291 3.1605
-6.2381 -11.4680 2.5933
-4.9323 14.7873 3.8914
-6.2671 -11.7132 3.2947
-6.2869 -11.5938 2.0266
-4.3340 15.3122 5.7698
-5.8043 -6.5703 13.4090
-6.3101 -12.2186 1.8988
-6.3321 -12.0845 2.3544
-6.2555 -12.2103 3.0510
-6.2927 -12.6066 2.0453
-5.5231 -7.1114 13.8114
-6.2238 -12.7141 2.9997
-6.2834 -12.8990 2.4343
-5.0283 -6.9321 14.4479
-6.1458 -12.6978 -0.2501
-5.2398 -7.2610 14.1290
-5.0891 -7.9601 14.0142
-4.7135 -9.6402 12.0503
-4.1766 -9.8077 12.5429
-4.3608 -9.6457 12.7705
-6.1725 -12.9562 -0.3141
-4.3463 -10.0626 12.0476
-6.2219 -12.7847 1.1706
-6.3070 -13.1151 1.1483
-5.8577 1.5517 -5.7070
-5.7026 2.0490 -4.7698
-6.3008 -13.2589 -0.1133
-5.8280 1.4380 -5.1857
-5.7241 1.5425 -4.8886
-4.6884 15.0716 4.7516
-6.5984 -13.6816 0.0677
-6.7648 -13.9786 -0.8692
-2.2474 -7.8677 15.7627
-5.3474 14.3128 4.7562
-5.8663 1.1280 -5.6392
-5.8072 0.8850 -5.8394
-5.6751 0.5188 -6.0712
-3.3209 -7.9024 15.2225
-5.8328 0.6393 -5.0655
-5.8257 0.4112 -5.2596
-5.6735 0.0263 -5.4613
-5.0481 14.6749 5.4172
-2.9885 -8.9457 15.1526
-6.5314 -13.4361 1.4285
-4.4845 -7.1290 14.7475
-6.8375 -14.4565 -0.3306
-6.7665 -14.0542 0.4007
-5.5820 13.9089 6.3532
-4.2121 -8.0963 14.6256
-6.0765 13.3987 4.7543
-4.7876 -8.2668 14.1739
-5.9987 13.4607 5.8259
-6.3934 12.9180 5.4292
-4.7187 15.6209 0.7407
-6.6679 -13.6374 2.0359
-4.9307 15.3339 1.3644
-6.8454 -14.4821 0.7110
-5.1446 15.1989 0.4192
-5.7166 -0.1739 -8.1930
-6.8083 -14.1532 1.8865
-3.8028 -9.0243 14.6288
-5.8442 0.3939 -7.4684
-5.7003 0.5532 -6.8653
-5.7226 0.1611 -7.0933
-5.8106 -0.0939 -7.7775
-6.7993 -14.8920 -0.0235
-6.8312 -14.6373 1.5366
-5.7811 -0.2803 -7.3430
-6.7802 -14.9229 1.5045
-6.6173 -15.3690 0.6784
-3.1073 -9.3814 14.9337
-5.1121 14.9725 2.0278
-6.3793 -8.4282 8.1878
-6.2836 -8.9345 7.9912
-6.2535 -9.3860 7.7414
-5.7140 -0.9940 -8.3554
-5.8023 -0.7717 -7.6172
-6.3377 -9.1039 6.5734
-6.2766 -9.3902 6.9520
-6.3504 -9.7520 6.2751
-6.3547 -9.9193 6.5897
-5.5743 -0.3296 -6.7087
-5.5790 0.0184 -6.3986
-6.2583 -10.0050 7.3167
-6.3027 -10.4599 7.0219
-5.6003 -0.7509 -6.9398
-5.5378 -0.3610 -5.7917
-6.2009 -10.2840 5.6242
-5.4713 14.4686 2.1767
-5.5398 -0.9501 -5.8633
-6.1919 -10.4284 5.2905
-6.2395 -10.4863 4.7414
-6.2306 -10.8726 4.2483
-6.0125 14.0471 0.6108
-5.6149 1.6260 -4.4850
-5.6121 1.2217 -4.2002
-5.7080 1.0276 -4.8062
-5.6144 1.0480 -4.4705
-3.8399 -10.1984 12.4265
-4.0982 -9.9051 13.2218
-6.2113 -11.2736 4.4639
-6.1999 -10.9817 5.3955
-5.7427 0.5709 -4.4579
-3.6819 -10.1103 13.1579
-5.8250 13.9421 2.1845
-3.6583 -10.2027 12.7780
-5.7298 0.7346 -3.9195
-6.2886 -11.0239 5.8878
-6.4196 -10.6624 6.4265
-6.3997 -10.8056 6.6977
-6.3850 -10.9724 6.1543
-6.4182 -11.3052 6.4597
-6.3542 -11.5953 6.1986
-6.1781 -11.5072 5.2058
-6.1827 -12.2070 4.1874
-6.2187 -12.2994 4.9242
-6.2433 -11.6269 5.7900
-6.2914 -12.2788 6.0232
-6.3627 -13.0736 5.2253
-6.4662 -8.7450 8.5446
-6.3856 -9.2999 8.3401
-3.2465 -10.4332 12.9733
-3.6946 -10.0985 13.6601
-3.7153 -9.6210 14.4703
-2.8705 -9.6728 14.8943
-3.3593 -9.8751 14.4480
-2.7902 -9.8838 14.6953
-3.2946 -10.1189 14.0237
-2.4787 -10.2123 14.1884
-2.8818 -10.0150 14.3976
-3.9122 -9.8973 14.1132
-3.9600 -9.9858 13.8415
-3.0771 -10.3061 13.5880
-2.6886 -10.5672 13.3888
-2.3411 -10.4558 13.9228
-2.0068 -10.5925 13.9860
-0.7274 -6.2743 16.6093
-1.1564 -5.7679 16.6075
-1.2816 -6.9400 16.3725
-0.8593 -7.0742 16.4298
-0.3266 -7.4475 16.2883
0.1843 -8.1066 15.9891
-0.5701 -8.4167 15.8645
-5.5425 14.1179 3.3240
-6.3095 -9.9018 8.0685
-0.2766 -8.8263 15.6720
-6.5155 -8.9546 8.9210
-6.5100 -9.6470 8.6570
-0.9606 -7.5394 16.2786
-0.9014 -8.1253 16.0165
-1.5457 -7.6362 16.0964
-1.6689 -8.2151 15.8184
-6.5311 -9.6209 9.1097
-6.4253 -9.1079 9.5424
-5.6717 -1.2664 -7.3135
-1.3086 -8.9692 15.5669
-6.3817 -10.1289 8.3202
-6.4814 -10.1386 8.7585
-6.2912 -10.5932 7.5720
-6.3072 -10.6219 7.9747
0.4026 -9.5094 15.1496
-6.3036 -10.5650 8.3994
-6.1809 13.5477 1.2455
0.7874 -10.0047 14.7275
-6.6920 11.8882 0.8797
-6.3660 12.7955 2.1852
-6.6928 11.2372 0.9587
-6.2420 -11.1349 7.6222
-6.1477 -10.8538 8.3285
-6.4435 -9.7855 9.3503
-6.3534 -9.6824 9.7538
-6.3107 -10.1532 9.2441
-0.8370 -9.9428 14.9717
-6.2087 -9.8165 9.9803
-5.8928 -10.3525 9.4962
-5.9664 -9.7949 10.3011
-6.6017 10.9177 0.8989
-6.7058 11.4602 2.1007
-6.6057 10.9750 1.9375
-6.4434 10.6381 1.3221
-5.7170 -11.0174 8.6046
-5.3760 -11.4385 8.4459
-5.7381 -1.3040 -7.7884
-5.6406 -1.4522 -8.4902
-6.0036 13.3996 2.9917
-5.5649 -1.7433 -7.6420
-5.5144 -1.3554 -6.6439
-5.5315 -1.6574 -7.0940
-5.6772 13.9164 4.0316
-5.3444 -10.7266 9.4900
-5.1450 -11.0399 9.2230
-6.1688 13.1690 3.7429
-6.3392 -11.3133 7.0106
-5.9756 -11.4886 7.7112
-6.3817 12.6730 3.3095
-2.3156 -8.6265 15.5323
-1.8598 -8.8672 15.5650
-5.3813 -12.1905 7.8053
-2.0436 -9.3309 15.3079
-4.6809 -12.3265 8.4422
-2.4696 -9.2394 15.2553
-5.2879 -12.9118 7.3572
-4.6658 -13.0899 7.7636
-4.5958 -13.5748 7.3469
-6.3697 -11.9225 6.4745
-6.3224 -12.2298 6.6040
-6.5844 12.0827 2.9354
-1.5710 -9.9417 14.9654
-6.1927 -11.6263 7.2921
-2.2485 -9.6157 15.0820
-6.2315 -12.4558 6.8050
-2.3229 -9.9226 14.7031
-1.9142 -9.9923 14.8237
-6.0080 -12.0055 7.3452
-6.5790 12.1744 3.6409
-1.3291 -10.6221 14.5197
-6.3800 -13.0945 6.0978
-1.6785 -10.6010 14.3182
-6.6811 11.5617 3.0113
-6.0399 -12.9889 6.7652
-6.4601 12.7265 4.5918
-6.3293 -13.3005 6.3422
-5.5490 -13.4186 6.8125
-6.6350 12.3111 4.5740
-5.7986 0.3155 -3.7723
-5.7575 0.0264 -5.0009
-5.7863 0.1487 -4.4238
-5.7217 -0.0601 -3.8911
-5.6152 -0.3625 -4.5831
-5.5612 -0.6070 -4.8748
-6.4519 -7.3274 11.1721
-5.7708 0.1180 -2.7741
-6.4711 -7.3879 10.8110
-6.3909 -7.4991 11.5319
-5.6131 -0.3955 -3.2595
-5.5799 -0.7281 -3.4236
-5.6112 -1.2099 -4.7588
-6.4840 10.7758 2.6055
-5.6226 -1.4027 -3.9109
-6.3876 -7.8549 10.3229
-5.5991 -1.4360 -3.1121
-6.3729 -13.1659 2.7172
-6.3449 10.5298 1.9766
-6.1339 10.2185 2.4543
-5.5662 -1.5886 -5.4181
-6.0034 9.8770 2.5616
-5.4724 -2.1187 -5.6989
-6.2316 -12.8975 3.9339
-6.4449 -8.4311 9.1822
-6.3137 -13.1920 3.4747
-5.4550 -2.1689 -7.0954
-3.1061 15.3757 8.3328
-5.4589 -2.7725 -5.9137
-3.5124 15.4769 7.4299
-3.7801 14.9101 8.6704
-3.8654 15.1753 7.7092
-4.3690 14.7029 8.2712
-4.4171 14.3829 8.9256
-6.5033 -13.4434 3.0091
-3.8795 15.5576 6.4652
-5.5252 -2.1358 -4.4587
-4.1796 15.3234 6.5248
-6.3989 -8.0004 10.7997
-6.6601 -13.7836 2.9936
-5.5013 -3.1245 -4.5860
-6.3793 -8.8644 10.2714
-6.3447 -8.2908 10.9953
-6.2638 -8.2179 11.6794
-6.2283 -8.4400 11.2287
-6.3130 -9.0636 10.4893
-6.1338 -9.1841 10.7053
-4.9066 14.6055 6.6329
-5.5388 -3.0105 -3.7659
-5.5322 -3.3050 -4.9746
-5.5324 -3.6575 -5.4749
-5.6384 -4.0896 -5.0748
-6.3754 -13.4471 4.2375
-5.6356 -1.2008 -9.1468
-6.4829 -13.8538 4.2110
-4.3388 14.9191 7.4186
-5.5224 -1.8223 -8.5971
-6.6209 -14.0405 3.6953
-5.9302 -7.7115 12.8768
-4.7006 14.5441 7.6848
-6.4885 -13.7855 5.1649
-6.5056 -14.1950 4.9143
-6.6095 -14.3743 3.9821
-6.5122 -14.5461 4.5660
-5.4497 -2.2757 -8.4425
-5.4779 -2.7159 -8.6916
-6.1072 -8.2378 12.2631
-5.5208 -2.6173 -9.7030
-2.9364 15.2344 8.8934
-5.7229 -7.9255 13.2142
-5.4072 -7.8527 13.6779
-6.7710 -14.2755 2.8377
-6.7608 -14.6730 2.8078
-2.6476 15.0098 9.5806
-5.5506 -8.4926 13.3398
-5.1671 -8.9945 13.6302
-3.0925 14.5520 9.9717
-5.6195 -8.7701 13.1259
-5.8239 -9.1182 11.1883
-5.4126 -9.1441 11.7000
-5.8202 -8.8233 11.6298
-6.6208 -15.3193 1.9388
-5.2060 -9.1970 12.3328
-5.3420 -9.1816 12.6462
-6.3011 -15.9430 1.0552
-3.8803 14.4912 9.3674
-6.7055 -14.9765 2.5897
-5.9474 -8.6853 11.8966
-6.5235 -15.2569 3.1458
-6.3143 -15.7909 2.4040
-5.8603 -8.7423 12.4974
-6.4625 -14.8802 4.3516
-5.1040 -9.9082 10.9842
-5.6230 -9.7319 10.6668
-4.6061 -10.1195 11.5779
-6.0199 -15.8959 3.8361
-5.9596 -16.1529 3.0313
-4.9522 -9.3733 12.1838
-4.9777 14.0186 8.5547
-4.7039 -9.5486 12.9987
-4.8344 -13.9557 6.8637
-5.5306 -9.0419 13.0060
-5.1361 -9.3203 13.3925
-4.5301 -10.4083 11.1033
-6.4767 -14.0381 5.6037
-6.1542 -13.7586 6.3949
-6.4153 -13.8761 6.0380
-6.4104 -14.3841 5.7232
-6.2584 -14.2707 6.1018
-5.5703 -3.1529 -10.2923
-5.6024 -3.1939 -9.3061
-4.5594 -9.3614 14.0256
-5.7747 -13.9035 6.4638
-5.4486 -14.5091 6.2565
-5.5216 13.6636 7.8124
-5.0392 -14.5251 6.3753
-4.4332 -14.4986 6.7770
-5.9276 -14.3362 6.2583
-4.9648 -15.3436 5.8369
-4.5252 -15.0038 6.2466
-5.4934 -15.0291 5.9063
-4.1345 -15.5730 5.8801
-5.8532 -14.7150 6.0773
-6.1200 -14.7133 5.9642
-5.9447 -15.0127 5.7910
-5.9268 -15.4307 5.2054
-5.5611 -15.3933 5.5580
-6.0364 -15.1351 5.5341
-5.6837 -16.3102 3.9276
-5.6507 -16.5485 2.6408
-5.9044 -15.8072 4.6498
-5.4133 -16.3348 4.5644
-5.2341 -16.7225 3.6221
-4.3247 -16.0880 5.4056
-5.6521 -15.7562 5.2293
-5.6668 -15.9444 4.9628
-5.3268 -15.8207 5.4041
-5.2256 -16.1593 5.1657
-5.0716 -16.4646 4.8580
-4.7834 -16.2772 5.1995
-4.6832 -16.6073 4.9589
-3.9018 -16.6056 5.1581
-4.6154 -16.7444 4.7823
-4.0000 -16.7984 4.9860
-4.7760 -16.8743 4.0678
-4.2818 -17.0712 4.1411
-3.9043 -17.1003 4.5304
-6.2392 -15.3768 4.3296
-6.2137 -15.1004 5.1705
-6.2216 -14.7832 5.7617
-6.4377 -13.4178 -2.4663
-6.5251 -13.6283 -3.2385
-6.6433 -13.7681 -2.5844
-6.5817 -14.3402 -3.9511
-6.6707 -14.1066 -3.0426
-6.7154 -14.4822 -2.5960
-6.5419 -14.7279 -3.7626
-6.6252 -13.6346 -1.9558
-6.6174 -13.5894 -1.5348
-6.7503 -14.1560 -2.1493
-6.7567 -13.9137 -1.7128
-6.8046 -14.4080 -1.2395
-6.5982 -14.9235 -2.4939
-6.4034 -15.1301 -3.4246
-6.7180 -14.7658 -1.8748
-6.2749 -15.5563 -2.1713
-6.4435 -15.4771 -1.4900
-5.9893 -15.7366 -3.8113
-5.6368 -16.1101 -4.4990
-6.1837 13.0710 6.5835
-5.7473 13.1279 8.5216
-5.9829 13.0080 7.9456
-4.4978 13.8528 9.6341
-5.0680 13.5399 9.3380
-5.2197 12.9488 9.9149
-5.5366 13.0681 9.1815
-6.0983 -15.7454 -2.8839
-5.7344 -16.1272 -3.3888
-5.3817 -16.3722 -4.5236
-5.3826 -16.4675 -3.7796
-5.0981 -16.6431 -4.0354
-4.9482 -9.3485 13.6642
-4.7391 -9.6257 13.5650
-4.4278 -9.8022 13.4740
-4.3567 -9.7691 13.9019
-5.8562 -3.5045 1.2503
-5.4623 -2.7422 -7.3112
-5.4360 -2.9869 -7.9925
-5.5524 -3.0194 -8.7382
-6.6707 -14.9937 -1.2021
-5.6321 -3.5382 -8.9406
-5.5789 -3.5316 -8.4641
-5.5079 -3.6698 -8.2115
-6.6614 -15.1902 -0.5224
-6.1994 -15.8984 -1.3548
-5.8018 -16.2995 -1.6768
-6.3024 -15.9146 -0.2806
-5.6158 -16.6229 -1.2015
-5.9473 -16.4460 -0.2169
-5.3848 -16.8778 -0.8048
-5.6820 -16.7265 -0.2475
-5.6491 -16.2476 -2.7152
-5.3587 -16.6015 -2.5128
-5.2460 -16.5579 -3.1369
-4.8253 -16.9354 -2.8263
-5.1951 -16.8472 -2.1682
-4.9024 -17.0745 -1.8080
-4.8694 -17.1726 -0.7732
-4.1659 -17.3944 -1.7425
-4.2523 -17.4589 -0.9641
-6.0764 -16.2584 1.4417
-5.8892 -16.5135 0.8838
-5.6772 -16.7457 0.5216
-5.3580 -16.9692 0.0054
-4.3200 -17.4622 0.1535
-5.3979 -16.9153 0.8277
-5.6293 -16.7171 1.4913
-4.3395 -17.4089 1.5443
-5.0186 -17.0394 2.6135
-5.2920 -16.9307 2.0254
-4.7821 -17.2384 0.9793
-3.3116 -17.7474 1.8852
-4.3332 -17.2408 3.1204
-3.7150 -17.5264 2.5563
-3.2144 -17.5920 3.1070
-3.5678 -17.3515 4.0322
-4.6720 -11.1353 9.8931
-5.3084 -10.3561 10.1593
-4.6663 -10.6109 10.5571
-4.5891 -11.7578 9.1405
-3.9370 -12.5682 9.1343
-4.0528 -13.0860 8.5100
-3.9279 -13.6795 8.0631
-4.1903 -13.6518 7.6728
-3.7480 -13.7145 8.4283
-3.6186 -13.0577 9.1493
-3.6061 -13.5529 8.7947
-3.0763 -13.9821 9.3481
-3.1239 -14.3119 8.9331
-2.6607 -14.3680 9.9994
-2.4123 -14.7453 10.2619
-2.6189 -14.8187 9.6496
-3.6266 -14.2100 7.8584
-4.0294 -14.1758 7.4070
-3.5881 -14.6488 7.3691
-3.9177 -14.9708 6.7052
-3.1198 -15.4842 6.6850
-3.5281 -15.7116 6.0648
-3.3788 -14.3055 8.3396
-3.1636 -14.8883 7.6572
-2.8958 -14.9130 8.2317
-2.7667 -14.8607 9.0228
-2.9393 -15.2427 7.3031
-3.3033 -16.3418 5.5120
-2.7932 -16.8462 5.3000
-2.6495 -17.1750 5.0267
-3.1053 -17.2138 4.7638
-3.5203 -16.9947 4.9349
-2.3542 -15.3021 9.4948
-2.2806 -15.2079 9.9024
-5.6216 -4.0896 -8.6005
-5.6030 -4.1420 -10.5035
-5.5891 -3.4554 -9.9551
-5.5609 -3.7316 -9.5201
-5.5155 -4.2449 -9.9694
-5.5946 -4.8189 -11.3976
-5.6275 -5.2458 -10.5639
-5.5647 -4.8265 -10.2724
-5.5975 -5.4440 -10.9714
-5.5089 -4.1491 -9.3512
-5.4593 -4.9222 -9.6057
-5.5959 -4.2803 -8.9084
-5.5304 -4.8477 -9.1175
-5.6210 -5.3868 -8.6656
-5.4814 -5.5974 -9.8657
-5.6135 -6.3913 -10.1745
-5.4921 -6.1684 -9.2740
-5.4793 -2.8860 -6.7049
-5.4413 -3.3558 -7.6611
-5.5607 -4.4750 -7.2455
-5.5556 -3.7823 -6.8968
-5.5224 -3.8293 -6.5430
-5.4610 -3.8904 -7.9376
-5.4785 -4.4382 -7.7487
-5.4665 -3.6198 -6.1558
-5.5682 -4.7254 -8.2178
-5.4855 -4.2430 -5.7968
-5.4969 -4.8622 -6.2870
-5.6213 -4.8649 -6.8888
-5.5916 -5.1605 -6.6664
-5.4791 -5.3946 -5.9904
-5.5691 -5.8371 -6.5621
-5.5718 -5.9330 -8.9434
-5.5362 -5.6805 -8.0158
-5.5325 -5.5567 -7.5902
-5.4929 -6.4564 -9.7043
-5.6427 -6.3599 -8.4356
-5.6432 -6.8564 -8.7663
-5.6428 -5.8343 -7.0879
-5.5856 -6.3463 -7.8154
-5.6690 -6.6748 -7.4204
-5.6726 -1.2534 -2.0882
-5.6607 -1.9998 -1.7242
-5.7223 -1.3687 -1.1628
-5.7007 -1.7644 -0.6587
-5.6239 -2.8446 -2.1383
-5.7183 -2.8419 -1.2895
-5.7237 -4.0042 -1.4867
-5.5805 -2.9737 -3.1778
-5.6581 -3.8183 -3.2757
-5.5850 -3.7791 -4.6690
-5.5553 -4.2453 -4.4161
-5.5369 -4.7305 -4.0910
-5.6375 -3.8735 -2.4714
-5.6934 -3.8180 -2.9113
-5.6390 -4.0270 -1.9205
-5.6302 -4.3397 -3.4594
-5.5657 -5.5747 -3.7791
-5.6988 -2.5653 -0.6315
-5.7392 -3.6568 -0.2743
-5.6642 -4.7014 -4.8937
-5.6451 -4.9116 -5.2519
-5.5914 -5.5576 -5.3546
-5.5149 -5.7747 -5.6093
-5.7113 -6.9873 -8.1672
-5.7052 -6.3840 -6.9105
-5.6313 -6.4370 -6.5012
-5.7527 -7.0879 -7.0521
-5.5934 -7.4256 -8.8181
-5.7352 -7.4056 -7.6382
-5.6661 -7.8040 -7.7244
-5.7577 -4.5206 -3.0671
-5.6609 -4.8657 -3.3572
-5.7723 -4.5774 -2.7463
-5.7408 -4.7852 -2.4834
-5.8150 -5.2058 -2.8586
-5.6877 -5.4325 -3.2942
-5.8160 -3.3536 -0.9888
-5.8221 -4.3157 -1.1252
-5.8295 -4.1869 -0.7718
-5.6445 -4.6620 -1.8698
-5.7667 -5.1596 -1.2905
-5.8292 -5.2115 -0.9597
-5.6821 -4.9923 -2.1059
-5.8507 -5.6866 -2.0469
-5.7763 -5.4823 -1.8916
-5.8873 -5.8322 -2.4578
-5.7693 -5.4172 -1.4760
-5.8604 -6.1702 -1.8050
-5.8637 -5.9375 -1.1493
-5.7326 -6.8102 -1.2274
-5.7434 -6.5837 -1.8610
-5.6493 -5.5223 -4.8493
-5.5813 -5.4448 -4.5589
-5.5468 -6.4050 -5.6502
-5.6631 -6.3137 -5.0429
-5.5704 -6.0451 -4.3524
-5.8031 -6.0342 -2.9828
-5.6835 -6.4894 -3.3803
-5.7216 -6.7265 -4.8921
-5.6864 -6.8212 -4.4042
-5.7925 -7.2949 -4.5796
-5.6053 -6.6127 -4.0426
-5.6901 -6.9165 -3.7489
-5.7914 -7.3716 -3.7598
-5.7258 -7.8141 -4.1395
-5.5216 -6.3424 -6.1428
-5.6181 -6.7661 -5.9158
-5.7265 -6.9907 -6.3968
-5.7417 -7.3078 -6.2799
-5.7234 -7.0431 -5.6061
-5.7006 -7.5975 -5.8955
-5.7890 -7.2874 -5.3291
-5.7273 -7.7236 -6.8564
-5.5868 -8.0326 -6.0343
-5.6133 -8.2855 -6.4490
-5.7840 -7.6247 -4.9815
-5.6530 -7.8450 -5.5689
-5.6299 -8.2626 -5.4118
-5.6991 -8.3834 -4.4243
-5.7142 -8.2559 -5.0849
-5.7457 -8.5175 -4.7713
-5.5472 -8.5790 -6.0965
-5.5588 -8.7792 -5.8060
-5.8226 -6.5195 -2.7144
-5.8183 -7.1082 -3.1055
-5.7548 -6.7768 -2.5088
-5.6775 -6.9372 -2.0605
-5.8220 -7.7111 -2.5829
-5.7085 -7.3472 -2.2288
-5.8492 -7.6838 -3.0320
-5.7851 -8.1058 -3.3865
-5.8648 -8.5853 -2.8699
-5.6696 -7.3820 -1.6603
-5.7405 -7.9453 -1.9987
-5.6578 -8.6086 -3.8723
-5.7397 -9.4485 -4.6345
-5.6749 -9.1314 -4.2654
-5.7700 -8.9288 -3.3475
-5.7090 -9.4905 -3.6135
-5.8611 -9.2787 -2.8113
-5.8327 -10.0718 -3.1597
-2.7678 -8.2352 -14.5022
-3.8156 -8.6388 -13.9289
-5.7161 -5.2281 -11.7993
-5.6233 -5.5611 -11.4484
-5.7331 -6.1101 -11.7291
-5.6255 -6.3853 -11.1497
-5.9020 -6.5731 -12.4357
-5.8323 -6.5530 -11.9105
-5.8385 -6.7928 -12.6307
-5.6898 -7.2012 -12.8034
-5.9034 -6.8948 -12.1070
-5.8982 -7.1794 -12.2997
-5.8222 -7.4813 -12.5111
-5.7309 -7.1160 -11.5418
-5.8484 -7.5428 -11.7528
-5.8921 -7.8397 -12.1222
-5.6611 -6.3086 -10.5831
-5.7578 -7.5225 -10.5193
-5.6917 -7.3392 -10.7808
-5.7660 -7.6240 -10.1846
-5.6546 -7.2726 -11.2130
-5.7322 -8.1410 -11.3931
-5.6793 -8.0422 -10.9712
-5.3757 -7.8826 -13.0174
-5.6575 -8.2039 -12.6711
-5.8096 -8.4202 -12.3295
-5.5026 -8.8223 -12.7229
-5.2235 -9.4125 -12.8538
-5.5502 -7.2374 -9.6790
-5.5024 -7.1134 -9.3770
-5.6859 -7.4926 -9.9679
-0.4612 -10.0048 -14.7398
-0.8817 -9.6384 -14.7927
-1.7307 -9.2096 -14.6764
-1.3737 -9.8941 -14.6016
-3.1866 -9.7121 -13.9926
-1.9185 -10.1695 -14.3362
-2.7604 -10.4924 -13.9035
-1.4836 -10.9163 -14.1686
-0.0678 -11.1635 -14.2212
-0.8740 -11.0518 -14.2162
0.8113 -12.2281 -13.3483
-1.8660 -11.5311 -13.7739
-0.9576 -11.9477 -13.7165
-0.2246 -12.3281 -13.4052
-1.4675 -12.3723 -13.2877
-1.1734 -13.3469 -12.3941
-4.2238 -9.7322 -13.4911
-4.1590 -10.4400 -13.2931
-3.7941 -10.9635 -13.2458
-2.4262 -11.0487 -13.8181
-3.1092 -11.6182 -13.2059
-2.5810 -11.9117 -13.2756
-1.8969 -12.0058 -13.4812
-2.1571 -12.5843 -12.9423
1.5971 -12.5664 -12.8320
1.0905 -13.1069 -12.4388
-0.1049 -13.3066 -12.4049
1.5902 -13.2219 -12.1591
2.1384 -13.7009 -11.3227
0.9687 -13.9306 -11.6257
-0.5525 -14.3499 -11.4289
2.4698 -13.9482 -10.6953
1.7409 -14.0951 -11.1410
0.9671 -14.6170 -10.8219
0.2267 -14.5451 -11.1123
1.9848 -14.6200 -10.4032
1.5976 -14.8293 -10.3097
-1.7107 -14.2546 -11.4956
-1.3522 -14.8182 -10.9625
0.2517 -15.0546 -10.4355
-0.6856 -14.9452 -10.7716
-5.8790 -8.0385 -11.8438
-5.6893 -8.9084 -11.1801
-5.8755 -8.4521 -12.0703
-5.8376 -8.3654 -11.6695
-5.8681 -8.6435 -11.8298
-5.6575 -9.0833 -12.4316
-5.7641 -9.2134 -12.0678
-5.7728 -9.0627 -11.6373
-5.7133 -9.6495 -11.7527
-5.4595 -9.8004 -12.5428
-5.6622 -9.9111 -12.1480
-5.6903 -10.4169 -12.0264
-5.6497 -8.0565 -9.4505
-5.5626 -8.0035 -8.7469
-5.8263 -8.5423 -9.9049
-5.7305 -8.9050 -10.8945
-5.8112 -9.0058 -10.4925
-5.7340 -8.6197 -9.0637
-5.8082 -9.0311 -10.0594
-5.8234 -9.1310 -9.1301
-5.7857 -9.0404 -8.8240
-5.7608 -9.5250 -9.4574
-5.7414 -9.5874 -9.8372
-5.6952 -9.7190 -11.0713
-5.6789 -9.8168 -11.5125
-5.8215 -9.8752 -10.4067
-5.7902 -10.2444 -10.9456
-5.7595 -10.0688 -9.9927
-5.7851 -10.6211 -11.5656
-5.8780 -10.7662 -10.5700
-5.8838 -11.2507 -10.8445
-5.8135 -10.7098 -10.1168
-5.8728 -11.2690 -10.3048
