-11.694386 15.911542 -2.326048
-11.694386 15.911542 2.326052
-9.914538 15.950906 6.624034
-9.569419 16.096832 6.397324
-7.881500 12.669250 5.320410
-9.311069 12.637631 1.868280
-9.311069 12.637632 -1.868278
-6.327280 8.706276 1.290421
-6.327280 8.706276 -1.290420
-5.339877 8.728115 3.674807
-3.113397 7.999413 2.198250
-3.704057 7.986349 0.771923
-3.704057 7.986349 -0.771922
-1.235570 7.756504 0.947421
-1.490137 7.750874 0.332690
-1.490137 7.750874 -0.332690
-0.765190 7.766908 1.417916
-0.150609 7.780501 1.672545
0.514607 7.795213 1.672545
1.129188 7.808806 1.417915
1.599567 7.819209 0.947421
1.854135 7.824840 0.332690
1.854135 7.824840 -0.332689
1.599567 7.819209 -0.947420
1.129188 7.808807 -1.417914
0.514607 7.795214 -1.672544
-0.150609 7.780501 -1.672544
-0.765190 7.766908 -1.417915
-1.235570 7.756504 -0.947420
-6.625807 16.023645 9.913569
-6.393246 16.167082 9.574273
-5.239999 12.727673 7.962558
-3.515393 8.768468 5.499737
-2.022000 8.023552 3.289914
-2.328876 16.118681 11.693852
-2.243380 16.258865 11.293625
-1.788713 12.804007 9.392477
-1.131590 8.821191 6.487381
-0.596022 8.055090 3.880717
2.322088 16.221548 11.693851
2.248404 16.358211 11.293624
1.946932 12.886627 9.392476
1.448618 8.878258 6.487381
0.947445 8.089227 3.880717
6.619022 16.316583 9.913567
6.398272 16.449994 9.574271
5.398219 12.962961 7.962555
3.832421 8.930981 5.499735
2.373423 8.120766 3.289912
9.907751 16.389322 6.624034
9.574443 16.520242 6.397324
8.039719 13.021384 5.320409
5.656905 8.971333 3.674805
3.464820 8.144905 2.198249
11.687597 16.428688 2.326053
11.293374 16.558261 2.246443
9.469288 13.053003 1.868281
6.644308 8.993172 1.290421
4.055479 8.157970 0.771923
11.687597 16.428688 -2.326050
11.293374 16.558263 -2.246440
9.469288 13.053003 -1.868278
6.644307 8.993173 -1.290419
4.055479 8.157970 -0.771922
-7.881500 12.669251 -5.320408
-9.569419 16.096835 -6.397320
-9.914538 15.950909 -6.624030
-3.113397 7.999413 -2.198249
-5.339877 8.728115 -3.674805
-5.239999 12.727676 -7.962555
-6.393246 16.167085 -9.574268
-6.625807 16.023648 -9.913565
-2.022000 8.023553 -3.289913
-3.515393 8.768469 -5.499736
-1.788713 12.804010 -9.392474
-2.243380 16.258868 -11.293620
-2.328876 16.118686 -11.693847
-0.596022 8.055092 -3.880717
-1.131590 8.821193 -6.487380
1.946931 12.886630 -9.392473
2.248404 16.358215 -11.293620
2.322088 16.221552 -11.693846
0.947445 8.089229 -3.880716
1.448618 8.878261 -6.487379
5.398219 12.962964 -7.962553
6.398273 16.449997 -9.574267
6.619022 16.316588 -9.913563
2.373423 8.120767 -3.289911
3.832422 8.930983 -5.499734
8.039719 13.021387 -5.320407
9.574444 16.520245 -6.397320
9.907750 16.389325 -6.624030
3.464820 8.144906 -2.198248
5.656905 8.971335 -3.674804
-1.798544 0.088722 0.427722
-1.798544 0.088722 -0.427724
-1.471260 0.095961 -1.218051
-0.866518 0.109336 -1.822941
-0.076384 0.126811 -2.150304
0.778850 0.145727 -2.150304
1.568983 0.163203 -1.822939
2.173725 0.176578 -1.218049
2.501008 0.183816 -0.427723
2.501008 0.183816 0.427721
2.173725 0.176577 1.218047
1.568983 0.163202 1.822937
0.778850 0.145726 2.150302
-0.076384 0.126810 2.150302
-0.866518 0.109335 1.822939
-1.471260 0.095960 1.218049
-2.463779 0.473772 1.875486
-2.967713 0.462626 0.658583
-2.967713 0.462626 -0.658584
-1.532629 0.494366 2.806862
-0.316025 0.521273 3.310918
1.000817 0.550398 3.310917
2.217421 0.577307 2.806859
3.148569 0.597901 1.875483
3.652502 0.609047 0.658582
3.652502 0.609047 -0.658583
-2.463779 0.473772 -1.875487
-1.532629 0.494367 -2.806863
-0.316025 0.521275 -3.310920
1.000817 0.550400 -3.310919
2.217421 0.577308 -2.806861
3.148569 0.597902 -1.875484
-2.542466 1.080630 1.919084
-3.058115 1.069226 0.673892
-3.058115 1.069226 -0.673894
-2.339117 1.944028 1.770487
-2.814839 1.933506 0.621712
-2.814839 1.933506 -0.621713
-2.081579 3.281700 1.578683
-2.505764 3.272318 0.554360
-2.505764 3.272318 -0.554361
-2.093415 5.399579 1.555298
-2.511316 5.390337 0.546148
-2.511316 5.390337 -0.546148
-3.312200 7.023819 2.345468
-3.942416 7.009881 0.823619
-3.942416 7.009880 -0.823618
-5.488158 7.710106 3.788901
-6.506217 7.687590 1.330485
-6.506217 7.687590 -1.330484
-7.412714 9.127400 5.053594
-8.770591 9.097368 1.774586
-8.770591 9.097369 -1.774585
-8.680041 11.048679 5.871801
-10.257766 11.013785 2.061902
-10.257766 11.013786 -2.061901
-9.202824 12.819498 6.194865
-10.867355 12.782683 2.175348
-10.867356 12.782684 -2.175345
-9.560720 14.284038 6.412306
-11.283678 14.245930 2.251703
-11.283678 14.245932 -2.251700
-9.869042 15.122226 6.605886
-11.644014 15.082968 2.319679
-11.644014 15.082970 -2.319676
-10.014967 15.564185 6.696836
-11.814376 15.524387 2.351617
-11.814376 15.524387 -2.351613
-1.589671 1.101703 2.872111
-1.460098 1.963469 2.649720
-1.297787 3.299035 2.362666
-1.321234 5.416658 2.327668
-2.147712 7.049574 3.510240
-3.607027 7.751712 5.670491
-4.903683 9.182894 7.563239
-5.764782 11.113158 8.787772
-6.127170 12.887523 9.271271
-6.377109 14.354449 9.596696
-6.589322 15.194766 9.886408
-6.690091 15.637721 10.022525
-0.344785 1.129237 3.387885
-0.311605 1.988871 3.125557
-0.273715 3.321685 2.786954
-0.312330 5.438972 2.745671
-0.626235 7.083226 4.140611
-1.149213 7.806072 6.688799
-1.625478 9.255399 8.921447
-1.955816 11.197401 10.365884
-2.108636 12.976402 10.936209
-2.217524 14.446449 11.320074
-2.304163 15.289542 11.661813
-2.345934 15.733803 11.822374
1.002668 1.159039 3.387884
0.931514 2.016365 3.125556
0.834732 3.346201 2.786953
0.779698 5.463125 2.745671
1.020598 7.119649 4.140610
1.511105 7.864911 6.688799
1.922825 9.333878 8.921446
2.166979 11.288587 10.365881
2.240994 13.072604 10.936208
2.284780 14.546028 11.320073
2.334059 15.392126 11.661813
2.356147 15.837801 11.822374
2.247554 1.186573 2.872108
2.080007 2.041767 2.649718
1.858805 3.368851 2.362664
1.788601 5.485439 2.327667
2.542075 7.153300 3.510239
3.968920 7.919272 5.670489
5.201032 9.406384 7.563235
5.975946 11.372831 8.787769
6.259529 13.161484 9.271268
6.444367 14.638028 9.596693
6.619220 15.486902 9.886407
6.700306 15.933881 10.022523
3.200348 1.207646 1.919081
2.959024 2.061209 1.770484
2.642595 3.386186 1.578681
2.560781 5.502518 1.555297
3.706562 7.179055 2.345467
5.850050 7.960877 3.788900
7.710062 9.461876 5.053593
8.891203 11.437309 5.871800
9.335182 13.229510 6.194864
9.627977 14.708440 6.412306
9.898939 15.559442 6.605886
10.025180 16.007419 6.696837
3.715996 1.219051 0.673891
3.434745 2.071730 0.621711
3.066779 3.395568 0.554359
2.978682 5.511761 0.546148
4.336778 7.192995 0.823619
6.868108 7.983394 1.330485
9.067937 9.491909 1.774587
10.468927 11.472204 2.061903
10.999713 13.266324 2.175348
11.350933 14.746547 2.251704
11.673909 15.598700 2.319680
11.824588 16.047217 2.351618
3.715996 1.219051 -0.673893
3.434745 2.071730 -0.621712
3.066779 3.395568 -0.554360
2.978682 5.511761 -0.546148
4.336778 7.192995 -0.823618
6.868108 7.983395 -1.330484
9.067937 9.491910 -1.774585
10.468927 11.472205 -2.061901
10.999713 13.266325 -2.175346
11.350933 14.746548 -2.251701
11.673909 15.598700 -2.319677
11.824588 16.047217 -2.351614
-2.542466 1.080631 -1.919085
-2.339117 1.944028 -1.770488
-2.081579 3.281700 -1.578684
-2.093415 5.399580 -1.555298
-3.312200 7.023820 -2.345467
-5.488157 7.710108 -3.788900
-7.412714 9.127402 -5.053593
-8.680041 11.048682 -5.871799
-9.202824 12.819501 -6.194862
-9.560720 14.284039 -6.412303
-9.869042 15.122229 -6.605883
-10.014967 15.564185 -6.696833
-1.589671 1.101705 -2.872112
-1.460098 1.963470 -2.649721
-1.297787 3.299036 -2.362666
-1.321234 5.416659 -2.327668
-2.147712 7.049576 -3.510240
-3.607027 7.751714 -5.670490
-4.903683 9.182896 -7.563236
-5.764782 11.113161 -8.787769
-6.127170 12.887527 -9.271268
-6.377109 14.354454 -9.596693
-6.589322 15.194769 -9.886406
-6.690091 15.637724 -10.022522
-0.344785 1.129238 -3.387886
-0.311605 1.988872 -3.125558
-0.273715 3.321686 -2.786954
-0.312330 5.438973 -2.745671
-0.626235 7.083227 -4.140611
-1.149213 7.806075 -6.688799
-1.625478 9.255402 -8.921445
-1.955816 11.197404 -10.365880
-2.108636 12.976407 -10.936206
-2.217524 14.446454 -11.320071
-2.304163 15.289545 -11.661810
-2.345934 15.733806 -11.822370
1.002668 1.159040 -3.387885
0.931514 2.016367 -3.125557
0.834732 3.346202 -2.786954
0.779698 5.463126 -2.745671
1.020598 7.119650 -4.140609
1.511105 7.864914 -6.688798
1.922825 9.333881 -8.921445
2.166979 11.288590 -10.365880
2.240994 13.072609 -10.936205
2.284780 14.546033 -11.320070
2.334059 15.392130 -11.661810
2.356147 15.837804 -11.822369
2.247554 1.186574 -2.872110
2.080007 2.041768 -2.649719
1.858805 3.368851 -2.362665
1.788601 5.485440 -2.327667
2.542075 7.153301 -3.510239
3.968920 7.919273 -5.670488
5.201032 9.406385 -7.563234
5.975947 11.372833 -8.787767
6.259529 13.161487 -9.271266
6.444367 14.638029 -9.596690
6.619220 15.486905 -9.886403
6.700307 15.933884 -10.022519
3.200349 1.207647 -1.919082
2.959024 2.061209 -1.770485
2.642595 3.386187 -1.578682
2.560781 5.502518 -1.555297
3.706562 7.179056 -2.345466
5.850050 7.960878 -3.788898
7.710062 9.461877 -5.053591
8.891203 11.437310 -5.871797
9.335182 13.229510 -6.194861
9.627977 14.708443 -6.412303
9.898939 15.559444 -6.605883
10.025180 16.007420 -6.696832
-11.509889 16.026956 2.289301
-11.511719 16.053876 0.000002
-10.635250 16.073259 4.407383
-10.674000 15.198560 2.128945
-7.696512 9.949160 1.557690
-6.455589 8.703438 0.000001
-5.952121 8.714574 2.531727
-5.075183 8.199794 1.043651
-3.780810 7.984651 0.000000
-3.479638 7.991313 1.514466
-2.350326 7.793491 0.503563
-1.305630 7.741415 0.000000
-1.192369 7.743919 0.569546
-9.758163 16.065698 6.519376
-8.139278 16.128464 8.143782
-9.044975 15.234589 6.062722
-6.504600 9.975523 4.435926
-4.518363 8.746284 4.678022
-4.276602 8.217458 2.972067
-2.621972 8.010282 2.798368
-1.965010 7.802013 1.434026
-0.869826 7.751054 1.052383
-6.521394 16.137289 9.756936
-4.403791 16.211084 10.640365
-6.034927 15.301164 9.073506
-4.302231 10.024234 6.638834
-2.372593 8.793744 6.112130
-2.801017 8.250094 4.448013
-1.338383 8.038672 3.656244
-1.253038 7.817760 2.146172
-0.387107 7.761729 1.375004
-2.292354 16.230823 11.509091
0.002511 16.308539 11.517047
-2.102113 15.388147 10.702930
-1.424699 10.087877 7.831037
0.158513 8.849724 6.615721
-0.873073 8.292735 5.246789
0.175711 8.072159 3.957490
-0.322803 7.838335 2.531582
0.182298 7.774324 1.488293
2.285126 16.332065 11.509090
4.408817 16.405994 10.640363
2.154735 15.482295 10.702928
1.689918 10.156763 7.831036
2.689622 8.905705 6.112129
1.213718 8.338889 5.246788
1.689807 8.105647 3.656243
0.684076 7.860604 2.531581
0.751704 7.786917 1.375003
6.514168 16.425598 9.756934
8.144304 16.488611 8.143781
6.087551 15.569278 9.073503
4.567451 10.220406 6.638831
4.835392 8.953165 4.678020
3.141663 8.381529 4.448011
2.973395 8.134036 2.798367
1.614311 7.881178 2.146171
1.234423 7.797594 1.052382
9.750935 16.497188 6.519376
10.640273 16.543817 4.407384
9.097598 15.635854 6.062721
6.769818 10.269117 4.435925
6.269148 8.984875 2.531727
4.617247 8.414165 2.972066
3.831060 8.153006 1.514466
2.326283 7.896926 1.434025
1.556965 7.804727 0.569545
11.502660 16.535931 2.289302
11.516742 16.563202 0.000002
10.726621 15.671884 2.128946
7.961730 10.295479 1.557691
6.772617 8.996011 0.000001
5.415827 8.431828 1.043651
4.132232 8.159667 0.000000
2.711598 7.905447 0.503563
1.670227 7.807233 0.000000
-11.509889 16.026956 -2.289297
-10.674000 15.198560 -2.128942
-10.635250 16.073260 -4.407378
-7.696512 9.949161 -1.557689
-5.075183 8.199795 -1.043651
-5.952121 8.714574 -2.531726
-2.350326 7.793491 -0.503563
-3.479638 7.991313 -1.514465
-1.192369 7.743919 -0.569545
-9.758163 16.065701 -6.519371
-9.044975 15.234592 -6.062718
-8.139278 16.128467 -8.143777
-6.504600 9.975523 -4.435925
-4.276602 8.217458 -2.972066
-4.518363 8.746286 -4.678021
-1.965010 7.802014 -1.434025
-2.621972 8.010283 -2.798367
-0.869826 7.751054 -1.052382
-6.521394 16.137292 -9.756931
-6.034927 15.301166 -9.073502
-4.403791 16.211087 -10.640359
-4.302231 10.024236 -6.638832
-2.801017 8.250095 -4.448012
-2.372593 8.793745 -6.112129
-1.253038 7.817761 -2.146171
-1.338383 8.038673 -3.656243
-0.387107 7.761731 -1.375003
-2.292354 16.230827 -11.509086
-2.102113 15.388150 -10.702925
0.002511 16.308542 -11.517042
-1.424699 10.087879 -7.831036
-0.873073 8.292737 -5.246787
0.158513 8.849727 -6.615720
-0.322803 7.838336 -2.531581
0.175711 8.072160 -3.957488
0.182298 7.774324 -1.488292
2.285125 16.332068 -11.509085
2.154735 15.482300 -10.702924
4.408817 16.405997 -10.640359
1.689918 10.156766 -7.831035
1.213718 8.338890 -5.246786
2.689622 8.905707 -6.112128
0.684076 7.860605 -2.531580
1.689807 8.105647 -3.656242
0.751704 7.786919 -1.375003
6.514168 16.425603 -9.756929
6.087551 15.569281 -9.073499
8.144304 16.488614 -8.143776
4.567451 10.220409 -6.638830
3.141663 8.381531 -4.448010
4.835392 8.953165 -4.678019
1.614311 7.881179 -2.146170
2.973395 8.134037 -2.798366
1.234423 7.797594 -1.052381
9.750935 16.497189 -6.519371
9.097598 15.635855 -6.062718
10.640274 16.543819 -4.407381
6.769818 10.269118 -4.435924
4.617247 8.414167 -2.972065
6.269148 8.984876 -2.531726
2.326283 7.896926 -1.434025
3.831060 8.153006 -1.514465
1.556965 7.804727 -0.569544
11.502660 16.535931 -2.289298
10.726621 15.671884 -2.128943
7.961730 10.295480 -1.557689
5.415827 8.431828 -1.043650
2.711598 7.905447 -0.503562
-8.767911 12.649644 3.665452
-9.496836 12.633523 0.000001
-6.692107 12.695557 6.772873
-3.585445 12.764268 8.849186
0.079109 12.845317 9.578288
3.743665 12.926367 8.849184
6.850327 12.995078 6.772871
8.926129 13.040988 3.665453
9.655054 13.057111 0.000001
-8.767911 12.649645 -3.665450
-6.692107 12.695558 -6.772870
-3.585445 12.764271 -8.849182
0.079109 12.845320 -9.578285
3.743665 12.926370 -8.849181
6.850327 12.995081 -6.772868
8.926129 13.040991 -3.665450
-1.415728 0.080147 0.732234
-1.561342 0.076926 -0.000001
-2.833135 0.145202 0.633216
-1.001052 0.089318 1.352992
-2.348611 0.155919 1.803248
-0.380445 0.103044 1.767769
-1.453326 0.175719 2.698751
0.351609 0.119235 1.913419
-0.283582 0.201590 3.183392
1.083664 0.135426 1.767768
0.982540 0.229594 3.183391
1.704270 0.149152 1.352991
2.152284 0.255466 2.698748
2.118945 0.158324 0.732233
3.047568 0.275267 1.803245
2.264559 0.161544 -0.000001
3.532090 0.285983 0.633215
-1.415728 0.080147 -0.732236
-2.833135 0.145202 -0.633218
-1.001052 0.089319 -1.352994
-2.348611 0.155919 -1.803250
-0.380445 0.103045 -1.767771
-1.453326 0.175721 -2.698752
0.351609 0.119235 -1.913421
-0.283582 0.201592 -3.183394
1.083664 0.135427 -1.767770
0.982540 0.229595 -3.183393
1.704270 0.149153 -1.352992
2.152284 0.255467 -2.698750
2.118945 0.158324 -0.732235
3.047568 0.275268 -1.803247
3.532090 0.285983 -0.633217
-3.033197 0.461178 -0.000001
-2.776245 0.466861 1.292101
-3.056443 0.789939 0.674788
-3.125121 1.067744 -0.000001
-2.862196 1.073559 1.322137
-3.045605 1.359464 0.670128
-2.876657 1.932139 -0.000001
-2.634090 1.937504 1.219762
-2.581275 2.527717 0.572651
-2.560884 3.271099 -0.000000
-2.344596 3.275883 1.087621
-2.443623 4.050035 0.538582
-2.565620 5.389135 0.000000
-2.352536 5.393848 1.071510
-2.639594 6.709452 0.565856
-4.024310 7.008069 0.000000
-3.702969 7.015176 1.615891
-5.293378 7.270281 1.091131
-6.638509 7.684664 0.000000
-6.119410 7.696145 2.610332
-7.706331 8.136012 1.567172
-8.947041 9.093466 0.000001
-8.254671 9.108778 3.481631
-9.801820 10.080257 1.975337
-10.462785 11.009251 0.000001
-9.658316 11.027042 4.045328
-10.676414 11.941044 2.141078
-11.083654 12.777899 0.000001
-10.234924 12.796671 4.267900
-11.050083 13.611333 2.208041
-11.507570 14.240979 0.000001
-10.629047 14.260410 4.417705
-11.514893 14.853912 2.295009
-11.874664 15.077867 0.000002
-10.969621 15.097885 4.551070
-11.765062 15.295210 2.342818
-12.048202 15.519214 0.000002
-11.130699 15.539508 4.613729
-11.851350 15.751256 2.357972
-11.925668 15.906427 0.000002
-11.018140 15.926498 4.563573
-2.044508 0.483045 2.387490
-2.540108 0.801359 1.921635
-2.113449 1.090119 2.442990
-2.532837 1.370804 1.908364
-1.943320 1.952782 2.253826
-2.143094 2.537408 1.630773
-1.728660 3.289505 2.009661
-2.031512 4.059151 1.533751
-1.745724 5.407269 1.979892
-2.206613 6.719028 1.611422
-2.787864 7.035416 2.985776
-4.458467 7.288747 3.107277
-4.641137 7.728841 4.823264
-6.507163 8.162534 4.462928
-6.282968 9.152387 6.433216
-8.290333 10.113686 5.625284
-7.367382 11.077711 7.474792
-9.038105 11.977277 6.097273
-7.817944 12.850128 7.886052
-9.360535 13.648700 6.287967
-8.127229 14.315742 8.162855
-9.758797 14.892752 6.535632
-8.392277 15.154889 8.409281
-9.972385 15.334857 6.671779
-8.517869 15.597296 8.525060
-10.047079 15.791161 6.714934
-8.433714 15.983658 8.432384
-0.949387 0.507265 3.119404
-1.586047 0.822460 2.875929
-0.992870 1.114903 3.191919
-1.585364 1.391760 2.856067
-0.909508 1.975647 2.944764
-1.333441 2.555315 2.440624
-0.806845 3.309894 2.625747
-1.270029 4.075992 2.295420
-0.837563 5.427356 2.586853
-1.406567 6.736723 2.411663
-1.418313 7.065707 3.901104
-2.915752 7.322868 4.650369
-2.428745 7.777773 6.301897
-4.291388 8.211541 6.679243
-3.332104 9.217653 8.405402
-5.497465 10.175457 8.418833
-3.938756 11.153545 9.766286
-6.010903 12.044231 9.125215
-4.200676 12.930133 10.303623
-6.238657 13.717749 9.410609
-4.382995 14.398555 10.665284
-6.513957 14.964522 9.781265
-4.535007 15.240201 10.987256
-6.659949 15.408121 9.985023
-4.607494 15.683783 11.138530
-6.713219 15.864896 10.049610
-4.565849 16.069206 11.017441
0.342396 0.535836 3.376418
-0.339506 0.850030 3.392389
0.328941 1.144138 3.454907
-0.347432 1.419139 3.368960
0.309954 2.002618 3.187390
-0.275578 2.578713 2.878911
0.280509 3.333943 2.842088
-0.275103 4.097997 2.707632
0.233684 5.451049 2.799989
-0.361257 6.759843 2.844750
0.197181 7.101437 4.222524
-0.900099 7.367448 5.485484
0.180946 7.835492 6.821124
-1.396341 8.275572 7.878705
0.148673 9.294638 9.097940
-1.848412 10.256165 9.930691
0.105581 11.242995 10.570951
-2.055675 12.131711 10.763925
0.066178 13.024503 11.152561
-2.159729 13.807962 11.100569
0.033627 14.496239 11.544020
-2.274372 15.058290 11.537788
0.014947 15.340834 11.892519
-2.332047 15.503845 11.778137
0.005106 15.785800 12.056256
-2.357322 15.961237 11.854324
-0.003395 16.170114 11.925191
1.634179 0.564407 3.119403
1.009739 0.879872 3.392388
1.650754 1.173373 3.191917
0.992495 1.448775 3.368960
1.529417 2.029589 2.944764
0.869443 2.604037 2.878911
1.367862 3.357992 2.625747
0.801796 4.121815 2.707632
1.304931 5.474742 2.586852
0.770177 6.784868 2.844749
1.812676 7.137167 3.901103
1.281628 7.415701 5.485483
2.790639 7.893211 6.301896
1.737234 8.344878 7.878704
3.629453 9.371624 8.405399
2.101295 10.343522 9.930690
4.149920 11.332444 9.766284
2.225432 12.226397 10.763924
4.333036 13.118875 10.303622
2.255271 13.905612 11.100568
4.450253 14.593924 10.665282
2.314522 15.159784 11.537787
4.564906 15.441467 10.987255
2.352441 15.607451 11.778137
4.617708 15.887819 11.138528
2.357467 16.065517 11.854322
4.559064 16.271024 11.017440
2.729300 0.588628 2.387486
2.256280 0.907442 2.875927
2.771332 1.198157 2.442987
2.230427 1.476155 2.856065
2.563227 2.052455 2.253823
1.927305 2.627435 2.440622
2.289677 3.378381 2.009659
1.796721 4.143821 2.295419
2.213090 5.494828 1.979890
1.815487 6.807987 2.411662
3.182227 7.167458 2.985775
3.297282 7.460283 4.650368
5.003030 7.942143 4.823262
4.632282 8.408908 6.679241
6.580316 9.436890 6.433213
5.750349 10.424228 8.418831
7.578545 11.408276 7.474789
6.180661 12.313876 9.125213
7.950302 13.198880 7.886050
6.334201 13.995825 9.410606
8.194487 14.676735 8.162852
6.554109 15.253552 9.781264
8.422174 15.526779 8.409280
6.680345 15.703172 9.985021
8.528083 15.974307 8.525060
6.713367 16.161856 10.049609
8.426929 16.356570 8.432382
3.461035 0.604812 1.292098
3.210341 0.928544 1.921632
3.520078 1.214718 1.322135
3.177899 1.497111 1.908361
3.253997 2.067733 1.219760
2.736958 2.645342 1.630771
2.905612 3.392004 1.087619
2.558204 4.160662 1.533749
2.819903 5.508249 1.071509
2.615532 6.825681 1.611421
4.097330 7.187698 1.615890
4.839996 7.494405 3.107276
6.481301 7.974838 2.610331
6.848056 8.457916 4.462926
8.552018 9.480499 3.481631
8.543215 10.486000 5.625283
9.869477 11.458945 4.045329
9.207861 12.380830 6.097272
10.367282 13.252338 4.267901
9.456078 14.064874 6.287966
10.696303 14.732068 4.417706
9.798947 15.325317 6.535632
10.999516 15.583783 4.551071
9.992779 15.776434 6.671779
11.140910 16.032095 4.613731
10.047225 16.235593 6.714935
11.011353 16.413731 4.563574
3.717986 0.610495 -0.000001
3.726674 0.939964 0.674787
3.783002 1.220533 -0.000001
3.690666 1.508452 0.670127
3.496562 2.073098 -0.000001
3.175138 2.655033 0.572651
3.121900 3.396787 -0.000000
2.970315 4.169777 0.538581
3.032986 5.512962 0.000000
3.048513 6.835258 0.565856
4.418672 7.194806 0.000000
5.674905 7.512869 1.091131
7.000401 7.986320 0.000000
8.047222 8.484438 1.567172
9.244388 9.495811 0.000001
10.054702 10.519430 1.975338
10.673946 11.476739 0.000001
10.846169 12.417065 2.141079
11.216012 13.271109 0.000001
11.145625 14.102242 2.208041
11.574825 14.751498 0.000002
11.555041 15.364157 2.295010
11.904558 15.603801 0.000002
11.785454 15.816086 2.342819
12.058414 16.052388 0.000002
11.851496 16.275499 2.357973
11.918880 16.433803 0.000002
-3.056443 0.789939 -0.674790
-2.776245 0.466861 -1.292102
-3.045605 1.359464 -0.670129
-2.862196 1.073559 -1.322138
-2.581275 2.527717 -0.572652
-2.634090 1.937504 -1.219763
-2.443623 4.050035 -0.538582
-2.344596 3.275883 -1.087621
-2.639594 6.709452 -0.565856
-2.352536 5.393849 -1.071510
-5.293378 7.270281 -1.091130
-3.702969 7.015176 -1.615890
-7.706331 8.136012 -1.567171
-6.119410 7.696146 -2.610331
-9.801820 10.080257 -1.975336
-8.254671 9.108780 -3.481630
-10.676414 11.941044 -2.141076
-9.658316 11.027044 -4.045326
-11.050083 13.611333 -2.208038
-10.234924 12.796672 -4.267897
-11.514893 14.853914 -2.295006
-10.629047 14.260410 -4.417702
-11.765062 15.295210 -2.342814
-10.969621 15.097887 -4.551067
-11.851350 15.751256 -2.357968
-11.130699 15.539508 -4.613726
-11.018140 15.926498 -4.563569
-2.540108 0.801360 -1.921637
-2.044508 0.483046 -2.387491
-2.532837 1.370805 -1.908365
-2.113449 1.090120 -2.442991
-2.143094 2.537408 -1.630774
-1.943320 1.952783 -2.253827
-2.031512 4.059151 -1.533751
-1.728660 3.289506 -2.009661
-2.206613 6.719029 -1.611421
-1.745724 5.407270 -1.979892
-4.458467 7.288747 -3.107277
-2.787864 7.035417 -2.985776
-6.507163 8.162535 -4.462926
-4.641137 7.728842 -4.823263
-8.290333 10.113687 -5.625283
-6.282968 9.152390 -6.433214
-9.038105 11.977280 -6.097271
-7.367382 11.077715 -7.474789
-9.360535 13.648703 -6.287964
-7.817944 12.850131 -7.886049
-9.758797 14.892757 -6.535629
-8.127229 14.315746 -8.162852
-9.972385 15.334860 -6.671776
-8.392277 15.154892 -8.409279
-10.047079 15.791162 -6.714931
-8.517869 15.597298 -8.525057
-8.433714 15.983661 -8.432380
-1.586047 0.822462 -2.875930
-0.949387 0.507267 -3.119406
-1.585364 1.391761 -2.856068
-0.992870 1.114904 -3.191920
-1.333441 2.555316 -2.440624
-0.909508 1.975648 -2.944765
-1.270029 4.075993 -2.295420
-0.806845 3.309895 -2.625748
-1.406567 6.736724 -2.411662
-0.837563 5.427357 -2.586853
-2.915752 7.322869 -4.650368
-1.418313 7.065708 -3.901104
-4.291388 8.211544 -6.679243
-2.428745 7.777774 -6.301897
-5.497465 10.175459 -8.418832
-3.332104 9.217656 -8.405400
-6.010903 12.044234 -9.125212
-3.938756 11.153548 -9.766284
-6.238657 13.717752 -9.410606
-4.200676 12.930136 -10.303620
-6.513957 14.964525 -9.781262
-4.382995 14.398560 -10.665281
-6.659949 15.408124 -9.985020
-4.535007 15.240204 -10.987253
-6.713219 15.864899 -10.049606
-4.607494 15.683786 -11.138525
-4.565849 16.069209 -11.017437
-0.339506 0.850031 -3.392390
0.342396 0.535837 -3.376419
-0.347432 1.419141 -3.368961
0.328941 1.144139 -3.454908
-0.275578 2.578714 -2.878912
0.309954 2.002619 -3.187390
-0.275103 4.097998 -2.707632
0.280509 3.333944 -2.842088
-0.361257 6.759843 -2.844749
0.233684 5.451050 -2.799989
-0.900099 7.367449 -5.485484
0.197181 7.101439 -4.222524
-1.396341 8.275574 -7.878704
0.180946 7.835494 -6.821124
-1.848412 10.256168 -9.930689
0.148673 9.294641 -9.097939
-2.055675 12.131715 -10.763922
0.105581 11.242997 -10.570949
-2.159729 13.807967 -11.100565
0.066178 13.024509 -11.152557
-2.274372 15.058293 -11.537785
0.033627 14.496243 -11.544016
-2.332047 15.503847 -11.778134
0.014947 15.340837 -11.892516
-2.357322 15.961243 -11.854319
0.005106 15.785805 -12.056252
-0.003395 16.170119 -11.925186
1.009739 0.879873 -3.392389
1.634179 0.564408 -3.119404
0.992495 1.448776 -3.368961
1.650754 1.173375 -3.191919
0.869443 2.604038 -2.878912
1.529417 2.029591 -2.944764
0.801796 4.121816 -2.707632
1.367862 3.357993 -2.625747
0.770177 6.784868 -2.844749
1.304931 5.474743 -2.586852
1.281628 7.415704 -5.485483
1.812676 7.137169 -3.901103
1.737234 8.344880 -7.878702
2.790639 7.893213 -6.301895
2.101295 10.343524 -9.930688
3.629453 9.371626 -8.405399
2.225432 12.226402 -10.763921
4.149920 11.332447 -9.766283
2.255271 13.905615 -11.100565
4.333036 13.118878 -10.303619
2.314522 15.159787 -11.537784
4.450253 14.593925 -10.665280
2.352441 15.607454 -11.778134
4.564906 15.441470 -10.987251
2.357467 16.065520 -11.854317
4.617708 15.887823 -11.138524
4.559064 16.271028 -11.017435
2.256280 0.907444 -2.875928
2.729300 0.588629 -2.387488
2.230427 1.476157 -2.856066
2.771332 1.198158 -2.442988
1.927305 2.627435 -2.440623
2.563227 2.052456 -2.253824
1.796721 4.143822 -2.295419
2.289677 3.378381 -2.009659
1.815487 6.807987 -2.411661
2.213090 5.494828 -1.979890
3.297282 7.460284 -4.650367
3.182227 7.167459 -2.985774
4.632282 8.408910 -6.679240
5.003030 7.942145 -4.823260
5.750349 10.424231 -8.418829
6.580316 9.436890 -6.433212
6.180661 12.313879 -9.125211
7.578545 11.408278 -7.474787
6.334201 13.995828 -9.410603
7.950302 13.198882 -7.886047
6.554109 15.253555 -9.781260
8.194487 14.676738 -8.162849
6.680345 15.703175 -9.985017
8.422174 15.526782 -8.409277
6.713367 16.161859 -10.049604
8.528084 15.974309 -8.525055
8.426929 16.356573 -8.432378
3.210341 0.928544 -1.921634
3.461035 0.604812 -1.292100
3.177899 1.497111 -1.908363
3.520078 1.214718 -1.322136
2.736958 2.645342 -1.630772
3.253997 2.067733 -1.219761
2.558204 4.160663 -1.533750
2.905612 3.392004 -1.087620
2.615532 6.825682 -1.611420
2.819903 5.508249 -1.071509
4.839996 7.494405 -3.107275
4.097330 7.187698 -1.615889
6.848056 8.457918 -4.462925
6.481301 7.974840 -2.610330
8.543215 10.486002 -5.625281
8.552018 9.480499 -3.481629
9.207861 12.380832 -6.097269
9.869477 11.458947 -4.045326
9.456078 14.064874 -6.287963
10.367282 13.252338 -4.267898
9.798947 15.325320 -6.535629
10.696303 14.732071 -4.417703
9.992779 15.776437 -6.671775
10.999516 15.583784 -4.551068
10.047225 16.235597 -6.714931
11.140910 16.032097 -4.613727
11.011352 16.413733 -4.563570
3.726674 0.939964 -0.674789
3.690666 1.508452 -0.670128
3.175138 2.655033 -0.572651
2.970315 4.169777 -0.538582
3.048513 6.835258 -0.565856
5.674905 7.512870 -1.091130
8.047222 8.484438 -1.567171
10.054702 10.519431 -1.975336
10.846169 12.417066 -2.141076
11.145625 14.102243 -2.208039
11.555041 15.364160 -2.295007
11.785454 15.816086 -2.342815
11.851496 16.275499 -2.357969
-11.737519 16.021922 0.000002
-10.844329 16.041675 4.491469
-10.055059 15.212247 4.176861
-10.885685 15.193877 0.000002
-7.851397 9.945736 0.000001
-7.243652 9.959177 3.056094
3.187956 10.189898 -7.378061
-7.689636 15.264569 -7.717831
-8.300737 16.097939 -8.299149
10.837099 16.521213 -4.491467
0.184019 7.696507 0.000000
-8.300737 16.097935 8.299154
-7.689636 15.264565 7.717834
-5.512935 9.997456 5.646926
-5.512935 9.997457 -5.646925
7.742258 15.605879 -7.717829
-4.493983 16.182129 10.843368
-4.149528 15.342862 10.083839
-2.922736 10.054744 7.378065
-4.149527 15.342867 -10.083833
-4.493983 16.182132 -10.843362
-0.003615 16.281445 11.736775
0.026310 15.435220 10.914667
0.132609 10.122321 7.985960
8.293510 16.464955 -8.299147
-2.922736 10.054747 -7.378062
4.486757 16.380760 10.843365
4.202151 15.527579 10.083836
3.187956 10.189896 7.378063
0.353774 0.021293 -0.000001
0.026310 15.435223 -10.914660
8.293510 16.464954 8.299152
7.742258 15.605876 7.717833
5.778154 10.247185 5.646924
-0.003615 16.281448 -11.736770
5.778154 10.247186 -5.646922
10.837099 16.521210 4.491470
10.107681 15.658194 4.176862
7.508868 10.285463 3.056094
0.132609 10.122322 -7.985956
7.508868 10.285464 -3.056093
11.730289 16.540965 0.000002
10.938306 15.676566 0.000002
8.116614 10.298905 0.000001
4.202151 15.527582 -10.083831
4.486757 16.380762 -10.843360
-10.055060 15.212250 -4.176858
-10.844328 16.041678 -4.491465
10.107681 15.658194 -4.176859
-7.243650 9.959177 -3.056093
-4.771766 8.206506 2.047581
-5.178955 8.197500 0.000000
-2.195383 7.796344 0.984426
-2.391148 7.792014 0.000000
-3.612188 8.232153 3.783436
-1.637887 7.808675 1.818981
-1.876756 8.270535 4.943298
-0.803535 7.827127 2.376613
0.170322 8.315811 5.350586
0.180649 7.848895 2.572427
2.217403 8.361088 4.943296
1.164834 7.870663 2.376613
3.952833 8.399471 3.783435
1.999185 7.889116 1.818980
5.112410 8.425117 2.047581
2.556680 7.901446 0.984425
5.519599 8.434123 0.000001
2.752446 7.905776 0.000000
-4.771766 8.206506 -2.047580
-2.195383 7.796344 -0.984425
-3.612188 8.232153 -3.783435
-1.637887 7.808675 -1.818980
-1.876756 8.270538 -4.943296
-0.803535 7.827129 -2.376612
0.170322 8.315813 -5.350585
0.180649 7.848896 -2.572426
2.217403 8.361090 -4.943295
1.164834 7.870663 -2.376612
3.952833 8.399472 -3.783433
1.999185 7.889117 -1.818979
5.112410 8.425118 -2.047580
2.556680 7.901447 -0.984425
-2.638057 0.148793 1.237789
-2.884208 0.143349 -0.000001
-1.937078 0.164296 2.287134
-0.887989 0.187498 2.988284
0.349495 0.214868 3.234493
1.586979 0.242238 2.988282
2.636068 0.265441 2.287131
3.337045 0.280945 1.237786
3.583195 0.286389 -0.000001
-2.638057 0.148793 -1.237790
-1.937078 0.164298 -2.287136
-0.887989 0.187500 -2.988285
0.349495 0.214869 -3.234496
1.586979 0.242240 -2.988284
2.636068 0.265443 -2.287133
3.337045 0.280945 -1.237788
-2.860264 0.794278 1.323895
-3.123539 0.788455 -0.000001
-2.850781 1.363773 1.314752
-3.112238 1.357990 -0.000001
-2.414790 2.531399 1.123508
-2.638215 2.526458 -0.000000
-2.287044 4.053499 1.056665
-2.497176 4.048851 -0.000000
-2.475085 6.713091 1.110176
-2.695859 6.708208 0.000000
-4.976158 7.277297 2.140733
-5.401871 7.267881 0.000000
-7.250713 8.146088 3.074697
-7.862157 8.132566 0.000000
-9.227538 10.092958 3.875492
-9.998233 10.075912 0.000001
-10.053946 11.954811 4.200665
-10.889304 11.936336 0.000001
-10.408147 13.625531 4.332042
-11.269633 13.606477 0.000001
-10.847672 14.868671 4.502669
-11.743091 14.848868 0.000002
-11.083942 15.310274 4.596466
-11.998012 15.290059 0.000002
-11.165826 15.766418 4.626197
-12.085808 15.746071 0.000002
-2.110522 0.810860 2.446238
-2.106217 1.380240 2.429343
-1.778530 2.545471 2.075971
-1.688638 4.066734 1.952462
-1.846375 6.726996 2.051337
-3.763826 7.304111 3.955559
-5.509462 8.184601 5.681299
-7.032784 10.141500 7.160976
-7.675041 12.007426 7.761818
-7.954841 13.679791 8.004571
-8.297738 14.925070 8.319848
-8.480888 15.367848 8.493162
-8.545935 15.824362 8.548100
-0.988452 0.835677 3.196162
-0.991897 1.404885 3.174089
-0.826299 2.566532 2.712386
-0.793059 4.086542 2.551014
-0.905443 6.747807 2.680200
-1.949444 7.344239 5.168185
-2.903497 8.242238 7.422974
-3.748102 10.214149 9.356268
-4.114758 12.086169 10.141304
-4.283211 13.760997 10.458478
-4.481491 15.009474 10.870406
-4.585144 15.454012 11.096854
-4.624992 15.911084 11.168632
0.335116 0.864951 3.459500
0.322531 1.433957 3.435609
0.296932 2.591375 2.935865
0.263346 4.109907 2.761197
0.204460 6.772356 2.901028
0.190764 7.391576 5.594004
0.170446 8.310225 8.034569
0.126441 10.299844 10.127149
0.084878 12.179054 10.976868
0.047770 13.856787 11.320172
0.020074 15.109038 11.766042
0.010196 15.555647 12.011146
0.000072 16.013376 12.088838
1.658686 0.894225 3.196161
1.636960 1.463029 3.174088
1.420164 2.616218 2.712385
1.319752 4.133271 2.551013
1.314363 6.796904 2.680200
2.330973 7.438911 5.168185
3.244391 8.378213 7.422972
4.000986 10.385538 9.356265
4.284517 12.271939 10.141302
4.378754 13.952577 10.458475
4.521643 15.208600 10.870404
4.605540 15.657285 11.096851
4.625140 16.115671 11.168630
2.780754 0.919042 2.446235
2.751279 1.487675 2.429341
2.372394 2.637279 2.075969
2.215330 4.153080 1.952460
2.255294 6.817714 2.051336
4.145355 7.479040 3.955557
5.850356 8.435850 5.681297
7.285667 10.458186 7.160975
7.844798 12.350682 7.761816
8.050385 14.033784 8.004568
8.337888 15.293005 8.319846
8.501283 15.743448 8.493162
8.546083 16.202391 8.548099
3.530495 0.935625 1.323892
3.495843 1.504143 1.314749
3.008653 2.651351 1.123506
2.813735 4.166314 1.056664
2.884004 6.831619 1.110175
5.357685 7.505854 2.140732
7.591604 8.474361 3.074696
9.480419 10.506728 3.875493
10.223701 12.403299 4.200666
10.503688 14.088045 4.332043
10.887821 15.349402 4.502670
11.104334 15.801021 4.596468
11.165971 16.260339 4.626199
3.793768 0.941448 -0.000001
3.757298 1.509925 -0.000001
3.232077 2.656293 -0.000000
3.023867 4.170962 -0.000000
3.104776 6.836503 0.000000
5.783398 7.515269 0.000000
8.203049 8.487885 0.000001
10.251113 10.523774 0.000001
11.059061 12.421774 0.000001
11.365174 14.107098 0.000001
11.783238 15.369208 0.000002
12.018405 15.821237 0.000002
12.085954 16.280685 0.000002
-2.860264 0.794278 -1.323896
-2.850781 1.363773 -1.314753
-2.414790 2.531399 -1.123509
-2.287044 4.053499 -1.056666
-2.475085 6.713091 -1.110175
-4.976158 7.277297 -2.140732
-7.250713 8.146089 -3.074696
-9.227538 10.092960 -3.875491
-10.053946 11.954812 -4.200663
-10.408147 13.625533 -4.332040
-10.847672 14.868674 -4.502666
-11.083942 15.310277 -4.596463
-11.165826 15.766418 -4.626194
-2.110522 0.810862 -2.446239
-2.106217 1.380241 -2.429344
-1.778530 2.545472 -2.075972
-1.688638 4.066734 -1.952462
-1.846375 6.726997 -2.051336
-3.763826 7.304111 -3.955558
-5.509462 8.184603 -5.681298
-7.032784 10.141502 -7.160976
-7.675041 12.007428 -7.761816
-7.954841 13.679794 -8.004568
-8.297738 14.925073 -8.319846
-8.480888 15.367850 -8.493159
-8.545935 15.824365 -8.548096
-0.988452 0.835679 -3.196163
-0.991897 1.404887 -3.174090
-0.826299 2.566533 -2.712387
-0.793059 4.086543 -2.551015
-0.905443 6.747808 -2.680200
-1.949444 7.344242 -5.168185
-2.903497 8.242240 -7.422974
-3.748102 10.214152 -9.356266
-4.114758 12.086172 -10.141302
-4.283211 13.761003 -10.458473
-4.481491 15.009477 -10.870403
-4.585144 15.454013 -11.096850
-4.624992 15.911086 -11.168626
0.335116 0.864952 -3.459502
0.322531 1.433959 -3.435610
0.296932 2.591376 -2.935865
0.263346 4.109908 -2.761197
0.204460 6.772356 -2.901027
0.190764 7.391577 -5.594003
0.170446 8.310227 -8.034567
0.126441 10.299847 -10.127148
0.084878 12.179058 -10.976865
0.047770 13.856792 -11.320169
0.020074 15.109041 -11.766038
0.010196 15.555650 -12.011143
0.000072 16.013380 -12.088834
1.658686 0.894227 -3.196162
1.636960 1.463031 -3.174089
1.420164 2.616219 -2.712386
1.319752 4.133272 -2.551014
1.314363 6.796904 -2.680199
2.330973 7.438913 -5.168184
3.244391 8.378215 -7.422971
4.000986 10.385540 -9.356264
4.284517 12.271942 -10.141299
4.378754 13.952580 -10.458472
4.521643 15.208601 -10.870401
4.605540 15.657288 -11.096848
4.625140 16.115675 -11.168625
2.780754 0.919044 -2.446236
2.751279 1.487676 -2.429342
2.372394 2.637280 -2.075970
2.215330 4.153080 -1.952461
2.255294 6.817715 -2.051335
4.145355 7.479041 -3.955556
5.850356 8.435851 -5.681295
7.285667 10.458189 -7.160973
7.844799 12.350685 -7.761813
8.050385 14.033786 -8.004566
8.337889 15.293007 -8.319843
8.501283 15.743449 -8.493158
8.546083 16.202396 -8.548094
3.530495 0.935625 -1.323894
3.495843 1.504143 -1.314751
3.008653 2.651352 -1.123507
2.813735 4.166315 -1.056664
2.884003 6.831619 -1.110175
5.357685 7.505854 -2.140732
7.591604 8.474361 -3.074695
9.480419 10.506729 -3.875491
10.223701 12.403300 -4.200663
10.503689 14.088046 -4.332040
10.887821 15.349405 -4.502666
11.104334 15.801022 -4.596464
11.165971 16.260339 -4.626196
