11.114259 -0.014719 -11.121037
10.636665 -0.014719 -12.066049
9.862893 -0.014719 -12.783205
8.748895 -0.014719 -13.120368
7.725854 -0.014719 -13.332823
6.933293 -0.014719 -14.117194
6.300506 -0.014719 -14.860591
5.023997 -0.014719 -14.740029
4.010531 -0.014719 -14.921186
3.115100 -0.014719 -15.443483
2.084175 -0.014719 -15.688348
1.044325 -0.014719 -15.485375
0.000003 -0.014719 -14.983436
-0.999575 -0.014719 -15.407065
-2.980861 -0.014719 -15.587940
-3.785912 -0.014719 -15.087807
-4.746654 -0.014719 -14.571961
-5.752526 -0.014719 -14.522704
-6.637154 -0.014719 -14.606032
-7.520311 -0.014719 -13.348274
-8.674471 -0.014719 -12.867588
-9.626016 -0.014719 -12.573483
-10.362953 -0.014719 -11.918488
-10.779610 -0.014719 -11.078410
-11.163642 -0.014719 -10.166394
-12.604631 -0.014719 -9.662910
-13.454588 -0.014719 -8.894030
-13.799490 -0.014719 -7.834329
-14.303537 -0.014719 -6.820881
-15.458802 -0.014719 -6.001306
-15.298208 -0.014719 -5.132572
-15.348675 -0.014719 -4.092459
-15.856018 -0.014719 -3.195546
-16.325033 -0.014719 -2.250816
-16.255074 -0.014719 -1.182235
-15.487819 -0.014719 0.144793
-15.933266 -0.014719 1.044320
-16.072890 -0.014719 2.089798
-15.784477 -0.014719 3.126353
-15.226366 -0.014719 4.076394
-14.968092 -0.014719 5.110056
-15.247349 -0.014719 6.307487
-14.253229 -0.014719 7.005934
-13.501757 -0.014719 7.752946
-13.152618 -0.014719 8.769729
-12.622810 -0.014719 9.765398
-11.768558 -0.014719 10.302925
-10.772843 -0.014719 10.654641
-10.302927 -0.014719 11.824850
-9.664081 -0.014719 12.628435
-8.741579 -0.014719 13.045674
-7.662884 -0.014719 13.338518
-6.837071 -0.014719 14.028073
-6.093594 -0.014719 14.881472
-5.053767 -0.014719 14.697898
-4.020105 -0.014719 14.736655
-3.036293 -0.014719 15.232856
-2.077108 -0.014719 15.618931
-1.065515 -0.014719 15.488247
0.084765 -0.014719 14.936129
1.093767 -0.014719 15.339906
2.052516 -0.014719 15.553883
2.964743 -0.014719 15.502375
3.863632 -0.014719 15.122669
4.839779 -0.014719 14.692747
5.786035 -0.014719 14.752007
6.706127 -0.014719 14.748082
7.611803 -0.014719 13.582908
8.776079 -0.014719 13.118191
9.759936 -0.014719 12.786534
10.528068 -0.014719 12.004971
10.902942 -0.014719 10.807985
11.925830 -0.014719 10.464771
12.960622 -0.014719 9.759936
13.553407 -0.014719 8.855211
13.891518 -0.014719 7.738414
14.320774 -0.014719 7.165092
15.305919 -0.014719 6.553616
15.246666 -0.014719 5.623188
15.157482 -0.014719 4.568856
15.891115 -0.014719 3.381036
16.282939 -0.014719 2.483081
16.013039 -0.014719 1.132968
15.586262 -0.014719 0.230482
15.864673 0.751396 -0.861650
16.121297 0.751396 -1.971048
15.709951 0.751396 -3.115246
15.162966 0.751396 -4.185325
15.431870 0.751396 -5.833530
14.796507 0.751396 -6.321210
14.039000 0.751396 -6.956629
13.594818 0.751396 -7.849190
13.359272 0.751396 -8.908293
12.594164 0.751396 -9.776603
11.168622 0.751396 -10.210372
10.926769 0.751396 -10.933406
10.457265 0.751396 -11.862419
9.696583 0.751396 -12.567436
8.601439 0.751396 -12.898893
7.595711 0.751396 -13.107747
6.816566 0.751396 -13.878843
6.194492 0.751396 -14.609663
4.939585 0.751396 -14.491142
3.943274 0.751396 -14.669239
3.062998 0.751396 -15.182696
2.049520 0.751396 -15.423405
1.027269 0.751396 -15.223873
0.000623 0.751396 -14.730429
-0.982038 0.751396 -15.146888
-2.929792 0.751396 -15.324701
-3.721218 0.751396 -14.833028
-4.665697 0.751396 -14.325918
-5.654545 0.751396 -14.277489
-6.524201 0.751396 -14.359406
-7.392408 0.751396 -13.122937
-8.527036 0.751396 -12.650398
-9.462477 0.751396 -12.361264
-10.186947 0.751396 -11.717355
-10.596546 0.751396 -10.891489
-10.974084 0.751396 -9.994909
-12.390673 0.751396 -9.499953
-13.226256 0.751396 -8.744087
-13.565320 0.751396 -7.702318
-14.060830 0.751396 -6.706025
-15.196542 0.751396 -5.900321
-15.038666 0.751396 -5.046290
-15.088285 0.751396 -4.023784
-15.587036 0.751396 -3.142050
-16.048112 0.751396 -2.213308
-15.979327 0.751396 -1.162813
-15.225068 0.751396 0.141755
-15.662976 0.751396 1.026058
-15.800237 0.751396 2.053841
-15.516712 0.751396 3.072851
-14.968047 0.751396 4.006811
-14.714138 0.751396 5.022978
-14.988669 0.751396 6.200145
-14.011374 0.751396 6.886773
-13.272615 0.751396 7.621137
-12.929391 0.751396 8.620709
-12.408544 0.751396 9.599532
-11.568755 0.751396 10.127961
-10.589893 0.751396 10.473718
-10.127931 0.751396 11.624122
-9.499897 0.751396 12.414105
-8.593008 0.751396 12.824283
-7.532571 0.751396 13.112173
-6.720735 0.751396 13.790060
-5.989844 0.751396 14.629017
-4.967615 0.751396 14.448549
-3.951447 0.751396 14.486650
-2.984286 0.751396 14.974447
-2.041334 0.751396 15.353999
-1.046862 0.751396 15.225516
0.083949 0.751396 14.682753
1.075874 0.751396 15.079685
2.018397 0.751396 15.290046
2.915185 0.751396 15.239416
3.798859 0.751396 14.866136
4.758485 0.751396 14.443485
5.688726 0.751396 14.501742
6.593248 0.751396 14.497884
7.483595 0.751396 13.352429
8.628164 0.751396 12.895579
9.595366 0.751396 12.569535
10.350500 0.751396 11.801195
10.719029 0.751396 10.624473
11.724605 0.751396 10.287067
12.741878 0.751396 9.594159
13.324635 0.751396 8.704750
13.657029 0.751396 7.606854
14.079009 0.751396 7.043235
15.047491 0.751396 6.442108
14.989235 0.751396 5.527426
14.901561 0.751396 4.490941
15.622778 0.751396 3.323223
16.007982 0.751396 2.440467
15.742644 0.751396 1.113205
15.323089 0.751396 0.225994
15.163644 0.751396 -0.825025
15.408888 0.751396 -1.885287
15.015774 0.751396 -2.978808
14.493015 0.751396 -4.001493
14.750015 0.751396 -5.576698
14.142783 0.751396 -6.042779
13.418827 0.751396 -6.650057
12.994313 0.751396 -7.503085
12.769213 0.751396 -8.515285
12.037985 0.751396 -9.345130
10.675575 0.751396 -9.759690
10.444440 0.751396 -10.450701
9.995724 0.751396 -11.338565
9.268744 0.751396 -12.012358
8.222100 0.751396 -12.329140
7.260917 0.751396 -12.528738
6.516279 0.751396 -13.265681
5.921753 0.751396 -13.964133
4.722427 0.751396 -13.850864
3.770244 0.751396 -14.021065
2.928956 0.751396 -14.511782
1.960367 0.751396 -14.741836
0.983392 0.751396 -14.551134
0.002215 0.751396 -14.079545
-0.936922 0.751396 -14.477567
-2.798409 0.751396 -14.647505
-3.554782 0.751396 -14.177613
-4.457429 0.751396 -13.692955
-5.402483 0.751396 -13.646678
-6.233621 0.751396 -13.724961
-7.063375 0.751396 -12.543253
-8.147751 0.751396 -12.091638
-9.041760 0.751396 -11.815316
-9.734145 0.751396 -11.199920
-10.125609 0.751396 -10.410638
-10.486413 0.751396 -9.553768
-11.840264 0.751396 -9.080740
-12.638834 0.751396 -8.358345
-12.962889 0.751396 -7.362716
-13.436451 0.751396 -6.410554
-14.521869 0.751396 -5.640528
-14.370971 0.751396 -4.824326
-14.418400 0.751396 -3.847104
-14.895070 0.751396 -3.004424
-15.335723 0.751396 -2.116817
-15.269978 0.751396 -1.112849
-14.549125 0.751396 0.133940
-14.967645 0.751396 0.979075
-15.098820 0.751396 1.961339
-14.827848 0.751396 2.935216
-14.303486 0.751396 3.827811
-14.060819 0.751396 4.798972
-14.323189 0.751396 5.924002
-13.389188 0.751396 6.580216
-12.683153 0.751396 7.282058
-12.355124 0.751396 8.237357
-11.857346 0.751396 9.172834
-11.054752 0.751396 9.677847
-10.119243 0.751396 10.008301
-9.677736 0.751396 11.107748
-9.077523 0.751396 11.862750
-8.210806 0.751396 12.254761
-7.197334 0.751396 12.529891
-6.421451 0.751396 13.177757
-5.722929 0.751396 13.979550
-4.745975 0.751396 13.807088
-3.774814 0.751396 13.843496
-2.850489 0.751396 14.309687
-1.949303 0.751396 14.672432
-0.998876 0.751396 14.549634
0.081851 0.751396 14.030909
1.029843 0.751396 14.410264
1.930622 0.751396 14.611309
2.787690 0.751396 14.562922
3.632227 0.751396 14.206174
4.549350 0.751396 13.802243
5.438394 0.751396 13.857912
6.302849 0.751396 13.854233
7.153762 0.751396 12.759509
8.247640 0.751396 12.322887
9.172004 0.751396 12.011284
9.893700 0.751396 11.276978
10.245906 0.751396 10.152375
11.206938 0.751396 9.829907
12.179157 0.751396 9.167700
12.736110 0.751396 8.317677
13.053770 0.751396 7.268411
13.457065 0.751396 6.729752
14.382649 0.751396 6.155248
14.326978 0.751396 5.281077
14.243179 0.751396 4.290499
14.932469 0.751396 3.174500
15.300600 0.751396 2.330841
15.047021 0.751396 1.062364
14.646039 0.751396 0.214447
15.012027 0.532378 -0.817103
15.254818 0.532378 -1.866739
14.865638 0.532378 -2.949298
14.348118 0.532378 -3.961736
14.602537 0.532378 -5.521151
14.001398 0.532378 -5.982560
13.284703 0.532378 -6.583748
12.864438 0.532378 -7.428229
12.641594 0.532378 -8.430279
11.917695 0.532378 -9.251812
10.568941 0.532378 -9.662216
10.340122 0.532378 -10.346296
9.895904 0.532378 -11.225273
9.176205 0.532378 -11.892312
8.140056 0.532378 -12.205908
7.188505 0.532378 -12.403516
6.451330 0.532378 -13.133067
5.862766 0.532378 -13.824524
4.675460 0.532378 -13.712384
3.732821 0.532378 -13.880880
2.899967 0.532378 -14.366679
1.941085 0.532378 -14.594427
0.973902 0.532378 -14.405637
0.002560 0.532378 -13.938774
-0.927165 0.532378 -14.332812
-2.769994 0.532378 -14.501041
-3.518787 0.532378 -14.035859
-4.412386 0.532378 -13.556053
-5.347967 0.532378 -13.510240
-6.170775 0.532378 -13.587749
-6.992215 0.532378 -12.417880
-8.065725 0.532378 -11.970797
-8.950768 0.532378 -11.697245
-9.636208 0.532378 -11.088012
-10.023748 0.532378 -10.306646
-10.380941 0.532378 -9.458359
-11.721223 0.532378 -8.990067
-12.511789 0.532378 -8.274917
-12.832590 0.532378 -7.289268
-13.301411 0.532378 -6.346646
-14.375950 0.532378 -5.584344
-14.226564 0.532378 -4.776322
-14.273518 0.532378 -3.808894
-14.745411 0.532378 -2.974658
-15.181642 0.532378 -2.095950
-15.116560 0.532378 -1.102042
-14.402933 0.532378 0.132249
-14.817252 0.532378 0.968915
-14.947118 0.532378 1.941333
-14.678862 0.532378 2.905449
-14.159758 0.532378 3.789097
-13.919521 0.532378 4.750524
-14.179261 0.532378 5.864281
-13.254621 0.532378 6.513918
-12.555658 0.532378 7.208723
-12.230928 0.532378 8.154447
-11.738133 0.532378 9.080542
-10.943583 0.532378 9.580498
-10.017451 0.532378 9.907642
-9.580370 0.532378 10.996073
-8.986172 0.532378 11.743502
-8.128139 0.532378 12.131579
-7.124829 0.532378 12.403963
-6.356722 0.532378 13.045329
-5.665202 0.532378 13.839085
-4.698040 0.532378 13.668346
-3.736614 0.532378 13.704396
-2.821552 0.532378 14.165919
-1.929398 0.532378 14.525017
-0.988497 0.532378 14.403461
0.081398 0.532378 13.889935
1.019888 0.532378 14.265488
1.911639 0.532378 14.464512
2.760117 0.532378 14.416610
3.596188 0.532378 14.063437
4.504122 0.532378 13.663561
5.384249 0.532378 13.718673
6.240043 0.532378 13.715030
7.082427 0.532378 12.631279
8.165340 0.532378 12.199034
9.080440 0.532378 11.890547
9.794897 0.532378 11.163601
10.143573 0.532378 10.050270
11.094978 0.532378 9.731035
12.057452 0.532378 9.075459
12.608824 0.532378 8.233961
12.923298 0.532378 7.195212
13.322557 0.532378 6.661954
14.238865 0.532378 6.093210
14.183747 0.532378 5.227797
14.100786 0.532378 4.247147
14.783162 0.532378 3.142334
15.147610 0.532378 2.307133
14.896571 0.532378 1.051369
14.499609 0.532378 0.211950
-8.319092 0.899945 -12.344058
-7.212017 0.899945 -12.805121
-6.364889 0.899945 -14.011573
-5.516351 0.899945 -13.931640
-4.551512 0.899945 -13.978887
-3.629968 0.899945 -14.473696
-2.857761 0.899945 -14.953425
-0.957303 0.899945 -14.779929
0.001496 0.899945 -14.373582
1.003213 0.899945 -14.855038
2.000641 0.899945 -15.049731
2.989508 0.899945 -14.814861
3.848410 0.899945 -14.313872
4.820528 0.899945 -14.140113
6.044960 0.899945 -14.255754
6.651932 0.899945 -13.542673
7.412157 0.899945 -12.790309
8.393464 0.899945 -12.586519
9.462015 0.899945 -12.263118
10.204226 0.899945 -11.575213
10.662330 0.899945 -10.668755
10.898309 0.899945 -9.963290
12.289236 0.899945 -9.540051
13.035767 0.899945 -8.692821
13.265588 0.899945 -7.659439
13.698986 0.899945 -6.788549
14.438104 0.899945 -6.168562
15.058036 0.899945 -5.692720
14.795661 0.899945 -4.084539
15.329359 0.899945 -3.040442
15.730710 0.899945 -1.924029
15.480325 0.899945 -0.841570
14.951890 0.899945 0.219663
15.361260 0.899945 1.085332
15.620153 0.899945 2.380364
15.244311 0.899945 3.241685
14.540602 0.899945 4.381047
14.626156 0.899945 5.392366
14.682986 0.899945 6.284836
13.738024 0.899945 6.871366
13.326292 0.899945 7.421299
13.001970 0.899945 8.492535
12.433369 0.899945 9.360348
11.440790 0.899945 10.036425
10.459639 0.899945 10.365648
10.100054 0.899945 11.513790
9.363261 0.899945 12.263469
8.419539 0.899945 12.581595
7.302764 0.899945 13.027358
6.434034 0.899945 14.144999
5.551479 0.899945 14.148756
4.643826 0.899945 14.091926
3.707502 0.899945 14.504303
2.845284 0.899945 14.868518
1.970274 0.899945 14.917931
1.050637 0.899945 14.712678
0.082799 0.899945 14.325379
-1.020553 0.899945 14.854960
-1.990877 0.899945 14.980320
-2.910931 0.899945 14.609989
-3.854608 0.899945 14.134044
-4.846099 0.899945 14.096862
-5.843505 0.899945 14.272946
-6.556651 0.899945 13.454362
-7.348774 0.899945 12.792934
-8.383462 0.899945 12.512043
-9.268334 0.899945 12.111819
-9.881108 0.899945 11.341017
-10.331862 0.899945 10.218549
-11.286950 0.899945 9.881180
-12.106347 0.899945 9.365596
-12.614546 0.899945 8.410534
-12.949437 0.899945 7.435236
-13.670257 0.899945 6.718701
-14.623820 0.899945 6.048748
-14.355950 0.899945 4.900166
-14.603698 0.899945 3.908673
-15.139037 0.899945 2.997393
-15.415687 0.899945 2.003126
-15.281755 0.899945 1.000299
-14.854478 0.899945 0.137470
-15.590422 0.899945 -1.135420
-15.657544 0.899945 -2.160407
-15.207659 0.899945 -3.066597
-14.721017 0.899945 -3.926917
-14.672596 0.899945 -4.924600
-14.826646 0.899945 -5.757890
-13.718511 0.899945 -6.544030
-13.235029 0.899945 -7.516129
-12.904196 0.899945 -8.532606
-12.088908 0.899945 -9.270120
-10.706714 0.899945 -9.753052
-10.338349 0.899945 -10.627860
-9.938690 0.899945 -11.433666
-9.231822 0.899945 -12.061945
-6.093594 0.392724 14.881472
-6.837071 0.392724 14.028073
-7.662884 0.392724 13.338518
-8.741579 0.392724 13.045674
-9.664081 0.392724 12.628435
-10.302927 0.392724 11.824850
-10.772843 0.392724 10.654641
-11.768558 0.392724 10.302925
-12.622810 0.392724 9.765398
-13.152618 0.392724 8.769729
-13.501757 0.392724 7.752946
-14.253229 0.392724 7.005934
-15.247349 0.392724 6.307487
-14.968092 0.392724 5.110056
-15.226366 0.392724 4.076394
-15.784477 0.392724 3.126353
-16.072890 0.392724 2.089798
-15.933266 0.392724 1.044320
-15.487819 0.392724 0.144793
-16.255074 0.392724 -1.182235
-16.325033 0.392724 -2.250816
-15.856018 0.392724 -3.195546
-15.348675 0.392724 -4.092459
-15.298208 0.392724 -5.132572
-15.458802 0.392724 -6.001306
-14.303537 0.392724 -6.820881
-13.799490 0.392724 -7.834329
-13.454588 0.392724 -8.894030
-12.604631 0.392724 -9.662910
-11.163642 0.392724 -10.166394
-10.779610 0.392724 -11.078410
-10.362953 0.392724 -11.918488
-9.626016 0.392724 -12.573483
-8.674471 0.392724 -12.867588
-7.520311 0.392724 -13.348274
-6.637154 0.392724 -14.606032
-5.752526 0.392724 -14.522704
-4.746654 0.392724 -14.571961
-3.785912 0.392724 -15.087807
-2.980861 0.392724 -15.587940
-0.999575 0.392724 -15.407065
0.000003 0.392724 -14.983436
1.044325 0.392724 -15.485375
2.084175 0.392724 -15.688348
3.115100 0.392724 -15.443483
4.010531 0.392724 -14.921186
5.023997 0.392724 -14.740029
6.300506 0.392724 -14.860591
6.933293 0.392724 -14.117194
7.725854 0.392724 -13.332823
8.748895 0.392724 -13.120368
9.862893 0.392724 -12.783205
10.636665 0.392724 -12.066049
11.114259 0.392724 -11.121037
11.360270 0.392724 -10.385561
12.810366 0.392724 -9.944323
13.588647 0.392724 -9.061070
13.828241 0.392724 -7.983727
14.280077 0.392724 -7.075797
15.050619 0.392724 -6.429441
15.696921 0.392724 -5.933365
15.423388 0.392724 -4.256784
15.979784 0.392724 -3.168280
16.398217 0.392724 -2.004385
16.137181 0.392724 -0.875887
15.586262 0.392724 0.230482
16.013039 0.392724 1.132968
16.282939 0.392724 2.483081
15.891115 0.392724 3.381036
15.157482 0.392724 4.568856
15.246666 0.392724 5.623188
15.305919 0.392724 6.553616
14.320774 0.392724 7.165092
13.891518 0.392724 7.738414
13.553407 0.392724 8.855211
12.960622 0.392724 9.759936
11.925830 0.392724 10.464771
10.902942 0.392724 10.807985
10.528068 0.392724 12.004971
9.759936 0.392724 12.786534
8.776079 0.392724 13.118191
7.611803 0.392724 13.582908
6.706127 0.392724 14.748082
5.786035 0.392724 14.752007
4.839779 0.392724 14.692747
3.863632 0.392724 15.122669
2.964743 0.392724 15.502375
2.052516 0.392724 15.553883
1.093767 0.392724 15.339906
0.084765 0.392724 14.936129
-1.065515 0.392724 15.488247
-2.077108 0.392724 15.618931
-3.036293 0.392724 15.232856
-4.020105 0.392724 14.736655
-5.053767 0.392724 14.697898
15.942559 -0.014719 -0.865720
16.200439 -0.014719 -1.980577
15.787077 -0.014719 -3.130404
15.237407 -0.014719 -4.205750
15.507629 -0.014719 -5.862066
14.869139 -0.014719 -6.352148
14.107910 -0.014719 -6.990688
13.661532 -0.014719 -7.887647
13.424833 -0.014719 -8.951960
12.655959 -0.014719 -9.824541
11.223401 -0.014719 -10.260446
10.980358 -0.014719 -10.987032
10.508538 -0.014719 -11.920621
9.744118 -0.014719 -12.629109
8.643586 -0.014719 -12.962196
7.632909 -0.014719 -13.172079
6.849928 -0.014719 -13.946973
6.224792 -0.014719 -14.681390
4.963710 -0.014719 -14.562281
3.962497 -0.014719 -14.741252
3.077889 -0.014719 -15.257232
2.059425 -0.014719 -15.499132
1.032144 -0.014719 -15.298612
0.000446 -0.014719 -14.802741
-0.987050 -0.014719 -15.221254
-2.944388 -0.014719 -15.399942
-3.739708 -0.014719 -14.905855
-4.688834 -0.014719 -14.396239
-5.682553 -0.014719 -14.347577
-6.556488 -0.014719 -14.429898
-7.428966 -0.014719 -13.187348
-8.569177 -0.014719 -12.712473
-9.509225 -0.014719 -12.421922
-10.237250 -0.014719 -11.774845
-10.648870 -0.014719 -10.944916
-11.028261 -0.014719 -10.043924
-12.451827 -0.014719 -9.546530
-13.291515 -0.014719 -8.786944
-13.632253 -0.014719 -7.740050
-14.130202 -0.014719 -6.738854
-15.271503 -0.014719 -5.929183
-15.112845 -0.014719 -5.070952
-15.162711 -0.014719 -4.043414
-15.663918 -0.014719 -3.157341
-16.127264 -0.014719 -2.224029
-16.058142 -0.014719 -1.168365
-15.300174 -0.014719 0.142624
-15.740237 -0.014719 1.031277
-15.878174 -0.014719 2.064118
-15.593243 -0.014719 3.088144
-15.041882 -0.014719 4.026700
-14.786721 -0.014719 5.047870
-15.062606 -0.014719 6.230827
-14.080503 -0.014719 6.920831
-13.338109 -0.014719 7.658812
-12.993195 -0.014719 8.663302
-12.469786 -0.014719 9.646940
-11.625864 -0.014719 10.177965
-10.642185 -0.014719 10.525430
-10.177945 -0.014719 11.681494
-9.546825 -0.014719 12.475366
-8.635478 -0.014719 12.887566
-7.569820 -0.014719 13.176866
-6.753987 -0.014719 13.858096
-6.019496 -0.014719 14.701170
-4.992238 -0.014719 14.519819
-3.971071 -0.014719 14.558108
-2.999151 -0.014719 15.048307
-2.051559 -0.014719 15.429724
-1.052193 -0.014719 15.300616
0.084182 -0.014719 14.755175
1.080988 -0.014719 15.154063
2.028149 -0.014719 15.365458
2.929349 -0.014719 15.314577
3.817372 -0.014719 14.939462
4.781723 -0.014719 14.514730
5.716540 -0.014719 14.573274
6.625512 -0.014719 14.569397
7.520241 -0.014719 13.418306
8.670442 -0.014719 12.959207
9.642404 -0.014719 12.631555
10.401253 -0.014719 11.859439
10.771600 -0.014719 10.676926
11.782120 -0.014719 10.337855
12.804405 -0.014719 9.641547
13.390024 -0.014719 8.747760
13.724048 -0.014719 7.644460
14.148116 -0.014719 7.078068
15.121353 -0.014719 6.473983
15.062816 -0.014719 5.554797
14.974705 -0.014719 4.513211
15.699476 -0.014719 3.339749
16.086574 -0.014719 2.452647
15.819926 -0.014719 1.118854
15.398312 -0.014719 0.227277
14.813798 -0.014719 -0.806747
15.053379 -0.014719 -1.842489
0.003007 -0.014719 -0.002853
14.669347 -0.014719 -2.910719
14.158684 -0.014719 -3.909754
14.409733 -0.014719 -5.448530
13.816558 -0.014719 -5.903834
13.109345 -0.014719 -6.497060
12.694644 -0.014719 -7.330367
12.474742 -0.014719 -8.319152
11.760431 -0.014719 -9.129814
10.429530 -0.014719 -9.534781
10.203743 -0.014719 -10.209809
9.765401 -0.014719 -11.077142
9.055228 -0.014719 -11.735353
8.032794 -0.014719 -12.044807
7.093840 -0.014719 -12.239795
6.366422 -0.014719 -12.959692
5.785649 -0.014719 -13.641996
4.614061 -0.014719 -13.531338
3.683897 -0.014719 -13.697606
2.862065 -0.014719 -14.176972
1.915876 -0.014719 -14.401710
0.961495 -0.014719 -14.215420
0.003010 -0.014719 -13.754738
-0.914408 -0.014719 -14.143547
-1.730189 -0.014719 -14.283641
-2.732845 -0.014719 -14.309558
-3.471725 -0.014719 -13.850527
-4.353499 -0.014719 -13.377080
-5.276695 -0.014719 -13.331875
-6.088612 -0.014719 -13.408350
-6.899176 -0.014719 -12.253973
-7.958473 -0.014719 -11.812805
-8.831808 -0.014719 -11.542873
-9.508173 -0.014719 -10.941707
-9.890582 -0.014719 -10.170677
-10.243053 -0.014719 -9.333625
-11.565593 -0.014719 -8.871528
-12.345693 -0.014719 -8.165849
-12.662247 -0.014719 -7.193243
-13.124863 -0.014719 -6.263097
-14.185171 -0.014719 -5.510886
-14.037776 -0.014719 -4.713557
-14.084101 -0.014719 -3.758936
-14.549739 -0.014719 -2.935744
-14.980208 -0.014719 -2.068664
-14.915987 -0.014719 -1.087915
-14.211809 -0.014719 0.130040
-14.620638 -0.014719 0.955630
-14.748786 -0.014719 1.915176
-14.484079 -0.014719 2.866533
-13.971846 -0.014719 3.738485
-13.734791 -0.014719 4.687185
-13.991096 -0.014719 5.786198
-13.078690 -0.014719 6.427235
-12.388984 -0.014719 7.112847
-12.068547 -0.014719 8.046052
-11.582278 -0.014719 8.959887
-10.798248 -0.014719 9.453227
-9.884371 -0.014719 9.776035
-9.453079 -0.014719 10.850059
-8.866743 -0.014719 11.587594
-8.020066 -0.014719 11.970539
-7.030033 -0.014719 12.239317
-6.272097 -0.014719 12.872200
-5.589731 -0.014719 13.655446
-4.635369 -0.014719 13.486965
-3.686669 -0.014719 13.522536
-2.783720 -0.014719 13.977948
-1.903375 -0.014719 14.332294
-0.974928 -0.014719 14.212348
0.080805 -0.014719 13.705619
1.006873 -0.014719 14.076200
1.886819 -0.014719 14.272596
2.724065 -0.014719 14.225322
3.549071 -0.014719 13.876827
4.444985 -0.014719 13.482236
5.313465 -0.014719 13.536622
6.157930 -0.014719 13.533027
6.989167 -0.014719 12.463619
8.057744 -0.014719 12.037097
8.960732 -0.014719 11.732703
9.665730 -0.014719 11.015377
10.009792 -0.014719 9.916780
10.948604 -0.014719 9.601776
11.898343 -0.014719 8.954877
12.442403 -0.014719 8.124514
12.752724 -0.014719 7.099512
13.146699 -0.014719 6.573311
14.050873 -0.014719 6.012097
13.996487 -0.014719 5.158140
13.914629 -0.014719 4.190470
14.587966 -0.014719 3.100282
14.947587 -0.014719 2.276134
14.699868 -0.014719 1.036992
14.308170 -0.014719 0.208685
-4.020105 0.062614 14.736655
-5.053766 0.062614 14.697898
-6.093595 0.062614 14.881472
-6.837071 0.062614 14.028073
-7.662884 0.062614 13.338519
-8.741579 0.062614 13.045674
-9.664081 0.062614 12.628435
-10.302927 0.062614 11.824850
-10.772843 0.062614 10.654641
-11.768558 0.062614 10.302925
-12.622810 0.062614 9.765398
-13.152618 0.062614 8.769729
-13.501757 0.062614 7.752946
-14.253228 0.062614 7.005934
-15.247349 0.062614 6.307487
-14.968092 0.062614 5.110056
-15.226366 0.062614 4.076394
-15.784477 0.062614 3.126353
-16.072890 0.062614 2.089798
-15.933266 0.062614 1.044320
-15.487819 0.062614 0.144793
-16.255074 0.062614 -1.182235
-16.325033 0.062614 -2.250816
-15.856018 0.062614 -3.195546
-15.348675 0.062614 -4.092459
-15.298208 0.062614 -5.132572
-15.458802 0.062614 -6.001306
-14.303537 0.062614 -6.820881
-13.799490 0.062614 -7.834329
-13.454588 0.062614 -8.894030
-12.604631 0.062614 -9.662910
-11.163642 0.062614 -10.166394
-10.779610 0.062614 -11.078410
-10.362953 0.062614 -11.918488
-9.626016 0.062614 -12.573483
-8.674471 0.062614 -12.867587
-7.520311 0.062614 -13.348274
-6.637154 0.062614 -14.606032
-5.752526 0.062614 -14.522704
-4.746654 0.062614 -14.571960
-3.785912 0.062614 -15.087807
-2.980861 0.062614 -15.587940
-0.999575 0.062614 -15.407065
0.000003 0.062614 -14.983436
1.044325 0.062614 -15.485375
2.084175 0.062614 -15.688348
3.115100 0.062614 -15.443483
4.010531 0.062614 -14.921186
5.023997 0.062614 -14.740029
6.300506 0.062614 -14.860591
6.933293 0.062614 -14.117194
7.725854 0.062614 -13.332823
8.748895 0.062614 -13.120368
9.862893 0.062614 -12.783205
10.636665 0.062614 -12.066049
11.114259 0.062614 -11.121037
11.360270 0.062614 -10.385561
12.810366 0.062614 -9.944323
13.588647 0.062614 -9.061070
13.828241 0.062614 -7.983727
14.280077 0.062614 -7.075797
15.050619 0.062614 -6.429441
15.696921 0.062614 -5.933365
15.423388 0.062614 -4.256784
15.979784 0.062614 -3.168280
16.398217 0.062614 -2.004385
16.137181 0.062614 -0.875887
15.586262 0.062614 0.230482
16.013039 0.062614 1.132968
16.282939 0.062614 2.483081
15.891115 0.062614 3.381036
15.157482 0.062614 4.568856
15.246666 0.062614 5.623188
15.305919 0.062614 6.553616
14.320774 0.062614 7.165092
13.891518 0.062614 7.738414
13.553407 0.062614 8.855211
12.960622 0.062614 9.759936
11.925830 0.062614 10.464771
10.902942 0.062614 10.807985
10.528068 0.062614 12.004971
9.759936 0.062614 12.786534
8.776079 0.062614 13.118191
7.611803 0.062614 13.582909
6.706127 0.062614 14.748082
5.786035 0.062614 14.752007
4.839779 0.062614 14.692747
3.863632 0.062614 15.122669
2.964743 0.062614 15.502375
2.052516 0.062614 15.553883
1.093767 0.062614 15.339906
0.084765 0.062614 14.936129
-1.065515 0.062614 15.488247
-2.077108 0.062614 15.618931
-3.036293 0.062614 15.232856
14.656024 0.532378 -0.798504
14.893041 0.532378 -1.823187
14.513113 0.532378 -2.880011
14.007898 0.532378 -3.868380
14.256270 0.532378 -5.390726
13.669420 0.532378 -5.841166
12.969761 0.532378 -6.428062
12.559489 0.532378 -7.252469
12.341939 0.532378 -8.230696
11.635253 0.532378 -9.032699
10.318562 0.532378 -9.433347
10.095185 0.532378 -10.101165
9.661525 0.532378 -10.959243
8.958935 0.532378 -11.610426
7.947417 0.532378 -11.916572
7.018487 0.532378 -12.109477
6.298837 0.532378 -12.821690
5.724264 0.532378 -13.496704
4.565184 0.532378 -13.387233
3.644954 0.532378 -13.551726
2.831897 0.532378 -14.025976
1.895810 0.532378 -14.248307
0.951620 0.532378 -14.064007
0.003369 0.532378 -13.608241
-0.904254 0.532378 -13.992912
-2.703275 0.532378 -14.157142
-3.434267 0.532378 -13.703015
-4.306623 0.532378 -13.234621
-5.219965 0.532378 -13.189894
-6.023211 0.532378 -13.265561
-6.825122 0.532378 -12.123502
-7.873111 0.532378 -11.687044
-8.737117 0.532378 -11.419996
-9.406265 0.532378 -10.825248
-9.784589 0.532378 -10.062458
-10.133291 0.532378 -9.234336
-11.441711 0.532378 -8.777179
-12.213485 0.532378 -8.079027
-12.526659 0.532378 -7.116809
-12.984338 0.532378 -6.196597
-14.033327 0.532378 -5.452416
-13.887495 0.532378 -4.663603
-13.933329 0.532378 -3.719172
-14.394004 0.532378 -2.904769
-14.819868 0.532378 -2.046949
-14.756334 0.532378 -1.076669
-14.059674 0.532378 0.128281
-14.464141 0.532378 0.945056
-14.590919 0.532378 1.894357
-14.329040 0.532378 2.835555
-13.822274 0.532378 3.698196
-13.587753 0.532378 4.636767
-13.841319 0.532378 5.724046
-12.938657 0.532378 6.358240
-12.256310 0.532378 7.036529
-11.939297 0.532378 7.959771
-11.458223 0.532378 8.863850
-10.682558 0.532378 9.351921
-9.778442 0.532378 9.671286
-9.351752 0.532378 10.733842
-8.771679 0.532378 11.463503
-7.934044 0.532378 11.842357
-6.954584 0.532378 12.108263
-6.204738 0.532378 12.734385
-5.529656 0.532378 13.509274
-4.585488 0.532378 13.342591
-3.646915 0.532378 13.377787
-2.753608 0.532378 13.828333
-1.882662 0.532378 14.178897
-0.964128 0.532378 14.060231
0.080332 0.532378 13.558910
0.996513 0.532378 13.925539
1.867064 0.532378 14.119831
2.695371 0.532378 14.073065
3.511567 0.532378 13.728288
4.397917 0.532378 13.337917
5.257122 0.532378 13.391719
6.092572 0.532378 13.388163
6.914930 0.532378 12.330175
7.972102 0.532378 11.908209
8.865446 0.532378 11.607055
9.562921 0.532378 10.897394
9.903306 0.532378 9.810525
10.832093 0.532378 9.498882
11.771687 0.532378 8.858888
12.309952 0.532378 8.037395
12.616950 0.532378 7.023340
13.006715 0.532378 6.502759
13.901239 0.532378 5.947534
13.847437 0.532378 5.102694
13.766449 0.532378 4.145359
14.432601 0.532378 3.066808
14.788384 0.532378 2.251461
14.543314 0.532378 1.025550
14.155788 0.532378 0.206086
11.021051 0.532378 -0.608593
0.011625 0.532378 -0.011028
11.199143 0.532378 -1.378500
10.913674 0.532378 -2.172555
10.534073 0.532378 -2.915176
10.720698 0.532378 -4.059007
10.279761 0.532378 -4.397449
9.754058 0.532378 -4.838418
9.445797 0.532378 -5.457848
9.282342 0.532378 -6.192848
8.751367 0.532378 -6.795442
7.762055 0.532378 -7.096473
7.594220 0.532378 -7.598242
7.268386 0.532378 -8.242969
6.740485 0.532378 -8.732241
5.980470 0.532378 -8.962265
5.282511 0.532378 -9.107209
4.741794 0.532378 -9.642340
4.310083 0.532378 -10.149521
3.439195 0.532378 -10.067271
2.747770 0.532378 -10.190859
2.136872 0.532378 -10.547192
1.433533 0.532378 -10.714240
0.724106 0.532378 -10.575766
0.011628 0.532378 -10.233321
-0.670324 0.532378 -10.522347
-1.276726 0.532378 -10.626477
-2.022037 0.532378 -10.645744
-2.571276 0.532378 -10.304536
-3.226730 0.532378 -9.952602
-3.912977 0.532378 -9.918996
-4.516507 0.532378 -9.975845
-5.119031 0.532378 -9.117750
-5.906448 0.532378 -8.789814
-6.555627 0.532378 -8.589160
-7.058398 0.532378 -8.142293
-7.342655 0.532378 -7.569161
-7.604657 0.532378 -6.946943
-8.587752 0.532378 -6.603453
-9.167631 0.532378 -6.078889
-9.402938 0.532378 -5.355916
-9.746824 0.532378 -4.664507
-10.534988 0.532378 -4.105358
-10.425420 0.532378 -3.512674
-10.459856 0.532378 -2.803067
-10.805984 0.532378 -2.191158
-11.125968 0.532378 -1.546625
-11.078230 0.532378 -0.817596
-10.554781 0.532378 0.087756
-10.858688 0.532378 0.701449
-10.953946 0.532378 1.414716
-10.757173 0.532378 2.121894
-10.376411 0.532378 2.770049
-10.200197 0.532378 3.475254
-10.390724 0.532378 4.292192
-9.712499 0.532378 4.768702
-9.199806 0.532378 5.278339
-8.961619 0.532378 5.972027
-8.600155 0.532378 6.651314
-8.017351 0.532378 7.018032
-7.338039 0.532378 7.257993
-7.017442 0.532378 8.056352
-6.581596 0.532378 8.604596
-5.952230 0.532378 8.889248
-5.216302 0.532378 9.089041
-4.652896 0.532378 9.559482
-4.145668 0.532378 10.141701
-3.436256 0.532378 10.016463
-2.731050 0.532378 10.042914
-2.059856 0.532378 10.381438
-1.405461 0.532378 10.644832
-0.715311 0.532378 10.555673
0.069456 0.532378 10.179002
0.757837 0.532378 10.454469
1.411935 0.532378 10.600450
2.034292 0.532378 10.565314
2.647550 0.532378 10.306267
3.313517 0.532378 10.012953
3.959089 0.532378 10.053379
4.586814 0.532378 10.050709
5.204702 0.532378 9.255780
5.999017 0.532378 8.938730
6.670242 0.532378 8.712454
7.194297 0.532378 8.179236
7.450048 0.532378 7.362614
8.147901 0.532378 7.128455
8.853879 0.532378 6.647589
9.258309 0.532378 6.030352
9.488976 0.532378 5.268431
9.781827 0.532378 4.877287
10.453940 0.532378 4.460111
10.413513 0.532378 3.825334
10.352660 0.532378 3.106029
10.853183 0.532378 2.295650
11.120502 0.532378 1.683030
10.936363 0.532378 0.761928
10.645198 0.532378 0.146216
-1.856063 -0.014719 -15.276715
-2.142691 -0.014719 -15.566280
-1.482885 -0.014719 -15.456850
-1.856052 0.062614 -15.276827
-2.139552 0.062614 -15.566199
-1.485334 0.062614 -15.458814
-1.841372 0.751396 -15.103972
-2.109352 0.751396 -15.303500
-1.580050 0.751396 -15.209899
-1.808366 0.899945 -14.907627
-2.062944 0.899945 -14.932887
-1.553789 0.899945 -14.882365
-1.772580 0.751397 -14.602594
-2.025407 0.751396 -14.627531
-1.519752 0.751397 -14.577660
-1.754453 0.532378 -14.456349
-1.501016 0.532378 -14.431353
-2.007890 0.532378 -14.481342
-1.856943 0.392724 -15.267754
-2.140633 0.392724 -15.566228
-1.484492 0.392724 -15.458136
-1.822330 -0.014719 -15.012092
-2.118445 -0.014719 -15.378595
-1.847947 -0.014719 -15.178621
-1.547657 -0.014719 -15.276780
-1.680493 0.532378 -13.882839
-1.453344 0.532378 -14.087202
-1.708985 0.532378 -14.112627
-1.964627 0.532378 -14.138050
