-21.418443 13.987259 -4.260392
-20.478925 12.718277 -4.073511
-20.478925 12.718275 4.073512
-17.361195 12.718275 11.600382
-18.157681 13.987257 12.132574
-17.656572 14.441685 11.797745
-19.265102 10.151793 3.832066
-19.265102 10.151794 -3.832066
-18.543155 7.593689 -3.688464
-18.543155 7.593688 3.688463
-15.720129 7.593688 10.503857
-16.332162 10.151793 10.912803
-18.105690 6.386135 -3.601447
-18.105690 6.386134 3.601445
-15.349265 6.386134 10.256052
-12.037019 1.815513 2.394312
-13.376686 3.907633 2.660788
-13.376686 3.907634 -2.660790
-12.037019 1.815514 -2.394315
-8.376713 0.207429 -1.666234
-8.376715 0.207428 1.666231
-7.101434 0.207428 4.745026
-10.204491 1.815513 6.818425
-11.340204 3.907633 7.577284
-11.600377 12.718275 17.361195
-12.132571 13.987257 18.157681
-11.797740 14.441685 17.656575
-10.912797 10.151793 16.332164
-10.503851 7.593688 15.720132
-10.256044 6.386134 15.349268
-4.745024 0.207428 7.101435
-6.818420 1.815513 10.204494
-7.577281 3.907633 11.340207
-4.073509 12.718275 20.478928
-4.260392 13.987257 21.418446
-4.142815 14.441685 20.827348
-3.832064 10.151793 19.265100
-3.688459 7.593688 18.543158
-3.601442 6.386134 18.105693
-1.666230 0.207427 8.376713
-2.394308 1.815513 12.037021
-2.660786 3.907634 13.376685
4.073513 12.718275 20.478926
4.260394 13.987257 21.418443
4.142817 14.441685 20.827347
3.832068 10.151793 19.265097
3.688465 7.593688 18.543155
3.601448 6.386134 18.105690
1.666233 0.207427 8.376711
2.394314 1.815513 12.037019
2.660790 3.907634 13.376683
11.600385 12.718275 17.361192
12.132579 13.987257 18.157678
11.797749 14.441685 17.656569
10.912806 10.151793 16.332158
10.503859 7.593688 15.720126
10.256054 6.386134 15.349260
4.745028 0.207428 7.101432
6.818427 1.815513 10.204490
7.577287 3.907633 11.340203
17.361200 12.718275 11.600381
18.157683 13.987257 12.132571
17.656573 14.441685 11.797742
16.332166 10.151793 10.912800
15.720134 7.593688 10.503853
15.349266 6.386134 10.256048
7.101435 0.207428 4.745024
10.204495 1.815512 6.818422
11.340208 3.907633 7.577280
20.478928 12.718275 4.073512
21.418445 13.987257 4.260394
20.827347 14.441685 4.142818
19.265099 10.151793 3.832067
18.543159 7.593688 3.688463
18.105692 6.386134 3.601445
8.376712 0.207428 1.666230
12.037019 1.815513 2.394311
13.376685 3.907633 2.660787
20.478928 12.718277 -4.073512
21.418445 13.987259 -4.260393
20.827347 14.441687 -4.142816
19.265099 10.151794 -3.832067
18.543159 7.593689 -3.688464
18.105692 6.386135 -3.601447
8.376712 0.207429 -1.666233
12.037019 1.815514 -2.394313
13.376685 3.907634 -2.660789
-18.157681 13.987260 -12.132571
-17.361195 12.718279 -11.600379
-17.656572 14.441690 -11.797742
-16.332162 10.151797 -10.912803
-15.720129 7.593691 -10.503857
-15.349265 6.386138 -10.256052
-15.025984 5.957515 -10.040043
-17.724358 5.957512 -3.525595
-17.724358 5.957512 3.525594
-10.204491 1.815515 -6.818427
-7.101434 0.207430 -4.745030
-11.340204 3.907636 -7.577286
-12.132571 13.987263 -18.157681
-11.600377 12.718281 -17.361198
-11.797740 14.441692 -17.656573
-10.912799 10.151798 -16.332164
-10.503851 7.593693 -15.720132
-10.256048 6.386139 -15.349268
-10.040037 5.957516 -15.025989
-6.818420 1.815516 -10.204496
-4.745024 0.207430 -7.101437
-7.577281 3.907637 -11.340208
-4.260390 13.987263 -21.418445
-4.073509 12.718282 -20.478931
-4.142813 14.441692 -20.827348
-3.832064 10.151800 -19.265103
-3.688459 7.593694 -18.543163
-3.601442 6.386140 -18.105696
-3.525590 5.957517 -17.724361
-2.394308 1.815517 -12.037022
-1.666229 0.207431 -8.376715
-2.660786 3.907637 -13.376688
4.260394 13.987263 -21.418443
4.073513 12.718282 -20.478929
4.142817 14.441693 -20.827345
3.832068 10.151800 -19.265100
3.688465 7.593694 -18.543158
3.601448 6.386140 -18.105693
3.525596 5.957517 -17.724359
2.394315 1.815517 -12.037020
1.666233 0.207431 -8.376714
2.660790 3.907637 -13.376686
12.132579 13.987263 -18.157677
11.600385 12.718281 -17.361195
11.797749 14.441692 -17.656567
10.912807 10.151798 -16.332159
10.503859 7.593693 -15.720129
10.256054 6.386139 -15.349261
10.040045 5.957516 -15.025983
6.818427 1.815516 -10.204491
4.745028 0.207430 -7.101434
7.577287 3.907637 -11.340205
18.157683 13.987260 -12.132569
17.361200 12.718279 -11.600378
17.656573 14.441689 -11.797739
16.332166 10.151797 -10.912800
15.720134 7.593691 -10.503852
15.349266 6.386138 -10.256048
15.025987 5.957515 -10.040039
10.204495 1.815515 -6.818424
7.101435 0.207430 -4.745028
11.340208 3.907636 -7.577282
17.724358 5.957512 -3.525594
17.724358 5.957512 3.525593
-20.068346 14.062402 2.660759
-20.068346 14.062404 -2.660757
-15.447963 10.631475 10.322000
-18.026297 10.225412 3.624604
-11.429251 6.659129 11.429254
-3.932835 6.659129 13.751587
2.172048 6.659130 5.243784
-2.172046 6.659132 -5.243787
-13.751588 6.659132 -3.932840
-10.321996 10.631475 15.447964
-3.624601 10.631475 18.222116
3.624606 10.631475 18.222113
10.322003 10.631475 15.447958
11.429253 6.659129 11.429250
13.751588 6.659130 3.932838
15.447966 10.631475 10.321996
18.222115 10.631475 3.624604
18.222115 10.631476 -3.624604
-18.026297 10.225414 -3.624604
-15.447963 10.631478 -10.322000
-10.321996 10.631480 -15.447966
-11.429251 6.659133 -11.429253
-3.624601 10.631481 -18.222119
3.932841 6.659134 -13.751587
3.624606 10.631481 -18.222116
10.322003 10.631480 -15.447961
11.429253 6.659133 -11.429249
15.447966 10.631479 -10.321998
-16.374355 5.141360 -3.257063
-16.374352 5.141359 3.257061
-13.881505 5.141359 9.275327
-15.025984 5.957512 10.040044
-9.275323 5.141359 13.881506
-10.040037 5.957512 15.025987
-3.257057 5.141359 16.374353
-3.525590 5.957512 17.724358
3.257063 5.141359 16.374352
3.525596 5.957512 17.724356
9.275329 5.141359 13.881502
10.040045 5.957512 15.025981
13.881506 5.141359 9.275323
15.025987 5.957512 10.040040
16.374352 5.141359 3.257059
16.374352 5.141360 -3.257062
-13.881503 5.141362 -9.275327
-9.275321 5.141365 -13.881508
-3.257057 5.141365 -16.374355
3.257063 5.141365 -16.374353
9.275329 5.141365 -13.881502
13.881506 5.141362 -9.275322
-21.842166 13.987257 0.000001
-21.529178 14.271091 4.282420
-21.208215 13.650478 4.218576
-20.179532 13.987257 8.358635
-19.646223 10.151793 0.000000
-19.731805 11.701734 3.924900
-18.830367 8.602396 3.745592
-18.150743 10.151793 7.518284
-18.909996 7.593688 -0.000000
-18.295699 6.807644 3.639240
-17.470560 7.593688 7.236543
-12.275149 1.815513 -0.000001
-11.664696 3.243593 2.320252
-12.258504 0.418894 2.438367
-11.340757 1.815513 4.697496
-18.251558 14.271091 12.195300
-17.979460 13.650478 12.013493
-15.444743 13.987257 15.444745
-19.294357 12.718275 7.991985
-16.727818 11.701734 11.177173
-14.767261 12.718275 14.767264
-15.963614 8.602396 10.666547
-13.891972 10.151793 13.891978
-15.510344 6.807643 10.363682
-13.371385 7.593688 13.371390
-9.888851 3.243593 6.607520
-10.392254 0.418894 6.943885
-8.679838 1.815512 8.679843
-12.195296 14.271091 18.251559
-12.013487 13.650478 17.979460
-8.358633 13.987257 20.179533
-11.177165 11.701734 16.727820
-7.991982 12.718275 19.294359
-10.666541 8.602396 15.963615
-7.518279 10.151793 18.150745
-10.363676 6.807643 15.510347
-7.236538 7.593688 17.470563
-6.607516 3.243593 9.888853
-6.943880 0.418894 10.392258
-4.697491 1.815513 11.340760
-4.282418 14.271092 21.529181
-4.218575 13.650478 21.208218
0.000000 13.987257 21.842168
-3.924897 11.701734 19.731805
0.000000 12.718275 20.884062
-3.745589 8.602396 18.830365
0.000000 10.151793 19.646220
-3.639237 6.807643 18.295699
0.000002 7.593688 18.909996
-2.320250 3.243593 11.664696
-2.438364 0.418894 12.258503
0.000002 1.815513 12.275148
4.282421 14.271092 21.529181
4.218579 13.650478 21.208217
8.358639 13.987257 20.179529
3.924901 11.701734 19.731802
7.991988 12.718275 19.294356
3.745594 8.602396 18.830362
7.518287 10.151793 18.150739
3.639243 6.807643 18.295697
7.236546 7.593688 17.470558
2.320254 3.243593 11.664694
2.438371 0.418894 12.258501
4.697498 1.815512 11.340759
12.195305 14.271091 18.251553
12.013496 13.650478 17.979454
15.444748 13.987257 15.444740
11.177174 11.701734 16.727814
14.767267 12.718275 14.767261
10.666550 8.602396 15.963609
13.891982 10.151793 13.891972
10.363685 6.807643 15.510341
13.371391 7.593688 13.371384
6.607522 3.243593 9.888848
6.943887 0.418894 10.392255
8.679844 1.815512 8.679838
18.251559 14.271091 12.195299
17.979462 13.650478 12.013490
20.179530 13.987257 8.358636
16.727820 11.701734 11.177168
19.294360 12.718275 7.991986
15.963615 8.602396 10.666544
18.150743 10.151793 7.518284
15.510347 6.807643 10.363678
17.470561 7.593688 7.236542
9.888852 3.243593 6.607516
10.392258 0.418894 6.943881
11.340759 1.815513 4.697494
21.529179 14.271091 4.282420
21.208218 13.650478 4.218578
21.842168 13.987259 0.000001
19.731807 11.701734 3.924901
20.884064 12.718275 0.000000
18.830367 8.602396 3.745592
19.646222 10.151793 0.000000
18.295700 6.807643 3.639240
18.909999 7.593688 -0.000000
11.664696 3.243593 2.320251
12.258502 0.418894 2.438366
12.275149 1.815513 -0.000001
-20.884061 12.718275 0.000000
-21.208215 13.650479 -4.218576
-20.179532 13.987260 -8.358633
-21.529178 14.271092 -4.282418
-18.830367 8.602397 -3.745593
-18.150743 10.151795 -7.518283
-19.731805 11.701736 -3.924899
-17.940588 6.150136 -3.568606
-17.058400 6.386137 -7.065821
-18.463875 6.386135 -0.000001
-18.295699 6.807645 -3.639241
-12.258502 0.418895 -2.438371
-11.340757 1.815514 -4.697499
-11.664696 3.243594 -2.320254
-17.979460 13.650482 -12.013490
-15.444743 13.987262 -15.444745
-18.251558 14.271095 -12.195297
-16.727818 11.701739 -11.177169
-14.767261 12.718281 -14.767264
-19.294357 12.718279 -7.991983
-15.963614 8.602400 -10.666546
-13.891975 10.151797 -13.891980
-15.209297 6.150138 -10.162529
-13.055931 6.386139 -13.055936
-15.510344 6.807647 -10.363682
-10.392254 0.418897 -6.943887
-8.679838 1.815515 -8.679845
-9.888851 3.243595 -6.607522
-12.013487 13.650485 -17.979463
-8.358633 13.987263 -20.179532
-12.195296 14.271097 -18.251559
-11.177165 11.701740 -16.727820
-7.991982 12.718281 -19.294362
-10.666541 8.602402 -15.963617
-7.518279 10.151800 -18.150748
-10.162523 6.150139 -15.209302
-7.065815 6.386140 -17.058403
-10.363678 6.807648 -15.510349
-6.943880 0.418898 -10.392260
-4.697491 1.815517 -11.340762
-6.607516 3.243596 -9.888854
-4.218575 13.650485 -21.208221
0.000000 13.987263 -21.842168
-4.282418 14.271098 -21.529179
-3.924897 11.701742 -19.731808
0.000000 12.718283 -20.884065
-3.745589 8.602402 -18.830368
0.000000 10.151800 -19.646223
-3.568602 6.150140 -17.940596
0.000002 6.386140 -18.463881
-3.639237 6.807649 -18.295702
-2.438364 0.418898 -12.258504
0.000002 1.815517 -12.275150
-2.320250 3.243597 -11.664697
4.218579 13.650485 -21.208220
8.358639 13.987263 -20.179527
4.282421 14.271098 -21.529179
3.924901 11.701742 -19.731805
7.991988 12.718281 -19.294359
3.745594 8.602402 -18.830365
7.518287 10.151800 -18.150742
3.568608 6.150140 -17.940594
7.065823 6.386140 -17.058398
3.639241 6.807649 -18.295702
2.438371 0.418898 -12.258503
4.697499 1.815516 -11.340760
2.320254 3.243597 -11.664696
12.013496 13.650485 -17.979457
15.444748 13.987263 -15.444739
12.195305 14.271097 -18.251553
11.177174 11.701740 -16.727814
14.767267 12.718281 -14.767259
10.666550 8.602402 -15.963611
13.891982 10.151797 -13.891974
10.162532 6.150139 -15.209296
13.055937 6.386139 -13.055930
10.363685 6.807648 -15.510342
6.943887 0.418898 -10.392257
8.679844 1.815515 -8.679839
6.607522 3.243596 -9.888850
17.979462 13.650482 -12.013487
20.179530 13.987260 -8.358634
18.251559 14.271094 -12.195296
16.727820 11.701739 -11.177166
19.294360 12.718279 -7.991985
15.963615 8.602400 -10.666543
18.150743 10.151795 -7.518283
15.209300 6.150138 -10.162524
17.058400 6.386137 -7.065820
15.510347 6.807647 -10.363677
10.392258 0.418897 -6.943884
11.340759 1.815514 -4.697497
9.888852 3.243595 -6.607518
21.208218 13.650479 -4.218576
21.529179 14.271092 -4.282419
19.731807 11.701736 -3.924900
18.830367 8.602397 -3.745593
17.940590 6.150136 -3.568606
18.463878 6.386134 -0.000001
18.295700 6.807645 -3.639241
12.258502 0.418895 -2.438369
11.664696 3.243594 -2.320253
-21.239377 14.441685 0.000001
-20.114603 14.558089 3.914522
-19.622626 14.441685 8.127956
-17.119133 10.529960 7.111255
-13.827672 6.917332 9.485867
-16.950601 14.335080 11.326028
-13.139885 10.631475 13.139886
-15.018503 14.441685 15.018507
-9.485861 6.917332 13.827672
-11.326025 14.335080 16.950601
-7.111250 10.631475 17.168089
-8.127953 14.441685 19.622627
-3.325752 6.917332 16.328394
-3.977170 14.335080 19.994597
0.000001 10.631475 18.582603
0.000000 14.441685 21.239375
2.814488 6.917332 16.328392
3.977173 14.335080 19.994594
7.111258 10.631475 17.168085
8.127960 14.441685 19.622623
9.485870 6.917332 13.827667
11.326032 14.335080 16.950595
13.139890 10.631475 13.139880
15.018510 14.441685 15.018501
13.827672 6.917332 9.485863
16.950601 14.335078 11.326027
17.168089 10.631475 7.111255
19.622624 14.441685 8.127957
16.328391 6.917332 3.325754
19.994595 14.335080 3.977172
18.582605 10.631475 0.000000
21.239374 14.441685 0.000001
-19.360245 12.967801 3.566909
-18.288879 10.022380 0.000000
-16.315666 6.890938 2.814486
-19.622626 14.441689 -8.127955
-20.114603 14.558090 -3.914521
-16.950601 14.335083 -11.326026
-13.139885 10.631479 -13.139886
-17.119133 10.529961 -7.111254
-13.827672 6.917335 -9.485866
-15.018503 14.441692 -15.018506
-11.326025 14.335083 -16.950601
-7.111250 10.631480 -17.168091
-9.485861 6.917336 -13.827673
-8.127951 14.441692 -19.622626
-3.977170 14.335086 -19.994595
0.000001 10.631481 -18.582607
-2.814484 6.917337 -16.328395
0.000000 14.441693 -21.239374
3.977173 14.335086 -19.994594
7.111258 10.631481 -17.168085
3.325757 6.917337 -16.328392
8.127960 14.441692 -19.622621
11.326032 14.335083 -16.950595
13.139890 10.631479 -13.139883
9.485870 6.917336 -13.827667
15.018510 14.441692 -15.018501
16.950601 14.335083 -11.326024
17.168089 10.631477 -7.111254
13.827672 6.917335 -9.485863
19.622624 14.441689 -8.127956
19.994595 14.335080 -3.977172
16.328391 6.917333 -2.814486
-19.360245 12.967801 -3.566909
-16.315666 6.890939 -3.325755
-9.542780 6.659132 -4.597961
-11.857082 6.659132 -9.402397
-18.074998 5.957512 -0.000001
-17.940588 6.150134 3.568605
-17.276830 5.658782 3.436575
-16.699123 5.957512 6.917003
-7.453912 0.176698 -0.000002
-6.886516 0.176698 2.852488
-15.209297 6.150134 10.162530
-14.646590 5.658782 9.786540
-12.780950 5.957512 12.780959
-5.270710 0.176698 5.270711
-10.162523 6.150134 15.209300
-9.786533 5.658782 14.646591
-6.916998 5.957512 16.699126
-2.852485 0.176698 6.886517
-3.568602 6.150134 17.940591
-3.436573 5.658782 17.276831
0.000002 5.957512 18.074998
0.000000 0.176698 7.453911
3.568608 6.150134 17.940588
3.436577 5.658782 17.276828
6.917006 5.957512 16.699121
2.852490 0.176698 6.886514
10.162532 6.150134 15.209294
9.786542 5.658782 14.646587
12.780959 5.957512 12.780950
5.270713 0.176698 5.270708
15.209300 6.150134 10.162524
14.646591 5.658782 9.786536
16.699123 5.957512 6.917001
6.886517 0.176698 2.852486
17.940590 6.150134 3.568604
17.276830 5.658782 3.436574
18.075000 5.957512 -0.000001
7.453912 0.176698 -0.000002
-12.602933 3.907635 -5.220308
-13.641318 3.907634 -0.000001
-15.059961 4.519544 -2.995613
-6.886516 0.176699 -2.852491
-9.645865 3.907637 -9.645869
-12.767216 4.519546 -8.530784
-5.270710 0.176700 -5.270715
-5.220303 3.907637 -12.602935
-8.530779 4.519547 -12.767218
-2.852485 0.176700 -6.886519
0.000000 3.907638 -13.641318
-2.995610 4.519548 -15.059959
0.000002 0.176700 -7.453913
5.220309 3.907637 -12.602934
2.995614 4.519548 -15.059958
2.852490 0.176700 -6.886517
9.645871 3.907636 -9.645866
8.530785 4.519547 -12.767214
5.270713 0.176700 -5.270712
12.602934 3.907635 -5.220306
12.767219 4.519546 -8.530780
6.886517 0.176699 -2.852490
13.641316 3.907634 -0.000001
15.059959 4.519544 -2.995613
-20.267702 13.927049 0.000001
-9.402395 6.659129 11.857085
-2.743999 6.659130 10.310717
11.857086 6.659129 9.402396
9.542783 6.659130 4.597959
0.000001 6.659131 -0.000001
9.402399 6.659133 -11.857083
2.744004 6.659133 -10.310719
-15.059961 4.519543 2.995612
-12.602933 3.907633 5.220306
-12.767216 4.519543 8.530782
-9.645865 3.907633 9.645868
-8.530779 4.519543 12.767219
-5.220303 3.907633 12.602934
-2.995610 4.519543 15.059958
0.000000 3.907633 13.641315
2.995614 4.519543 15.059958
5.220309 3.907634 12.602932
8.530785 4.519543 12.767215
9.645871 3.907633 9.645864
12.767219 4.519543 8.530779
12.602934 3.907633 5.220304
15.059959 4.519543 2.995611
-16.698288 5.141359 -0.000001
-17.276830 5.658783 -3.436576
-15.427206 5.141362 -6.390159
-14.646590 5.658785 -9.786539
-11.807469 5.141364 -11.807473
-9.786533 5.658787 -14.646593
-6.390153 5.141365 -15.427208
-3.436573 5.658788 -17.276834
0.000002 5.141365 -16.698288
3.436577 5.658788 -17.276831
6.390160 5.141365 -15.427205
9.786542 5.658787 -14.646587
11.807475 5.141364 -11.807468
14.646591 5.658785 -9.786535
15.427206 5.141362 -6.390157
17.276830 5.658783 -3.436575
16.698286 5.141359 -0.000001
-15.427205 5.141359 6.390157
-11.807469 5.141359 11.807474
-6.390153 5.141359 15.427206
0.000002 5.141359 16.698286
6.390160 5.141359 15.427203
11.807475 5.141359 11.807468
15.427206 5.141359 6.390155
-16.699123 5.957513 -6.917004
-12.780950 5.957515 -12.780958
-6.916998 5.957516 -16.699127
0.000002 5.957517 -18.075002
6.917006 5.957516 -16.699123
12.780959 5.957515 -12.780950
16.699123 5.957513 -6.917003
-17.058400 6.386134 7.065820
-13.055931 6.386134 13.055936
-7.065813 6.386134 17.058401
0.000002 6.386134 18.463876
7.065823 6.386134 17.058397
13.055937 6.386134 13.055928
17.058400 6.386134 7.065819
-17.470560 7.593690 -7.236544
-13.371385 7.593692 -13.371390
-7.236538 7.593694 -17.470566
0.000002 7.593694 -18.910001
7.236546 7.593694 -17.470561
13.371391 7.593692 -13.371385
17.470561 7.593690 -7.236543
18.657645 6.807644 -0.000001
-7.139964 6.807643 17.237419
-17.237418 6.807645 -7.139973
-7.139964 6.807649 -17.237421
-13.192946 6.807648 -13.192950
-13.192947 6.807643 13.192949
13.192950 6.807644 13.192941
7.139975 6.807643 17.237413
-18.657642 6.807644 -0.000001
-17.237418 6.807644 7.139971
17.237416 6.807643 7.139970
0.000000 6.807643 18.657643
0.000001 6.807649 -18.657648
7.139974 6.807649 -17.237415
13.192950 6.807648 -13.192944
17.237416 6.807645 -7.139970
-19.576295 12.680173 0.000000
16.277481 5.658785 -6.742352
-17.618616 5.658783 -0.000001
-16.277483 5.658782 6.742354
-0.000001 0.000000 -0.000002
-12.458244 5.658782 12.458246
-6.742348 5.658782 16.277484
0.000002 5.658782 17.618619
6.742356 5.658782 16.277478
12.458248 5.658782 12.458241
16.277481 5.658782 6.742352
17.618619 5.658782 -0.000001
-15.357893 4.519543 -0.000001
-14.188841 4.519545 -5.877212
-10.859664 4.519547 -10.859669
-5.877204 4.519548 -14.188844
0.000001 4.519548 -15.357892
5.877213 4.519548 -14.188841
10.859672 4.519547 -10.859665
14.188841 4.519545 -5.877211
15.357890 4.519544 -0.000001
-14.188841 4.519544 5.877210
-10.859668 4.519543 10.859671
-5.877208 4.519543 14.188843
0.000000 4.519543 15.357890
5.877213 4.519543 14.188841
10.859671 4.519543 10.859665
14.188841 4.519543 5.877208
-16.277480 5.658785 -6.742355
-12.458244 5.658786 -12.458245
-6.742348 5.658788 -16.277484
0.000003 5.658788 -17.618622
6.742356 5.658788 -16.277480
12.458248 5.658786 -12.458241
15.524599 14.271091 15.524590
14.228522 11.701734 14.228514
13.578496 8.602396 13.578488
8.789523 0.416897 8.789518
8.411362 3.243593 8.411356
19.981465 13.650478 8.276595
20.283862 14.271091 8.401850
18.590456 11.701734 7.700418
17.741156 8.602396 7.348627
11.484063 0.416897 4.756852
10.989972 3.243593 4.552193
21.627785 13.650478 0.000001
21.955093 14.271091 0.000001
20.122163 11.701734 0.000000
19.202890 8.602397 -0.000000
12.430260 0.416898 -0.000002
11.895459 3.243593 -0.000001
-19.981468 13.650481 -8.276592
-20.283861 14.271094 -8.401848
-17.741158 8.602399 -7.348627
-18.590454 11.701737 -7.700417
-16.902846 6.150137 -7.001390
-18.295509 6.150135 -0.000001
-11.484061 0.416899 -4.756858
-10.989972 3.243594 -4.552198
-15.293150 13.650482 -15.293150
-15.524593 14.271097 -15.524596
-14.228516 11.701740 -14.228517
-13.578490 8.602400 -13.578496
-12.936879 6.150138 -12.936884
-8.789519 0.416900 -8.789524
-8.411359 3.243595 -8.411362
-8.276592 13.650485 -19.981467
-8.401847 14.271098 -20.283862
-7.700413 11.701740 -18.590457
-7.348624 8.602402 -17.741159
-7.001382 6.150140 -16.902852
-4.756850 0.416901 -11.484066
-4.552191 3.243596 -10.989973
0.000001 13.650485 -21.627786
0.000001 14.271098 -21.955092
0.000001 11.701742 -20.122165
0.000001 8.602402 -19.202892
0.000001 6.150140 -18.295514
0.000002 0.416901 -12.430261
0.000002 3.243597 -11.895460
8.276598 13.650485 -19.981464
8.401853 14.271098 -20.283858
7.700421 11.701740 -18.590453
7.348631 8.602402 -17.741153
7.001392 6.150139 -16.902847
-21.955093 14.271091 0.000001
4.756858 0.416901 -11.484062
4.552197 3.243596 -10.989970
15.293156 13.650482 -15.293147
15.524599 14.271097 -15.524588
14.228522 11.701739 -14.228513
13.578496 8.602400 -13.578490
12.936884 6.150138 -12.936876
-21.627782 13.650478 0.000001
8.789523 0.416900 -8.789520
8.411362 3.243596 -8.411359
19.981468 13.650481 -8.276593
20.283862 14.271094 -8.401849
18.590456 11.701737 -7.700418
17.741156 8.602399 -7.348627
16.902849 6.150137 -7.001388
-19.981468 13.650478 8.276594
11.484063 0.416899 -4.756856
10.989972 3.243594 -4.552195
18.295511 6.150135 -0.000001
-20.499684 14.549290 0.000001
-18.910806 14.405080 7.688695
-14.880901 6.741286 6.282208
-14.418013 14.335078 14.418015
-11.927165 7.118156 11.927168
-7.802967 14.335078 18.838045
-6.634541 6.917332 15.312466
0.000001 14.335080 20.390152
-0.113614 7.118156 16.797887
7.802975 14.335078 18.838040
6.387742 6.773886 15.033920
14.418016 14.335077 14.418010
11.927170 7.118156 11.927163
18.838042 14.335080 7.802972
15.312465 6.917332 6.634546
20.390150 14.335080 0.000001
16.797887 7.118156 0.113615
-20.283861 14.271091 8.401849
-16.763947 7.047772 -0.113616
-18.910806 14.405081 -7.688692
-14.418013 14.335083 -14.418015
-15.309282 6.910735 -6.634547
-11.927165 7.118160 -11.927168
-7.802967 14.335085 -18.838043
-20.122162 11.701734 0.000000
0.000001 14.335086 -20.390150
0.113617 7.118162 -16.797887
7.802975 14.335085 -18.838040
6.634550 6.917337 -15.312463
14.418016 14.335083 -14.418008
11.927170 7.118160 -11.927163
18.838042 14.335081 -7.802971
14.881940 6.743443 -6.282209
-19.202887 8.602397 -0.000000
-17.741158 8.602396 7.348627
-16.902846 6.150134 7.001389
-18.590454 11.701734 7.700417
-11.895460 3.243593 -0.000001
-12.936879 6.150134 12.936882
-12.430260 0.416898 -0.000002
-7.001382 6.150134 16.902850
-11.484061 0.416897 4.756855
0.000001 6.150134 18.295509
-10.989972 3.243593 4.552195
7.001392 6.150134 16.902846
-15.293150 13.650478 15.293152
12.936884 6.150134 12.936874
-15.524593 14.271091 15.524596
-6.387734 6.773891 -15.033925
-14.228516 11.701734 14.228520
-13.578490 8.602396 13.578494
-8.789519 0.416897 8.789523
-8.411359 3.243592 8.411360
-8.276588 13.650478 19.981464
-8.401847 14.271092 20.283862
-7.700413 11.701734 18.590454
-7.348624 8.602396 17.741156
-4.756850 0.416897 11.484064
-4.552191 3.243593 10.989972
0.000001 13.650478 21.627783
0.000000 14.271091 21.955092
0.000001 11.701734 20.122162
0.000001 8.602396 19.202888
0.000002 0.416897 12.430260
0.000002 3.243593 11.895458
8.276598 13.650478 19.981461
8.401853 14.271092 20.283859
7.700421 11.701734 18.590450
7.348631 8.602396 17.741150
4.756857 0.416897 11.484061
4.552197 3.243593 10.989969
15.293156 13.650478 15.293149
16.902849 6.150134 7.001387
