6.174270 1.547498 0.415068
2.731328 2.074460 0.374636
6.174270 1.809057 0.415068
2.731328 2.074460 -0.587814
6.085684 1.812437 -0.349689
2.731328 1.498705 -0.587814
6.085685 1.549629 -0.349689
3.321739 2.048641 -0.588745
3.321739 1.485689 -0.588745
3.321739 1.485689 0.377948
3.321739 2.048641 0.377948
3.372637 2.003441 -0.550879
3.372637 1.527527 -0.550879
3.372637 1.527527 0.341989
3.372637 2.003441 0.341989
2.816487 2.078255 0.384022
2.816487 2.078255 -0.594856
2.816487 1.487518 -0.594856
2.816487 1.487518 0.384022
6.208706 1.812343 0.322779
3.372638 2.012081 0.223737
3.321739 2.058017 0.249919
2.816487 2.087974 0.254379
2.727152 2.082235 0.254379
2.727152 1.489093 0.254379
2.816486 1.475115 0.254379
3.321739 1.473723 0.249919
3.372637 1.516501 0.223737
6.208706 1.540531 0.322779
6.196686 1.754204 0.422550
3.372637 1.909322 0.352996
3.321739 1.940690 0.389865
2.816486 1.965459 0.396090
2.727152 1.968981 0.384022
2.721784 1.969192 0.254379
2.727152 1.968981 -0.594856
2.816487 1.965459 -0.603910
3.321739 1.940689 -0.597686
3.372638 1.909322 -0.559138
6.107986 1.757327 -0.354540
6.240058 1.752499 0.323176
6.125865 1.815526 -0.295901
3.372637 2.012081 -0.482906
3.321739 2.058017 -0.515152
2.816486 2.087974 -0.520336
2.727152 2.082235 -0.520336
2.721784 1.969192 -0.520336
2.727152 1.489093 -0.520336
2.816487 1.475115 -0.520336
3.321739 1.473723 -0.515152
3.372638 1.516501 -0.482906
6.125865 1.542496 -0.295901
6.156910 1.755427 -0.295201
6.107986 1.613609 -0.354540
3.372637 1.635966 -0.559138
3.321739 1.609181 -0.597686
2.816486 1.616422 -0.603910
2.727152 1.618520 -0.594856
2.721784 1.618646 -0.520336
2.721784 1.618646 0.254379
2.727152 1.618520 0.384022
2.816487 1.616422 0.396090
3.321739 1.609181 0.389865
3.372638 1.635966 0.352996
6.196687 1.611171 0.422550
6.240058 1.610144 0.323176
6.156909 1.612431 -0.295201
3.178388 2.062124 0.384022
3.178388 2.071682 0.254379
3.178388 2.071682 -0.520336
3.178388 2.062124 -0.594856
3.178388 1.951192 -0.603910
3.178388 1.607924 -0.603910
3.178388 1.481150 -0.594856
3.178388 1.468952 -0.520336
3.178388 1.468952 0.254379
3.178388 1.481150 0.384022
3.178388 1.607924 0.396090
3.178388 1.951192 0.396090
3.714324 1.973828 0.346260
3.717309 1.981958 0.231636
3.709696 1.982261 -0.455391
3.706172 1.974149 -0.521397
3.705769 1.886322 -0.529402
3.705769 1.637546 -0.529402
3.706172 1.536018 -0.521397
3.709696 1.525408 -0.455391
3.717309 1.525238 0.231636
3.714324 1.535832 0.346260
3.713904 1.637328 0.356929
3.713904 1.886030 0.356929
6.239446 1.811162 0.027177
3.720134 1.981846 -0.106209
3.372638 2.012081 -0.124644
3.321739 2.058017 -0.127268
3.178388 2.071682 -0.127562
2.816487 2.087974 -0.127562
2.727152 2.082235 -0.127562
2.721784 1.969192 -0.127562
2.721784 1.618646 -0.127562
2.727152 1.489093 -0.127562
2.816486 1.475115 -0.127562
3.178388 1.468952 -0.127562
3.321739 1.473723 -0.127268
3.372637 1.516501 -0.124644
3.720134 1.525175 -0.106209
6.239446 1.539802 0.027177
6.270912 1.609296 0.027758
6.270911 1.751413 0.027758
6.206711 1.812420 -0.165921
3.717126 1.981966 -0.316006
3.372637 2.012081 -0.340001
3.321739 2.058017 -0.360431
3.178388 2.071682 -0.363664
2.816486 2.087974 -0.363664
2.727152 2.082235 -0.363664
2.721784 1.969192 -0.363664
2.721784 1.618646 -0.363664
2.727152 1.489093 -0.363664
2.816487 1.475115 -0.363664
3.178388 1.468952 -0.363664
3.321739 1.473723 -0.360431
3.372638 1.516501 -0.340001
3.717126 1.525242 -0.316006
6.206712 1.540578 -0.165921
6.238056 1.610199 -0.165264
6.238056 1.752570 -0.165264
5.268293 1.872119 0.394045
5.289777 1.878276 0.288729
5.310470 1.877457 -0.022676
5.288434 1.878329 -0.222155
5.234009 1.880482 -0.355766
5.208581 1.874461 -0.417170
5.207940 1.804783 -0.424525
5.207940 1.623518 -0.424525
5.208581 1.541985 -0.417170
5.234009 1.532417 -0.355766
5.288434 1.531193 -0.222155
5.310470 1.530698 -0.022676
5.289777 1.531163 0.288729
5.268293 1.540616 0.394045
5.267529 1.621911 0.403848
5.267529 1.802653 0.403848
6.028606 1.823041 0.417875
6.056656 1.828280 0.317201
6.085795 1.827146 0.019006
6.054765 1.828353 -0.175153
5.978128 1.831335 -0.305742
5.944525 1.826284 -0.364832
5.956833 1.765151 -0.371863
5.956833 1.615423 -0.371863
5.944525 1.543315 -0.364832
5.978128 1.534223 -0.305742
6.054765 1.532449 -0.175153
6.085794 1.531732 0.019006
6.056656 1.532406 0.317201
6.028606 1.541333 0.417875
6.040741 1.613124 0.427246
6.040741 1.762188 0.427246
2.948618 3.424515 -0.445959
2.922566 3.254408 -0.856329
2.870596 3.049603 -1.179825
2.785009 2.834342 -1.455942
2.702685 2.636738 -1.665506
2.619513 2.443799 -1.853117
2.540926 2.230398 -2.026991
2.474925 2.030581 -2.172935
2.431101 1.818483 -2.269968
2.446152 1.591235 -2.236938
2.512221 1.389526 -2.090967
2.583957 1.166365 -1.932629
2.668080 0.951502 -1.745887
2.759274 0.756098 -1.527971
2.845754 0.569320 -1.243415
2.918890 0.430015 -0.865844
2.948534 0.333376 -0.447982
2.957562 0.299426 0.007441
2.920620 0.353656 0.459347
2.878839 0.465496 0.861105
2.822758 0.619896 1.219743
2.731106 0.783761 1.522477
2.655599 0.965862 1.749783
2.590759 1.168658 1.943840
2.538687 1.379834 2.099251
2.496233 1.606922 2.225694
2.473236 1.823541 2.294360
2.494077 2.048608 2.232076
2.545002 2.269614 2.079962
2.596129 2.483483 1.927316
2.657029 2.690160 1.745035
2.730806 2.920921 1.523233
2.820137 3.118702 1.230611
2.876134 3.314056 0.885148
2.922250 3.448443 0.440784
2.957603 3.489340 -0.004981
-5.055781 3.901162 -0.544807
-5.039829 3.755983 -1.075603
-5.131384 3.521537 -1.564110
-5.236324 3.240226 -1.956457
-5.429835 2.985010 -2.282757
-5.729998 2.702230 -2.576555
-6.008825 2.423006 -2.777473
-6.231246 2.147255 -2.937699
-6.336791 1.836512 -3.031586
-6.202707 1.540653 -2.870132
-5.939129 1.274312 -2.652395
-5.604255 0.998533 -2.403766
-5.305715 0.744070 -2.127614
-5.189488 0.522947 -1.809157
-5.099786 0.323629 -1.413260
-5.039208 0.169492 -0.984109
-5.057882 0.067944 -0.512069
-5.106449 0.048786 -0.004148
-5.232293 0.115904 0.504739
-5.369958 0.229213 0.985681
-5.527731 0.387859 1.389531
-5.686602 0.586664 1.733426
-5.843448 0.782791 2.032439
-6.134037 1.008825 2.341466
-6.416581 1.240609 2.606999
-6.698368 1.545872 2.909802
-6.823815 1.825069 3.096343
-6.723428 2.115133 2.934266
-6.481137 2.429450 2.689240
-6.216486 2.716707 2.437776
-5.945214 2.983047 2.175101
-5.744558 3.247974 1.871713
-5.581212 3.492204 1.502266
-5.403862 3.709964 1.060289
-5.244575 3.870789 0.536533
-5.108049 3.943125 -0.000453
-5.068485 3.737689 -0.497958
-5.049920 3.606644 -0.983265
-5.113636 3.392605 -1.429956
-5.193618 3.135399 -1.788647
-5.288788 2.902060 -2.087019
-5.511906 2.643439 -2.354882
-5.760429 2.388141 -2.533123
-5.963834 2.135986 -2.675269
-6.060313 1.852029 -2.760530
-5.937613 1.583107 -2.609630
-5.696532 1.340808 -2.413159
-5.408189 1.088856 -2.191660
-5.244115 0.854678 -1.943010
-5.162147 0.651162 -1.653276
-5.084693 0.468837 -1.291511
-5.049872 0.327968 -0.899414
-5.070500 0.235179 -0.468136
-5.115044 0.217722 -0.004092
-5.230164 0.279080 0.460849
-5.354390 0.382601 0.900338
-5.488494 0.527869 1.268835
-5.631899 0.711538 1.579992
-5.762250 0.891263 1.851552
-5.950341 1.097651 2.132685
-6.195856 1.307587 2.373603
-6.453657 1.587931 2.652186
-6.568412 1.841418 2.828037
-6.476590 2.105318 2.674506
-6.254972 2.393212 2.450489
-6.019041 2.655050 2.222004
-5.814658 2.898478 1.984399
-5.678144 3.141042 1.708361
-5.536621 3.364045 1.370734
-5.380589 3.562394 0.967017
-5.240611 3.707017 0.489222
-5.116509 3.774896 -0.000587
2.262326 3.362122 0.907002
2.196279 3.162562 1.264952
2.099638 2.958827 1.567737
2.015297 2.722760 1.799301
1.938410 2.509069 1.990935
1.871477 2.286927 2.153689
1.806362 2.056322 2.315150
1.779615 1.823374 2.384894
1.810175 1.599067 2.307274
1.870136 1.363587 2.165791
1.939274 1.147904 1.999272
2.021467 0.940841 1.793270
2.104258 0.755553 1.556786
2.202755 0.587447 1.245836
2.267372 0.430894 0.878397
2.316292 0.317570 0.464705
2.359507 0.261710 0.001834
2.354166 0.294973 -0.464263
2.326917 0.393179 -0.892369
2.253761 0.535365 -1.279353
2.165910 0.725276 -1.576677
2.070027 0.924710 -1.805785
1.968396 1.144859 -2.002907
1.876635 1.374727 -2.171701
1.795475 1.583986 -2.325848
1.771625 1.819467 -2.368554
1.820442 2.041588 -2.270245
1.898558 2.249535 -2.120186
1.992680 2.470477 -1.940580
2.093563 2.672499 -1.741931
2.187521 2.876837 -1.520367
2.275566 3.099678 -1.231316
2.330407 3.309263 -0.890465
2.354415 3.479897 -0.464912
2.359438 3.544021 -0.009552
2.316978 3.500609 0.449899
1.837578 3.157188 -0.249003
1.837568 3.058654 -0.569750
1.860021 1.886833 0.081502
1.837489 2.914823 -0.865789
1.837401 2.744356 -1.103859
1.837265 2.589359 -1.301926
1.836766 2.417866 -1.485708
1.836174 2.248476 -1.645194
1.835687 2.081057 -1.772107
1.835456 1.890910 -1.832037
1.835749 1.700346 -1.755717
1.836327 1.530007 -1.605254
1.837007 1.361728 -1.413235
1.837330 1.218535 -1.218601
1.837435 1.094429 -1.015241
1.837522 0.975078 -0.774089
1.837573 0.881606 -0.513885
1.837578 0.820109 -0.227742
1.837546 0.808540 0.080079
1.837355 0.849152 0.388534
1.837126 0.917853 0.680016
1.836763 1.011736 0.928338
1.836308 1.118640 1.158201
1.835898 1.234067 1.352096
1.835376 1.372391 1.549717
1.834747 1.526264 1.724682
1.834093 1.702782 1.897688
1.833802 1.884689 1.974732
1.834034 2.069818 1.913156
1.834597 2.257326 1.764372
1.835198 2.437355 1.601265
1.835740 2.599548 1.423975
1.836159 2.757196 1.230740
1.836612 2.907186 1.006481
1.837072 3.043918 0.736717
1.837338 3.158042 0.413739
1.837543 3.190098 0.081794
-5.432214 1.855651 -2.700056
-5.344671 2.132995 -2.616307
-5.160107 2.379032 -2.472649
-4.935154 2.628135 -2.292474
-4.736802 2.880480 -2.030182
-4.655923 3.108158 -1.739051
-4.585935 3.359122 -1.389064
-4.531082 3.568247 -0.953243
-4.547321 3.697883 -0.479898
-4.589616 3.735430 0.005528
-4.700622 3.671187 0.484508
-4.826043 3.527277 0.951641
-4.969159 3.332964 1.345841
-5.099274 3.115062 1.675306
-5.222774 2.878881 1.946168
-5.405431 2.641267 2.180991
-5.619530 2.384819 2.405671
-5.821145 2.104439 2.624315
-5.904679 1.845421 2.768030
-5.800282 1.596003 2.602444
-5.565751 1.323891 2.332361
-5.343097 1.116843 2.095020
-5.176015 0.915245 1.819000
-5.056910 0.740472 1.551978
-4.924984 0.563528 1.244799
-4.802889 0.422158 0.884684
-4.691341 0.321148 0.455860
-4.588295 0.261280 0.002201
-4.549068 0.278313 -0.450582
-4.530969 0.368850 -0.871396
-4.560285 0.506302 -1.253978
-4.628584 0.683970 -1.607150
-4.700143 0.880879 -1.891523
-4.841677 1.107520 -2.138637
-5.102128 1.353543 -2.361623
-5.320879 1.591399 -2.556387
1.232839 1.888451 -2.118333
1.238727 2.106451 -2.049308
1.251140 2.298172 -1.903782
1.266213 2.492282 -1.721013
1.278947 2.688918 -1.510350
1.282412 2.866332 -1.283490
1.284657 3.061892 -1.010768
1.286665 3.226742 -0.671371
1.286927 3.339748 -0.303786
1.286034 3.377419 0.075316
1.280804 3.340819 0.455705
1.274024 3.209749 0.826021
1.262308 3.053077 1.135089
1.250773 2.881176 1.392030
1.240087 2.700501 1.613400
1.226262 2.514712 1.816573
1.210950 2.308359 2.003430
1.196624 2.093453 2.174225
1.190689 1.881311 2.244990
1.198107 1.672865 2.156551
1.214772 1.470500 1.957871
1.230792 1.294229 1.757573
1.244107 1.135665 1.530921
1.254552 1.003471 1.308968
1.266140 0.880943 1.045416
1.275396 0.773307 0.761017
1.281255 0.694597 0.426861
1.286108 0.647945 0.073355
1.286930 0.661218 -0.279470
1.286785 0.731768 -0.607383
1.285487 0.838875 -0.905504
1.283279 0.975751 -1.181963
1.280603 1.117890 -1.414855
1.272385 1.281943 -1.637859
1.255039 1.474908 -1.858068
1.240327 1.669984 -2.030548
-2.013922 1.871461 -2.443242
-1.974831 2.119518 -2.365280
-1.892417 2.337975 -2.205617
-1.792226 2.559155 -2.005127
-1.706409 2.783214 -1.766236
-1.679216 2.985370 -1.507738
-1.659092 3.208202 -1.196983
-1.642211 3.395696 -0.810215
-1.643349 3.522262 -0.391137
-1.653422 3.563644 0.040680
-1.692889 3.519473 0.472806
-1.741416 3.373595 0.893610
-1.814774 3.196037 1.245432
-1.885447 3.000549 1.538167
-1.951343 2.794061 1.788520
-2.039836 2.582478 2.016326
-2.139555 2.348542 2.227082
-2.233043 2.103011 2.421619
-2.271778 1.863173 2.509810
-2.223369 1.628240 2.401596
-2.114617 1.395880 2.173049
-2.010476 1.197764 1.947633
-1.926507 1.017357 1.691493
-1.862332 0.865995 1.441131
-1.791160 0.723565 1.145259
-1.731917 0.600455 0.821892
-1.689527 0.510768 0.441136
-1.652898 0.457610 0.038330
-1.643583 0.472734 -0.363699
-1.641650 0.553123 -0.737342
-1.651677 0.675167 -1.077039
-1.671401 0.831419 -1.391823
-1.693698 0.995453 -1.655122
-1.751004 1.184685 -1.903644
-1.866527 1.404331 -2.146047
-1.964207 1.624828 -2.338784
-6.139394 2.140795 -2.783888
-5.927769 2.402792 -2.634273
-5.665929 2.668055 -2.446649
-5.408899 2.936769 -2.167972
-5.275056 3.179216 -1.857955
-5.185115 3.446460 -1.485264
-5.109735 3.668962 -1.021151
-5.127372 3.805807 -0.516974
-5.177260 3.844948 -0.000143
-5.306898 3.775190 0.509193
-5.456125 3.623839 1.005997
-5.620142 3.417448 1.425580
-5.769964 3.185620 1.776396
-5.929563 2.933782 2.063797
-6.165479 2.680817 2.311832
-6.414450 2.408386 2.549908
-6.645042 2.109461 2.782693
-6.740583 1.834671 2.939856
-6.621181 1.570483 2.759466
-6.352940 1.279751 2.470684
-6.091658 1.060767 2.219485
-5.860988 0.846239 1.926717
-5.719491 0.659728 1.643763
-5.569475 0.469770 1.319077
-5.425416 0.318977 0.935981
-5.295457 0.211414 0.479339
-5.175735 0.147662 -0.003748
-5.129444 0.165800 -0.485904
-5.109555 0.262211 -0.934016
-5.155001 0.408578 -1.341416
-5.237494 0.597929 -1.717372
-5.333397 0.808742 -2.019062
-5.553183 1.051341 -2.279159
-5.861290 1.313199 -2.511961
-6.112113 1.565511 -2.717286
-6.239771 1.845648 -2.872693
2.882468 2.112267 -0.084404
2.890989 2.082223 -0.171122
2.872912 1.886888 0.012543
2.897616 2.046022 -0.239516
2.903132 2.008006 -0.297842
2.907195 1.973081 -0.342153
2.910805 1.938986 -0.381781
2.914151 1.901309 -0.418506
2.916960 1.865989 -0.449346
2.918825 1.828528 -0.469816
2.918195 1.788419 -0.462902
2.915395 1.752746 -0.432163
2.912350 1.713332 -0.398736
2.908759 1.675347 -0.359316
2.904602 1.640306 -0.313686
2.899235 1.605030 -0.255598
2.891250 1.582665 -0.173688
2.882511 1.566059 -0.084844
2.874059 1.560065 0.011479
2.872521 1.569627 0.107048
2.872332 1.589405 0.192036
2.872004 1.616690 0.267895
2.871529 1.645675 0.331893
2.871037 1.677880 0.379975
2.870585 1.713724 0.420940
2.870193 1.751061 0.453751
2.869870 1.791168 0.480381
2.869701 1.829452 0.494813
2.869854 1.869202 0.481691
2.870241 1.908243 0.449635
2.870626 1.946017 0.417373
2.871050 1.982567 0.378876
2.871528 2.023317 0.331972
2.871985 2.058305 0.270123
2.872313 2.092798 0.197020
2.872567 2.116523 0.103124
2.874244 2.123745 0.008840
2.870164 2.182628 0.391934
2.875130 2.236810 0.284351
2.878448 2.274053 0.145929
2.883871 2.285391 0.007083
2.893737 2.267393 -0.130267
2.900942 2.220184 -0.258061
2.904992 2.163382 -0.358726
2.905189 2.103709 -0.444674
2.902971 2.048928 -0.509876
2.900586 1.995470 -0.568237
2.898375 1.936312 -0.622342
2.896518 1.880933 -0.667769
2.895283 1.822168 -0.698014
2.895700 1.759187 -0.687816
2.897554 1.703286 -0.642421
2.899564 1.641410 -0.593231
2.901938 1.581807 -0.535162
2.904683 1.526869 -0.467980
2.906701 1.471430 -0.382508
2.901256 1.436407 -0.261757
2.893773 1.410319 -0.130936
2.883683 1.400885 0.010972
2.878232 1.415923 0.151779
2.875419 1.446956 0.276930
2.870435 1.489799 0.388670
2.863247 1.535258 0.482957
2.855803 1.585782 0.553715
2.848963 1.642032 0.614068
2.843032 1.700593 0.662373
2.838125 1.763550 0.701617
2.835572 1.823585 0.722962
2.837893 1.885967 0.703589
2.843750 1.947216 0.656271
2.849583 2.006488 0.608809
2.855992 2.063783 0.552105
2.863234 2.127791 0.483068
2.887857 2.432860 -0.891440
2.854416 2.314431 -1.020351
2.821228 2.198862 -1.135736
2.789848 2.070973 -1.242709
2.763447 1.951251 -1.332523
2.745870 1.824211 -1.392319
2.751797 1.688056 -1.372158
2.778179 1.567205 -1.282407
2.806766 1.433439 -1.185153
2.840228 1.304586 -1.070344
2.877100 1.186144 -0.937268
2.916034 1.067918 -0.767038
2.930407 0.990580 -0.529542
2.933353 0.933856 -0.271144
2.923094 0.913462 0.009424
2.902731 0.945969 0.287816
2.887953 1.013058 0.535255
2.863497 1.105679 0.756178
2.827158 1.203955 0.942594
2.791402 1.313179 1.082491
2.759026 1.434785 1.201814
2.731354 1.561384 1.297318
2.708536 1.697489 1.374911
2.696568 1.827275 1.417109
2.707446 1.962136 1.378806
2.734730 2.094545 1.285253
2.761936 2.222682 1.191419
2.792293 2.346548 1.079308
2.827097 2.484922 0.942813
2.862222 2.603473 0.762630
2.886595 2.720605 0.549928
2.903610 2.801118 0.276250
2.923205 2.825629 0.001737
2.933371 2.786721 -0.269821
2.930455 2.684662 -0.522485
2.917773 2.561865 -0.721511
2.706425 2.373892 -1.646588
2.640394 2.184967 -1.801151
2.584632 2.008108 -1.930921
2.547506 1.820439 -2.017319
2.560024 1.619303 -1.988188
2.615746 1.440777 -1.858511
2.676128 1.243170 -1.717990
2.745686 1.052823 -1.552105
2.814594 0.879649 -1.358444
2.886862 0.713977 -1.105577
2.944078 0.590752 -0.769329
2.963507 0.505162 -0.397356
2.965921 0.475034 0.008032
2.933693 0.523056 0.410274
2.900208 0.622162 0.767794
2.853648 0.758986 1.087001
2.778707 0.904165 1.356350
2.714873 1.065516 1.558484
2.659687 1.245159 1.730891
2.614825 1.432178 1.868882
2.578244 1.633238 1.980997
2.558524 1.824964 2.041966
2.576430 2.024187 1.986623
2.620445 2.219789 1.851450
2.664530 2.409079 1.715872
2.716356 2.592061 1.553885
2.778605 2.796474 1.356666
2.851525 2.971603 1.096323
2.897947 3.144636 0.788994
2.935133 3.263574 0.393563
2.965983 3.299782 -0.003076
2.963567 3.242306 -0.395444
2.946669 3.091539 -0.760513
2.904835 2.910137 -1.048084
2.835905 2.719565 -1.293610
2.773552 2.544615 -1.479871
-1.041142 3.304521 1.352737
-1.166323 3.083152 1.688171
-1.301163 2.834193 1.953498
-1.461289 2.597725 2.177931
-1.611766 2.347585 2.380641
-1.751632 2.081083 2.579926
-1.809446 1.823486 2.690189
-1.738887 1.575515 2.564889
-1.585508 1.309929 2.352726
-1.426027 1.086895 2.141841
-1.253630 0.871216 1.889180
-1.139097 0.680759 1.622838
-1.014870 0.499128 1.293616
-0.910347 0.341178 0.905495
-0.823622 0.227497 0.457325
-0.745258 0.166733 -0.031694
-0.728048 0.194183 -0.522203
-0.736309 0.294086 -0.975092
-0.805217 0.441644 -1.385581
-0.894488 0.636222 -1.728965
-0.999897 0.845493 -1.999232
-1.188636 1.080832 -2.232560
-1.383516 1.330697 -2.437395
-1.541620 1.564520 -2.620636
-1.611822 1.826014 -2.714596
-1.538945 2.086029 -2.616794
-1.399883 2.323099 -2.460497
-1.227574 2.569211 -2.269553
-1.040863 2.805775 -2.027664
-0.901807 3.032121 -1.758417
-0.805576 3.280217 -1.421336
-0.734347 3.500895 -1.012856
-0.726989 3.661313 -0.536495
-0.745963 3.716286 -0.036826
-0.828391 3.660506 0.462080
-0.927788 3.512325 0.953982
-4.935518 1.832447 -3.002597
-4.838993 2.129680 -2.906406
-4.640019 2.395357 -2.745770
-4.390851 2.666190 -2.545854
-4.119774 2.936682 -2.264009
-3.936419 3.184645 -1.950718
-3.832050 3.457546 -1.570014
-3.744560 3.689119 -1.099364
-3.753519 3.839486 -0.578208
-3.796049 3.885460 -0.040428
-3.917807 3.817514 0.491793
-4.061176 3.659837 1.012494
-4.220992 3.443943 1.447038
-4.374235 3.205255 1.810923
-4.558888 2.943629 2.106579
-4.800898 2.684789 2.360832
-5.033534 2.407157 2.600688
-5.246909 2.105393 2.835071
-5.335274 1.823596 2.984168
-5.225376 1.552402 2.813134
-4.980119 1.257231 2.533555
-4.731766 1.026998 2.281266
-4.470519 0.802858 1.985404
-4.324773 0.607318 1.692607
-4.175285 0.412382 1.349099
-4.031596 0.253057 0.944942
-3.907669 0.139025 0.467788
-3.794716 0.073444 -0.041531
-3.755363 0.095184 -0.550608
-3.744970 0.196752 -1.022859
-3.809806 0.349574 -1.451934
-3.900505 0.548751 -1.836910
-4.015355 0.767701 -2.144748
-4.289741 1.017977 -2.411145
-4.585998 1.287483 -2.649180
-4.819741 1.545420 -2.859047
-6.069969 1.834603 -3.051669
-5.965554 2.144569 -2.956633
-5.746413 2.420003 -2.794984
-5.471349 2.699269 -2.592583
-5.171721 2.981333 -2.299055
-4.972929 3.236670 -1.973044
-4.866206 3.518031 -1.580243
-4.773448 3.753358 -1.091846
-4.787830 3.900541 -0.559224
-4.838456 3.943617 -0.012322
-4.972984 3.871796 0.527561
-5.130437 3.710494 1.054457
-5.306001 3.491734 1.498091
-5.469006 3.247095 1.869045
-5.671514 2.981218 2.173100
-5.941205 2.714734 2.436077
-6.201468 2.427593 2.687074
-6.439524 2.113873 2.931711
-6.538148 1.823612 3.092089
-6.415012 1.544210 2.907575
-6.138747 1.239145 2.607342
-5.860335 1.006152 2.342481
-5.568316 0.779096 2.033825
-5.411811 0.581904 1.733851
-5.253715 0.382742 1.387448
-5.097007 0.222999 0.980652
-4.961030 0.108848 0.497059
-4.836900 0.041625 -0.015521
-4.789891 0.061417 -0.527272
-4.773018 0.163589 -1.002703
-4.836300 0.318386 -1.434899
-4.927129 0.518919 -1.831408
-5.045520 0.740904 -2.150064
-5.348895 0.996020 -2.426409
-5.679438 1.272251 -2.674965
-5.938712 1.538611 -2.892799
2.743257 1.794591 0.396089
2.743257 2.091270 0.347819
2.743257 1.794591 -0.603910
2.743257 1.476362 0.347819
6.224670 1.682785 0.395035
2.721784 1.795267 0.347819
3.346086 1.775072 -0.579014
3.346086 1.494943 0.325326
3.346086 1.775072 0.371193
3.346086 2.035287 0.325326
3.424126 1.772064 -0.549302
3.424126 1.523964 0.304877
3.424126 1.772064 0.348199
3.424126 2.001423 0.304877
2.993229 2.080017 0.347819
2.993229 1.786713 -0.603910
2.993229 1.472105 0.347819
2.993229 1.786713 0.396089
3.424126 2.001423 0.056069
3.346086 2.035287 0.061908
2.993229 2.080017 0.070597
2.743257 2.091270 0.070597
2.721784 1.795267 0.070597
2.743257 1.476362 0.070597
2.993229 1.472105 0.070597
3.346086 1.494943 0.061908
3.424126 1.523964 0.056069
6.263398 1.681568 0.181842
3.424126 1.967502 0.348199
3.346086 1.999241 0.371193
2.993229 2.041457 0.396089
2.743257 2.052267 0.396089
2.721784 2.053195 0.347819
2.721784 2.053195 0.070597
2.743257 2.052267 -0.603910
2.993229 2.041457 -0.603910
3.346086 1.999241 -0.579014
3.424126 1.967502 -0.549302
6.249541 1.792003 0.181842
6.210814 1.793451 0.395035
3.424126 2.001423 -0.516797
3.346086 2.035287 -0.544600
2.993229 2.080017 -0.567694
2.743257 2.091270 -0.567694
2.721784 2.053195 -0.567694
2.721784 1.795267 -0.567694
2.743257 1.476362 -0.567694
2.993229 1.472105 -0.567694
3.346086 1.494943 -0.544600
3.424126 1.523964 -0.516797
6.135095 1.685597 -0.332914
6.121239 1.796800 -0.332914
3.424126 1.567256 -0.549302
3.346086 1.540946 -0.579014
2.993229 1.521317 -0.603910
2.743257 1.526140 -0.603910
2.721784 1.526555 -0.567694
2.721784 1.526555 0.070597
2.721784 1.526555 0.347819
2.743257 1.526140 0.396089
2.993229 1.521317 0.396089
3.346086 1.540946 0.371193
3.424126 1.567256 0.348199
6.210814 1.565145 0.395035
6.249541 1.564176 0.181842
6.121239 1.567388 -0.332914
3.276865 2.067249 0.347819
3.276865 2.067249 0.070597
3.276865 2.067249 -0.567694
3.276865 2.029192 -0.603910
3.276865 1.777775 -0.603910
3.276865 1.515844 -0.603910
3.276865 1.467275 -0.567694
3.276865 1.467275 0.070597
3.276865 1.467275 0.347819
3.276865 1.515844 0.396089
3.276865 1.777775 0.396089
3.276865 2.029192 0.396089
4.462042 1.932605 0.338288
4.476226 1.932041 0.102678
4.429234 1.933908 -0.448551
4.422784 1.903475 -0.479331
4.422784 1.740190 -0.479331
4.422784 1.568426 -0.479331
4.429234 1.529116 -0.448551
4.476226 1.528067 0.102678
4.462042 1.528384 0.338288
4.455324 1.567641 0.379312
4.455325 1.739167 0.379312
4.455325 1.902229 0.379312
4.477374 1.931995 -0.184289
3.424126 2.001423 -0.244353
3.346086 2.035287 -0.256156
3.276865 2.067249 -0.264134
2.993229 2.080017 -0.264134
2.743257 2.091270 -0.264134
2.721784 2.053195 -0.264134
2.721784 1.795267 -0.264134
2.721784 1.526555 -0.264134
2.743257 1.476362 -0.264134
2.993229 1.472105 -0.264134
3.276865 1.467275 -0.264134
3.346086 1.494943 -0.256156
3.424126 1.523964 -0.244353
4.477374 1.528041 -0.184289
6.252676 1.564097 -0.082350
6.266532 1.681470 -0.082350
6.252675 1.791886 -0.082350
4.453369 1.932949 -0.347220
3.424126 2.001423 -0.411791
3.346086 2.035287 -0.433428
3.276865 2.067249 -0.450695
2.993229 2.080017 -0.450695
2.743257 2.091270 -0.450695
2.721784 2.053195 -0.450695
2.721784 1.795267 -0.450695
2.721784 1.526555 -0.450695
2.743257 1.476362 -0.450695
2.993229 1.472105 -0.450695
3.276865 1.467275 -0.450695
3.346086 1.494943 -0.433428
3.424126 1.523964 -0.411791
4.453369 1.528577 -0.347220
6.187135 1.565738 -0.237766
6.200991 1.683528 -0.237766
6.187135 1.794336 -0.237766
5.774488 1.846161 0.380944
5.807465 1.844868 0.162185
5.810134 1.844763 -0.107722
5.754326 1.846952 -0.265110
5.698215 1.849153 -0.361839
5.689383 1.823086 -0.390418
5.695546 1.699590 -0.390418
5.689383 1.568730 -0.390418
5.698215 1.534370 -0.361839
5.754326 1.533090 -0.265110
5.810134 1.531816 -0.107722
5.807465 1.531877 0.162185
5.774488 1.532629 0.380944
5.765036 1.566869 0.419035
5.771199 1.697214 0.419035
5.765036 1.820225 0.419035
6.154967 1.821423 0.393634
6.193123 1.819943 0.179888
6.196211 1.819823 -0.084872
6.131638 1.822328 -0.240484
6.066713 1.824847 -0.335789
6.062454 1.800005 -0.363713
6.075547 1.687486 -0.363713
6.062455 1.567919 -0.363713
6.066713 1.534953 -0.335789
6.131638 1.533443 -0.240484
6.196210 1.531941 -0.084872
6.193123 1.532013 0.179888
6.154967 1.532900 0.393634
6.149990 1.565730 0.430852
6.163081 1.684737 0.430852
6.149989 1.796729 0.430852
2.860976 3.372282 -0.669324
2.823297 3.175735 -1.042944
2.751201 2.959453 -1.346390
2.661997 2.748463 -1.592297
2.575693 2.553655 -1.790173
2.490564 2.345965 -1.975232
2.415067 2.135085 -2.139529
2.355086 1.928899 -2.270339
2.338140 1.701657 -2.308063
2.385110 1.484528 -2.206491
2.459528 1.270724 -2.045226
2.539901 1.044652 -1.871190
2.632331 0.837791 -1.667035
2.724433 0.642061 -1.416726
2.808424 0.474352 -1.078192
2.860861 0.354589 -0.670983
2.881098 0.284632 -0.226336
2.865907 0.295597 0.240300
2.822341 0.382968 0.675555
2.775320 0.520991 1.060806
2.696613 0.683950 1.399414
2.607223 0.857793 1.666667
2.535590 1.053886 1.878379
2.474449 1.263782 2.056721
2.424634 1.487691 2.201244
2.387372 1.713589 2.309269
2.385157 1.937150 2.315731
2.426267 2.165167 2.195555
2.480823 2.386746 2.036307
2.538142 2.597251 1.869008
2.606970 2.821539 1.666223
2.694603 3.040574 1.405062
2.771638 3.240886 1.084012
2.821795 3.415400 0.679663
2.867080 3.506830 0.219877
2.880978 3.496241 -0.230376
1.860021 2.799329 -0.284445
1.860021 2.707500 -0.516395
1.860021 2.587156 -0.715889
1.860021 2.465956 -0.875133
1.860020 2.345806 -1.016351
1.860019 2.217423 -1.144959
1.860018 2.094072 -1.252860
1.860018 1.961518 -1.328614
1.860018 1.817167 -1.322847
1.860018 1.683399 -1.233024
1.860019 1.557413 -1.102465
1.860020 1.440318 -0.956803
1.860021 1.342585 -0.811410
1.860021 1.251651 -0.646596
1.860021 1.171077 -0.459351
1.860021 1.112435 -0.256873
1.860021 1.083931 -0.034725
1.860021 1.096112 0.196098
1.860020 1.138132 0.421602
1.860020 1.199088 0.621906
1.860019 1.274813 0.799433
1.860018 1.356674 0.955639
1.860018 1.450662 1.100529
1.860017 1.559248 1.238903
1.860016 1.682483 1.371496
1.860015 1.816868 1.472720
1.860015 1.953180 1.477722
1.860016 2.092151 1.392339
1.860017 2.229999 1.272900
1.860018 2.356903 1.146981
1.860018 2.475055 1.009995
1.860019 2.590037 0.856342
1.860020 2.696754 0.674258
1.860020 2.793964 0.451896
1.860021 2.850537 0.205475
1.860021 2.848908 -0.041360
-5.091908 3.799879 -0.793985
-5.126967 3.611877 -1.298136
-5.222364 3.350945 -1.730681
-5.344428 3.088159 -2.075956
-5.574320 2.827648 -2.382148
-5.862984 2.549287 -2.624174
-6.111943 2.281835 -2.793683
-6.286729 1.994428 -2.935839
-6.273423 1.692493 -2.901241
-6.066175 1.420867 -2.697278
-5.764936 1.156908 -2.471276
-5.454371 0.893814 -2.216210
-5.273719 0.661656 -1.930428
-5.187620 0.455285 -1.580440
-5.111187 0.280584 -1.174453
-5.095544 0.153433 -0.735437
-5.128432 0.091633 -0.253773
-5.214581 0.118044 0.246701
-5.348200 0.209151 0.735643
-5.490464 0.341317 1.169944
-5.647398 0.520311 1.532651
-5.790230 0.713843 1.840494
-5.996216 0.920098 2.138606
-6.272583 1.139495 2.416422
-6.556613 1.404227 2.695275
-6.773447 1.695603 2.967805
-6.784163 1.967713 2.976183
-6.601261 2.266564 2.749104
-6.345408 2.564215 2.504941
-6.082166 2.831966 2.256598
-5.861115 3.091846 1.984260
-5.699434 3.342387 1.657276
-5.534894 3.570069 1.262479
-5.369632 3.758633 0.786520
-5.220137 3.876360 0.263332
-5.127762 3.892570 -0.265691
2.961912 3.289420 -0.634129
2.928085 3.102811 -0.987655
2.860763 2.897989 -1.274462
2.781768 2.698283 -1.506954
2.707047 2.514117 -1.693659
2.629960 2.317781 -1.868371
2.560530 2.118239 -2.023661
2.505120 1.923464 -2.147594
2.488785 1.708750 -2.184130
2.531410 1.503478 -2.088792
2.599241 1.301194 -1.937077
2.672383 1.086865 -1.773485
2.753856 0.890493 -1.580847
2.836287 0.705039 -1.343985
2.914792 0.545871 -1.022997
2.961830 0.431842 -0.636522
2.978245 0.365309 -0.214235
2.963194 0.375527 0.229001
2.923310 0.458447 0.642137
2.880817 0.589588 1.007789
2.809152 0.744318 1.329128
2.727108 0.909355 1.582288
2.661540 1.095469 1.782226
2.606252 1.294465 1.950180
2.561444 1.506547 2.085696
2.528022 1.720238 2.186926
2.526018 1.931629 2.193012
2.563448 2.147235 2.079611
2.613054 2.356676 1.929519
2.664955 2.555761 1.771853
2.727764 2.768345 1.580293
2.807899 2.975961 1.332934
2.877848 3.165789 1.028653
2.923004 3.331053 0.645224
2.964358 3.417483 0.209041
2.978117 3.407339 -0.217939
0.827881 3.329819 1.125580
0.728610 3.121361 1.469624
0.619855 2.893100 1.751002
0.509762 2.658589 1.974272
0.401004 2.432590 2.164346
0.297699 2.190956 2.347075
0.222228 1.944088 2.494831
0.226502 1.706849 2.487769
0.307156 1.463442 2.338320
0.413579 1.227973 2.158463
0.531063 1.014036 1.952677
0.639748 0.814065 1.716311
0.742750 0.634365 1.434643
0.841620 0.466501 1.084707
0.912498 0.328874 0.681565
0.977829 0.239954 0.226523
1.010192 0.225171 -0.255493
1.002670 0.293672 -0.715969
0.957756 0.416155 -1.137121
0.874072 0.586795 -1.497365
0.782514 0.786388 -1.776107
0.661766 1.000654 -2.003799
0.519257 1.237243 -2.201164
0.389700 1.464871 -2.381511
0.303810 1.697009 -2.509686
0.313605 1.944132 -2.488901
0.401664 2.171491 -2.353043
0.519470 2.397615 -2.184165
0.656159 2.623936 -1.981831
0.784331 2.836078 -1.754321
0.886635 3.061158 -1.480256
0.965494 3.289840 -1.140468
1.003651 3.485905 -0.729109
1.010270 3.603393 -0.261562
0.977416 3.607814 0.214952
0.906762 3.509287 0.697425
-4.993370 3.671881 -0.737860
-5.014611 3.498051 -1.206213
-5.092026 3.255692 -1.607970
-5.166008 3.011611 -1.928668
-5.317494 2.769644 -2.213065
-5.562179 2.511096 -2.435242
-5.792178 2.262682 -2.588099
-5.953653 1.995733 -2.718563
-5.941361 1.716076 -2.684855
-5.749896 1.465095 -2.494755
-5.471599 1.220580 -2.288902
-5.242444 0.975558 -2.056317
-5.136404 0.758484 -1.792974
-5.059834 0.566146 -1.468423
-5.000227 0.403881 -1.091334
-4.996978 0.285781 -0.683568
-5.027542 0.228379 -0.236189
-5.107333 0.252910 0.228662
-5.230967 0.337533 0.682801
-5.357141 0.460291 1.086188
-5.496638 0.627598 1.421497
-5.628347 0.808496 1.705232
-5.776730 1.000245 1.980981
-5.990201 1.202884 2.237442
-6.252518 1.448596 2.495831
-6.452775 1.719232 2.752739
-6.462670 1.970304 2.760345
-6.293753 2.247707 2.546444
-6.057460 2.524084 2.320714
-5.836508 2.772249 2.091805
-5.674179 3.013894 1.840609
-5.544622 3.246689 1.537339
-5.394941 3.457902 1.170643
-5.247575 3.631463 0.729002
-5.112474 3.740459 0.243845
-5.026919 3.756920 -0.247082
-3.923432 1.996847 -2.573091
-3.812843 2.246331 -2.441559
-3.655325 2.478494 -2.270698
-3.488666 2.720127 -2.047053
-3.389205 2.946265 -1.781261
-3.345987 3.174377 -1.481544
-3.300638 3.400880 -1.106071
-3.286767 3.568164 -0.668894
-3.303812 3.654075 -0.210760
-3.355772 3.647269 0.250731
-3.441078 3.543259 0.708974
-3.542737 3.371401 1.124403
-3.654108 3.172398 1.467108
-3.751233 2.955369 1.753219
-3.868390 2.731141 1.998706
-4.023131 2.495994 2.223363
-4.187575 2.237162 2.440760
-4.305131 1.976835 2.622437
-4.298244 1.732001 2.614255
-4.158879 1.479070 2.397212
-3.976324 1.248360 2.151973
-3.825506 1.052008 1.902639
-3.716874 0.873876 1.637959
-3.618135 0.711783 1.359381
-3.515794 0.561856 1.036357
-3.430591 0.447129 0.659360
-3.352526 0.368043 0.234932
-3.304080 0.345116 -0.199507
-3.288566 0.398763 -0.617618
-3.292008 0.509136 -0.998707
-3.327182 0.660786 -1.351126
-3.371911 0.836540 -1.657645
-3.438723 1.030610 -1.916563
-3.593290 1.255602 -2.160337
-3.783886 1.488121 -2.377527
-3.915013 1.730684 -2.551189
1.762025 2.000022 -2.044222
1.763586 2.199720 -1.930097
1.765810 2.385553 -1.767540
1.768136 2.578966 -1.573788
1.769386 2.759976 -1.361038
1.769714 2.942566 -1.121131
1.770074 3.123868 -0.820587
1.770254 3.262213 -0.471147
1.770238 3.336906 -0.104931
1.769756 3.339360 0.266935
1.768825 3.254130 0.638176
1.767365 3.107679 0.973171
1.765461 2.946908 1.247487
1.763772 2.773682 1.478971
1.761880 2.595683 1.685345
1.759555 2.404498 1.875046
1.757134 2.196825 2.054985
1.755403 1.987461 2.183617
1.755505 1.782102 2.176081
1.757557 1.579646 2.023584
1.760244 1.393989 1.823828
1.762559 1.230401 1.615362
1.764369 1.088804 1.397081
1.766086 0.965478 1.161751
1.767786 0.851396 0.894301
1.768939 0.759564 0.592537
1.769791 0.696260 0.252807
1.770240 0.677909 -0.094936
1.770254 0.720850 -0.429609
1.770150 0.809197 -0.734649
1.769857 0.930584 -1.016739
1.769517 1.067580 -1.265037
1.768786 1.214816 -1.484076
1.766685 1.391225 -1.703521
1.763995 1.581027 -1.900213
1.762143 1.782553 -2.035534
-0.152319 1.998943 -2.244910
-0.120275 2.215560 -2.121115
-0.074633 2.417137 -1.944786
-0.026887 2.626937 -1.734618
-0.001229 2.823283 -1.503843
0.005507 3.021343 -1.243610
0.012887 3.218006 -0.917603
0.016578 3.368072 -0.538557
0.016259 3.449092 -0.141314
0.006368 3.451754 0.262057
-0.012742 3.359304 0.664751
-0.042705 3.200445 1.028128
-0.081793 3.026052 1.325685
-0.116458 2.838151 1.576781
-0.155287 2.645070 1.800640
-0.203015 2.437688 2.006414
-0.252696 2.212420 2.201597
-0.288211 1.985317 2.341128
-0.286130 1.762560 2.332953
-0.244026 1.542952 2.167536
-0.188874 1.341565 1.950856
-0.141351 1.164117 1.724728
-0.104195 1.010524 1.487954
-0.068954 0.876748 1.232686
-0.034078 0.753001 0.942576
-0.010393 0.653389 0.615246
0.007095 0.584721 0.246733
0.016304 0.564815 -0.130472
0.016578 0.611394 -0.493500
0.014439 0.707227 -0.824384
0.008438 0.838898 -1.130374
0.001466 0.987501 -1.399709
-0.013546 1.147212 -1.637306
-0.056658 1.338566 -1.875342
-0.111885 1.544449 -2.088699
-0.149880 1.763049 -2.235486
-5.958233 2.268323 -2.649239
-5.721776 2.522345 -2.491478
-5.462710 2.786729 -2.263454
-5.288939 3.034158 -1.972638
-5.202480 3.283748 -1.644700
-5.119588 3.531577 -1.233876
-5.094217 3.709582 -0.754978
-5.128484 3.796875 -0.253150
-5.216219 3.780487 0.248997
-5.356348 3.668920 0.745356
-5.509339 3.490940 1.197105
-5.663505 3.274876 1.572078
-5.801044 3.036854 1.882333
-5.980689 2.789838 2.139756
-6.216428 2.535904 2.374389
-6.459433 2.253261 2.605548
-6.633150 1.969541 2.823331
-6.622972 1.712272 2.815497
-6.417027 1.435527 2.553988
-6.147259 1.184213 2.289572
-5.915077 0.976638 2.026821
-5.749741 0.780617 1.744485
-5.614081 0.595997 1.453649
-5.468999 0.425248 1.110271
-5.337852 0.299719 0.697778
-5.210942 0.213186 0.233388
-5.129120 0.188102 -0.241955
-5.097883 0.246799 -0.699433
-5.104814 0.367565 -1.116403
-5.169480 0.533493 -1.502004
-5.248822 0.729964 -1.834047
-5.375826 0.951480 -2.104000
-5.628652 1.201826 -2.343206
-5.914763 1.452068 -2.554994
-6.111605 1.709130 -2.749177
-6.124243 1.995349 -2.783147
2.882649 2.038872 -0.090490
2.888438 2.014164 -0.146821
2.893136 1.987045 -0.192522
2.896943 1.960603 -0.229568
2.900001 1.936219 -0.259319
2.902862 1.910223 -0.287158
2.905406 1.883803 -0.311903
2.907435 1.858013 -0.331651
2.908034 1.829584 -0.337473
2.906472 1.802405 -0.322281
2.903988 1.775622 -0.298106
2.901309 1.747244 -0.272038
2.898154 1.721244 -0.241344
2.894405 1.695312 -0.204869
2.889148 1.674236 -0.153721
2.882688 1.660516 -0.090871
2.875772 1.651707 -0.023582
2.872124 1.653060 0.047044
2.872114 1.664039 0.112875
2.872114 1.681403 0.171139
2.872114 1.701890 0.222342
2.872114 1.723741 0.262681
2.872114 1.748383 0.294541
2.872114 1.774731 0.321304
2.872114 1.802812 0.342896
2.872114 1.831105 0.359027
2.872114 1.859095 0.359998
2.872114 1.887642 0.341928
2.872114 1.915373 0.318011
2.872114 1.941732 0.292887
2.872114 1.969879 0.262364
2.872114 1.997368 0.222949
2.872114 2.022502 0.174464
2.872114 2.044384 0.113367
2.872224 2.055828 0.043864
2.875833 2.054485 -0.024173
2.872328 2.120979 0.278116
2.873350 2.157724 0.177905
2.874486 2.176940 0.063907
2.880592 2.174685 -0.047686
2.890520 2.148467 -0.156458
2.898399 2.106977 -0.248852
2.904352 2.061438 -0.323810
2.908622 2.017036 -0.384573
2.911720 1.976090 -0.433369
2.914621 1.932437 -0.479031
2.917198 1.888071 -0.519617
2.919255 1.844765 -0.552008
2.919862 1.797027 -0.561557
2.918279 1.751387 -0.536639
2.915761 1.706412 -0.496987
2.913046 1.658759 -0.454232
2.909848 1.615099 -0.403887
2.906049 1.571553 -0.344061
2.899529 1.536163 -0.260169
2.890574 1.513123 -0.157084
2.880508 1.498331 -0.046717
2.874305 1.500603 0.069124
2.873359 1.519040 0.177098
2.872418 1.548197 0.272663
2.870762 1.582599 0.356645
2.868778 1.619292 0.422810
2.866875 1.660672 0.475065
2.865185 1.704916 0.518961
2.863735 1.752070 0.554377
2.862674 1.799581 0.580834
2.862612 1.846581 0.582427
2.863796 1.894518 0.552789
2.865393 1.941084 0.513560
2.866980 1.985348 0.472353
2.868798 2.032613 0.422289
2.870724 2.078773 0.357641
2.892517 2.209764 -0.694902
2.876320 2.128862 -0.781829
2.861163 2.042613 -0.863173
2.847692 1.954956 -0.935473
2.836940 1.869393 -0.993174
2.833771 1.775071 -1.010186
2.842041 1.684897 -0.965797
2.855203 1.596036 -0.895160
2.869395 1.501883 -0.818995
2.886107 1.415619 -0.729306
2.905965 1.329581 -0.622731
2.916179 1.259659 -0.473284
2.914338 1.214137 -0.289645
2.907087 1.184910 -0.093035
2.894212 1.189399 0.113329
2.884743 1.225826 0.305678
2.875199 1.283435 0.475919
2.858403 1.351406 0.625529
2.838283 1.423905 0.743396
2.818981 1.505663 0.836484
2.801838 1.593080 0.914682
2.787131 1.686245 0.977775
2.776361 1.780118 1.024905
2.775740 1.872980 1.027741
2.787752 1.967694 0.974943
2.803947 2.059699 0.905061
2.820040 2.147155 0.831654
2.838486 2.240541 0.742468
2.858015 2.331745 0.627302
2.874279 2.415135 0.485633
2.884648 2.487734 0.307115
2.894670 2.525702 0.104036
2.907107 2.521246 -0.094759
2.914325 2.469445 -0.288530
2.914840 2.387469 -0.453125
2.907591 2.297493 -0.586658
2.736647 2.216578 -1.489336
2.689874 2.058953 -1.613333
2.652546 1.905093 -1.712291
2.641541 1.735484 -1.741465
2.670257 1.573333 -1.665338
2.715953 1.413542 -1.544196
2.765227 1.244236 -1.413570
2.818664 1.089116 -1.259752
2.875779 0.939604 -1.072996
2.924826 0.813871 -0.816692
2.947574 0.726812 -0.505723
2.951101 0.674255 -0.168534
2.933896 0.682327 0.185384
2.907059 0.747829 0.515266
2.879022 0.851421 0.807234
2.831014 0.973648 1.063818
2.775134 1.104015 1.265962
2.727155 1.251033 1.425610
2.685805 1.408227 1.559719
2.651454 1.575757 1.667926
2.626038 1.744559 1.748757
2.624540 1.911543 1.753617
2.652953 2.081858 1.663068
2.690892 2.247302 1.543222
2.729709 2.404566 1.417328
2.775625 2.572493 1.264370
2.830076 2.736496 1.066857
2.876801 2.886447 0.823894
2.906830 3.016994 0.517731
2.934798 3.085268 0.169446
2.951025 3.077255 -0.171491
2.947623 2.984108 -0.503812
2.929810 2.836699 -0.786097
2.889112 2.674903 -1.015108
2.837948 2.517149 -1.200750
2.788244 2.371670 -1.349831
-2.879956 3.269318 1.587299
-3.027668 3.024089 1.903259
-3.214427 2.770718 2.161610
-3.418925 2.516456 2.391238
-3.612962 2.238032 2.615130
-3.752397 1.956616 2.813321
-3.744294 1.694838 2.805280
-3.582930 1.419284 2.579738
-3.371214 1.162652 2.336797
-3.148902 0.941685 2.082961
-2.971481 0.734535 1.803755
-2.843578 0.543694 1.498783
-2.707715 0.366461 1.131546
-2.592268 0.229563 0.698942
-2.485471 0.137798 0.211389
-2.421080 0.116006 -0.294831
-2.405455 0.181834 -0.780515
-2.437079 0.309057 -1.223935
-2.521158 0.485077 -1.621003
-2.612087 0.692240 -1.949194
-2.785357 0.920597 -2.217401
-3.043012 1.176718 -2.454347
-3.274760 1.429500 -2.666725
-3.432765 1.688744 -2.842860
-3.436136 1.972099 -2.853879
-3.295969 2.238328 -2.710460
-3.099691 2.492439 -2.536242
-2.867395 2.752967 -2.304854
-2.662315 2.996933 -2.024888
-2.535676 3.247880 -1.701455
-2.442690 3.499327 -1.297841
-2.402839 3.694237 -0.820653
-2.420655 3.799484 -0.304510
-2.488852 3.792098 0.216051
-2.607650 3.680664 0.735842
-2.739964 3.492641 1.203942
-5.687608 1.988886 -3.020914
-5.516318 2.278449 -2.874055
-5.273136 2.549360 -2.697623
-4.983673 2.830421 -2.450523
-4.732344 3.093491 -2.141540
-4.591103 3.359966 -1.791353
-4.489947 3.625079 -1.353013
-4.449092 3.819400 -0.840585
-4.481563 3.917437 -0.299940
-4.570818 3.903149 0.242410
-4.717901 3.783919 0.779990
-4.881931 3.590553 1.267893
-5.046398 3.358272 1.671395
-5.217922 3.102870 2.005331
-5.450956 2.838212 2.282661
-5.712636 2.566915 2.534229
-5.960865 2.266394 2.780992
-6.138492 1.964217 3.007342
-6.128101 1.687489 2.998763
-5.918475 1.392638 2.729960
-5.643802 1.123279 2.451178
-5.358467 0.897942 2.170532
-5.139544 0.686505 1.867944
-4.996670 0.489127 1.551459
-4.838704 0.306409 1.176980
-4.696847 0.169949 0.730618
-4.565638 0.076476 0.227978
-4.482195 0.050477 -0.288154
-4.452558 0.114699 -0.784542
-4.476135 0.244865 -1.237215
-4.560226 0.424115 -1.652804
-4.650786 0.635638 -2.007893
-4.855661 0.872264 -2.298308
-5.182224 1.140024 -2.557482
-5.475119 1.407992 -2.787728
-5.676288 1.683680 -2.991045
-6.237189 1.992980 -3.029769
-6.058475 2.288232 -2.882520
-5.804060 2.563240 -2.705718
-5.500890 2.849308 -2.455557
-5.238198 3.117036 -2.140920
-5.093400 3.387297 -1.785812
-4.990573 3.655742 -1.341012
-4.949485 3.850026 -0.822342
-4.985516 3.946448 -0.278186
-5.079744 3.930667 0.267079
-5.233093 3.809489 0.806674
-5.404489 3.614606 1.297255
-5.574954 3.380105 1.703837
-5.752722 3.122234 2.040697
-5.997299 2.854859 2.321627
-6.272630 2.579337 2.577630
-6.533793 2.273417 2.828978
-6.720521 1.966154 3.060739
-6.709584 1.685554 3.052043
-6.488380 1.385998 2.774465
-6.198611 1.113512 2.488154
-5.897810 0.886956 2.202046
-5.668521 0.674497 1.894987
-5.521970 0.475679 1.576829
-5.358722 0.291766 1.202055
-5.210777 0.155412 0.754354
-5.074109 0.061523 0.250306
-4.986197 0.034498 -0.265918
-4.953024 0.098329 -0.762680
-4.974567 0.229312 -1.215497
-5.058431 0.409350 -1.633718
-5.148909 0.621748 -1.993885
-5.361570 0.860195 -2.288671
-5.704717 1.130705 -2.552663
-6.012319 1.402464 -2.786766
-6.223886 1.682339 -2.995675
2.743257 1.618142 0.396089
2.816487 1.792283 0.396089
2.743257 1.968346 0.396089
2.727152 1.795098 0.384022
2.743257 2.081520 0.384022
2.816487 2.087974 0.347819
2.743257 2.091270 0.254379
2.727152 2.082235 0.347819
2.743257 1.968346 -0.603910
2.816487 1.792283 -0.603910
2.743257 1.618142 -0.603910
2.727152 1.795098 -0.594856
2.743257 1.476362 0.254379
2.816487 1.475115 0.347819
2.743257 1.488807 0.384022
2.727152 1.489093 0.347819
6.221206 1.610663 0.395035
6.243522 1.682193 0.323176
6.221206 1.753163 0.395035
6.200103 1.683561 0.422550
2.721784 1.618646 0.347819
2.721784 1.969192 0.347819
2.721784 1.795267 0.254379
3.346086 1.925176 -0.579014
3.372638 1.773837 -0.559138
3.346086 1.622479 -0.579014
3.321739 1.776230 -0.597686
3.321739 1.473723 0.342196
3.346086 1.494943 0.236538
3.372638 1.516501 0.308967
3.346086 1.506443 0.359726
3.321739 1.776230 0.389865
3.346086 1.622479 0.371193
3.372638 1.773837 0.352996
3.346086 1.925176 0.371193
3.321739 2.058017 0.342196
3.346086 2.026275 0.359726
3.372638 2.012081 0.308967
3.346086 2.035287 0.236538
3.424126 1.640104 -0.549302
3.424126 1.901682 -0.549302
3.705769 1.763074 -0.529402
3.424126 1.534787 0.337369
3.424126 1.523964 0.221014
3.715583 1.525276 0.314251
3.424126 1.901682 0.348199
3.424126 1.640104 0.348199
3.713904 1.762818 0.356929
3.424126 2.001423 0.221014
3.424126 1.992943 0.337369
3.715583 1.982027 0.314251
2.993229 2.070377 0.384022
3.178388 2.071682 0.347819
2.993229 2.080017 0.254379
2.993229 1.958491 -0.603910
3.178388 1.780878 -0.603910
2.993229 1.612272 -0.603910
2.993229 1.472105 0.254379
3.178388 1.468952 0.347819
2.993229 1.484408 0.384022
2.993229 1.612272 0.396089
3.178388 1.780878 0.396089
2.993229 1.958491 0.396089
3.424126 2.001423 -0.121779
3.372638 2.012081 0.056103
3.719129 1.981886 0.069147
3.321739 2.058017 0.068425
3.346086 2.035287 -0.126384
3.178388 2.071682 0.070597
2.993229 2.080017 -0.127562
2.816487 2.087974 0.070597
2.743257 2.091270 -0.127562
2.727152 2.082235 0.070597
2.721784 1.618646 0.070597
2.721784 1.969192 0.070597
2.721784 1.795267 -0.127562
2.743257 1.476362 -0.127562
2.816487 1.475115 0.070597
2.727152 1.489093 0.070597
2.993229 1.472105 -0.127562
3.178388 1.468952 0.070597
3.321739 1.473723 0.068425
3.346086 1.494943 -0.126384
3.372638 1.516501 0.056103
3.424126 1.523964 -0.121779
3.719130 1.525197 0.069147
6.259933 1.609598 0.181842
6.274375 1.681224 0.027758
6.259933 1.751800 0.181842
3.713904 1.949098 0.356929
3.372638 1.977522 0.352996
3.321739 2.020512 0.389865
2.816487 2.049100 0.396089
3.178388 2.033451 0.396089
2.727152 2.052963 0.384022
2.721784 2.053195 0.254379
2.721784 2.053195 -0.127562
2.743257 2.081520 -0.594856
2.816487 2.049100 -0.603910
2.727152 2.052963 -0.594856
2.993229 2.070377 -0.594856
3.178388 2.033451 -0.603910
3.346086 2.026275 -0.570410
3.372638 1.977522 -0.559138
3.321739 2.020512 -0.597686
3.424126 1.992943 -0.541176
3.705769 1.949410 -0.529402
6.229666 1.792746 0.323176
6.260519 1.791593 0.027758
6.228509 1.811583 0.181353
6.189924 1.813065 0.394685
6.186438 1.794613 0.422550
3.372638 2.012081 -0.526103
3.424126 2.001423 -0.474294
3.707381 1.982353 -0.497381
3.321739 2.058017 -0.561920
3.346086 2.035287 -0.499601
2.993229 2.080017 -0.520336
3.178388 2.071682 -0.567694
2.816487 2.087974 -0.567694
2.743257 2.091270 -0.520336
2.727152 2.082235 -0.567694
2.721784 1.969192 -0.567694
2.721784 2.053195 -0.520336
2.721784 1.618646 -0.567694
2.721784 1.795267 -0.520336
2.743257 1.488807 -0.594856
2.816487 1.475115 -0.567694
2.743257 1.476362 -0.520336
2.727152 1.489093 -0.567694
2.993229 1.472105 -0.520336
2.993229 1.484408 -0.594856
3.178388 1.468952 -0.567694
3.346086 1.494943 -0.499601
3.321739 1.473723 -0.561920
3.346086 1.506443 -0.570410
3.372638 1.516501 -0.526103
3.424126 1.534787 -0.541176
3.707381 1.525459 -0.497381
3.424126 1.523964 -0.474294
6.160374 1.684803 -0.295201
6.131631 1.613126 -0.332914
6.111403 1.686346 -0.354540
6.131631 1.756317 -0.332914
6.146518 1.795855 -0.295201
6.097737 1.797930 -0.354540
6.100679 1.816494 -0.333633
3.372638 1.560606 -0.559138
3.705769 1.567620 -0.529402
3.321739 1.521588 -0.597686
2.816487 1.524727 -0.603910
3.178388 1.517744 -0.603910
2.727152 1.526451 -0.594856
2.721784 1.526555 -0.520336
2.721784 1.526555 0.254379
2.721784 1.526555 -0.127562
2.727152 1.526451 0.384022
2.816487 1.524727 0.396089
3.178388 1.517744 0.396089
3.321739 1.521588 0.389865
3.372638 1.560606 0.352996
3.713904 1.567424 0.356929
6.189924 1.540977 0.394685
6.229666 1.564673 0.323176
6.186438 1.565521 0.422550
6.228509 1.540061 0.181353
6.260519 1.563901 0.027758
6.146518 1.566755 -0.295201
6.100679 1.543094 -0.333633
6.097737 1.567741 -0.354540
3.276865 2.057735 0.384022
3.276865 2.067249 0.254379
3.276865 2.067249 -0.127562
3.276865 2.067249 -0.520336
3.276865 2.057735 -0.594856
3.276865 1.947310 -0.603910
3.276865 1.605612 -0.603910
3.276865 1.479417 -0.594856
3.276865 1.467275 -0.520336
3.276865 1.467275 0.254379
3.276865 1.467275 -0.127562
3.276865 1.479417 0.384022
3.276865 1.605612 0.396089
3.276865 1.947310 0.396089
4.468946 1.932330 0.258873
4.457004 1.925144 0.369056
5.277133 1.878776 0.364635
4.480247 1.931881 -0.066356
5.303108 1.877748 0.139434
4.424397 1.926428 -0.471636
4.438493 1.933540 -0.407828
5.217054 1.881153 -0.395104
5.206784 1.853450 -0.424525
4.422784 1.847309 -0.479331
4.422784 1.630950 -0.479331
5.208325 1.715124 -0.424525
4.424397 1.539015 -0.471636
5.206784 1.569015 -0.424525
5.217054 1.532798 -0.395104
4.438493 1.528909 -0.407828
4.468946 1.528229 0.258873
4.480247 1.527977 -0.066356
5.303108 1.530864 0.139434
4.457004 1.538273 0.369056
5.277133 1.531447 0.364635
5.266373 1.567568 0.403848
4.455324 1.630076 0.379312
4.455325 1.846142 0.379312
5.267914 1.713252 0.403848
5.266373 1.851177 0.403848
4.468213 1.932359 -0.271212
3.719416 1.981875 -0.227424
5.305210 1.877665 -0.137028
3.424126 2.001423 -0.333681
3.372638 2.012081 -0.249216
3.321739 2.058017 -0.262140
3.346086 2.035287 -0.350730
3.178388 2.071682 -0.264134
3.276865 2.067249 -0.363664
2.993229 2.080017 -0.363664
2.816487 2.087974 -0.264134
2.743257 2.091270 -0.363664
2.727152 2.082235 -0.264134
2.721784 1.969192 -0.264134
2.721784 2.053195 -0.363664
2.721784 1.618646 -0.264134
2.721784 1.795267 -0.363664
2.727152 1.489093 -0.264134
2.721784 1.526555 -0.363664
2.743257 1.476362 -0.363664
2.816487 1.475115 -0.264134
2.993229 1.472105 -0.363664
3.178388 1.468952 -0.264134
3.276865 1.467275 -0.363664
3.321739 1.473723 -0.262140
3.346086 1.494943 -0.350730
3.372638 1.516501 -0.249216
3.424126 1.523964 -0.333681
3.719416 1.525191 -0.227424
4.468213 1.528246 -0.271212
5.305210 1.530816 -0.137028
6.263068 1.609511 -0.082350
6.231631 1.539987 -0.082981
6.227664 1.564723 -0.165264
6.241520 1.682255 -0.165264
6.263068 1.751689 -0.082350
6.227664 1.792821 -0.165264
6.231631 1.811463 -0.082981
3.713415 1.982113 -0.393464
5.261251 1.879404 -0.296592
3.372638 2.012081 -0.419385
3.321739 2.058017 -0.446378
3.178388 2.071682 -0.450695
2.816487 2.087974 -0.450695
2.727152 2.082235 -0.450695
2.721784 1.969192 -0.450695
2.721784 1.618646 -0.450695
2.727152 1.489093 -0.450695
2.816487 1.475115 -0.450695
3.178388 1.468952 -0.450695
3.321739 1.473723 -0.446378
3.372638 1.516501 -0.419385
3.713415 1.525325 -0.393464
5.261251 1.531804 -0.296592
6.197527 1.611314 -0.237766
6.166333 1.541536 -0.238446
6.197527 1.753997 -0.237766
6.166333 1.813971 -0.238446
5.764317 1.839983 0.409512
6.038852 1.828973 0.389762
5.790541 1.845532 0.307209
5.816813 1.844501 0.004374
6.075427 1.827550 0.174485
5.788836 1.845598 -0.191688
6.078387 1.827434 -0.091845
5.719740 1.848308 -0.323367
6.016489 1.829843 -0.247999
5.688509 1.842930 -0.383273
5.954254 1.832264 -0.343739
5.694005 1.778885 -0.390418
5.948600 1.807049 -0.371863
5.959578 1.691180 -0.371863
5.694005 1.618454 -0.390418
5.688509 1.543132 -0.383273
5.948600 1.568166 -0.371863
5.719740 1.533879 -0.323367
5.954254 1.534775 -0.343739
5.788836 1.532302 -0.191688
6.016489 1.533335 -0.247999
5.816813 1.531663 0.004374
6.078387 1.531903 -0.091845
5.790541 1.532263 0.307209
6.075427 1.531971 0.174485
5.764317 1.541367 0.409512
6.038852 1.532818 0.389762
5.769658 1.616396 0.419035
6.032509 1.566078 0.427246
6.043486 1.688545 0.427246
5.769658 1.776198 0.419035
6.032509 1.803900 0.427246
6.144688 1.815600 0.421548
6.173540 1.820703 0.321589
6.203938 1.819523 0.025434
6.171568 1.820779 -0.167891
6.091619 1.823880 -0.298000
6.056973 1.818973 -0.356732
6.072273 1.759118 -0.363713
6.072274 1.614092 -0.363713
6.056973 1.543396 -0.356732
6.091619 1.534374 -0.298000
6.171568 1.532514 -0.167891
6.203938 1.531762 0.025434
6.173540 1.532468 0.321589
6.144688 1.541318 0.421548
6.159808 1.611687 0.430852
6.159808 1.756034 0.430852
2.937775 3.348395 -0.659258
2.845349 3.277117 -0.869542
2.345080 3.403858 -0.685537
2.872184 3.449299 -0.452774
2.900862 3.154390 -1.026736
2.792640 3.069419 -1.198802
2.307478 3.207375 -1.069711
2.829703 2.941311 -1.324945
2.705484 2.850810 -1.479593
2.233947 2.987655 -1.383320
2.743336 2.733526 -1.566662
2.619234 2.650161 -1.692993
2.141184 2.772758 -1.637102
2.661059 2.541852 -1.760874
2.532445 2.453928 -1.884148
2.043281 2.573143 -1.843257
2.579104 2.337510 -1.942585
2.451091 2.237205 -2.061125
1.944099 2.360287 -2.033398
2.506074 2.129880 -2.104048
2.382922 2.034140 -2.209560
1.857074 2.145180 -2.199421
2.447858 1.927125 -2.232830
2.338010 1.818395 -2.307846
1.789452 1.933123 -2.331802
2.430880 1.703627 -2.270586
2.354250 1.587447 -2.273456
1.774479 1.700299 -2.364963
2.475871 1.489987 -2.171281
2.422832 1.382440 -2.124602
1.832071 1.478892 -2.256031
2.547385 1.279498 -2.013348
2.497714 1.155941 -1.962657
1.921532 1.261198 -2.089051
2.624529 1.056590 -1.843014
2.585102 0.938165 -1.772194
2.018859 1.032267 -1.908093
2.713584 0.852427 -1.642632
2.679477 0.740200 -1.550338
2.119005 0.823480 -1.697160
2.803379 0.659248 -1.396627
2.767360 0.550927 -1.261058
2.210860 0.626801 -1.438799
2.886253 0.493755 -1.063147
2.841599 0.409763 -0.878157
2.294519 0.458280 -1.094170
2.937680 0.375565 -0.661528
2.872073 0.311866 -0.454449
2.344736 0.337697 -0.683068
2.957360 0.306424 -0.222988
2.881266 0.277629 0.007274
2.361397 0.268144 -0.233948
2.942544 0.317098 0.237291
2.843455 0.332667 0.465480
2.341573 0.280168 0.237039
2.900104 0.403314 0.666390
2.800364 0.445932 0.873129
2.292360 0.367968 0.677868
2.854668 0.539628 1.046176
2.742355 0.602284 1.236823
2.238922 0.505881 1.068158
2.778278 0.700488 1.379947
2.648201 0.768336 1.544167
2.154617 0.670107 1.410117
2.691118 0.872070 1.643023
2.570684 0.952812 1.775282
2.061430 0.845474 1.681627
2.621830 1.065579 1.850953
2.503119 1.158411 1.973133
1.979706 1.042627 1.900340
2.563332 1.272538 2.025746
2.448610 1.372656 2.131854
1.903299 1.253744 2.086496
2.515962 1.493160 2.166936
2.403795 1.603223 2.261510
1.838138 1.480874 2.240935
2.480577 1.715528 2.272421
2.379711 1.823370 2.331637
1.789113 1.711627 2.360156
2.478457 1.935526 2.278755
2.401434 2.052044 2.268165
1.786340 1.939128 2.366802
2.517936 2.159911 2.160796
2.454462 2.276681 2.113177
1.836751 2.172388 2.239209
2.570242 2.377900 2.004625
2.507875 2.494042 1.957424
1.904507 2.399535 2.073302
2.625137 2.585081 1.840569
2.571286 2.703906 1.771721
1.975755 2.614383 1.899475
2.691568 2.806187 1.641366
2.647355 2.937859 1.546131
2.055792 2.841483 1.690792
2.776796 3.022123 1.384309
2.739202 3.138608 1.249021
2.149235 3.063068 1.423924
2.851427 3.219569 1.068152
2.797355 3.336715 0.898178
2.232463 3.265663 1.096424
2.899728 3.391496 0.669810
2.845016 3.473315 0.447289
2.290405 3.441690 0.685346
2.943743 3.481451 0.216712
2.881297 3.514841 -0.005151
2.342320 3.535119 0.219102
2.957228 3.470929 -0.226869
2.361336 3.526116 -0.238570
1.837579 3.143783 -0.422746
1.860021 2.647776 -0.341495
1.860021 2.711588 -0.132985
1.837534 3.017367 -0.742056
1.860021 2.554320 -0.533568
1.837444 2.851697 -1.016685
1.860021 2.444089 -0.688661
1.837362 2.684851 -1.235906
1.860020 2.342697 -0.817801
1.837049 2.519448 -1.430313
1.860020 2.231506 -0.937147
1.836466 2.342712 -1.607359
1.860019 2.121343 -1.040841
1.835909 2.172902 -1.755898
1.860018 2.012082 -1.123113
1.835519 1.990424 -1.860184
1.860018 1.888725 -1.161067
1.835548 1.791706 -1.852245
1.860018 1.765063 -1.112387
1.836012 1.607556 -1.728591
1.860019 1.653930 -1.014706
1.836686 1.434120 -1.548859
1.860020 1.544865 -0.890317
1.837211 1.272922 -1.348336
1.860020 1.451631 -0.763641
1.837395 1.138381 -1.148184
1.860021 1.370692 -0.630957
1.837480 1.013197 -0.921295
1.860021 1.293387 -0.474464
1.837553 0.902277 -0.663528
1.860021 1.232581 -0.305078
1.837579 0.821547 -0.384790
1.860021 1.192814 -0.119018
1.837576 0.782309 -0.078974
1.860021 1.185337 0.080932
1.837463 0.799078 0.238786
1.860020 1.211419 0.281424
1.837250 0.856923 0.549222
1.860020 1.256146 0.470594
1.836961 0.940837 0.824967
1.860020 1.317050 0.632561
1.836536 1.045082 1.069356
1.860019 1.386506 0.781630
1.836106 1.157775 1.284395
1.860018 1.461805 0.908423
1.835652 1.287163 1.483855
1.860018 1.551603 1.036387
1.835073 1.436646 1.674346
1.860017 1.651843 1.150762
1.834400 1.606295 1.856878
1.860016 1.766389 1.262028
1.833886 1.791294 1.996226
1.860016 1.884711 1.311690
1.833860 1.978945 2.003112
1.860016 2.005118 1.272241
1.834294 2.170257 1.885571
1.860017 2.126965 1.176353
1.834900 2.360024 1.721148
1.860018 2.243897 1.070117
1.835483 2.534724 1.547803
1.860018 2.349594 0.954848
1.835956 2.697376 1.359224
1.860019 2.452059 0.828992
1.836379 2.855664 1.147699
1.860020 2.549540 0.683013
1.836856 3.002574 0.897036
1.860020 2.638502 0.507383
1.837221 3.136397 0.590926
1.860020 2.711875 0.297935
1.837454 3.214277 0.251695
1.860021 2.733114 0.082058
1.837575 3.212035 -0.088107
-5.038308 3.840747 -0.813312
-5.092369 3.717293 -1.050372
-5.110480 3.748974 -0.771995
-5.109176 3.858638 -0.531562
-5.077914 3.648037 -1.329016
-5.176650 3.488228 -1.527998
-5.140077 3.566608 -1.261909
-5.179061 3.381116 -1.771440
-5.274745 3.213198 -1.911546
-5.228455 3.313063 -1.682210
-5.318554 3.112321 -2.124613
-5.441068 2.963688 -2.230595
-5.329873 3.057716 -2.017711
-5.574254 2.845901 -2.437740
-5.722266 2.687145 -2.517659
-5.528127 2.804580 -2.315235
-5.875257 2.561228 -2.686193
-5.993776 2.414155 -2.712559
-5.800679 2.534098 -2.549367
-6.129501 2.287673 -2.861211
-6.211566 2.144525 -2.867969
-6.042590 2.274217 -2.712253
-6.308023 1.993777 -3.007228
-6.314869 1.840699 -2.959521
-6.212428 1.994947 -2.849760
-6.294508 1.684735 -2.972559
-6.183492 1.551864 -2.800619
-6.199499 1.701872 -2.815515
-6.082915 1.406477 -2.764292
-5.925361 1.291786 -2.588428
-5.998117 1.438456 -2.617066
-5.775340 1.136264 -2.531804
-5.602180 1.022246 -2.346858
-5.705407 1.182230 -2.399077
-5.438575 0.867316 -2.269531
-5.339041 0.773115 -2.077883
-5.427332 0.926323 -2.152952
-5.233088 0.630248 -1.976531
-5.232036 0.556644 -1.766921
-5.276923 0.700164 -1.876093
-5.143713 0.419263 -1.618368
-5.145620 0.361843 -1.379959
-5.194694 0.499374 -1.536222
-5.061731 0.240476 -1.202927
-5.091951 0.211212 -0.960689
-5.124894 0.329619 -1.141727
-5.041880 0.110364 -0.753544
-5.111270 0.111992 -0.499523
-5.114163 0.206068 -0.715140
-5.075356 0.047082 -0.260517
-5.158909 0.093326 -0.003321
-5.146120 0.146017 -0.247111
-5.163303 0.074063 0.251779
-5.282119 0.158936 0.493840
-5.229830 0.171680 0.239196
-5.299790 0.167301 0.752201
-5.416441 0.269632 0.963786
-5.359667 0.260208 0.714296
-5.446962 0.302596 1.196694
-5.568153 0.424710 1.358204
-5.495664 0.388633 1.136303
-5.609194 0.485406 1.568482
-5.723117 0.619546 1.693383
-5.645916 0.562979 1.488114
-5.755206 0.683057 1.884240
-5.873132 0.811320 1.985173
-5.784705 0.751487 1.786369
-5.979772 0.894073 2.189538
-6.136896 1.032161 2.286964
-5.967774 0.951972 2.075587
-6.276109 1.118969 2.474154
-6.410185 1.258163 2.546138
-6.219232 1.164705 2.344910
-6.566049 1.389849 2.759400
-6.686241 1.556951 2.842830
-6.495222 1.421872 2.615625
-6.787391 1.687861 3.036650
-6.809123 1.829438 3.026741
-6.705917 1.705000 2.881942
-6.798331 1.966749 3.045279
-6.710798 2.112673 2.866760
-6.716330 1.968743 2.890013
-6.611592 2.272451 2.814112
-6.473487 2.420154 2.627176
-6.538607 2.259064 2.668175
-6.350380 2.576878 2.564074
-6.215483 2.700801 2.381660
-6.289997 2.548255 2.431343
-6.076620 2.850906 2.309514
-5.959397 2.961163 2.125537
-6.041125 2.808216 2.190729
-5.836697 3.116696 2.030349
-5.777676 3.220194 1.829322
-5.843417 3.060845 1.926799
-5.662287 3.372998 1.695647
-5.620479 3.458865 1.468277
-5.696480 3.304328 1.609246
-5.492665 3.606030 1.291683
-5.449130 3.671494 1.036390
-5.538133 3.525460 1.225625
-5.322020 3.799494 0.804474
-5.294075 3.828063 0.524842
-5.379788 3.708058 0.763314
-5.168967 3.920016 0.268766
-5.160479 3.899278 0.000363
-5.235229 3.822312 0.255251
-5.074674 3.936064 -0.272749
-5.145470 3.838622 -0.258621
2.970959 3.362669 -0.428826
2.957242 3.174832 -0.585219
2.948459 3.198999 -0.823766
2.929542 3.002936 -0.912008
2.899337 3.002071 -1.134865
2.871519 2.814262 -1.177123
2.819271 2.795187 -1.400481
2.804303 2.630301 -1.392031
2.745334 2.605264 -1.601981
2.740495 2.460655 -1.564615
2.668168 2.419928 -1.782339
2.672638 2.279798 -1.726114
2.593666 2.214833 -1.949548
2.610956 2.095988 -1.869659
2.530899 2.022837 -2.089935
2.561729 1.916569 -1.984219
2.489110 1.819106 -2.183403
2.547217 1.718784 -2.017992
2.503200 1.600755 -2.151889
2.585086 1.529696 -1.929864
2.565922 1.406949 -2.011601
2.645348 1.343360 -1.789623
2.633888 1.192429 -1.859583
2.710327 1.145929 -1.638404
2.712960 0.985790 -1.680125
2.779948 0.965039 -1.460335
2.794991 0.797925 -1.470512
2.851105 0.793726 -1.241780
2.876601 0.618724 -1.196425
2.919247 0.647107 -0.945069
2.945116 0.484302 -0.833196
2.957173 0.542548 -0.587432
2.970888 0.391256 -0.430895
2.968057 0.481261 -0.197083
2.977735 0.358549 0.007662
2.952198 0.490674 0.212631
2.942445 0.410681 0.442815
2.917210 0.567056 0.594520
2.903522 0.518269 0.829587
2.880143 0.687858 0.932518
2.850819 0.666805 1.174912
2.817357 0.830389 1.229553
2.764891 0.824409 1.466299
2.745132 0.982413 1.463566
2.693444 0.999570 1.684971
2.686166 1.153854 1.648383
2.632207 1.194588 1.871485
2.636109 1.337161 1.803635
2.582917 1.397614 2.020766
2.595226 1.532522 1.928901
2.542818 1.615882 2.142055
2.564809 1.729366 2.022475
2.521080 1.824018 2.208012
2.562995 1.924090 2.028101
2.540814 2.040293 2.148141
2.597040 2.122698 1.923276
2.589125 2.252636 2.001908
2.642267 2.315627 1.784536
2.637556 2.458128 1.855237
2.689258 2.499016 1.638795
2.695081 2.656770 1.679997
2.745727 2.694839 1.461723
2.764779 2.878679 1.466640
2.816223 2.886087 1.233072
2.848474 3.068797 1.184997
2.877455 3.060948 0.951804
2.901024 3.256640 0.852522
2.916934 3.213182 0.597374
2.944033 3.385757 0.424737
2.953264 3.292798 0.194180
2.977784 3.425065 -0.004355
2.967949 3.283454 -0.200507
-0.982723 3.412448 1.163934
0.781979 3.224607 1.303125
0.868685 3.427783 0.927007
-1.102659 3.196445 1.528603
0.672869 3.013163 1.620457
-1.231184 2.959574 1.828081
0.566506 2.771474 1.867020
-1.380183 2.715492 2.069589
0.453352 2.547831 2.073226
-1.537527 2.475150 2.280104
0.350019 2.313440 2.253630
-1.686877 2.214846 2.484075
0.252337 2.067164 2.431777
-1.794808 1.950446 2.657708
0.212055 1.823420 2.519182
-1.788591 1.700754 2.650135
0.260043 1.588737 2.420760
-1.666978 1.441033 2.461792
0.360711 1.340132 2.248279
-1.507121 1.194824 2.249578
0.469213 1.121197 2.062166
-1.336439 0.977319 2.019010
0.590714 0.910366 1.835544
-1.192872 0.773705 1.760444
0.687362 0.722831 1.585753
-1.077234 0.588352 1.466397
0.797105 0.548859 1.266466
-0.959590 0.415733 1.106990
0.879138 0.391703 0.889645
-0.866095 0.278476 0.688104
0.944471 0.278222 0.460510
-0.779721 0.188112 0.215667
1.002944 0.220220 -0.014207
-0.731104 0.169773 -0.279583
1.007469 0.250943 -0.491393
-0.726879 0.236917 -0.753759
0.988523 0.349896 -0.930713
-0.765049 0.361805 -1.187042
0.917296 0.494453 -1.328301
-0.848933 0.535175 -1.566680
0.828879 0.686375 -1.646053
-0.940172 0.738610 -1.871059
0.728852 0.890069 -1.893399
-1.087574 0.960027 -2.119753
0.589240 1.116820 -2.106617
-1.288517 1.206528 -2.337588
0.452513 1.355427 -2.291456
-1.469934 1.446921 -2.534540
0.337804 1.575443 -2.458523
-1.592421 1.692815 -2.687298
0.293737 1.822321 -2.523610
-1.589307 1.958325 -2.682604
0.353039 2.061002 -2.425424
-1.474804 2.205409 -2.542641
0.457725 2.281671 -2.272407
-1.317176 2.445736 -2.370719
0.585935 2.513608 -2.087560
-1.131968 2.689416 -2.153245
0.724254 2.730719 -1.869808
-0.964767 2.917708 -1.898676
0.837942 2.944671 -1.627196
-0.850114 3.155915 -1.599025
0.929467 3.178545 -1.316885
-0.764085 3.396150 -1.226187
0.991345 3.392981 -0.946158
-0.725068 3.591629 -0.780620
1.008073 3.559185 -0.498013
-0.730850 3.702905 -0.287495
1.002599 3.619335 -0.022870
-0.781640 3.701334 0.212307
0.942782 3.570556 0.454263
-0.876726 3.596257 0.714668
-5.052166 3.683339 -0.743434
-4.990851 3.595766 -0.976063
-4.533135 3.643919 -0.719324
-5.009585 3.725798 -0.494050
-5.074699 3.508240 -1.214991
-5.052413 3.383204 -1.419713
-4.552274 3.471951 -1.179315
-5.153863 3.264219 -1.619503
-5.130780 3.127750 -1.775961
-4.621293 3.233851 -1.574012
-5.231146 3.018463 -1.942402
-5.220612 2.896001 -2.072300
-4.687402 2.994059 -1.889075
-5.388893 2.774836 -2.228750
-5.437676 2.639142 -2.338275
-4.825192 2.756344 -2.168474
-5.638276 2.514515 -2.452704
-5.683011 2.385584 -2.514879
-5.049268 2.502339 -2.390703
-5.870790 2.264396 -2.607051
-5.884214 2.135146 -2.655720
-5.260246 2.258290 -2.547796
-6.034031 1.995616 -2.738562
-5.979650 1.853143 -2.740363
-5.408367 1.996032 -2.678342
-6.021605 1.713965 -2.704774
-5.858278 1.586178 -2.590249
-5.397091 1.720102 -2.647600
-5.828046 1.461136 -2.513434
-5.619805 1.345628 -2.395323
-5.221460 1.471554 -2.461830
-5.546705 1.214881 -2.305777
-5.335677 1.095405 -2.175798
-4.966178 1.230347 -2.253462
-5.310611 0.968240 -2.071180
-5.179989 0.862697 -1.929147
-4.756692 0.990619 -2.018437
-5.198840 0.749816 -1.805828
-5.100185 0.660454 -1.641499
-4.660948 0.779535 -1.756556
-5.121390 0.556223 -1.478999
-5.023723 0.479356 -1.282212
-4.592527 0.591566 -1.436917
-5.060179 0.392844 -1.099324
-4.990820 0.339447 -0.892786
-4.539367 0.432152 -1.066454
-5.055792 0.273934 -0.688761
-5.011588 0.247290 -0.464446
-4.536286 0.316128 -0.665854
-5.086553 0.216138 -0.238312
-5.055802 0.229952 -0.003563
-4.563060 0.259735 -0.226336
-5.167062 0.240838 0.229727
-5.169825 0.290891 0.458209
-4.634805 0.283835 0.230346
-5.291903 0.326041 0.686981
-5.292744 0.393708 0.894704
-4.746658 0.366970 0.676504
-5.419737 0.449641 1.093135
-5.424870 0.538011 1.260652
-4.862174 0.487571 1.072803
-5.561214 0.617994 1.430897
-5.566461 0.720582 1.569448
-4.991796 0.650347 1.404606
-5.694551 0.800023 1.716789
-5.694403 0.899123 1.839019
-5.114624 0.826344 1.686669
-5.848077 0.993071 1.994541
-5.875329 1.104090 2.118121
-5.252163 1.014458 1.959296
-6.067352 1.197210 2.252913
-6.117285 1.312446 2.357244
-5.448846 1.215259 2.213636
-6.332601 1.444624 2.513134
-6.372236 1.590977 2.634048
-5.690152 1.456919 2.468413
-6.535096 1.717117 2.771440
-6.485723 1.842596 2.809105
-5.874370 1.722799 2.715106
-6.545103 1.970072 2.779116
-6.394915 2.104595 2.656209
-5.883473 1.971978 2.722844
-6.374297 2.249395 2.564034
-6.175747 2.390563 2.433722
-5.728085 2.244772 2.517208
-6.135363 2.527676 2.336655
-5.943008 2.650552 2.206912
-5.510717 2.516424 2.293854
-5.909576 2.777594 2.106006
-5.744663 2.892316 1.971127
-5.307455 2.761024 2.066317
-5.741973 3.020872 1.852918
-5.611887 3.133260 1.697073
-5.157364 2.998025 1.816884
-5.609792 3.255256 1.547525
-5.472326 3.354723 1.361748
-5.036545 3.226597 1.518280
-5.458335 3.467942 1.178314
-5.318135 3.551668 0.960801
-4.897096 3.434496 1.158028
-5.309035 3.642846 0.733601
-5.180081 3.695116 0.486324
-4.761683 3.607393 0.723485
-5.172253 3.752624 0.245040
-5.057253 3.762668 -0.000076
-4.639456 3.715004 0.245660
-5.085927 3.769063 -0.249298
-4.562526 3.729055 -0.237303
-3.941236 1.862385 -2.594665
-2.003274 1.997907 -2.422162
-3.875876 2.127139 -2.513159
-1.937132 2.230767 -2.291846
-3.738078 2.361193 -2.360127
-1.842923 2.447460 -2.110350
-3.570287 2.598163 -2.168072
-1.743901 2.672992 -1.889026
-3.423844 2.838218 -1.915497
-1.688214 2.884061 -1.640945
-3.368626 3.054806 -1.638545
-1.669317 3.096974 -1.361199
-3.322815 3.293547 -1.305604
-1.649114 3.308384 -1.010745
-3.286330 3.493409 -0.891112
-1.641212 3.468315 -0.603121
-3.294933 3.622575 -0.441437
-1.645857 3.553560 -0.175936
-3.321420 3.662395 0.020756
-1.670729 3.553953 0.256911
-3.398461 3.607842 0.479893
-1.715012 3.455187 0.688414
-3.487783 3.461714 0.927351
-1.776422 3.287192 1.078269
-3.600119 3.274302 1.303274
-1.851220 3.100185 1.398139
-3.704535 3.065987 1.616794
-1.917144 2.898039 1.667293
-3.802939 2.842951 1.879488
-1.993079 2.690017 1.904853
-3.943237 2.616601 2.112716
-2.089099 2.468010 2.122973
-4.105451 2.369466 2.332195
-2.189891 2.226004 2.330942
-4.257978 2.104485 2.540394
-2.261945 1.982180 2.486179
-4.321175 1.853058 2.657014
-2.257723 1.745650 2.477700
-4.242195 1.608919 2.519281
-2.172302 1.509573 2.293247
-4.064765 1.354776 2.268094
-2.060409 1.293393 2.061399
-3.895817 1.150534 2.034829
-1.965617 1.104644 1.821090
-3.765742 0.958037 1.766613
-1.893823 0.939225 1.568566
-3.670479 0.793724 1.505830
-1.826804 0.793413 1.298012
-3.564891 0.632883 1.201821
-1.759322 0.658536 0.988924
-3.470982 0.499629 0.857401
-1.709568 0.551453 0.637048
-3.391984 0.403539 0.449462
-1.669044 0.477637 0.240901
-3.320473 0.346586 0.017899
-1.645870 0.456238 -0.164590
-3.295921 0.362790 -0.412831
-1.641662 0.506310 -0.554840
-3.285950 0.448918 -0.813149
-1.645092 0.609329 -0.910536
-3.305999 0.579674 -1.177097
-1.661095 0.750874 -1.239472
-3.350754 0.747924 -1.513680
-1.680652 0.911770 -1.528082
-3.398589 0.929734 -1.789710
-1.715389 1.085989 -1.779813
-3.500795 1.139217 -2.039629
-1.805821 1.292844 -2.028104
-3.694791 1.373870 -2.274399
-1.919813 1.513014 -2.250325
-3.858113 1.604884 -2.469774
-1.998239 1.745705 -2.409270
1.234443 1.999725 -2.099531
1.761773 1.891288 -2.062596
1.762696 2.104314 -1.995145
1.244405 2.204085 -1.982740
1.764641 2.291660 -1.852940
1.258595 2.394257 -1.816388
1.767004 2.481341 -1.674341
1.273439 2.592186 -1.618112
1.768999 2.673490 -1.468485
1.281415 2.777423 -1.400394
1.769543 2.846856 -1.246801
1.283509 2.964277 -1.154886
1.769894 3.037954 -0.980301
1.285804 3.149812 -0.847324
1.770209 3.199044 -0.648648
1.286952 3.291387 -0.489725
1.770250 3.309470 -0.289451
1.286852 3.367824 -0.114958
1.770110 3.346282 0.081002
1.283777 3.370335 0.265590
1.769290 3.310517 0.452711
1.277836 3.283116 0.645500
1.768228 3.182438 0.814578
1.268521 3.133245 0.988317
1.766392 3.029340 1.116594
1.256369 2.968719 1.269038
1.764584 2.861362 1.367672
1.245592 2.791449 1.505927
1.762909 2.684809 1.583992
1.233521 2.609293 1.717120
1.760743 2.503260 1.782529
1.218682 2.413645 1.911251
1.758343 2.301615 1.965123
1.203237 2.201123 2.095390
1.756097 2.091612 2.132021
1.192195 1.986870 2.227026
1.755167 1.884310 2.201171
1.192842 1.776717 2.219314
1.756330 1.680620 2.114750
1.205932 1.569534 2.063256
1.758942 1.482873 1.920603
1.223079 1.379541 1.858836
1.761453 1.310623 1.724876
1.237853 1.212134 1.645503
1.763539 1.155677 1.503395
1.249404 1.067231 1.422125
1.765176 1.026499 1.286506
1.260360 0.941025 1.181301
1.766992 0.906767 1.028967
1.271203 0.824279 0.907606
1.768443 0.801587 0.751057
1.278566 0.730302 0.598796
1.769361 0.724673 0.424526
1.284003 0.665520 0.251133
1.770121 0.679085 0.079085
1.286866 0.646741 -0.104729
1.770251 0.692055 -0.265689
1.286952 0.690684 -0.447217
1.770228 0.760996 -0.586120
1.286286 0.781095 -0.759379
1.770024 0.865659 -0.877440
1.284421 0.905316 -1.048057
1.769678 0.999412 -1.147591
1.282253 1.045510 -1.302152
1.769259 1.138308 -1.375169
1.277586 1.196185 -1.526305
1.767971 1.298618 -1.593085
1.264183 1.376712 -1.750874
1.765252 1.487180 -1.808269
1.247014 1.570946 -1.952158
1.762947 1.677804 -1.976814
1.235201 1.777178 -2.090640
-0.157478 1.880996 -2.264840
-0.138540 2.112071 -2.191674
-0.098612 2.315289 -2.037421
-0.050128 2.521040 -1.843691
-0.009167 2.729470 -1.620394
0.001978 2.917524 -1.379928
0.009196 3.124812 -1.090849
0.015656 3.299550 -0.731098
0.016499 3.419332 -0.341468
0.013626 3.459262 0.060371
-0.003195 3.420467 0.463573
-0.025002 3.281538 0.856099
-0.062690 3.115469 1.183702
-0.099791 2.933259 1.456053
-0.134166 2.741748 1.690700
-0.178633 2.544816 1.906059
-0.227885 2.326088 2.104122
-0.273966 2.098293 2.285160
-0.293058 1.873428 2.360169
-0.269197 1.652480 2.266426
-0.215593 1.437979 2.055830
-0.164062 1.251136 1.843520
-0.121233 1.083062 1.603275
-0.087636 0.942940 1.368010
-0.050364 0.813064 1.088652
-0.020591 0.698972 0.787196
-0.001744 0.615541 0.433000
0.013865 0.566091 0.058292
0.016510 0.580160 -0.315693
0.016044 0.654942 -0.663272
0.011869 0.768472 -0.979273
0.004764 0.913557 -1.272312
-0.003842 1.064221 -1.519172
-0.030275 1.238113 -1.755550
-0.086069 1.442651 -1.988965
-0.133393 1.649426 -2.171790
-6.052854 2.137909 -2.718824
-5.846001 2.393999 -2.573691
-5.591900 2.653281 -2.391699
-5.354845 2.915938 -2.119512
-5.244862 3.152918 -1.816484
-5.160990 3.414138 -1.452195
-5.092566 3.631561 -0.998538
-5.110778 3.764925 -0.505686
-5.159557 3.802905 -0.000534
-5.285980 3.734275 0.497082
-5.429932 3.586962 0.982478
-5.589041 3.385397 1.392538
-5.733812 3.158866 1.735438
-5.878804 2.912594 2.016020
-6.096598 2.665352 2.257795
-6.338075 2.399279 2.490115
-6.563469 2.106974 2.717638
-6.656857 1.838720 2.872621
-6.540146 1.580955 2.694955
-6.277952 1.296457 2.412294
-6.025962 1.082904 2.167265
-5.820903 0.873261 1.881480
-5.685997 0.690823 1.605364
-5.539809 0.504639 1.288798
-5.401673 0.357162 0.914464
-5.275089 0.252025 0.468117
-5.158067 0.189710 -0.004079
-5.112819 0.207439 -0.475365
-5.092489 0.301676 -0.913374
-5.131572 0.444744 -1.311589
-5.211058 0.629878 -1.679028
-5.298502 0.836311 -1.973543
-5.484605 1.073857 -2.226770
-5.781020 1.329769 -2.452788
-6.026190 1.576071 -2.652799
-6.150970 1.849477 -2.805501
2.887250 2.103515 -0.132743
2.878384 2.028500 -0.048929
2.884023 2.009727 -0.103793
2.895010 2.068434 -0.212173
2.888500 1.986932 -0.147348
2.901195 2.029930 -0.276613
2.892294 1.963040 -0.184263
2.906070 1.992388 -0.328850
2.895198 1.941004 -0.212519
2.909903 1.957767 -0.370800
2.897783 1.919451 -0.237673
2.913489 1.920858 -0.410055
2.900175 1.895808 -0.260942
2.916677 1.883346 -0.444946
2.902185 1.873479 -0.280500
2.919221 1.846731 -0.472792
2.903498 1.849859 -0.293269
2.919971 1.806367 -0.481001
2.903050 1.824700 -0.288917
2.918014 1.767778 -0.459580
2.901074 1.802082 -0.269690
2.914899 1.729751 -0.425491
2.898884 1.777332 -0.248383
2.911541 1.689460 -0.388735
2.896315 1.753414 -0.223389
2.907587 1.652544 -0.345454
2.893333 1.731254 -0.194379
2.902888 1.615726 -0.294023
2.889526 1.709230 -0.157334
2.896001 1.585803 -0.221902
2.884210 1.694997 -0.105613
2.887303 1.566322 -0.133281
2.878408 1.684608 -0.049163
2.877870 1.553815 -0.038400
2.873038 1.680894 0.011867
2.872672 1.555737 0.061187
2.872117 1.686842 0.072400
2.872426 1.571325 0.154011
2.872114 1.699297 0.126378
2.872190 1.595978 0.236166
2.872114 1.716413 0.174489
2.871776 1.625065 0.308365
2.872114 1.734710 0.215033
2.871280 1.656090 0.365245
2.872114 1.755010 0.245678
2.870805 1.691077 0.410168
2.872114 1.777562 0.271632
2.870382 1.728486 0.447905
2.872114 1.801125 0.292495
2.870019 1.768355 0.478352
2.872114 1.826323 0.309346
2.869754 1.808526 0.501096
2.872114 1.850509 0.318299
2.869739 1.848265 0.502466
2.872114 1.875520 0.310076
2.870035 1.888797 0.476986
2.872114 1.900123 0.289975
2.870434 1.928169 0.443262
2.872114 1.923910 0.269381
2.870831 1.965595 0.407837
2.872114 1.947042 0.244961
2.871285 2.005558 0.364798
2.872114 1.972556 0.215092
2.871767 2.044587 0.309221
2.872114 1.994724 0.175940
2.872168 2.080273 0.240854
2.872114 2.016316 0.129358
2.872423 2.111341 0.154704
2.872142 2.031221 0.070072
2.872817 2.127589 0.056702
2.873153 2.035756 0.010196
2.877952 2.125682 -0.039233
2.872922 2.210605 0.341344
2.871599 2.099414 0.318977
2.872911 2.141179 0.232083
2.876792 2.258274 0.217274
2.873817 2.169886 0.120280
2.880636 2.283204 0.076134
2.876397 2.178626 0.008136
2.888671 2.280278 -0.062028
2.885742 2.164753 -0.102802
2.897773 2.246266 -0.196699
2.894785 2.128363 -0.206020
2.903408 2.192440 -0.311092
2.901531 2.084578 -0.287326
2.905514 2.133361 -0.403896
2.906752 2.038581 -0.356745
2.904227 2.075758 -0.479127
2.910199 1.996355 -0.409409
2.901758 2.022638 -0.539541
2.913193 1.955148 -0.456547
2.899448 1.966006 -0.596075
2.915968 1.909548 -0.500247
2.897395 1.908450 -0.646324
2.918298 1.866860 -0.536938
2.895756 1.852269 -0.686426
2.919850 1.821563 -0.561367
2.895273 1.790337 -0.698249
2.919327 1.773015 -0.553131
2.896534 1.731129 -0.667399
2.916998 1.729925 -0.516465
2.898540 1.672782 -0.618306
2.914475 1.682230 -0.476734
2.900703 1.610961 -0.565371
2.911496 1.636287 -0.429833
2.903251 1.554320 -0.503038
2.908050 1.593939 -0.375570
2.906278 1.497827 -0.428968
2.903368 1.551205 -0.306535
2.904623 1.451915 -0.325103
2.895081 1.524208 -0.209005
2.897815 1.422025 -0.197473
2.885789 1.504099 -0.103342
2.888606 1.402835 -0.060830
2.876192 1.496828 0.011276
2.880371 1.405783 0.082593
2.873733 1.508419 0.125005
2.876828 1.429701 0.216275
2.872987 1.532340 0.226089
2.873266 1.467527 0.334593
2.871670 1.565364 0.316341
2.866996 1.512157 0.438571
2.869772 1.600406 0.392495
2.859487 1.559760 0.520489
2.867805 1.639350 0.449646
2.852282 1.613442 0.585185
2.865999 1.682710 0.498393
2.845884 1.670841 0.639533
2.864432 1.727850 0.537409
2.840394 1.732014 0.683382
2.863136 1.776379 0.569105
2.836375 1.793651 0.716137
2.862461 1.822655 0.586346
2.836143 1.854624 0.718109
2.863075 1.870741 0.570699
2.840626 1.916814 0.681414
2.864622 1.917952 0.532480
2.846671 1.977225 0.632846
2.866162 1.963641 0.494145
2.852678 2.034649 0.581828
2.867855 2.007806 0.448346
2.859563 2.095966 0.519844
2.869769 2.057144 0.392586
2.866852 2.155851 0.439804
2.871191 2.372434 -0.959557
2.900480 2.252333 -0.645330
2.884273 2.168902 -0.739145
2.837713 2.257595 -1.079003
2.868627 2.087486 -0.823117
2.805114 2.135167 -1.190776
2.854121 1.997389 -0.900967
2.775910 2.010740 -1.290123
2.841942 1.913047 -0.966329
2.752604 1.889285 -1.369410
2.833834 1.823550 -1.009847
2.745734 1.755398 -1.392785
2.836568 1.727630 -0.995174
2.763663 1.627398 -1.331791
2.848738 1.642493 -0.929858
2.792193 1.501261 -1.234730
2.861926 1.548256 -0.859081
2.822958 1.367613 -1.130072
2.877494 1.457482 -0.775528
2.858038 1.245163 -1.006831
2.895506 1.373812 -0.678863
2.898128 1.124334 -0.859392
2.914013 1.289379 -0.555882
2.925735 1.025082 -0.654039
2.915332 1.236040 -0.382139
2.933230 0.959164 -0.402695
2.911992 1.196308 -0.193908
2.929927 0.917677 -0.132535
2.900776 1.181941 0.010277
2.912997 0.924049 0.151027
2.888499 1.204842 0.212877
2.895391 0.975755 0.415333
2.880968 1.252105 0.392952
2.877393 1.057530 0.649260
2.867617 1.317355 0.553729
2.846052 1.154014 0.854838
2.848358 1.386589 0.689393
2.808915 1.256924 1.016798
2.828412 1.463535 0.791204
2.774696 1.372978 1.144710
2.810089 1.549205 0.878042
2.744620 1.497065 1.252160
2.794196 1.638392 0.947545
2.719099 1.629311 1.338856
2.781050 1.734275 1.004013
2.700344 1.762561 1.403618
2.774209 1.825708 1.034724
2.699255 1.894377 1.407513
2.780429 1.920715 1.006849
2.720189 2.028821 1.334964
2.796121 2.013995 0.938765
2.748320 2.159421 1.238941
2.811748 2.104266 0.870476
2.776554 2.283563 1.138074
2.828920 2.191527 0.788888
2.809273 2.416122 1.015523
2.848323 2.289010 0.689553
2.845371 2.545584 0.857273
2.866890 2.372527 0.558425
2.875778 2.663954 0.662608
2.880194 2.455045 0.403629
2.895225 2.767006 0.417308
2.889015 2.511765 0.204460
2.913690 2.820901 0.138258
2.900928 2.529032 0.004682
2.929894 2.814575 -0.134905
2.911981 2.501623 -0.192945
2.933251 2.741046 -0.401164
2.914994 2.429724 -0.376822
2.925904 2.624683 -0.627334
2.912745 2.343215 -0.521664
2.904238 2.496964 -0.810819
2.762303 2.297267 -1.420640
2.712197 2.135256 -1.554154
2.669912 1.983592 -1.666251
2.641760 1.822658 -1.740884
2.651252 1.650175 -1.715720
2.693507 1.497081 -1.603702
2.739294 1.327625 -1.482319
2.792200 1.164394 -1.339024
2.846047 1.015239 -1.172245
2.903495 0.869913 -0.956359
2.939582 0.767498 -0.663358
2.950760 0.694752 -0.341533
2.946259 0.668916 0.008648
2.919125 0.710096 0.356111
2.894693 0.795084 0.664943
2.858358 0.912417 0.940679
2.801702 1.036914 1.173347
2.750541 1.175279 1.347954
2.705426 1.329330 1.496882
2.667933 1.489707 1.616081
2.637209 1.662125 1.712928
2.620847 1.826538 1.765594
2.635710 1.997381 1.717788
2.672576 2.165117 1.601023
2.709426 2.327442 1.483908
2.751766 2.484356 1.343982
2.801618 2.659649 1.173620
2.856604 2.809830 0.948732
2.892825 2.958213 0.683256
2.920321 3.060207 0.341676
2.946340 3.091258 -0.000947
2.950802 3.041969 -0.339881
2.940840 2.912681 -0.655234
2.913058 2.757121 -0.903642
2.862550 2.593696 -1.115732
2.813711 2.443670 -1.276627
-2.810532 3.382081 1.402986
-4.296722 3.327439 1.637601
-2.951310 3.151078 1.754763
-4.459835 3.075552 1.965891
-3.113788 2.895064 2.037353
-4.676757 2.814785 2.237059
-3.319501 2.646148 2.278686
-4.918768 2.549410 2.481397
-3.515733 2.380723 2.502356
-5.148358 2.256539 2.720637
-3.696540 2.094592 2.721479
-5.312854 1.961555 2.937817
-3.771369 1.823549 2.853605
-5.303250 1.690087 2.929418
-3.678904 1.562683 2.702579
-5.110247 1.401913 2.674886
-3.474368 1.280616 2.452546
-4.857255 1.136967 2.408027
-3.265410 1.053604 2.218324
-4.593764 0.913203 2.136233
-3.043616 0.833220 1.941256
-4.389298 0.703240 1.841251
-2.911725 0.639927 1.659812
-4.251614 0.508062 1.528304
-2.773441 0.450863 1.322188
-4.101253 0.327186 1.155751
-2.647092 0.292143 0.924563
-3.968395 0.190575 0.713355
-2.539606 0.178267 0.459583
-3.845438 0.097692 0.215041
-2.441937 0.114823 -0.041473
-3.768517 0.073149 -0.298576
-2.412415 0.139095 -0.543056
-3.743775 0.137927 -0.792141
-2.410307 0.239921 -1.007408
-3.770164 0.267035 -1.242444
-2.476964 0.390391 -1.428874
-3.854342 0.445168 -1.652367
-2.567064 0.587548 -1.795913
-3.945027 0.655257 -1.998732
-2.677696 0.802230 -2.087478
-4.138935 0.889098 -2.281874
-2.914114 1.045905 -2.339508
-4.441743 1.152866 -2.533595
-3.165433 1.306697 -2.563045
-4.713561 1.415545 -2.757856
-3.365652 1.553919 -2.761344
-4.899847 1.685474 -2.952176
-3.461220 1.829597 -2.883097
-4.908398 1.983078 -2.975669
-3.375167 2.110319 -2.786052
-4.747812 2.264568 -2.829824
-3.202743 2.363307 -2.627168
-4.520778 2.529666 -2.654091
-2.987636 2.623175 -2.431023
-4.251002 2.803623 -2.412124
-2.753958 2.878618 -2.166540
-4.015708 3.060083 -2.112621
-2.590281 3.116993 -1.872369
-3.879517 3.321185 -1.771060
-2.489484 3.378892 -1.510496
-3.781063 3.581570 -1.343945
-2.409180 3.605628 -1.066792
-3.740550 3.776053 -0.842783
-2.410914 3.760431 -0.564775
-3.767956 3.876529 -0.309645
-2.442990 3.810380 -0.043140
-3.849989 3.864554 0.226109
-2.547364 3.747805 0.475049
-3.987535 3.748040 0.758449
-2.671315 3.594376 0.983712
-4.140736 3.556607 1.240346
-5.613785 2.139923 -2.951065
-5.715777 1.833939 -3.046580
-6.041345 1.991521 -3.026613
-5.400878 2.412312 -2.789652
-5.865276 2.284746 -2.879504
-5.133824 2.688946 -2.587927
-5.614864 2.558294 -2.702833
-4.843056 2.967399 -2.297647
-5.316579 2.842578 -2.453763
-4.649154 3.220435 -1.975132
-5.057936 3.108646 -2.141141
-4.543073 3.499156 -1.585537
-4.914405 3.377557 -1.787787
-4.451897 3.733303 -1.101968
-4.812174 3.644815 -1.345288
-4.464618 3.881425 -0.572147
-4.771169 3.839112 -0.828843
-4.512704 3.925367 -0.027306
-4.805932 3.936110 -0.285938
-4.643390 3.854695 0.510933
-4.898387 3.920861 0.258288
-4.796650 3.694610 1.036628
-5.049503 3.800377 0.797165
-4.967322 3.476768 1.478058
-5.218275 3.606035 1.286792
-5.127238 3.233996 1.847341
-5.386601 3.372325 1.692276
-5.323983 2.969430 2.149169
-5.562145 3.115333 2.028094
-5.585091 2.705334 2.409712
-5.802609 2.848927 2.307742
-5.836820 2.421190 2.657545
-6.073075 2.574911 2.562164
-6.067261 2.111185 2.899336
-6.329629 2.270914 2.811878
-6.162719 1.823612 3.056616
-6.513114 1.965464 3.041711
-6.043674 1.546835 2.875854
-6.502371 1.686244 3.033057
-5.777013 1.244814 2.581572
-6.285294 1.388364 2.758605
-5.507926 1.012750 2.320318
-6.000904 1.116992 2.474978
-5.225612 0.786610 2.015260
-5.705614 0.890871 2.190816
-5.072489 0.589915 1.717154
-5.480019 0.678776 1.885350
-4.917078 0.392003 1.371265
-5.334778 0.480471 1.567788
-4.764357 0.232379 0.964724
-5.173412 0.296984 1.193120
-4.631999 0.118265 0.482442
-5.027637 0.160593 0.745896
-4.511219 0.051554 -0.029859
-4.892915 0.066851 0.242349
-4.466622 0.071954 -0.541513
-4.806595 0.040192 -0.273842
-4.451797 0.173930 -1.016642
-4.774682 0.104163 -0.770471
-4.515601 0.328071 -1.448516
-4.796949 0.234854 -1.223237
-4.606468 0.528228 -1.841966
-4.880895 0.414612 -1.640519
-4.723683 0.749325 -2.157651
-4.971402 0.626698 -1.998877
-5.018062 1.002987 -2.431154
-5.181289 0.864496 -2.292105
-5.337970 1.277113 -2.676577
-5.518526 1.134026 -2.554380
-5.589336 1.540801 -2.892147
-5.820887 1.404434 -2.787109
-6.028749 1.682817 -2.994025
-6.160308 2.147142 -2.959716
-6.266066 1.834971 -3.054486
-5.937716 2.424261 -2.797936
-5.658216 2.704984 -2.595160
-5.353683 2.989047 -2.299834
-5.152186 3.245658 -1.971888
-5.045106 3.528482 -1.577313
-4.951474 3.764462 -1.086243
-4.966775 3.911125 -0.552069
-5.018806 3.953721 -0.004026
-5.155462 3.881264 0.536767
-5.315236 3.719288 1.064328
-5.493509 3.500020 1.509182
-5.658224 3.254348 1.881061
-5.863922 2.987744 2.186350
-6.138365 2.719938 2.450673
-6.403353 2.431138 2.703423
-6.645625 2.115361 2.949636
-6.746001 1.823613 3.111728
-6.620600 1.542757 2.925138
-6.339020 1.236007 2.621609
-6.055446 1.002500 2.354751
-5.758053 0.774936 2.044104
-5.599674 0.577468 1.743096
-5.440092 0.377615 1.396408
-5.281177 0.217806 0.989471
-5.143196 0.103635 0.505151
-5.017211 0.036127 -0.007583
-4.968867 0.055583 -0.519388
-4.950860 0.157863 -0.994986
-5.013854 0.313024 -1.427360
-5.104661 0.513766 -1.825562
-5.223702 0.736243 -2.145863
-5.532059 0.992163 -2.423781
-5.868489 1.269559 -2.674073
-6.132140 1.537398 -2.893160
