-3.2979 -25.4338 -2.5886
-2.7812 -25.7109 -2.8046
-1.9021 -25.7184 -2.5503
-3.0690 -25.7673 -3.1535
-1.9638 -25.8382 -2.9961
-2.4687 -25.6064 -3.6273
-1.9021 -25.4160 9.2023
0.2786 -25.5680 9.6339
-1.5400 -25.4817 9.7201
1.3423 -24.2608 9.9305
-1.7775 -24.6968 9.9664
1.0524 -25.1470 10.0127
-12.7448 -12.2855 7.2645
-12.8619 -17.9267 8.1759
-12.8032 -16.0885 8.6554
-1.0739 -22.6413 9.7879
4.2143 -3.5884 9.5103
4.7010 -7.0218 9.4525
5.8287 -6.3154 9.4683
12.1072 -22.7559 5.3917
12.0237 -23.3023 5.1663
11.9852 -20.8770 3.3941
-12.6787 -25.5033 -4.5988
-12.5076 -25.5758 -3.7394
-12.5660 -25.5125 -1.5975
11.8126 -23.1219 7.6104
12.0116 -24.3523 7.2598
11.9800 -21.7035 5.8035
-3.1728 -23.0894 9.8777
-3.0366 -24.0995 9.8601
-12.2657 -25.5280 -4.4551
6.6633 -6.0844 9.5184
6.2478 -7.3443 9.5450
6.9263 -6.5494 9.6849
12.0493 -25.8973 1.5001
11.9080 -25.8534 2.5768
11.5235 -25.8113 1.5998
11.3529 -25.6984 2.5134
11.4430 -26.0083 0.5722
7.1948 -5.6809 9.6760
-11.9815 -25.3527 -3.5269
-11.9505 -25.3411 -4.7312
-12.7916 -25.1903 -2.7430
10.3783 -25.5319 2.6281
10.8145 -25.6013 3.8137
12.5131 -8.8428 5.3552
12.3858 -6.2637 5.7349
12.2433 -9.4676 6.4691
-12.6728 -25.1835 -6.5758
-12.8481 -24.8942 -0.5934
6.2483 -4.2545 9.4048
12.0681 -6.0214 6.6555
12.1093 -10.4755 7.4536
6.8633 -4.9159 9.4138
-12.3011 -25.5156 -2.1115
-11.8540 -25.4324 -2.3123
11.6990 -21.7483 8.1655
3.3775 -3.8198 9.3092
3.3241 -5.3961 9.3124
4.2441 -7.0840 9.3331
-11.1728 -25.6393 -2.2834
-11.6430 -25.5044 -1.4242
-11.3925 -25.5122 -3.5934
10.5164 -25.5122 1.2719
6.2541 -19.6004 9.5564
5.8972 -21.8534 9.6623
9.2979 -23.3762 9.8358
-4.4979 -23.4576 9.7668
-11.5941 -25.3559 -4.3977
11.5478 -26.0730 -0.5592
10.8041 -26.0345 -1.0353
2.4848 -3.8881 9.4630
3.6158 -8.2896 9.4627
-6.1747 -12.4355 9.3976
-6.4939 -13.6638 9.3882
-4.7651 -15.2506 9.4394
11.2324 -25.8724 -1.6486
11.9398 -25.8473 -1.5311
-5.8192 -15.2428 9.2590
10.2618 -20.9619 9.5189
8.8060 -20.2094 9.5658
-7.5981 -13.1260 9.1755
10.9605 -25.7763 0.6054
10.2857 -25.6856 0.1740
-3.5420 -21.6395 9.8222
-4.6216 -21.3987 9.8435
-7.3111 -12.7490 9.2329
10.1459 -25.7993 -1.1263
10.0708 -26.0176 -1.9266
-2.7993 -21.3730 9.7590
-2.4673 -20.7965 9.5922
12.1814 -24.1632 0.3060
12.0276 -22.2451 -0.8601
12.1214 -24.3890 3.6570
-7.7565 -10.9388 9.3319
12.0861 -26.0520 -0.5258
11.8440 -26.0744 0.6281
12.1691 -25.9180 0.2619
-4.5248 -12.0559 9.3469
-4.3779 -14.3602 9.3750
-4.3501 -20.0770 9.6688
12.2775 -25.5496 -0.0900
-8.3658 -13.7045 9.2268
-6.9226 -25.4646 3.6405
-7.1425 -25.5691 4.1695
-7.1696 -25.6571 3.1913
-7.3562 -25.5312 5.0844
-7.8047 -25.6274 3.6598
11.0370 -10.7749 9.2814
11.3655 -8.7247 8.9811
10.2219 -8.7705 9.4089
-6.8540 -25.5378 5.8754
11.9175 -21.9058 3.0757
-6.7215 -25.4377 4.8460
12.2477 -25.7264 -1.3418
-6.5864 -25.2694 4.0478
0.4173 -21.6061 9.6170
1.7041 -22.6489 9.6473
-7.0460 -25.0315 0.9150
-7.5956 -25.0916 1.8508
-7.8566 -25.2488 0.5989
-9.4653 -11.1994 9.1079
-9.3269 -14.4251 9.2389
-6.7462 -25.4199 2.0127
-5.5391 -25.3827 0.4690
-6.2156 -25.6571 1.8716
10.2827 -7.8075 9.3739
-8.2661 -11.2524 9.1224
10.9244 -6.8066 9.0151
-5.9033 -25.3633 2.3888
-5.8082 -25.6793 1.7860
-5.3673 -25.5713 1.6022
-1.4281 -20.6308 9.5583
9.5589 -8.3325 9.6412
9.0484 -7.8255 9.4958
1.6490 -21.7690 9.3449
10.0570 -6.4748 9.2255
-1.4786 -25.5562 8.7221
-1.6211 -25.6846 8.0894
-0.7355 -25.6416 7.8740
8.9138 -6.5121 9.2967
-7.6699 -25.5881 3.0823
-1.2775 -25.6631 7.5721
-1.0154 -25.6994 6.6837
-1.3210 -25.5848 6.6131
1.0416 -20.9680 9.2068
-7.2123 -25.2454 2.1870
10.3672 -6.6649 9.2800
-7.7717 -25.2266 2.5916
-0.1935 -25.3737 7.8321
-0.3172 -25.3089 6.8319
-6.4482 -25.3468 3.3174
-5.6917 -25.2136 2.9100
11.6908 -6.6540 8.5475
11.8967 -8.4419 8.5038
12.0976 -7.7806 8.0013
-1.1312 -19.2524 9.5603
12.1048 -20.0310 3.2303
12.1236 -6.9517 7.4862
11.9723 -5.8761 8.1533
0.2626 -19.6439 9.2709
5.0687 -25.4523 7.9481
5.9940 -25.6169 8.1999
5.4878 -25.7293 8.3931
-6.8563 -25.0351 1.3460
11.9871 -10.2960 8.5364
6.7318 -25.8276 8.1814
6.6913 -25.6553 9.3248
7.0921 -25.7153 8.6222
-8.4541 -25.6921 -0.3799
-9.3348 -25.6868 -1.5305
-7.5973 -25.7238 -1.4368
-6.7263 -25.4541 -0.9533
-6.1633 -25.6572 -1.2386
10.4884 -6.0041 9.2380
7.3276 -25.5331 9.1293
7.3637 -25.6804 8.0026
7.8718 -25.3600 7.5626
-7.9835 -25.6063 -0.5837
10.7518 -5.5663 8.9456
11.2880 -5.3917 8.6552
12.1547 -5.1161 6.1520
-4.0491 -10.1930 9.1952
-2.4884 -12.7752 9.1796
-7.5520 -25.3487 -0.6793
-7.9105 -25.7600 -2.3969
-9.5739 -25.7016 -3.4317
-7.8892 -25.7455 -3.2921
11.8724 -20.5044 0.5070
4.5091 -25.4138 9.9752
4.2140 -25.5391 9.5792
5.6338 -25.5858 9.7818
5.6875 -25.5617 9.3975
-8.8831 -25.7268 -4.1160
-7.9153 -25.6235 -4.1275
-8.5183 -25.7074 -4.4937
5.2554 -25.0399 10.0130
5.7563 -25.3176 9.9957
6.3470 -25.3750 10.0233
6.9886 -25.6309 9.9486
-1.1642 -19.9799 9.6156
5.1668 -23.7867 9.8604
-3.0143 -9.1714 8.9059
5.1393 -25.7111 8.8792
11.7764 -19.5540 1.1537
12.0888 -5.1761 7.8007
-1.5515 -18.0839 9.4127
-6.2087 -25.6994 -3.7858
-6.6066 -25.7006 -2.5564
-6.9202 -25.7278 -4.1551
-2.0884 -19.2516 9.4692
-7.0718 -25.6498 -3.1314
3.9716 -25.5405 9.1165
2.9727 -25.4981 8.5495
3.9871 -25.7118 8.6435
11.8528 -19.0404 1.7549
3.9359 -25.4793 7.9692
-3.5199 -17.5796 9.3516
-9.1326 -25.6631 -2.4847
-6.4547 -25.7720 -1.7162
-2.9693 -17.0378 9.5226
-5.4335 -20.6710 9.6821
-5.4942 -22.1638 9.5885
2.7401 -25.4890 9.1931
1.8419 -19.4788 9.4295
2.2253 -20.7353 9.4536
3.2965 -21.3093 9.6226
2.5708 -25.3195 7.8376
2.2802 -19.0270 9.4791
2.3058 -25.2982 8.8718
1.6294 -25.1507 7.5787
-9.7123 -7.8115 9.2547
-7.0351 -19.1773 9.5272
-1.3979 -25.2722 9.9197
0.6297 -25.4356 9.9113
2.1337 -25.6003 9.5542
0.6426 -25.4232 9.1798
-8.7452 -15.7472 9.3709
-7.4505 -16.8113 9.5305
-3.6507 -25.4509 -0.0286
-3.8793 -25.7191 -0.8640
-2.7375 -25.5084 -0.7643
-4.7084 -25.7331 0.1652
-4.3847 -25.7038 0.1931
-4.4276 -25.3131 0.8701
7.4830 -6.1275 9.4380
7.1774 -8.0383 9.4197
0.3842 -25.1969 7.2967
0.7465 -25.2928 8.4829
-4.8815 -25.4831 -0.4022
-4.9845 -25.5781 -0.9675
-0.4555 -25.4765 9.0813
8.5955 -4.5429 9.2181
-11.0149 -11.3634 9.2380
10.1052 -5.6064 9.1812
10.3135 -5.0926 9.1895
-5.9307 -16.8509 9.4088
9.6028 -4.0963 9.1283
1.9607 -20.9469 9.3828
1.5494 -20.8930 9.2922
1.9966 -21.4687 9.3917
-8.5429 -18.1262 9.4097
-8.5781 -20.3990 9.5455
1.0827 -20.1676 9.1853
1.4947 -20.0519 9.3239
2.3491 -25.5375 9.9134
-2.7254 -25.7432 -1.1221
-4.5838 -25.7351 -1.4343
-3.0185 -25.7594 -1.5215
0.7285 -19.3962 9.2382
1.7389 -25.2067 8.8080
-10.1828 -9.0859 9.1859
-3.8306 -25.6130 -3.8862
1.0403 -18.7459 9.3239
-4.0468 -25.4986 -3.3628
-5.6297 -18.5856 9.6087
3.8138 -18.3626 9.4176
3.6477 -20.9857 9.5673
-3.3445 -25.4868 -2.1102
-2.4315 -25.5328 -2.0123
0.7445 -16.7554 9.3516
-12.1854 -9.2344 9.1475
-11.6426 -13.5186 9.3133
-7.8656 -17.5803 9.5531
-4.6257 -25.4237 -2.0077
-12.4890 -9.0138 8.9810
-12.6657 -9.3410 8.6730
-12.5729 -10.0938 8.9350
-4.7121 -25.1633 -2.8960
-4.8604 -25.2067 -3.5336
-12.5997 -8.3917 8.6903
0.2298 -17.7215 9.2545
-12.3741 -8.1887 8.9945
-12.7542 -12.8758 8.5154
-1.4138 -16.4316 9.2761
3.8974 -25.0754 10.0463
3.1969 -25.3147 10.0194
3.5796 -25.4999 9.8304
11.7355 -4.2534 8.2576
-5.9946 -25.2010 0.0550
12.0495 -2.6444 6.9399
11.9529 -3.1960 7.8708
-6.5155 -25.2928 -0.2064
-11.9037 -7.7777 9.1535
5.7450 -16.7559 9.2391
-12.6633 -14.2465 8.9673
-7.2106 -25.2190 0.1615
12.0527 -2.1871 6.2740
-12.7005 -8.9569 8.3420
11.3685 -19.9610 8.8461
11.0733 -21.4862 9.2653
11.4646 -21.7042 8.9076
11.7035 -19.5966 7.5769
-0.5437 -15.3514 9.1501
11.5757 -19.6403 8.3666
4.0541 -24.0421 9.8598
10.6332 -4.5698 8.8811
10.2177 -4.2492 9.1812
-2.3561 -25.7300 5.4565
-2.9338 -25.6823 5.2298
-2.9343 -25.7120 4.4107
-0.9956 -25.6756 4.9226
1.3468 -16.1704 9.2671
10.2720 -3.8225 9.0030
-1.8268 -25.7444 4.2217
-4.0448 -25.5257 5.0580
-4.2167 -25.6465 4.7774
-3.4705 -25.5711 4.8738
3.2126 -15.3158 9.1516
-3.8118 -25.3236 4.2244
10.3262 -3.1482 8.7894
12.0049 -16.5273 3.6540
12.0241 -18.5512 3.4433
-4.4158 -25.4389 3.9778
-3.3804 -25.3690 5.4283
9.6462 -3.3127 9.2635
9.9288 -3.0691 9.2527
-3.4547 -25.3584 4.2512
-4.7179 -25.1879 5.3467
9.8760 -2.6560 9.0670
-3.8248 -24.9720 5.7768
-9.8448 -4.4743 9.2248
-5.7172 -25.5104 -2.1316
9.5069 -2.4896 9.4116
-5.9430 -25.4696 -2.7479
11.4986 -2.7334 8.3362
-2.8099 -25.6804 3.4490
-3.1868 -25.3995 3.5365
-2.7237 -25.5237 2.1588
10.3389 -2.0122 8.6704
-2.1749 -25.5494 3.3930
-1.8197 -25.6285 3.8967
-5.5130 -25.2102 -2.8388
-12.5932 -12.3947 8.9675
-12.3338 -13.6153 9.2184
-5.9375 -25.4928 -3.8414
-1.5421 -25.5992 2.9805
-5.4742 -25.2154 -3.5629
-2.3167 -25.7316 2.5472
3.1126 -22.6266 9.6894
2.2544 -22.0915 9.4926
-2.3363 -25.7457 1.6152
12.0214 -2.0000 7.4088
-1.6501 -25.6135 2.2200
2.4918 -21.5904 9.5043
-10.5136 -25.1727 2.6767
-10.0989 -25.2151 2.2672
-10.1624 -25.1870 3.0518
-10.7796 -25.3177 1.5146
10.7444 -21.0460 9.4123
-9.5890 -25.3653 2.8440
-9.5758 -25.2532 1.8809
11.0143 -19.1238 9.0939
-3.5586 -25.0404 2.9644
9.5203 -1.3718 8.8761
-10.6848 -25.3733 0.8591
-10.1991 -25.2278 0.7257
-4.4913 -25.1257 3.1716
3.7192 -25.7287 1.4594
3.1878 -25.8027 0.9058
4.8998 -25.9047 1.2009
3.6587 -25.7417 0.3821
4.5354 -25.8274 0.4623
-3.8891 -25.0186 3.5198
11.3273 -18.2948 8.7262
-4.1145 -25.0152 2.4734
-9.8514 -25.1189 1.4375
-9.2724 -25.4846 0.5342
4.2128 -25.6901 -0.2823
-9.2510 -25.5348 1.7806
3.9108 -25.8489 -2.6605
3.6395 -25.7427 -1.7165
3.2378 -25.9455 -2.2530
-3.0989 -25.1806 2.0442
-3.6882 -24.9539 1.4323
5.0048 -25.9125 -0.8004
4.9206 -25.9880 -2.1233
5.2977 -25.8744 -2.3153
7.2346 -5.2054 9.6681
10.9867 -17.7535 8.9760
5.3723 -25.6923 -0.7480
9.9940 -16.8670 9.0835
-12.8215 -24.9780 2.9700
-12.6068 -25.3402 4.2726
-12.8412 -25.1999 4.3773
-12.8962 -24.6336 3.1187
4.1265 -25.5972 -1.4898
3.7912 -25.6789 -0.5657
-10.6562 -25.5541 4.4837
-10.9961 -25.4856 5.9791
-11.2826 -25.5181 2.7073
7.9420 -4.3850 9.4054
4.5527 -25.8643 -0.7443
-2.4482 -8.4867 8.8147
-1.8663 -11.9650 9.0497
-1.8814 -9.5901 8.9416
-11.6397 -25.2395 3.7342
-11.4036 -25.2539 5.9249
7.5657 -4.7043 9.6678
-5.3074 -25.3665 5.0312
-4.9851 -25.5606 4.5368
-11.8625 -25.0738 4.4670
-5.0433 -25.4349 3.6856
-11.6926 -25.4021 2.3717
-5.4052 -25.4563 3.9675
7.3805 -4.4364 9.6032
7.2841 -4.0490 9.4265
-5.8858 -25.3110 4.2668
-10.9192 -25.5624 3.5399
-10.4102 -25.4635 3.6406
-10.0951 -25.5590 4.2853
-5.7922 -25.2328 5.3252
-0.3555 -11.9860 9.1393
4.4490 -25.7615 -1.8698
-6.4555 -25.3156 5.7262
-12.0135 -25.1427 5.1969
-12.3945 -25.2391 5.4254
-12.3198 -25.2442 3.7466
-1.2360 -11.3622 9.1590
-1.9684 -7.8294 8.9470
-12.7089 -25.2425 5.7026
-12.9234 -24.9570 4.8650
-12.8822 -25.1246 6.7131
-5.9951 -25.3019 6.8633
-5.6857 -25.1774 5.9229
7.8403 -3.8492 9.6333
7.6493 -3.5512 9.6438
-1.1639 -25.7608 3.4016
-1.0996 -25.7908 2.0204
-0.7484 -25.7342 2.1612
-6.2330 -25.3176 4.7120
11.3895 -16.2904 8.1888
8.5137 -3.3145 9.2028
8.1640 -3.2948 9.4329
1.6884 -25.5840 3.8336
2.9085 -25.7509 3.9950
1.9792 -25.7911 4.3382
7.2713 -3.2684 9.3241
2.5876 -25.5984 3.7542
-12.1036 -25.1569 2.6274
2.0005 -25.6346 4.7228
0.6886 -25.7501 4.1467
5.7343 -2.4643 9.4365
-5.2741 -25.2055 7.2520
-5.4452 -25.2337 6.2620
-4.5656 -25.0362 5.6567
7.6604 -3.0664 9.4522
0.5969 -25.4706 3.7589
-7.0022 -4.9220 9.1695
11.1217 -16.2497 8.7029
-4.0861 -24.9401 6.3853
2.2300 -25.3986 2.6897
3.1567 -25.3284 2.2616
3.0407 -25.4954 3.2415
2.3746 -25.4116 3.5524
1.8325 -25.3647 3.2736
11.5612 -15.2907 6.9237
-5.2025 -25.3165 8.4682
-11.7345 -25.5228 1.2835
1.4897 -25.3112 2.4886
-12.2179 -25.2766 1.8517
-11.5039 -25.4340 0.7631
-12.4253 -25.5465 0.4297
-11.7688 -25.3620 0.4282
11.8332 -15.0388 4.6937
-1.5614 -25.7243 5.6110
-0.7560 -25.7531 5.6837
-2.0484 -14.8296 9.2956
0.4021 -25.6540 4.7755
-12.2637 -11.4704 9.1737
-4.9068 -25.0806 2.5813
-12.5691 -25.0833 2.5555
-12.7415 -25.2154 1.8323
-0.3231 -25.7405 5.3197
-12.4933 -25.4225 1.5255
-4.6803 -25.1014 1.6679
-4.4564 -25.1539 1.8252
-12.8657 -24.9404 1.8876
-12.7953 -22.2146 0.1130
-5.8061 -4.5923 9.0186
1.6513 -25.5855 5.8359
2.9222 -25.7681 5.7500
-12.7561 -25.4068 0.8154
4.0912 -0.7304 9.5212
12.1181 -18.8385 2.7785
2.2765 -25.7507 5.3588
-0.0384 -25.6422 5.6964
0.8049 -25.3038 6.1739
12.0729 -18.4716 1.9672
-2.0690 -25.5077 6.0446
-2.4478 -25.5946 6.5201
-0.7416 -25.5822 6.6377
-2.7835 -25.5964 6.6591
8.1566 -2.7179 9.5575
-0.3847 -25.4974 6.1033
-1.6270 -25.4408 6.2471
9.1888 -2.5514 9.2639
-1.9344 -25.3150 6.6352
0.6977 -25.2352 6.7959
-10.8762 -25.3218 2.2373
8.7008 -2.3276 9.2729
-2.1491 -25.5150 7.4139
7.8437 -2.4389 9.4280
-12.7023 -10.7840 8.5999
-2.0917 -5.7212 8.8715
-0.9056 -9.0906 8.9787
7.3718 -2.1166 9.2776
-0.3353 -25.7324 4.1756
8.1360 -1.8900 9.6088
-0.2985 -8.6769 8.9651
0.2010 -8.0645 9.4393
-0.6033 -6.9569 9.0042
-12.5852 -10.9368 8.9450
-2.9706 -25.3471 7.3727
-3.1662 -25.2178 6.3173
-1.1358 -13.3184 9.1608
7.9772 -1.5686 9.4004
-1.1651 -6.3892 8.8574
7.5711 -1.2327 9.2083
-0.3538 -5.9743 9.4462
-0.3396 -25.4802 3.3862
-3.4087 -24.8946 6.9466
-3.5009 -24.9270 6.2137
-0.9095 -5.0748 9.1273
-0.6388 -25.5650 2.5661
0.7769 -7.9016 9.6106
-3.9414 -25.0707 7.9726
-12.3617 -10.5626 9.1140
-9.1091 -25.6141 2.9530
-8.5525 -25.6099 3.6662
-9.2691 -25.6401 4.0514
9.0628 -1.7907 9.5257
-8.7947 -25.5481 4.5297
-3.1044 -25.0597 7.1820
9.2885 -1.4581 9.4089
-1.5725 -25.3407 7.0946
-1.7462 -25.4835 7.5247
8.5441 -1.5883 9.5583
-10.1408 -25.2571 5.4534
-9.7354 -25.3667 4.8481
-0.4563 -25.3529 2.6876
-9.1568 -25.5055 5.6154
-9.4992 -25.2124 6.0515
7.8103 -0.6714 9.2649
-0.0088 -25.3498 1.8494
8.7490 -0.7621 9.5996
-3.6905 -5.8875 8.7621
0.4448 -25.3355 2.5758
8.3362 -0.8120 9.5669
-3.3038 -25.1764 0.7796
-2.5298 -25.3744 1.1022
-3.0310 -5.9197 8.7862
-9.5873 -25.5814 3.7328
-2.6392 -25.2299 0.2928
12.1836 -15.8797 0.3784
9.1117 -0.7220 9.1135
-2.2183 -25.2936 -0.2629
-1.5933 -25.6327 -0.8561
-9.8946 -25.3789 3.4956
6.3363 -0.1077 9.2599
-8.4092 -25.3219 4.8352
-8.5517 -25.3696 5.5653
-3.8213 -25.0464 0.8057
-4.0762 -24.9568 1.1877
-3.1035 -4.3523 8.9156
0.7941 -25.2525 3.2846
-7.7125 -25.2256 5.7016
-8.3087 -25.2300 6.3665
-4.6068 -2.4623 8.8482
-12.6849 -13.3480 3.7184
12.0806 -14.7802 0.9705
0.6891 -25.8539 -1.4176
1.0093 -25.8431 -1.3450
0.8453 -25.8484 -0.2186
-1.8079 -3.3955 8.8182
-8.0803 -25.2748 4.4306
-7.7959 -25.4355 4.1771
-1.8773 -25.8247 1.4956
-1.7713 -25.6718 1.0702
7.9436 -0.0804 9.5224
0.4153 -25.6372 -3.1204
0.8160 -25.8776 -3.1559
-1.8612 -25.2988 0.5272
1.1453 -25.7441 -1.9955
1.8252 -25.5060 -2.1893
1.6360 -25.8607 -3.1670
2.1980 -25.9193 -2.7711
2.2789 -25.7810 -2.1373
6.9397 0.2707 9.1838
1.5409 -25.4431 -1.7022
1.2157 -25.7729 -3.0496
7.4406 0.4426 9.3920
-1.3741 -25.5637 -0.4947
-8.7284 -25.4946 2.7229
-8.7551 -25.5518 1.8646
0.4039 -25.6225 0.0711
0.4206 -25.6705 -1.0691
0.1426 -25.5016 -1.3233
-0.4199 -25.7357 -0.1409
-0.3449 -25.5707 0.8977
-0.7082 -25.8148 -0.1728
-8.2883 -25.3372 2.8771
-0.0405 -25.5112 0.1246
6.5932 1.8580 9.0080
-0.1853 -25.5548 -1.5464
-0.4312 -3.5799 9.5371
-7.4836 -25.1633 6.9389
-8.2690 -25.1585 1.7881
-8.3486 -25.4140 0.7359
-1.0649 -25.7875 1.1481
-8.8947 -25.6543 1.0528
0.3022 -2.9478 9.6033
-1.0728 -25.6076 0.5149
-0.4998 -25.7165 1.2628
1.7166 -1.7837 9.5399
2.7515 -9.4067 9.6110
-0.7988 -25.8552 -2.5531
-0.4694 -25.7767 -2.0198
-1.0847 -25.8626 -1.2726
5.0943 -14.9183 9.1999
5.7221 -15.7006 9.1885
6.0138 -15.4383 9.3859
6.7943 -15.4352 9.6476
5.8738 -14.8706 9.7262
5.4390 -14.8952 9.5275
-0.3760 -25.7314 -3.5334
-10.5810 -25.3786 5.5335
-10.3892 -25.3423 6.4148
-11.7358 -21.7453 9.5458
-12.1717 -23.5133 9.3947
-11.1614 -23.9786 9.6142
3.6876 -13.8727 9.0813
-1.3939 -25.7314 -1.7668
4.8029 -14.2117 9.3572
5.0631 -14.2602 9.6614
-12.4545 -22.2940 9.2739
-11.3670 -25.3947 -0.4809
-11.2194 -25.5733 -0.7385
-10.4054 -25.6033 -0.4503
8.5083 -17.5905 9.2705
-1.2324 -25.7407 -3.0202
-1.3775 -3.6304 8.9219
-10.9550 -20.5826 9.5644
-1.3905 -25.6689 -2.2720
-10.2619 -25.3569 0.0867
-12.7143 -20.4709 9.0196
-12.8458 -22.6280 8.8602
-9.5576 -25.6164 -0.9571
-10.6920 -25.6171 -2.3030
-3.5326 -1.2098 8.8993
-9.3705 -25.6507 -0.3689
-12.8629 -19.9638 8.6367
-12.9306 -21.4858 8.1393
1.7377 -12.5482 9.0524
-1.0906 -2.8090 9.3412
3.8556 -13.4612 9.3352
-1.6586 -2.1326 8.8692
0.8103 -25.6625 0.2333
1.3490 -25.5520 -0.4013
1.1393 -25.4804 0.2873
1.9810 -11.9258 9.2263
1.0201 -25.3970 1.3473
1.5995 -25.3308 0.0012
2.4775 -11.7913 9.4851
2.1371 -25.3584 0.0217
2.1148 -25.4843 0.9764
6.7473 -15.0058 9.7913
6.3101 -14.8310 9.7406
6.7879 -14.6837 9.5175
6.0206 -14.2371 9.5146
5.7232 -14.3720 9.8350
4.0081 -25.5512 1.6785
2.2819 -25.3918 1.6862
2.7160 -25.7005 1.2773
5.1168 -13.7926 9.8355
3.0213 -25.8471 -0.0266
3.3234 -25.9121 -0.4891
4.6319 -13.5502 9.6714
2.5891 -25.6034 -0.2123
5.3492 -13.3228 9.6238
-11.1992 -25.2911 0.2259
4.8984 -12.8178 9.8382
6.3428 -13.3517 9.4439
7.2472 -14.4056 9.5519
5.6445 -12.8258 9.4748
-6.0107 -0.7068 8.8373
7.4326 -16.0099 9.2264
8.4516 -15.7985 9.1220
6.8839 -12.9566 9.4572
6.6856 -15.7385 9.3124
7.4962 -15.5279 9.3918
-9.8723 -25.5851 -4.2797
10.6924 -16.1672 8.8977
2.7904 -25.8964 -1.8168
4.6471 -13.0201 9.7893
2.5297 -25.8603 -3.0326
-1.4273 -1.3834 9.1787
4.3103 -12.7366 9.5805
-1.6348 -1.4414 8.9266
3.8668 -12.5291 9.5146
2.4189 -25.6063 -1.6588
5.1849 -12.1826 9.5739
-1.1125 -0.3844 9.3993
4.5412 -12.2256 9.7821
-12.2176 -25.4160 -0.9259
-11.9462 -25.3015 -0.5918
2.3394 -10.9166 9.6070
0.1721 2.4527 9.5114
4.3042 -11.4301 9.5694
1.9584 -25.3566 -0.9520
4.9650 -11.8130 9.7802
6.5892 -11.2920 9.5586
7.7540 -13.1400 9.6268
8.5728 -12.8852 9.6963
4.8600 -10.9949 9.7573
8.4603 -10.8828 9.6012
5.7477 -11.4699 9.3970
-0.8924 1.4001 9.4753
5.4118 -11.2854 9.4510
8.9794 -12.0519 9.6914
9.8209 -15.3890 8.9487
10.7875 -14.9435 8.8056
10.2723 -14.7991 9.0776
-4.9447 0.0821 9.0183
9.0855 -15.2256 9.0941
7.9644 -9.1780 9.5138
4.1989 -9.3866 9.4001
4.6551 -10.4516 9.5209
7.6125 -15.2959 9.7100
7.1665 -15.2017 9.8217
8.0435 -15.1421 9.5286
9.8585 -10.6794 9.4939
7.7099 -15.0051 9.7941
0.4691 -25.4219 0.8043
7.9403 -14.6298 9.6575
11.3156 -25.7449 8.9892
10.8362 -25.7179 9.5229
10.6645 -25.8161 9.2465
-12.9521 -24.7635 7.1336
11.4388 -25.2244 9.2008
10.9478 -25.3078 9.6884
8.3349 -15.2832 9.2673
-12.8376 -24.6756 8.6407
-12.6243 -25.2481 8.5052
-12.4446 -25.0742 9.0067
-12.6878 -24.3196 9.1060
-12.0714 -24.8878 9.3530
5.4336 -10.4028 9.6741
5.9833 -10.1338 9.5298
10.3533 -25.8307 5.9942
11.0568 -25.6669 5.9550
10.7065 -25.8658 6.9655
8.5828 -14.7006 9.4500
9.1830 -14.8055 9.3957
11.3777 -25.8364 6.4558
10.7928 -25.8336 8.2915
11.5428 -25.8261 7.9375
10.0688 -14.2630 9.4653
11.3952 -25.8761 7.2783
-12.9340 -23.5955 8.4917
8.9635 -13.9953 9.6556
6.0181 -25.7805 5.2921
5.5318 -25.8250 6.2911
5.4016 -25.8511 4.9266
5.3458 -9.7320 9.7548
10.3286 -25.6057 8.0465
8.1896 -14.2741 9.5551
5.2007 -25.7683 5.8931
4.4157 -25.6969 5.8405
4.8303 -25.6345 5.8235
4.7760 -25.8364 6.6584
11.7976 -25.5725 8.2215
4.8429 -9.2574 9.3572
5.0523 -9.6275 9.4449
5.2164 -25.8067 2.7265
4.7537 -25.9024 3.0919
4.6769 -25.7322 2.7376
11.9624 -25.5869 7.1191
4.1314 -25.7861 4.4279
4.2741 -25.8757 3.6040
4.7928 -25.6979 3.7915
11.8518 -25.8250 6.1460
4.0085 -25.7299 3.3239
12.0870 -25.4781 5.5940
5.4665 -25.8886 3.8172
5.7861 -25.8838 3.6036
6.1313 -25.9068 4.5171
12.0747 -25.2017 7.1090
0.9039 -10.8500 9.0936
1.3630 -10.8442 9.3414
6.0226 -8.9842 9.6297
-5.4806 0.2045 8.9929
6.3396 -25.6753 3.4484
6.7509 -25.8282 3.5894
6.3282 -25.5232 2.8924
5.6313 -8.8780 9.6799
11.9279 -25.5207 4.5319
11.9512 -25.6384 3.7496
12.1317 -25.3563 3.8026
5.7879 -25.7488 3.0210
5.5206 -8.2745 9.5516
11.3833 -25.6501 5.0725
4.4451 -25.5318 4.8218
11.9193 -25.7083 5.0267
5.0039 -25.5704 4.6787
-6.2184 1.4426 8.9099
10.2444 -25.6164 4.9701
10.6621 -25.6170 4.8971
11.6056 -25.7285 3.7264
-12.2841 -19.2501 9.3405
9.3894 -9.5332 9.5048
-2.0726 -0.6662 8.7723
-2.5678 0.7442 8.7576
10.1427 -25.3840 3.6278
8.8251 -8.7473 9.6210
9.3044 -9.0569 9.6247
-1.9213 0.4886 8.8346
7.5884 -25.5343 6.5281
8.1984 -25.2780 6.2988
8.1432 -25.6373 5.0059
7.4582 -25.9009 4.6535
8.5461 -25.8675 4.6885
7.5958 -25.7206 5.0247
7.1838 -25.8114 6.3632
12.1114 -25.1856 6.0037
-1.6954 0.8696 9.0765
7.0364 -25.9512 4.1670
8.3957 -25.7886 4.2679
7.5275 -25.7597 3.5755
7.0696 -25.8945 3.0027
8.3026 -25.6156 3.8085
-7.8462 -23.0391 9.6958
9.3982 -25.8261 5.0230
8.7837 -25.7440 5.2137
6.4668 -7.7431 9.6469
-2.2518 2.0002 8.7076
11.8067 -24.9482 8.4797
9.8221 -25.8463 5.8393
9.3191 -25.4885 6.0439
1.0209 -9.5193 9.5365
11.4347 -24.4523 9.2759
11.6013 -24.0866 8.8480
-4.1348 3.5716 8.8270
9.4051 -25.4506 3.5402
-10.6709 -16.5819 9.4063
-12.3876 -17.3765 9.2424
8.6345 -25.3391 5.9307
7.9354 -25.4186 5.3077
0.5605 -9.5723 9.2255
-12.7220 -17.3636 8.9380
11.2604 -14.7591 8.4211
11.4397 -14.3825 7.6783
6.1796 -25.4602 6.2568
6.5405 -25.6254 5.7610
10.7732 -14.2920 9.2405
11.2938 -14.3192 8.7967
11.4199 -13.6213 9.1405
6.9270 -25.8681 5.4644
6.7454 -25.7142 7.0805
6.1731 -25.3489 7.2529
6.5799 -25.5177 6.8003
10.8708 -13.6573 9.4329
12.1571 -25.5411 2.4547
5.3794 -25.6881 7.1201
5.8296 -25.5788 6.6167
4.2022 -25.4739 7.3186
4.9281 -25.6743 7.1588
11.6958 -13.9230 8.5978
2.6069 -0.2467 9.2361
11.6756 -14.0076 7.9787
5.6638 -25.3558 7.5214
11.3401 -12.9826 9.2715
3.1663 -0.3236 9.3871
2.0154 1.8456 9.2316
5.8803 -25.3825 7.9304
11.9551 -13.5730 8.0763
11.9454 -13.1090 8.3618
-11.9330 -16.2855 9.3809
11.7981 -12.6470 8.8953
9.6989 -13.6234 9.6290
10.4099 -12.8273 9.5261
6.3194 -25.4954 7.7159
12.0322 -11.5979 8.2874
7.0882 -25.9561 1.9643
7.4925 -25.8105 2.3405
6.2834 -25.9074 1.2385
7.4152 -25.8233 1.3926
11.6910 -10.9212 8.9576
6.5892 -25.6014 0.7657
7.6894 -25.5372 0.8912
6.8055 -25.8332 -2.3352
7.3019 -26.0209 -2.3801
6.6806 -26.0216 -1.2893
6.4107 -25.9443 -2.2934
7.7787 -25.7891 -1.4693
7.4720 -25.9060 -0.8285
7.0780 -25.8171 -0.5744
3.9716 1.7401 9.4242
6.5676 -25.6478 -0.5286
9.0645 -25.4520 -1.1050
8.7844 -25.5507 -1.8213
9.5530 -25.6128 -1.5191
8.2228 -25.4962 -1.6158
8.3729 -25.3687 -0.1841
7.9746 -25.5299 -0.3355
7.2921 -25.4328 0.0460
8.1381 -25.3635 0.7188
6.7119 -25.4040 0.2851
8.0186 -25.2953 10.0734
7.9751 -25.5361 9.7287
8.7000 -25.3665 9.9163
8.9566 -25.4187 9.3913
9.1979 -25.6419 9.6154
9.3379 -25.6406 9.9080
8.1447 -25.3943 8.7374
9.6694 -25.3252 8.3431
6.1968 3.1358 8.8997
5.2988 -25.6573 1.6539
10.0649 -25.5945 9.8971
9.8176 -25.6914 9.5299
10.1849 -25.5703 8.9525
9.3871 -25.3630 10.0947
5.4477 -25.5728 2.5099
3.1353 3.0028 9.3162
10.4925 -25.4844 9.8284
5.6827 -25.5817 2.1987
4.3770 -25.4571 2.2118
3.9018 -25.4199 2.7337
10.7832 -23.7497 9.6610
9.5379 -24.8894 9.9306
8.5026 -25.0601 10.0456
5.2971 -25.6477 0.4577
5.3853 -25.5915 0.0757
2.3885 2.6866 9.1438
6.5942 -23.4466 9.8264
2.5934 3.8959 9.1202
6.5873 -25.7367 2.3191
7.2987 -25.3121 10.1023
6.7450 -24.9902 10.0301
5.6381 -23.2597 9.8836
11.6821 -13.4728 6.7751
11.9414 -13.3554 7.1827
5.8216 -25.5864 -0.7462
11.6909 -13.1911 5.5867
6.3338 -25.3438 -0.0642
6.0584 -25.8847 -1.1678
6.0638 -26.0062 -2.0260
12.2371 -12.4012 6.4613
5.7470 -25.8814 -2.1236
12.2224 -12.3385 7.3764
-1.9177 2.1077 8.8482
-1.4829 2.9120 9.2829
12.0906 -12.0253 5.7040
11.8184 -12.2545 5.5301
-12.4783 -15.6246 9.1611
12.3618 -11.4588 6.5050
9.5486 -25.3778 1.9659
9.4188 -25.4257 0.2139
8.7279 -25.4755 2.4273
11.7657 -12.0496 3.9647
7.8115 -25.5746 2.6631
11.2494 -24.0244 9.4501
11.7983 -12.1154 4.8802
8.3666 -25.4785 3.1362
-1.1046 4.7808 9.3683
8.2891 -25.4982 1.6751
-2.5918 4.1742 8.6894
12.3328 -10.9066 5.0343
11.9686 -11.1015 4.5110
-1.8289 3.7135 9.0038
-2.0103 3.4667 8.7831
-1.5477 5.5950 9.1882
11.9069 -9.1085 2.8904
-2.1656 4.9662 8.7272
12.4601 -10.2012 5.1851
3.3981 -25.7016 5.2934
1.7794 5.2001 9.1181
2.4623 -25.6028 5.1098
2.6229 -25.4137 6.4026
0.9094 4.7053 9.4213
-0.2998 5.7184 9.3783
4.0295 -25.7158 6.7406
-4.8144 -25.3932 9.1755
-6.0428 -25.4858 9.1205
3.0671 -25.2982 7.2947
3.4993 -25.5602 6.5688
-6.5486 -25.0956 9.7818
-7.4199 -25.3228 9.5440
-5.5470 -25.2976 9.7806
-7.3893 -25.4293 8.9959
4.0388 -25.8210 5.7277
-7.0770 -25.4175 7.6922
-6.5258 -25.5535 7.5890
-7.5637 -25.5384 8.4168
-1.9024 5.4478 8.9027
-5.9196 -25.4830 8.2033
12.2366 -10.3415 4.3358
2.1239 -25.2585 7.0822
12.3880 -9.4442 4.0856
2.9988 -25.7122 4.3838
3.3117 -25.6344 4.7945
3.6908 -25.7553 4.1059
-1.2597 7.2024 9.1391
9.5863 -25.3136 7.4004
9.9188 -25.6384 6.6134
-3.6602 -25.1900 9.7937
-4.3839 -25.4154 9.6469
-3.8517 -25.3606 9.1673
-3.4638 -25.1868 9.4967
-2.3698 -25.1876 9.8431
-2.4956 -25.3214 9.5761
-3.3328 -24.6131 9.7228
-2.6924 -24.7254 9.7910
-2.5306 -25.6139 7.9505
8.9506 -25.2230 7.4786
-2.6417 -25.3497 8.9751
-3.0678 -25.2661 8.2487
-3.3306 -25.1488 9.1189
-3.4527 -25.0933 8.0805
-2.9477 -25.1181 9.1824
-3.0233 -24.7727 9.6099
-12.0642 -25.2108 6.5505
-12.6289 -25.3558 7.2646
11.4250 -23.1019 9.1903
-12.3222 -25.3250 7.2427
-6.4028 -24.6787 9.8176
-4.3264 -25.1880 9.8594
-12.7103 -18.6606 -1.7379
-9.4965 -25.3619 8.2975
-10.1997 -25.4368 7.5781
-9.4121 -25.4757 7.7148
-9.5681 -25.1751 6.9114
-9.3512 -25.3671 7.0205
-9.9820 -25.2597 7.0842
-8.4038 -25.4740 8.0226
-9.0459 -25.4981 7.1626
-8.0911 -25.2489 7.3867
-8.6993 -25.3553 6.8176
-3.7513 -24.5091 9.8308
-9.9005 -25.0361 6.5120
-12.0119 -25.3065 8.6854
-11.7632 -25.1987 8.1534
-11.3336 -25.2069 8.8025
-11.3433 -25.1999 9.2958
-10.5160 -25.1317 8.8698
-10.4973 -25.0632 8.3720
-9.3694 -25.2643 8.7318
-9.8673 -25.3203 9.0674
-10.4517 -25.0470 9.5932
-9.9153 -25.2822 9.4825
-9.7875 -24.6449 9.7411
-8.9079 -25.3551 9.4683
-11.0533 -25.2323 7.8766
-10.8807 -25.4302 7.1744
-10.5583 -25.4750 6.7025
-8.6142 -25.0616 9.7385
-11.6406 -25.2841 7.2847
-7.6560 -25.3841 7.9279
-9.8909 -25.7089 -5.1186
-10.4609 -25.6085 -4.0299
-11.1639 -25.6466 -4.9165
-10.9566 -25.6889 -5.5980
-10.4798 -25.6072 -5.2988
-12.7613 -25.3745 -0.5491
11.8594 -18.6673 0.1835
12.0241 -17.1811 0.3527
12.1537 -5.7446 -2.9923
12.0286 -17.7107 -0.3241
12.1973 -2.8233 -8.5763
12.0621 -3.3377 -9.1673
12.0757 -1.4887 -8.9450
11.9284 -2.2188 -9.2750
0.9367 -26.0015 -7.6787
0.7164 -25.9815 -6.7962
0.4655 -25.8720 -8.2514
1.2701 -25.8126 -7.6491
1.1846 -26.0007 -8.4272
11.9226 -9.7548 1.6284
0.0417 -25.6907 -7.8362
0.4471 -25.8572 -6.6209
0.1624 -25.6497 -6.7331
11.8296 -5.1479 -9.4627
11.2343 -2.6700 -9.5744
11.6876 -1.0494 -9.3634
12.0234 -0.6631 -8.6061
5.5792 -18.0018 -9.5662
4.5715 -17.5068 -9.4484
6.3354 -15.7890 -9.5058
-0.7741 -25.8617 -5.4168
0.3682 -25.9807 -5.0780
-0.6147 -25.8891 -4.2738
5.5442 -15.0415 -9.5390
-0.1882 -25.8100 -5.5427
-0.6131 -25.8811 -6.2274
3.8123 -17.6554 -9.5669
4.0902 -15.8805 -9.5935
-1.3016 -25.5184 -4.7523
-1.0846 -25.6404 -6.7341
-10.9980 -16.6992 -10.0280
-11.7276 -19.4198 -9.9104
-11.7401 -16.0955 -9.9322
-12.0412 -17.0168 -9.7400
8.6280 -2.4853 -9.6965
8.9325 0.8599 -9.6142
5.2064 -14.3282 -9.6035
2.7868 -5.5110 -9.6748
2.5596 -0.3211 -9.6119
3.9874 -2.3245 -9.5717
-3.2408 -25.4914 -4.5649
-1.9098 -25.3348 -5.1851
-1.9449 -25.4371 -3.9108
-1.3922 -25.5414 -3.8764
10.1247 -18.6887 -9.4375
8.3023 -19.2972 -9.4478
8.5256 -17.1581 -9.5184
-2.1584 -25.5536 -6.3114
-2.9943 -25.5415 -5.3911
6.5606 -19.2539 -9.5987
6.9518 -16.3758 -9.6360
7.1660 -17.1734 -9.6798
7.6862 -18.4190 -9.6254
11.0143 -0.3193 -9.5238
-1.3271 -25.8127 -8.7099
-1.1053 -25.7198 -8.1545
-1.4163 -25.4676 -7.5574
-2.4441 -25.8053 -6.9496
-3.0833 -25.8210 -6.0035
-3.2392 -25.8617 -6.3341
12.0215 -15.3940 -1.2550
-3.1427 -25.7120 -7.2537
-2.5271 -25.9408 -8.0126
5.2333 -1.9206 -9.6029
5.9089 -4.4661 -9.5529
-1.8853 -25.5202 -7.5410
12.1627 -15.3139 -0.6831
-3.1509 -25.7570 -8.3589
-1.9961 -25.8628 -8.5409
12.1226 -16.9854 -1.6823
12.1001 -17.8785 -1.2298
12.0023 -17.6616 -2.4333
-1.5720 -7.9540 -9.7211
-3.0788 -8.0862 -9.6862
-2.5759 -7.4685 -9.8518
-0.4769 -25.8823 -7.1732
-0.7704 -25.9393 -8.0151
-3.8971 -7.7731 -9.7182
-3.4855 -7.0436 -9.7210
-0.2208 -25.6598 -6.3899
-0.1945 -25.6732 -7.1662
12.0133 -16.2456 -2.4358
12.1332 -16.3381 -4.3867
-4.3580 -7.3121 -9.9484
-3.9507 -6.5630 -9.8161
12.0619 -9.6583 3.6763
11.9838 -15.5201 -3.3356
-0.3281 -26.0337 -8.5871
12.0096 -8.4512 2.9683
-12.4133 -14.6116 -9.2067
-12.4768 -18.4418 -9.0721
-12.4154 -11.3835 -8.1467
-1.0150 -6.7768 -9.8600
-1.9543 -6.2781 -9.8585
-2.9770 -6.3133 -9.9261
12.2803 -8.7461 3.4095
-1.4824 -25.4373 -6.4861
-8.1376 -25.7246 -5.8730
-9.1266 -25.7598 -5.7532
-8.6236 -25.7931 -6.6651
-7.7327 -25.7609 -7.0390
-3.7969 -6.0598 -9.9425
-6.2686 -25.8965 -8.9120
-6.7387 -25.7438 -8.5563
-7.0991 -25.7450 -8.6002
-2.4436 -5.2989 -9.9376
-3.2400 -5.3077 -9.9464
11.8447 -5.7722 1.3393
-7.5206 -25.8415 -9.0710
11.9296 -6.0947 2.0288
-4.7465 -8.2044 -9.9943
-4.5162 -6.3342 -10.0079
-5.1280 -5.5887 -9.8706
-2.4754 -25.9934 -9.0544
-11.6183 -13.1264 -9.9747
11.9537 -14.4561 -2.7675
-8.4342 -25.7800 -8.2164
-9.1824 -25.7366 -7.4010
12.5151 -6.1372 3.1331
-3.5727 -25.9164 -8.8734
-3.4934 -25.9209 -9.3474
-9.2953 -25.7357 -8.3556
12.5916 -5.4304 3.7417
-12.3124 -16.1096 -9.4677
-3.1445 -25.8225 -9.6135
3.9801 0.8505 -9.4979
-12.1359 -13.7915 -9.7003
-8.0636 -25.7134 -7.6234
-1.1052 -25.9711 -9.3247
0.7642 -25.9848 -9.2292
12.2033 -7.3814 2.8088
-0.2027 -25.9043 -9.5393
1.4877 -25.7235 -8.2420
1.8998 -25.9318 -8.8315
2.1190 -26.0270 -9.2015
-8.0659 -25.6549 -9.1786
6.4334 -2.5203 -9.7014
6.1722 1.1362 -9.6650
7.6209 -2.8199 -9.6376
3.0663 -26.0144 -9.3703
0.9821 -25.7414 -9.5810
3.3466 -25.7666 -9.5143
-8.8474 -25.5387 -9.0095
-4.2694 -5.2915 -10.0251
-2.2075 -25.3349 -9.7331
1.2077 -23.8230 -9.6359
0.2583 -25.9550 -8.7296
-3.8095 -4.9133 -9.8405
-3.2996 -4.9507 -9.8071
-4.7079 -3.7547 -9.9766
-6.7372 -25.8463 -9.4931
-7.7508 -25.6768 -9.5848
-6.8747 -25.6720 -9.7411
-7.9718 -25.3541 -9.6642
5.0760 1.3712 -9.6338
12.1105 -3.9451 -2.0279
-5.6539 -25.5298 -9.8147
-7.8575 -24.2628 -9.8934
-4.1429 -23.5878 -9.8016
-8.6611 -24.8724 -9.6089
-0.8540 -5.9227 -9.8482
-1.0422 -5.1095 -9.8090
-2.3481 -25.6420 -9.6998
-2.3564 -4.3079 -9.7628
-11.1208 -25.7059 -7.8667
-11.5958 -25.6012 -8.6150
-10.6485 -25.6947 -8.8877
-11.0802 -25.5765 -9.0880
-12.0020 -25.4845 -8.7866
-11.4238 -25.3079 -9.1722
-11.6463 -25.5290 -7.8129
-12.4051 -25.4623 -7.4523
-11.8491 -25.6831 -6.6604
-12.3474 -25.6833 -5.8938
-11.8091 -25.5576 -7.1031
11.8926 -3.7150 0.0914
-12.6396 -25.4835 -6.1952
0.4786 -7.1942 -9.6629
-0.2336 -1.8558 -9.6721
12.2160 -11.6508 -1.6578
12.1107 -13.2539 -1.7441
12.0626 -9.3504 -3.2480
-12.1642 -25.5377 -8.1157
-12.4244 -25.3522 -8.4027
-12.6137 -24.7722 -8.1241
-3.2454 -3.3793 -9.7008
-12.1044 -24.8230 -9.0427
-12.3868 -24.7175 -8.8410
-3.9720 -3.8008 -9.7159
-11.2714 -24.3133 -9.3134
-4.5063 -2.9888 -9.7715
-9.9303 -25.7649 -6.9846
-10.7209 -25.7440 -6.7726
-10.2115 -25.6195 -7.9782
-11.6514 -25.5531 -5.7505
5.2998 3.2211 -9.3594
7.1955 3.1571 -9.5372
8.5821 3.2045 -9.4856
12.2624 -13.9477 -6.7018
9.1745 -25.9253 -7.9803
8.4312 -26.1144 -7.5432
8.6743 -26.0417 -8.2405
10.1229 -26.0362 -8.4754
9.7115 -26.1278 -7.3769
12.1133 -17.1135 -4.6590
-4.1252 -0.8254 -9.6694
-2.8037 -1.6489 -9.7407
9.1824 -25.9696 -8.6558
8.8379 -26.1066 -8.9118
5.5643 4.2532 -9.2337
7.5709 -25.9881 -9.3415
9.2365 -26.0610 -9.1196
8.4981 -25.7559 -9.4279
12.2438 -6.0658 -4.0829
12.2778 -2.8055 -5.1234
12.1190 -1.7543 -3.7789
10.7773 -26.1693 -8.9290
10.2265 -25.9842 -9.2811
-9.2953 -25.6611 -5.2177
-9.4271 -25.6985 -6.4910
12.2050 0.0447 -5.9862
10.8129 -25.4347 -9.3689
9.9932 -23.2245 -9.4191
6.5935 -25.2279 -9.5089
12.3260 -25.9151 -5.0441
12.0237 -26.0368 -5.3372
12.2060 -26.0998 -6.3246
11.8870 -26.0124 -6.7386
12.3468 -25.9449 -6.7558
12.4128 -25.5881 -5.9007
-5.5874 -2.1041 -9.9099
-6.7048 -5.4596 -9.8949
12.1225 -13.5368 -5.5473
9.2845 -25.8904 -2.1438
9.3121 -25.9989 -2.8294
-1.5839 -21.0615 -9.6716
-4.1201 -18.8165 -9.7260
10.4167 -25.9098 -2.1595
10.0434 -25.6912 -2.9006
12.2100 -14.9769 -7.5245
9.4397 -25.7390 -3.3805
9.3795 -25.9759 -4.1641
9.7109 -25.6849 -4.3070
9.8552 -25.5506 -3.6020
10.6061 -25.6420 -3.1175
-10.6232 -25.6685 -8.4598
-9.7968 -25.5017 -8.8808
-9.8199 -25.3117 -9.1636
-10.5138 -25.4193 -9.2911
-10.2520 -24.9198 -9.3544
9.1302 -26.1186 -4.8711
9.5034 -26.0382 -5.3131
12.0731 -5.9853 -4.7749
-0.3642 -20.4959 -9.7278
-2.0734 -18.5238 -9.6824
12.1241 -10.1341 -4.2841
12.0481 -5.9795 -5.4953
-1.1519 -19.5728 -9.7121
-9.4184 -25.0510 -9.3209
9.9214 -25.7178 -5.4467
8.4844 -26.0578 -6.5205
9.2760 -26.0697 -6.0714
8.4124 -26.0723 -5.1994
9.5947 -25.8808 -6.4417
10.3199 -26.0092 -7.0811
10.1908 -25.6745 -6.2819
1.4750 -20.8862 -9.7271
0.4157 -19.9137 -9.7220
1.9856 -20.2748 -9.7051
1.4530 -19.2298 -9.6836
-8.3853 -9.6012 -9.9787
-8.1825 0.5726 -9.9752
-0.2954 -19.0911 -9.7070
10.7254 -25.6418 -5.4347
11.2491 -25.9038 -7.0471
11.6128 -25.8309 -5.5103
12.0582 -0.4020 -7.7839
12.2400 -2.9754 -5.8087
12.0804 -2.7409 -6.5996
-0.3854 -18.3335 -9.7316
0.3778 -18.8450 -9.6947
10.9929 -25.7174 -3.9601
12.2556 -0.0131 -7.1631
-12.0084 -25.6087 -5.8693
10.1512 -25.5018 -4.4614
1.0625 -18.3608 -9.6955
-5.0554 -1.7701 -9.9438
0.1603 -17.1624 -9.8153
12.2560 -25.9399 -3.5589
12.1024 -26.0591 -4.1360
12.3583 -25.6942 -3.7945
12.2925 1.3019 -7.8029
12.0794 -13.5060 -3.0525
12.1229 0.5004 -3.9798
11.9573 -0.4478 -1.4011
12.0344 -12.4015 -2.6299
-4.6375 -1.0936 -9.7685
-1.2008 -17.6550 -9.8015
11.5815 -25.8075 -2.3115
12.0202 2.2383 -4.2657
12.2944 -4.6992 -4.3273
12.2417 -25.6999 -2.3025
12.1522 -25.8256 -2.7548
-1.9468 -17.0459 -9.7436
-12.6985 -23.9424 -6.6701
-5.0315 -0.3139 -10.0062
11.7967 -25.9531 -3.7638
12.0028 -25.9600 -3.1151
-5.6638 1.3559 -9.8812
12.5659 -4.6485 5.0014
-0.9725 -16.4476 -9.8170
11.9319 1.4916 -1.5274
12.3357 -25.4416 -2.5468
-1.5004 -15.4174 -9.7483
11.9679 2.5047 -2.6919
-6.1633 -20.6063 -9.8334
-4.6520 -16.9634 -9.7594
-5.6096 -17.5434 -9.8975
12.2761 -24.0627 -2.5124
12.2287 -12.2321 -5.6459
-6.2974 1.3690 -9.8328
-6.3401 -17.3200 -9.8180
-11.9738 -23.5882 -9.3561
-12.3084 -23.7825 -9.1096
12.3173 -11.1219 -7.7934
-12.5959 -22.2577 -8.3625
-12.5571 -23.9038 -8.6417
12.3939 -23.0681 -6.8705
12.2927 -11.5799 -4.9740
12.1944 3.5441 -7.0002
-12.4769 -22.5649 -8.9238
12.3161 -8.1464 -6.7514
12.1942 -4.9569 -7.1315
11.8326 -0.1425 -9.1983
-9.9560 -24.3128 -9.4458
12.3811 -7.0456 -8.4717
12.3546 -9.5071 -8.0977
12.2605 -8.5543 -8.9623
-1.5076 -1.3889 -9.7200
12.3104 -4.8857 -8.3434
-9.5966 -23.7720 -9.7038
12.2763 -21.1088 -5.9944
11.4728 0.6745 -9.3634
12.1227 -26.0345 -7.9453
11.1212 -26.1810 -8.2463
11.9752 1.0264 -8.9374
11.6603 -26.1354 -8.6259
12.1892 -25.8454 -8.4672
11.7095 -25.6245 -9.0629
12.0361 -7.3225 -9.3492
12.2418 -6.1649 -9.0143
12.3770 -25.4530 -8.1537
11.5621 -6.4234 -9.5700
10.8535 2.7567 -9.2924
-0.7384 0.4222 -9.6956
-10.5536 -22.3130 -9.9751
12.1654 -25.0795 -8.8413
12.1573 1.2956 -8.3594
12.4327 -25.0029 -7.4951
-2.5429 -0.2764 -9.7595
-3.3053 -0.8537 -9.7353
-1.7245 -0.1587 -9.7936
-11.5519 -22.8842 -9.6443
11.8692 1.6175 -9.0444
-2.2222 0.5621 -9.7029
-2.5553 0.1516 -9.7037
11.5407 2.1675 -9.1492
-12.3011 -22.1304 -9.3655
12.1744 -4.2902 -9.0834
12.3012 -4.9177 -8.8198
11.1402 -25.9524 -9.1676
-8.8204 -18.8791 -9.9560
12.2417 2.8227 -8.1237
11.4552 -20.1398 -9.4030
11.7978 -18.6022 -9.3638
12.0090 -19.6410 -9.1746
11.4100 -18.1349 -9.4060
-12.0904 -21.6655 -9.6566
12.1377 -18.6825 -8.8859
12.0769 -18.0630 -9.1382
-11.5773 -21.8050 -9.9104
12.1852 2.5149 -8.5069
11.8086 -17.7916 -9.3427
11.7828 3.3476 -8.7554
11.9101 -16.7928 -9.2555
11.9749 5.2229 -7.8485
12.3471 -23.8584 -8.4430
-4.7627 -25.8241 -5.1722
-4.9086 -25.6289 -4.2965
-5.5708 -25.6014 -4.8555
-5.3848 -25.8283 -5.6110
-5.7801 -25.8714 -6.6812
-5.2774 -25.8130 -6.2423
12.0287 3.6258 -4.5367
-4.5627 -25.8668 -6.4940
-3.8429 -25.8701 -5.6993
2.0131 1.7279 -9.4801
-1.3930 1.1774 -9.7530
-6.2077 -25.8474 -7.6425
-4.7746 -25.8794 -8.4534
11.5897 -16.3227 -9.4133
-5.0834 -25.8520 -7.7236
-0.7205 1.5765 -9.6358
11.8504 -24.9566 -9.1613
-5.5712 -25.9002 -9.2553
-5.6458 -25.7680 -8.3892
11.4600 -24.0568 -9.3643
9.6116 -15.3128 -9.5114
12.1447 -23.6837 -8.9985
-4.6419 -25.7826 -9.0686
0.1051 1.8059 -9.4653
-5.0208 -14.5660 -9.8493
11.8436 -23.3351 -9.2360
-3.9440 -25.6793 -6.3755
-4.5113 -25.6437 -7.3291
-3.6717 -25.5192 -7.4044
-0.6232 2.7502 -9.3339
-4.1131 -25.7624 -8.3591
12.1050 -16.5898 -8.6789
-4.1631 -25.5231 -7.9534
-3.2159 0.6710 -9.6327
3.4973 -13.9355 -9.6693
3.9892 -12.2334 -9.6118
4.6091 -13.7345 -9.6600
2.6000 -13.1021 -9.7883
2.7549 -12.3045 -9.6738
9.6385 3.5089 -9.3756
-4.4404 0.5949 -9.7102
10.8048 4.0539 -8.9909
-4.8899 0.7341 -9.9517
11.9453 -16.0078 -9.1649
-6.0616 -12.5446 -9.8453
6.4560 -11.9057 -9.6234
6.4502 -13.1808 -9.4903
-7.3753 -25.7663 -5.0667
-6.7813 -25.7352 -5.5939
-7.1286 -25.7919 -6.1793
-7.1081 -25.6402 -7.3951
-6.7661 -25.7379 -7.0884
7.2823 4.9904 -9.2090
-3.9547 2.7102 -9.4716
-1.8573 -12.3332 -9.6646
6.6809 -9.5849 -9.5501
-5.2419 1.0317 -10.0432
11.5273 -14.2065 -9.3993
-8.1490 -25.5734 -4.7905
2.0829 -10.7447 -9.6250
-7.0979 1.6352 -9.9689
-7.8029 -25.6463 -5.3305
2.3387 -18.5906 -9.5942
12.1915 -14.7522 -8.8401
1.4833 -13.1595 -9.7779
1.3702 -11.4313 -9.7185
12.2758 -15.9714 -8.1922
2.2047 -17.7916 -9.7002
12.3173 -15.8616 -7.5236
1.4575 -16.6117 -9.7073
2.2585 -16.4951 -9.7106
11.9675 -14.4161 -9.2775
12.2199 -13.6459 -9.0320
0.8391 -16.1197 -9.7666
12.0388 -21.7413 -9.1238
-5.7213 -25.4663 -4.4613
-6.2354 -25.7967 -5.1956
12.2374 -20.6473 -8.7741
-5.1738 1.9968 -9.9279
-4.6220 2.6709 -9.7048
11.6973 -20.9133 -9.3559
-5.0502 2.8046 -9.8737
12.3465 -21.4512 -8.3526
-5.8558 2.7923 -9.8175
-6.2737 2.9158 -9.8792
-5.4398 2.7436 -9.8969
1.3808 -15.0409 -9.7523
-2.1831 1.9189 -9.5873
11.6321 5.5279 -8.1434
3.1889 -25.9983 -4.3335
3.0894 -25.9927 -5.3602
3.3938 -25.9758 -5.6521
10.9886 5.8556 -8.3578
2.8003 -25.9570 -7.4665
3.5572 -26.0694 -7.3396
2.9102 -25.9958 -6.5227
3.9632 -26.0619 -7.8588
-3.0407 3.3273 -9.3050
4.2551 -25.9824 -6.4973
4.9984 -26.0934 -6.4794
4.3993 -25.9777 -5.5077
9.8213 5.6334 -8.7927
4.5020 -26.0594 -7.1027
4.9827 -25.9120 -7.5873
-1.3700 2.3725 -9.6690
3.9595 -25.7445 -5.5465
8.5373 5.8144 -8.9621
-1.0054 2.5524 -9.5745
-2.0564 3.4965 -9.4574
3.8311 -25.9496 -6.9569
3.7358 -25.8143 -5.8835
6.7468 -25.7776 -3.2840
6.3348 -26.0002 -3.5662
5.3167 -26.0545 -5.0174
6.6407 -25.9990 -4.2553
5.6756 -25.9803 -4.3501
-5.2273 -11.9220 -9.8948
-5.0670 3.6081 -9.8916
-0.0480 -15.1958 -9.8097
7.1132 -25.9212 -3.9467
-6.1262 3.4890 -9.8966
-4.0906 4.3188 -9.2834
-4.4294 4.4141 -9.5468
5.8018 -26.0335 -5.7590
6.8536 -26.1040 -5.2540
-5.4528 4.0432 -9.8123
6.4932 -26.0310 -6.1433
6.7451 -26.0899 -7.4215
7.4062 -26.0684 -6.5557
0.5230 -13.4853 -9.7966
6.3886 -25.9485 -7.1818
6.0676 -25.8354 -6.4616
6.0323 -25.9519 -7.4426
-0.4218 -12.7847 -9.7543
7.5545 -26.0653 -4.1769
-4.3028 5.2456 -9.2563
3.1529 -17.1771 -9.7054
2.7328 -15.0847 -9.7217
0.4583 -11.7476 -9.7733
3.4345 3.2169 -9.2241
6.9751 -26.0054 -5.8683
-0.2540 -9.6765 -9.6486
-3.5141 -25.6248 -6.5271
1.3849 2.7568 -9.3389
5.0774 -25.8115 -4.0501
4.5208 -25.8867 -4.7235
-0.0039 3.8601 -8.9710
-4.8744 -25.7941 -9.5192
3.5391 -25.9855 -3.4450
3.7419 -25.7526 -4.2579
-5.6655 -25.8675 -9.6620
4.5999 -25.9167 -3.6667
4.6294 -26.0203 -3.2661
4.2784 -25.6983 -4.1890
4.0276 3.7397 -9.2165
7.9778 -14.6701 -9.5188
5.7733 -26.0356 -3.2552
12.6490 -2.2770 4.0661
12.3625 -5.2016 2.4262
11.8875 -4.5422 1.5949
5.0816 -26.0072 -5.6987
5.6143 -26.0163 -6.5953
8.1404 -12.2145 -9.4797
2.2873 4.3583 -9.0376
-4.1732 -11.6940 -9.7224
1.3875 4.5473 -8.8842
2.2319 4.8652 -9.0687
1.6583 5.2833 -9.0061
3.2528 4.6665 -8.9859
5.5143 -26.0383 -7.7470
3.5968 5.1453 -9.0988
12.5572 -2.5917 2.4006
3.1133 5.1810 -9.2783
12.2972 -2.2555 1.8145
2.4986 5.1292 -9.2544
2.3616 5.4425 -9.2106
1.6413 5.8005 -8.7675
-4.6783 -10.3134 -9.7884
3.2603 5.9718 -9.2672
2.7010 5.7210 -9.0716
11.8402 -2.4522 1.1776
2.4027 5.7599 -8.6828
6.2426 -26.0995 -9.0970
6.0772 -26.1394 -8.4823
5.8062 -25.6589 -9.4907
5.7432 -25.9166 -9.3580
11.9701 -1.6609 1.4858
2.2405 -25.6975 -8.4306
3.2677 -26.0532 -8.8164
4.2074 -25.9373 -8.2207
-1.4121 3.4334 -9.4908
3.9270 -26.0890 -8.7484
-0.9542 4.4109 -8.8322
-2.0282 4.3241 -9.4536
2.7061 -25.8547 -8.0090
-1.8178 4.3554 -9.4394
-1.5829 4.3818 -9.1634
4.2075 -26.0517 -9.2222
10.8161 -12.4135 -9.4062
4.7099 -25.7996 -8.5760
4.5025 -25.9122 -8.8917
5.2012 -25.8754 -8.2919
-1.5793 4.8938 -8.7128
-0.6256 5.4536 -8.4120
-2.9149 4.8048 -9.0564
4.8505 -25.7647 -9.3448
12.4454 -0.8978 5.1451
5.1839 -25.9005 -9.0249
4.1332 -25.2880 -9.5441
-2.4909 4.9790 -9.1775
-3.2940 5.0668 -8.9325
-3.5916 5.3791 -9.0514
-3.1644 5.7180 -8.9732
-3.4649 6.3070 -8.6900
-1.9302 5.4634 -8.7514
-2.2142 5.6566 -8.9704
5.7104 -23.7676 -9.5079
-1.3973 5.7421 -8.4464
-1.5065 6.0632 -8.5508
-1.9640 6.2560 -8.5574
-2.7742 6.3920 -8.7421
7.5942 -26.1371 -8.2354
6.7931 -26.0412 -8.5814
7.8552 -26.0643 -8.8828
7.9776 -7.2479 -9.5467
10.1781 -10.0534 -9.4499
-2.3472 6.5522 -8.4074
-2.8011 7.2308 -8.3371
0.4163 5.2571 -8.5373
0.9509 5.6865 -8.6705
0.0468 6.2859 -8.4747
0.0653 5.7590 -8.3979
1.4332 6.0111 -8.4604
0.7101 6.1462 -8.4727
2.1167 6.0289 -8.3146
1.6358 6.2938 -8.2955
12.5407 -0.9017 2.1342
12.6174 -0.3564 2.9886
1.1707 6.7636 -8.4179
1.9790 6.7574 -8.2873
-0.1970 6.6173 -8.3950
-0.8435 6.7508 -8.2426
-0.0955 7.0249 -7.8807
1.1604 7.1748 -8.1776
0.7314 7.3194 -7.6008
0.1582 7.4763 -7.7048
10.1826 -8.7543 -9.6159
9.4684 -6.8170 -9.6328
-11.3333 -20.2105 -10.0127
-2.2576 7.1476 -8.0576
-1.4128 6.8577 -7.8604
-1.7702 6.9836 -7.7661
-1.8392 7.4353 -7.7914
11.2058 -7.7259 -9.5911
-0.8984 6.9056 -7.7363
-1.1869 7.2409 -7.5546
12.3087 -13.1930 -8.3919
-0.7391 7.4555 -7.6690
-0.8253 7.9994 -7.6157
-1.3229 7.7228 -7.6941
-1.9079 7.8925 -7.8575
7.4394 -5.5902 -9.6605
3.1486 -23.5852 -9.6226
5.8545 -22.6192 -9.5902
-1.4082 8.3083 -7.4528
12.0831 -12.4871 -9.2658
-2.2518 8.1452 -7.6445
12.3063 -11.7449 -8.8700
5.7129 5.5994 -8.9907
-10.4724 -9.8027 -10.0544
11.7530 -12.1971 -9.4019
-12.3305 -11.9391 -9.4157
7.1214 -22.5653 -9.4845
-12.3769 -10.3196 -9.0019
4.3287 -22.7000 -9.6090
5.4480 -21.3199 -9.6123
0.4404 -25.8858 -4.2634
1.3191 -25.9111 -4.2348
7.3683 7.6364 -8.3246
5.3906 7.1582 -8.4063
-12.0327 -11.4669 -9.7778
4.0555 5.7311 -8.9673
1.6136 -25.9004 -5.7117
3.6707 5.7458 -9.2279
2.3778 -25.9654 -4.8119
4.5028 6.5997 -8.6193
3.8557 6.4529 -9.0988
4.0689 6.7386 -8.7729
2.0353 -25.7873 -4.0881
3.2460 6.5886 -8.9824
3.0052 6.1951 -8.8057
2.6796 -25.7712 -3.6633
12.2006 -11.1879 -9.1245
2.7992 6.1294 -8.5342
2.4178 6.4306 -8.2355
2.1677 -25.7430 -5.4102
11.8953 -11.1610 -9.4262
3.4397 7.3033 -8.7990
2.6990 -25.7971 -5.4968
3.0255 6.5541 -8.4793
2.8816 -25.9073 -3.9747
2.8969 7.0666 -8.3400
11.7650 0.0945 1.2021
11.2731 -10.4403 -9.5312
3.7834 7.3661 -8.7169
4.1153 7.3400 -8.3624
-11.3418 -10.5318 -10.0219
4.2583 7.8264 -8.0414
2.4723 -25.7827 -6.1195
1.9190 -25.9507 -6.5186
3.6476 8.1997 -8.1473
12.1054 -0.0621 1.6590
2.0647 -25.7247 -5.9840
2.1356 -25.7652 -6.9900
2.1752 -25.6196 -7.5345
12.4055 -0.1627 1.9283
1.5998 -25.7337 -6.7738
1.6495 -25.5727 -7.4007
5.6329 8.1700 -8.0578
1.1148 -25.9108 -6.5865
0.2772 -25.8396 -5.6399
8.7527 7.8623 -8.1372
7.3060 8.2513 -8.2995
6.6007 8.1814 -8.2241
-12.3610 -19.4969 -9.4093
-12.1957 -9.1461 -9.6486
-0.0211 -25.8207 -4.3779
3.8493 8.3127 -7.9453
4.3677 8.4998 -7.8225
-0.0785 -25.5097 -3.3977
0.2646 -25.5101 -3.5302
5.9456 8.6248 -8.3132
5.8887 8.9216 -8.3279
5.0229 8.8327 -7.9177
4.4807 9.1741 -7.8659
5.1550 9.3304 -7.8801
5.9148 9.5147 -7.6990
6.3327 9.2382 -7.8656
6.0020 9.2056 -8.1656
4.9689 9.8572 -7.8303
6.5170 8.4702 -8.4550
6.8917 8.7128 -8.5750
6.9628 9.1033 -8.4602
12.0591 -9.9184 -9.3338
11.6657 -9.8552 -9.5250
1.9815 7.3261 -8.2650
11.8617 -8.5735 -9.4753
1.0438 7.2402 -7.7691
0.1231 7.9440 -7.3322
1.3379 7.5867 -7.2789
1.6368 7.5876 -7.7412
0.8411 8.4458 -6.9815
2.1887 7.9373 -7.8315
2.6602 7.7597 -8.1935
3.2212 8.4768 -8.1169
2.7357 8.6843 -7.8913
2.3654 8.4538 -7.6602
1.9745 7.9299 -7.3530
1.7056 8.0392 -7.1071
1.8877 9.0534 -6.9974
2.1454 9.6014 -7.1857
1.7043 10.1448 -6.6112
1.4828 -22.3889 -9.6390
2.6520 -22.1550 -9.6706
-1.0519 8.6131 -7.1377
-0.9749 11.2187 -6.3498
0.6304 10.1671 -6.5455
3.4372 8.8115 -7.8021
3.3021 9.1531 -7.3930
4.0402 9.3928 -7.7756
3.8072 9.4242 -7.5725
2.7146 9.2401 -7.4782
3.9576 -21.5211 -9.6400
3.0923 9.3705 -7.0466
2.7864 9.6795 -7.0818
2.5257 10.1343 -7.1592
3.3032 -21.3779 -9.7092
3.6458 9.6773 -7.0177
4.5596 10.2250 -7.6071
4.0835 10.2559 -7.1987
3.2258 9.8702 -6.8389
2.9377 10.2570 -7.0168
3.5117 10.2667 -6.9616
3.2649 10.7690 -7.0383
3.4377 -20.0123 -9.6629
3.9177 10.7801 -7.0506
2.3338 10.7390 -6.8883
1.6974 11.8681 -6.2662
2.4494 11.3627 -6.5082
2.6609 11.1367 -6.8152
-12.1151 -19.3788 -9.7017
0.2168 12.0419 -6.1928
8.8063 -25.9822 -2.7391
7.9941 -26.0451 -2.8712
8.1453 -25.7926 -2.4267
8.4076 -26.0626 -3.7930
8.3217 -25.9793 -4.3357
8.8182 -26.0551 -3.5508
8.6638 -25.6829 -2.3618
8.8144 -21.1341 -9.4320
7.4149 -21.5997 -9.5182
6.6829 -21.4578 -9.5348
-11.8639 -9.8226 -9.9189
6.0292 -20.8243 -9.5157
6.7879 -20.5791 -9.5355
7.5773 -20.2501 -9.5300
-11.9410 -7.2099 -9.9033
-11.6041 -7.4144 -10.0601
-5.4084 -10.0179 -9.9514
-5.5196 -8.6055 -9.9000
5.3679 -19.7028 -9.6035
4.4558 -19.7211 -9.6920
4.5052 -18.7342 -9.5767
3.8497 -19.1415 -9.6799
3.0321 -18.7807 -9.6366
3.9364 -18.4643 -9.5574
3.3518 -18.0582 -9.6572
-12.1856 -6.1278 -9.5563
-10.5696 -1.9410 -10.0862
-11.5992 -3.2949 -10.0511
12.1109 -20.7741 -3.8319
12.0696 -20.0266 -2.4069
11.8991 -19.1011 -1.6183
12.2167 -18.7741 -5.9019
12.2131 -18.8176 -7.7099
12.1743 -17.7880 -7.7155
12.2829 -18.0946 -5.4478
12.2343 -17.0376 -5.7477
12.3162 -17.3434 -7.4130
-12.0223 -6.1847 9.1604
-12.3852 -6.2170 9.0181
-12.6073 -6.5647 8.6502
-12.4396 -7.2892 8.9765
-10.9002 10.9481 7.4153
-11.5028 8.5954 8.2964
-10.4620 9.7171 8.1897
-11.3683 0.3864 9.0565
-11.7536 3.7237 8.9507
-12.0267 2.0727 8.9843
-12.2241 3.5080 8.7266
-7.4918 1.3530 8.9205
-9.1504 9.5882 8.3870
-10.2846 7.2156 8.7466
-8.7208 8.4779 8.5996
-12.5506 -5.4065 8.7523
-12.5749 -3.6442 8.0589
-8.0200 9.1647 8.6632
-12.3553 4.3529 8.2804
-12.3644 1.8259 8.5639
-12.2688 -5.0490 9.0554
-5.8507 6.2020 8.9234
-5.7589 4.0480 8.9877
-9.4301 0.9239 9.0363
-9.2984 10.7680 8.0050
-12.0300 0.1235 9.0458
-12.2185 -0.8327 9.0237
-12.1147 4.7727 8.7663
-12.5954 -4.4032 8.4550
-12.3823 -0.2659 8.7305
-2.4956 6.4892 8.6671
-9.6227 4.4363 8.9437
-12.4482 -1.7178 3.8277
-8.0296 2.5650 8.9329
-11.7727 -4.2618 9.1828
-3.9622 7.7734 8.6685
-6.6174 4.0654 9.0899
-7.5295 2.4410 8.9747
-6.4279 9.5607 8.4568
-6.6777 7.7035 8.8663
-12.3961 -4.1307 8.9344
-7.4538 6.4187 9.0839
-7.3779 5.0681 9.0069
-8.1824 6.6962 8.8798
-7.7417 10.6938 8.1915
-12.4866 -2.9064 8.7057
-12.0712 -2.6546 9.1100
-12.3109 -1.9013 8.9723
-12.4814 -0.9345 8.4889
-12.2198 0.8512 8.8866
-11.8349 1.1829 9.0171
-11.8207 5.6356 8.8044
-12.2904 1.4654 8.7885
-12.2206 5.7872 8.5021
-7.1063 3.0382 8.8681
-1.8321 6.8281 8.8239
-12.4284 1.7787 7.9681
-1.3936 8.3393 8.8398
-1.7170 8.6687 8.4894
-2.3130 8.6992 8.4188
-12.2918 6.9294 7.3010
-12.2260 6.7728 5.1168
-7.9776 4.8210 8.8434
-5.5449 8.5930 8.6628
-5.1137 9.4894 8.4637
-12.2699 6.4388 8.1417
-4.3412 9.9123 8.2977
-3.5918 9.1791 8.4805
-11.6724 10.2219 7.3604
-12.1035 8.8252 7.6146
-11.8512 8.4994 8.1435
-12.0006 10.8222 6.2835
-9.4850 6.2575 8.8501
-8.2156 7.6862 8.8599
-7.7154 7.9131 8.9494
-11.1221 7.7977 8.6132
-11.9409 6.6797 8.6240
-12.0375 7.3861 8.4126
-12.1871 7.7251 7.9950
-10.0018 11.8171 7.3018
-5.6745 10.6920 8.2116
-6.5676 11.2493 7.8585
-8.8091 12.3871 7.2630
-8.0073 11.7771 7.6984
-9.5949 13.4174 6.3389
-7.3957 13.2157 6.8608
-7.7055 14.2297 6.1580
-7.2342 9.9593 -6.9587
-5.6394 7.7691 -7.6939
-7.8732 7.4685 -8.1068
-5.7858 9.8163 -6.7930
-4.2854 8.0801 -7.3732
-5.6024 10.4591 -6.6260
-12.1807 2.7499 -2.8217
-4.5685 5.2679 -8.9150
-6.1871 6.1339 -8.5918
-4.4871 6.1640 -8.3534
-3.5294 6.5624 -8.2674
-3.5130 7.1117 -7.8410
-12.1404 -0.6953 -8.5276
-11.9179 -3.8044 -9.9371
-12.0946 -3.1844 -9.6225
-3.0799 7.4327 -7.9802
-3.0726 7.9550 -7.5064
-2.7694 7.7602 -7.9796
-3.7237 8.6328 -7.2179
-2.4313 8.3135 -7.3383
-3.1744 9.7662 -6.9211
-11.9802 -2.2346 -9.7882
-11.8411 -0.4100 -9.7694
-4.6442 10.6099 -6.8134
-6.0837 11.5984 -6.4716
-9.6211 8.2980 -7.7715
-10.4258 7.4890 -8.0565
-10.5871 10.2109 -6.9617
-9.0946 10.9078 -6.7476
-11.1434 8.5297 -7.4684
-11.2088 11.6656 -6.3810
-11.4915 10.3848 -6.6432
-10.3618 13.4749 -5.9343
-7.0802 11.6794 -6.3409
-9.4304 13.6666 -5.8569
-8.1951 13.9019 -5.6828
-2.3699 12.0987 -6.2718
-3.0411 11.1118 -6.6539
-4.3478 12.0408 -6.3662
-11.4776 -0.6312 -9.9839
-12.0519 -0.8019 -9.4156
-10.3171 1.6350 -9.9941
-11.4852 1.3843 -9.7927
-11.8689 1.8126 -9.4404
-11.9720 2.8399 -8.7026
-7.9885 2.1897 -10.0552
-9.0792 2.3913 -10.1023
-11.3589 3.1201 -9.5284
-10.3067 2.9548 -9.9107
-11.6779 5.7946 -8.2459
-10.1125 3.9303 -9.5836
-10.8281 4.6705 -9.1034
-9.4852 3.1971 -10.0335
-11.8914 8.5204 -5.6992
-11.4153 5.9059 -8.4322
-6.8366 2.8923 -10.0324
-7.2095 3.3734 -9.9124
-8.4295 3.3401 -9.8460
-7.6063 4.3274 -9.7919
-7.9994 4.0455 -9.7823
-9.6973 3.8709 -9.8702
-8.9521 4.5846 -9.7331
-9.3507 4.6947 -9.5357
-11.7055 9.7958 -6.4405
-8.2087 5.0786 -9.4279
-9.8945 5.2622 -9.0683
-11.0085 14.0188 -5.6598
-11.3856 14.2304 -5.2975
-6.2627 3.9489 -9.8172
-5.8647 4.1645 -9.4485
-6.7792 4.4674 -9.6375
-6.4249 4.4586 -9.4295
-11.4005 12.2963 5.9905
-5.4668 4.1814 -9.4655
-11.5241 15.0485 -4.5880
-6.4846 5.2377 -9.0395
-7.4065 4.9389 -9.4678
-8.7334 5.8016 -8.9020
-11.7556 14.9677 -3.5533
-10.6546 13.0555 6.0928
-4.7291 13.8928 -5.9649
-9.9559 16.7041 -4.7595
-10.8669 15.7948 -4.9745
-11.2182 16.2998 -4.5311
-11.9953 13.5166 2.0334
-12.1249 10.5780 5.9117
-11.8377 14.9361 2.1814
-8.8282 15.6872 -5.0292
-11.7196 13.7781 3.9153
-1.5454 14.2497 -5.7330
-11.4203 13.6941 4.7203
-11.9355 11.1583 -1.6097
-11.8774 15.8630 -0.9669
-2.8547 14.8179 -5.5173
-4.2850 15.5021 -5.3549
-7.5107 13.4374 -5.9818
-11.7332 17.5187 -1.8806
-10.2375 14.1416 5.5231
-11.5672 17.6405 -2.7889
-10.9256 13.9195 5.1499
-11.6057 16.0455 -3.8768
-10.9620 14.4387 4.8060
-11.0278 14.9551 3.6881
-10.7894 14.8475 4.3685
-10.6620 14.6768 5.2571
-7.4937 15.1354 -5.3399
-7.8968 16.4093 -4.6533
-7.3142 17.8428 -4.0909
-8.0927 14.9167 5.5210
-11.3066 17.6373 -3.5407
-9.3567 14.2365 5.7982
-6.0543 12.5441 -6.4160
-8.8122 15.0828 5.2125
-9.1047 15.1754 5.3105
-9.5313 14.8372 5.6070
-10.5169 17.7211 -4.2096
-5.7150 13.6625 -5.9810
-10.0659 15.1166 5.5008
-10.8579 18.3500 -3.6045
-6.7517 13.0877 -6.2822
-6.4553 14.1471 -5.9723
-10.8830 15.3400 5.1209
-10.8751 15.0628 4.7146
-10.6049 15.6749 4.1484
-10.9749 15.6334 4.8174
-10.7025 16.0035 4.2608
-10.5089 15.5774 5.4592
-10.7427 15.8942 5.1683
-10.1124 15.8968 5.4610
-10.2817 16.2026 5.0374
-10.7061 16.1172 4.6243
-8.3389 18.3709 -3.8310
-9.8077 18.6605 -3.8689
-6.9691 14.8695 -5.7304
-11.7916 17.3985 -0.4706
-11.5021 18.8037 -1.4015
-6.2826 16.0022 -5.2559
-5.4058 17.7584 -4.5449
-11.5485 18.2959 -0.1970
-10.8243 19.0516 0.2197
-11.4387 17.4378 0.8164
-11.2579 19.0312 -2.4989
-6.6037 17.3237 -4.7131
-8.5602 19.5951 -3.2580
-9.4175 19.6125 -3.3388
-6.8122 17.9618 -4.3506
-10.9603 19.5467 -1.8195
-10.5077 19.2219 -3.3007
-10.6600 19.5578 -2.6321
-11.3721 15.3588 2.8056
-9.9624 19.6805 -3.2005
-10.5782 15.4707 3.6176
-11.1590 19.3047 -0.6302
-10.2500 16.8225 2.4972
-10.9590 17.2133 1.6364
-10.5128 15.4057 4.0857
-10.2846 16.2134 3.3175
-10.2768 16.6762 3.3775
-10.3587 16.4958 4.4248
-10.4297 16.8194 3.9973
-10.3593 16.1768 3.0314
-10.0240 17.0403 2.7750
-11.6513 16.5225 1.1725
-9.6368 17.8101 2.1653
-10.3236 18.2959 1.3373
7.5699 4.8606 8.7683
7.6110 3.6185 8.6372
7.8540 4.0774 8.9252
8.0179 4.3952 8.9466
8.5536 0.3927 9.3991
11.7802 -1.4337 7.8772
11.7436 -0.0824 7.5046
11.1341 -0.5993 8.2817
11.4614 0.4338 7.7754
7.5222 5.1899 8.8643
8.2195 4.7051 8.7551
9.3044 2.6683 8.5288
9.6501 2.2069 8.1134
9.8215 2.6626 8.3045
8.1229 0.4288 9.5521
8.9577 2.7722 8.9627
9.1840 2.0408 8.7891
9.7190 3.2838 8.4258
7.1119 4.2838 8.5448
6.0279 5.3338 8.7264
9.2405 3.2955 8.3381
7.5948 1.0598 9.4551
8.9493 0.0364 9.2909
8.7415 1.1740 9.3674
6.7295 5.7425 9.0111
6.6663 5.5584 8.8023
9.1530 0.9872 9.0668
8.9284 3.2437 8.6872
8.0499 5.2217 8.8430
1.8479 7.9468 8.7953
1.2611 7.4930 9.0583
8.7872 3.6090 8.4329
8.0601 1.1594 9.2924
8.6169 2.2989 9.2652
8.6947 2.7943 9.1834
8.2809 3.1380 9.1580
6.9686 5.9259 9.1227
2.4625 6.5236 8.8101
8.4949 3.8702 8.9159
11.8644 -0.4530 7.1787
6.9499 6.2259 9.0759
8.2965 3.7022 9.0676
3.0309 7.9470 8.5812
3.1614 6.4260 8.9772
7.0863 1.2456 9.1638
8.5389 4.2034 8.6414
10.2361 -0.2517 8.5260
0.4057 7.5093 9.1728
7.1493 2.3571 8.8746
6.2741 6.4435 9.0764
9.2942 0.1523 8.7157
7.5803 1.7709 9.2864
7.5815 2.4361 9.0196
9.2469 0.9545 8.6947
-0.5564 8.2638 9.0840
7.9368 2.8089 8.9265
9.0202 1.5696 9.2251
7.9101 3.4561 8.9153
8.3085 1.7656 9.2216
10.5739 0.7388 8.2597
9.5725 1.1755 8.3907
10.2088 1.9629 8.0160
9.4113 1.8742 8.2674
10.9680 1.7582 7.7441
7.9463 2.1722 9.0516
3.7424 5.1614 9.1510
4.8454 5.2762 8.9452
4.5955 7.4631 8.6247
3.6811 7.1956 8.8714
11.6604 13.4870 3.3366
10.9624 12.2252 5.1188
12.0183 11.7853 4.0836
10.6731 5.3983 7.1532
10.9734 5.1543 6.6655
11.2786 5.2991 7.0461
9.9049 15.6668 1.5160
9.3137 15.9002 1.5084
9.5572 15.6712 1.9332
7.3011 11.1316 8.1214
8.0736 11.6758 7.5822
7.7250 12.6440 7.1957
9.2153 16.0209 1.9340
12.3510 11.3633 3.7641
12.2626 13.5191 2.2392
10.9424 5.5992 7.5073
10.3299 15.7403 2.5134
10.7155 15.2920 1.6937
9.7894 15.9869 2.3271
11.8850 5.6868 6.8295
11.3589 5.6848 7.4061
11.5833 5.3032 6.6555
12.0003 10.9723 -1.4503
12.2610 9.9204 -2.5185
11.9316 11.1261 -2.5475
11.6916 5.9905 7.0645
10.3968 15.3455 1.4909
10.3079 15.5852 1.0759
10.2906 5.9257 7.4622
9.6527 6.1008 7.2871
9.4284 16.3573 2.1177
12.7943 7.3246 -1.6990
12.8610 5.4657 -1.2910
12.7352 6.0102 -2.9488
5.8552 12.2986 7.9319
6.1646 11.1939 8.4524
12.6814 7.9925 -0.4474
10.6310 6.1695 7.6744
11.7726 11.8449 -2.1665
10.0581 16.0528 0.8788
10.7175 6.5585 7.5940
11.5197 6.3333 6.9412
11.9868 0.6288 5.8907
10.3619 15.9063 0.1913
12.5545 8.0526 -2.9475
10.1751 16.5132 0.1663
11.5634 11.4260 -3.1623
12.1115 10.4800 -3.2373
9.4267 16.1700 1.1639
9.8815 16.5902 0.7945
9.6211 16.7821 0.9713
10.7250 7.1286 7.1051
6.5544 13.4589 7.0551
11.9609 5.5836 6.2613
11.5936 5.4567 5.9058
10.1156 17.1087 0.3800
11.3563 5.1413 6.0481
11.4672 5.3250 5.4875
9.1060 16.3060 1.5388
12.0670 5.7296 5.7666
11.5146 11.9498 -2.8183
8.2919 16.5203 1.4923
7.9096 16.6134 1.3877
7.9325 16.4932 2.3205
11.6568 0.8213 6.6955
10.8963 13.6318 4.1675
8.2949 16.6109 2.1655
11.4568 10.8523 -3.8237
10.9805 10.8792 -3.9906
10.7371 11.3384 -3.8060
11.1714 11.7851 -3.1926
8.4998 16.8450 1.3151
11.1284 12.1644 -3.2837
10.7182 11.6324 -3.8497
11.2278 12.2834 -3.7087
9.3049 16.7096 1.7852
12.6208 5.2158 -4.1062
12.6502 6.5845 -4.0504
12.1943 6.1789 6.2149
11.6637 12.2461 -2.7921
12.3539 6.0753 5.8488
10.2687 13.7893 4.7426
8.5902 17.5640 1.5162
8.3922 16.8929 2.2857
11.5513 12.6575 -3.5310
8.2665 16.7712 0.9926
7.9733 16.7500 1.0437
11.9950 6.1270 5.2096
11.5052 5.8085 5.2296
8.2959 17.2294 0.7756
11.5680 5.6002 4.6831
12.5431 11.1652 -0.5273
12.5472 10.5606 -0.2698
12.2905 10.6636 -0.4649
9.2308 16.7029 1.1974
9.8274 12.3403 6.1282
9.4156 14.2092 5.0759
11.9467 10.9698 -0.6787
12.1964 11.4061 -0.5997
12.8210 11.2328 -0.4013
11.6086 6.1507 4.6324
9.5609 17.1489 1.3619
12.4461 6.2468 -4.6367
8.4466 17.5597 0.6946
11.9209 11.1878 -1.0599
11.9347 11.6804 -0.7737
12.4495 6.4993 5.2084
10.0376 16.1664 2.9101
11.7656 11.8289 -1.2450
12.4398 6.7994 4.5917
9.6489 16.6779 2.3837
9.6169 16.7170 2.7190
12.9521 11.9387 -0.1273
12.9180 10.9231 0.4774
9.9350 17.3303 0.8872
12.6069 11.8782 -0.5604
12.2346 12.1089 -0.6507
9.6559 17.1217 2.2301
9.4579 17.3010 2.4568
9.6194 16.3653 3.1838
12.0410 6.9978 5.7969
12.4363 7.5555 -4.5048
11.8063 12.2575 -0.9065
11.3657 6.7567 6.6204
8.2072 13.7590 6.1658
12.2685 12.5200 -0.7236
9.8712 17.5398 1.4382
12.5300 7.8794 -4.0862
12.5203 6.8143 5.2881
12.2341 6.8435 -4.8058
8.9253 17.3867 2.5528
12.9197 12.5775 0.5899
12.8169 11.5707 1.4740
9.8783 17.5821 1.7752
4.9546 13.4265 7.4387
4.6453 12.3211 8.1212
9.8057 18.0567 1.7322
9.5263 17.8824 2.0668
12.6437 13.0459 1.5680
12.5279 7.5926 4.9352
11.4134 7.7190 6.0110
5.7832 13.9208 6.9894
11.9648 6.7736 -5.1769
11.9547 7.2973 -4.8781
12.7525 12.5422 -0.4660
11.7393 7.7011 -5.0246
12.5947 0.2456 3.9706
10.0730 18.0620 0.9284
5.6507 14.2923 7.0168
4.8205 13.8774 7.3155
11.9847 8.0310 -4.7636
4.1270 12.9907 7.7811
9.4685 18.5564 1.5772
10.9445 15.9854 -0.0290
10.3177 16.5612 -0.1783
3.9988 13.7265 7.3419
11.5054 8.6419 -4.7865
10.8964 16.4760 -0.2899
10.8161 14.8458 3.5864
12.8076 13.1684 -0.2717
10.2986 17.0554 -0.4769
4.3626 14.2115 7.4192
10.0770 17.3236 -0.2213
10.0293 15.0419 4.1023
3.7145 14.3700 7.2472
3.7818 13.9540 7.1301
4.9674 14.3182 7.4822
10.9958 16.4612 -0.6855
10.3033 17.6150 -2.2932
10.4576 17.5144 -1.4831
4.3379 14.5264 7.6555
11.8434 12.1187 -1.5903
12.1956 12.2705 -2.0335
12.5543 12.4654 -2.1794
12.3119 12.6667 -1.1077
6.4628 14.6894 6.3341
12.5790 12.7351 -1.7486
11.3965 15.1963 2.6365
8.8506 18.8630 -1.4179
9.5611 18.0537 -1.3361
9.1305 18.3358 -1.7618
11.9784 12.3103 -2.5923
12.4256 12.4616 -2.9086
10.5084 17.2988 -0.8345
6.2769 14.9072 6.4621
5.9713 14.9178 6.9360
12.3362 1.4825 5.0557
11.9476 12.6557 -3.3920
10.5851 15.5277 3.3127
11.8965 5.0373 4.1302
11.9040 5.9830 4.1309
12.6403 12.7595 -2.7753
5.0347 14.6847 7.5556
12.0521 8.7859 -4.5874
9.8545 17.8780 -0.7630
10.8259 15.5638 2.8204
12.2297 9.0724 -4.2111
5.6316 15.0743 7.1918
12.3481 5.2782 3.4874
12.1238 6.7344 3.5802
12.2479 2.5241 4.7424
4.2833 15.2109 7.6980
4.0638 14.9050 7.7366
10.0458 17.8811 -1.3025
5.6087 15.6526 7.0260
11.9558 6.5775 4.1203
12.3644 9.4128 -3.5993
10.0769 17.9902 0.1802
11.9637 6.6756 4.3693
12.4171 1.1931 3.0116
9.5821 18.7390 -0.7568
9.8487 18.7656 0.6718
9.6856 19.1045 -0.0055
12.3460 7.1384 3.9814
8.9676 13.0936 6.2800
8.3644 14.9282 5.3525
11.8394 10.0563 -4.1164
12.2162 6.8200 2.9485
12.5550 5.1317 2.9065
12.1141 7.5726 2.5249
12.5146 5.4853 1.9529
12.5950 13.0616 -1.9627
12.5969 13.1368 -2.9104
12.5110 13.2354 -0.6631
12.2029 1.3044 2.1916
12.4436 13.4100 -0.9107
7.2711 14.5995 6.0864
12.1521 13.9699 -0.8375
12.1295 5.3840 -7.3460
12.1157 7.5885 3.4219
9.1679 18.9567 -1.1223
7.4939 15.6468 5.2169
11.8307 1.3116 1.7323
12.3435 13.9912 -0.2856
9.1055 15.5769 4.2241
12.6662 7.2701 4.4658
7.3728 16.8343 2.8278
7.4596 17.0996 2.2909
7.8001 16.6488 1.8745
12.0544 5.7312 -6.3325
7.2608 17.3394 1.6664
7.3568 17.0915 1.2308
12.7166 8.0426 3.9553
7.1734 17.6882 2.1318
11.7806 14.0742 -1.7531
11.7200 14.4235 -1.0001
12.7176 7.6550 4.5385
12.1803 13.5865 -2.2939
6.5756 15.7401 6.2573
8.5560 17.1058 2.6095
12.3135 13.5071 -2.9630
11.7131 1.3737 0.8589
6.6471 15.6065 5.9022
12.6210 8.8276 4.3905
12.7420 8.4444 4.1627
7.7291 17.8319 0.4209
7.3261 17.4932 0.8051
12.3775 8.1237 3.5679
11.8162 14.2353 -2.9459
7.4262 15.9081 3.4619
6.8362 15.9682 3.6498
7.1005 15.8619 3.8476
6.5742 16.0463 4.1643
6.3965 16.2327 3.8365
8.1416 16.1257 4.1578
6.5281 16.9698 3.5456
7.1411 16.3115 3.2751
10.8472 9.3221 6.1267
11.9484 1.5867 0.0877
12.1634 9.0990 4.9586
6.9169 18.1812 0.7183
6.1094 16.3066 4.1401
6.2091 16.3918 4.4956
11.2057 15.0431 -1.6391
12.3079 2.1743 1.0416
12.1454 1.9393 -0.1142
12.4506 2.1152 -0.1986
5.9903 17.0426 3.8333
8.8469 16.4354 3.5364
5.6599 16.9302 4.1241
11.9754 8.1847 3.1634
8.4346 18.0641 0.5458
11.1462 14.9395 -2.1588
12.1711 2.0426 -1.0893
11.8673 8.8179 3.0402
8.2351 16.5148 3.3211
12.5047 8.7463 3.5517
9.8299 8.3122 -7.5810
8.5643 8.9697 -7.5308
12.2438 2.5211 -1.9327
6.8162 18.1332 1.3722
6.9998 17.7972 2.7039
12.0010 8.7397 3.3086
12.5808 2.3881 -1.0061
7.0020 18.8152 2.5772
11.7264 7.4983 -5.9655
12.4941 2.8807 -1.9278
6.8574 18.7214 1.7035
12.1897 9.1762 3.3600
11.9890 9.3858 3.2543
12.6239 3.3004 -1.2418
12.6366 2.5186 0.3295
12.4964 6.3036 1.4198
12.2520 7.8409 2.0145
6.9182 19.0805 2.1821
11.0062 15.6459 -2.8948
6.8196 17.8619 1.1391
12.7262 3.0125 -0.0139
11.7825 7.2764 -6.8235
10.7415 15.9734 -2.1276
8.1953 8.9491 -7.8920
8.3330 9.4878 -7.6703
8.7926 9.8132 -6.7902
9.6884 9.3726 -6.8705
11.3369 10.2634 -4.3403
11.1811 9.9424 -4.4780
10.7347 10.5893 -4.2570
6.4657 18.7784 1.0521
8.4755 9.9264 -7.1007
6.4384 18.8073 0.7179
6.9685 18.8222 0.2734
12.6400 7.2929 0.6825
11.0334 7.3413 -7.6186
10.4939 10.9157 -4.9329
10.5266 10.6388 -4.7755
9.7613 7.3631 -8.1430
10.8128 11.5316 -4.3455
10.7367 11.2677 -5.3360
11.2328 2.1717 7.2069
8.9065 18.2024 1.6778
6.4330 15.8767 6.5121
11.2115 12.0549 -4.4315
11.0245 11.8079 -5.1579
7.9445 8.3847 -8.1304
11.5677 7.4980 -7.0815
12.3943 8.6701 0.8230
7.6803 8.8140 -8.4714
8.7437 18.5114 1.2321
8.5124 18.5590 0.8598
10.4891 11.2411 -5.9316
10.8723 12.1170 -5.1766
6.9554 15.7516 5.4056
10.1450 11.4189 -6.1433
7.5878 9.2255 -8.3912
10.1043 11.9288 -5.6976
9.1056 18.7607 1.4326
8.0443 9.2531 -8.2169
6.6814 16.4043 5.6879
12.0456 8.9853 2.2911
6.9200 16.2866 4.8947
8.6799 19.5395 0.9547
10.2913 12.5733 -5.1206
6.5865 16.6471 5.2151
6.6809 19.1031 3.1034
8.1754 10.0843 -7.5854
11.3454 12.5852 -4.4466
10.1967 13.1550 -4.9346
12.0456 9.5382 2.8519
11.4620 12.7315 -3.9967
7.9396 18.2494 0.0833
6.9201 9.3243 -7.4520
6.9731 9.2015 -7.7047
6.7074 10.1677 -7.2381
12.2416 9.3700 1.9774
6.5766 16.6815 6.0619
11.0665 13.4709 -4.4943
7.3843 9.5084 -7.6458
10.8256 8.6667 -6.8412
7.8968 18.7436 -0.0227
6.2560 16.7693 6.3103
7.4339 9.8467 -7.3199
4.6615 16.4014 6.9846
8.6438 18.7428 -1.6423
8.2983 18.7367 -1.8366
7.0843 9.8271 -7.1722
12.3757 9.3347 1.0104
11.3796 2.6859 6.3961
8.3126 19.0902 -1.5624
12.4028 9.7162 0.0154
5.9651 10.1589 -7.6156
7.8082 19.2917 -1.7860
8.4135 19.4098 -1.3429
9.2832 12.5353 -5.6593
6.4318 17.3212 5.6629
7.4304 18.7153 -0.0510
7.3402 19.3410 0.0616
12.5336 9.6224 1.8149
12.7663 9.9376 1.3976
5.9705 17.7863 5.8962
5.4918 17.2457 6.3424
6.7437 19.2656 0.2326
7.4442 10.6342 -6.9404
7.9477 19.6221 -1.3960
7.7268 10.3089 -7.4463
6.2182 16.8727 4.8477
7.2174 10.6690 -6.9110
7.6608 19.7267 -1.7443
8.7914 13.1234 -5.6792
6.0649 17.8170 5.1673
8.1086 18.8746 0.3608
10.2630 2.7231 7.8924
10.6514 3.0143 7.5877
7.6373 16.0874 4.0329
6.8565 16.3003 4.5093
7.5311 16.1332 4.6117
7.7144 16.0482 3.4872
6.5564 10.9097 -7.2390
8.7501 14.2467 -5.4663
7.8620 13.7104 -5.9359
7.9904 16.3231 3.3029
10.7051 3.5427 7.2414
8.7495 19.5359 -1.1846
6.5151 11.3027 -6.8924
5.7409 10.8772 -7.4483
12.2507 10.1208 4.6480
7.2134 11.2060 -6.6634
9.1043 19.6191 -0.9290
9.2111 20.0522 -0.6859
12.6618 9.0967 3.8593
11.3707 8.8006 -5.0712
8.7286 20.4214 -1.1214
11.2597 8.6541 -6.3415
7.2765 9.4532 -8.0015
6.8652 9.2087 -8.2210
10.8579 4.0183 6.6157
7.7112 16.2527 3.0095
7.8894 19.5251 0.4579
12.4540 9.6763 3.7202
9.8925 14.2079 -4.9079
12.2857 9.9360 3.4718
11.3063 8.8087 -5.7901
11.6576 3.9129 5.6557
7.6320 19.9302 0.6804
8.2943 19.5155 0.7641
7.7141 9.8003 -7.9440
10.3270 14.3069 -4.8309
6.9055 17.0639 3.0698
12.4428 10.2434 4.0988
5.4326 10.4501 -7.7051
8.2547 20.0058 -1.2122
6.0574 10.5256 -7.6083
12.0871 2.9416 5.3642
12.3745 10.0145 3.2099
12.5525 9.8826 2.7572
5.8631 16.9471 4.5898
12.7738 10.0016 2.3266
12.1615 13.0346 -3.7588
12.3956 13.2373 -3.5386
8.0641 10.8888 -7.0089
11.9829 3.8305 4.2875
9.7523 18.8163 1.1022
5.8625 17.7541 4.7588
12.6204 10.5730 3.3699
11.7825 13.2701 -3.9198
10.5142 9.6841 -6.0748
12.8702 10.5113 2.1005
11.5129 13.5287 -4.0570
11.6125 9.2825 -4.6541
12.8352 10.4531 0.3856
6.6272 17.8170 3.2371
10.9478 9.9222 -4.7162
10.8307 9.9368 -5.2781
12.1935 13.8438 -3.6078
9.0776 19.5498 0.9475
12.0026 13.7769 -3.9872
12.7135 11.0246 2.9588
6.1917 18.0677 3.4899
11.3361 14.2278 -4.2329
9.3118 20.1351 0.1714
11.4833 14.6151 -4.1031
9.2713 19.7300 0.6483
9.3120 10.3759 -6.2046
8.6620 10.4633 -6.3940
10.1743 10.3751 -5.7309
11.8004 4.4970 5.0214
9.0130 10.7972 -6.2915
12.2323 3.1419 -2.9055
8.7889 21.1192 0.0162
12.5660 3.5007 -2.9829
12.3737 3.4131 -3.1487
11.1200 4.5040 6.0922
9.0363 20.8194 -0.4402
11.1443 15.2937 -3.8765
12.1739 14.6819 1.6191
12.0749 3.8412 -4.2068
12.8075 13.7852 0.2356
8.1850 20.1229 0.8866
12.5488 8.9675 -1.3288
8.5624 20.5574 0.6455
12.3512 3.6813 -3.5042
12.0079 4.0679 3.8191
7.7449 20.5772 1.0421
7.9920 20.9751 0.9043
12.6290 14.0863 -0.0308
12.3338 9.3223 -1.8647
10.7469 14.8377 -4.7004
12.1592 14.5481 0.2258
12.7421 3.7440 -2.7269
12.5359 14.3718 0.7346
10.1143 3.3499 8.2996
12.8027 4.1239 -1.5141
10.1009 10.7161 -5.8401
9.9015 10.9217 -6.1833
10.2782 3.6141 8.0557
8.6845 21.1758 -1.0230
10.6396 15.5952 -4.4726
10.2567 3.9636 7.6027
9.7486 15.2734 -4.8898
9.4035 11.2463 -6.4825
9.0551 11.1472 -6.4736
9.5290 11.6446 -6.3127
9.9380 16.2505 -4.5252
12.4768 4.3294 -3.8517
12.8030 4.4761 -2.7328
8.7242 3.7820 8.1480
9.2797 3.7322 8.1789
10.3650 16.9661 -2.6098
10.3565 16.7743 -3.4191
11.0199 15.4337 2.1567
12.0611 14.8683 1.1386
11.7773 14.8372 -0.0297
9.3988 4.1812 8.3603
12.6556 10.2801 0.1868
11.6801 14.8268 0.7068
10.9965 14.8484 0.5286
11.1280 14.9376 0.9292
8.9085 4.2552 8.1514
8.4106 10.7610 -6.7720
11.3906 14.9036 0.2697
8.6715 4.1932 8.2117
11.1826 15.3465 0.1453
9.8496 3.9767 8.3972
7.7067 11.3214 -6.6284
10.0002 4.4076 8.2639
10.2664 4.1167 7.8942
9.8397 18.7190 -2.5024
8.3572 11.2170 -6.5032
12.3289 10.1556 -0.6906
8.7218 11.8207 -6.3583
9.9591 18.1924 -3.3195
8.0335 11.7680 -6.1838
12.0780 10.4203 -0.9346
12.1250 4.7907 -4.7886
7.1868 11.7277 -6.1921
10.0776 4.4710 7.3623
6.4445 11.6103 -6.3312
10.1028 4.8319 7.0490
10.5968 15.2693 0.7957
10.5412 5.0135 6.7270
7.2417 12.4592 -5.7961
12.0514 5.3935 -5.3335
9.1639 4.8740 8.5592
9.9921 4.7419 7.9143
8.7545 4.6158 8.4869
10.9413 15.0018 0.2185
10.5764 15.2708 0.2761
10.6702 15.4737 0.0951
7.9786 12.1586 -6.0896
9.3239 5.3747 8.0804
9.8402 18.4779 -2.0880
8.7207 12.4238 -6.1251
12.2214 5.5268 -4.7814
9.1820 18.5495 -2.0565
8.1133 12.4362 -6.2151
9.2818 19.1651 -2.4228
9.9271 5.4021 7.0858
9.5301 19.5136 -3.0642
9.5681 18.6786 -3.6497
7.3442 13.1578 -5.7084
9.5494 5.2195 7.5406
7.6477 13.1481 -6.0110
11.5011 15.3050 2.2088
9.1922 5.7845 7.3680
7.9525 19.0290 -2.3365
8.4152 18.5117 -2.1299
8.6713 18.7655 -2.2967
7.7331 19.0940 -2.1518
4.7945 10.5877 -7.3645
8.0618 19.3627 -2.3734
11.3228 4.8376 5.8745
8.6143 19.4725 -2.3464
4.5438 10.6613 -7.0306
5.6268 11.0204 -7.0687
11.4480 15.3765 -0.3556
7.5186 19.4538 -2.5512
6.9734 19.2338 -3.0470
6.8311 19.4107 -2.8848
7.3115 19.5824 -3.0454
5.2428 10.9803 -6.7337
4.2618 11.2788 -6.6523
7.1537 19.5118 -2.3767
6.2833 19.9408 -2.3821
11.0772 15.6703 -1.0443
12.7289 5.6279 0.1710
7.7095 19.7636 -2.4550
7.9147 19.9122 -2.2486
12.0507 2.1117 2.0134
11.7190 1.6382 1.3388
3.2598 11.4584 -6.6515
7.1941 19.7769 -1.9847
7.5720 20.0507 -1.9555
11.2774 15.8149 -0.2328
6.9236 20.3910 -1.8047
7.6584 20.0402 -2.8165
7.4619 20.2930 -2.2908
11.9896 2.1134 1.5587
6.9537 19.2241 -3.3800
7.3526 19.5981 -3.9313
6.9864 19.4111 -3.7912
12.1461 2.5986 2.8615
8.0406 20.2156 -3.7045
7.9442 19.8666 -4.0640
7.8163 19.9648 -3.4041
4.8503 11.9816 -6.3201
10.2856 16.5417 -4.1338
9.2344 19.7853 -2.6949
12.2403 2.7445 2.4578
8.7425 20.1474 -2.4246
7.0369 5.0148 8.5697
7.1000 13.9188 -5.3206
7.3989 14.4750 -5.2938
7.5323 14.0523 -5.7261
12.5188 2.6995 1.6784
8.3672 15.2879 -5.4496
7.7422 14.7914 -5.5557
9.1588 18.4593 -4.2973
8.7640 20.0709 -3.9150
9.0214 20.4827 -3.2938
8.6780 21.0574 -3.2683
12.7134 3.1647 1.2262
7.9394 5.7783 8.8508
6.6105 13.4912 -5.5066
7.0796 14.6163 -5.0433
6.1028 14.3162 -5.3745
8.9384 20.7528 -2.8761
8.6942 5.6371 8.4768
7.1444 15.2020 -5.0206
6.0809 14.8135 -5.3502
2.9874 12.0489 -6.3829
8.2425 20.2496 -2.1618
1.4967 14.9591 -5.7298
7.8110 20.0585 -1.6862
7.3039 15.5014 -5.2001
7.9571 20.3442 -1.8843
6.5478 15.1974 -5.5695
8.1899 20.5978 -1.4624
8.6128 5.8979 8.1235
8.9011 5.7243 7.6193
7.3201 15.8159 -5.4688
8.6324 21.0158 -2.3559
7.9175 15.3019 -5.3119
1.2231 14.0551 -5.9317
8.4816 6.1467 7.7034
8.6635 6.3114 7.4843
8.3395 21.2482 -1.5108
8.7066 16.0832 -5.1948
8.2715 21.0246 -1.8930
7.6896 15.3828 -5.0734
7.1955 6.2775 8.8422
12.6555 3.6891 0.2705
7.7859 6.2323 8.5576
7.4775 21.0989 -2.6971
8.3409 6.3196 8.2234
7.9017 20.8662 -3.3287
8.3198 20.4625 -3.7730
8.3425 6.7706 8.1359
8.2645 21.0790 -3.4629
12.5867 4.6431 0.4432
7.1555 6.4148 8.5614
8.0199 16.0678 -5.3070
7.7020 6.6441 8.4424
4.2885 14.5495 -5.6663
6.1935 15.3006 -5.8146
6.4185 15.7506 -5.8073
8.5782 6.6326 7.6817
7.2431 16.4585 -5.4460
8.2766 21.7078 -3.0604
5.8736 6.1585 8.7174
12.3292 3.8909 3.1583
12.5845 3.7562 2.4973
8.2805 19.4999 -4.4182
8.6431 18.7117 -4.5045
7.7899 18.9896 -4.7532
5.7398 15.1502 -5.5882
5.8431 6.7135 8.8180
5.4763 15.5911 -5.8891
5.1198 15.3304 -5.6546
4.6823 15.9017 -5.7450
5.5752 12.8653 -5.9581
7.0803 19.3918 -4.6115
5.1330 16.7244 -5.7145
5.9699 16.9426 -5.6141
12.6986 4.4407 1.9714
4.3814 17.1263 -5.5939
4.1322 16.5262 -5.5310
8.4240 21.7767 -1.6770
6.4942 18.4420 -5.1059
8.6019 21.7067 -2.4373
5.2469 18.4022 -5.2599
2.5956 15.5623 -5.4669
8.7245 17.2352 -4.8651
5.0737 14.9022 -5.5100
4.2842 15.5714 -5.4606
3.6583 16.5796 -5.1329
6.3013 19.2289 -3.6293
6.4005 19.3914 -4.2285
6.5055 19.1057 -4.9183
5.4423 7.1039 8.5845
6.6607 6.7271 8.9168
6.7238 6.8260 8.4493
6.9899 6.7611 8.1995
6.1486 6.9735 9.1151
6.6571 7.0817 8.0053
7.1851 6.9221 8.2318
7.4175 7.2792 8.2849
6.3444 7.2660 9.0530
6.5776 7.3159 8.6277
6.5940 7.4649 8.1725
6.8516 7.3276 7.8635
6.7245 7.6468 7.9380
7.1571 7.7028 8.0266
5.6438 7.3731 8.6645
5.9347 7.3930 9.0065
4.9887 8.4449 8.2472
5.5442 8.2785 8.2478
6.4717 7.9797 8.8010
6.2169 8.1172 8.9057
6.7763 8.1353 8.2191
5.8293 8.0015 8.7438
5.9235 8.5695 8.4993
2.5971 8.7345 8.3173
0.8440 10.0638 8.5840
3.9342 8.9066 8.3091
5.5122 9.0857 7.8828
3.3950 9.4989 8.0673
2.7724 10.2701 7.9157
1.9134 9.8859 8.4411
3.4568 10.3992 7.6624
3.8283 10.4634 7.7468
1.7361 11.3917 8.0337
2.8992 11.4139 7.6333
9.7743 6.7582 7.6269
9.0083 6.9085 7.4988
9.8782 7.1633 7.7763
9.1503 7.2128 7.8574
8.0741 7.3604 8.1748
8.6947 7.3591 7.9288
9.0963 7.7667 8.1125
8.1908 8.1450 7.9752
8.5890 8.1734 8.1040
10.0663 8.3688 7.1961
9.4653 8.1865 7.8220
8.8080 8.7208 8.0678
7.6222 8.1350 8.0841
7.2912 8.4566 7.9215
7.9683 9.0154 7.7775
6.6166 8.6874 8.3265
6.2210 8.8584 8.4913
7.2040 9.0014 7.7696
6.7849 9.0850 7.8818
6.3925 9.2386 8.0983
6.9074 9.6025 7.8037
8.3505 8.8460 7.9671
9.0356 9.5995 7.6697
8.6974 9.8710 7.5382
7.4566 9.6214 7.7719
7.2185 9.9845 8.2427
6.6138 9.7313 8.0618
7.6953 10.0810 7.9527
7.6617 10.4510 8.2162
7.0812 10.3915 8.4458
8.2945 9.9241 7.3310
7.8885 9.8761 7.4703
7.7945 10.0277 7.6013
7.9990 10.4258 7.6815
8.3742 10.5300 7.3246
9.5641 10.2664 7.2048
9.8562 10.8492 6.8263
10.2773 11.3881 6.1437
8.9351 10.5262 7.2312
8.9842 11.1135 7.2722
8.3414 11.0703 7.5036
8.0572 10.9252 7.7876
9.1706 11.7157 6.9999
11.1042 10.6727 5.6491
11.6793 10.8607 5.0965
5.9079 9.0990 8.0265
5.7571 9.4919 7.8314
4.8367 9.8387 7.7800
5.3526 9.8934 7.8431
6.0546 9.5415 8.0983
5.9752 9.8604 8.3839
5.4532 10.1748 8.6185
5.4022 10.0340 8.2238
4.2691 10.7417 7.6182
4.9101 10.6710 8.4377
4.6675 10.7043 7.9444
6.3700 10.0051 8.5237
5.5681 10.4455 8.7151
5.8571 10.7822 8.6789
6.4026 10.4354 8.6429
4.9078 11.4136 8.5561
4.7829 11.1185 8.5835
4.3190 11.3820 8.2072
2.0006 12.3979 7.5515
4.2597 12.1085 8.2003
3.8996 11.9783 7.6937
3.4335 11.1057 7.3949
3.5916 11.6116 7.3341
3.9764 11.3976 7.4983
3.2272 12.2988 7.2665
3.6254 12.4122 7.2994
2.1269 13.1546 7.1170
3.1195 13.4076 6.8664
3.8009 12.7258 7.6224
3.6485 13.3266 7.0341
3.7662 13.2805 7.3832
3.3732 13.8903 6.7172
-9.4950 16.5790 4.9379
-9.6495 16.2718 5.1809
-9.7707 17.0865 4.6703
-0.9728 16.5599 7.7429
-1.5182 15.5566 8.0936
-0.5391 15.9607 7.6505
-0.1947 16.7837 7.4090
4.3836 18.5455 -4.8358
4.2529 17.9779 -5.2371
3.9826 17.8478 -4.8683
-1.5825 16.2387 7.8020
-10.0503 17.6418 4.5074
-1.4218 16.8035 7.4427
-1.8446 15.8553 7.4415
-10.3726 17.4533 4.0379
2.9678 19.4959 -3.9477
4.1381 18.5724 -4.2829
3.4477 17.7346 -4.7414
-0.9895 17.0614 7.6225
-7.0961 19.7440 -3.3606
-9.1504 16.7343 5.0718
2.4442 19.1514 -4.1382
-1.5428 16.4338 7.1018
-0.7859 9.8675 8.6736
4.5184 18.7098 -4.4001
-1.4030 17.3260 6.8987
-1.3574 16.7129 6.5792
-7.6125 19.9844 -2.9731
-1.4408 17.1280 6.3480
0.0123 10.3978 8.5675
-6.6489 19.7631 -3.6460
-10.3995 17.7187 3.5417
-10.2486 17.4618 3.2255
-1.1840 17.3064 7.3481
4.0131 17.1346 -5.3913
-1.0570 10.3759 8.3177
-9.8561 18.0473 2.8538
-1.3129 10.7190 8.0333
-1.7638 17.4813 6.6691
-5.9619 19.8935 -3.6479
-6.8467 20.9659 -2.6276
-1.8080 17.8290 6.9353
-10.3284 18.1180 4.0225
-0.9128 17.6643 7.0930
-7.4063 20.5898 -2.6214
-0.9718 17.9371 7.0427
-1.1007 18.3336 7.0627
-2.1999 17.8196 6.6519
-1.9863 18.2153 6.8381
5.0186 18.8892 -5.0078
-10.2514 18.6622 3.6503
-0.1274 17.6479 7.3310
-10.0827 18.8536 3.2039
-9.5784 17.5538 4.9521
-9.5119 17.5962 5.2763
-0.4590 18.0258 7.2649
2.0316 17.5677 -4.8635
0.9324 17.4315 6.9427
-9.9730 19.7358 0.3833
-9.3860 19.3578 1.0981
0.1503 18.2623 -4.7278
-10.1832 19.9277 -0.2116
1.1065 18.3081 6.5638
0.3521 18.6701 6.7769
-1.9262 11.4215 7.8093
-0.4885 18.7531 6.9778
-3.4463 11.1642 8.0133
-0.3159 19.4938 -4.0428
-9.9997 18.6318 4.7869
-9.0531 20.7949 -1.2874
-10.2846 20.0410 -0.8644
-9.8280 18.4874 5.9420
-10.1381 18.9405 5.3666
-9.9008 18.2480 5.3768
-9.8552 19.3064 4.2131
-1.7783 16.9458 5.7303
-2.4580 16.7340 5.5842
-1.7284 16.2664 5.9848
-1.3699 16.6191 6.1851
-1.5524 16.0331 6.4348
-9.8226 19.3844 4.6008
-9.9969 19.3354 3.6872
-8.3233 23.1339 1.5711
-8.4915 22.2492 1.8280
-8.4349 22.6494 2.5746
-3.4168 13.0320 7.3645
-8.2668 22.1565 1.2365
-8.9489 20.2210 0.5643
-8.6840 20.6993 0.0085
-8.0634 23.7012 2.0721
-2.3584 17.2957 5.5031
1.5555 20.2182 -3.5075
-1.8859 17.3453 6.0099
-8.1319 23.6577 1.2880
-9.5097 17.8778 2.5306
-1.0047 20.5230 -3.3239
-2.5271 17.7958 5.8043
-2.8498 17.6114 5.2219
-7.6703 24.3449 1.4144
-2.2693 17.6252 6.0530
-8.0573 23.2356 0.7279
4.9993 19.0506 -4.5540
5.1044 19.0929 -3.9365
-7.7874 23.9716 0.7112
-9.0082 20.8183 -0.7882
-7.4303 23.8532 0.1650
5.7445 19.2897 -3.9916
-8.9063 18.4751 2.1820
5.4977 19.2762 -4.5710
-7.6335 24.2320 2.3626
-7.9219 23.3793 2.9747
3.9921 19.3558 -3.9577
-3.3428 18.0563 4.8272
-3.4218 16.3115 5.6486
5.0923 19.4734 -3.6213
-7.7199 23.2104 3.7466
4.1267 19.6110 -3.9591
4.9370 19.7463 -3.7685
-2.6137 18.3382 5.5779
4.8208 20.0190 -4.2030
-7.0572 24.6463 2.6607
-2.4342 13.0709 7.3760
-9.3526 20.5371 -1.9495
-9.2288 20.3943 -2.4758
-6.6710 25.2267 1.8117
4.0699 19.9736 -4.3919
-7.2432 24.5990 0.5362
-2.8689 18.3560 4.9571
5.3916 19.9581 -3.0677
5.8242 19.4720 -3.3183
-6.6808 25.1299 0.6237
-8.7685 20.3255 -2.7603
-8.9776 18.4934 2.4603
-6.5994 24.7745 -0.0228
-3.6847 18.6703 4.4182
-4.3974 17.6593 4.8332
-9.2902 18.7653 2.6673
-4.1767 19.1360 4.0854
-0.4853 11.1804 8.2673
-7.9731 20.9248 -2.1514
-4.6423 18.9471 4.4393
-4.7555 17.9952 4.8761
-4.8019 19.0230 5.0051
-8.6483 19.0194 2.4555
-8.4247 19.1232 2.1575
0.3122 11.7849 8.0624
-8.9394 19.4564 2.3914
5.2553 20.4881 -2.0300
-6.2188 24.9757 3.3054
-6.1553 25.4596 2.4175
5.0099 20.6857 -2.2984
-8.6444 19.2339 1.7106
5.2037 20.1810 -3.3158
5.1672 20.3620 -3.7516
-2.4708 18.2191 6.3335
-0.7936 11.9819 7.6688
5.0618 20.6530 -4.1404
-6.2616 25.4797 0.8844
-2.3120 18.7190 6.3194
5.0009 21.2227 -2.5362
5.1545 21.1715 -3.3009
-2.5672 19.0531 5.5706
-2.3412 19.4903 5.5825
4.8550 21.5083 -3.8894
-9.5668 19.3454 2.6948
-2.6516 19.0215 4.9029
-6.1398 20.8612 -2.9324
-2.7287 19.1684 4.4651
-9.3042 20.2602 2.4149
5.7788 19.2427 -4.8696
4.5545 17.5790 6.3582
-2.1632 20.0956 4.7666
-2.3714 19.6554 4.5987
-9.6960 20.0437 3.2497
4.4032 20.3133 -4.5940
-6.2408 21.5577 -2.2383
-4.4339 19.5167 3.9192
-2.9087 20.4363 3.3349
-0.1324 12.3778 7.7191
-6.7250 16.4445 5.2668
-6.9961 16.8131 5.5235
-7.3471 16.3008 5.3488
-6.3535 16.9356 5.6948
-6.3959 16.2841 5.5780
-6.6870 17.2251 5.5219
-6.8598 17.3448 5.7811
4.6611 20.7108 -4.5134
-6.1580 17.6573 5.7749
-3.7635 20.5660 3.3993
-6.5749 17.8619 5.7071
-4.9818 21.3710 -2.7812
-5.5586 17.3498 5.9320
4.6602 21.3049 -4.2789
-2.4610 20.1445 3.6457
-5.6356 17.8533 5.8560
2.8958 20.0226 -3.9449
-6.6417 18.1415 6.0743
3.4374 19.9619 -4.1160
-6.0207 18.3900 5.9761
0.3479 13.0283 7.6148
0.9754 12.9461 7.5040
-0.3861 12.7277 7.4175
-1.9726 20.3762 3.6225
3.4197 17.6779 6.6028
-5.1458 17.8937 5.7229
-5.3612 18.6045 5.8587
-4.6965 22.0856 -1.9062
-5.5704 22.1428 -1.6183
-6.6519 21.8141 -1.7256
2.7179 20.3833 -4.1551
-6.1826 18.9933 6.0050
3.3183 20.3302 -4.5080
2.7445 20.7463 -4.4525
-5.9373 22.3209 -1.5091
-6.8024 18.3401 6.5431
3.4915 19.1949 5.6629
-8.1623 20.4761 0.7060
-8.2619 19.9726 1.3595
-6.4027 19.2768 6.1231
2.0860 20.4453 -3.6600
-10.0775 19.2831 5.4742
1.8519 20.8864 -3.6952
-3.0790 20.9899 3.0133
-9.7388 19.7279 5.5834
-9.5366 19.1746 6.2322
-1.4042 13.0499 7.3192
1.6999 21.2532 -3.8399
-9.9842 19.5105 4.9600
-7.8550 20.6308 1.0013
-7.9730 20.6532 1.2638
1.5032 20.9189 -3.1858
-8.6504 20.1734 1.8137
-8.4332 20.8588 1.4497
4.2549 19.1671 5.7038
-7.5600 20.8919 0.8149
-7.5529 21.0464 0.4688
-9.7763 20.1362 4.8730
5.9840 17.9818 5.5038
2.4513 21.6295 -4.3137
-9.5970 20.3221 5.0442
-8.1174 20.9932 -0.2185
-9.5933 20.1171 4.2523
-7.6446 21.3197 0.1753
-0.7389 13.5566 8.2778
-1.0673 13.6178 7.7922
0.1257 13.4075 7.8375
3.9197 20.5757 -4.7041
3.2589 21.0568 -4.6087
4.9460 19.0565 5.6669
-1.1993 13.8589 8.3067
5.7632 18.5909 5.3615
-9.4017 20.6744 3.7020
-1.4946 14.1989 7.8924
-1.6855 18.9226 6.5415
-7.9317 21.7095 -0.3266
-8.1492 21.3588 -0.8741
5.2262 19.1245 5.4558
-9.4020 20.4670 4.4020
-2.9070 23.1516 4.7171
-1.5671 23.7420 4.2308
-2.6382 24.2271 4.5272
-1.0315 19.3868 6.2881
-1.7056 22.9050 4.1831
-1.0947 23.1911 3.9793
-8.4691 20.3504 5.8046
-8.8170 19.6903 6.3754
-7.9600 19.8332 6.5393
-9.2730 20.0353 5.9153
5.2324 17.7401 4.2538
5.2964 18.4578 4.4312
3.9730 21.2639 -4.5494
5.1215 17.3993 4.0513
5.2559 17.3777 3.7093
-0.7747 13.2080 7.3056
4.6281 17.8136 3.8007
-7.4607 21.4084 0.8095
-7.8067 21.7561 0.8601
-1.4799 24.3947 4.0896
4.0175 21.8508 -4.2160
-0.2444 13.2352 7.6378
-3.6142 23.6939 4.7605
-0.8186 13.4770 7.5888
-0.0506 19.1969 6.5544
0.8864 19.0995 6.2118
-7.5185 21.6973 0.4822
2.9423 22.1137 -4.2117
-7.6872 21.7447 0.1485
-7.8600 20.7822 5.3819
-8.9236 20.4313 5.1302
-3.9282 24.6175 4.4585
-2.8942 24.9721 4.1838
-1.4232 13.7277 7.1896
2.2084 19.0694 5.9211
0.7550 19.5563 5.7982
-9.0313 20.7981 4.4757
2.6076 20.0572 5.3608
5.4500 17.9195 3.4840
3.3286 22.4125 -4.0317
0.9875 20.4272 5.0812
0.0567 19.8551 5.7847
-1.8662 14.4155 6.9627
5.0239 17.6793 3.4744
-9.0129 21.3100 2.2891
-1.2951 13.8847 7.3406
4.6810 18.0886 3.2610
-7.9299 22.4818 0.6196
-8.4026 21.2870 4.7191
5.5398 18.5650 3.4664
-1.7038 14.7720 7.4287
-1.5342 14.3330 7.1230
6.1338 18.7825 3.4870
-8.3390 19.7843 1.8817
4.5345 18.2893 3.8846
-7.6405 22.2428 -0.2198
-1.7289 24.9141 3.8757
4.7661 18.9684 4.2289
-7.6720 22.2178 0.3446
-2.4146 22.3838 -1.1313
-1.4212 21.7696 -2.0972
-3.0640 22.2288 -1.7333
-0.4110 20.6167 4.9676
-7.3836 22.7024 -0.0167
-7.1683 22.7361 -0.3312
-7.7286 22.9209 0.2348
-4.9171 11.5442 7.8497
4.3816 18.0921 3.5407
4.9153 18.6195 3.3026
-4.1968 25.2583 4.0401
4.4348 18.4952 3.3377
4.7312 18.9734 3.5044
4.4214 18.6940 3.7553
-4.7471 24.3687 4.4257
-8.2494 21.1422 -1.6290
2.4612 20.5485 2.9065
1.8813 20.2154 2.3673
1.7728 20.6584 2.4154
-7.3430 21.1982 -1.9649
-7.7830 21.4170 -1.6963
1.7941 20.4062 2.0196
-8.0842 21.4421 -1.5088
-7.1035 21.8485 -1.6299
2.6778 20.1111 1.5909
1.8721 21.0358 1.9406
5.5542 19.1943 3.6092
5.0707 19.5010 3.9733
1.6843 21.1586 2.2796
-7.7693 21.8992 -1.8121
4.7357 19.1622 3.9642
-6.8868 22.2056 -1.7342
-9.1521 21.3106 2.9272
-2.8879 25.4838 3.7442
-5.2812 25.2787 3.6268
-4.4122 25.7149 3.4210
-1.4887 24.5318 2.0180
-1.1515 24.0775 1.9081
-1.1240 24.2056 1.6136
-1.2668 24.6627 2.3584
5.4265 18.8538 4.7577
0.8265 22.0613 1.3320
0.2061 21.9540 0.9017
0.2879 22.2250 1.6152
-5.4557 12.5871 7.4654
-6.2032 11.9979 7.4889
1.4515 22.3033 0.8383
-1.0476 24.8513 1.3632
-0.6207 24.2899 1.3387
-1.5473 25.0614 1.7033
0.5769 22.0916 0.5149
-0.1431 22.0410 0.4396
-2.0094 25.4027 2.3289
-1.5177 25.0489 2.9303
0.1622 22.2574 0.1924
0.1555 21.7352 3.5108
-0.1583 21.3457 3.1009
-0.1048 21.1786 3.5502
-8.1338 21.8038 -1.1985
-8.0545 21.9935 -1.6107
-1.8727 25.5065 1.7011
1.2019 22.4314 0.3718
5.8804 19.6326 3.6633
-1.9819 19.5099 5.9217
0.6121 22.6316 0.2942
-7.9356 22.3312 -1.2267
5.9398 20.1915 3.7771
-2.3942 25.8534 1.8667
5.1206 19.4139 5.0716
-2.9287 26.0564 1.7263
-2.9717 26.0765 2.4839
-6.3459 13.5901 6.6295
-1.8680 21.6760 2.6218
-2.3000 21.3589 2.7071
-1.5071 21.3770 2.6307
-0.7510 24.6254 3.5661
-1.0224 24.8835 3.3228
-1.8421 20.3747 4.8757
-7.1964 22.5617 -1.8567
-2.5601 21.7087 2.8089
-0.8074 24.7951 2.8275
-1.9867 22.1465 3.0856
4.8916 19.5934 4.4806
-6.1908 22.7810 -1.7554
4.9161 19.7238 4.8430
-1.3670 20.5007 4.9920
-1.8321 22.5916 0.3435
-1.8784 22.4203 -0.4027
-2.2744 22.6847 0.8669
-1.9459 22.7806 0.6817
-2.1677 22.8523 0.9537
-3.1322 23.2789 1.0378
-6.4071 23.2582 -1.7779
-7.1869 22.9468 -1.6313
-0.5019 24.4593 2.4386
-0.9600 21.6746 2.4425
-1.2942 21.1773 2.8168
-0.6680 21.2497 2.7866
5.0524 20.1197 4.4896
-0.5714 21.6638 2.6863
-7.6009 22.6162 -0.8528
-7.5800 22.7381 -1.4337
-1.3754 22.0696 2.8286
-0.8673 22.0066 2.7900
5.4132 19.8017 4.0351
-0.3806 21.9903 3.0987
-2.4714 25.6575 3.2331
-6.9496 23.1865 -0.9843
-8.5060 22.3228 3.4750
-4.5738 13.6752 7.0165
-0.0851 22.3357 3.5665
-0.7033 22.5293 3.4279
-7.6446 22.5442 -1.7401
-1.8238 20.4819 3.9050
-0.3822 22.1533 1.0605
-0.6138 22.3895 0.7620
-0.5922 22.3512 1.2345
-0.8196 22.4603 1.0767
-5.7771 13.9592 6.6668
-0.6991 22.6541 0.7598
5.1430 20.5001 4.3641
-0.2874 22.9452 1.6662
-0.6266 22.9666 1.2808
-1.5965 20.7639 4.1142
-0.5284 23.0204 0.9934
-1.2285 25.3135 1.1877
2.5798 17.8175 6.6316
-4.9273 19.9455 -3.7668
-1.1818 20.8822 3.4424
-1.2527 25.4436 0.8563
-2.1623 23.0545 0.7538
-1.8422 22.9046 0.5805
-4.9588 18.3344 5.4548
-5.0697 19.1553 5.6061
-1.4347 22.3833 -0.1424
-0.9124 22.3029 -0.7541
-5.5741 19.3666 5.8448
-1.1515 22.5663 -0.0388
-0.8853 22.5251 -0.5137
-0.2431 24.7029 -1.2161
-2.2050 25.1444 0.1025
-1.9283 25.4381 0.3170
-1.2196 24.6303 -0.8851
0.3825 21.1820 -2.5008
-0.8666 21.9969 -1.4884
-0.2294 21.8456 -1.7859
-5.1556 20.4760 5.4711
-1.3216 25.4157 0.3165
-3.0294 21.5516 3.0124
0.4340 24.9925 -0.2871
-4.8874 19.8657 5.2200
-5.1461 20.6208 -3.4106
-0.4220 22.2611 -1.3813
-2.6819 22.0943 3.4121
-4.6110 19.7943 4.2855
-3.0025 25.5269 0.6499
-0.8836 22.8051 -0.8481
-3.1673 20.3001 -3.5098
-3.1952 20.9724 -3.1235
-6.8016 19.1881 6.6192
-3.4707 26.0119 1.2132
-0.3547 22.5410 -1.5917
-3.6428 25.8755 0.9707
-0.9259 21.0110 4.4059
-0.8338 21.0418 3.9116
-6.4581 20.1984 6.2135
-7.1811 19.7416 6.5893
0.2968 21.2042 4.2295
-6.0131 20.3665 5.8287
-1.6373 22.7737 0.3826
0.3001 24.7862 0.6939
0.7541 24.8375 0.1468
-0.0082 21.2119 4.0082
-4.4312 20.3787 4.4954
2.7942 21.0394 3.8500
3.0292 20.5867 3.2872
2.4676 21.0890 3.1713
2.5513 21.2197 3.5308
-4.6993 20.5667 5.1107
4.0347 20.1874 5.0828
-3.5108 25.8880 3.2739
-2.0129 22.5454 4.0018
-3.9769 21.5537 4.6346
-1.1356 22.6770 3.6357
-5.6234 14.9561 6.1338
4.4109 20.3689 4.8519
-4.2905 21.8543 4.9307
-0.2505 22.4512 0.3733
-4.9986 14.7614 6.3440
-3.7881 26.1228 2.7071
-6.0963 20.9434 5.6817
-1.1739 22.8353 -0.1284
-6.5925 15.0338 5.7191
-0.2247 22.8471 0.6371
-6.2055 15.4682 5.4685
0.9215 23.1224 0.5087
-0.7541 14.7618 -5.5445
0.4355 14.2186 -5.7534
-5.3505 22.0504 5.1797
-5.8068 15.4415 5.8326
-3.8940 26.1810 2.0318
4.6408 20.9515 4.0806
-0.6874 23.3120 -1.7058
0.4620 22.0697 -2.6355
3.9986 20.9883 4.3313
3.5714 20.5639 3.0368
4.1608 21.0909 3.8891
4.5758 21.1642 3.4226
-1.9084 23.1747 0.2810
-1.4631 23.5375 -0.5987
-4.3070 20.1571 3.8616
-5.4728 25.6253 2.9058
3.1537 20.6765 4.8832
-1.9719 23.6655 -0.2107
-4.8936 25.9938 2.4983
-5.3946 25.8782 1.5573
-6.3009 16.0014 5.3282
-6.9183 15.6905 5.1620
-3.6377 21.3854 3.9540
-4.8074 25.9938 1.1988
3.5666 20.9524 3.9199
-3.6961 14.2138 6.7538
-1.6222 24.1147 -0.8239
3.1737 21.0371 4.3633
-0.5489 16.0926 -5.3898
-2.4442 15.0003 6.5550
-7.1025 20.3080 6.2498
-7.0038 20.9251 5.9592
2.8055 20.8828 4.6230
-6.5133 20.9679 5.9793
6.0778 20.8971 3.6092
5.6328 21.0653 3.7079
5.1656 21.2156 3.6177
-4.2420 15.2294 6.2220
-2.6086 16.8111 -5.0450
0.0426 20.8382 -2.8970
-1.8431 15.0770 6.8526
-1.9026 15.5223 6.4017
-1.6196 21.3837 -2.6329
1.7636 21.0379 4.3814
-1.5600 17.3136 -4.9048
2.2515 21.2727 3.8761
-3.8164 16.1008 5.7413
-7.1356 21.4861 5.3429
1.8717 21.6418 3.2746
1.3910 21.3261 4.1644
1.7587 21.5929 4.0403
1.7677 21.8242 3.8335
1.4522 22.1305 3.5319
-5.0836 15.5413 6.3562
-5.5376 15.4036 6.2096
-7.7755 22.2123 4.6876
-4.6561 16.0572 6.3479
0.5545 21.6208 3.9458
-6.4634 21.3059 5.6026
-3.4361 21.8462 -2.3124
-5.8986 15.9257 6.1855
-6.0419 22.3612 5.1499
0.4640 22.0691 4.0044
1.0485 21.7556 4.1348
1.0973 22.0870 4.0689
-6.5124 22.6613 4.9541
-6.0992 16.5275 6.0393
-5.6068 16.2810 6.3990
0.7128 22.6098 3.8015
-5.5624 16.8551 6.2451
-4.3266 16.2811 6.0272
-4.3134 16.6066 5.6226
-6.7805 23.2460 4.5405
1.1731 20.8956 -2.8926
4.3491 19.8796 1.7509
4.4971 20.3702 1.9825
4.6615 20.2256 1.3516
-8.0593 22.4803 4.2008
4.5612 20.0937 0.9749
-0.3550 17.1828 -5.1795
0.8874 22.5292 3.4301
4.8592 20.9461 1.5550
-4.7388 16.9791 6.2522
-4.6333 17.2121 5.8251
0.6435 21.4768 -2.4017
-5.0865 16.7830 6.4271
4.8588 21.1481 1.1113
4.8163 20.3622 0.8288
3.5162 20.1074 2.5618
3.1261 19.6921 2.1130
2.7663 20.2386 2.6424
-5.1254 17.2211 6.1358
0.3308 22.5629 3.8611
-1.0252 18.2185 -4.7505
0.1575 23.0533 3.6628
-0.4041 23.2246 3.7146
1.5972 21.9574 -3.8503
-6.7293 16.0344 5.0380
2.2151 20.8657 2.7805
3.2062 20.5312 1.2261
2.6007 20.5839 1.5990
-6.8917 23.7466 4.1108
0.7798 22.2716 -3.2223
-5.2525 22.4745 -1.2159
3.5338 21.2880 0.9014
3.6145 20.5771 0.5920
-5.4683 22.7403 -1.2388
2.4124 21.2940 1.6916
3.2339 21.5464 1.2497
-4.1421 22.6823 -0.8040
-4.5444 17.2638 5.1303
-3.9112 22.9066 -0.1983
0.4545 21.8569 -2.2914
2.9280 22.0125 1.2145
-0.3125 23.9180 3.6452
-3.9619 22.9439 0.2756
-3.7523 17.0131 -4.8046
6.3352 19.2877 0.5580
6.6762 19.5199 1.4105
6.6635 19.7974 1.1041
-3.2622 22.3980 4.3228
-3.8694 22.4713 4.7071
4.1741 20.7226 2.8008
-4.8437 17.6792 5.4630
4.9374 21.3109 2.4942
-3.1518 21.8691 3.5283
4.6608 20.8817 2.2325
5.0462 21.3059 3.0485
6.5652 20.4727 3.1876
-4.5219 22.8588 -0.6818
6.8515 20.2426 2.2482
6.8403 19.8678 2.0459
-4.4434 23.1468 -0.0238
-4.7025 23.3256 -0.6194
5.3299 21.6582 1.8718
-4.4011 22.6790 4.8565
5.0808 21.9356 1.2898
1.2703 22.9240 -3.3325
-5.0584 23.2306 4.7389
3.8012 19.9656 0.9458
4.1752 20.0151 0.9045
4.2260 20.3321 0.4305
-3.4627 22.7685 4.7345
-0.1754 23.4875 -2.2058
-3.6139 18.7740 -4.2877
1.1716 13.8537 8.3194
0.8006 13.8016 8.5585
0.6617 13.5538 8.1004
-2.7711 22.6518 4.4775
-4.5019 23.5267 0.0981
-4.3707 23.8375 -0.5654
3.5721 20.2045 0.7863
1.2762 14.4179 8.5559
1.5464 14.2922 8.4906
4.1635 20.9079 0.4111
-5.1249 23.3713 -1.2482
3.8008 21.0700 0.5232
4.6799 20.7119 0.6197
1.4692 23.5741 -2.9158
2.4099 23.0994 -3.4738
6.9600 20.1781 1.3005
-4.8292 24.0447 -1.2775
4.6449 21.3594 0.7870
4.1510 21.9170 0.6413
-7.0845 23.6293 -0.1150
-3.6527 23.1494 4.8164
6.5801 19.6960 0.5756
6.8461 19.6266 0.2770
5.1805 20.8768 -1.0089
4.8322 20.9676 -1.4391
4.7988 21.1222 -1.0255
4.6121 21.4275 -1.2109
5.1203 21.2047 -0.7343
4.7447 21.6131 -0.9138
4.6709 21.9016 -1.3479
3.7700 21.9497 0.5950
0.7391 13.3294 7.4986
1.7987 13.7056 6.9479
6.2343 20.3763 -1.5695
5.7057 20.4255 -1.7697
1.4334 13.9230 7.7822
-5.6069 24.1071 4.2880
6.2238 20.6411 -1.3057
4.2643 22.4089 0.8024
5.1647 22.5693 1.0158
1.4151 13.9067 7.2603
5.3851 21.6359 -0.7941
5.0551 21.9478 -0.9128
7.2233 20.1929 0.9389
4.9722 22.4144 -1.0601
-6.5108 23.5964 -1.4479
5.7208 22.0808 -0.9941
5.3948 22.5574 -0.9020
0.3233 23.8797 -2.3012
-1.4818 24.3976 -0.8625
-5.8123 23.5456 -1.7415
2.5081 14.1282 6.6811
6.2102 20.9942 -1.2574
3.4060 22.1309 0.8865
3.3612 14.2985 6.9044
3.5845 22.7668 0.8231
2.8259 14.5001 6.7588
3.8573 19.6404 1.6747
4.0872 20.0336 2.2974
-6.8417 23.3369 -0.2840
3.6474 19.6594 2.0254
-6.7033 23.3177 -0.6217
4.4422 22.8032 0.7194
2.2975 14.4794 7.2604
1.7203 14.1685 8.2013
3.4200 22.9287 0.7666
4.2777 23.2646 0.3487
-6.4440 23.8904 -0.5413
2.2179 14.3709 7.8872
-6.3778 24.0767 -0.7912
2.1849 14.6620 8.3715
2.4791 14.6061 8.1422
4.6731 23.1861 -0.7397
3.9911 23.2122 -0.6317
4.5733 23.4005 -0.1905
2.0370 14.9808 8.3304
1.7440 15.0039 8.3081
-6.1438 24.5090 -0.9642
7.3051 20.5591 1.4270
2.1185 14.2686 6.8634
-1.9610 18.8006 -4.3126
-5.2767 24.4358 -1.4369
6.8888 20.7420 2.1250
7.3902 21.0109 1.4233
3.4463 19.8845 1.2850
-5.8073 24.6157 -1.2180
2.8063 14.8196 6.9813
6.7541 21.1469 2.4015
7.3940 21.7835 1.0770
0.0288 13.5065 8.3586
-8.3759 15.5496 4.9547
-8.8036 15.6945 4.8930
-0.7352 13.8443 8.4900
-0.3099 14.0357 8.5530
0.1878 13.6912 8.5784
-6.4136 24.5958 -0.3474
6.7287 21.7895 2.0377
0.4529 14.0337 8.6423
-7.8728 15.9284 5.1229
-7.6151 15.7375 5.1165
-9.2336 15.6663 5.3485
0.6590 14.4896 8.4872
5.9475 21.3972 2.8749
-0.1463 14.5471 8.2429
-1.4561 14.4590 8.3046
-1.0993 14.5456 8.4347
-9.5215 15.9120 5.4292
-0.9070 14.9161 8.2508
-8.8570 16.1156 5.1114
-8.7651 16.3094 5.4259
-8.3752 15.9416 4.9953
6.4903 22.4642 1.3479
-5.7519 25.2531 -0.4578
5.7987 22.1977 1.6148
5.6688 21.5124 2.5043
-7.8410 16.3052 6.8448
-7.8973 16.1154 6.2516
-7.5008 16.2290 6.4213
-3.2462 22.8402 0.8598
-2.7978 22.9273 1.0806
-7.9583 16.0999 5.4643
-2.9796 23.6269 0.6939
-3.4678 23.0251 1.1232
-8.3704 16.1268 5.9371
-0.3330 15.2766 7.8454
-4.1182 23.2010 0.8722
-7.3363 16.3284 5.9414
-3.9258 23.4210 1.0300
-4.4263 23.5769 0.6123
0.8746 14.9247 8.1576
0.3052 15.4842 7.6484
-4.1673 23.8311 0.5825
-8.4803 16.4002 6.7718
-8.6369 16.2252 6.3454
-8.9506 16.8681 6.6291
-8.2176 16.6966 7.0565
-7.7329 16.5291 7.0392
-8.6179 17.2600 6.9509
7.7936 22.2062 0.3765
8.3328 22.1006 -0.8590
7.8763 22.3997 -0.5924
-9.0567 16.6633 6.0423
-3.6251 23.9305 0.6670
7.0344 22.8199 0.6773
1.3899 15.7903 7.6499
-9.3774 17.1570 6.1415
7.4100 22.7733 -0.0364
-4.3687 23.8386 0.2261
3.0723 19.6556 1.6440
6.5946 23.1875 0.1879
-9.3613 17.6636 6.4517
6.7113 23.0883 -0.2896
-4.1924 24.2270 -0.2544
-4.0264 24.2142 0.3689
2.3713 19.9740 2.2683
2.4269 19.8745 1.9447
-3.9539 24.5713 0.3500
-4.2350 24.6964 0.0826
-4.2276 24.7909 -0.3848
-7.2683 16.6741 6.8328
-4.2063 24.4861 -0.7914
-7.6928 17.0252 7.1023
3.5117 14.9056 7.4710
-7.2777 17.5041 6.9551
-2.3714 23.8039 0.2582
3.1329 15.1257 7.4060
-7.0950 16.6514 6.0669
-6.8937 17.4839 6.3582
-2.4426 24.3500 0.0181
-3.0243 24.2418 0.4269
3.6276 15.4930 7.6063
2.5683 15.2200 8.1730
2.8346 14.8584 7.7209
2.9046 15.1392 7.9383
-8.0257 17.4538 7.1640
2.2877 16.4108 7.5491
-8.4426 17.9090 7.0221
5.3254 23.0595 0.7144
-2.6610 24.7686 0.1916
2.9630 15.7466 7.7731
-7.5013 18.3146 6.9594
2.7338 16.3319 7.6526
-3.5705 24.6557 0.4658
-3.2265 24.9752 0.4985
5.8096 23.4018 -0.2196
6.5402 23.0954 -0.9449
3.1728 15.6332 7.5008
-3.7527 25.3683 0.6589
5.5173 23.4225 0.2668
3.9314 15.9218 7.5023
5.6853 23.2514 -0.7461
3.3806 15.9192 7.4470
3.0370 16.2296 7.5287
-9.2313 18.3018 6.4982
3.4273 16.5775 7.3463
-8.7730 18.7955 6.7299
-8.2274 18.7446 6.8884
-4.4768 25.1231 -0.0062
-4.5313 24.7025 -1.1493
-4.8521 25.0176 -1.0708
-5.3038 25.1981 -0.9106
1.4596 17.1817 6.8937
-4.3245 24.9331 -0.7853
-4.6389 25.2409 -0.5945
-5.2018 25.4800 -0.3081
-4.9616 25.4013 0.0535
-5.5663 25.6423 0.3451
5.0532 21.5153 -3.4134
-7.1354 16.1621 5.0742
6.7323 21.0690 -1.8309
7.0980 21.7930 -2.1690
4.8603 17.4648 3.7149
-4.3041 25.2889 0.4833
4.6199 17.6863 3.4354
7.7672 21.4719 -3.1777
7.9510 21.8893 -3.0260
7.6041 22.0537 -2.7209
-4.7499 25.7347 0.6876
6.3654 22.0017 -1.5493
6.0872 22.5254 -1.2529
4.7396 21.4131 -1.7952
4.6079 22.2214 -1.7274
4.8427 22.0615 -2.4389
-1.8744 15.0410 7.8165
4.5697 22.3149 -3.0916
-1.7216 15.1957 8.1063
4.0506 22.3979 -3.7141
-1.9089 15.3358 7.2624
-1.8388 15.6087 7.8483
3.8028 23.1128 -2.9884
-1.7706 15.5445 6.7140
3.3097 23.0635 -3.4168
4.6222 22.4939 -1.3349
4.0585 23.1613 -1.7172
4.8530 22.9747 -0.9762
4.2690 22.8755 -1.3983
3.7697 23.2722 -0.9327
3.9242 23.2889 -2.2373
8.2425 22.2531 -1.8987
7.8403 22.6044 -1.4714
8.2159 22.1906 -2.5612
6.9708 22.4046 -2.0262
7.4939 22.5225 -2.2581
7.7361 22.6106 -2.0026
6.8254 22.7944 -1.7228
6.2839 22.9700 -1.1895
7.2063 22.9385 -1.1779
7.1430 22.8976 -1.7176
5.5969 22.9835 -0.9659
1.8225 21.3684 2.7693
1.8195 21.4498 1.8838
1.4463 21.6758 2.2632
1.2335 21.9014 2.6627
1.9103 21.8845 1.4466
1.3354 21.8814 1.6839
2.4455 22.3588 1.1222
1.4974 22.2133 1.1746
1.0106 21.9582 1.9190
0.7279 22.3577 2.2357
0.8113 22.3823 2.8128
0.2370 23.2136 2.1488
2.8297 22.8489 0.6447
2.3399 22.9557 0.3078
1.4572 22.7389 0.2936
2.1409 23.1728 0.2306
1.1822 23.6689 0.7379
0.3420 23.4835 0.9485
3.4699 23.2902 -0.0662
3.0395 23.4341 -0.1338
2.5385 23.8130 -0.0470
3.3700 23.6589 -0.7716
2.3048 24.2368 -0.2885
1.8857 23.7017 0.3394
1.3096 23.9889 0.6704
1.5082 24.3325 0.3389
1.7183 24.6289 -0.6374
0.5773 22.9419 3.2019
0.4527 23.1595 2.6167
-0.1525 23.8483 2.1024
-0.3368 23.5917 1.2014
-0.6455 23.4957 1.7756
-0.7475 23.5912 1.4486
-0.7763 23.9177 1.8935
0.3602 23.3145 3.4742
0.4752 23.5212 3.0794
0.3563 23.9293 3.2079
0.2088 24.2611 2.7877
-0.1067 24.2282 3.4449
0.0095 24.4274 3.1641
-0.1051 24.5795 2.7906
0.1887 24.0084 1.1284
0.6306 24.3347 0.8450
1.0576 24.6122 -1.4079
2.7588 23.8993 -2.3357
1.7774 23.9925 -2.4161
3.3590 23.7856 -1.9241
2.4637 24.3531 -1.3896
3.0648 24.1229 -1.1370
