1.0432 -5.1980 -0.3650
0.9958 -5.1980 -0.4795
0.9358 -5.1980 -0.5880
0.8641 -5.1980 -0.6891
0.7815 -5.1980 -0.7815
0.6891 -5.1980 -0.8641
0.5880 -5.1980 -0.9358
0.4795 -5.1980 -0.9958
0.3650 -5.1980 -1.0432
0.2459 -5.1980 -1.0775
0.1237 -5.1980 -1.0983
-0.0000 -5.1980 -1.1052
-0.1237 -5.1980 -1.0983
-0.2459 -5.1980 -1.0775
-0.3650 -5.1980 -1.0432
-0.4795 -5.1980 -0.9958
-0.5880 -5.1980 -0.9358
-0.6891 -5.1980 -0.8641
-0.7815 -5.1980 -0.7815
-0.8641 -5.1980 -0.6891
-0.9358 -5.1980 -0.5880
-0.9958 -5.1980 -0.4795
-1.0432 -5.1980 -0.3650
-1.0775 -5.1980 -0.2459
-1.0983 -5.1980 -0.1237
-1.1052 -5.1980 -0.0000
-1.0983 -5.1980 0.1237
-1.0775 -5.1980 0.2459
-1.0432 -5.1980 0.3650
-0.9958 -5.1980 0.4795
-0.9358 -5.1980 0.5880
-0.8641 -5.1980 0.6891
-0.7815 -5.1980 0.7815
-0.6891 -5.1980 0.8641
-0.5880 -5.1980 0.9358
-0.4795 -5.1980 0.9958
-0.3650 -5.1980 1.0432
-0.2459 -5.1980 1.0775
-0.1237 -5.1980 1.0983
-0.0000 -5.1980 1.1052
0.1237 -5.1980 1.0983
0.2459 -5.1980 1.0775
0.3650 -5.1980 1.0432
0.4795 -5.1980 0.9958
0.5880 -5.1980 0.9358
0.6891 -5.1980 0.8641
0.7815 -5.1980 0.7815
0.8641 -5.1980 0.6891
0.9358 -5.1980 0.5880
0.9958 -5.1980 0.4795
1.0432 -5.1980 0.3650
1.0775 -5.1980 0.2459
1.0983 -5.1980 0.1237
1.1052 -5.1980 -0.0000
1.2159 -5.0136 -0.1370
1.1929 -5.0136 -0.2723
-0.0000 -5.0273 -0.0000
1.1549 -5.0136 -0.4041
1.1024 -5.0136 -0.5309
1.0360 -5.0136 -0.6510
0.9566 -5.0136 -0.7629
0.8652 -5.0136 -0.8652
0.7629 -5.0136 -0.9566
0.6510 -5.0136 -1.0360
0.5309 -5.0136 -1.1024
0.4041 -5.0136 -1.1549
0.2723 -5.0136 -1.1929
0.1370 -5.0136 -1.2159
-0.0000 -5.0136 -1.2236
-0.1370 -5.0136 -1.2159
-0.2723 -5.0136 -1.1929
-0.4041 -5.0136 -1.1549
-0.5309 -5.0136 -1.1024
-0.6510 -5.0136 -1.0360
-0.7629 -5.0136 -0.9566
-0.8652 -5.0136 -0.8652
-0.9566 -5.0136 -0.7629
-1.0360 -5.0136 -0.6510
-1.1024 -5.0136 -0.5309
-1.1549 -5.0136 -0.4041
-1.1929 -5.0136 -0.2723
-1.2159 -5.0136 -0.1370
-1.2236 -5.0136 -0.0000
-1.2159 -5.0136 0.1370
-1.1929 -5.0136 0.2723
-1.1549 -5.0136 0.4041
-1.1024 -5.0136 0.5309
-1.0360 -5.0136 0.6510
-0.9566 -5.0136 0.7629
-0.8652 -5.0136 0.8652
-0.7629 -5.0136 0.9566
-0.6510 -5.0136 1.0360
-0.5309 -5.0136 1.1024
-0.4041 -5.0136 1.1549
-0.2723 -5.0136 1.1929
-0.1370 -5.0136 1.2159
-0.0000 -5.0136 1.2236
0.1370 -5.0136 1.2159
0.2723 -5.0136 1.1929
0.4041 -5.0136 1.1549
0.5309 -5.0136 1.1024
0.6510 -5.0136 1.0360
0.7629 -5.0136 0.9566
0.8652 -5.0136 0.8652
0.9566 -5.0136 0.7629
1.0360 -5.0136 0.6510
1.1024 -5.0136 0.5309
1.1549 -5.0136 0.4041
1.1929 -5.0136 0.2723
1.2159 -5.0136 0.1370
1.2236 -5.0136 -0.0000
3.2033 -5.9401 -0.3609
3.1465 -5.9594 -0.3545
3.0870 -5.9594 -0.7046
3.1427 -5.9401 -0.7173
2.9887 -5.9594 -1.0458
3.0426 -5.9401 -1.0647
2.8528 -5.9594 -1.3739
2.9043 -5.9401 -1.3987
2.6810 -5.9594 -1.6846
2.7294 -5.9401 -1.7150
2.4756 -5.9594 -1.9742
2.5203 -5.9401 -2.0099
2.2390 -5.9594 -2.2390
2.2794 -5.9401 -2.2794
1.9742 -5.9594 -2.4756
2.0098 -5.9401 -2.5203
1.6846 -5.9594 -2.6810
1.7150 -5.9401 -2.7294
1.3738 -5.9594 -2.8528
1.3986 -5.9401 -2.9043
1.0458 -5.9594 -2.9887
1.0647 -5.9401 -3.0426
0.7046 -5.9594 -3.0870
0.7173 -5.9401 -3.1427
0.3545 -5.9594 -3.1465
0.3609 -5.9401 -3.2033
-0.0000 -5.9594 -3.1664
-0.0000 -5.9401 -3.2235
-0.3545 -5.9594 -3.1465
-0.3609 -5.9401 -3.2033
-0.7046 -5.9594 -3.0870
-0.7173 -5.9401 -3.1427
-1.0458 -5.9594 -2.9887
-1.0647 -5.9401 -3.0426
-1.3738 -5.9594 -2.8528
-1.3986 -5.9401 -2.9043
-1.6846 -5.9594 -2.6810
-1.7150 -5.9401 -2.7294
-1.9742 -5.9594 -2.4756
-2.0098 -5.9401 -2.5203
-2.2390 -5.9594 -2.2390
-2.2794 -5.9401 -2.2794
-2.4756 -5.9594 -1.9742
-2.5203 -5.9401 -2.0099
-2.6810 -5.9594 -1.6846
-2.7295 -5.9401 -1.7150
-2.8528 -5.9594 -1.3739
-2.9043 -5.9401 -1.3987
-2.9887 -5.9594 -1.0458
-3.0426 -5.9401 -1.0647
-3.0870 -5.9594 -0.7046
-3.1427 -5.9401 -0.7173
-3.1465 -5.9594 -0.3545
-3.2033 -5.9401 -0.3609
-3.1664 -5.9594 -0.0000
-3.2235 -5.9401 -0.0000
-3.1465 -5.9594 0.3545
-3.2033 -5.9401 0.3609
-3.0870 -5.9594 0.7046
-3.1427 -5.9401 0.7173
-2.9887 -5.9594 1.0458
-3.0426 -5.9401 1.0647
-2.8528 -5.9594 1.3738
-2.9043 -5.9401 1.3986
-2.6810 -5.9594 1.6846
-2.7295 -5.9401 1.7150
-2.4756 -5.9594 1.9742
-2.5203 -5.9401 2.0099
-2.2390 -5.9594 2.2390
-2.2794 -5.9401 2.2794
-1.9742 -5.9594 2.4756
-2.0098 -5.9401 2.5203
-1.6846 -5.9594 2.6810
-1.7150 -5.9401 2.7294
-1.3738 -5.9594 2.8528
-1.3986 -5.9401 2.9043
-1.0458 -5.9594 2.9887
-1.0647 -5.9401 3.0426
-0.7046 -5.9594 3.0870
-0.7173 -5.9401 3.1427
-0.3545 -5.9594 3.1464
-0.3609 -5.9401 3.2033
-0.0000 -5.9594 3.1664
-0.0000 -5.9401 3.2235
0.3545 -5.9594 3.1464
0.3609 -5.9401 3.2033
0.7046 -5.9594 3.0870
0.7173 -5.9401 3.1427
1.0458 -5.9594 2.9887
1.0647 -5.9401 3.0426
1.3738 -5.9594 2.8528
1.3986 -5.9401 2.9043
1.6846 -5.9594 2.6810
1.7150 -5.9401 2.7294
1.9742 -5.9594 2.4756
2.0098 -5.9401 2.5203
2.2390 -5.9594 2.2390
2.2794 -5.9401 2.2794
2.4756 -5.9594 1.9742
2.5203 -5.9401 2.0099
2.6810 -5.9594 1.6846
2.7295 -5.9401 1.7150
2.8528 -5.9594 1.3738
2.9043 -5.9401 1.3986
2.9887 -5.9594 1.0458
3.0426 -5.9401 1.0647
3.0870 -5.9594 0.7046
3.1427 -5.9401 0.7173
3.1465 -5.9594 0.3545
3.2033 -5.9401 0.3609
3.1664 -5.9594 -0.0000
3.2235 -5.9401 -0.0000
3.0796 -5.9507 -0.3470
3.0213 -5.9507 -0.6896
2.9251 -5.9507 -1.0236
2.7921 -5.9507 -1.3446
2.6240 -5.9507 -1.6488
2.4229 -5.9507 -1.9322
2.1914 -5.9507 -2.1913
1.9322 -5.9507 -2.4229
1.6488 -5.9507 -2.6240
1.3446 -5.9507 -2.7922
1.0235 -5.9507 -2.9251
0.6896 -5.9507 -3.0213
0.3470 -5.9507 -3.0796
-0.0000 -5.9507 -3.0991
-0.3470 -5.9507 -3.0796
-0.6896 -5.9507 -3.0213
-1.0236 -5.9507 -2.9251
-1.3446 -5.9507 -2.7922
-1.6488 -5.9507 -2.6240
-1.9322 -5.9507 -2.4229
-2.1914 -5.9507 -2.1913
-2.4229 -5.9507 -1.9322
-2.6240 -5.9507 -1.6488
-2.7921 -5.9507 -1.3446
-2.9251 -5.9507 -1.0236
-3.0214 -5.9507 -0.6896
-3.0796 -5.9507 -0.3470
-3.0990 -5.9507 -0.0000
-3.0796 -5.9507 0.3470
-3.0214 -5.9507 0.6896
-2.9251 -5.9507 1.0236
-2.7921 -5.9507 1.3446
-2.6240 -5.9507 1.6488
-2.4229 -5.9507 1.9322
-2.1914 -5.9507 2.1913
-1.9322 -5.9507 2.4229
-1.6488 -5.9507 2.6240
-1.3446 -5.9507 2.7922
-1.0236 -5.9507 2.9251
-0.6896 -5.9507 3.0213
-0.3470 -5.9507 3.0795
-0.0000 -5.9507 3.0991
0.3470 -5.9507 3.0795
0.6896 -5.9507 3.0213
1.0235 -5.9507 2.9251
1.3446 -5.9507 2.7922
1.6488 -5.9507 2.6240
1.9322 -5.9507 2.4229
2.1914 -5.9507 2.1913
2.4229 -5.9507 1.9322
2.6240 -5.9507 1.6488
2.7921 -5.9507 1.3446
2.9251 -5.9507 1.0236
3.0214 -5.9507 0.6896
3.0796 -5.9507 0.3470
3.0990 -5.9507 -0.0000
2.6382 -5.8297 -0.2972
2.5884 -5.8297 -0.5908
2.5059 -5.8297 -0.8769
2.3920 -5.8297 -1.1519
2.2480 -5.8297 -1.4125
2.0757 -5.8297 -1.6553
1.8773 -5.8297 -1.8773
1.6553 -5.8297 -2.0757
1.4125 -5.8297 -2.2480
1.1519 -5.8297 -2.3920
0.8769 -5.8297 -2.5059
0.5908 -5.8297 -2.5884
0.2973 -5.8297 -2.6382
-0.0000 -5.8297 -2.6549
-0.2973 -5.8297 -2.6382
-0.5908 -5.8297 -2.5884
-0.8769 -5.8297 -2.5059
-1.1519 -5.8297 -2.3920
-1.4125 -5.8297 -2.2480
-1.6553 -5.8297 -2.0757
-1.8773 -5.8297 -1.8773
-2.0757 -5.8297 -1.6553
-2.2480 -5.8297 -1.4125
-2.3920 -5.8297 -1.1519
-2.5059 -5.8297 -0.8769
-2.5884 -5.8297 -0.5908
-2.6382 -5.8297 -0.2973
-2.6549 -5.8297 -0.0000
-2.6382 -5.8297 0.2972
-2.5884 -5.8297 0.5908
-2.5059 -5.8297 0.8769
-2.3920 -5.8297 1.1519
-2.2480 -5.8297 1.4125
-2.0757 -5.8297 1.6553
-1.8773 -5.8297 1.8773
-1.6553 -5.8297 2.0757
-1.4125 -5.8297 2.2480
-1.1519 -5.8297 2.3920
-0.8769 -5.8297 2.5059
-0.5908 -5.8297 2.5884
-0.2973 -5.8297 2.6382
-0.0000 -5.8297 2.6549
0.2973 -5.8297 2.6382
0.5908 -5.8297 2.5884
0.8769 -5.8297 2.5059
1.1519 -5.8297 2.3920
1.4125 -5.8297 2.2480
1.6553 -5.8297 2.0757
1.8773 -5.8297 1.8773
2.0757 -5.8297 1.6553
2.2480 -5.8297 1.4125
2.3920 -5.8297 1.1519
2.5059 -5.8297 0.8769
2.5884 -5.8297 0.5908
2.6382 -5.8297 0.2972
2.6549 -5.8297 -0.0000
2.5501 -5.7868 -0.2873
2.5019 -5.7868 -0.5711
2.4223 -5.7868 -0.8476
2.3121 -5.7868 -1.1135
2.1729 -5.7868 -1.3653
2.0064 -5.7868 -1.6000
1.8146 -5.7868 -1.8146
1.6000 -5.7868 -2.0064
1.3653 -5.7868 -2.1729
1.1135 -5.7868 -2.3121
0.8476 -5.7868 -2.4223
0.5710 -5.7868 -2.5019
0.2873 -5.7868 -2.5502
-0.0000 -5.7868 -2.5663
-0.2873 -5.7868 -2.5502
-0.5710 -5.7868 -2.5019
-0.8476 -5.7868 -2.4223
-1.1135 -5.7868 -2.3121
-1.3653 -5.7868 -2.1729
-1.6000 -5.7868 -2.0064
-1.8146 -5.7868 -1.8146
-2.0064 -5.7868 -1.6001
-2.1729 -5.7868 -1.3653
-2.3121 -5.7868 -1.1135
-2.4223 -5.7868 -0.8476
-2.5019 -5.7868 -0.5711
-2.5501 -5.7868 -0.2873
-2.5663 -5.7868 -0.0000
-2.5501 -5.7868 0.2873
-2.5019 -5.7868 0.5711
-2.4223 -5.7868 0.8476
-2.3121 -5.7868 1.1135
-2.1729 -5.7868 1.3653
-2.0064 -5.7868 1.6000
-1.8146 -5.7868 1.8146
-1.6000 -5.7868 2.0064
-1.3653 -5.7868 2.1729
-1.1135 -5.7868 2.3121
-0.8476 -5.7868 2.4223
-0.5711 -5.7868 2.5019
-0.2873 -5.7868 2.5501
-0.0000 -5.7868 2.5663
0.2873 -5.7868 2.5501
0.5710 -5.7868 2.5019
0.8476 -5.7868 2.4223
1.1135 -5.7868 2.3121
1.3653 -5.7868 2.1729
1.6000 -5.7868 2.0064
1.8146 -5.7868 1.8146
2.0064 -5.7868 1.6000
2.1729 -5.7868 1.3653
2.3121 -5.7868 1.1135
2.4223 -5.7868 0.8476
2.5019 -5.7868 0.5711
2.5501 -5.7868 0.2873
2.5663 -5.7868 -0.0000
2.4798 -5.7179 -0.2794
2.4329 -5.7179 -0.5553
2.3555 -5.7179 -0.8242
2.2484 -5.7179 -1.0828
2.1130 -5.7179 -1.3277
1.9511 -5.7179 -1.5559
1.7646 -5.7179 -1.7646
1.5559 -5.7179 -1.9510
1.3277 -5.7179 -2.1130
1.0828 -5.7179 -2.2484
0.8242 -5.7179 -2.3555
0.5553 -5.7179 -2.4329
0.2794 -5.7179 -2.4798
-0.0000 -5.7179 -2.4955
-0.2794 -5.7179 -2.4798
-0.5553 -5.7179 -2.4329
-0.8242 -5.7179 -2.3555
-1.0828 -5.7179 -2.2484
-1.3277 -5.7179 -2.1130
-1.5559 -5.7179 -1.9510
-1.7646 -5.7179 -1.7646
-1.9511 -5.7179 -1.5559
-2.1130 -5.7179 -1.3277
-2.2484 -5.7179 -1.0828
-2.3555 -5.7179 -0.8242
-2.4329 -5.7179 -0.5553
-2.4798 -5.7179 -0.2794
-2.4955 -5.7179 -0.0000
-2.4798 -5.7179 0.2794
-2.4329 -5.7179 0.5553
-2.3555 -5.7179 0.8242
-2.2484 -5.7179 1.0827
-2.1130 -5.7179 1.3277
-1.9511 -5.7179 1.5559
-1.7646 -5.7179 1.7646
-1.5559 -5.7179 1.9510
-1.3277 -5.7179 2.1130
-1.0828 -5.7179 2.2484
-0.8242 -5.7179 2.3555
-0.5553 -5.7179 2.4329
-0.2794 -5.7179 2.4798
-0.0000 -5.7179 2.4955
0.2794 -5.7179 2.4798
0.5553 -5.7179 2.4329
0.8242 -5.7179 2.3555
1.0828 -5.7179 2.2484
1.3277 -5.7179 2.1130
1.5559 -5.7179 1.9510
1.7646 -5.7179 1.7646
1.9511 -5.7179 1.5559
2.1130 -5.7179 1.3277
2.2484 -5.7179 1.0827
2.3555 -5.7179 0.8242
2.4329 -5.7179 0.5553
2.4798 -5.7179 0.2794
2.4955 -5.7179 -0.0000
2.4245 -5.5440 -0.2732
2.3786 -5.5440 -0.5429
2.3029 -5.5440 -0.8058
2.1982 -5.5440 -1.0586
2.0659 -5.5440 -1.2981
1.9075 -5.5440 -1.5212
1.7252 -5.5440 -1.7252
1.5212 -5.5440 -1.9075
1.2981 -5.5440 -2.0659
1.0586 -5.5440 -2.1982
0.8058 -5.5440 -2.3029
0.5429 -5.5440 -2.3786
0.2732 -5.5440 -2.4245
-0.0000 -5.5440 -2.4398
-0.2732 -5.5440 -2.4245
-0.5429 -5.5440 -2.3786
-0.8058 -5.5440 -2.3029
-1.0586 -5.5440 -2.1982
-1.2981 -5.5440 -2.0659
-1.5212 -5.5440 -1.9075
-1.7252 -5.5440 -1.7252
-1.9075 -5.5440 -1.5212
-2.0659 -5.5440 -1.2981
-2.1982 -5.5440 -1.0586
-2.3029 -5.5440 -0.8058
-2.3787 -5.5440 -0.5429
-2.4245 -5.5440 -0.2732
-2.4398 -5.5440 -0.0000
-2.4245 -5.5440 0.2732
-2.3787 -5.5440 0.5429
-2.3029 -5.5440 0.8058
-2.1982 -5.5440 1.0586
-2.0659 -5.5440 1.2981
-1.9075 -5.5440 1.5212
-1.7252 -5.5440 1.7252
-1.5212 -5.5440 1.9075
-1.2981 -5.5440 2.0659
-1.0586 -5.5440 2.1982
-0.8058 -5.5440 2.3029
-0.5429 -5.5440 2.3786
-0.2732 -5.5440 2.4245
-0.0000 -5.5440 2.4398
0.2732 -5.5440 2.4245
0.5429 -5.5440 2.3786
0.8058 -5.5440 2.3029
1.0586 -5.5440 2.1982
1.2981 -5.5440 2.0659
1.5212 -5.5440 1.9075
1.7252 -5.5440 1.7252
1.9075 -5.5440 1.5212
2.0659 -5.5440 1.2981
2.1982 -5.5440 1.0586
2.3029 -5.5440 0.8058
2.3786 -5.5440 0.5429
2.4245 -5.5440 0.2732
2.4398 -5.5440 -0.0000
1.6872 -5.2273 -0.1901
1.6553 -5.2273 -0.3778
1.6026 -5.2273 -0.5608
1.5298 -5.2273 -0.7367
1.4377 -5.2273 -0.9033
1.3275 -5.2273 -1.0586
1.2006 -5.2273 -1.2006
1.0586 -5.2273 -1.3275
0.9033 -5.2273 -1.4377
0.7367 -5.2273 -1.5298
0.5608 -5.2273 -1.6026
0.3778 -5.2273 -1.6553
0.1901 -5.2273 -1.6872
-0.0000 -5.2273 -1.6979
-0.1901 -5.2273 -1.6872
-0.3778 -5.2273 -1.6553
-0.5608 -5.2273 -1.6026
-0.7367 -5.2273 -1.5298
-0.9033 -5.2273 -1.4377
-1.0586 -5.2273 -1.3275
-1.2006 -5.2273 -1.2006
-1.3275 -5.2273 -1.0586
-1.4377 -5.2273 -0.9033
-1.5298 -5.2273 -0.7367
-1.6026 -5.2273 -0.5608
-1.6553 -5.2273 -0.3778
-1.6872 -5.2273 -0.1901
-1.6979 -5.2273 -0.0000
-1.6872 -5.2273 0.1901
-1.6553 -5.2273 0.3778
-1.6026 -5.2273 0.5608
-1.5298 -5.2273 0.7367
-1.4377 -5.2273 0.9033
-1.3275 -5.2273 1.0586
-1.2006 -5.2273 1.2006
-1.0586 -5.2273 1.3275
-0.9033 -5.2273 1.4377
-0.7367 -5.2273 1.5298
-0.5608 -5.2273 1.6026
-0.3778 -5.2273 1.6553
-0.1901 -5.2273 1.6872
-0.0000 -5.2273 1.6979
0.1901 -5.2273 1.6872
0.3778 -5.2273 1.6553
0.5608 -5.2273 1.6026
0.7367 -5.2273 1.5298
0.9033 -5.2273 1.4377
1.0586 -5.2273 1.3275
1.2006 -5.2273 1.2006
1.3275 -5.2273 1.0586
1.4377 -5.2273 0.9033
1.5298 -5.2273 0.7367
1.6026 -5.2273 0.5608
1.6553 -5.2273 0.3778
1.6872 -5.2273 0.1901
1.6979 -5.2273 -0.0000
2.1207 -4.9832 -0.4840
2.1615 -4.9832 -0.2435
2.0531 -4.9832 -0.7184
1.9598 -4.9832 -0.9438
1.8418 -4.9832 -1.1573
1.7006 -4.9832 -1.3562
1.5381 -4.9832 -1.5381
1.3562 -4.9832 -1.7006
1.1573 -4.9832 -1.8418
0.9438 -4.9832 -1.9598
0.7184 -4.9832 -2.0531
0.4840 -4.9832 -2.1207
0.2435 -4.9832 -2.1615
-0.0000 -4.9832 -2.1752
-0.2435 -4.9832 -2.1615
-0.4840 -4.9832 -2.1207
-0.7184 -4.9832 -2.0531
-0.9438 -4.9832 -1.9598
-1.1573 -4.9832 -1.8418
-1.3562 -4.9832 -1.7006
-1.5381 -4.9832 -1.5381
-1.7006 -4.9832 -1.3562
-1.8418 -4.9832 -1.1573
-1.9598 -4.9832 -0.9438
-2.0531 -4.9832 -0.7184
-2.1207 -4.9832 -0.4840
-2.1615 -4.9832 -0.2435
-2.1752 -4.9832 -0.0000
-2.1615 -4.9832 0.2435
-2.1207 -4.9832 0.4840
-2.0531 -4.9832 0.7184
-1.9598 -4.9832 0.9438
-1.8418 -4.9832 1.1573
-1.7006 -4.9832 1.3562
-1.5381 -4.9832 1.5381
-1.3562 -4.9832 1.7006
-1.1573 -4.9832 1.8418
-0.9438 -4.9832 1.9598
-0.7184 -4.9832 2.0531
-0.4840 -4.9832 2.1207
-0.2435 -4.9832 2.1615
-0.0000 -4.9832 2.1752
0.2435 -4.9832 2.1615
0.4840 -4.9832 2.1207
0.7184 -4.9832 2.0531
0.9438 -4.9832 1.9598
1.1573 -4.9832 1.8418
1.3562 -4.9832 1.7006
1.5381 -4.9832 1.5381
1.7006 -4.9832 1.3562
1.8418 -4.9832 1.1573
1.9598 -4.9832 0.9438
2.0531 -4.9832 0.7184
2.1207 -4.9832 0.4840
2.1615 -4.9832 0.2435
2.1752 -4.9832 -0.0000
2.9514 -4.8486 -0.3325
2.9701 -4.8486 -0.0000
2.9950 -4.6852 -0.0000
2.9762 -4.6852 -0.3353
2.8855 -4.9142 -0.3251
2.9038 -4.9142 -0.0000
2.7959 -4.9381 -0.3150
2.8136 -4.9381 -0.0000
2.8310 -4.9142 -0.6462
2.7431 -4.9381 -0.6261
2.8956 -4.8486 -0.6609
2.9199 -4.6852 -0.6664
2.7408 -4.9142 -0.9591
2.6557 -4.9381 -0.9293
2.8034 -4.8486 -0.9810
2.8269 -4.6852 -0.9892
2.6162 -4.9142 -1.2599
2.5350 -4.9381 -1.2208
2.6760 -4.8486 -1.2887
2.6984 -4.6852 -1.2995
2.4587 -4.9142 -1.5449
2.3824 -4.9381 -1.4969
2.5148 -4.8486 -1.5802
2.5359 -4.6852 -1.5934
2.2703 -4.9142 -1.8105
2.1998 -4.9381 -1.7543
2.3221 -4.8486 -1.8518
2.3416 -4.6852 -1.8673
2.0533 -4.9142 -2.0533
1.9895 -4.9381 -1.9895
2.1002 -4.8486 -2.1002
2.1178 -4.6852 -2.1178
1.8105 -4.9142 -2.2703
1.7543 -4.9381 -2.1998
1.8518 -4.8486 -2.3221
1.8673 -4.6852 -2.3416
1.5449 -4.9142 -2.4587
1.4969 -4.9381 -2.3824
1.5802 -4.8486 -2.5148
1.5934 -4.6852 -2.5359
1.2599 -4.9142 -2.6162
1.2208 -4.9381 -2.5350
1.2887 -4.8486 -2.6760
1.2995 -4.6852 -2.6984
0.9591 -4.9142 -2.7408
0.9293 -4.9381 -2.6557
0.9810 -4.8486 -2.8034
0.9892 -4.6852 -2.8269
0.6462 -4.9142 -2.8310
0.6261 -4.9381 -2.7431
0.6609 -4.8486 -2.8956
0.6664 -4.6852 -2.9199
0.3251 -4.9142 -2.8855
0.3150 -4.9381 -2.7959
0.3325 -4.8486 -2.9514
0.3353 -4.6852 -2.9762
-0.0000 -4.9142 -2.9038
-0.0000 -4.9381 -2.8136
-0.0000 -4.8486 -2.9701
-0.0000 -4.6852 -2.9950
-0.3251 -4.9142 -2.8855
-0.3150 -4.9381 -2.7959
-0.3325 -4.8486 -2.9514
-0.3353 -4.6852 -2.9762
-0.6462 -4.9142 -2.8310
-0.6261 -4.9381 -2.7431
-0.6609 -4.8486 -2.8956
-0.6664 -4.6852 -2.9199
-0.9591 -4.9142 -2.7408
-0.9293 -4.9381 -2.6557
-0.9810 -4.8486 -2.8034
-0.9892 -4.6852 -2.8269
-1.2599 -4.9142 -2.6162
-1.2208 -4.9381 -2.5350
-1.2887 -4.8486 -2.6760
-1.2995 -4.6852 -2.6984
-1.5449 -4.9142 -2.4587
-1.4969 -4.9381 -2.3824
-1.5802 -4.8486 -2.5148
-1.5934 -4.6852 -2.5359
-1.8105 -4.9142 -2.2703
-1.7543 -4.9381 -2.1998
-1.8518 -4.8486 -2.3221
-1.8673 -4.6852 -2.3416
-2.0533 -4.9142 -2.0533
-1.9895 -4.9381 -1.9895
-2.1002 -4.8486 -2.1002
-2.1178 -4.6852 -2.1178
-2.2703 -4.9142 -1.8105
-2.1998 -4.9381 -1.7543
-2.3221 -4.8486 -1.8518
-2.3416 -4.6852 -1.8673
-2.4587 -4.9142 -1.5449
-2.3824 -4.9381 -1.4969
-2.5148 -4.8486 -1.5802
-2.5359 -4.6852 -1.5934
-2.6162 -4.9142 -1.2599
-2.5350 -4.9381 -1.2208
-2.6760 -4.8486 -1.2887
-2.6984 -4.6852 -1.2995
-2.7408 -4.9142 -0.9591
-2.6557 -4.9381 -0.9293
-2.8034 -4.8486 -0.9810
-2.8269 -4.6852 -0.9892
-2.8310 -4.9142 -0.6462
-2.7431 -4.9381 -0.6261
-2.8956 -4.8486 -0.6609
-2.9199 -4.6852 -0.6665
-2.8855 -4.9142 -0.3251
-2.7959 -4.9381 -0.3150
-2.9514 -4.8486 -0.3325
-2.9762 -4.6852 -0.3353
-2.9038 -4.9142 -0.0000
-2.8136 -4.9381 -0.0000
-2.9701 -4.8486 -0.0000
-2.9950 -4.6852 -0.0000
-2.8855 -4.9142 0.3251
-2.7959 -4.9381 0.3150
-2.9514 -4.8486 0.3325
-2.9762 -4.6852 0.3353
-2.8310 -4.9142 0.6462
-2.7431 -4.9381 0.6261
-2.8956 -4.8486 0.6609
-2.9199 -4.6852 0.6664
-2.7408 -4.9142 0.9591
-2.6557 -4.9381 0.9293
-2.8034 -4.8486 0.9810
-2.8269 -4.6852 0.9892
-2.6162 -4.9142 1.2599
-2.5350 -4.9381 1.2208
-2.6760 -4.8486 1.2887
-2.6984 -4.6852 1.2995
-2.4587 -4.9142 1.5449
-2.3824 -4.9381 1.4969
-2.5149 -4.8486 1.5802
-2.5359 -4.6852 1.5934
-2.2703 -4.9142 1.8105
-2.1998 -4.9381 1.7543
-2.3221 -4.8486 1.8518
-2.3416 -4.6852 1.8673
-2.0533 -4.9142 2.0533
-1.9895 -4.9381 1.9895
-2.1002 -4.8486 2.1002
-2.1178 -4.6852 2.1178
-1.8105 -4.9142 2.2703
-1.7543 -4.9381 2.1998
-1.8518 -4.8486 2.3221
-1.8673 -4.6852 2.3416
-1.5449 -4.9142 2.4587
-1.4969 -4.9381 2.3824
-1.5802 -4.8486 2.5148
-1.5934 -4.6852 2.5359
-1.2599 -4.9142 2.6162
-1.2208 -4.9381 2.5350
-1.2887 -4.8486 2.6760
-1.2995 -4.6852 2.6984
-0.9591 -4.9142 2.7408
-0.9293 -4.9381 2.6557
-0.9810 -4.8486 2.8034
-0.9892 -4.6852 2.8269
-0.6462 -4.9142 2.8310
-0.6261 -4.9381 2.7431
-0.6609 -4.8486 2.8956
-0.6665 -4.6852 2.9199
-0.3251 -4.9142 2.8855
-0.3150 -4.9381 2.7959
-0.3325 -4.8486 2.9514
-0.3353 -4.6852 2.9762
-0.0000 -4.9142 2.9038
-0.0000 -4.9381 2.8136
-0.0000 -4.8486 2.9701
-0.0000 -4.6852 2.9950
0.3251 -4.9142 2.8855
0.3150 -4.9381 2.7959
0.3325 -4.8486 2.9514
0.3353 -4.6852 2.9762
0.6462 -4.9142 2.8310
0.6261 -4.9381 2.7431
0.6609 -4.8486 2.8956
0.6664 -4.6852 2.9199
0.9591 -4.9142 2.7408
0.9293 -4.9381 2.6557
0.9810 -4.8486 2.8034
0.9892 -4.6852 2.8269
1.2599 -4.9142 2.6162
1.2208 -4.9381 2.5350
1.2887 -4.8486 2.6760
1.2995 -4.6852 2.6984
1.5449 -4.9142 2.4587
1.4969 -4.9381 2.3824
1.5802 -4.8486 2.5148
1.5934 -4.6852 2.5359
1.8105 -4.9142 2.2703
1.7543 -4.9381 2.1998
1.8518 -4.8486 2.3221
1.8673 -4.6852 2.3416
2.0533 -4.9142 2.0533
1.9895 -4.9381 1.9895
2.1002 -4.8486 2.1002
2.1178 -4.6852 2.1178
2.2703 -4.9142 1.8105
2.1998 -4.9381 1.7543
2.3221 -4.8486 1.8518
2.3416 -4.6852 1.8673
2.4587 -4.9142 1.5449
2.3824 -4.9381 1.4969
2.5148 -4.8486 1.5802
2.5359 -4.6852 1.5934
2.6162 -4.9142 1.2599
2.5350 -4.9381 1.2208
2.6760 -4.8486 1.2887
2.6984 -4.6852 1.2995
2.7408 -4.9142 0.9591
2.6557 -4.9381 0.9293
2.8034 -4.8486 0.9810
2.8269 -4.6852 0.9892
2.8310 -4.9142 0.6462
2.7431 -4.9381 0.6261
2.8956 -4.8486 0.6609
2.9199 -4.6852 0.6664
2.8855 -4.9142 0.3251
2.7959 -4.9381 0.3150
2.9514 -4.8486 0.3325
2.9762 -4.6852 0.3353
3.1067 5.9031 -0.3500
3.1263 5.9031 -0.0000
3.1601 5.9180 -0.0000
3.1402 5.9180 -0.3538
3.0896 5.8861 -0.3481
3.1091 5.8861 -0.0000
3.0832 5.8628 -0.3474
3.1027 5.8628 -0.0000
3.0312 5.8861 -0.6918
3.0249 5.8628 -0.6904
3.0479 5.9031 -0.6957
3.0809 5.9180 -0.7032
2.9347 5.8861 -1.0269
2.9286 5.8628 -1.0248
2.9509 5.9031 -1.0326
2.9828 5.9180 -1.0437
2.8012 5.8861 -1.3490
2.7954 5.8628 -1.3462
2.8167 5.9031 -1.3565
2.8472 5.9180 -1.3711
2.6326 5.8861 -1.6542
2.6271 5.8628 -1.6507
2.6471 5.9031 -1.6633
2.6757 5.9180 -1.6813
2.4308 5.8861 -1.9385
2.4258 5.8628 -1.9345
2.4443 5.9031 -1.9492
2.4707 5.9180 -1.9703
2.1985 5.8861 -2.1985
2.1939 5.8628 -2.1939
2.2106 5.9031 -2.2106
2.2345 5.9180 -2.2345
1.9385 5.8861 -2.4308
1.9345 5.8628 -2.4258
1.9492 5.9031 -2.4443
1.9703 5.9180 -2.4707
1.6542 5.8861 -2.6326
1.6507 5.8628 -2.6271
1.6633 5.9031 -2.6471
1.6813 5.9180 -2.6757
1.3490 5.8861 -2.8012
1.3462 5.8628 -2.7954
1.3565 5.9031 -2.8167
1.3711 5.9180 -2.8472
1.0269 5.8861 -2.9347
1.0247 5.8628 -2.9286
1.0326 5.9031 -2.9509
1.0437 5.9180 -2.9828
0.6918 5.8861 -3.0312
0.6904 5.8628 -3.0249
0.6957 5.9031 -3.0479
0.7032 5.9180 -3.0809
0.3481 5.8861 -3.0896
0.3474 5.8628 -3.0832
0.3500 5.9031 -3.1067
0.3538 5.9180 -3.1402
-0.0000 5.8861 -3.1091
-0.0000 5.8628 -3.1027
-0.0000 5.9031 -3.1263
-0.0000 5.9180 -3.1601
-0.3481 5.8861 -3.0896
-0.3474 5.8628 -3.0832
-0.3500 5.9031 -3.1067
-0.3538 5.9180 -3.1402
-0.6918 5.8861 -3.0312
-0.6904 5.8628 -3.0249
-0.6957 5.9031 -3.0479
-0.7032 5.9180 -3.0809
-1.0269 5.8861 -2.9347
-1.0248 5.8628 -2.9286
-1.0326 5.9031 -2.9509
-1.0437 5.9180 -2.9828
-1.3490 5.8861 -2.8012
-1.3462 5.8628 -2.7954
-1.3565 5.9031 -2.8167
-1.3711 5.9180 -2.8472
-1.6542 5.8861 -2.6326
-1.6507 5.8628 -2.6271
-1.6633 5.9031 -2.6471
-1.6813 5.9180 -2.6757
-1.9385 5.8861 -2.4308
-1.9345 5.8628 -2.4258
-1.9492 5.9031 -2.4443
-1.9703 5.9180 -2.4707
-2.1985 5.8861 -2.1985
-2.1939 5.8628 -2.1939
-2.2106 5.9031 -2.2106
-2.2345 5.9180 -2.2345
-2.4308 5.8861 -1.9385
-2.4258 5.8628 -1.9345
-2.4443 5.9031 -1.9492
-2.4707 5.9180 -1.9703
-2.6326 5.8861 -1.6542
-2.6271 5.8628 -1.6507
-2.6471 5.9031 -1.6633
-2.6757 5.9180 -1.6813
-2.8012 5.8861 -1.3490
-2.7954 5.8628 -1.3462
-2.8167 5.9031 -1.3565
-2.8472 5.9180 -1.3711
-2.9347 5.8861 -1.0269
-2.9286 5.8628 -1.0248
-2.9509 5.9031 -1.0326
-2.9828 5.9180 -1.0437
-3.0312 5.8861 -0.6918
-3.0249 5.8628 -0.6904
-3.0479 5.9031 -0.6957
-3.0809 5.9180 -0.7032
-3.0896 5.8861 -0.3481
-3.0832 5.8628 -0.3474
-3.1067 5.9031 -0.3500
-3.1402 5.9180 -0.3538
-3.1091 5.8861 -0.0000
-3.1027 5.8628 -0.0000
-3.1263 5.9031 -0.0000
-3.1601 5.9180 -0.0000
-3.0896 5.8861 0.3481
-3.0832 5.8628 0.3474
-3.1067 5.9031 0.3500
-3.1402 5.9180 0.3538
-3.0312 5.8861 0.6918
-3.0249 5.8628 0.6904
-3.0479 5.9031 0.6957
-3.0809 5.9180 0.7032
-2.9347 5.8861 1.0269
-2.9286 5.8628 1.0247
-2.9509 5.9031 1.0326
-2.9828 5.9180 1.0437
-2.8012 5.8861 1.3490
-2.7954 5.8628 1.3462
-2.8167 5.9031 1.3565
-2.8472 5.9180 1.3711
-2.6326 5.8861 1.6542
-2.6271 5.8628 1.6507
-2.6471 5.9031 1.6633
-2.6757 5.9180 1.6813
-2.4308 5.8861 1.9385
-2.4258 5.8628 1.9345
-2.4443 5.9031 1.9492
-2.4707 5.9180 1.9703
-2.1985 5.8861 2.1985
-2.1939 5.8628 2.1939
-2.2106 5.9031 2.2106
-2.2345 5.9180 2.2345
-1.9385 5.8861 2.4308
-1.9345 5.8628 2.4258
-1.9492 5.9031 2.4443
-1.9703 5.9180 2.4707
-1.6542 5.8861 2.6326
-1.6507 5.8628 2.6271
-1.6633 5.9031 2.6471
-1.6813 5.9180 2.6757
-1.3490 5.8861 2.8012
-1.3462 5.8628 2.7954
-1.3565 5.9031 2.8167
-1.3711 5.9180 2.8472
-1.0269 5.8861 2.9347
-1.0248 5.8628 2.9286
-1.0326 5.9031 2.9509
-1.0437 5.9180 2.9828
-0.6918 5.8861 3.0312
-0.6904 5.8628 3.0249
-0.6957 5.9031 3.0479
-0.7032 5.9180 3.0809
-0.3481 5.8861 3.0896
-0.3474 5.8628 3.0832
-0.3500 5.9031 3.1067
-0.3538 5.9180 3.1402
-0.0000 5.8861 3.1091
-0.0000 5.8628 3.1027
-0.0000 5.9031 3.1263
-0.0000 5.9180 3.1601
0.3481 5.8861 3.0896
0.3474 5.8628 3.0832
0.3500 5.9031 3.1067
0.3538 5.9180 3.1402
0.6918 5.8861 3.0312
0.6904 5.8628 3.0249
0.6957 5.9031 3.0479
0.7032 5.9180 3.0809
1.0269 5.8861 2.9347
1.0247 5.8628 2.9286
1.0326 5.9031 2.9509
1.0437 5.9180 2.9828
1.3490 5.8861 2.8012
1.3462 5.8628 2.7954
1.3565 5.9031 2.8167
1.3711 5.9180 2.8472
1.6542 5.8861 2.6326
1.6507 5.8628 2.6271
1.6633 5.9031 2.6471
1.6813 5.9180 2.6757
1.9385 5.8861 2.4308
1.9345 5.8628 2.4258
1.9492 5.9031 2.4443
1.9703 5.9180 2.4707
2.1985 5.8861 2.1985
2.1939 5.8628 2.1939
2.2106 5.9031 2.2106
2.2345 5.9180 2.2345
2.4308 5.8861 1.9385
2.4258 5.8628 1.9345
2.4443 5.9031 1.9492
2.4707 5.9180 1.9703
2.6326 5.8861 1.6542
2.6271 5.8628 1.6507
2.6471 5.9031 1.6633
2.6757 5.9180 1.6813
2.8012 5.8861 1.3490
2.7954 5.8628 1.3462
2.8167 5.9031 1.3565
2.8472 5.9180 1.3711
2.9347 5.8861 1.0269
2.9286 5.8628 1.0247
2.9509 5.9031 1.0326
2.9828 5.9180 1.0437
3.0312 5.8861 0.6918
3.0249 5.8628 0.6904
3.0479 5.9031 0.6957
3.0809 5.9180 0.7032
3.0896 5.8861 0.3481
3.0832 5.8628 0.3474
3.1067 5.9031 0.3500
3.1402 5.9180 0.3538
3.0212 5.4903 -0.6896
3.0794 5.4903 -0.3470
2.9250 5.4903 -1.0235
2.7920 5.4903 -1.3446
2.6239 5.4903 -1.6487
2.4228 5.4903 -1.9321
2.1912 5.4903 -2.1912
1.9321 5.4903 -2.4228
1.6487 5.4903 -2.6239
1.3446 5.4903 -2.7920
1.0235 5.4903 -2.9250
0.6896 5.4903 -3.0212
0.3470 5.4903 -3.0794
-0.0000 5.4903 -3.0989
-0.3470 5.4903 -3.0794
-0.6896 5.4903 -3.0212
-1.0235 5.4903 -2.9250
-1.3446 5.4903 -2.7920
-1.6487 5.4903 -2.6239
-1.9321 5.4903 -2.4228
-2.1912 5.4903 -2.1912
-2.4228 5.4903 -1.9321
-2.6239 5.4903 -1.6487
-2.7920 5.4903 -1.3446
-2.9250 5.4903 -1.0235
-3.0212 5.4903 -0.6896
-3.0794 5.4903 -0.3470
-3.0989 5.4903 -0.0000
-3.0794 5.4903 0.3470
-3.0212 5.4903 0.6896
-2.9250 5.4903 1.0235
-2.7920 5.4903 1.3446
-2.6239 5.4903 1.6487
-2.4228 5.4903 1.9321
-2.1912 5.4903 2.1912
-1.9321 5.4903 2.4228
-1.6487 5.4903 2.6239
-1.3446 5.4903 2.7920
-1.0235 5.4903 2.9250
-0.6896 5.4903 3.0212
-0.3470 5.4903 3.0794
-0.0000 5.4903 3.0989
0.3470 5.4903 3.0794
0.6896 5.4903 3.0212
1.0235 5.4903 2.9250
1.3446 5.4903 2.7920
1.6487 5.4903 2.6239
1.9321 5.4903 2.4228
2.1912 5.4903 2.1912
2.4228 5.4903 1.9321
2.6239 5.4903 1.6487
2.7920 5.4903 1.3446
2.9250 5.4903 1.0235
3.0212 5.4903 0.6896
3.0794 5.4903 0.3470
3.0989 5.4903 -0.0000
3.3463 5.9300 -0.3770
3.3675 5.9300 -0.0000
3.3764 5.8844 -0.0000
3.3552 5.8844 -0.3780
3.3282 5.9594 -0.3750
3.3493 5.9594 -0.0000
3.2819 5.9587 -0.3698
3.3027 5.9587 -0.0000
3.2653 5.9594 -0.7453
3.2199 5.9587 -0.7349
3.2830 5.9300 -0.7493
3.2917 5.8844 -0.7513
3.1613 5.9594 -1.1062
3.1173 5.9587 -1.0908
3.1785 5.9300 -1.1122
3.1869 5.8844 -1.1151
3.0176 5.9594 -1.4532
2.9756 5.9587 -1.4330
3.0340 5.9300 -1.4611
3.0420 5.8844 -1.4650
2.8359 5.9594 -1.7819
2.7965 5.9587 -1.7571
2.8513 5.9300 -1.7916
2.8589 5.8844 -1.7963
2.6186 5.9594 -2.0882
2.5821 5.9587 -2.0592
2.6328 5.9300 -2.0996
2.6398 5.8844 -2.1051
2.3683 5.9594 -2.3683
2.3353 5.9587 -2.3353
2.3812 5.9300 -2.3812
2.3875 5.8844 -2.3875
2.0882 5.9594 -2.6186
2.0592 5.9587 -2.5821
2.0996 5.9300 -2.6328
2.1051 5.8844 -2.6398
1.7819 5.9594 -2.8359
1.7571 5.9587 -2.7965
1.7916 5.9300 -2.8513
1.7963 5.8844 -2.8589
1.4532 5.9594 -3.0176
1.4330 5.9587 -2.9756
1.4611 5.9300 -3.0340
1.4650 5.8844 -3.0420
1.1062 5.9594 -3.1613
1.0908 5.9587 -3.1173
1.1122 5.9300 -3.1785
1.1151 5.8844 -3.1869
0.7453 5.9594 -3.2653
0.7349 5.9587 -3.2199
0.7493 5.9300 -3.2831
0.7513 5.8844 -3.2917
0.3750 5.9594 -3.3282
0.3698 5.9587 -3.2819
0.3770 5.9300 -3.3463
0.3780 5.8844 -3.3552
-0.0000 5.9594 -3.3493
-0.0000 5.9587 -3.3027
-0.0000 5.9300 -3.3675
-0.0000 5.8844 -3.3764
-0.3750 5.9594 -3.3282
-0.3698 5.9587 -3.2819
-0.3770 5.9300 -3.3463
-0.3780 5.8844 -3.3552
-0.7453 5.9594 -3.2653
-0.7349 5.9587 -3.2199
-0.7493 5.9300 -3.2831
-0.7513 5.8844 -3.2917
-1.1062 5.9594 -3.1613
-1.0908 5.9587 -3.1173
-1.1122 5.9300 -3.1785
-1.1152 5.8844 -3.1869
-1.4532 5.9594 -3.0176
-1.4330 5.9587 -2.9756
-1.4611 5.9300 -3.0340
-1.4650 5.8844 -3.0420
-1.7819 5.9594 -2.8359
-1.7571 5.9587 -2.7965
-1.7916 5.9300 -2.8513
-1.7963 5.8844 -2.8589
-2.0882 5.9594 -2.6186
-2.0592 5.9587 -2.5821
-2.0996 5.9300 -2.6328
-2.1051 5.8844 -2.6398
-2.3683 5.9594 -2.3683
-2.3353 5.9587 -2.3353
-2.3812 5.9300 -2.3812
-2.3875 5.8844 -2.3875
-2.6186 5.9594 -2.0882
-2.5821 5.9587 -2.0592
-2.6328 5.9300 -2.0996
-2.6398 5.8844 -2.1051
-2.8359 5.9594 -1.7819
-2.7965 5.9587 -1.7571
-2.8513 5.9300 -1.7916
-2.8589 5.8844 -1.7963
-3.0176 5.9594 -1.4532
-2.9756 5.9587 -1.4330
-3.0340 5.9300 -1.4611
-3.0420 5.8844 -1.4650
-3.1613 5.9594 -1.1062
-3.1173 5.9587 -1.0908
-3.1785 5.9300 -1.1122
-3.1869 5.8844 -1.1152
-3.2653 5.9594 -0.7453
-3.2199 5.9587 -0.7349
-3.2831 5.9300 -0.7493
-3.2917 5.8844 -0.7513
-3.3282 5.9594 -0.3750
-3.2819 5.9587 -0.3698
-3.3463 5.9300 -0.3770
-3.3552 5.8844 -0.3780
-3.3493 5.9594 -0.0000
-3.3027 5.9587 -0.0000
-3.3675 5.9300 -0.0000
-3.3764 5.8844 -0.0000
-3.3282 5.9594 0.3750
-3.2819 5.9587 0.3698
-3.3463 5.9300 0.3770
-3.3552 5.8844 0.3780
-3.2653 5.9594 0.7453
-3.2199 5.9587 0.7349
-3.2831 5.9300 0.7493
-3.2917 5.8844 0.7513
-3.1613 5.9594 1.1062
-3.1173 5.9587 1.0908
-3.1785 5.9300 1.1122
-3.1869 5.8844 1.1151
-3.0176 5.9594 1.4532
-2.9756 5.9587 1.4330
-3.0340 5.9300 1.4611
-3.0420 5.8844 1.4650
-2.8359 5.9594 1.7819
-2.7965 5.9587 1.7571
-2.8513 5.9300 1.7916
-2.8589 5.8844 1.7963
-2.6186 5.9594 2.0882
-2.5821 5.9587 2.0592
-2.6328 5.9300 2.0996
-2.6398 5.8844 2.1051
-2.3683 5.9594 2.3683
-2.3354 5.9587 2.3353
-2.3812 5.9300 2.3812
-2.3875 5.8844 2.3875
-2.0882 5.9594 2.6186
-2.0592 5.9587 2.5821
-2.0996 5.9300 2.6328
-2.1051 5.8844 2.6398
-1.7819 5.9594 2.8359
-1.7571 5.9587 2.7965
-1.7916 5.9300 2.8513
-1.7963 5.8844 2.8589
-1.4532 5.9594 3.0176
-1.4330 5.9587 2.9756
-1.4611 5.9300 3.0340
-1.4650 5.8844 3.0420
-1.1062 5.9594 3.1613
-1.0908 5.9587 3.1173
-1.1122 5.9300 3.1785
-1.1152 5.8844 3.1869
-0.7453 5.9594 3.2653
-0.7349 5.9587 3.2199
-0.7493 5.9300 3.2831
-0.7513 5.8844 3.2917
-0.3750 5.9594 3.3282
-0.3698 5.9587 3.2819
-0.3770 5.9300 3.3463
-0.3780 5.8844 3.3552
-0.0000 5.9594 3.3493
-0.0000 5.9587 3.3027
-0.0000 5.9300 3.3675
-0.0000 5.8844 3.3764
0.3750 5.9594 3.3282
0.3698 5.9587 3.2819
0.3770 5.9300 3.3463
0.3780 5.8844 3.3552
0.7453 5.9594 3.2653
0.7349 5.9587 3.2199
0.7493 5.9300 3.2831
0.7513 5.8844 3.2917
1.1062 5.9594 3.1613
1.0908 5.9587 3.1173
1.1122 5.9300 3.1785
1.1151 5.8844 3.1869
1.4532 5.9594 3.0176
1.4330 5.9587 2.9756
1.4611 5.9300 3.0340
1.4650 5.8844 3.0420
1.7819 5.9594 2.8359
1.7571 5.9587 2.7965
1.7916 5.9300 2.8513
1.7963 5.8844 2.8589
2.0882 5.9594 2.6186
2.0592 5.9587 2.5821
2.0996 5.9300 2.6328
2.1051 5.8844 2.6398
2.3683 5.9594 2.3683
2.3353 5.9587 2.3353
2.3812 5.9300 2.3812
2.3875 5.8844 2.3875
2.6186 5.9594 2.0882
2.5821 5.9587 2.0592
2.6328 5.9300 2.0996
2.6398 5.8844 2.1051
2.8359 5.9594 1.7819
2.7965 5.9587 1.7571
2.8513 5.9300 1.7916
2.8589 5.8844 1.7963
3.0176 5.9594 1.4532
2.9756 5.9587 1.4330
3.0340 5.9300 1.4611
3.0420 5.8844 1.4650
3.1613 5.9594 1.1062
3.1173 5.9587 1.0908
3.1785 5.9300 1.1122
3.1869 5.8844 1.1151
3.2653 5.9594 0.7453
3.2199 5.9587 0.7349
3.2831 5.9300 0.7493
3.2917 5.8844 0.7513
3.3282 5.9594 0.3750
3.2819 5.9587 0.3698
3.3463 5.9300 0.3770
3.3552 5.8844 0.3780
3.1682 5.9366 -0.7231
3.2292 5.9366 -0.3638
3.0673 5.9366 -1.0733
2.9279 5.9366 -1.4100
2.7516 5.9366 -1.7289
2.5407 5.9366 -2.0261
2.2979 5.9366 -2.2979
2.0261 5.9366 -2.5407
1.7289 5.9366 -2.7516
1.4100 5.9366 -2.9279
1.0733 5.9366 -3.0673
0.7231 5.9366 -3.1682
0.3638 5.9366 -3.2292
-0.0000 5.9366 -3.2497
-0.3638 5.9366 -3.2292
-0.7231 5.9366 -3.1682
-1.0733 5.9366 -3.0673
-1.4100 5.9366 -2.9279
-1.7289 5.9366 -2.7516
-2.0261 5.9366 -2.5407
-2.2979 5.9366 -2.2979
-2.5407 5.9366 -2.0261
-2.7516 5.9366 -1.7289
-2.9279 5.9366 -1.4100
-3.0673 5.9366 -1.0733
-3.1682 5.9366 -0.7231
-3.2292 5.9366 -0.3639
-3.2497 5.9366 -0.0000
-3.2292 5.9366 0.3638
-3.1682 5.9366 0.7231
-3.0673 5.9366 1.0733
-2.9279 5.9366 1.4100
-2.7516 5.9366 1.7289
-2.5407 5.9366 2.0261
-2.2979 5.9366 2.2979
-2.0261 5.9366 2.5407
-1.7289 5.9366 2.7516
-1.4100 5.9366 2.9279
-1.0733 5.9366 3.0673
-0.7231 5.9366 3.1682
-0.3639 5.9366 3.2292
-0.0000 5.9366 3.2497
0.3638 5.9366 3.2292
0.7231 5.9366 3.1682
1.0733 5.9366 3.0673
1.4100 5.9366 2.9279
1.7289 5.9366 2.7516
2.0261 5.9366 2.5407
2.2979 5.9366 2.2979
2.5407 5.9366 2.0261
2.7516 5.9366 1.7289
2.9279 5.9366 1.4100
3.0673 5.9366 1.0733
3.1682 5.9366 0.7231
3.2292 5.9366 0.3638
3.2497 5.9366 -0.0000
3.3545 -5.8162 -0.3780
3.3757 -5.8162 -0.0000
3.3622 -5.8310 -0.0000
3.3411 -5.8310 -0.3764
3.3596 -5.7979 -0.3785
3.3809 -5.7979 -0.0000
3.3552 -5.7778 -0.3780
3.3764 -5.7778 -0.0000
3.2961 -5.7979 -0.7523
3.2917 -5.7778 -0.7513
3.2911 -5.8162 -0.7512
3.2779 -5.8310 -0.7482
3.1911 -5.7979 -1.1166
3.1869 -5.7778 -1.1151
3.1863 -5.8162 -1.1149
3.1735 -5.8310 -1.1105
3.0461 -5.7979 -1.4669
3.0420 -5.7778 -1.4650
3.0414 -5.8162 -1.4647
3.0292 -5.8310 -1.4588
2.8627 -5.7979 -1.7987
2.8589 -5.7778 -1.7963
2.8583 -5.8162 -1.7960
2.8469 -5.8310 -1.7888
2.6433 -5.7979 -2.1079
2.6398 -5.7778 -2.1051
2.6393 -5.8162 -2.1047
2.6287 -5.8310 -2.0963
2.3906 -5.7979 -2.3906
2.3875 -5.7778 -2.3875
2.3870 -5.8162 -2.3870
2.3774 -5.8310 -2.3774
2.1079 -5.7979 -2.6433
2.1051 -5.7778 -2.6398
2.1047 -5.8162 -2.6393
2.0963 -5.8310 -2.6287
1.7987 -5.7979 -2.8627
1.7963 -5.7778 -2.8589
1.7960 -5.8162 -2.8583
1.7888 -5.8310 -2.8469
1.4669 -5.7979 -3.0461
1.4650 -5.7778 -3.0420
1.4647 -5.8162 -3.0414
1.4588 -5.8310 -3.0292
1.1166 -5.7979 -3.1911
1.1151 -5.7778 -3.1869
1.1149 -5.8162 -3.1863
1.1105 -5.8310 -3.1735
0.7523 -5.7979 -3.2961
0.7513 -5.7778 -3.2917
0.7512 -5.8162 -3.2911
0.7481 -5.8310 -3.2779
0.3785 -5.7979 -3.3596
0.3780 -5.7778 -3.3552
0.3780 -5.8162 -3.3545
0.3764 -5.8310 -3.3411
-0.0000 -5.7979 -3.3809
-0.0000 -5.7778 -3.3764
-0.0000 -5.8162 -3.3757
-0.0000 -5.8310 -3.3622
-0.3785 -5.7979 -3.3596
-0.3780 -5.7778 -3.3552
-0.3780 -5.8162 -3.3545
-0.3764 -5.8310 -3.3411
-0.7523 -5.7979 -3.2961
-0.7513 -5.7778 -3.2917
-0.7512 -5.8162 -3.2911
-0.7481 -5.8310 -3.2779
-1.1166 -5.7979 -3.1911
-1.1152 -5.7778 -3.1869
-1.1149 -5.8162 -3.1863
-1.1105 -5.8310 -3.1735
-1.4669 -5.7979 -3.0461
-1.4650 -5.7778 -3.0420
-1.4647 -5.8162 -3.0414
-1.4588 -5.8310 -3.0292
-1.7987 -5.7979 -2.8627
-1.7963 -5.7778 -2.8589
-1.7960 -5.8162 -2.8583
-1.7888 -5.8310 -2.8469
-2.1079 -5.7979 -2.6433
-2.1051 -5.7778 -2.6398
-2.1047 -5.8162 -2.6393
-2.0963 -5.8310 -2.6287
-2.3906 -5.7979 -2.3906
-2.3875 -5.7778 -2.3875
-2.3870 -5.8162 -2.3870
-2.3774 -5.8310 -2.3774
-2.6433 -5.7979 -2.1079
-2.6398 -5.7778 -2.1051
-2.6393 -5.8162 -2.1047
-2.6287 -5.8310 -2.0963
-2.8627 -5.7979 -1.7987
-2.8589 -5.7778 -1.7963
-2.8583 -5.8162 -1.7960
-2.8469 -5.8310 -1.7888
-3.0461 -5.7979 -1.4669
-3.0420 -5.7778 -1.4650
-3.0414 -5.8162 -1.4647
-3.0292 -5.8310 -1.4588
-3.1911 -5.7979 -1.1166
-3.1869 -5.7778 -1.1152
-3.1863 -5.8162 -1.1149
-3.1735 -5.8310 -1.1105
-3.2961 -5.7979 -0.7523
-3.2917 -5.7778 -0.7513
-3.2911 -5.8162 -0.7512
-3.2779 -5.8310 -0.7482
-3.3596 -5.7979 -0.3785
-3.3552 -5.7778 -0.3780
-3.3545 -5.8162 -0.3780
-3.3411 -5.8310 -0.3764
-3.3809 -5.7979 -0.0000
-3.3764 -5.7778 -0.0000
-3.3757 -5.8162 -0.0000
-3.3622 -5.8310 -0.0000
-3.3596 -5.7979 0.3785
-3.3552 -5.7778 0.3780
-3.3545 -5.8162 0.3780
-3.3411 -5.8310 0.3764
-3.2961 -5.7979 0.7523
-3.2917 -5.7778 0.7513
-3.2911 -5.8162 0.7512
-3.2779 -5.8310 0.7482
-3.1911 -5.7979 1.1166
-3.1869 -5.7778 1.1151
-3.1863 -5.8162 1.1149
-3.1735 -5.8310 1.1105
-3.0461 -5.7979 1.4669
-3.0420 -5.7778 1.4650
-3.0414 -5.8162 1.4647
-3.0292 -5.8310 1.4588
-2.8627 -5.7979 1.7987
-2.8589 -5.7778 1.7963
-2.8583 -5.8162 1.7960
-2.8469 -5.8310 1.7888
-2.6433 -5.7979 2.1079
-2.6398 -5.7778 2.1051
-2.6393 -5.8162 2.1047
-2.6287 -5.8310 2.0963
-2.3906 -5.7979 2.3906
-2.3875 -5.7778 2.3875
-2.3870 -5.8162 2.3870
-2.3774 -5.8310 2.3774
-2.1079 -5.7979 2.6433
-2.1051 -5.7778 2.6398
-2.1047 -5.8162 2.6393
-2.0963 -5.8310 2.6287
-1.7987 -5.7979 2.8627
-1.7963 -5.7778 2.8589
-1.7960 -5.8162 2.8583
-1.7888 -5.8310 2.8469
-1.4669 -5.7979 3.0461
-1.4650 -5.7778 3.0420
-1.4647 -5.8162 3.0414
-1.4588 -5.8310 3.0292
-1.1166 -5.7979 3.1911
-1.1152 -5.7778 3.1869
-1.1149 -5.8162 3.1863
-1.1105 -5.8310 3.1735
-0.7523 -5.7979 3.2961
-0.7513 -5.7778 3.2917
-0.7512 -5.8162 3.2911
-0.7482 -5.8310 3.2779
-0.3785 -5.7979 3.3596
-0.3780 -5.7778 3.3552
-0.3780 -5.8162 3.3545
-0.3764 -5.8310 3.3411
-0.0000 -5.7979 3.3809
-0.0000 -5.7778 3.3764
-0.0000 -5.8162 3.3757
-0.0000 -5.8310 3.3622
0.3785 -5.7979 3.3596
0.3780 -5.7778 3.3552
0.3780 -5.8162 3.3545
0.3764 -5.8310 3.3411
0.7523 -5.7979 3.2961
0.7513 -5.7778 3.2917
0.7512 -5.8162 3.2911
0.7482 -5.8310 3.2779
1.1166 -5.7979 3.1911
1.1151 -5.7778 3.1869
1.1149 -5.8162 3.1863
1.1105 -5.8310 3.1735
1.4669 -5.7979 3.0461
1.4650 -5.7778 3.0420
1.4647 -5.8162 3.0414
1.4588 -5.8310 3.0292
1.7987 -5.7979 2.8627
1.7963 -5.7778 2.8589
1.7960 -5.8162 2.8583
1.7888 -5.8310 2.8469
2.1079 -5.7979 2.6433
2.1051 -5.7778 2.6398
2.1047 -5.8162 2.6393
2.0963 -5.8310 2.6287
2.3906 -5.7979 2.3906
2.3875 -5.7778 2.3875
2.3870 -5.8162 2.3870
2.3774 -5.8310 2.3774
2.6433 -5.7979 2.1079
2.6398 -5.7778 2.1051
2.6393 -5.8162 2.1047
2.6287 -5.8310 2.0963
2.8627 -5.7979 1.7987
2.8589 -5.7778 1.7963
2.8583 -5.8162 1.7960
2.8469 -5.8310 1.7888
3.0461 -5.7979 1.4669
3.0420 -5.7778 1.4650
3.0414 -5.8162 1.4647
3.0292 -5.8310 1.4588
3.1911 -5.7979 1.1166
3.1869 -5.7778 1.1151
3.1863 -5.8162 1.1149
3.1735 -5.8310 1.1105
3.2961 -5.7979 0.7523
3.2917 -5.7778 0.7513
3.2911 -5.8162 0.7512
3.2779 -5.8310 0.7482
3.3596 -5.7979 0.3785
3.3552 -5.7778 0.3780
3.3545 -5.8162 0.3780
3.3411 -5.8310 0.3764
3.2917 -5.2625 -0.7513
3.3552 -5.2625 -0.3780
3.1869 -5.2625 -1.1151
3.0420 -5.2625 -1.4650
2.8589 -5.2625 -1.7963
2.6398 -5.2625 -2.1051
2.3875 -5.2625 -2.3875
2.1051 -5.2625 -2.6398
1.7963 -5.2625 -2.8589
1.4650 -5.2625 -3.0420
1.1151 -5.2625 -3.1869
0.7513 -5.2625 -3.2917
0.3780 -5.2625 -3.3552
-0.0000 -5.2625 -3.3764
-0.3780 -5.2625 -3.3552
-0.7513 -5.2625 -3.2917
-1.1152 -5.2625 -3.1869
-1.4650 -5.2625 -3.0420
-1.7963 -5.2625 -2.8589
-2.1051 -5.2625 -2.6398
-2.3875 -5.2625 -2.3875
-2.6398 -5.2625 -2.1051
-2.8589 -5.2625 -1.7963
-3.0420 -5.2625 -1.4650
-3.1869 -5.2625 -1.1152
-3.2917 -5.2625 -0.7513
-3.3552 -5.2625 -0.3780
-3.3764 -5.2625 -0.0000
-3.3552 -5.2625 0.3780
-3.2917 -5.2625 0.7513
-3.1869 -5.2625 1.1151
-3.0420 -5.2625 1.4650
-2.8589 -5.2625 1.7963
-2.6398 -5.2625 2.1051
-2.3875 -5.2625 2.3875
-2.1051 -5.2625 2.6398
-1.7963 -5.2625 2.8589
-1.4650 -5.2625 3.0420
-1.1152 -5.2625 3.1869
-0.7513 -5.2625 3.2917
-0.3780 -5.2625 3.3552
-0.0000 -5.2625 3.3764
0.3780 -5.2625 3.3552
0.7513 -5.2625 3.2917
1.1151 -5.2625 3.1869
1.4650 -5.2625 3.0420
1.7963 -5.2625 2.8589
2.1051 -5.2625 2.6398
2.3875 -5.2625 2.3875
2.6398 -5.2625 2.1051
2.8589 -5.2625 1.7963
3.0420 -5.2625 1.4650
3.1869 -5.2625 1.1151
3.2917 -5.2625 0.7513
3.3552 -5.2625 0.3780
3.3764 -5.2625 -0.0000
2.3772 -5.3896 -0.2678
2.3323 -5.3896 -0.5323
2.3438 -5.4132 -0.5350
2.3890 -5.4132 -0.2692
2.3574 -5.3725 -0.2656
2.3128 -5.3725 -0.5279
2.3324 -5.3644 -0.2628
2.2883 -5.3644 -0.5223
2.3723 -5.3725 -0.0000
2.3472 -5.3644 -0.0000
2.3923 -5.3896 -0.0000
2.4041 -5.4132 -0.0000
2.2580 -5.3896 -0.7901
2.2692 -5.4132 -0.7940
2.2391 -5.3725 -0.7835
2.2155 -5.3644 -0.7752
2.1554 -5.3896 -1.0380
2.1660 -5.4132 -1.0431
2.1373 -5.3725 -1.0293
2.1148 -5.3644 -1.0184
2.0256 -5.3896 -1.2728
2.0356 -5.4132 -1.2790
2.0087 -5.3725 -1.2621
1.9874 -5.3644 -1.2488
1.8703 -5.3896 -1.4916
1.8796 -5.4132 -1.4989
1.8547 -5.3725 -1.4791
1.8351 -5.3644 -1.4635
1.6916 -5.3896 -1.6916
1.6999 -5.4132 -1.6999
1.6775 -5.3725 -1.6774
1.6597 -5.3644 -1.6597
1.4916 -5.3896 -1.8703
1.4989 -5.4132 -1.8796
1.4791 -5.3725 -1.8547
1.4635 -5.3644 -1.8351
1.2728 -5.3896 -2.0256
1.2790 -5.4132 -2.0356
1.2621 -5.3725 -2.0087
1.2488 -5.3644 -1.9874
1.0380 -5.3896 -2.1554
1.0431 -5.4132 -2.1660
1.0293 -5.3725 -2.1373
1.0184 -5.3644 -2.1148
0.7901 -5.3896 -2.2580
0.7940 -5.4132 -2.2692
0.7835 -5.3725 -2.2391
0.7752 -5.3644 -2.2155
0.5323 -5.3896 -2.3323
0.5350 -5.4132 -2.3438
0.5279 -5.3725 -2.3128
0.5223 -5.3644 -2.2884
0.2678 -5.3896 -2.3772
0.2692 -5.4132 -2.3890
0.2656 -5.3725 -2.3574
0.2628 -5.3644 -2.3325
-0.0000 -5.3896 -2.3923
-0.0000 -5.4132 -2.4041
-0.0000 -5.3725 -2.3723
-0.0000 -5.3644 -2.3472
-0.2678 -5.3896 -2.3772
-0.2692 -5.4132 -2.3890
-0.2656 -5.3725 -2.3574
-0.2628 -5.3644 -2.3325
-0.5323 -5.3896 -2.3323
-0.5350 -5.4132 -2.3438
-0.5279 -5.3725 -2.3128
-0.5223 -5.3644 -2.2884
-0.7901 -5.3896 -2.2580
-0.7940 -5.4132 -2.2692
-0.7835 -5.3725 -2.2391
-0.7752 -5.3644 -2.2155
-1.0380 -5.3896 -2.1554
-1.0431 -5.4132 -2.1660
-1.0293 -5.3725 -2.1373
-1.0184 -5.3644 -2.1148
-1.2728 -5.3896 -2.0256
-1.2790 -5.4132 -2.0356
-1.2621 -5.3725 -2.0087
-1.2488 -5.3644 -1.9874
-1.4916 -5.3896 -1.8703
-1.4989 -5.4132 -1.8796
-1.4791 -5.3725 -1.8547
-1.4635 -5.3644 -1.8351
-1.6916 -5.3896 -1.6916
-1.6999 -5.4132 -1.6999
-1.6775 -5.3725 -1.6774
-1.6597 -5.3644 -1.6597
-1.8703 -5.3896 -1.4916
-1.8796 -5.4132 -1.4989
-1.8547 -5.3725 -1.4791
-1.8351 -5.3644 -1.4635
-2.0256 -5.3896 -1.2728
-2.0356 -5.4132 -1.2790
-2.0087 -5.3725 -1.2621
-1.9874 -5.3644 -1.2488
-2.1554 -5.3896 -1.0380
-2.1660 -5.4132 -1.0431
-2.1373 -5.3725 -1.0293
-2.1148 -5.3644 -1.0184
-2.2580 -5.3896 -0.7901
-2.2692 -5.4132 -0.7940
-2.2391 -5.3725 -0.7835
-2.2155 -5.3644 -0.7752
-2.3323 -5.3896 -0.5323
-2.3438 -5.4132 -0.5350
-2.3128 -5.3725 -0.5279
-2.2884 -5.3644 -0.5223
-2.3772 -5.3896 -0.2678
-2.3890 -5.4132 -0.2692
-2.3574 -5.3725 -0.2656
-2.3324 -5.3644 -0.2628
-2.3923 -5.3896 -0.0000
-2.4041 -5.4132 -0.0000
-2.3723 -5.3725 -0.0000
-2.3472 -5.3644 -0.0000
-2.3772 -5.3896 0.2678
-2.3890 -5.4132 0.2692
-2.3574 -5.3725 0.2656
-2.3324 -5.3644 0.2628
-2.3323 -5.3896 0.5323
-2.3438 -5.4132 0.5350
-2.3128 -5.3725 0.5279
-2.2884 -5.3644 0.5223
-2.2580 -5.3896 0.7901
-2.2692 -5.4132 0.7940
-2.2391 -5.3725 0.7835
-2.2155 -5.3644 0.7752
-2.1554 -5.3896 1.0380
-2.1660 -5.4132 1.0431
-2.1373 -5.3725 1.0293
-2.1148 -5.3644 1.0184
-2.0256 -5.3896 1.2728
-2.0356 -5.4132 1.2790
-2.0087 -5.3725 1.2621
-1.9874 -5.3644 1.2488
-1.8703 -5.3896 1.4916
-1.8796 -5.4132 1.4989
-1.8547 -5.3725 1.4791
-1.8351 -5.3644 1.4635
-1.6916 -5.3896 1.6916
-1.6999 -5.4132 1.6999
-1.6775 -5.3725 1.6774
-1.6597 -5.3644 1.6597
-1.4916 -5.3896 1.8703
-1.4989 -5.4132 1.8796
-1.4791 -5.3725 1.8547
-1.4635 -5.3644 1.8351
-1.2728 -5.3896 2.0256
-1.2790 -5.4132 2.0356
-1.2621 -5.3725 2.0087
-1.2488 -5.3644 1.9874
-1.0380 -5.3896 2.1554
-1.0431 -5.4132 2.1660
-1.0293 -5.3725 2.1373
-1.0184 -5.3644 2.1148
-0.7901 -5.3896 2.2580
-0.7940 -5.4132 2.2692
-0.7835 -5.3725 2.2391
-0.7752 -5.3644 2.2155
-0.5323 -5.3896 2.3323
-0.5350 -5.4132 2.3438
-0.5279 -5.3725 2.3128
-0.5223 -5.3644 2.2884
-0.2678 -5.3896 2.3772
-0.2692 -5.4132 2.3889
-0.2656 -5.3725 2.3573
-0.2628 -5.3644 2.3324
-0.0000 -5.3896 2.3923
-0.0000 -5.4132 2.4041
-0.0000 -5.3725 2.3723
-0.0000 -5.3644 2.3472
0.2678 -5.3896 2.3772
0.2692 -5.4132 2.3889
0.2656 -5.3725 2.3573
0.2628 -5.3644 2.3324
0.5323 -5.3896 2.3323
0.5350 -5.4132 2.3438
0.5279 -5.3725 2.3128
0.5223 -5.3644 2.2884
0.7901 -5.3896 2.2580
0.7940 -5.4132 2.2692
0.7835 -5.3725 2.2391
0.7752 -5.3644 2.2155
1.0380 -5.3896 2.1554
1.0431 -5.4132 2.1660
1.0293 -5.3725 2.1373
1.0184 -5.3644 2.1148
1.2728 -5.3896 2.0256
1.2790 -5.4132 2.0356
1.2621 -5.3725 2.0087
1.2488 -5.3644 1.9874
1.4916 -5.3896 1.8703
1.4989 -5.4132 1.8796
1.4791 -5.3725 1.8547
1.4635 -5.3644 1.8351
1.6916 -5.3896 1.6916
1.6999 -5.4132 1.6999
1.6775 -5.3725 1.6774
1.6597 -5.3644 1.6597
1.8703 -5.3896 1.4916
1.8796 -5.4132 1.4989
1.8547 -5.3725 1.4791
1.8351 -5.3644 1.4635
2.0256 -5.3896 1.2728
2.0356 -5.4132 1.2790
2.0087 -5.3725 1.2621
1.9874 -5.3644 1.2488
2.1554 -5.3896 1.0380
2.1660 -5.4132 1.0431
2.1373 -5.3725 1.0293
2.1148 -5.3644 1.0184
2.2580 -5.3896 0.7901
2.2692 -5.4132 0.7940
2.2392 -5.3725 0.7835
2.2155 -5.3644 0.7752
2.3323 -5.3896 0.5323
2.3438 -5.4132 0.5350
2.3128 -5.3725 0.5279
2.2884 -5.3644 0.5223
2.3772 -5.3896 0.2678
2.3890 -5.4132 0.2692
2.3574 -5.3725 0.2656
2.3324 -5.3644 0.2628
3.1869 -0.0756 -1.1151
3.1869 0.5407 -1.1151
3.2917 0.5407 -0.7513
3.2917 -0.0756 -0.7513
3.3552 0.5407 -0.3780
3.3552 -0.0756 -0.3780
3.3764 0.5407 -0.0000
3.3764 -0.0756 -0.0000
3.3552 0.5407 0.3780
3.3552 -0.0756 0.3780
3.2917 0.5407 0.7513
3.2917 -0.0756 0.7513
3.1869 0.5407 1.1151
3.1869 -0.0756 1.1151
3.0420 0.5407 1.4650
3.0420 -0.0756 1.4650
2.8589 0.5407 1.7963
2.8589 -0.0756 1.7963
2.6398 0.5407 2.1051
2.6398 -0.0756 2.1051
2.3875 0.5407 2.3875
2.3875 -0.0756 2.3875
2.1051 0.5407 2.6398
2.1051 -0.0756 2.6398
1.7963 0.5407 2.8589
1.7963 -0.0756 2.8589
1.4650 0.5407 3.0420
1.4650 -0.0756 3.0420
1.1151 0.5407 3.1869
1.1151 -0.0756 3.1869
0.7513 0.5407 3.2917
0.7513 -0.0756 3.2917
0.3780 0.5407 3.3552
0.3780 -0.0756 3.3552
-0.0000 0.5407 3.3764
-0.0000 -0.0756 3.3764
-0.3780 0.5407 3.3552
-0.3780 -0.0756 3.3552
-0.7513 0.5407 3.2917
-0.7513 -0.0756 3.2917
-1.1152 0.5407 3.1869
-1.1152 -0.0756 3.1869
-1.4650 0.5407 3.0420
-1.4650 -0.0756 3.0420
-1.7963 0.5407 2.8589
-1.7963 -0.0756 2.8589
-2.1051 0.5407 2.6398
-2.1051 -0.0756 2.6398
-2.3875 0.5407 2.3875
-2.3875 -0.0756 2.3875
-2.6398 0.5407 2.1051
-2.6398 -0.0756 2.1051
-2.8589 0.5407 1.7963
-2.8589 -0.0756 1.7963
-3.0420 0.5407 1.4650
-3.0420 -0.0756 1.4650
-3.1869 0.5407 1.1151
-3.1869 -0.0756 1.1151
-3.2917 0.5407 0.7513
-3.2917 -0.0756 0.7513
-3.3552 0.5407 0.3780
-3.3552 -0.0756 0.3780
-3.3764 0.5407 -0.0000
-3.3764 -0.0756 -0.0000
-3.3552 0.5407 -0.3780
-3.3552 -0.0756 -0.3780
-3.2917 0.5407 -0.7513
-3.2917 -0.0756 -0.7513
-3.1869 0.5407 -1.1152
-3.1869 -0.0756 -1.1152
-3.0420 0.5407 -1.4650
-3.0420 -0.0756 -1.4650
-2.8589 0.5407 -1.7963
-2.8589 -0.0756 -1.7963
-2.6398 0.5407 -2.1051
-2.6398 -0.0756 -2.1051
-2.3875 0.5407 -2.3875
-2.3875 -0.0756 -2.3875
-2.1051 0.5407 -2.6398
-2.1051 -0.0756 -2.6398
-1.7963 0.5407 -2.8589
-1.7963 -0.0756 -2.8589
-1.4650 0.5407 -3.0420
-1.4650 -0.0756 -3.0420
-1.1152 0.5407 -3.1869
-1.1152 -0.0756 -3.1869
-0.7513 0.5407 -3.2917
-0.7513 -0.0756 -3.2917
-0.3780 0.5407 -3.3552
-0.3780 -0.0756 -3.3552
-0.0000 0.5407 -3.3764
-0.0000 -0.0756 -3.3764
0.3780 0.5407 -3.3552
0.3780 -0.0756 -3.3552
0.7513 0.5407 -3.2917
0.7513 -0.0756 -3.2917
1.1151 0.5407 -3.1869
1.1151 -0.0756 -3.1869
1.4650 0.5407 -3.0420
1.4650 -0.0756 -3.0420
1.7963 0.5407 -2.8589
1.7963 -0.0756 -2.8589
2.1051 0.5407 -2.6398
2.1051 -0.0756 -2.6398
2.3875 0.5407 -2.3875
2.3875 -0.0756 -2.3875
2.6398 0.5407 -2.1051
2.6398 -0.0756 -2.1051
2.8589 0.5407 -1.7963
2.8589 -0.0756 -1.7963
3.0420 0.5407 -1.4650
3.0420 -0.0756 -1.4650
3.1869 2.8200 -1.1151
3.1869 3.6136 -1.1151
3.2917 3.6136 -0.7513
3.2917 2.8200 -0.7513
3.3552 3.6136 -0.3780
3.3552 2.8200 -0.3780
3.3764 3.6136 -0.0000
3.3764 2.8200 -0.0000
3.3552 3.6136 0.3780
3.3552 2.8200 0.3780
3.2917 3.6136 0.7513
3.2917 2.8200 0.7513
3.1869 3.6136 1.1151
3.1869 2.8200 1.1151
3.0420 3.6136 1.4650
3.0420 2.8200 1.4650
2.8589 3.6136 1.7963
2.8589 2.8200 1.7963
2.6398 3.6136 2.1051
2.6398 2.8200 2.1051
2.3875 3.6136 2.3875
2.3875 2.8200 2.3875
2.1051 3.6136 2.6398
2.1051 2.8200 2.6398
1.7963 3.6136 2.8589
1.7963 2.8200 2.8589
1.4650 3.6136 3.0420
1.4650 2.8200 3.0420
1.1151 3.6136 3.1869
1.1151 2.8200 3.1869
0.7513 3.6136 3.2917
0.7513 2.8200 3.2917
0.3780 3.6136 3.3552
0.3780 2.8200 3.3552
-0.0000 3.6136 3.3764
-0.0000 2.8200 3.3764
-0.3780 3.6136 3.3552
-0.3780 2.8200 3.3552
-0.7513 3.6136 3.2917
-0.7513 2.8200 3.2917
-1.1152 3.6136 3.1869
-1.1152 2.8200 3.1869
-1.4650 3.6136 3.0420
-1.4650 2.8200 3.0420
-1.7963 3.6136 2.8589
-1.7963 2.8200 2.8589
-2.1051 3.6136 2.6398
-2.1051 2.8200 2.6398
-2.3875 3.6136 2.3875
-2.3875 2.8200 2.3875
-2.6398 3.6136 2.1051
-2.6398 2.8200 2.1051
-2.8589 3.6136 1.7963
-2.8589 2.8200 1.7963
-3.0420 3.6136 1.4650
-3.0420 2.8200 1.4650
-3.1869 3.6136 1.1151
-3.1869 2.8200 1.1151
-3.2917 3.6136 0.7513
-3.2917 2.8200 0.7513
-3.3552 3.6136 0.3780
-3.3552 2.8200 0.3780
-3.3764 3.6136 -0.0000
-3.3764 2.8200 -0.0000
-3.3552 3.6136 -0.3780
-3.3552 2.8200 -0.3780
-3.2917 3.6136 -0.7513
-3.2917 2.8200 -0.7513
-3.1869 3.6136 -1.1152
-3.1869 2.8200 -1.1152
-3.0420 3.6136 -1.4650
-3.0420 2.8200 -1.4650
-2.8589 3.6136 -1.7963
-2.8589 2.8200 -1.7963
-2.6398 3.6136 -2.1051
-2.6398 2.8200 -2.1051
-2.3875 3.6136 -2.3875
-2.3875 2.8200 -2.3875
-2.1051 3.6136 -2.6398
-2.1051 2.8200 -2.6398
-1.7963 3.6136 -2.8589
-1.7963 2.8200 -2.8589
-1.4650 3.6136 -3.0420
-1.4650 2.8200 -3.0420
-1.1152 3.6136 -3.1869
-1.1152 2.8200 -3.1869
-0.7513 3.6136 -3.2917
-0.7513 2.8200 -3.2917
-0.3780 3.6136 -3.3552
-0.3780 2.8200 -3.3552
-0.0000 3.6136 -3.3764
-0.0000 2.8200 -3.3764
0.3780 3.6136 -3.3552
0.3780 2.8200 -3.3552
0.7513 3.6136 -3.2917
0.7513 2.8200 -3.2917
1.1151 3.6136 -3.1869
1.1151 2.8200 -3.1869
1.4650 3.6136 -3.0420
1.4650 2.8200 -3.0420
1.7963 3.6136 -2.8589
1.7963 2.8200 -2.8589
2.1051 3.6136 -2.6398
2.1051 2.8200 -2.6398
2.3875 3.6136 -2.3875
2.3875 2.8200 -2.3875
2.6398 3.6136 -2.1051
2.6398 2.8200 -2.1051
2.8589 3.6136 -1.7963
2.8589 2.8200 -1.7963
3.0420 3.6136 -1.4650
3.0420 2.8200 -1.4650
3.1869 -3.3527 -1.1151
3.1869 -2.7246 -1.1151
3.2917 -2.7246 -0.7513
3.2917 -3.3527 -0.7513
3.3552 -2.7246 -0.3780
3.3552 -3.3527 -0.3780
3.3764 -2.7246 -0.0000
3.3764 -3.3527 -0.0000
3.3552 -2.7246 0.3780
3.3552 -3.3527 0.3780
3.2917 -2.7246 0.7513
3.2917 -3.3527 0.7513
3.1869 -2.7246 1.1151
3.1869 -3.3527 1.1151
3.0420 -2.7246 1.4650
3.0420 -3.3527 1.4650
2.8589 -2.7246 1.7963
2.8589 -3.3527 1.7963
2.6398 -2.7246 2.1051
2.6398 -3.3527 2.1051
2.3875 -2.7246 2.3875
2.3875 -3.3527 2.3875
2.1051 -2.7246 2.6398
2.1051 -3.3527 2.6398
1.7963 -2.7246 2.8589
1.7963 -3.3527 2.8589
1.4650 -2.7246 3.0420
1.4650 -3.3527 3.0420
1.1151 -2.7246 3.1869
1.1151 -3.3527 3.1869
0.7513 -2.7246 3.2917
0.7513 -3.3527 3.2917
0.3780 -2.7246 3.3552
0.3780 -3.3527 3.3552
-0.0000 -2.7246 3.3764
-0.0000 -3.3527 3.3764
-0.3780 -2.7246 3.3552
-0.3780 -3.3527 3.3552
-0.7513 -2.7246 3.2917
-0.7513 -3.3527 3.2917
-1.1152 -2.7246 3.1869
-1.1152 -3.3527 3.1869
-1.4650 -2.7246 3.0420
-1.4650 -3.3527 3.0420
-1.7963 -2.7246 2.8589
-1.7963 -3.3527 2.8589
-2.1051 -2.7246 2.6398
-2.1051 -3.3527 2.6398
-2.3875 -2.7246 2.3875
-2.3875 -3.3527 2.3875
-2.6398 -2.7246 2.1051
-2.6398 -3.3527 2.1051
-2.8589 -2.7246 1.7963
-2.8589 -3.3527 1.7963
-3.0420 -2.7246 1.4650
-3.0420 -3.3527 1.4650
-3.1869 -2.7246 1.1151
-3.1869 -3.3527 1.1151
-3.2917 -2.7246 0.7513
-3.2917 -3.3527 0.7513
-3.3552 -2.7246 0.3780
-3.3552 -3.3527 0.3780
-3.3764 -2.7246 -0.0000
-3.3764 -3.3527 -0.0000
-3.3552 -2.7246 -0.3780
-3.3552 -3.3527 -0.3780
-3.2917 -2.7246 -0.7513
-3.2917 -3.3527 -0.7513
-3.1869 -2.7246 -1.1152
-3.1869 -3.3527 -1.1152
-3.0420 -2.7246 -1.4650
-3.0420 -3.3527 -1.4650
-2.8589 -2.7246 -1.7963
-2.8589 -3.3527 -1.7963
-2.6398 -2.7246 -2.1051
-2.6398 -3.3527 -2.1051
-2.3875 -2.7246 -2.3875
-2.3875 -3.3527 -2.3875
-2.1051 -2.7246 -2.6398
-2.1051 -3.3527 -2.6398
-1.7963 -2.7246 -2.8589
-1.7963 -3.3527 -2.8589
-1.4650 -2.7246 -3.0420
-1.4650 -3.3527 -3.0420
-1.1152 -2.7246 -3.1869
-1.1152 -3.3527 -3.1869
-0.7513 -2.7246 -3.2917
-0.7513 -3.3527 -3.2917
-0.3780 -2.7246 -3.3552
-0.3780 -3.3527 -3.3552
-0.0000 -2.7246 -3.3764
-0.0000 -3.3527 -3.3764
0.3780 -2.7246 -3.3552
0.3780 -3.3527 -3.3552
0.7513 -2.7246 -3.2917
0.7513 -3.3527 -3.2917
1.1151 -2.7246 -3.1869
1.1151 -3.3527 -3.1869
1.4650 -2.7246 -3.0420
1.4650 -3.3527 -3.0420
1.7963 -2.7246 -2.8589
1.7963 -3.3527 -2.8589
2.1051 -2.7246 -2.6398
2.1051 -3.3527 -2.6398
2.3875 -2.7246 -2.3875
2.3875 -3.3527 -2.3875
2.6398 -2.7246 -2.1051
2.6398 -3.3527 -2.1051
2.8589 -2.7246 -1.7963
2.8589 -3.3527 -1.7963
3.0420 -2.7246 -1.4650
3.0420 -3.3527 -1.4650
3.1869 4.4895 -1.1151
3.1869 5.1860 -1.1151
3.2917 5.1860 -0.7513
3.2917 4.4895 -0.7513
3.3552 5.1860 -0.3780
3.3552 4.4895 -0.3780
3.3764 5.1860 -0.0000
3.3764 4.4895 -0.0000
3.3552 5.1860 0.3780
3.3552 4.4895 0.3780
3.2917 5.1860 0.7513
3.2917 4.4895 0.7513
3.1869 5.1860 1.1151
3.1869 4.4895 1.1151
3.0420 5.1860 1.4650
3.0420 4.4895 1.4650
2.8589 5.1860 1.7963
2.8589 4.4895 1.7963
2.6398 5.1860 2.1051
2.6398 4.4895 2.1051
2.3875 5.1860 2.3875
2.3875 4.4895 2.3875
2.1051 5.1860 2.6398
2.1051 4.4895 2.6398
1.7963 5.1860 2.8589
1.7963 4.4895 2.8589
1.4650 5.1860 3.0420
1.4650 4.4895 3.0420
1.1151 5.1860 3.1869
1.1151 4.4895 3.1869
0.7513 5.1860 3.2917
0.7513 4.4895 3.2917
0.3780 5.1860 3.3552
0.3780 4.4895 3.3552
-0.0000 5.1860 3.3764
-0.0000 4.4895 3.3764
-0.3780 5.1860 3.3552
-0.3780 4.4895 3.3552
-0.7513 5.1860 3.2917
-0.7513 4.4895 3.2917
-1.1152 5.1860 3.1869
-1.1152 4.4895 3.1869
-1.4650 5.1860 3.0420
-1.4650 4.4895 3.0420
-1.7963 5.1860 2.8589
-1.7963 4.4895 2.8589
-2.1051 5.1860 2.6398
-2.1051 4.4895 2.6398
-2.3875 5.1860 2.3875
-2.3875 4.4895 2.3875
-2.6398 5.1860 2.1051
-2.6398 4.4895 2.1051
-2.8589 5.1860 1.7963
-2.8589 4.4895 1.7963
-3.0420 5.1860 1.4650
-3.0420 4.4895 1.4650
-3.1869 5.1860 1.1151
-3.1869 4.4895 1.1151
-3.2917 5.1860 0.7513
-3.2917 4.4895 0.7513
-3.3552 5.1860 0.3780
-3.3552 4.4895 0.3780
-3.3764 5.1860 -0.0000
-3.3764 4.4895 -0.0000
-3.3552 5.1860 -0.3780
-3.3552 4.4895 -0.3780
-3.2917 5.1860 -0.7513
-3.2917 4.4895 -0.7513
-3.1869 5.1860 -1.1152
-3.1869 4.4895 -1.1152
-3.0420 5.1860 -1.4650
-3.0420 4.4895 -1.4650
-2.8589 5.1860 -1.7963
-2.8589 4.4895 -1.7963
-2.6398 5.1860 -2.1051
-2.6398 4.4895 -2.1051
-2.3875 5.1860 -2.3875
-2.3875 4.4895 -2.3875
-2.1051 5.1860 -2.6398
-2.1051 4.4895 -2.6398
-1.7963 5.1860 -2.8589
-1.7963 4.4895 -2.8589
-1.4650 5.1860 -3.0420
-1.4650 4.4895 -3.0420
-1.1152 5.1860 -3.1869
-1.1152 4.4895 -3.1869
-0.7513 5.1860 -3.2917
-0.7513 4.4895 -3.2917
-0.3780 5.1860 -3.3552
-0.3780 4.4895 -3.3552
-0.0000 5.1860 -3.3764
-0.0000 4.4895 -3.3764
0.3780 5.1860 -3.3552
0.3780 4.4895 -3.3552
0.7513 5.1860 -3.2917
0.7513 4.4895 -3.2917
1.1151 5.1860 -3.1869
1.1151 4.4895 -3.1869
1.4650 5.1860 -3.0420
1.4650 4.4895 -3.0420
1.7963 5.1860 -2.8589
1.7963 4.4895 -2.8589
2.1051 5.1860 -2.6398
2.1051 4.4895 -2.6398
2.3875 5.1860 -2.3875
2.3875 4.4895 -2.3875
2.6398 5.1860 -2.1051
2.6398 4.4895 -2.1051
2.8589 5.1860 -1.7963
2.8589 4.4895 -1.7963
3.0420 5.1860 -1.4650
3.0420 4.4895 -1.4650
3.1869 1.2754 -1.1151
3.1869 2.0292 -1.1151
3.2917 2.0292 -0.7513
3.2917 1.2754 -0.7513
3.3552 2.0292 -0.3780
3.3552 1.2754 -0.3780
3.3764 2.0292 -0.0000
3.3764 1.2754 -0.0000
3.3552 2.0292 0.3780
3.3552 1.2754 0.3780
3.2917 2.0292 0.7513
3.2917 1.2754 0.7513
3.1869 2.0292 1.1151
3.1869 1.2754 1.1151
3.0420 2.0292 1.4650
3.0420 1.2754 1.4650
2.8589 2.0292 1.7963
2.8589 1.2754 1.7963
2.6398 2.0292 2.1051
2.6398 1.2754 2.1051
2.3875 2.0292 2.3875
2.3875 1.2754 2.3875
2.1051 2.0292 2.6398
2.1051 1.2754 2.6398
1.7963 2.0292 2.8589
1.7963 1.2754 2.8589
1.4650 2.0292 3.0420
1.4650 1.2754 3.0420
1.1151 2.0292 3.1869
1.1151 1.2754 3.1869
0.7513 2.0292 3.2917
0.7513 1.2754 3.2917
0.3780 2.0292 3.3552
0.3780 1.2754 3.3552
-0.0000 2.0292 3.3764
-0.0000 1.2754 3.3764
-0.3780 2.0292 3.3552
-0.3780 1.2754 3.3552
-0.7513 2.0292 3.2917
-0.7513 1.2754 3.2917
-1.1152 2.0292 3.1869
-1.1152 1.2754 3.1869
-1.4650 2.0292 3.0420
-1.4650 1.2754 3.0420
-1.7963 2.0292 2.8589
-1.7963 1.2754 2.8589
-2.1051 2.0292 2.6398
-2.1051 1.2754 2.6398
-2.3875 2.0292 2.3875
-2.3875 1.2754 2.3875
-2.6398 2.0292 2.1051
-2.6398 1.2754 2.1051
-2.8589 2.0292 1.7963
-2.8589 1.2754 1.7963
-3.0420 2.0292 1.4650
-3.0420 1.2754 1.4650
-3.1869 2.0292 1.1151
-3.1869 1.2754 1.1151
-3.2917 2.0292 0.7513
-3.2917 1.2754 0.7513
-3.3552 2.0292 0.3780
-3.3552 1.2754 0.3780
-3.3764 2.0292 -0.0000
-3.3764 1.2754 -0.0000
-3.3552 2.0292 -0.3780
-3.3552 1.2754 -0.3780
-3.2917 2.0292 -0.7513
-3.2917 1.2754 -0.7513
-3.1869 2.0292 -1.1152
-3.1869 1.2754 -1.1152
-3.0420 2.0292 -1.4650
-3.0420 1.2754 -1.4650
-2.8589 2.0292 -1.7963
-2.8589 1.2754 -1.7963
-2.6398 2.0292 -2.1051
-2.6398 1.2754 -2.1051
-2.3875 2.0292 -2.3875
-2.3875 1.2754 -2.3875
-2.1051 2.0292 -2.6398
-2.1051 1.2754 -2.6398
-1.7963 2.0292 -2.8589
-1.7963 1.2754 -2.8589
-1.4650 2.0292 -3.0420
-1.4650 1.2754 -3.0420
-1.1152 2.0292 -3.1869
-1.1152 1.2754 -3.1869
-0.7513 2.0292 -3.2917
-0.7513 1.2754 -3.2917
-0.3780 2.0292 -3.3552
-0.3780 1.2754 -3.3552
-0.0000 2.0292 -3.3764
-0.0000 1.2754 -3.3764
0.3780 2.0292 -3.3552
0.3780 1.2754 -3.3552
0.7513 2.0292 -3.2917
0.7513 1.2754 -3.2917
1.1151 2.0292 -3.1869
1.1151 1.2754 -3.1869
1.4650 2.0292 -3.0420
1.4650 1.2754 -3.0420
1.7963 2.0292 -2.8589
1.7963 1.2754 -2.8589
2.1051 2.0292 -2.6398
2.1051 1.2754 -2.6398
2.3875 2.0292 -2.3875
2.3875 1.2754 -2.3875
2.6398 2.0292 -2.1051
2.6398 1.2754 -2.1051
2.8589 2.0292 -1.7963
2.8589 1.2754 -1.7963
3.0420 2.0292 -1.4650
3.0420 1.2754 -1.4650
3.0420 -2.1251 -1.4650
3.0420 -1.6752 -1.4650
3.1869 -1.6752 -1.1151
3.1869 -2.1251 -1.1151
3.2917 -1.6752 -0.7513
3.2917 -2.1251 -0.7513
3.3552 -1.6752 -0.3780
3.3552 -2.1251 -0.3780
3.3764 -1.6752 -0.0000
3.3764 -2.1251 -0.0000
3.3552 -1.6752 0.3780
3.3552 -2.1251 0.3780
3.2917 -1.6752 0.7513
3.2917 -2.1251 0.7513
3.1869 -1.6752 1.1151
3.1869 -2.1251 1.1151
3.0420 -1.6752 1.4650
3.0420 -2.1251 1.4650
2.8589 -1.6752 1.7963
2.8589 -2.1251 1.7963
2.6398 -1.6752 2.1051
2.6398 -2.1251 2.1051
2.3875 -1.6752 2.3875
2.3875 -2.1251 2.3875
2.1051 -1.6752 2.6398
2.1051 -2.1251 2.6398
1.7963 -1.6752 2.8589
1.7963 -2.1251 2.8589
1.4650 -1.6752 3.0420
1.4650 -2.1251 3.0420
1.1151 -1.6752 3.1869
1.1151 -2.1251 3.1869
0.7513 -1.6752 3.2917
0.7513 -2.1251 3.2917
0.3780 -1.6752 3.3552
0.3780 -2.1251 3.3552
-0.0000 -1.6752 3.3764
-0.0000 -2.1251 3.3764
-0.3780 -1.6752 3.3552
-0.3780 -2.1251 3.3552
-0.7513 -1.6752 3.2917
-0.7513 -2.1251 3.2917
-1.1152 -1.6752 3.1869
-1.1152 -2.1251 3.1869
-1.4650 -1.6752 3.0420
-1.4650 -2.1251 3.0420
-1.7963 -1.6752 2.8589
-1.7963 -2.1251 2.8589
-2.1051 -1.6752 2.6398
-2.1051 -2.1251 2.6398
-2.3875 -1.6752 2.3875
-2.3875 -2.1251 2.3875
-2.6398 -1.6752 2.1051
-2.6398 -2.1251 2.1051
-2.8589 -1.6752 1.7963
-2.8589 -2.1251 1.7963
-3.0420 -1.6752 1.4650
-3.0420 -2.1251 1.4650
-3.1869 -1.6752 1.1151
-3.1869 -2.1251 1.1151
-3.2917 -1.6752 0.7513
-3.2917 -2.1251 0.7513
-3.3552 -1.6752 0.3780
-3.3552 -2.1251 0.3780
-3.3764 -1.6752 -0.0000
-3.3764 -2.1251 -0.0000
-3.3552 -1.6752 -0.3780
-3.3552 -2.1251 -0.3780
-3.2917 -1.6752 -0.7513
-3.2917 -2.1251 -0.7513
-3.1869 -1.6752 -1.1152
-3.1869 -2.1251 -1.1152
-3.0420 -1.6752 -1.4650
-3.0420 -2.1251 -1.4650
-2.8589 -1.6752 -1.7963
-2.8589 -2.1251 -1.7963
-2.6398 -1.6752 -2.1051
-2.6398 -2.1251 -2.1051
-2.3875 -1.6752 -2.3875
-2.3875 -2.1251 -2.3875
-2.1051 -1.6752 -2.6398
-2.1051 -2.1251 -2.6398
-1.7963 -1.6752 -2.8589
-1.7963 -2.1251 -2.8589
-1.4650 -1.6752 -3.0420
-1.4650 -2.1251 -3.0420
-1.1152 -1.6752 -3.1869
-1.1152 -2.1251 -3.1869
-0.7513 -1.6752 -3.2917
-0.7513 -2.1251 -3.2917
-0.3780 -1.6752 -3.3552
-0.3780 -2.1251 -3.3552
-0.0000 -1.6752 -3.3764
-0.0000 -2.1251 -3.3764
0.3780 -1.6752 -3.3552
0.3780 -2.1251 -3.3552
0.7513 -1.6752 -3.2917
0.7513 -2.1251 -3.2917
1.1151 -1.6752 -3.1869
1.1151 -2.1251 -3.1869
1.4650 -1.6752 -3.0420
1.4650 -2.1251 -3.0420
1.7963 -1.6752 -2.8589
1.7963 -2.1251 -2.8589
2.1051 -1.6752 -2.6398
2.1051 -2.1251 -2.6398
2.3875 -1.6752 -2.3875
2.3875 -2.1251 -2.3875
2.6398 -1.6752 -2.1051
2.6398 -2.1251 -2.1051
2.8589 -1.6752 -1.7963
2.8589 -2.1251 -1.7963
3.0420 -4.6559 -1.4650
3.0420 -3.9527 -1.4650
3.1869 -3.9527 -1.1151
3.1869 -4.6559 -1.1151
3.2917 -3.9527 -0.7513
3.2917 -4.6559 -0.7513
3.3552 -3.9527 -0.3780
3.3552 -4.6559 -0.3780
3.3764 -3.9527 -0.0000
3.3764 -4.6559 -0.0000
3.3552 -3.9527 0.3780
3.3552 -4.6559 0.3780
3.2917 -3.9527 0.7513
3.2917 -4.6559 0.7513
3.1869 -3.9527 1.1151
3.1869 -4.6559 1.1151
3.0420 -3.9527 1.4650
3.0420 -4.6559 1.4650
2.8589 -3.9527 1.7963
2.8589 -4.6559 1.7963
2.6398 -3.9527 2.1051
2.6398 -4.6559 2.1051
2.3875 -3.9527 2.3875
2.3875 -4.6559 2.3875
2.1051 -3.9527 2.6398
2.1051 -4.6559 2.6398
1.7963 -3.9527 2.8589
1.7963 -4.6559 2.8589
1.4650 -3.9527 3.0420
1.4650 -4.6559 3.0420
1.1151 -3.9527 3.1869
1.1151 -4.6559 3.1869
0.7513 -3.9527 3.2917
0.7513 -4.6559 3.2917
0.3780 -3.9527 3.3552
0.3780 -4.6559 3.3552
-0.0000 -3.9527 3.3764
-0.0000 -4.6559 3.3764
-0.3780 -3.9527 3.3552
-0.3780 -4.6559 3.3552
-0.7513 -3.9527 3.2917
-0.7513 -4.6559 3.2917
-1.1152 -3.9527 3.1869
-1.1152 -4.6559 3.1869
-1.4650 -3.9527 3.0420
-1.4650 -4.6559 3.0420
-1.7963 -3.9527 2.8589
-1.7963 -4.6559 2.8589
-2.1051 -3.9527 2.6398
-2.1051 -4.6559 2.6398
-2.3875 -3.9527 2.3875
-2.3875 -4.6559 2.3875
-2.6398 -3.9527 2.1051
-2.6398 -4.6559 2.1051
-2.8589 -3.9527 1.7963
-2.8589 -4.6559 1.7963
-3.0420 -3.9527 1.4650
-3.0420 -4.6559 1.4650
-3.1869 -3.9527 1.1151
-3.1869 -4.6559 1.1151
-3.2917 -3.9527 0.7513
-3.2917 -4.6559 0.7513
-3.3552 -3.9527 0.3780
-3.3552 -4.6559 0.3780
-3.3764 -3.9527 -0.0000
-3.3764 -4.6559 -0.0000
-3.3552 -3.9527 -0.3780
-3.3552 -4.6559 -0.3780
-3.2917 -3.9527 -0.7513
-3.2917 -4.6559 -0.7513
-3.1869 -3.9527 -1.1152
-3.1869 -4.6559 -1.1152
-3.0420 -3.9527 -1.4650
-3.0420 -4.6559 -1.4650
-2.8589 -3.9527 -1.7963
-2.8589 -4.6559 -1.7963
-2.6398 -3.9527 -2.1051
-2.6398 -4.6559 -2.1051
-2.3875 -3.9527 -2.3875
-2.3875 -4.6559 -2.3875
-2.1051 -3.9527 -2.6398
-2.1051 -4.6559 -2.6398
-1.7963 -3.9527 -2.8589
-1.7963 -4.6559 -2.8589
-1.4650 -3.9527 -3.0420
-1.4650 -4.6559 -3.0420
-1.1152 -3.9527 -3.1869
-1.1152 -4.6559 -3.1869
-0.7513 -3.9527 -3.2917
-0.7513 -4.6559 -3.2917
-0.3780 -3.9527 -3.3552
-0.3780 -4.6559 -3.3552
-0.0000 -3.9527 -3.3764
-0.0000 -4.6559 -3.3764
0.3780 -3.9527 -3.3552
0.3780 -4.6559 -3.3552
0.7513 -3.9527 -3.2917
0.7513 -4.6559 -3.2917
1.1151 -3.9527 -3.1869
1.1151 -4.6559 -3.1869
1.4650 -3.9527 -3.0420
1.4650 -4.6559 -3.0420
1.7963 -3.9527 -2.8589
1.7963 -4.6559 -2.8589
2.1051 -3.9527 -2.6398
2.1051 -4.6559 -2.6398
2.3875 -3.9527 -2.3875
2.3875 -4.6559 -2.3875
2.6398 -3.9527 -2.1051
2.6398 -4.6559 -2.1051
2.8589 -3.9527 -1.7963
2.8589 -4.6559 -1.7963
-2.5874 1.2636 -1.6257
-2.5818 0.6219 -1.6223
-2.3839 0.6219 -1.9011
-2.3891 1.2636 -1.9052
-2.1561 0.6219 -2.1561
-2.1607 1.2636 -2.1607
-1.9011 0.6219 -2.3839
-1.9052 1.2636 -2.3891
-1.6223 0.6219 -2.5818
-1.6257 1.2636 -2.5874
-1.3230 0.6219 -2.7472
-1.3258 1.2636 -2.7531
-1.0071 0.6219 -2.8781
-1.0092 1.2636 -2.8842
-0.6785 0.6219 -2.9727
-0.6800 1.2636 -2.9791
-0.3414 0.6219 -3.0300
-0.3421 1.2636 -3.0365
-0.0000 0.6219 -3.0492
-0.0000 1.2636 -3.0557
0.3414 0.6219 -3.0300
0.3421 1.2636 -3.0365
0.6785 0.6219 -2.9727
0.6800 1.2636 -2.9791
1.0071 0.6219 -2.8781
1.0092 1.2636 -2.8842
1.3230 0.6219 -2.7472
1.3258 1.2636 -2.7531
1.6223 0.6219 -2.5818
1.6257 1.2636 -2.5874
1.9011 0.6219 -2.3839
1.9052 1.2636 -2.3891
2.1561 0.6219 -2.1561
2.1607 1.2636 -2.1607
2.3839 0.6219 -1.9011
2.3891 1.2636 -1.9052
2.5818 0.6219 -1.6223
2.5874 1.2636 -1.6257
2.7472 0.6219 -1.3230
2.7531 1.2636 -1.3258
2.8781 0.6219 -1.0071
2.8842 1.2636 -1.0092
2.9727 0.6219 -0.6785
2.9791 1.2636 -0.6800
3.0300 0.6219 -0.3414
3.0365 1.2636 -0.3421
3.0492 0.6219 -0.0000
3.0557 1.2636 -0.0000
3.0300 0.6219 0.3414
3.0365 1.2636 0.3421
2.9727 0.6219 0.6785
2.9791 1.2636 0.6800
2.8781 0.6219 1.0071
2.8842 1.2636 1.0092
2.7472 0.6219 1.3230
2.7531 1.2636 1.3258
2.5818 0.6219 1.6223
2.5874 1.2636 1.6257
2.3839 0.6219 1.9011
2.3891 1.2636 1.9052
2.1561 0.6219 2.1561
2.1607 1.2636 2.1607
1.9011 0.6219 2.3839
1.9052 1.2636 2.3891
1.6223 0.6219 2.5818
1.6257 1.2636 2.5874
1.3230 0.6219 2.7472
1.3258 1.2636 2.7531
1.0071 0.6219 2.8781
1.0092 1.2636 2.8842
0.6785 0.6219 2.9727
0.6800 1.2636 2.9791
0.3414 0.6219 3.0300
0.3421 1.2636 3.0365
-0.0000 0.6219 3.0492
-0.0000 1.2636 3.0557
-0.3414 0.6219 3.0300
-0.3421 1.2636 3.0365
-0.6785 0.6219 2.9727
-0.6800 1.2636 2.9791
-1.0071 0.6219 2.8781
-1.0092 1.2636 2.8842
-1.3230 0.6219 2.7472
-1.3258 1.2636 2.7531
-1.6223 0.6219 2.5818
-1.6257 1.2636 2.5874
-1.9011 0.6219 2.3839
-1.9052 1.2636 2.3891
-2.1561 0.6219 2.1561
-2.1607 1.2636 2.1607
-2.3839 0.6219 1.9011
-2.3891 1.2636 1.9052
-2.5818 0.6219 1.6223
-2.5874 1.2636 1.6257
-2.7472 0.6219 1.3230
-2.7531 1.2636 1.3258
-2.8781 0.6219 1.0071
-2.8842 1.2636 1.0092
-2.9727 0.6219 0.6785
-2.9791 1.2636 0.6800
-3.0300 0.6219 0.3414
-3.0365 1.2636 0.3421
-3.0492 0.6219 -0.0000
-3.0557 1.2636 -0.0000
-3.0300 0.6219 -0.3414
-3.0365 1.2636 -0.3421
-2.9727 0.6219 -0.6785
-2.9791 1.2636 -0.6800
-2.8781 0.6219 -1.0071
-2.8842 1.2636 -1.0092
-2.7472 0.6219 -1.3230
-2.7531 1.2636 -1.3258
-2.7768 3.8438 -1.3373
-2.7717 3.2843 -1.3348
-2.6048 3.2843 -1.6367
-2.6097 3.8438 -1.6398
-2.4052 3.2843 -1.9181
-2.4097 3.8438 -1.9216
-2.1753 3.2843 -2.1753
-2.1794 3.8438 -2.1794
-1.9181 3.2843 -2.4052
-1.9216 3.8438 -2.4097
-1.6367 3.2843 -2.6048
-1.6398 3.8438 -2.6097
-1.3348 3.2843 -2.7717
-1.3373 3.8438 -2.7768
-1.0161 3.2843 -2.9037
-1.0179 3.8438 -2.9091
-0.6846 3.2843 -2.9992
-0.6858 3.8438 -3.0048
-0.3444 3.2843 -3.0570
-0.3451 3.8438 -3.0627
-0.0000 3.2843 -3.0764
-0.0000 3.8438 -3.0821
0.3444 3.2843 -3.0570
0.3451 3.8438 -3.0627
0.6846 3.2843 -2.9992
0.6858 3.8438 -3.0048
1.0161 3.2843 -2.9037
1.0179 3.8438 -2.9091
1.3348 3.2843 -2.7717
1.3373 3.8438 -2.7768
1.6367 3.2843 -2.6048
1.6398 3.8438 -2.6097
1.9181 3.2843 -2.4052
1.9216 3.8438 -2.4097
2.1753 3.2843 -2.1753
2.1793 3.8438 -2.1793
2.4052 3.2843 -1.9181
2.4097 3.8438 -1.9216
2.6048 3.2843 -1.6367
2.6097 3.8438 -1.6398
2.7717 3.2843 -1.3348
2.7768 3.8438 -1.3373
2.9037 3.2843 -1.0161
2.9091 3.8438 -1.0179
2.9992 3.2843 -0.6846
3.0048 3.8438 -0.6858
3.0570 3.2843 -0.3444
3.0627 3.8438 -0.3451
3.0764 3.2843 -0.0000
3.0821 3.8438 -0.0000
3.0570 3.2843 0.3444
3.0627 3.8438 0.3451
2.9992 3.2843 0.6846
3.0048 3.8438 0.6858
2.9037 3.2843 1.0161
2.9091 3.8438 1.0179
2.7717 3.2843 1.3348
2.7768 3.8438 1.3373
2.6048 3.2843 1.6367
2.6097 3.8438 1.6398
2.4052 3.2843 1.9181
2.4097 3.8438 1.9216
2.1753 3.2843 2.1753
2.1793 3.8438 2.1794
1.9181 3.2843 2.4052
1.9216 3.8438 2.4097
1.6367 3.2843 2.6048
1.6398 3.8438 2.6097
1.3348 3.2843 2.7717
1.3373 3.8438 2.7768
1.0161 3.2843 2.9037
1.0179 3.8438 2.9091
0.6846 3.2843 2.9992
0.6858 3.8438 3.0048
0.3444 3.2843 3.0570
0.3451 3.8438 3.0627
-0.0000 3.2843 3.0764
-0.0000 3.8438 3.0821
-0.3444 3.2843 3.0570
-0.3451 3.8438 3.0627
-0.6846 3.2843 2.9992
-0.6858 3.8438 3.0048
-1.0161 3.2843 2.9037
-1.0179 3.8438 2.9091
-1.3348 3.2843 2.7717
-1.3373 3.8438 2.7768
-1.6367 3.2843 2.6048
-1.6398 3.8438 2.6097
-1.9181 3.2843 2.4052
-1.9216 3.8438 2.4097
-2.1753 3.2843 2.1753
-2.1794 3.8438 2.1793
-2.4052 3.2843 1.9181
-2.4097 3.8438 1.9216
-2.6048 3.2843 1.6367
-2.6097 3.8438 1.6398
-2.7717 3.2843 1.3348
-2.7768 3.8438 1.3373
-2.9037 3.2843 1.0161
-2.9091 3.8438 1.0179
-2.9992 3.2843 0.6846
-3.0048 3.8438 0.6858
-3.0570 3.2843 0.3444
-3.0627 3.8438 0.3451
-3.0764 3.2843 -0.0000
-3.0821 3.8438 -0.0000
-3.0570 3.2843 -0.3444
-3.0627 3.8438 -0.3451
-2.9992 3.2843 -0.6846
-3.0048 3.8438 -0.6858
-2.9037 3.2843 -1.0161
-2.9091 3.8438 -1.0179
-2.3648 -1.7755 -1.8859
-2.3593 -2.4702 -1.8814
-2.1338 -2.4702 -2.1338
-2.1388 -1.7755 -2.1388
-1.8814 -2.4702 -2.3593
-1.8859 -1.7755 -2.3648
-1.6055 -2.4702 -2.5551
-1.6092 -1.7755 -2.5611
-1.3093 -2.4702 -2.7188
-1.3124 -1.7755 -2.7252
-0.9967 -2.4702 -2.8483
-0.9990 -1.7755 -2.8550
-0.6715 -2.4702 -2.9419
-0.6731 -1.7755 -2.9489
-0.3379 -2.4702 -2.9986
-0.3387 -1.7755 -3.0057
-0.0000 -2.4702 -3.0176
-0.0000 -1.7755 -3.0247
0.3379 -2.4702 -2.9986
0.3387 -1.7755 -3.0057
0.6715 -2.4702 -2.9419
0.6731 -1.7755 -2.9489
0.9967 -2.4702 -2.8483
0.9990 -1.7755 -2.8550
1.3093 -2.4702 -2.7188
1.3124 -1.7755 -2.7252
1.6055 -2.4702 -2.5551
1.6092 -1.7755 -2.5611
1.8814 -2.4702 -2.3593
1.8859 -1.7755 -2.3648
2.1338 -2.4702 -2.1338
2.1388 -1.7755 -2.1388
2.3593 -2.4702 -1.8814
2.3648 -1.7755 -1.8859
2.5551 -2.4702 -1.6055
2.5611 -1.7755 -1.6092
2.7188 -2.4702 -1.3093
2.7252 -1.7755 -1.3124
2.8483 -2.4702 -0.9967
2.8550 -1.7755 -0.9990
2.9419 -2.4702 -0.6715
2.9489 -1.7755 -0.6731
2.9986 -2.4702 -0.3379
3.0057 -1.7755 -0.3387
3.0176 -2.4702 -0.0000
3.0247 -1.7755 -0.0000
2.9986 -2.4702 0.3379
3.0057 -1.7755 0.3387
2.9419 -2.4702 0.6715
2.9489 -1.7755 0.6731
2.8483 -2.4702 0.9967
2.8550 -1.7755 0.9990
2.7188 -2.4702 1.3093
2.7252 -1.7755 1.3124
2.5551 -2.4702 1.6055
2.5611 -1.7755 1.6092
2.3593 -2.4702 1.8814
2.3648 -1.7755 1.8859
2.1338 -2.4702 2.1338
2.1388 -1.7755 2.1388
1.8814 -2.4702 2.3593
1.8859 -1.7755 2.3648
1.6055 -2.4702 2.5551
1.6092 -1.7755 2.5611
1.3093 -2.4702 2.7188
1.3124 -1.7755 2.7252
0.9967 -2.4702 2.8483
0.9990 -1.7755 2.8550
0.6715 -2.4702 2.9419
0.6731 -1.7755 2.9489
0.3379 -2.4702 2.9986
0.3387 -1.7755 3.0057
-0.0000 -2.4702 3.0176
-0.0000 -1.7755 3.0247
-0.3379 -2.4702 2.9986
-0.3387 -1.7755 3.0057
-0.6715 -2.4702 2.9419
-0.6731 -1.7755 2.9489
-0.9967 -2.4702 2.8483
-0.9990 -1.7755 2.8550
-1.3093 -2.4702 2.7188
-1.3124 -1.7755 2.7252
-1.6055 -2.4702 2.5551
-1.6092 -1.7755 2.5611
-1.8814 -2.4702 2.3593
-1.8859 -1.7755 2.3648
-2.1338 -2.4702 2.1338
-2.1388 -1.7755 2.1388
-2.3593 -2.4702 1.8814
-2.3648 -1.7755 1.8859
-2.5551 -2.4702 1.6055
-2.5611 -1.7755 1.6092
-2.7188 -2.4702 1.3093
-2.7252 -1.7755 1.3124
-2.8483 -2.4702 0.9967
-2.8550 -1.7755 0.9990
-2.9419 -2.4702 0.6715
-2.9489 -1.7755 0.6731
-2.9986 -2.4702 0.3379
-3.0057 -1.7755 0.3387
-3.0176 -2.4702 -0.0000
-3.0247 -1.7755 -0.0000
-2.9986 -2.4702 -0.3379
-3.0057 -1.7755 -0.3387
-2.9419 -2.4702 -0.6715
-2.9489 -1.7755 -0.6731
-2.8483 -2.4702 -0.9967
-2.8550 -1.7755 -0.9990
-2.7188 -2.4702 -1.3093
-2.7252 -1.7755 -1.3124
-2.5551 -2.4702 -1.6055
-2.5611 -1.7755 -1.6092
-2.7880 5.0547 -1.3426
-2.7828 4.4917 -1.3401
-2.6153 4.4917 -1.6433
-2.6201 5.0547 -1.6463
-2.4148 4.4917 -1.9258
-2.4193 5.0547 -1.9293
-2.1840 4.4917 -2.1840
-2.1881 5.0547 -2.1881
-1.9258 4.4917 -2.4148
-1.9293 5.0547 -2.4193
-1.6433 4.4917 -2.6153
-1.6463 5.0547 -2.6201
-1.3401 4.4917 -2.7828
-1.3426 5.0547 -2.7880
-1.0201 4.4917 -2.9154
-1.0220 5.0547 -2.9208
-0.6873 4.4917 -3.0112
-0.6886 5.0547 -3.0168
-0.3458 4.4917 -3.0693
-0.3465 5.0547 -3.0750
-0.0000 4.4917 -3.0887
-0.0000 5.0547 -3.0944
0.3458 4.4917 -3.0693
0.3465 5.0547 -3.0750
0.6873 4.4917 -3.0112
0.6886 5.0547 -3.0168
1.0201 4.4917 -2.9154
1.0220 5.0547 -2.9208
1.3401 4.4917 -2.7828
1.3426 5.0547 -2.7880
1.6433 4.4917 -2.6153
1.6463 5.0547 -2.6201
1.9258 4.4917 -2.4148
1.9293 5.0547 -2.4193
2.1840 4.4917 -2.1840
2.1881 5.0547 -2.1881
2.4148 4.4917 -1.9258
2.4193 5.0547 -1.9293
2.6153 4.4917 -1.6433
2.6201 5.0547 -1.6463
2.7828 4.4917 -1.3401
2.7880 5.0547 -1.3426
2.9154 4.4917 -1.0201
2.9208 5.0547 -1.0220
3.0112 4.4917 -0.6873
3.0168 5.0547 -0.6886
3.0693 4.4917 -0.3458
3.0750 5.0547 -0.3465
3.0887 4.4917 -0.0000
3.0944 5.0547 -0.0000
3.0693 4.4917 0.3458
3.0750 5.0547 0.3465
3.0112 4.4917 0.6873
3.0168 5.0547 0.6886
2.9154 4.4917 1.0201
2.9208 5.0547 1.0220
2.7828 4.4917 1.3401
2.7880 5.0547 1.3426
2.6153 4.4917 1.6433
2.6201 5.0547 1.6463
2.4148 4.4917 1.9258
2.4193 5.0547 1.9293
2.1840 4.4917 2.1840
2.1881 5.0547 2.1881
1.9258 4.4917 2.4148
1.9293 5.0547 2.4193
1.6433 4.4917 2.6153
1.6463 5.0547 2.6201
1.3401 4.4917 2.7828
1.3426 5.0547 2.7880
1.0201 4.4917 2.9154
1.0220 5.0547 2.9208
0.6873 4.4917 3.0112
0.6886 5.0547 3.0168
0.3458 4.4917 3.0693
0.3465 5.0547 3.0750
-0.0000 4.4917 3.0887
-0.0000 5.0547 3.0944
-0.3458 4.4917 3.0693
-0.3465 5.0547 3.0750
-0.6873 4.4917 3.0112
-0.6886 5.0547 3.0168
-1.0201 4.4917 2.9154
-1.0220 5.0547 2.9208
-1.3401 4.4917 2.7828
-1.3426 5.0547 2.7880
-1.6433 4.4917 2.6153
-1.6463 5.0547 2.6201
-1.9258 4.4917 2.4148
-1.9293 5.0547 2.4193
-2.1840 4.4917 2.1840
-2.1881 5.0547 2.1881
-2.4148 4.4917 1.9258
-2.4193 5.0547 1.9293
-2.6153 4.4917 1.6433
-2.6201 5.0547 1.6463
-2.7828 4.4917 1.3401
-2.7880 5.0547 1.3426
-2.9154 4.4917 1.0201
-2.9208 5.0547 1.0220
-3.0112 4.4917 0.6873
-3.0168 5.0547 0.6886
-3.0693 4.4917 0.3458
-3.0750 5.0547 0.3465
-3.0887 4.4917 -0.0000
-3.0944 5.0547 -0.0000
-3.0693 4.4917 -0.3458
-3.0750 5.0547 -0.3465
-3.0112 4.4917 -0.6873
-3.0168 5.0547 -0.6886
-2.9154 4.4917 -1.0201
-2.9208 5.0547 -1.0220
-2.5993 2.6483 -1.6333
-2.5941 2.0420 -1.6300
-2.3953 2.0420 -1.9102
-2.4001 2.6483 -1.9140
-2.1663 2.0420 -2.1663
-2.1707 2.6483 -2.1707
-1.9102 2.0420 -2.3953
-1.9140 2.6483 -2.4001
-1.6300 2.0420 -2.5941
-1.6333 2.6483 -2.5993
-1.3293 2.0420 -2.7603
-1.3320 2.6483 -2.7659
-1.0119 2.0420 -2.8917
-1.0139 2.6483 -2.8976
-0.6817 2.0420 -2.9869
-0.6831 2.6483 -2.9929
-0.3430 2.0420 -3.0444
-0.3437 2.6483 -3.0506
-0.0000 2.0420 -3.0637
-0.0000 2.6483 -3.0699
0.3430 2.0420 -3.0444
0.3437 2.6483 -3.0506
0.6817 2.0420 -2.9869
0.6831 2.6483 -2.9929
1.0119 2.0420 -2.8917
1.0139 2.6483 -2.8976
1.3293 2.0420 -2.7603
1.3320 2.6483 -2.7658
1.6300 2.0420 -2.5941
1.6333 2.6483 -2.5993
1.9102 2.0420 -2.3953
1.9140 2.6483 -2.4001
2.1663 2.0420 -2.1663
2.1707 2.6483 -2.1707
2.3953 2.0420 -1.9102
2.4001 2.6483 -1.9140
2.5941 2.0420 -1.6300
2.5993 2.6483 -1.6333
2.7603 2.0420 -1.3293
2.7658 2.6483 -1.3320
2.8917 2.0420 -1.0119
2.8976 2.6483 -1.0139
2.9869 2.0420 -0.6817
2.9929 2.6483 -0.6831
3.0444 2.0420 -0.3430
3.0506 2.6483 -0.3437
3.0637 2.0420 -0.0000
3.0699 2.6483 -0.0000
3.0444 2.0420 0.3430
3.0506 2.6483 0.3437
2.9869 2.0420 0.6817
2.9929 2.6483 0.6831
2.8917 2.0420 1.0119
2.8976 2.6483 1.0139
2.7603 2.0420 1.3293
2.7658 2.6483 1.3320
2.5941 2.0420 1.6300
2.5993 2.6483 1.6333
2.3953 2.0420 1.9102
2.4001 2.6483 1.9140
2.1663 2.0420 2.1663
2.1707 2.6483 2.1707
1.9102 2.0420 2.3953
1.9140 2.6483 2.4001
1.6300 2.0420 2.5941
1.6333 2.6483 2.5993
1.3293 2.0420 2.7603
1.3320 2.6483 2.7659
1.0119 2.0420 2.8917
1.0139 2.6483 2.8976
0.6817 2.0420 2.9869
0.6831 2.6483 2.9929
0.3430 2.0420 3.0444
0.3437 2.6483 3.0506
-0.0000 2.0420 3.0637
-0.0000 2.6483 3.0699
-0.3430 2.0420 3.0444
-0.3437 2.6483 3.0506
-0.6817 2.0420 2.9869
-0.6831 2.6483 2.9929
-1.0119 2.0420 2.8917
-1.0139 2.6483 2.8976
-1.3293 2.0420 2.7603
-1.3320 2.6483 2.7658
-1.6300 2.0420 2.5941
-1.6333 2.6483 2.5993
-1.9102 2.0420 2.3953
-1.9140 2.6483 2.4001
-2.1663 2.0420 2.1663
-2.1707 2.6483 2.1707
-2.3953 2.0420 1.9102
-2.4001 2.6483 1.9140
-2.5941 2.0420 1.6300
-2.5993 2.6483 1.6333
-2.7603 2.0420 1.3293
-2.7659 2.6483 1.3320
-2.8917 2.0420 1.0119
-2.8976 2.6483 1.0139
-2.9869 2.0420 0.6817
-2.9929 2.6483 0.6831
-3.0444 2.0420 0.3430
-3.0506 2.6483 0.3437
-3.0637 2.0420 -0.0000
-3.0699 2.6483 -0.0000
-3.0444 2.0420 -0.3430
-3.0506 2.6483 -0.3437
-2.9869 2.0420 -0.6817
-2.9929 2.6483 -0.6831
-2.8917 2.0420 -1.0119
-2.8976 2.6483 -1.0139
-2.7603 2.0420 -1.3293
-2.7659 2.6483 -1.3320
-2.3776 -0.1674 -1.8961
-2.3718 -0.9040 -1.8914
-2.1451 -0.9040 -2.1451
-2.1504 -0.1674 -2.1504
-1.8914 -0.9040 -2.3718
-1.8961 -0.1674 -2.3776
-1.6140 -0.9040 -2.5686
-1.6180 -0.1674 -2.5750
-1.3162 -0.9040 -2.7332
-1.3195 -0.1674 -2.7400
-1.0019 -0.9040 -2.8634
-1.0044 -0.1674 -2.8705
-0.6750 -0.9040 -2.9575
-0.6767 -0.1674 -2.9649
-0.3397 -0.9040 -3.0145
-0.3405 -0.1674 -3.0220
-0.0000 -0.9040 -3.0336
-0.0000 -0.1674 -3.0411
0.3397 -0.9040 -3.0145
0.3405 -0.1674 -3.0220
0.6750 -0.9040 -2.9575
0.6767 -0.1674 -2.9649
1.0019 -0.9040 -2.8634
1.0044 -0.1674 -2.8705
1.3162 -0.9040 -2.7332
1.3195 -0.1674 -2.7400
1.6140 -0.9040 -2.5686
1.6180 -0.1674 -2.5750
1.8914 -0.9040 -2.3718
1.8961 -0.1674 -2.3776
2.1451 -0.9040 -2.1451
2.1504 -0.1674 -2.1504
2.3718 -0.9040 -1.8914
2.3776 -0.1674 -1.8961
2.5686 -0.9040 -1.6140
2.5750 -0.1674 -1.6180
2.7332 -0.9040 -1.3162
2.7399 -0.1674 -1.3195
2.8634 -0.9040 -1.0019
2.8705 -0.1674 -1.0044
2.9575 -0.9040 -0.6750
2.9649 -0.1674 -0.6767
3.0145 -0.9040 -0.3397
3.0220 -0.1674 -0.3405
3.0336 -0.9040 -0.0000
3.0411 -0.1674 -0.0000
3.0145 -0.9040 0.3397
3.0220 -0.1674 0.3405
2.9575 -0.9040 0.6750
2.9649 -0.1674 0.6767
2.8634 -0.9040 1.0019
2.8705 -0.1674 1.0044
2.7332 -0.9040 1.3162
2.7400 -0.1674 1.3195
2.5686 -0.9040 1.6140
2.5750 -0.1674 1.6180
2.3718 -0.9040 1.8914
2.3776 -0.1674 1.8961
2.1451 -0.9040 2.1451
2.1504 -0.1674 2.1504
1.8914 -0.9040 2.3718
1.8961 -0.1674 2.3776
1.6140 -0.9040 2.5686
1.6180 -0.1674 2.5750
1.3162 -0.9040 2.7332
1.3195 -0.1674 2.7400
1.0019 -0.9040 2.8634
1.0044 -0.1674 2.8705
0.6750 -0.9040 2.9575
0.6767 -0.1674 2.9649
0.3397 -0.9040 3.0145
0.3405 -0.1674 3.0220
-0.0000 -0.9040 3.0336
-0.0000 -0.1674 3.0411
-0.3397 -0.9040 3.0145
-0.3405 -0.1674 3.0220
-0.6750 -0.9040 2.9575
-0.6767 -0.1674 2.9649
-1.0019 -0.9040 2.8634
-1.0044 -0.1674 2.8705
-1.3162 -0.9040 2.7332
-1.3195 -0.1674 2.7400
-1.6140 -0.9040 2.5686
-1.6180 -0.1674 2.5750
-1.8914 -0.9040 2.3718
-1.8961 -0.1674 2.3776
-2.1451 -0.9040 2.1451
-2.1504 -0.1674 2.1504
-2.3718 -0.9040 1.8914
-2.3776 -0.1674 1.8961
-2.5686 -0.9040 1.6140
-2.5750 -0.1674 1.6180
-2.7332 -0.9040 1.3162
-2.7400 -0.1674 1.3195
-2.8634 -0.9040 1.0019
-2.8705 -0.1674 1.0044
-2.9575 -0.9040 0.6750
-2.9649 -0.1674 0.6767
-3.0145 -0.9040 0.3397
-3.0220 -0.1674 0.3405
-3.0336 -0.9040 -0.0000
-3.0411 -0.1674 -0.0000
-3.0145 -0.9040 -0.3397
-3.0220 -0.1674 -0.3405
-2.9575 -0.9040 -0.6750
-2.9649 -0.1674 -0.6767
-2.8634 -0.9040 -1.0019
-2.8705 -0.1674 -1.0044
-2.7332 -0.9040 -1.3162
-2.7400 -0.1674 -1.3195
-2.5686 -0.9040 -1.6140
-2.5750 -0.1674 -1.6180
-2.5482 -3.2680 -1.6011
-2.5421 -3.9714 -1.5973
-2.3473 -3.9714 -1.8719
-2.3529 -3.2680 -1.8764
-2.1229 -3.9714 -2.1229
-2.1280 -3.2680 -2.1280
-1.8719 -3.9714 -2.3473
-1.8764 -3.2680 -2.3529
-1.5973 -3.9714 -2.5421
-1.6011 -3.2680 -2.5482
-1.3026 -3.9714 -2.7050
-1.3058 -3.2680 -2.7114
-0.9916 -3.9714 -2.8338
-0.9940 -3.2680 -2.8406
-0.6681 -3.9714 -2.9270
-0.6697 -3.2680 -2.9340
-0.3361 -3.9714 -2.9834
-0.3370 -3.2680 -2.9905
-0.0000 -3.9714 -3.0023
-0.0000 -3.2680 -3.0095
0.3361 -3.9714 -2.9834
0.3370 -3.2680 -2.9905
0.6681 -3.9714 -2.9270
0.6697 -3.2680 -2.9340
0.9916 -3.9714 -2.8338
0.9940 -3.2680 -2.8406
1.3026 -3.9714 -2.7050
1.3058 -3.2680 -2.7114
1.5973 -3.9714 -2.5421
1.6011 -3.2680 -2.5482
1.8719 -3.9714 -2.3473
1.8764 -3.2680 -2.3529
2.1229 -3.9714 -2.1229
2.1280 -3.2680 -2.1280
2.3473 -3.9714 -1.8719
2.3529 -3.2680 -1.8764
2.5421 -3.9714 -1.5973
2.5482 -3.2680 -1.6011
2.7050 -3.9714 -1.3026
2.7114 -3.2680 -1.3058
2.8338 -3.9714 -0.9916
2.8406 -3.2680 -0.9940
2.9270 -3.9714 -0.6681
2.9340 -3.2680 -0.6697
2.9834 -3.9714 -0.3361
2.9905 -3.2680 -0.3370
3.0023 -3.9714 -0.0000
3.0095 -3.2680 -0.0000
2.9834 -3.9714 0.3361
2.9905 -3.2680 0.3370
2.9270 -3.9714 0.6681
2.9340 -3.2680 0.6697
2.8338 -3.9714 0.9916
2.8406 -3.2680 0.9940
2.7050 -3.9714 1.3026
2.7114 -3.2680 1.3058
2.5421 -3.9714 1.5973
2.5482 -3.2680 1.6011
2.3473 -3.9714 1.8719
2.3529 -3.2680 1.8764
2.1229 -3.9714 2.1229
2.1280 -3.2680 2.1280
1.8719 -3.9714 2.3473
1.8764 -3.2680 2.3529
1.5973 -3.9714 2.5421
1.6011 -3.2680 2.5482
1.3026 -3.9714 2.7050
1.3058 -3.2680 2.7114
0.9916 -3.9714 2.8338
0.9940 -3.2680 2.8406
0.6681 -3.9714 2.9270
0.6697 -3.2680 2.9340
0.3361 -3.9714 2.9834
0.3370 -3.2680 2.9905
-0.0000 -3.9714 3.0023
-0.0000 -3.2680 3.0095
-0.3362 -3.9714 2.9834
-0.3370 -3.2680 2.9905
-0.6681 -3.9714 2.9270
-0.6697 -3.2680 2.9340
-0.9916 -3.9714 2.8338
-0.9940 -3.2680 2.8406
-1.3026 -3.9714 2.7050
-1.3058 -3.2680 2.7114
-1.5973 -3.9714 2.5421
-1.6011 -3.2680 2.5482
-1.8719 -3.9714 2.3473
-1.8764 -3.2680 2.3529
-2.1229 -3.9714 2.1229
-2.1280 -3.2680 2.1280
-2.3473 -3.9714 1.8719
-2.3529 -3.2680 1.8764
-2.5421 -3.9714 1.5973
-2.5482 -3.2680 1.6011
-2.7050 -3.9714 1.3026
-2.7114 -3.2680 1.3058
-2.8338 -3.9714 0.9916
-2.8406 -3.2680 0.9940
-2.9270 -3.9714 0.6681
-2.9340 -3.2680 0.6697
-2.9834 -3.9714 0.3361
-2.9905 -3.2680 0.3370
-3.0023 -3.9714 -0.0000
-3.0095 -3.2680 -0.0000
-2.9834 -3.9714 -0.3362
-2.9905 -3.2680 -0.3370
-2.9270 -3.9714 -0.6681
-2.9340 -3.2680 -0.6697
-2.8338 -3.9714 -0.9916
-2.8406 -3.2680 -0.9940
-2.7050 -3.9714 -1.3026
-2.7114 -3.2680 -1.3058
3.3764 -1.1063 -0.0000
3.3764 -0.6417 -0.0000
3.3552 -0.6417 0.3780
3.3552 -1.1063 0.3780
3.2917 -0.6417 0.7513
3.2917 -1.1063 0.7513
3.1869 -0.6417 1.1151
3.1869 -1.1063 1.1151
3.0420 -0.6417 1.4650
3.0420 -1.1063 1.4650
2.8589 -0.6417 1.7963
2.8589 -1.1063 1.7963
2.6398 -0.6417 2.1051
2.6398 -1.1063 2.1051
2.3875 -0.6417 2.3875
2.3875 -1.1063 2.3875
2.1051 -0.6417 2.6398
2.1051 -1.1063 2.6398
1.7963 -0.6417 2.8589
1.7963 -1.1063 2.8589
1.4650 -0.6417 3.0420
1.4650 -1.1063 3.0420
1.1151 -0.6417 3.1869
1.1151 -1.1063 3.1869
0.7513 -0.6417 3.2917
0.7513 -1.1063 3.2917
0.3780 -0.6417 3.3552
0.3780 -1.1063 3.3552
-0.0000 -0.6417 3.3764
-0.0000 -1.1063 3.3764
-0.3780 -0.6417 3.3552
-0.3780 -1.1063 3.3552
-0.7513 -0.6417 3.2917
-0.7513 -1.1063 3.2917
-1.1152 -0.6417 3.1869
-1.1152 -1.1063 3.1869
-1.4650 -0.6417 3.0420
-1.4650 -1.1063 3.0420
-1.7963 -0.6417 2.8589
-1.7963 -1.1063 2.8589
-2.1051 -0.6417 2.6398
-2.1051 -1.1063 2.6398
-2.3875 -0.6417 2.3875
-2.3875 -1.1063 2.3875
-2.6398 -0.6417 2.1051
-2.6398 -1.1063 2.1051
-2.8589 -0.6417 1.7963
-2.8589 -1.1063 1.7963
-3.0420 -0.6417 1.4650
-3.0420 -1.1063 1.4650
-3.1869 -0.6417 1.1151
-3.1869 -1.1063 1.1151
-3.2917 -0.6417 0.7513
-3.2917 -1.1063 0.7513
-3.3552 -0.6417 0.3780
-3.3552 -1.1063 0.3780
-3.3764 -0.6417 -0.0000
-3.3764 -1.1063 -0.0000
-3.3552 -0.6417 -0.3780
-3.3552 -1.1063 -0.3780
-3.2917 -0.6417 -0.7513
-3.2917 -1.1063 -0.7513
-3.1869 -0.6417 -1.1152
-3.1869 -1.1063 -1.1152
-3.0420 -0.6417 -1.4650
-3.0420 -1.1063 -1.4650
-2.8589 -0.6417 -1.7963
-2.8589 -1.1063 -1.7963
-2.6398 -0.6417 -2.1051
-2.6398 -1.1063 -2.1051
-2.3875 -0.6417 -2.3875
-2.3875 -1.1063 -2.3875
-2.1051 -0.6417 -2.6398
-2.1051 -1.1063 -2.6398
-1.7963 -0.6417 -2.8589
-1.7963 -1.1063 -2.8589
-1.4650 -0.6417 -3.0420
-1.4650 -1.1063 -3.0420
-1.1152 -0.6417 -3.1869
-1.1152 -1.1063 -3.1869
-0.7513 -0.6417 -3.2917
-0.7513 -1.1063 -3.2917
-0.3780 -0.6417 -3.3552
-0.3780 -1.1063 -3.3552
-0.0000 -0.6417 -3.3764
-0.0000 -1.1063 -3.3764
0.3780 -0.6417 -3.3552
0.3780 -1.1063 -3.3552
0.7513 -0.6417 -3.2917
0.7513 -1.1063 -3.2917
1.1151 -0.6417 -3.1869
1.1151 -1.1063 -3.1869
1.4650 -0.6417 -3.0420
1.4650 -1.1063 -3.0420
1.7963 -0.6417 -2.8589
1.7963 -1.1063 -2.8589
2.1051 -0.6417 -2.6398
2.1051 -1.1063 -2.6398
2.3875 -0.6417 -2.3875
2.3875 -1.1063 -2.3875
2.6398 -0.6417 -2.1051
2.6398 -1.1063 -2.1051
2.8589 -0.6417 -1.7963
2.8589 -1.1063 -1.7963
3.0420 -0.6417 -1.4650
3.0420 -1.1063 -1.4650
3.1869 -0.6417 -1.1151
3.1869 -1.1063 -1.1151
3.2917 -0.6417 -0.7513
3.2917 -1.1063 -0.7513
3.3552 -0.6417 -0.3780
3.3552 -1.1063 -0.3780
3.3552 4.0437 0.3780
3.2917 4.0437 0.7513
3.1869 4.0437 1.1151
3.0420 4.0437 1.4650
2.8589 4.0437 1.7963
2.6398 4.0437 2.1051
2.3875 4.0437 2.3875
2.1051 4.0437 2.6398
1.7963 4.0437 2.8589
1.4650 4.0437 3.0420
1.1151 4.0437 3.1869
0.7513 4.0437 3.2917
0.3780 4.0437 3.3552
-0.0000 4.0437 3.3764
-0.3780 4.0437 3.3552
-0.7513 4.0437 3.2917
-1.1152 4.0437 3.1869
-1.4650 4.0437 3.0420
-1.7963 4.0437 2.8589
-2.1051 4.0437 2.6398
-2.3875 4.0437 2.3875
-2.6398 4.0437 2.1051
-2.8589 4.0437 1.7963
-3.0420 4.0437 1.4650
-3.1869 4.0437 1.1151
-3.2917 4.0437 0.7513
-3.3552 4.0437 0.3780
-3.3764 4.0437 -0.0000
-3.3552 4.0437 -0.3780
-3.2917 4.0437 -0.7513
-3.1869 4.0437 -1.1152
-3.0420 4.0437 -1.4650
-2.8589 4.0437 -1.7963
-2.6398 4.0437 -2.1051
-2.3875 4.0437 -2.3875
-2.1051 4.0437 -2.6398
-1.7963 4.0437 -2.8589
-1.4650 4.0437 -3.0420
-1.1152 4.0437 -3.1869
-0.7513 4.0437 -3.2917
-0.3780 4.0437 -3.3552
-0.0000 4.0437 -3.3764
0.3780 4.0437 -3.3552
0.7513 4.0437 -3.2917
1.1151 4.0437 -3.1869
1.4650 4.0437 -3.0420
1.7963 4.0437 -2.8589
2.1051 4.0437 -2.6398
2.3875 4.0437 -2.3875
2.6398 4.0437 -2.1051
2.8589 4.0437 -1.7963
3.0420 4.0437 -1.4650
3.1869 4.0437 -1.1151
3.2917 4.0437 -0.7513
3.3552 4.0437 -0.3780
3.3764 4.0437 -0.0000
