1.4296 -5.2043 0.0677
1.2219 -5.1991 0.2718
1.4016 -5.2026 0.3119
1.1267 -5.1966 0.4063
1.0049 -5.1975 0.2326
1.3177 -5.1999 0.5329
-0.0375 -5.1899 1.0386
0.0207 -5.1919 1.2575
-0.1966 -5.1910 1.0792
-0.2079 -5.1936 1.2684
-0.4229 -5.1959 1.2261
-0.3208 -5.1915 1.0000
-0.1548 -5.1911 0.8709
-0.0853 -5.2102 -0.4302
-0.4057 -5.2121 -0.4905
-0.1403 -5.2204 -0.7238
-0.4010 -5.2292 -0.7306
-0.2273 -5.2092 -0.1670
-0.4457 -5.2094 -0.2632
0.1291 -5.2120 -0.2141
-0.0380 -5.2084 -0.0180
0.2161 -5.2096 -0.5527
0.1211 -5.2168 -0.7805
0.3510 -5.2079 -0.3738
-0.9393 -5.2562 -1.0768
-1.0062 -5.2626 -1.1404
-0.8298 -5.2551 -1.1544
-0.8607 -5.2653 -1.3051
-0.8252 -5.2459 -0.9530
-0.9735 -5.2500 -0.9268
-1.0960 -5.2546 -0.9424
0.0704 -5.2295 -0.9912
0.0871 -5.2378 -1.2281
0.2417 -5.2266 -1.0033
0.3166 -5.2335 -1.1666
0.3464 -5.2152 -0.8817
0.5420 -5.2281 -1.0664
0.8380 -5.0218 -0.7694
0.7693 -5.0077 -0.5245
0.9878 -5.0275 -0.6813
1.0301 -5.0243 -0.5165
-0.7502 -5.2057 0.0383
-0.7245 -5.2073 -0.1019
-0.6446 -5.2041 0.1217
-0.5253 -5.2081 -0.0525
-0.8983 -5.2072 0.0954
-0.9263 -5.2110 -0.0893
-0.8155 -5.2042 0.2637
-1.1112 -5.2705 -1.2130
-1.2233 -5.2597 -0.9710
-1.2599 -5.2704 -1.1377
-1.3546 -5.2631 -0.9822
-1.3128 -5.2765 -1.2107
-1.1478 -5.2820 -1.3682
-0.9096 -5.2747 -1.4315
-0.9521 -5.2855 -1.5619
-0.7087 -5.2760 -1.6389
-0.7404 -5.2856 -1.7653
-0.6641 -5.2648 -1.4491
-0.4089 -5.2687 -1.5041
-0.4198 -5.2730 -1.7182
-0.4000 -5.2466 -1.2447
-0.6395 -5.2513 -1.2243
-0.3990 -5.2348 -0.9851
-0.6385 -5.2395 -0.9851
-0.6459 -5.2337 -0.7410
-0.8439 -5.2377 -0.7341
-0.8725 -5.2277 -0.5109
-1.0260 -5.2428 -0.7287
-1.0721 -5.2321 -0.5041
-0.6619 -5.2221 -0.5104
-0.6894 -5.2134 -0.2938
-0.9058 -5.2185 -0.2931
-1.1095 -5.2238 -0.2742
-1.1271 -5.2170 -0.0467
-1.3155 -5.2285 -0.2522
-1.3358 -5.2245 -0.0001
-1.2545 -5.2365 -0.4980
-1.4286 -5.2428 -0.4997
-1.4939 -5.2384 -0.2366
-1.3275 -5.2505 -0.7436
-1.1783 -5.2460 -0.7296
-1.4690 -5.2558 -0.7645
-1.5856 -5.2518 -0.5134
-1.5908 -5.2626 -0.7985
-1.7151 -5.2620 -0.5302
-1.4531 -5.2684 -1.0269
-1.5507 -5.2750 -1.0893
-1.7074 -5.2704 -0.8398
-1.3870 -5.2842 -1.2974
-1.6463 -5.2858 -1.1481
-1.4629 -5.2883 -1.3812
-1.2079 -5.2947 -1.4797
-1.2867 -5.3145 -1.5772
-0.9955 -5.2976 -1.6642
-1.0429 -5.3216 -1.7505
-0.7399 -5.2979 -1.8281
-0.7543 -5.3261 -1.8965
-0.4355 -5.2945 -1.9465
-0.4479 -5.3174 -2.0340
-0.4294 -5.2814 -1.8494
-0.1023 -5.2786 -1.8851
-0.0921 -5.3017 -2.0046
-0.1140 -5.2690 -1.7311
0.1883 -5.2633 -1.6893
0.2267 -5.2741 -1.8578
0.1402 -5.2505 -1.4743
-0.1345 -5.2587 -1.5180
-0.1538 -5.2436 -1.2530
-0.1589 -5.2339 -0.9832
0.4126 -5.2456 -1.4018
0.4922 -5.2623 -1.6212
0.6788 -5.2409 -1.2993
0.7865 -5.2552 -1.5034
1.0494 -5.2361 -1.3161
0.9241 -5.2275 -1.1423
0.7384 -5.2102 -0.9271
1.1072 -5.2149 -0.9254
0.8885 -5.2056 -0.7486
0.6171 -5.2026 -0.5472
0.4887 -5.2067 -0.7081
1.0093 -5.2047 -0.5483
0.7317 -5.2011 -0.3726
0.4819 -5.2059 -0.1953
0.8330 -5.1997 -0.1732
0.6005 -5.2044 -0.0120
0.2844 -5.2076 -0.0260
0.4242 -5.2035 0.1627
0.1202 -5.2060 0.1523
0.2675 -5.2020 0.3325
-0.0446 -5.2032 0.3133
0.1038 -5.1998 0.4795
-0.1934 -5.2041 0.1696
-0.2269 -5.1995 0.4626
-0.3673 -5.2015 0.3447
-0.3495 -5.2062 0.0418
-0.5000 -5.2035 0.2362
-0.5774 -5.1981 0.5267
-0.7070 -5.2008 0.4055
-0.7881 -5.1998 0.7114
-0.9218 -5.2040 0.5537
-1.0305 -5.2088 0.3737
-1.2348 -5.2161 0.4857
-1.1219 -5.2095 0.6996
-1.3061 -5.2202 0.2489
-1.1042 -5.2113 0.1727
-1.4878 -5.2313 0.3171
-1.4094 -5.2264 0.5814
-1.5135 -5.2356 0.0398
-1.6767 -5.2473 0.0729
-1.6524 -5.2433 0.3742
-1.6506 -5.2496 -0.2286
-1.7916 -5.2600 -0.2242
-1.8201 -5.2579 0.0974
-1.9135 -5.2704 -0.2242
-1.9369 -5.2671 0.1141
-1.8276 -5.2728 -0.5453
-1.9334 -5.2855 -0.5621
-2.0153 -5.2825 -0.2247
-1.8075 -5.2855 -0.8735
-1.8858 -5.3203 -0.8980
-2.0088 -5.3206 -0.5730
-1.7183 -5.3231 -1.1846
-1.7718 -5.3855 -1.2078
-1.9412 -5.3826 -0.9117
-1.5761 -5.3907 -1.4579
-1.5291 -5.3278 -1.4250
-1.3370 -5.3508 -1.6345
-1.3642 -5.4088 -1.6712
-1.0847 -5.3622 -1.8180
-1.1108 -5.4221 -1.8640
-0.7762 -5.3722 -1.9609
-0.7976 -5.4363 -2.0164
-0.4593 -5.3659 -2.1022
-0.4619 -5.4382 -2.1439
-0.0849 -5.3787 -2.1670
-0.0890 -5.4472 -2.2082
-0.0847 -5.3340 -2.0964
0.2767 -5.3579 -2.0819
0.2893 -5.4071 -2.1397
0.2582 -5.3091 -1.9987
0.6026 -5.2888 -1.9134
0.6392 -5.3251 -2.0043
0.5548 -5.2726 -1.7886
0.8699 -5.2595 -1.6505
0.9321 -5.2595 -1.7557
1.2277 -5.2515 -1.5152
1.1452 -5.2435 -1.4254
1.4747 -5.2447 -1.2420
1.3756 -5.2364 -1.1621
1.2560 -5.2261 -1.0540
1.5763 -5.2302 -0.8732
1.4300 -5.2217 -0.7906
1.2460 -5.2124 -0.6872
1.5546 -5.2167 -0.5117
1.3588 -5.2093 -0.4394
1.0964 -5.2028 -0.3327
1.4166 -5.2068 -0.1842
1.1457 -5.2009 -0.0980
0.9168 -5.1991 0.0332
0.7280 -5.2004 0.1936
0.8593 -5.1953 0.4001
0.5604 -5.1985 0.3619
0.7219 -5.1928 0.5821
0.4169 -5.1964 0.5294
0.5760 -5.1905 0.7570
0.2535 -5.1942 0.6673
0.3914 -5.1904 0.8940
0.1820 -5.1903 0.9812
0.0484 -5.1927 0.7776
-0.0906 -5.1964 0.6126
-0.2882 -5.1932 0.7538
-0.4339 -5.1956 0.6405
-0.4725 -5.1934 0.9212
-0.6411 -5.1964 0.8337
-0.6161 -5.1986 1.1543
-0.8026 -5.2028 1.0435
-0.9785 -5.2050 0.8900
-1.1240 -5.2170 1.0347
-0.9321 -5.2126 1.2084
-1.2889 -5.2213 0.8229
-1.4227 -5.2312 0.9217
-1.2432 -5.2282 1.1512
-1.5603 -5.2381 0.6611
-1.6880 -5.2486 0.7251
-1.5367 -5.2416 1.0044
-1.7919 -5.2548 0.4211
-1.8922 -5.2635 0.4535
-1.7901 -5.2578 0.7770
-1.9852 -5.2740 0.4846
-1.8758 -5.2686 0.8208
-2.0337 -5.2788 0.1301
-2.1058 -5.3100 0.1428
-2.0579 -5.3012 0.5097
-2.0884 -5.3146 -0.2227
-2.1404 -5.3689 -0.2187
-2.1620 -5.3627 0.1546
-2.0641 -5.3773 -0.5787
-2.0940 -5.4546 -0.5754
-2.1659 -5.4430 -0.2117
-1.9710 -5.4625 -0.9127
-1.9910 -5.5419 -0.9109
-2.1118 -5.5324 -0.5687
-1.8234 -5.5459 -1.2187
-1.8033 -5.4655 -1.2157
-1.6180 -5.5486 -1.4820
-1.6035 -5.4686 -1.4754
-1.3770 -5.4806 -1.6906
-1.3857 -5.5588 -1.7062
-1.1165 -5.4972 -1.8872
-1.1202 -5.5765 -1.9082
-0.8073 -5.5133 -2.0525
-0.8079 -5.5876 -2.0752
-0.4585 -5.5185 -2.1660
-0.4557 -5.5933 -2.1915
-0.0860 -5.5260 -2.2249
-0.0764 -5.5945 -2.2567
0.3175 -5.5302 -2.2165
0.3319 -5.5896 -2.2443
0.3015 -5.4659 -2.1833
0.6966 -5.4246 -2.1050
0.7255 -5.4914 -2.1270
0.6663 -5.3697 -2.0620
1.0313 -5.2997 -1.9047
1.0668 -5.3525 -1.9523
0.9864 -5.2694 -1.8405
1.2995 -5.2598 -1.5969
1.3609 -5.2793 -1.6643
1.5662 -5.2529 -1.3128
1.6425 -5.2656 -1.3759
1.7948 -5.2459 -1.0043
1.8815 -5.2581 -1.0521
1.6948 -5.2380 -0.9472
1.8515 -5.2358 -0.6120
1.9590 -5.2451 -0.6508
1.7231 -5.2264 -0.5687
1.9352 -5.2341 -0.2640
1.7987 -5.2248 -0.2431
1.6320 -5.2155 -0.2163
1.8203 -5.2224 0.0805
1.6454 -5.2123 0.0745
1.6105 -5.2096 0.3597
1.7829 -5.2188 0.3999
1.5302 -5.2074 0.6365
1.6927 -5.2185 0.7084
1.4018 -5.2075 0.9066
1.5434 -5.2189 1.0098
1.2279 -5.1995 0.7764
1.0686 -5.1984 0.9949
1.2129 -5.2070 1.1508
0.9019 -5.1930 0.8091
1.0222 -5.1941 0.5980
0.7266 -5.1925 0.9923
0.8599 -5.1980 1.1909
0.5131 -5.1920 1.1380
0.6147 -5.1973 1.3510
0.2717 -5.1918 1.2336
0.3371 -5.1977 1.4564
0.0572 -5.1993 1.5025
0.0751 -5.2119 1.6905
0.3884 -5.2082 1.6392
-0.2310 -5.2141 1.6770
-0.2200 -5.2012 1.4936
-0.5211 -5.2163 1.6148
-0.4743 -5.2049 1.4447
-0.7909 -5.2204 1.5049
-0.7129 -5.2079 1.3495
-1.0341 -5.2246 1.3506
-1.1200 -5.2349 1.4628
-0.8534 -5.2322 1.6361
-1.3437 -5.2389 1.2508
-1.4305 -5.2487 1.3371
-1.1893 -5.2434 1.5645
-1.6320 -5.2511 1.0733
-1.7140 -5.2627 1.1328
-1.5054 -5.2582 1.4112
-1.7830 -5.2819 1.1847
-1.5680 -5.2762 1.4748
-1.9460 -5.2911 0.8596
-1.9998 -5.3366 0.8911
-1.8324 -5.3280 1.2250
-2.1117 -5.3505 0.5303
-2.1393 -5.4178 0.5471
-2.0284 -5.4035 0.9132
-2.1890 -5.4365 0.1668
-2.2035 -5.5126 0.1791
-2.1526 -5.4939 0.5627
-2.1854 -5.5194 -0.2034
-2.2099 -5.5932 -0.1956
-2.2253 -5.5848 0.1924
-2.1397 -5.6047 -0.5655
-2.2016 -5.6547 -0.5729
-2.2665 -5.6457 -0.1926
-2.0802 -5.6647 -0.9325
-2.0197 -5.6150 -0.9144
-1.9054 -5.6651 -1.2574
-1.8522 -5.6171 -1.2294
-1.6941 -5.6687 -1.5407
-1.6455 -5.6200 -1.5010
-1.4083 -5.6300 -1.7377
-1.4523 -5.6721 -1.7952
-1.1394 -5.6416 -1.9528
-1.1736 -5.6801 -2.0193
-0.8201 -5.6439 -2.1238
-0.8409 -5.6795 -2.1967
-0.4596 -5.6462 -2.2483
-0.4668 -5.6808 -2.3227
-0.0693 -5.6412 -2.3163
-0.0631 -5.6759 -2.3906
0.3463 -5.6308 -2.3008
0.3613 -5.6666 -2.3656
0.7507 -5.6148 -2.1884
0.7748 -5.6490 -2.2507
0.7347 -5.5614 -2.1456
1.1243 -5.5747 -2.0060
1.1053 -5.5042 -1.9841
1.0910 -5.4250 -1.9765
1.4421 -5.3949 -1.7487
1.4586 -5.4768 -1.7587
1.4094 -5.3248 -1.7169
1.7028 -5.3048 -1.4239
1.7468 -5.3696 -1.4546
1.9474 -5.2947 -1.0879
1.9945 -5.3566 -1.1116
2.1279 -5.2882 -0.7097
2.1805 -5.3484 -0.7285
2.0568 -5.2557 -0.6845
2.2285 -5.2809 -0.3104
2.1475 -5.2519 -0.2967
2.0488 -5.2430 -0.2841
2.0785 -5.2409 0.0933
2.1827 -5.2528 0.0965
1.9622 -5.2319 0.0912
1.9242 -5.2282 0.4379
2.0485 -5.2389 0.4660
1.8263 -5.2300 0.7789
1.9411 -5.2413 0.8270
1.6651 -5.2304 1.0926
1.7719 -5.2421 1.1714
1.4396 -5.2284 1.3859
1.5302 -5.2408 1.4795
1.3357 -5.2174 1.2789
1.0751 -5.2158 1.5101
1.1549 -5.2253 1.6272
0.9744 -5.2061 1.3614
0.6969 -5.2054 1.5320
0.7663 -5.2169 1.6801
0.4337 -5.2202 1.7973
0.4721 -5.2315 1.9308
0.8266 -5.2292 1.8107
0.1042 -5.2349 1.9810
0.0944 -5.2244 1.8508
-0.2561 -5.2362 1.9631
-0.2441 -5.2256 1.8302
-0.5932 -5.2389 1.8854
-0.5597 -5.2284 1.7601
-0.9100 -5.2436 1.7488
-0.9556 -5.2540 1.8433
-0.6285 -5.2487 1.9890
-1.2533 -5.2542 1.6505
-1.3065 -5.2707 1.7245
-1.0005 -5.2661 1.9292
-1.3469 -5.3127 1.7805
-1.0329 -5.3079 1.9935
-1.6143 -5.3215 1.5232
-1.6404 -5.3930 1.5547
-1.3688 -5.3835 1.8148
-1.8594 -5.3970 1.2521
-1.8714 -5.4767 1.2701
-1.6529 -5.4748 1.5740
-2.0399 -5.4788 0.9289
-2.0554 -5.5554 0.9456
-1.8841 -5.5594 1.2887
-2.1700 -5.5709 0.5779
-2.2190 -5.6310 0.5999
-2.0984 -5.6185 0.9767
-2.2785 -5.6393 0.2052
-2.3510 -5.6751 0.2194
-2.2916 -5.6701 0.6292
-2.3413 -5.6815 -0.1915
-2.4239 -5.7164 -0.1894
-2.4311 -5.7110 0.2354
-2.3648 -5.7292 -0.5970
-2.2792 -5.6914 -0.5846
-2.2351 -5.7363 -0.9845
-2.1551 -5.6984 -0.9556
-2.0456 -5.7349 -1.3306
-1.9729 -5.6999 -1.2908
-1.8209 -5.7411 -1.6470
-1.7536 -5.7038 -1.5908
-1.5025 -5.7083 -1.8586
-1.5587 -5.7478 -1.9281
-1.2107 -5.7153 -2.0898
-1.2484 -5.7527 -2.1659
-0.8632 -5.7153 -2.2734
-0.8880 -5.7529 -2.3550
-0.4759 -5.7154 -2.4015
-0.4861 -5.7529 -2.4895
-0.0579 -5.7112 -2.4682
-0.0552 -5.7476 -2.5553
0.3784 -5.6991 -2.4392
0.3955 -5.7340 -2.5201
0.8331 -5.7181 -2.3968
0.8033 -5.6816 -2.3195
1.2415 -5.7007 -2.1930
1.1960 -5.6618 -2.1187
1.1567 -5.6244 -2.0543
1.5102 -5.6096 -1.8046
1.5590 -5.6475 -1.8596
1.4752 -5.5519 -1.7684
1.7818 -5.5300 -1.4709
1.8177 -5.5939 -1.4969
1.7676 -5.4513 -1.4643
2.0161 -5.4349 -1.1185
2.0304 -5.5151 -1.1215
2.2041 -5.4324 -0.7359
2.2160 -5.5147 -0.7364
2.3139 -5.4213 -0.3231
2.3274 -5.5036 -0.3232
2.2859 -5.3414 -0.3192
2.3219 -5.3450 0.1009
2.3500 -5.4242 0.1002
2.2674 -5.2827 0.0996
2.2360 -5.2891 0.5089
2.2897 -5.3560 0.5191
2.1523 -5.2551 0.4907
2.0438 -5.2571 0.8712
2.1247 -5.2940 0.9063
1.8619 -5.2575 1.2315
1.9308 -5.2989 1.2793
1.6062 -5.2589 1.5548
1.6674 -5.3001 1.6163
1.2889 -5.2558 1.8230
1.3394 -5.3046 1.8954
1.2258 -5.2382 1.7315
0.9226 -5.2578 2.0230
0.8763 -5.2412 1.9245
0.5271 -5.2607 2.1496
0.5009 -5.2437 2.0498
0.1207 -5.2611 2.2037
0.1130 -5.2458 2.0998
-0.2776 -5.2611 2.1725
-0.2667 -5.2462 2.0764
-0.6551 -5.2630 2.0803
-0.6760 -5.3027 2.1537
-0.2864 -5.2985 2.2508
-0.6881 -5.3730 2.1987
-0.2908 -5.3667 2.3004
-1.0511 -5.3771 2.0329
-1.0594 -5.4573 2.0552
-0.6933 -5.4544 2.2234
-1.3796 -5.4654 1.8353
-1.3898 -5.5471 1.8533
-1.0657 -5.5390 2.0743
-1.6647 -5.5558 1.5922
-1.6998 -5.6201 1.6311
-1.4158 -5.6147 1.8912
-1.9248 -5.6259 1.3240
-1.9878 -5.6640 1.3749
-1.7527 -5.6603 1.6853
-2.1627 -5.6621 1.0168
-2.2357 -5.6995 1.0629
-2.0562 -5.7008 1.4299
-2.3710 -5.7085 0.6582
-2.4512 -5.7478 0.6931
-2.3136 -5.7375 1.1109
-2.5196 -5.7507 0.2532
-2.6151 -5.7929 0.2741
-2.5365 -5.7874 0.7279
-2.6135 -5.8022 -0.1823
-2.5145 -5.7562 -0.1858
-2.5437 -5.8117 -0.6242
-2.4545 -5.7703 -0.6099
-2.4012 -5.8151 -1.0362
-2.3169 -5.7746 -1.0085
-2.1991 -5.8130 -1.4162
-2.1192 -5.7719 -1.3711
-1.8934 -5.7837 -1.7074
-1.9646 -5.8277 -1.7663
-1.6190 -5.7904 -2.0024
-1.6773 -5.8326 -2.0741
-1.2899 -5.7913 -2.2428
-1.3309 -5.8303 -2.3223
-0.9161 -5.7933 -2.4433
-0.9435 -5.8345 -2.5309
-0.4982 -5.7944 -2.5855
-0.5117 -5.8390 -2.6792
-0.0501 -5.7867 -2.6444
-0.0456 -5.8274 -2.7311
0.4137 -5.7740 -2.6039
0.4307 -5.8139 -2.6884
0.8636 -5.7569 -2.4779
0.8976 -5.7986 -2.5624
1.2935 -5.7444 -2.2783
1.3463 -5.7914 -2.3623
1.7472 -5.7731 -2.0694
1.6774 -5.7269 -1.9907
1.6121 -5.6852 -1.9192
1.9426 -5.6757 -1.5927
2.0242 -5.7210 -1.6572
1.8736 -5.6365 -1.5393
2.1278 -5.6289 -1.1697
2.2045 -5.6678 -1.2109
2.0668 -5.5827 -1.1381
2.2578 -5.5824 -0.7484
2.3282 -5.6240 -0.7719
2.3690 -5.5731 -0.3279
2.4398 -5.6172 -0.3391
2.4109 -5.5770 0.1028
2.4835 -5.6218 0.1051
2.3684 -5.5059 0.1009
2.3399 -5.5254 0.5311
2.3930 -5.5919 0.5437
2.3174 -5.4387 0.5233
2.2021 -5.4511 0.9403
2.2259 -5.5353 0.9524
2.1751 -5.3656 0.9278
1.9782 -5.3692 1.3105
2.0035 -5.4532 1.3276
1.7054 -5.3757 1.6553
1.7268 -5.4609 1.6766
1.3690 -5.3815 1.9399
1.3827 -5.4657 1.9606
0.9904 -5.4511 2.1674
0.9771 -5.3684 2.1436
0.9566 -5.2973 2.0980
0.5608 -5.3644 2.2742
0.5476 -5.2964 2.2269
0.1317 -5.3665 2.3288
0.1266 -5.3022 2.2787
0.1359 -5.4476 2.3526
0.5686 -5.4455 2.3002
-0.2906 -5.4490 2.3239
-0.2893 -5.5330 2.3443
0.1387 -5.5302 2.3746
-0.6953 -5.5375 2.2443
-0.7089 -5.6037 2.2923
-0.2946 -5.5980 2.4021
-1.0849 -5.6070 2.1161
-1.1198 -5.6458 2.1834
-0.7321 -5.6433 2.3666
-1.4630 -5.6523 1.9545
-1.5140 -5.6902 2.0221
-1.1604 -5.6817 2.2571
-1.8137 -5.6957 1.7467
-1.8821 -5.7366 1.8165
-1.5728 -5.7313 2.0973
-2.1253 -5.7397 1.4896
-2.1937 -5.7800 1.5504
-1.9509 -5.7824 1.8872
-2.3918 -5.7775 1.1604
-2.4655 -5.8154 1.2082
-2.2566 -5.8181 1.6086
-2.6198 -5.8269 0.7634
-2.7055 -5.8651 0.7980
-2.5380 -5.8511 1.2558
-2.7929 -5.8738 0.3129
-2.7061 -5.8373 0.2939
-2.7921 -5.8831 -0.1758
-2.7059 -5.8484 -0.1799
-2.7096 -5.8874 -0.6487
-2.6292 -5.8526 -0.6360
-2.5649 -5.8880 -1.0925
-2.4835 -5.8541 -1.0641
-2.3579 -5.8902 -1.5028
-2.2787 -5.8531 -1.4592
-2.0296 -5.8669 -1.8194
-2.0986 -5.8940 -1.8781
-1.7317 -5.8717 -2.1429
-1.7858 -5.8897 -2.2087
-1.3720 -5.8680 -2.4004
-1.4137 -5.8837 -2.4813
-0.9687 -5.8759 -2.6200
-0.9959 -5.8717 -2.7064
-0.5221 -5.8748 -2.7655
-0.5320 -5.8702 -2.8433
-0.0426 -5.8652 -2.8155
-0.0389 -5.8685 -2.8949
0.4489 -5.8521 -2.7730
0.4663 -5.8690 -2.8576
0.9309 -5.8387 -2.6439
0.9634 -5.8680 -2.7232
1.3967 -5.8361 -2.4442
1.4453 -5.8667 -2.5228
1.8162 -5.8229 -2.1470
1.8819 -5.8621 -2.2203
2.1839 -5.8151 -1.7848
2.2526 -5.8551 -1.8404
2.1068 -5.7694 -1.7247
2.3960 -5.7624 -1.3173
2.4891 -5.8118 -1.3690
2.2980 -5.7127 -1.2640
2.5891 -5.7474 -0.8616
2.4931 -5.7030 -0.8285
2.4066 -5.6621 -0.7997
2.5196 -5.6558 -0.3535
2.6074 -5.6966 -0.3669
2.5679 -5.6590 0.1075
2.6611 -5.6982 0.1107
2.5577 -5.6723 0.5785
2.6461 -5.7114 0.6003
2.4709 -5.6341 0.5598
2.3527 -5.6381 1.0065
2.4334 -5.6754 1.0408
2.2762 -5.6010 0.9736
2.0755 -5.5985 1.3793
2.1423 -5.6363 1.4262
2.0281 -5.5359 1.3454
1.7487 -5.5437 1.6984
1.7941 -5.6034 1.7431
1.4367 -5.5990 2.0361
1.4005 -5.5448 1.9837
1.0303 -5.5962 2.2483
1.0039 -5.5351 2.1908
0.5896 -5.5936 2.3678
0.5761 -5.5297 2.3187
0.1437 -5.5963 2.4273
0.1506 -5.6367 2.5062
0.6101 -5.6319 2.4452
-0.3040 -5.6418 2.4831
-0.3150 -5.6826 2.5686
0.1567 -5.6752 2.5924
-0.7593 -5.6825 2.4471
-0.7893 -5.7219 2.5377
-0.3270 -5.7234 2.6597
-1.2048 -5.7218 2.3380
-1.2513 -5.7637 2.4185
-0.8171 -5.7621 2.6238
-1.6310 -5.7731 2.1697
-1.2962 -5.8051 2.4971
-1.6884 -5.8148 2.2388
-2.0098 -5.8236 1.9488
-2.0635 -5.8541 2.0048
-1.7417 -5.8533 2.3019
-2.3175 -5.8546 1.6659
-2.3810 -5.8622 1.7268
-2.1164 -5.8589 2.0595
-2.6120 -5.8656 1.3052
-2.6665 -5.8027 1.3469
-2.4243 -5.8081 1.7747
-2.8428 -5.8049 0.8595
-2.7890 -5.8647 0.8329
-2.9291 -5.8134 0.3476
-2.8672 -5.8721 0.3310
-2.9325 -5.8159 -0.1687
-2.8723 -5.8777 -0.1726
-2.8511 -5.8246 -0.6679
-2.7872 -5.8829 -0.6606
-2.6970 -5.8122 -1.1353
-2.6434 -5.8785 -1.1192
-2.4787 -5.7884 -1.5682
-2.4321 -5.8714 -1.5444
-2.1661 -5.8531 -1.9351
-2.1906 -5.7562 -1.9534
-1.8471 -5.7554 -2.2846
-1.8300 -5.8445 -2.2632
-1.4459 -5.8296 -2.5428
-1.4527 -5.7412 -2.5598
-1.0109 -5.8105 -2.7591
-1.0105 -5.7249 -2.7703
-0.5364 -5.8145 -2.8919
-0.5338 -5.7323 -2.9072
-0.0353 -5.8194 -2.9511
-0.0300 -5.7360 -2.9663
0.4798 -5.8279 -2.9187
0.4883 -5.7452 -2.9378
0.9917 -5.8373 -2.7930
1.0053 -5.7537 -2.8175
1.4835 -5.8360 -2.5839
1.5015 -5.7510 -2.6056
1.9415 -5.8325 -2.2878
1.9617 -5.7419 -2.3067
2.3220 -5.8500 -1.8969
2.3596 -5.7604 -1.9249
2.6531 -5.8373 -1.4605
2.6852 -5.7561 -1.4761
2.5759 -5.8509 -1.4178
2.7813 -5.8439 -0.9264
2.8777 -5.8489 -0.9581
2.6875 -5.7952 -0.8948
2.9020 -5.8376 -0.4083
2.8047 -5.7904 -0.3943
2.7066 -5.7425 -0.3798
2.7622 -5.7448 0.1147
2.8588 -5.7934 0.1184
2.7345 -5.7519 0.6205
2.8172 -5.7954 0.6408
2.6001 -5.7543 1.1171
2.6812 -5.7957 1.1533
2.5155 -5.7135 1.0804
2.2886 -5.7106 1.5261
2.3656 -5.7504 1.5790
2.2141 -5.6729 1.4743
1.9178 -5.6768 1.8630
1.9819 -5.7129 1.9267
1.8539 -5.6416 1.8011
1.5311 -5.6756 2.1705
1.4805 -5.6378 2.1011
1.1023 -5.6745 2.4042
1.0647 -5.6378 2.3232
0.6311 -5.6696 2.5288
0.6551 -5.7110 2.6221
1.1402 -5.7137 2.4865
0.1623 -5.7161 2.6851
0.1678 -5.7571 2.7756
0.6780 -5.7546 2.7131
-0.3383 -5.7640 2.7457
-0.3501 -5.8022 2.8281
0.1725 -5.7974 2.8647
-0.8436 -5.8004 2.7023
-0.8691 -5.8368 2.7765
-0.3616 -5.8403 2.9116
-1.3375 -5.8391 2.5678
-0.8955 -5.8556 2.8536
-1.3799 -5.8517 2.6372
-1.7928 -5.8571 2.3604
-1.4140 -5.8098 2.6925
-1.8333 -5.8127 2.4027
-2.1580 -5.8124 2.1026
-1.8522 -5.7302 2.4153
-2.1696 -5.7322 2.1164
-2.4285 -5.7208 1.7973
-2.4318 -5.6211 1.8193
-2.1797 -5.6318 2.1290
-2.6827 -5.5909 1.3973
-2.6757 -5.7052 1.3702
-2.8704 -5.6021 0.8995
-2.8555 -5.7184 0.8770
-2.9650 -5.5968 0.3758
-2.9508 -5.7141 0.3611
-2.9706 -5.5913 -0.1500
-2.9588 -5.7149 -0.1605
-2.8897 -5.5856 -0.6574
-2.8766 -5.7107 -0.6642
-2.7303 -5.5785 -1.1342
-2.7161 -5.7067 -1.1362
-2.4904 -5.6762 -1.5703
-2.4974 -5.5501 -1.5690
-2.1985 -5.6483 -1.9574
-2.1990 -5.5326 -1.9547
-1.8477 -5.5273 -2.2875
-1.8506 -5.6492 -2.2896
-1.4533 -5.6442 -2.5663
-1.4496 -5.5355 -2.5665
-1.0085 -5.6318 -2.7781
-1.0035 -5.5281 -2.7782
-0.5289 -5.6365 -2.9127
-0.5228 -5.5302 -2.9134
-0.0241 -5.6433 -2.9712
-0.0178 -5.5387 -2.9728
0.4954 -5.6505 -2.9428
0.5016 -5.5458 -2.9417
1.0125 -5.6533 -2.8213
1.0178 -5.5374 -2.8174
1.5101 -5.6456 -2.6099
1.5125 -5.5364 -2.6033
1.9698 -5.6441 -2.3106
1.9716 -5.5356 -2.3056
2.3699 -5.6486 -1.9287
2.3690 -5.5275 -1.9226
2.6943 -5.6517 -1.4770
2.6965 -5.5362 -1.4738
2.9316 -5.6485 -0.9716
2.9280 -5.5295 -0.9673
2.9250 -5.7590 -0.9723
3.0625 -5.7700 -0.4296
3.0697 -5.6598 -0.4287
3.0067 -5.8498 -0.4228
3.0436 -5.8453 0.1262
3.0981 -5.7689 0.1290
2.9483 -5.8393 0.1225
2.8941 -5.8406 0.6595
2.9897 -5.8419 0.6812
2.7586 -5.8344 1.1883
2.8408 -5.8179 1.2237
2.5171 -5.8254 1.6821
2.5836 -5.8073 1.7263
2.4430 -5.7910 1.6316
2.1619 -5.8141 2.1016
2.1042 -5.7830 2.0454
2.0442 -5.7486 1.9872
1.6915 -5.7948 2.3927
1.6411 -5.7549 2.3222
1.5875 -5.7147 2.2480
1.1769 -5.7543 2.5642
1.2110 -5.7925 2.6365
0.6998 -5.7944 2.7973
0.7193 -5.8296 2.8738
1.2437 -5.8290 2.7061
0.1783 -5.8368 2.9525
0.7371 -5.8439 2.9484
0.1832 -5.8430 3.0328
-0.3743 -5.8453 3.0054
-0.3804 -5.7752 3.0553
0.1864 -5.7815 3.0865
-0.9166 -5.8043 2.9143
-0.9233 -5.7129 2.9346
-0.3811 -5.6836 3.0706
-1.4281 -5.7216 2.7103
-0.9286 -5.6087 2.9472
-1.4389 -5.6169 2.7200
-1.8686 -5.6301 2.4212
-1.4464 -5.4895 2.7184
-1.8840 -5.4918 2.4145
-2.1836 -5.4989 2.1321
-1.9083 -5.3205 2.3977
-2.1922 -5.3287 2.1308
-2.3701 -5.3114 1.8751
-2.4196 -5.4909 1.8407
-2.6292 -5.2721 1.4455
-2.6668 -5.4516 1.4203
-2.8304 -5.2636 0.9398
-2.8582 -5.4459 0.9197
-2.9350 -5.2642 0.4088
-2.9588 -5.4547 0.3910
-2.9433 -5.2709 -0.1198
-2.9616 -5.4501 -0.1367
-2.8715 -5.2694 -0.6302
-2.8863 -5.4495 -0.6461
-2.7100 -5.2512 -1.1072
-2.7244 -5.4347 -1.1233
-2.4889 -5.4068 -1.5581
-2.4765 -5.2199 -1.5439
-2.1838 -5.2219 -1.9353
-2.1921 -5.3922 -1.9456
-1.8308 -5.2314 -2.2696
-1.8402 -5.3895 -2.2796
-1.4287 -5.2317 -2.5467
-1.4409 -5.4064 -2.5586
-0.9940 -5.3957 -2.7684
-0.9833 -5.2415 -2.7569
-0.5141 -5.4061 -2.9038
-0.5037 -5.2496 -2.8898
-0.0109 -5.4175 -2.9619
-0.0017 -5.2572 -2.9423
0.5068 -5.4186 -2.9270
0.5129 -5.2475 -2.9067
1.0206 -5.4108 -2.8041
1.0233 -5.2395 -2.7848
1.5134 -5.4208 -2.5939
1.5132 -5.2528 -2.5768
1.9686 -5.4108 -2.2945
1.9642 -5.2324 -2.2784
2.3641 -5.4004 -1.9131
2.3556 -5.2403 -1.8989
2.6896 -5.4116 -1.4649
2.6762 -5.2456 -1.4519
2.9195 -5.4006 -0.9606
2.9055 -5.2307 -0.9516
3.0586 -5.4090 -0.4218
3.0415 -5.2277 -0.4162
3.0678 -5.5391 -0.4259
3.1049 -5.5432 0.1335
3.0953 -5.4075 0.1360
3.1044 -5.6629 0.1312
3.0457 -5.6473 0.6935
3.0416 -5.5334 0.6935
3.0382 -5.7519 0.6917
2.8758 -5.7330 1.2382
2.8821 -5.6345 1.2400
2.6133 -5.7268 1.7452
2.6180 -5.6232 1.7471
2.2551 -5.6222 2.1917
2.2518 -5.7307 2.1892
2.2184 -5.8071 2.1568
1.7908 -5.8036 2.5334
1.8086 -5.7236 2.5584
1.7432 -5.8327 2.4646
1.2770 -5.8378 2.7774
1.3012 -5.7767 2.8293
0.7523 -5.7902 3.0049
0.7589 -5.6854 3.0233
1.3087 -5.6734 2.8432
0.1885 -5.6811 3.0999
0.1909 -5.5644 3.1072
0.7637 -5.5585 3.0325
-0.3788 -5.5813 3.0810
-0.3741 -5.4610 3.0775
0.1945 -5.4338 3.1013
-0.9314 -5.4830 2.9506
-0.9327 -5.3137 2.9425
-0.3700 -5.3015 3.0565
-1.4540 -5.3160 2.7045
-0.9292 -5.0472 2.8954
-1.4663 -5.0483 2.6677
-1.9482 -5.0584 2.3182
-1.8878 -4.7599 2.3202
-1.4555 -4.7561 2.6216
-2.1912 -4.7659 2.0665
-2.1715 -5.0541 2.1045
-2.3407 -5.0566 1.8942
-2.3394 -4.7688 1.8658
-2.5334 -4.7656 1.5038
-2.5750 -5.0315 1.4586
-2.7668 -4.7657 0.9979
-2.7960 -5.0250 0.9672
-2.8884 -4.7687 0.4528
-2.9112 -5.0223 0.4311
-2.9122 -4.7761 -0.0811
-2.9274 -5.0349 -0.1002
-2.8394 -4.7802 -0.5947
-2.8563 -5.0377 -0.6124
-2.6865 -4.7853 -1.0779
-2.6980 -5.0283 -1.0920
-2.4582 -4.7990 -1.5205
-2.4673 -5.0156 -1.5319
-2.1644 -4.8005 -1.9140
-2.1750 -5.0332 -1.9249
-1.8101 -4.8084 -2.2503
-1.8198 -5.0354 -2.2586
-1.4165 -5.0306 -2.5351
-1.4063 -4.8029 -2.5273
-0.9707 -5.0429 -2.7432
-0.9594 -4.8064 -2.7336
-0.4923 -5.0528 -2.8755
-0.4817 -4.7997 -2.8674
0.0082 -5.0456 -2.9268
0.0178 -4.7909 -2.9121
0.5200 -5.0284 -2.8883
0.5275 -4.7776 -2.8720
1.0273 -5.0198 -2.7642
1.0319 -4.7729 -2.7469
1.5114 -5.0201 -2.5526
1.5133 -4.7653 -2.5360
1.9590 -5.0121 -2.2591
1.9543 -4.7701 -2.2403
2.3480 -5.0212 -1.8836
2.3403 -4.7684 -1.8680
2.6656 -5.0233 -1.4407
2.6557 -4.7662 -1.4294
2.8914 -5.0229 -0.9431
2.8777 -4.7716 -0.9349
3.0261 -5.0098 -0.4113
3.0113 -4.7624 -0.4071
3.0583 -5.0058 0.1387
3.0428 -4.7615 0.1389
3.0758 -5.2284 0.1377
2.9920 -5.0134 0.6854
3.0112 -5.2400 0.6893
3.0305 -5.4087 0.6924
2.8660 -5.3934 1.2320
2.8482 -5.2358 1.2238
2.8790 -5.5212 1.2378
2.6179 -5.5105 1.7455
2.6054 -5.3839 1.7357
2.2553 -5.5066 2.1910
2.2456 -5.3717 2.1811
1.8054 -5.3830 2.5511
1.8152 -5.5166 2.5655
1.8130 -5.6276 2.5629
1.3115 -5.5515 2.8461
1.3086 -5.4093 2.8345
0.7636 -5.4127 3.0190
0.7606 -5.2360 2.9938
1.2993 -5.2252 2.8090
0.1978 -5.2651 3.0774
0.1958 -5.0276 3.0401
0.7578 -5.0147 2.9697
-0.3740 -5.0445 3.0433
-0.3729 -4.7616 3.0040
0.1959 -4.7666 3.0230
-0.9257 -4.7584 2.8556
-0.3715 -4.4691 2.9968
-0.9334 -4.4644 2.8683
-1.4397 -4.4621 2.5921
-0.9191 -4.1683 2.8513
-1.4403 -4.1673 2.5767
-1.8609 -4.1667 2.2862
-1.8971 -4.4620 2.2895
-2.1893 -4.1673 2.0304
-2.1976 -4.4663 2.0449
-2.3241 -4.4715 1.8660
-2.3116 -4.1716 1.8446
-2.4503 -4.1762 1.5880
-2.4842 -4.4762 1.5629
-2.7135 -4.1862 1.0512
-2.7373 -4.4831 1.0275
-2.8542 -4.1947 0.4912
-2.8696 -4.4920 0.4741
-2.8836 -4.2007 -0.0503
-2.8961 -4.4934 -0.0635
-2.8191 -4.2075 -0.5697
-2.8276 -4.4978 -0.5801
-2.6684 -4.2192 -1.0565
-2.6776 -4.5109 -1.0667
-2.4462 -4.2323 -1.5035
-2.4487 -4.5276 -1.5091
-2.1491 -4.2414 -1.9002
-2.1586 -4.5379 -1.9082
-1.8035 -4.5344 -2.2470
-1.7986 -4.2412 -2.2460
-1.3989 -4.5300 -2.5245
-1.3921 -4.2371 -2.5222
-0.9514 -4.5239 -2.7325
-0.9431 -4.2282 -2.7277
-0.4719 -4.5140 -2.8616
-0.4632 -4.2182 -2.8575
0.0277 -4.5034 -2.9079
0.0373 -4.2102 -2.8917
0.5353 -4.5007 -2.8574
0.5441 -4.2082 -2.8511
1.0372 -4.4967 -2.7320
1.0435 -4.2056 -2.7216
1.5167 -4.4913 -2.5229
1.5198 -4.2021 -2.5108
1.9535 -4.4938 -2.2266
1.9549 -4.2012 -2.2164
2.3367 -4.4906 -1.8564
2.3343 -4.1998 -1.8465
2.6482 -4.4922 -1.4196
2.6421 -4.2018 -1.4113
2.8703 -4.4926 -0.9293
2.8645 -4.2024 -0.9248
2.9966 -4.4906 -0.4035
2.9892 -4.2007 -0.4017
3.0183 -4.2024 0.1369
3.0290 -4.4912 0.1381
2.9517 -4.2005 0.6723
2.9640 -4.4924 0.6772
2.9772 -4.7665 0.6817
2.7979 -4.4865 1.1958
2.8118 -4.7649 1.2045
2.8288 -5.0223 1.2142
2.5681 -5.0127 1.7062
2.5522 -4.7613 1.6922
2.5864 -5.2307 1.7211
2.2298 -5.2003 2.1638
2.2138 -5.0028 2.1452
1.7810 -5.0048 2.5080
1.7922 -5.2214 2.5298
1.2927 -5.0105 2.7869
1.2868 -4.7615 2.7642
1.7724 -4.7651 2.4884
0.7558 -4.7669 2.9462
0.7567 -4.4838 2.9295
1.2832 -4.4871 2.7448
0.1989 -4.4773 3.0084
0.2058 -4.1814 2.9992
0.7594 -4.1886 2.9145
-0.3619 -4.1734 2.9948
-0.3471 -3.8762 2.9868
0.2155 -3.8829 2.9876
-0.9082 -3.8731 2.8560
-0.8510 -3.2765 2.8560
-0.3080 -3.2770 2.9702
-1.4249 -3.8732 2.5751
-1.3426 -3.2782 2.6041
-1.8490 -3.8710 2.2794
-1.7653 -3.2757 2.3213
-2.1695 -3.8697 2.0229
-2.0758 -3.2743 2.0604
-2.2947 -3.8727 1.8380
-2.2617 -3.2811 1.8403
-2.4434 -3.8776 1.5635
-2.4386 -3.2951 1.5426
-2.6946 -3.8889 1.0598
-2.6904 -3.3012 1.0347
-2.8527 -3.8976 0.5003
-2.8340 -3.3047 0.4922
-2.8748 -3.9058 -0.0419
-2.8733 -3.3128 -0.0409
-2.8158 -3.9138 -0.5628
-2.8182 -3.3201 -0.5578
-2.6719 -3.9220 -1.0531
-2.6648 -3.3253 -1.0444
-2.4408 -3.9316 -1.4984
-2.4368 -3.3312 -1.4950
-2.1445 -3.9392 -1.8969
-2.1450 -3.3356 -1.9010
-1.7940 -3.9409 -2.2442
-1.7914 -3.3358 -2.2469
-1.3863 -3.9371 -2.5197
-1.3810 -3.3322 -2.5213
-0.9367 -3.9287 -2.7257
-0.9275 -3.3255 -2.7232
-0.4534 -3.9195 -2.8412
-0.4412 -3.3193 -2.8420
0.0466 -3.9134 -2.8904
0.0615 -3.3154 -2.8851
0.5532 -3.9114 -2.8490
0.5672 -3.3136 -2.8370
1.0500 -3.9094 -2.7152
1.0635 -3.3123 -2.7094
1.5235 -3.9068 -2.5015
1.5343 -3.3098 -2.4951
1.9569 -3.9051 -2.2080
1.9623 -3.3077 -2.1976
2.3332 -3.9046 -1.8385
2.3361 -3.3064 -1.8310
2.6388 -3.9053 -1.4053
2.6374 -3.3058 -1.3990
2.8594 -3.9060 -0.9211
2.8522 -3.3052 -0.9164
2.9827 -3.9041 -0.4005
2.9730 -3.3030 -0.4001
3.0115 -3.9032 0.1350
3.0014 -3.2995 0.1309
2.9439 -3.9010 0.6680
2.9332 -3.2955 0.6595
2.7791 -3.8952 1.1810
2.7689 -3.2908 1.1684
2.7871 -4.1940 1.1880
2.5229 -3.8909 1.6592
2.5305 -4.1895 1.6694
2.5403 -4.4820 1.6804
2.1851 -4.1898 2.0974
2.1916 -4.4853 2.1111
2.2010 -4.7692 2.1275
1.7669 -4.4914 2.4709
1.7639 -4.1928 2.4553
1.2837 -4.1922 2.7302
1.2865 -3.8911 2.7180
1.7635 -3.8909 2.4428
0.7649 -3.8886 2.9031
0.7843 -3.2857 2.8849
1.2985 -3.2873 2.6987
0.2420 -3.2827 2.9714
-0.2591 -2.6744 2.9541
0.2794 -2.6805 2.9561
-0.7844 -2.6731 2.8496
-1.2724 -2.6752 2.6460
-1.6948 -2.6729 2.3736
-2.0337 -2.6722 2.0851
-2.2717 -2.6847 1.7908
-2.5019 -2.7019 1.4509
-2.7005 -2.7062 0.9769
-2.8273 -2.7093 0.4662
-2.8694 -2.7154 -0.0526
-2.8094 -2.7218 -0.5617
-2.6646 -2.7266 -1.0485
-2.4374 -2.7312 -1.4993
-2.1530 -2.7322 -1.9106
-1.7889 -2.7293 -2.2471
-1.3775 -2.7265 -2.5228
-0.9222 -2.7227 -2.7256
-0.4330 -2.7184 -2.8428
0.0712 -2.7156 -2.8828
0.5778 -2.7141 -2.8351
1.0727 -2.7128 -2.7051
1.5409 -2.7103 -2.4883
1.9666 -2.7075 -2.1916
2.3366 -2.7052 -1.8247
2.6374 -2.7035 -1.3961
2.8482 -2.7017 -0.9146
2.9693 -2.6985 -0.4019
2.9948 -2.6941 0.1255
2.9263 -2.6892 0.6511
2.7638 -2.6850 1.1575
2.5142 -3.2871 1.6423
2.5123 -2.6818 1.6285
2.1790 -3.2856 2.0670
2.1816 -3.8897 2.0865
1.7670 -3.2864 2.4201
1.3157 -2.6833 2.6802
1.7760 -2.6817 2.4019
0.8096 -2.6828 2.8646
0.3151 -2.0762 2.9446
0.8351 -2.0780 2.8454
-0.2132 -2.0723 2.9437
-0.7316 -2.0702 2.8514
-1.2151 -2.0709 2.6731
-1.6418 -2.0719 2.4202
-1.9964 -2.0755 2.1136
-2.2937 -2.0855 1.7769
-2.5289 -2.0983 1.3831
-2.7100 -2.1061 0.9307
-2.8309 -2.1110 0.4393
-2.8712 -2.1157 -0.0684
-2.8170 -2.1222 -0.5724
-2.6610 -2.1270 -1.0547
-2.4364 -2.1285 -1.5044
-2.1508 -2.1262 -1.9099
-1.7902 -2.1238 -2.2517
-1.3769 -2.1222 -2.5303
-0.9192 -2.1202 -2.7325
-0.4275 -2.1173 -2.8454
0.0778 -2.1149 -2.8839
0.5843 -2.1137 -2.8358
1.0782 -2.1124 -2.7035
1.5439 -2.1098 -2.4836
1.9684 -2.1061 -2.1876
2.3348 -2.1027 -1.8202
2.6342 -2.1002 -1.3935
2.8455 -2.0974 -0.9152
2.9645 -2.0933 -0.4050
2.9902 -2.0884 0.1195
2.9201 -2.0835 0.6420
2.7597 -2.0793 1.1460
2.5126 -2.0760 1.6150
2.1812 -2.6805 2.0495
2.1833 -2.0750 2.0320
1.7854 -2.0764 2.3841
1.3334 -2.0783 2.6633
0.8602 -1.4732 2.8396
1.3469 -1.4720 2.6455
0.3427 -1.4726 2.9334
-0.1801 -1.4708 2.9403
-0.6924 -1.4695 2.8534
-1.1733 -1.4693 2.6846
-1.6059 -1.4716 2.4386
-1.9769 -1.4779 2.1265
-2.2921 -1.4868 1.7688
-2.5388 -1.4976 1.3592
-2.7228 -1.5062 0.9071
-2.8343 -1.5114 0.4209
-2.8640 -1.5150 -0.0812
-2.8103 -1.5207 -0.5810
-2.6696 -1.5256 -1.0613
-2.4384 -1.5242 -1.5056
-2.1524 -1.5203 -1.9148
-1.7898 -1.5189 -2.2571
-1.3762 -1.5179 -2.5364
-0.9175 -1.5172 -2.7376
-0.4247 -1.5162 -2.8496
0.0818 -1.5137 -2.8872
0.5887 -1.5123 -2.8385
1.0828 -1.5113 -2.7073
1.5461 -1.5086 -2.4851
1.9708 -1.5041 -2.1910
2.3365 -1.5001 -1.8223
2.6341 -1.4967 -1.3948
2.8463 -1.4927 -0.9188
2.9667 -1.4879 -0.4107
2.9912 -1.4827 0.1128
2.9203 -1.4779 0.6334
2.7623 -1.4737 1.1359
2.5134 -1.4705 1.6016
2.1895 -1.4694 2.0205
1.7955 -1.4701 2.3714
1.3603 -0.8649 2.6381
1.8020 -0.8638 2.3584
0.8758 -0.8685 2.8316
0.3638 -0.8698 2.9348
-0.1561 -0.8692 2.9402
-0.6654 -0.8686 2.8629
-1.1450 -0.8685 2.6939
-1.5841 -0.8720 2.4500
-1.9665 -0.8791 2.1361
-2.2907 -0.8882 1.7686
-2.5482 -0.8978 1.3525
-2.7343 -0.9060 0.8965
-2.8462 -0.9116 0.4115
-2.8800 -0.9146 -0.0896
-2.8226 -0.9174 -0.5883
-2.6807 -0.9213 -1.0679
-2.4537 -0.9218 -1.5139
-2.1540 -0.9169 -1.9167
-1.7928 -0.9145 -2.2652
-1.3789 -0.9135 -2.5483
-0.9166 -0.9143 -2.7475
-0.4235 -0.9149 -2.8599
0.0839 -0.9122 -2.8947
0.5917 -0.9104 -2.8477
1.0858 -0.9091 -2.7157
1.5498 -0.9066 -2.4959
1.9705 -0.9023 -2.1955
2.3355 -0.8980 -1.8258
2.6376 -0.8933 -1.4020
2.8457 -0.8878 -0.9248
2.9656 -0.8824 -0.4176
2.9897 -0.8771 0.1048
2.9214 -0.8723 0.6244
2.7625 -0.8683 1.1251
2.5161 -0.8658 1.5902
2.1937 -0.8645 2.0078
1.8105 -0.2590 2.3482
2.2020 -0.2600 1.9985
1.3653 -0.2592 2.6246
0.8865 -0.2635 2.8277
0.3776 -0.2665 2.9253
-0.1379 -0.2668 2.9380
-0.6450 -0.2666 2.8637
-1.1267 -0.2682 2.6998
-1.5700 -0.2728 2.4569
-1.9616 -0.2800 2.1444
-2.2982 -0.2890 1.7777
-2.5564 -0.2979 1.3540
-2.7408 -0.3052 0.8935
-2.8610 -0.3106 0.4105
-2.8838 -0.3137 -0.0901
-2.8270 -0.3154 -0.5915
-2.6855 -0.3173 -1.0740
-2.4624 -0.3180 -1.5224
-2.1599 -0.3152 -1.9243
-1.7967 -0.3116 -2.2747
-1.3763 -0.3101 -2.5531
-0.9137 -0.3111 -2.7537
-0.4233 -0.3121 -2.8721
0.0833 -0.3099 -2.9014
0.5917 -0.3077 -2.8580
1.0857 -0.3063 -2.7237
1.5507 -0.3041 -2.5048
1.9702 -0.3005 -2.2026
2.3340 -0.2956 -1.8327
2.6343 -0.2895 -1.4089
2.8413 -0.2832 -0.9323
2.9639 -0.2774 -0.4259
2.9828 -0.2720 0.0955
2.9189 -0.2670 0.6145
2.7627 -0.2631 1.1147
2.5179 -0.2612 1.5788
2.2053 0.3442 1.9854
2.5205 0.3435 1.5674
1.8163 0.3441 2.3363
1.3714 0.3435 2.6142
0.8905 0.3413 2.8162
0.3868 0.3379 2.9227
-0.1254 0.3366 2.9385
-0.6318 0.3354 2.8674
-1.1144 0.3324 2.7017
-1.5604 0.3270 2.4612
-1.9555 0.3198 2.1481
-2.2936 0.3114 1.7785
-2.5580 0.3034 1.3552
-2.7574 0.2970 0.8977
-2.8584 0.2919 0.4085
-2.8887 0.2862 -0.0926
-2.8291 0.2846 -0.5933
-2.6852 0.2842 -1.0773
-2.4613 0.2849 -1.5275
-2.1678 0.2868 -1.9354
-1.7956 0.2904 -2.2756
-1.3759 0.2930 -2.5577
-0.9155 0.2933 -2.7651
-0.4248 0.2929 -2.8812
0.0794 0.2939 -2.9073
0.5883 0.2951 -2.8618
1.0845 0.2963 -2.7324
1.5510 0.2985 -2.5139
1.9718 0.3018 -2.2135
2.3375 0.3071 -1.8464
2.6309 0.3141 -1.4182
2.8433 0.3210 -0.9433
2.9609 0.3273 -0.4358
2.9854 0.3329 0.0851
2.9170 0.3380 0.6032
2.7617 0.3417 1.1028
2.5248 0.9481 1.5570
2.7627 0.9464 1.0910
2.2077 0.9480 1.9725
1.8226 0.9461 2.3265
1.3800 0.9442 2.6069
0.8976 0.9438 2.8079
0.3951 0.9431 2.9201
-0.1174 0.9411 2.9364
-0.6245 0.9377 2.8673
-1.1094 0.9335 2.7065
-1.5576 0.9279 2.4660
-1.9571 0.9204 2.1554
-2.2939 0.9127 1.7812
-2.5648 0.9052 1.3592
-2.7548 0.8990 0.8952
-2.8674 0.8927 0.4046
-2.9027 0.8867 -0.0980
-2.8413 0.8842 -0.5994
-2.7023 0.8847 -1.0857
-2.4730 0.8871 -1.5336
-2.1748 0.8902 -1.9390
-1.8100 0.8925 -2.2880
-1.3857 0.8953 -2.5652
-0.9223 0.8974 -2.7730
-0.4301 0.8990 -2.8914
0.0762 0.8984 -2.9178
0.5864 0.8972 -2.8767
1.0833 0.8983 -2.7441
1.5507 0.9006 -2.5245
1.9724 0.9048 -2.2248
2.3392 0.9107 -1.8590
2.6325 0.9180 -1.4305
2.8448 0.9254 -0.9552
2.9624 0.9323 -0.4474
2.9872 0.9380 0.0736
2.9207 0.9429 0.5921
2.7663 1.5513 1.0805
2.9240 1.5482 0.5812
2.5289 1.5528 1.5472
2.2134 1.5517 1.9646
1.8294 1.5481 2.3190
1.3902 1.5447 2.6013
0.9110 1.5452 2.8058
0.4055 1.5460 2.9132
-0.1100 1.5437 2.9340
-0.6199 1.5396 2.8697
-1.1066 1.5349 2.7088
-1.5586 1.5289 2.4700
-1.9626 1.5220 2.1609
-2.3048 1.5148 1.7876
-2.5756 1.5075 1.3625
-2.7659 1.5002 0.8957
-2.8803 1.4935 0.4037
-2.9181 1.4878 -0.1000
-2.8576 1.4850 -0.6016
-2.7141 1.4873 -1.0861
-2.4916 1.4908 -1.5393
-2.1890 1.4933 -1.9444
-1.8231 1.4959 -2.2948
-1.3987 1.4974 -2.5734
-0.9343 1.5003 -2.7802
-0.4376 1.5026 -2.8954
0.0738 1.5007 -2.9276
0.5851 1.4994 -2.8827
1.0826 1.5002 -2.7546
1.5515 1.5028 -2.5388
1.9731 1.5080 -2.2383
2.3388 1.5148 -1.8707
2.6349 1.5226 -1.4439
2.8442 1.5304 -0.9672
2.9628 1.5377 -0.4593
2.9904 1.5435 0.0623
2.9304 2.1545 0.5713
2.9947 2.1499 0.0514
2.7726 2.1569 1.0716
2.5359 2.1576 1.5402
2.2206 2.1555 1.9601
1.8418 2.1508 2.3225
1.4024 2.1469 2.6036
0.9238 2.1456 2.8060
0.4158 2.1454 2.9170
-0.1028 2.1431 2.9399
-0.6163 2.1397 2.8722
-1.1074 2.1349 2.7147
-1.5640 2.1294 2.4788
-1.9711 2.1235 2.1682
-2.3141 2.1174 1.7912
-2.5908 2.1109 1.3651
-2.7871 2.1032 0.8984
-2.8991 2.0962 0.4049
-2.9362 2.0906 -0.0998
-2.8809 2.0880 -0.6022
-2.7300 2.0900 -1.0842
-2.5058 2.0934 -1.5394
-2.2013 2.0962 -1.9469
-1.8316 2.0988 -2.2948
-1.4081 2.1007 -2.5753
-0.9435 2.1025 -2.7833
-0.4446 2.1022 -2.9024
0.0688 2.1008 -2.9401
0.5819 2.1006 -2.8986
1.0820 2.1019 -2.7732
1.5508 2.1052 -2.5550
1.9721 2.1112 -2.2524
2.3420 2.1191 -1.8867
2.6369 2.1280 -1.4576
2.8477 2.1362 -0.9804
2.9680 2.1436 -0.4716
3.0055 2.7576 0.0412
2.9790 2.7508 -0.4838
2.9393 2.7624 0.5630
2.7853 2.7642 1.0661
2.5457 2.7634 1.5352
2.2295 2.7592 1.9572
1.8498 2.7535 2.3215
1.4124 2.7488 2.6092
0.9292 2.7449 2.8054
0.4217 2.7425 2.9229
-0.0997 2.7406 2.9456
-0.6170 2.7377 2.8814
-1.1105 2.7345 2.7227
-1.5702 2.7301 2.4878
-1.9783 2.7252 2.1742
-2.3274 2.7202 1.7989
-2.6036 2.7151 1.3688
-2.8038 2.7087 0.9007
-2.9204 2.7014 0.4064
-2.9563 2.6952 -0.1001
-2.9009 2.6924 -0.6036
-2.7506 2.6930 -1.0886
-2.5234 2.6950 -1.5445
-2.2188 2.6988 -1.9539
-1.8493 2.7022 -2.3041
-1.4237 2.7036 -2.5868
-0.9538 2.7031 -2.7922
-0.4552 2.7010 -2.9202
0.0593 2.6996 -2.9592
0.5748 2.6998 -2.9185
1.0769 2.7023 -2.7880
1.5499 2.7067 -2.5733
1.9751 2.7136 -2.2730
2.3447 2.7231 -1.9035
2.6421 2.7337 -1.4727
2.8547 2.7428 -0.9936
2.8666 3.3492 -1.0079
2.9895 3.3585 -0.4944
3.0200 3.3668 0.0329
2.9529 3.3729 0.5569
2.8009 3.3750 1.0628
2.5594 3.3713 1.5328
2.2427 3.3631 1.9578
1.8597 3.3543 2.3224
1.4184 3.3469 2.6108
0.9351 3.3409 2.8162
0.4255 3.3372 2.9334
-0.0994 3.3349 2.9561
-0.6207 3.3342 2.8952
-1.1175 3.3340 2.7355
-1.5805 3.3314 2.5001
-1.9926 3.3276 2.1872
-2.3443 3.3237 1.8102
-2.6216 3.3204 1.3771
-2.8248 3.3159 0.9058
-2.9447 3.3084 0.4081
-2.9847 3.2998 -0.1019
-2.9269 3.2950 -0.6098
-2.7752 3.2946 -1.0983
-2.5519 3.2973 -1.5576
-2.2461 3.3030 -1.9678
-1.8704 3.3069 -2.3177
-1.4426 3.3075 -2.6038
-0.9707 3.3039 -2.8111
-0.4697 3.2986 -2.9372
0.0469 3.2955 -2.9765
0.5652 3.2955 -2.9372
1.0705 3.2991 -2.8092
1.5470 3.3053 -2.5940
1.9776 3.3138 -2.2943
2.3498 3.3257 -1.9227
2.6501 3.3383 -1.4895
2.6604 3.9343 -1.5074
2.8773 3.9481 -1.0215
3.0022 3.9580 -0.5047
3.0337 3.9690 0.0254
2.9685 3.9789 0.5524
2.8188 3.9808 1.0619
2.5756 3.9749 1.5347
2.2578 3.9617 1.9624
1.8721 3.9477 2.3291
1.4277 3.9377 2.6212
0.9390 3.9298 2.8265
0.4238 3.9259 2.9448
-0.1025 3.9262 2.9691
-0.6255 3.9291 2.9091
-1.1258 3.9328 2.7507
-1.5921 3.9309 2.5137
-2.0097 3.9274 2.2024
-2.3606 3.9254 1.8209
-2.6416 3.9248 1.3859
-2.8456 3.9247 0.9106
-2.9677 3.9182 0.4094
-3.0107 3.9016 -0.1036
-2.9504 3.8931 -0.6142
-2.8008 3.8927 -1.1052
-2.5690 3.8992 -1.5622
-2.2648 3.9089 -1.9768
-1.8908 3.9128 -2.3329
-1.4634 3.9133 -2.6229
-0.9888 3.9048 -2.8292
-0.4860 3.8903 -2.9570
0.0330 3.8835 -3.0013
0.5546 3.8850 -2.9625
1.0646 3.8893 -2.8381
1.5436 3.8958 -2.6180
1.9799 3.9069 -2.3184
2.3574 3.9195 -1.9450
2.3623 4.2073 -1.9578
2.6674 4.2215 -1.5175
2.8885 4.2343 -1.0302
3.0143 4.2432 -0.5106
3.0451 4.2549 0.0220
2.9785 4.2664 0.5513
2.8279 4.2664 1.0628
2.5843 4.2600 1.5376
2.2668 4.2501 1.9678
1.8800 4.2349 2.3362
1.4321 4.2284 2.6269
0.9410 4.2193 2.8339
0.4230 4.2162 2.9513
-0.1046 4.2207 2.9812
-0.6285 4.2243 2.9167
-1.1304 4.2276 2.7589
-1.5987 4.2251 2.5217
-2.0177 4.2203 2.2089
-2.3719 4.2219 1.8275
-2.6538 4.2234 1.3909
-2.8613 4.2225 0.9142
-2.9844 4.2171 0.4107
-3.0248 4.1981 -0.1044
-2.9639 4.1884 -0.6159
-2.8138 4.1881 -1.1079
-2.5832 4.1956 -1.5682
-2.2783 4.2102 -1.9853
-1.9033 4.2115 -2.3427
-1.4744 4.2091 -2.6329
-0.9994 4.1975 -2.8416
-0.4949 4.1792 -2.9695
0.0254 4.1717 -3.0152
0.5484 4.1768 -2.9763
1.0610 4.1799 -2.8521
1.5439 4.1831 -2.6346
1.9828 4.1955 -2.3337
1.9848 4.4714 -2.3481
1.5435 4.4582 -2.6503
2.3670 4.4799 -1.9703
2.3733 4.7291 -1.9838
1.9876 4.7198 -2.3630
2.6834 4.7285 -1.5388
2.6749 4.4933 -1.5279
2.8983 4.5010 -1.0380
2.9071 4.7430 -1.0452
3.0336 4.7464 -0.5205
3.0259 4.5104 -0.5162
3.0558 4.5210 0.0192
3.0653 4.7589 0.0169
2.9966 4.7404 0.5516
2.9878 4.5204 0.5510
2.8422 4.7363 1.0661
2.8353 4.5139 1.0642
2.5927 4.5162 1.5414
2.6012 4.7392 1.5462
2.2743 4.5149 1.9730
2.2798 4.7477 1.9778
1.8862 4.5095 2.3420
1.8919 4.7565 2.3488
1.4371 4.5148 2.6355
1.4415 4.7843 2.6438
0.9448 4.7828 2.8542
0.9432 4.5045 2.8440
0.4245 4.7764 2.9716
0.4234 4.5012 2.9610
-0.1063 4.5119 2.9900
-0.1069 4.7743 3.0020
-0.6324 4.5125 2.9273
-0.6365 4.7744 2.9406
-1.1396 4.7631 2.7784
-1.1348 4.5130 2.7675
-1.6138 4.7533 2.5413
-1.6065 4.5062 2.5315
-2.0379 4.7503 2.2264
-2.0277 4.5006 2.2174
-2.3827 4.5029 1.8337
-2.3955 4.7492 1.8416
-2.6682 4.5093 1.3967
-2.6808 4.7439 1.4019
-2.8904 4.7413 0.9206
-2.8767 4.4978 0.9176
-2.9992 4.4994 0.4116
-3.0162 4.7414 0.4130
-3.0441 4.4841 -0.1052
-3.0614 4.7535 -0.1063
-2.9831 4.4782 -0.6193
-3.0023 4.7611 -0.6232
-2.8476 4.7573 -1.1187
-2.8324 4.4776 -1.1137
-2.6005 4.4863 -1.5762
-2.6162 4.7623 -1.5825
-2.3070 4.7551 -2.0020
-2.2937 4.4955 -1.9946
-1.9286 4.7306 -2.3625
-1.9166 4.4932 -2.3531
-1.4957 4.7275 -2.6531
-1.4851 4.4851 -2.6428
-1.0204 4.7224 -2.8665
-1.0101 4.4736 -2.8545
-0.5137 4.7210 -2.9974
-0.5044 4.4583 -2.9839
0.0088 4.7202 -3.0426
0.0172 4.4522 -3.0281
0.5362 4.7134 -3.0093
0.5423 4.4570 -2.9933
1.0542 4.7145 -2.8838
1.0571 4.4588 -2.8669
1.5426 4.7147 -2.6654
1.5418 4.9419 -2.6800
1.0510 4.9424 -2.8984
1.9902 4.9337 -2.3767
1.9930 5.1142 -2.3894
1.5423 5.1327 -2.6953
2.3839 5.1230 -2.0072
2.3790 4.9418 -1.9961
2.6982 5.1188 -1.5578
2.6911 4.9392 -1.5486
2.9172 4.9590 -1.0524
2.9251 5.1348 -1.0584
3.0547 5.1407 -0.5290
3.0443 4.9611 -0.5251
3.0837 5.1153 0.0142
3.0746 4.9473 0.0154
3.0164 5.1086 0.5555
3.0071 4.9360 0.5533
2.8597 5.1084 1.0741
2.8518 4.9312 1.0702
2.6079 4.9324 1.5509
2.6140 5.1080 1.5558
2.2870 4.9537 1.9855
2.2927 5.1403 1.9932
1.8960 4.9826 2.3548
1.9010 5.1726 2.3639
1.4452 5.0051 2.6512
1.4470 5.1894 2.6563
0.9457 5.0308 2.8621
0.9468 5.2253 2.8704
0.4259 5.0246 2.9829
0.4271 5.2452 2.9905
-0.1069 5.1975 3.0153
-0.1070 5.0028 3.0091
-0.6401 5.1758 2.9529
-0.6385 4.9926 2.9458
-1.1477 5.1435 2.7994
-1.1437 4.9669 2.7887
-1.6241 5.1267 2.5576
-1.6202 4.9610 2.5512
-2.0450 4.9581 2.2325
-2.0500 5.1307 2.2367
-2.4055 4.9550 1.8475
-2.4120 5.1286 1.8506
-2.6900 4.9477 1.4059
-2.6988 5.1281 1.4098
-2.9035 4.9536 0.9234
-2.9112 5.1280 0.9254
-3.0294 4.9537 0.4140
-3.0405 5.1345 0.4149
-3.0787 4.9942 -0.1070
-3.0901 5.1825 -0.1071
-3.0179 5.0107 -0.6267
-3.0289 5.1983 -0.6287
-2.8652 5.0100 -1.1244
-2.8789 5.2186 -1.1289
-2.6425 5.1771 -1.5938
-2.6293 4.9909 -1.5875
-2.3277 5.1332 -2.0138
-2.3178 4.9525 -2.0081
-1.9497 5.1284 -2.3778
-1.9397 4.9447 -2.3707
-1.5151 5.1298 -2.6713
-1.5061 4.9436 -2.6633
-1.0390 5.1333 -2.8889
-1.0303 4.9417 -2.8790
-0.5224 4.9548 -3.0113
-0.5302 5.1528 -3.0236
-0.0054 5.1498 -3.0731
0.0008 4.9593 -3.0616
0.5257 5.1280 -3.0381
0.5304 4.9355 -3.0234
1.0486 5.1270 -2.9127
1.0463 5.2788 -2.9244
0.5211 5.3013 -3.0490
1.5422 5.2934 -2.7079
1.5428 5.4118 -2.7182
1.0440 5.4039 -2.9342
1.9976 5.4068 -2.4115
1.9955 5.2827 -2.4020
2.3941 5.3991 -2.0281
2.3887 5.2758 -2.0176
2.7117 5.4012 -1.5746
2.7050 5.2769 -1.5664
2.9401 5.3978 -1.0686
2.9329 5.2751 -1.0638
3.0638 5.2923 -0.5321
3.0716 5.4162 -0.5346
3.1008 5.3994 0.0132
3.0926 5.2675 0.0135
3.0331 5.3901 0.5601
3.0254 5.2665 0.5579
2.8669 5.2672 1.0784
2.8734 5.4124 1.0828
2.6197 5.2674 1.5613
2.6251 5.4031 1.5671
2.2966 5.2973 2.0001
2.2998 5.4357 2.0063
1.9049 5.3363 2.3728
1.9066 5.4493 2.3777
1.4491 5.3364 2.6625
1.4509 5.4515 2.6691
0.9492 5.3912 2.8809
0.9533 5.4913 2.8885
0.4295 5.4964 3.0057
0.4290 5.3942 3.0016
-0.1083 5.4523 3.0344
-0.1077 5.3483 3.0275
-0.6419 5.4263 2.9685
-0.6410 5.3142 2.9614
-1.1531 5.4159 2.8127
-1.1512 5.2950 2.8083
-1.6323 5.3987 2.5697
-1.6283 5.2805 2.5639
-2.0605 5.3994 2.2484
-2.0559 5.2697 2.2430
-2.4187 5.2819 1.8540
-2.4285 5.4110 1.8606
-2.7091 5.2866 1.4149
-2.7182 5.4116 1.4196
-2.9290 5.4048 0.9303
-2.9211 5.2818 0.9279
-3.0502 5.2961 0.4158
-3.0582 5.4255 0.4163
-3.0981 5.3303 -0.1071
-3.1056 5.4372 -0.1070
-3.0406 5.3433 -0.6303
-3.0488 5.4460 -0.6310
-2.8884 5.3530 -1.1315
-2.8970 5.4522 -1.1339
-2.6614 5.4351 -1.6038
-2.6530 5.3300 -1.5992
-2.3457 5.4029 -2.0260
-2.3372 5.2859 -2.0199
-1.9661 5.3890 -2.3892
-1.9587 5.2822 -2.3840
-1.5309 5.4009 -2.6860
-1.5239 5.2863 -2.6797
-1.0527 5.4124 -2.9045
-1.0464 5.2988 -2.8964
-0.5373 5.3208 -3.0348
-0.5428 5.4369 -3.0438
-0.0150 5.4387 -3.0972
-0.0110 5.3159 -3.0852
0.5185 5.4280 -3.0598
0.5164 5.5362 -3.0699
-0.0182 5.5410 -3.1038
1.0417 5.5184 -2.9431
1.0393 5.6290 -2.9519
0.5137 5.6402 -3.0780
1.5424 5.6248 -2.7352
1.5431 5.5209 -2.7276
2.0001 5.6204 -2.4267
1.9989 5.5156 -2.4192
2.4002 5.6105 -2.0438
2.3983 5.5092 -2.0371
2.7225 5.6048 -1.5885
2.7177 5.5063 -1.5819
2.9490 5.5845 -1.0754
2.9447 5.4955 -1.0722
3.0843 5.5846 -0.5386
3.0779 5.5004 -0.5366
3.1132 5.5867 0.0130
3.1072 5.4968 0.0132
3.0466 5.5849 0.5640
3.0399 5.4890 0.5622
2.8798 5.5059 1.0862
2.8866 5.5980 1.0899
2.6318 5.5067 1.5738
2.6369 5.6025 1.5791
2.3031 5.5395 2.0118
2.3062 5.6311 2.0166
1.9100 5.5479 2.3842
1.9138 5.6396 2.3915
1.4541 5.5481 2.6793
1.4599 5.6366 2.6936
0.9569 5.5810 2.8962
0.9623 5.6586 2.9102
0.4317 5.5879 3.0174
0.4348 5.6639 3.0368
-0.1091 5.6277 3.0569
-0.1087 5.5437 3.0435
-0.6454 5.6046 2.9861
-0.6430 5.5172 2.9761
-1.1560 5.5130 2.8186
-1.1598 5.6042 2.8266
-1.6398 5.6013 2.5806
-1.6362 5.5038 2.5753
-2.0642 5.5112 2.2532
-2.0684 5.6127 2.2589
-2.4355 5.5177 1.8654
-2.4393 5.6114 1.8683
-2.7288 5.6046 1.4256
-2.7242 5.5114 1.4228
-2.9348 5.5111 0.9319
-2.9416 5.6117 0.9338
-3.0661 5.5253 0.4173
-3.0740 5.6252 0.4187
-3.1129 5.5348 -0.1067
-3.1232 5.6257 -0.1065
-3.0572 5.5424 -0.6320
-3.0697 5.6286 -0.6342
-2.9066 5.5457 -1.1367
-2.9176 5.6314 -1.1404
-2.6753 5.6108 -1.6116
-2.6673 5.5255 -1.6071
-2.3608 5.5890 -2.0379
-2.3530 5.5019 -2.0315
-1.9815 5.5861 -2.4005
-1.9738 5.4898 -2.3947
-1.5420 5.5857 -2.6956
-1.5365 5.4954 -2.6908
-1.0582 5.5104 -2.9121
-1.0637 5.6034 -2.9200
-0.5477 5.5396 -3.0519
-0.5525 5.6413 -3.0586
-0.0215 5.6382 -3.1072
-0.0248 5.7297 -3.1027
-0.5540 5.7306 -3.0489
0.5081 5.7323 -3.0670
0.4973 5.7950 -3.0189
-0.0273 5.8006 -3.0561
1.0125 5.7971 -2.8990
1.0344 5.7293 -2.9513
1.5097 5.7981 -2.6936
1.5385 5.7249 -2.7374
1.9646 5.7976 -2.3939
1.9963 5.7205 -2.4278
2.3725 5.7898 -2.0291
2.3987 5.7075 -2.0481
2.7118 5.7844 -1.5899
2.7239 5.6992 -1.5933
2.9553 5.7578 -1.0815
2.9536 5.6729 -1.0790
3.0938 5.7489 -0.5418
3.0897 5.6669 -0.5402
3.1193 5.6748 0.0127
3.1245 5.7599 0.0128
3.0536 5.6767 0.5656
3.0568 5.7627 0.5665
2.8934 5.6857 1.0942
2.9041 5.7680 1.0998
2.6423 5.6955 1.5841
2.6415 5.7832 1.5845
2.3095 5.7208 2.0213
2.2940 5.8016 2.0084
1.9159 5.7242 2.3968
1.9026 5.7984 2.3816
1.4547 5.7880 2.6836
1.4665 5.7188 2.7060
0.9664 5.7326 2.9192
0.9526 5.7867 2.8774
0.4367 5.7357 3.0475
0.4315 5.7929 3.0089
-0.1102 5.7725 3.0499
-0.1103 5.7052 3.0689
-0.6484 5.7622 2.9920
-0.6481 5.6858 2.9951
-1.1625 5.6892 2.8319
-1.1576 5.7663 2.8189
-1.6430 5.6929 2.5847
-1.6285 5.7753 2.5616
-2.0616 5.7008 2.2524
-2.0455 5.7760 2.2351
-2.4311 5.7670 1.8626
-2.4413 5.6945 1.8705
-2.7318 5.6926 1.4279
-2.7115 5.7727 1.4165
-2.9455 5.7056 0.9352
-2.9042 5.7753 0.9211
-3.0757 5.7190 0.4194
-3.0192 5.7773 0.4104
-3.0694 5.7709 -0.1062
-3.1245 5.7124 -0.1067
-3.0194 5.7641 -0.6226
-3.0705 5.7124 -0.6339
-2.8762 5.7660 -1.1234
-2.9179 5.7124 -1.1401
-2.6484 5.7593 -1.5941
-2.6795 5.6933 -1.6138
-2.3501 5.7476 -2.0263
-2.3663 5.6734 -2.0423
-1.9742 5.7565 -2.3850
-1.9879 5.6772 -2.4050
-1.5421 5.7539 -2.6865
-1.5473 5.6745 -2.7004
-1.0588 5.7690 -2.8917
-1.0661 5.6932 -2.9197
-0.5493 5.7895 -3.0073
-1.0376 5.8066 -2.8253
-0.5398 5.8181 -2.9411
-0.0290 5.8283 -2.9823
-0.0309 5.8443 -2.9090
-0.5293 5.8337 -2.8682
0.4687 5.8489 -2.8724
0.4834 5.8300 -2.9480
0.9581 5.8556 -2.7568
0.9859 5.8351 -2.8303
1.4266 5.8645 -2.5573
1.4691 5.8420 -2.6279
1.8602 5.8649 -2.2730
1.9142 5.8428 -2.3364
2.2563 5.8606 -1.9321
2.3192 5.8370 -1.9855
2.5926 5.8578 -1.5231
2.6595 5.8334 -1.5615
2.8435 5.8549 -1.0448
2.9184 5.8255 -1.0702
2.9877 5.8595 -0.5259
3.0663 5.8216 -0.5384
3.0880 5.8330 0.0124
3.0050 5.8637 0.0126
3.0244 5.8326 0.5606
2.9526 5.8616 0.5469
2.8639 5.8322 1.0854
2.7939 5.8583 1.0594
2.5918 5.8377 1.5559
2.5288 5.8583 1.5183
2.2388 5.8385 1.9593
2.1831 5.8624 1.9103
1.8576 5.8331 2.3280
1.8100 5.8577 2.2727
1.4225 5.8221 2.6271
1.3875 5.8347 2.5645
0.9335 5.8157 2.8198
0.9133 5.8306 2.7572
0.4134 5.8429 2.8802
0.4227 5.8228 2.9463
-0.1026 5.8247 2.9141
-0.1064 5.8075 2.9851
-0.6177 5.8311 2.8628
-0.6337 5.8073 2.9331
-1.1327 5.8060 2.7574
-1.1046 5.8283 2.6880
-1.5864 5.8072 2.4976
-1.5467 5.8289 2.4374
-1.9544 5.8302 2.1323
-2.0011 5.8103 2.1845
-2.3201 5.8229 1.7743
-2.3806 5.8021 1.8211
-2.6434 5.8049 1.3812
-2.5730 5.8203 1.3417
-2.8316 5.8035 0.8970
-2.7580 5.8201 0.8730
-2.9452 5.8034 0.3995
-2.8662 5.8195 0.3877
-2.9082 5.8158 -0.1034
-2.9908 5.7972 -0.1051
-2.8730 5.8075 -0.5899
-2.9500 5.7906 -0.6067
-2.7450 5.8088 -1.0708
-2.8139 5.7914 -1.0982
-2.5842 5.7911 -1.5547
-2.5149 5.8096 -1.5120
-2.2422 5.8053 -1.9293
-2.2999 5.7860 -1.9813
-1.8859 5.8099 -2.2704
-1.9322 5.7904 -2.3296
-1.4786 5.8137 -2.5625
-1.5138 5.7946 -2.6307
-1.0137 5.8273 -2.7530
-1.4423 5.8288 -2.4923
-0.9895 5.8419 -2.6796
-0.5178 5.8481 -2.7922
-0.5065 5.8489 -2.7176
-0.9646 5.8437 -2.6032
-0.0335 5.8536 -2.7648
-0.0322 5.8586 -2.8368
0.4406 5.8486 -2.7241
0.4545 5.8561 -2.7973
0.9026 5.8561 -2.6123
0.9303 5.8661 -2.6839
1.3458 5.8602 -2.4216
1.3852 5.8723 -2.4877
1.7559 5.8690 -2.1514
1.8077 5.8760 -2.2115
2.1347 5.8775 -1.8281
2.1941 5.8746 -1.8786
2.4463 5.8813 -1.4388
2.5197 5.8733 -1.4814
2.6810 5.8884 -0.9885
2.7629 5.8731 -1.0172
2.8078 5.8940 -0.4956
2.8991 5.8805 -0.5110
2.9147 5.8829 0.0118
2.8241 5.8919 0.0111
2.7921 5.8888 0.5172
2.8749 5.8765 0.5326
2.7217 5.8723 1.0328
2.6492 5.8803 1.0060
2.4659 5.8665 1.4804
2.4038 5.8622 1.4423
2.1276 5.8712 1.8619
2.0750 5.8517 1.8157
1.7588 5.8633 2.2122
1.7135 5.8387 2.1565
1.3204 5.8079 2.4422
1.3515 5.8337 2.5003
0.8914 5.8328 2.6924
0.8711 5.8194 2.6269
0.3939 5.8394 2.7369
0.4038 5.8467 2.8098
-0.0956 5.8144 2.7739
-0.0993 5.8260 2.8436
-0.5841 5.8381 2.7065
-0.6013 5.8477 2.7873
-1.0763 5.8337 2.6187
-1.0490 5.8169 2.5545
-1.5090 5.8415 2.3791
-1.4742 5.8158 2.3254
-1.8618 5.8197 2.0298
-1.9069 5.8381 2.0799
-2.1968 5.8033 1.6765
-2.2547 5.8321 1.7227
-2.5029 5.8254 1.3037
-2.4499 5.7841 1.2748
-2.6837 5.8174 0.8482
-2.6333 5.7562 0.8324
-2.7348 5.7605 0.3699
-2.7833 5.8283 0.3755
-2.7739 5.7576 -0.0987
-2.8258 5.8179 -0.1006
-2.7097 5.7813 -0.5540
-2.7902 5.8202 -0.5712
-2.5809 5.8067 -1.0054
-2.6671 5.8222 -1.0401
-2.4431 5.8197 -1.4678
-2.3733 5.8008 -1.4250
-2.1144 5.8186 -1.8145
-2.1818 5.8217 -1.8751
-1.7891 5.8217 -2.1447
-1.8388 5.8206 -2.2080
-1.4039 5.8375 -2.4190
-1.3709 5.7971 -2.3566
-1.7522 5.7693 -2.0960
-0.9439 5.7986 -2.5390
-0.9396 5.7107 -2.5232
-1.3596 5.7053 -2.3364
-0.4963 5.7146 -2.6415
-0.4973 5.8019 -2.6589
-0.0380 5.7046 -2.6863
-0.0352 5.8002 -2.7051
0.4229 5.7018 -2.6597
0.4297 5.7905 -2.6753
0.8749 5.7051 -2.5498
0.8835 5.7949 -2.5642
1.3090 5.7173 -2.3660
1.3206 5.7988 -2.3811
1.7124 5.7398 -2.1043
1.7243 5.8164 -2.1153
2.0680 5.7595 -1.7741
2.0855 5.8393 -1.7871
2.3595 5.7662 -1.3878
2.3820 5.8498 -1.4010
2.5658 5.7822 -0.9463
2.6000 5.8686 -0.9601
2.7249 5.8712 -0.4809
2.6928 5.7846 -0.4746
2.7515 5.8603 0.0104
2.7274 5.7794 0.0107
2.7108 5.8619 0.5021
2.6802 5.7759 0.4963
2.5461 5.7792 0.9664
2.5783 5.8570 0.9793
2.3522 5.8178 1.4105
2.3320 5.7405 1.3980
2.0518 5.7863 1.7944
2.0416 5.7101 1.7851
1.6939 5.7681 2.1285
1.6861 5.6858 2.1151
1.3028 5.7468 2.4073
1.2932 5.6706 2.3873
0.8523 5.6793 2.5733
0.8594 5.7560 2.5916
0.3845 5.7014 2.6743
0.3873 5.7796 2.6924
-0.0934 5.7605 2.7229
-0.0930 5.6793 2.7049
-0.5744 5.7613 2.6672
-0.5701 5.6740 2.6513
-1.0334 5.7531 2.5204
-1.0263 5.6713 2.5049
-1.4559 5.7490 2.2973
-1.4474 5.6670 2.2836
-1.8412 5.7481 2.0071
-1.8319 5.6660 1.9976
-2.1688 5.7388 1.6558
-2.1582 5.6610 1.6489
-2.4281 5.7069 1.2633
-2.4189 5.6198 1.2592
-2.6139 5.6707 0.8269
-2.6062 5.5791 0.8252
-2.7146 5.5743 0.3695
-2.7219 5.6691 0.3696
-2.7410 5.5786 -0.0965
-2.7522 5.6723 -0.0976
-2.6880 5.5843 -0.5506
-2.6930 5.6847 -0.5508
-2.5585 5.6037 -0.9967
-2.5607 5.7080 -0.9974
-2.3492 5.6218 -1.4079
-2.3531 5.7165 -1.4111
-2.0731 5.6375 -1.7754
-2.0775 5.7390 -1.7808
-1.7403 5.6811 -2.0822
-1.7410 5.5788 -2.0852
-2.0701 5.5346 -1.7719
-1.3588 5.6013 -2.3353
-1.3641 5.4894 -2.3452
-1.7445 5.4701 -2.0916
-0.9452 5.4997 -2.5293
-0.9408 5.6109 -2.5220
-0.5019 5.5001 -2.6443
-0.4982 5.6114 -2.6385
-0.0466 5.4911 -2.6888
-0.0421 5.6000 -2.6868
0.4131 5.4959 -2.6610
0.4174 5.6000 -2.6553
0.8651 5.5063 -2.5493
0.8695 5.6079 -2.5473
1.3020 5.5241 -2.3698
1.3051 5.6234 -2.3668
1.7051 5.5444 -2.1057
1.7072 5.6469 -2.1025
2.0580 5.5580 -1.7720
2.0604 5.6641 -1.7704
2.3435 5.5645 -1.3787
2.3479 5.6691 -1.3812
2.5545 5.5753 -0.9395
2.5578 5.6804 -0.9421
2.6763 5.5819 -0.4697
2.6827 5.6864 -0.4719
2.7177 5.6841 0.0112
2.7134 5.5776 0.0119
2.6686 5.6784 0.4945
2.6649 5.5745 0.4942
2.5294 5.5826 0.9583
2.5345 5.6842 0.9611
2.3220 5.6552 1.3918
2.3169 5.5621 1.3884
2.0368 5.6266 1.7805
2.0326 5.5369 1.7764
1.6826 5.5969 2.1072
1.6813 5.5021 2.1024
1.2862 5.5852 2.3726
1.2829 5.4894 2.3643
0.8440 5.5053 2.5522
0.8466 5.5969 2.5591
0.3821 5.5153 2.6618
0.3827 5.6140 2.6660
-0.0922 5.5923 2.6935
-0.0918 5.5000 2.6903
-0.5669 5.5838 2.6385
-0.5655 5.4862 2.6329
-1.0224 5.5797 2.4988
-1.0204 5.4825 2.4964
-1.4446 5.5742 2.2789
-1.4437 5.4763 2.2778
-1.8269 5.4800 1.9941
-1.8275 5.5775 1.9936
-2.1531 5.5733 1.6468
-2.1524 5.4738 1.6483
-2.4140 5.5218 1.2578
-2.4083 5.4235 1.2559
-2.6011 5.4799 0.8243
-2.5954 5.3753 0.8233
-2.7088 5.4724 0.3697
-2.7024 5.3527 0.3695
-2.7300 5.3555 -0.0950
-2.7351 5.4678 -0.0958
-2.6794 5.3660 -0.5516
-2.6854 5.4799 -0.5514
-2.5507 5.3830 -0.9946
-2.5561 5.4985 -0.9961
-2.3457 5.4092 -1.4050
-2.3497 5.5177 -1.4077
-2.0664 5.4281 -1.7682
-2.0585 5.3008 -1.7614
-2.3399 5.2618 -1.4026
-1.7339 5.3527 -2.0811
-1.7215 4.9346 -2.0746
-2.0481 4.9146 -1.7592
-1.3643 5.3611 -2.3464
-1.3518 4.9495 -2.3327
-0.9467 5.3633 -2.5296
-0.9413 4.9632 -2.5164
-0.5049 5.3762 -2.6464
-0.5054 4.9689 -2.6337
-0.0508 5.3676 -2.6839
-0.0561 4.9741 -2.6775
0.4077 5.3682 -2.6594
0.3971 4.9886 -2.6476
0.8603 5.3881 -2.5507
0.8496 5.0051 -2.5509
1.2964 5.3918 -2.3696
1.2851 5.0417 -2.3692
1.7002 5.4232 -2.1055
1.6927 5.0850 -2.1064
2.0536 5.4436 -1.7709
2.0488 5.0992 -1.7695
2.3419 5.4492 -1.3775
2.3407 5.1230 -1.3750
2.5528 5.4679 -0.9375
2.5505 5.1354 -0.9326
2.6740 5.4728 -0.4681
2.6693 5.1359 -0.4626
2.7095 5.4595 0.0133
2.7058 5.1293 0.0177
2.6620 5.4616 0.4944
2.6552 5.1244 0.4958
2.5260 5.4768 0.9565
2.5212 5.1233 0.9549
2.3141 5.4596 1.3861
2.3112 5.1141 1.3835
2.0297 5.4369 1.7731
2.0261 5.0934 1.7674
1.6807 5.4060 2.0988
1.6811 5.0484 2.0954
1.2821 5.3717 2.3605
1.2811 5.0292 2.3557
0.8418 5.4018 2.5472
0.8414 5.0368 2.5423
0.3819 5.4068 2.6563
0.3816 5.0366 2.6491
-0.0918 5.4041 2.6891
-0.0908 5.0199 2.6769
-0.5645 5.3675 2.6290
-0.5615 5.0058 2.6197
-1.0178 5.3701 2.4917
-1.0120 4.9907 2.4796
-1.4405 5.3626 2.2733
-1.4320 4.9778 2.2628
-1.8232 5.3664 1.9912
-1.8114 4.9696 1.9827
-2.1449 5.3591 1.6443
-2.1333 4.9561 1.6406
-2.4031 5.2968 1.2542
-2.3903 4.9240 1.2494
-2.5893 5.2410 0.8226
-2.5772 4.8903 0.8203
-2.6950 5.2152 0.3690
-2.6804 4.8717 0.3669
-2.7232 5.2095 -0.0944
-2.7079 4.8672 -0.0949
-2.6709 5.2178 -0.5515
-2.6530 4.8629 -0.5519
-2.5420 5.2319 -0.9928
-2.5232 4.8652 -0.9907
-2.3235 4.8868 -1.3994
-2.3004 4.3911 -1.4001
-2.0298 4.3771 -1.7643
-1.6929 4.3693 -2.0637
-1.3254 4.3736 -2.3186
-0.9208 4.3848 -2.5057
-0.4902 4.4009 -2.6169
-0.0487 4.4233 -2.6657
0.3979 4.4511 -2.6444
0.8429 4.4890 -2.5474
1.2789 4.5315 -2.3674
1.6838 4.5641 -2.0952
2.0402 4.5902 -1.7539
2.3306 4.5979 -1.3572
2.5373 4.6016 -0.9167
2.6540 4.6068 -0.4496
2.6853 4.6077 0.0264
2.6419 4.5979 0.4987
2.5106 4.5763 0.9545
2.3031 4.5596 1.3806
2.0202 4.5505 1.7612
1.6771 4.5542 2.0884
1.2801 4.5320 2.3502
0.8431 4.5008 2.5367
0.3826 4.4779 2.6410
-0.0881 4.4664 2.6637
-0.5549 4.4660 2.6025
-1.0037 4.4550 2.4650
-1.4187 4.4416 2.2472
-1.7920 4.4258 1.9652
-2.1141 4.4200 1.6274
-2.3709 4.4314 1.2387
-2.5571 4.4331 0.8127
-2.6607 4.4247 0.3615
-2.6864 4.4131 -0.0990
-2.6306 4.4056 -0.5544
-2.4993 4.4001 -0.9912
-2.4683 3.8066 -0.9966
-2.2638 3.7931 -1.4018
-1.9951 3.7812 -1.7660
-1.6748 3.7750 -2.0838
-1.2980 3.7766 -2.3255
-0.8883 3.7840 -2.5004
-0.4595 3.7972 -2.6073
-0.0229 3.8177 -2.6536
0.4159 3.8477 -2.6284
0.8505 3.8917 -2.5296
1.2814 3.9450 -2.3528
1.6861 3.9872 -2.0776
2.0446 4.0024 -1.7337
2.3317 4.0034 -1.3328
2.5358 4.0036 -0.8952
2.6486 4.0038 -0.4332
2.6755 4.0008 0.0376
2.6308 3.9921 0.5048
2.4946 3.9795 0.9535
2.2847 3.9665 1.3726
2.0054 3.9548 1.7495
1.6665 3.9424 2.0747
1.2721 3.9263 2.3309
0.8410 3.9075 2.5192
0.3837 3.8905 2.6238
-0.0842 3.8779 2.6409
-0.5475 3.8683 2.5829
-0.9914 3.8588 2.4416
-1.4041 3.8493 2.2267
-1.7752 3.8419 1.9473
-2.0913 3.8395 1.6081
-2.3462 3.8440 1.2224
-2.5282 3.8471 0.7983
-2.6326 3.8444 0.3504
-2.6573 3.8331 -0.1075
-2.6007 3.8204 -0.5612
-2.5701 3.2058 -0.5720
-2.4360 3.1943 -1.0065
-2.2307 3.1838 -1.4112
-1.9611 3.1757 -1.7749
-1.6342 3.1722 -2.0864
-1.2649 3.1731 -2.3434
-0.8472 3.1781 -2.5042
-0.4126 3.1883 -2.6012
0.0283 3.2046 -2.6399
0.4651 3.2370 -2.6071
0.8939 3.2888 -2.5038
1.3018 3.3639 -2.3163
1.6986 3.4119 -2.0502
2.0513 3.4190 -1.7012
2.3238 3.3952 -1.2916
2.5365 3.3911 -0.8693
2.6426 3.4005 -0.4143
2.6661 3.3990 0.0502
2.6231 3.3918 0.5118
2.4858 3.3802 0.9558
2.2761 3.3674 1.3706
1.9967 3.3538 1.7427
1.6571 3.3395 2.0617
1.2669 3.3246 2.3177
0.8375 3.3093 2.5000
0.3837 3.2950 2.6041
-0.0810 3.2825 2.6225
-0.5420 3.2714 2.5683
-0.9806 3.2619 2.4189
-1.3925 3.2535 2.2075
-1.7602 3.2463 1.9287
-2.0739 3.2410 1.5907
-2.3255 3.2374 1.2057
-2.5039 3.2332 0.7828
-2.6060 3.2267 0.3366
-2.6292 3.2169 -0.1198
-2.6023 2.6049 -0.1347
-2.5440 2.5949 -0.5867
-2.4079 2.5853 -1.0208
-2.2007 2.5769 -1.4257
-1.9303 2.5707 -1.7909
-1.5976 2.5684 -2.0992
-1.2233 2.5694 -2.3537
-0.8020 2.5740 -2.5181
-0.3581 2.5837 -2.6070
0.0940 2.5997 -2.6405
0.5461 2.6289 -2.5929
0.9812 2.6816 -2.4717
1.3730 2.7861 -2.2836
1.7158 2.8507 -1.9890
2.0696 2.8769 -1.6628
2.2937 2.8575 -1.2472
2.5271 2.8284 -0.8442
2.6291 2.8196 -0.3983
2.6665 2.8100 0.0601
2.6136 2.7956 0.5178
2.4795 2.7816 0.9593
2.2706 2.7675 1.3711
1.9888 2.7534 1.7376
1.6504 2.7392 2.0532
1.2594 2.7249 2.3011
0.8333 2.7108 2.4813
0.3832 2.6972 2.5884
-0.0787 2.6850 2.6081
-0.5371 2.6737 2.5508
-0.9737 2.6641 2.4005
-1.3862 2.6547 2.1945
-1.7513 2.6463 1.9145
-2.0609 2.6387 1.5749
-2.3126 2.6312 1.1916
-2.4856 2.6232 0.7675
-2.5843 2.6146 0.3213
-2.5682 2.0078 0.3052
-2.5844 1.9981 -0.1518
-2.5275 1.9886 -0.6050
-2.3869 1.9801 -1.0397
-2.1797 1.9730 -1.4468
-1.9046 1.9682 -1.8119
-1.5666 1.9668 -2.1195
-1.1853 1.9685 -2.3707
-0.7539 1.9746 -2.5209
-0.3056 1.9854 -2.6148
0.1550 2.0055 -2.6369
0.6155 2.0385 -2.5792
1.0617 2.0947 -2.4381
1.4621 2.1794 -2.2313
1.8098 2.2614 -1.9702
2.1176 2.3142 -1.6465
2.3767 2.3125 -1.2669
2.5579 2.2791 -0.8413
2.6590 2.2410 -0.3892
2.6728 2.2172 0.0703
2.6080 2.1985 0.5243
2.4718 2.1821 0.9623
2.2592 2.1672 1.3689
1.9781 2.1529 1.7315
1.6407 2.1389 2.0431
1.2535 2.1252 2.2897
0.8310 2.1116 2.4713
0.3818 2.0987 2.5710
-0.0775 2.0865 2.5941
-0.5332 2.0753 2.5306
-0.9726 2.0650 2.3929
-1.3813 2.0550 2.1819
-1.7484 2.0455 1.9054
-2.0562 2.0362 1.5641
-2.3025 2.0268 1.1774
-2.4744 2.0175 0.7528
-2.4739 1.4145 0.7401
-2.5649 1.4045 0.2895
-2.5802 1.3949 -0.1702
-2.5184 1.3859 -0.6256
-2.3746 1.3780 -1.0625
-2.1613 1.3719 -1.4698
-1.8788 1.3682 -1.8325
-1.5362 1.3677 -2.1401
-1.1469 1.3702 -2.3846
-0.7090 1.3781 -2.5302
-0.2548 1.3916 -2.6160
0.2096 1.4142 -2.6316
0.6699 1.4501 -2.5641
1.1135 1.5024 -2.4221
1.5156 1.5678 -2.2083
1.8657 1.6361 -1.9347
2.1587 1.6831 -1.6117
2.4015 1.6731 -1.2362
2.5695 1.6538 -0.8169
2.6652 1.6325 -0.3723
2.6782 1.6129 0.0837
2.6105 1.5955 0.5351
2.4716 1.5797 0.9700
2.2590 1.5651 1.3751
1.9803 1.5511 1.7387
1.6414 1.5377 2.0479
1.2562 1.5247 2.2980
0.8309 1.5117 2.4725
0.3827 1.4993 2.5778
-0.0781 1.4874 2.5955
-0.5347 1.4763 2.5312
-0.9750 1.4656 2.3936
-1.3843 1.4550 2.1808
-1.7506 1.4448 1.9010
-2.0589 1.4347 1.5582
-2.2991 1.4246 1.1657
-2.2980 0.8241 1.1543
-2.4721 0.8137 0.7265
-2.5607 0.8039 0.2731
-2.5753 0.7945 -0.1889
-2.5069 0.7859 -0.6457
-2.3598 0.7786 -1.0840
-2.1420 0.7733 -1.4916
-1.8519 0.7705 -1.8512
-1.5032 0.7707 -2.1555
-1.1046 0.7747 -2.3869
-0.6656 0.7836 -2.5369
-0.2075 0.7989 -2.6138
0.2574 0.8216 -2.6264
0.7168 0.8565 -2.5522
1.1563 0.9023 -2.4071
1.5531 0.9565 -2.1841
1.9001 1.0119 -1.9052
2.1931 1.0498 -1.5836
2.4199 1.0434 -1.2086
2.5841 1.0307 -0.7949
2.6703 1.0169 -0.3539
2.6782 1.0021 0.0978
2.6155 0.9876 0.5476
2.4742 0.9739 0.9801
2.2608 0.9607 1.3834
1.9809 0.9479 1.7450
1.6442 0.9356 2.0558
1.2592 0.9234 2.3063
0.8323 0.9113 2.4784
0.3827 0.8995 2.5792
-0.0787 0.8881 2.5977
-0.5359 0.8770 2.5315
-0.9769 0.8662 2.3935
-1.3852 0.8555 2.1766
-1.7518 0.8450 1.8947
-2.0609 0.8345 1.5509
-2.0558 0.2357 1.5380
-2.2915 0.2253 1.1399
-2.4629 0.2150 0.7103
-2.5503 0.2053 0.2560
-2.5611 0.1962 -0.2068
-2.4884 0.1881 -0.6635
-2.3380 0.1815 -1.1014
-2.1160 0.1768 -1.5073
-1.8202 0.1749 -1.8626
-1.4686 0.1758 -2.1635
-1.0649 0.1806 -2.3869
-0.6246 0.1903 -2.5320
-0.1668 0.2057 -2.6051
0.2964 0.2277 -2.6113
0.7516 0.2597 -2.5326
1.1844 0.2986 -2.3812
1.5729 0.3419 -2.1547
1.9148 0.3867 -1.8764
2.2032 0.4168 -1.5544
2.4255 0.4171 -1.1818
2.5841 0.4089 -0.7721
2.6667 0.3996 -0.3354
2.6742 0.3887 0.1115
2.6025 0.3772 0.5553
2.4644 0.3660 0.9849
2.2534 0.3547 1.3852
1.9715 0.3435 1.7414
1.6377 0.3325 2.0515
1.2544 0.3216 2.2994
0.8299 0.3106 2.4715
0.3815 0.2996 2.5705
-0.0785 0.2889 2.5888
-0.5347 0.2782 2.5229
-0.9746 0.2675 2.3834
-1.3824 0.2569 2.1663
-1.7475 0.2463 1.8823
-1.7427 -0.3513 1.8698
-2.0498 -0.3618 1.5243
-2.2838 -0.3722 1.1250
-2.4546 -0.3824 0.6946
-2.5391 -0.3919 0.2392
-2.5481 -0.4007 -0.2243
-2.4709 -0.4083 -0.6808
-2.3173 -0.4144 -1.1179
-2.0905 -0.4185 -1.5212
-1.7914 -0.4200 -1.8735
-1.4373 -0.4185 -2.1708
-1.0303 -0.4131 -2.3869
-0.5902 -0.4035 -2.5275
-0.1342 -0.3892 -2.5959
0.3260 -0.3686 -2.5961
0.7751 -0.3407 -2.5126
1.2008 -0.3086 -2.3590
1.5834 -0.2738 -2.1304
1.9211 -0.2378 -1.8517
2.2031 -0.2108 -1.5280
2.4221 -0.2083 -1.1575
2.5754 -0.2123 -0.7505
2.6548 -0.2183 -0.3186
2.6604 -0.2260 0.1228
2.5871 -0.2346 0.5612
2.4512 -0.2434 0.9868
2.2412 -0.2525 1.3826
1.9596 -0.2616 1.7340
1.6290 -0.2709 2.0419
1.2477 -0.2803 2.2872
0.8264 -0.2900 2.4590
0.3803 -0.2999 2.5573
-0.0775 -0.3098 2.5759
-0.5322 -0.3200 2.5100
-0.9711 -0.3303 2.3708
-1.3780 -0.3408 2.1536
-1.3762 -0.9374 2.1463
-1.7412 -0.9479 1.8614
-2.0485 -0.9585 1.5146
-2.2825 -0.9689 1.1136
-2.4519 -0.9789 0.6809
-2.5338 -0.9883 0.2235
-2.5410 -0.9968 -0.2416
-2.4598 -1.0041 -0.6988
-2.3025 -1.0097 -1.1360
-2.0722 -1.0134 -1.5384
-1.7684 -1.0146 -1.8875
-1.4116 -1.0129 -2.1817
-1.0014 -1.0077 -2.3904
-0.5619 -0.9989 -2.5275
-0.1074 -0.9859 -2.5910
0.3495 -0.9679 -2.5876
0.7939 -0.9443 -2.4998
1.2144 -0.9175 -2.3430
1.5928 -0.8892 -2.1132
1.9272 -0.8604 -1.8325
2.2054 -0.8383 -1.5066
2.4201 -0.8327 -1.1385
2.5685 -0.8333 -0.7335
2.6470 -0.8365 -0.3057
2.6495 -0.8415 0.1316
2.5755 -0.8473 0.5657
2.4405 -0.8536 0.9873
2.2321 -0.8603 1.3799
1.9523 -0.8672 1.7284
1.6241 -0.8744 2.0348
1.2451 -0.8820 2.2793
0.8258 -0.8900 2.4509
0.3812 -0.8986 2.5491
-0.0757 -0.9076 2.5684
-0.5300 -0.9172 2.5029
-0.9689 -0.9271 2.3638
-0.9683 -1.5225 2.3639
-1.3774 -1.5328 2.1456
-1.7439 -1.5435 1.8588
-2.0525 -1.5543 1.5097
-2.2866 -1.5649 1.1055
-2.4556 -1.5750 0.6696
-2.5356 -1.5843 0.2089
-2.5401 -1.5927 -0.2589
-2.4546 -1.5995 -0.7179
-2.2943 -1.6048 -1.1563
-2.0596 -1.6082 -1.5582
-1.7508 -1.6094 -1.9048
-1.3911 -1.6080 -2.1965
-0.9780 -1.6037 -2.3988
-0.5387 -1.5961 -2.5329
-0.0855 -1.5850 -2.5925
0.3688 -1.5697 -2.5866
0.8099 -1.5502 -2.4951
1.2269 -1.5281 -2.3366
1.6026 -1.5049 -2.1058
1.9347 -1.4817 -1.8243
2.2114 -1.4648 -1.4967
2.4249 -1.4570 -1.1270
2.5711 -1.4548 -0.7229
2.6474 -1.4553 -0.2968
2.6484 -1.4576 0.1381
2.5743 -1.4608 0.5698
2.4397 -1.4645 0.9893
2.2313 -1.4685 1.3796
1.9527 -1.4728 1.7268
1.6259 -1.4774 2.0327
1.2480 -1.4827 2.2771
0.8294 -1.4889 2.4493
0.3851 -1.4959 2.5489
-0.0724 -1.5039 2.5680
-0.5278 -1.5128 2.5030
-0.5245 -2.1063 2.5076
-0.9676 -2.1160 2.3684
-1.3793 -2.1267 2.1487
-1.7482 -2.1380 1.8597
-2.0586 -2.1495 1.5073
-2.2934 -2.1607 1.0992
-2.4618 -2.1713 0.6593
-2.5396 -2.1808 0.1948
-2.5422 -2.1889 -0.2762
-2.4519 -2.1952 -0.7372
-2.2886 -2.1999 -1.1770
-2.0490 -2.2030 -1.5785
-1.7357 -2.2045 -1.9227
-1.3731 -2.2039 -2.2114
-0.9582 -2.2009 -2.4089
-0.5192 -2.1953 -2.5401
-0.0676 -2.1866 -2.5963
0.3843 -2.1743 -2.5887
0.8223 -2.1585 -2.4944
1.2368 -2.1407 -2.3353
1.6104 -2.1218 -2.1041
1.9420 -2.1034 -1.8230
2.2187 -2.0893 -1.4938
2.4318 -2.0807 -1.1222
2.5765 -2.0764 -0.7177
2.6515 -2.0746 -0.2921
2.6524 -2.0744 0.1416
2.5781 -2.0751 0.5720
2.4439 -2.0760 0.9902
2.2364 -2.0768 1.3796
1.9585 -2.0779 1.7262
1.6328 -2.0793 2.0323
1.2556 -2.0816 2.2778
0.8369 -2.0853 2.4509
0.3918 -2.0907 2.5516
-0.0670 -2.0977 2.5720
-0.0586 -2.6878 2.5740
-0.5181 -2.6964 2.5104
-0.9638 -2.7069 2.3716
-1.3783 -2.7187 2.1509
-1.7500 -2.7314 1.8601
-2.0621 -2.7442 1.5044
-2.2979 -2.7565 1.0928
-2.4660 -2.7682 0.6490
-2.5421 -2.7784 0.1808
-2.5418 -2.7863 -0.2931
-2.4472 -2.7911 -0.7558
-2.2810 -2.7944 -1.1967
-2.0364 -2.7971 -1.5966
-1.7195 -2.7995 -1.9382
-1.3554 -2.8006 -2.2242
-0.9400 -2.7995 -2.4176
-0.5023 -2.7964 -2.5447
-0.0532 -2.7909 -2.5981
0.3954 -2.7820 -2.5888
0.8299 -2.7696 -2.4937
1.2417 -2.7555 -2.3347
1.6135 -2.7404 -2.1037
1.9445 -2.7252 -1.8226
2.2217 -2.7128 -1.4929
2.4347 -2.7039 -1.1202
2.5792 -2.6980 -0.7157
2.6533 -2.6943 -0.2908
2.6542 -2.6919 0.1416
2.5805 -2.6903 0.5704
2.4468 -2.6886 0.9869
2.2413 -2.6861 1.3754
1.9653 -2.6824 1.7218
1.6408 -2.6789 2.0279
1.2650 -2.6769 2.2747
0.8468 -2.6775 2.4494
0.4014 -2.6813 2.5517
-0.0468 -3.2701 2.5762
0.4147 -3.2633 2.5520
-0.5087 -3.2788 2.5145
-0.9576 -3.2912 2.3760
-1.3759 -3.3046 2.1551
-1.7508 -3.3197 1.8620
-2.0654 -3.3334 1.5029
-2.3031 -3.3464 1.0875
-2.4706 -3.3602 0.6391
-2.5458 -3.3715 0.1669
-2.5427 -3.3803 -0.3104
-2.4441 -3.3805 -0.7750
-2.2737 -3.3810 -1.2163
-2.0255 -3.3827 -1.6156
-1.7050 -3.3891 -1.9547
-1.3401 -3.3934 -2.2391
-0.9236 -3.3952 -2.4267
-0.4881 -3.3932 -2.5507
-0.0422 -3.3943 -2.6012
0.4025 -3.3888 -2.5906
0.8335 -3.3782 -2.4953
1.2427 -3.3687 -2.3371
1.6134 -3.3578 -2.1070
1.9442 -3.3440 -1.8257
2.2226 -3.3323 -1.4959
2.4363 -3.3231 -1.1225
2.5810 -3.3165 -0.7176
2.6553 -3.3117 -0.2931
2.6567 -3.3069 0.1382
2.5840 -3.3036 0.5655
2.4512 -3.3017 0.9803
2.2479 -3.2954 1.3678
1.9748 -3.2846 1.7146
1.6522 -3.2728 2.0213
1.2777 -3.2628 2.2694
0.8604 -3.2597 2.4468
0.4316 -3.8026 2.5546
0.8782 -3.7975 2.4466
-0.0321 -3.8084 2.5821
-0.4975 -3.8127 2.5226
-0.9506 -3.8220 2.3850
-1.3737 -3.8326 2.1634
-1.7529 -3.8424 1.8676
-2.0710 -3.8503 1.5047
-2.3109 -3.8599 1.0848
-2.4788 -3.8703 0.6315
-2.5526 -3.8815 0.1549
-2.5468 -3.8905 -0.3260
-2.4451 -3.8959 -0.7934
-2.2710 -3.8980 -1.2361
-2.0185 -3.9013 -1.6351
-1.6947 -3.9117 -1.9729
-1.3281 -3.9183 -2.2553
-0.9100 -3.9232 -2.4374
-0.4772 -3.9249 -2.5602
-0.0351 -3.9293 -2.6090
0.4059 -3.9276 -2.5969
0.8339 -3.9225 -2.5022
1.2414 -3.9192 -2.3456
1.6122 -3.9131 -2.1163
1.9444 -3.9040 -1.8352
2.2248 -3.8944 -1.5046
2.4399 -3.8869 -1.1298
2.5862 -3.8824 -0.7236
2.6610 -3.8782 -0.2983
2.6635 -3.8724 0.1329
2.5915 -3.8672 0.5592
2.4608 -3.8598 0.9730
2.2594 -3.8477 1.3601
1.9890 -3.8353 1.7074
1.6684 -3.8207 2.0153
1.2952 -3.8039 2.2660
0.8965 -4.2307 2.4469
1.3136 -4.2431 2.2630
0.4487 -4.2315 2.5578
-0.0173 -4.2351 2.5885
-0.4861 -4.2336 2.5305
-0.9437 -4.2296 2.3941
-1.3707 -4.2320 2.1711
-1.7542 -4.2342 1.8735
-2.0761 -4.2347 1.5073
-2.3172 -4.2397 1.0830
-2.4853 -4.2455 0.6258
-2.5579 -4.2570 0.1456
-2.5506 -4.2681 -0.3383
-2.4451 -4.2918 -0.8080
-2.2687 -4.3054 -1.2524
-2.0126 -4.3126 -1.6516
-1.6856 -4.3171 -1.9875
-1.3166 -4.3259 -2.2667
-0.8981 -4.3417 -2.4459
-0.4682 -4.3488 -2.5666
-0.0307 -4.3456 -2.6144
0.4062 -4.3506 -2.6025
0.8312 -4.3581 -2.5081
1.2372 -4.3540 -2.3533
1.6084 -4.3452 -2.1258
1.9420 -4.3423 -1.8450
2.2245 -4.3422 -1.5139
2.4420 -4.3382 -1.1376
2.5900 -4.3326 -0.7298
2.6658 -4.3246 -0.3034
2.6691 -4.3167 0.1279
2.5978 -4.3040 0.5529
2.4694 -4.2868 0.9655
2.2710 -4.2708 1.3529
2.0023 -4.2609 1.6999
1.6846 -4.2525 2.0092
1.3221 -4.4348 2.2603
1.6921 -4.4358 2.0057
0.9052 -4.4176 2.4461
0.4569 -4.4152 2.5585
-0.0101 -4.4156 2.5905
-0.4803 -4.4136 2.5333
-0.9398 -4.4029 2.3976
-1.3691 -4.4005 2.1746
-1.7546 -4.3999 1.8761
-2.0778 -4.3975 1.5081
-2.3196 -4.4003 1.0820
-2.4877 -4.4051 0.6232
-2.5599 -4.4152 0.1414
-2.5522 -4.4277 -0.3436
-2.4441 -4.4598 -0.8143
-2.2672 -4.4720 -1.2591
-2.0091 -4.4833 -1.6583
-1.6809 -4.4847 -1.9930
-1.3107 -4.4948 -2.2707
-0.8924 -4.5042 -2.4486
-0.4642 -4.5104 -2.5680
-0.0292 -4.5142 -2.6150
0.4056 -4.5235 -2.6046
0.8288 -4.5375 -2.5090
1.2338 -4.5360 -2.3552
1.6049 -4.5260 -2.1293
1.9392 -4.5267 -1.8490
2.2220 -4.5305 -1.5172
2.4409 -4.5287 -1.1404
2.5902 -4.5236 -0.7322
2.6672 -4.5086 -0.3056
2.6697 -4.5017 0.1257
2.5991 -4.4862 0.5496
2.4722 -4.4663 0.9613
2.2760 -4.4497 1.3493
2.0084 -4.4416 1.6961
2.0123 -4.6082 1.6904
2.2802 -4.6170 1.3452
1.6979 -4.6032 2.0000
1.7016 -4.7587 1.9918
2.0141 -4.7649 1.6832
1.3342 -4.7561 2.2482
1.3291 -4.6047 2.2555
0.9196 -4.7436 2.4374
0.9131 -4.5895 2.4435
0.4716 -4.7295 2.5531
0.4647 -4.5825 2.5575
0.0037 -4.7223 2.5875
-0.0031 -4.5786 2.5909
-0.4681 -4.7158 2.5328
-0.4744 -4.5746 2.5344
-0.9301 -4.7018 2.3990
-0.9355 -4.5597 2.3997
-1.3625 -4.6931 2.1765
-1.3666 -4.5531 2.1767
-1.7509 -4.6867 1.8772
-1.7540 -4.5476 1.8780
-2.0771 -4.6850 1.5068
-2.0787 -4.5456 1.5083
-2.3207 -4.5477 1.0806
-2.3194 -4.6852 1.0782
-2.4890 -4.5509 0.6203
-2.4877 -4.6888 0.6172
-2.5605 -4.5618 0.1374
-2.5584 -4.6974 0.1332
-2.5534 -4.5754 -0.3488
-2.5494 -4.7120 -0.3528
-2.4413 -4.6042 -0.8191
-2.4372 -4.7375 -0.8233
-2.2645 -4.6252 -1.2647
-2.2585 -4.7610 -1.2679
-2.0039 -4.6378 -1.6632
-1.9970 -4.7758 -1.6660
-1.6749 -4.6399 -1.9968
-1.6682 -4.7796 -1.9985
-1.3042 -4.6488 -2.2725
-1.2979 -4.7866 -2.2734
-0.8866 -4.6548 -2.4497
-0.8796 -4.7952 -2.4485
-0.4597 -4.6629 -2.5663
-0.4550 -4.8105 -2.5618
-0.0281 -4.6719 -2.6127
-0.0261 -4.8211 -2.6049
0.4043 -4.6867 -2.6026
0.4020 -4.8391 -2.5899
0.8251 -4.6985 -2.5074
0.8180 -4.8511 -2.4950
1.2180 -4.8555 -2.3426
1.2287 -4.6996 -2.3545
1.5851 -4.8538 -2.1196
1.5989 -4.6940 -2.1301
1.9173 -4.8579 -1.8420
1.9333 -4.6961 -1.8505
2.2011 -4.8588 -1.5136
2.2173 -4.6989 -1.5194
2.4221 -4.8557 -1.1381
2.4375 -4.6964 -1.1419
2.5728 -4.8494 -0.7316
2.5870 -4.6898 -0.7334
2.6522 -4.8409 -0.3080
2.6649 -4.6803 -0.3072
2.6583 -4.8289 0.1218
2.6681 -4.6701 0.1239
2.5891 -4.8107 0.5407
2.5982 -4.6539 0.5462
2.4712 -4.7890 0.9499
2.4732 -4.6338 0.9563
2.2785 -4.7720 1.3376
2.2459 -4.9126 1.3108
2.4275 -4.9286 0.9273
1.9914 -4.9062 1.6535
1.9231 -5.0105 1.5841
2.1624 -5.0165 1.2521
1.6333 -5.0041 1.8854
1.6863 -4.8998 1.9612
1.2901 -4.9983 2.1380
1.3257 -4.8952 2.2177
0.8982 -4.9905 2.3313
0.9181 -4.8871 2.4097
0.4705 -4.9789 2.4573
0.4760 -4.8697 2.5330
0.0184 -4.9688 2.5017
0.0107 -4.8598 2.5708
-0.4416 -4.9610 2.4587
-0.4597 -4.8518 2.5198
-0.8956 -4.9496 2.3385
-0.9220 -4.8373 2.3914
-1.3246 -4.9403 2.1292
-1.3560 -4.8266 2.1723
-1.7095 -4.9350 1.8380
-1.7446 -4.8201 1.8733
-2.0310 -4.9348 1.4738
-2.0728 -4.8192 1.5033
-2.3143 -4.8183 1.0741
-2.2703 -4.9345 1.0520
-2.4819 -4.8212 0.6128
-2.4331 -4.9373 0.5971
-2.5496 -4.8293 0.1286
-2.4973 -4.9427 0.1213
-2.5361 -4.8431 -0.3558
-2.4752 -4.9534 -0.3535
-2.4194 -4.8660 -0.8231
-2.3535 -4.9698 -0.8073
-2.2312 -4.8881 -1.2603
-2.1610 -4.9880 -1.2298
-1.9660 -4.9021 -1.6495
-1.8974 -4.9981 -1.6025
-1.6389 -4.9071 -1.9741
-1.5767 -5.0034 -1.9120
-1.2709 -4.9152 -2.2406
-1.2176 -5.0119 -2.1613
-0.8582 -4.9226 -2.4069
-0.8194 -5.0170 -2.3170
-0.4415 -4.9371 -2.5112
-0.4174 -5.0275 -2.4073
-0.0230 -4.9482 -2.5451
-0.0176 -5.0350 -2.4317
0.3914 -4.9647 -2.5185
0.3755 -5.0458 -2.3963
0.7930 -4.9752 -2.4215
0.7519 -5.0529 -2.2985
1.1133 -5.0589 -2.1494
1.1780 -4.9822 -2.2703
1.4450 -5.0585 -1.9405
1.5318 -4.9824 -2.0523
1.7439 -5.0632 -1.6828
1.8508 -4.9871 -1.7833
2.0041 -5.0656 -1.3833
2.1266 -4.9891 -1.4657
2.2091 -5.0643 -1.0430
2.3434 -4.9863 -1.1037
2.3552 -5.0615 -0.6754
2.4929 -4.9814 -0.7112
2.4396 -5.0554 -0.2902
2.5739 -4.9735 -0.3017
2.4597 -5.0488 0.1018
2.5880 -4.9634 0.1143
2.4206 -5.0381 0.4950
2.5353 -4.9480 0.5250
2.3266 -5.0276 0.8829
2.1892 -5.0863 0.8223
2.2731 -5.0949 0.4584
2.0429 -5.0783 1.1712
1.9049 -5.1171 1.0791
2.0324 -5.1218 0.7524
1.7152 -5.1124 1.3832
1.8256 -5.0725 1.4899
1.4703 -5.1087 1.6603
1.5569 -5.0670 1.7811
1.1729 -5.1051 1.9004
1.2363 -5.0617 2.0284
0.8269 -5.1023 2.0814
0.8656 -5.0557 2.2166
0.4452 -5.0965 2.2057
0.4599 -5.0478 2.3436
0.0374 -5.0884 2.2644
0.0264 -5.0409 2.3939
-0.3846 -5.0833 2.2365
-0.4155 -5.0356 2.3590
-0.8025 -5.0784 2.1339
-0.8551 -5.0290 2.2488
-1.2021 -5.0733 1.9498
-1.2716 -5.0223 2.0519
-1.5624 -5.0704 1.6851
-1.6456 -5.0182 1.7717
-1.8582 -5.0707 1.3502
-1.9555 -5.0188 1.4199
-2.1877 -5.0183 1.0116
-2.0812 -5.0703 0.9597
-2.3428 -5.0210 0.5714
-2.2266 -5.0722 0.5399
-2.4034 -5.0248 0.1119
-2.2809 -5.0750 0.1001
-2.3754 -5.0317 -0.3454
-2.2500 -5.0808 -0.3358
-2.2528 -5.0401 -0.7808
-2.1314 -5.0871 -0.7472
-2.0595 -5.0510 -1.1823
-1.9435 -5.0957 -1.1277
-1.8033 -5.0584 -1.5356
-1.6930 -5.1023 -1.4563
-1.4920 -5.0634 -1.8248
-1.3930 -5.1054 -1.7233
-1.1462 -5.0702 -2.0514
-1.0670 -5.1099 -1.9230
-0.7670 -5.0742 -2.1929
-0.7061 -5.1126 -2.0516
-0.3868 -5.0829 -2.2670
-0.3487 -5.1183 -2.1088
-0.0112 -5.0896 -2.2854
-0.0009 -5.1226 -2.1170
0.3555 -5.0989 -2.2468
0.3323 -5.1254 -2.0739
0.7038 -5.1034 -2.1512
0.6497 -5.1232 -1.9746
1.0337 -5.1075 -2.0027
0.9447 -5.1210 -1.8329
1.2177 -5.1168 -1.6494
1.3431 -5.1061 -1.8042
1.4665 -5.1163 -1.4249
1.6153 -5.1097 -1.5639
1.6850 -5.1177 -1.1661
1.8562 -5.1126 -1.2826
1.8582 -5.1180 -0.8844
2.0471 -5.1122 -0.9656
1.9942 -5.1193 -0.5771
2.1862 -5.1102 -0.6296
2.0795 -5.1211 -0.2543
2.2732 -5.1069 -0.2728
2.1195 -5.1235 0.0782
2.3031 -5.1031 0.0905
2.1000 -5.1259 0.4153
1.9046 -5.1093 0.3690
1.9092 -5.1029 0.0606
1.8552 -5.1144 0.6729
1.6591 -5.0845 0.5880
1.6650 -5.0764 0.3143
1.5814 -5.0906 0.8607
1.7523 -5.1172 0.9744
1.4487 -5.0978 1.1251
1.5898 -5.1200 1.2623
1.2634 -5.1040 1.3742
1.3698 -5.1222 1.5267
1.0216 -5.1086 1.5921
1.1029 -5.1242 1.7551
0.7348 -5.1128 1.7616
0.7825 -5.1255 1.9279
0.4094 -5.1151 1.8794
0.4285 -5.1239 2.0505
0.0589 -5.1176 1.9476
0.0476 -5.1189 2.1149
-0.3100 -5.1197 1.9428
-0.3501 -5.1154 2.0973
-0.6834 -5.1212 1.8620
-0.7448 -5.1126 2.0057
-1.0400 -5.1225 1.7060
-1.1261 -5.1098 1.8344
-1.3623 -5.1235 1.4787
-1.4676 -5.1079 1.5893
-1.6268 -5.1236 1.1839
-1.7488 -5.1082 1.2716
-1.9595 -5.1081 0.9029
-1.8242 -5.1236 0.8360
-2.0957 -5.1092 0.5038
-1.9492 -5.1231 0.4634
-2.1454 -5.1106 0.0875
-1.9928 -5.1224 0.0735
-2.1110 -5.1139 -0.3227
-1.9559 -5.1207 -0.3077
-1.9942 -5.1173 -0.7085
-1.8401 -5.1190 -0.6697
-1.8126 -5.1216 -1.0658
-1.6631 -5.1167 -0.9950
-1.5706 -5.1261 -1.3675
-1.4343 -5.1143 -1.2653
-1.2812 -5.1238 -1.6042
-1.1589 -5.1093 -1.4764
-0.9687 -5.1214 -1.7835
-0.8628 -5.1027 -1.6288
-0.6418 -5.1198 -1.8878
-0.5597 -5.0974 -1.7075
-0.3047 -5.1168 -1.9309
-0.2613 -5.0902 -1.7304
0.0079 -5.1142 -1.9252
0.0212 -5.0837 -1.7094
0.3061 -5.1080 -1.8713
0.2673 -5.0743 -1.6175
0.5877 -5.1025 -1.7713
0.5001 -5.0686 -1.5147
0.8433 -5.0966 -1.6367
0.7233 -5.0659 -1.4113
1.0801 -5.0898 -1.4657
0.9143 -5.0590 -1.2522
1.2964 -5.0868 -1.2630
1.0537 -5.0499 -1.0265
1.4890 -5.0876 -1.0342
1.2063 -5.0516 -0.8360
1.3449 -5.0534 -0.6370
1.6475 -5.0887 -0.7847
1.5234 -5.0631 -0.4441
1.7740 -5.0924 -0.5169
1.6178 -5.0674 -0.2071
1.8641 -5.0977 -0.2358
1.6760 -5.0735 0.0449
1.3601 -5.0424 0.0346
1.2772 -5.0358 -0.1666
1.3997 -5.0487 0.2555
1.1167 -5.0233 0.1850
1.0445 -5.0164 0.0047
1.1539 -5.0308 0.3809
1.4057 -5.0556 0.4886
1.1468 -5.0374 0.5895
1.3612 -5.0615 0.7281
1.0891 -5.0450 0.8034
1.2644 -5.0680 0.9664
0.9787 -5.0506 1.0121
1.1177 -5.0739 1.1957
0.8189 -5.0556 1.2040
0.9356 -5.0810 1.4159
0.6099 -5.0609 1.3646
0.6826 -5.0856 1.5800
0.3709 -5.0673 1.5027
0.3907 -5.0897 1.6977
0.0837 -5.0717 1.5745
0.0684 -5.0952 1.7668
-0.2244 -5.0762 1.5899
-0.2665 -5.1005 1.7736
-0.5347 -5.0789 1.5379
-0.6100 -5.1039 1.7067
-0.8398 -5.0822 1.4165
-0.9441 -5.1072 1.5648
-1.1156 -5.0830 1.2273
-1.2442 -5.1096 1.3596
-1.3417 -5.0839 0.9798
-1.4905 -5.1097 1.0860
-1.6733 -5.1098 0.7642
-1.5083 -5.0839 0.6872
-1.7857 -5.1083 0.4184
-1.6079 -5.0827 0.3695
-1.8207 -5.1065 0.0581
-1.6337 -5.0810 0.0433
-1.7813 -5.1027 -0.2918
-1.5909 -5.0772 -0.2782
-1.6706 -5.0993 -0.6219
-1.4839 -5.0750 -0.5754
-1.4987 -5.0937 -0.9162
-1.3227 -5.0704 -0.8313
-1.2802 -5.0871 -1.1548
-1.0982 -5.0614 -1.0098
-1.0138 -5.0795 -1.3080
-0.8621 -5.0563 -1.1465
-0.7443 -5.0720 -1.4226
-0.6191 -5.0488 -1.2307
-0.4742 -5.0674 -1.4784
-0.3793 -5.0440 -1.2571
-0.2147 -5.0615 -1.4798
-0.1565 -5.0377 -1.2304
0.0230 -5.0547 -1.4346
0.0391 -5.0303 -1.1594
0.2308 -5.0469 -1.3464
0.2039 -5.0211 -1.0547
0.4135 -5.0403 -1.2323
0.3419 -5.0148 -0.9271
0.5729 -5.0337 -1.0979
0.4648 -5.0089 -0.7860
0.7089 -5.0248 -0.9360
0.5910 -5.0020 -0.6376
0.4319 -4.9955 -0.5103
0.5931 -4.9971 -0.3954
0.8332 -5.0061 -0.3265
0.6298 -4.9957 -0.1918
0.9453 -5.0105 -0.1617
1.1582 -5.0283 -0.3478
0.7548 -4.9997 -0.0572
0.5346 -4.9947 -0.1452
0.4669 -4.9950 -0.3032
0.6102 -4.9956 -0.0064
0.8384 -5.0034 0.0962
0.6763 -4.9978 0.1345
0.8997 -5.0098 0.2607
0.7206 -5.0011 0.2869
0.9266 -5.0155 0.4398
0.7311 -5.0056 0.4523
0.9079 -5.0232 0.6297
0.6972 -5.0110 0.6238
0.8379 -5.0297 0.8204
0.6144 -5.0160 0.7890
0.7159 -5.0349 0.9983
0.4838 -5.0219 0.9358
0.5454 -5.0404 1.1511
0.3110 -5.0262 1.0533
0.3352 -5.0447 1.2717
0.1036 -5.0299 1.1321
0.0903 -5.0491 1.3494
-0.1275 -5.0339 1.1698
-0.1738 -5.0556 1.3958
-0.3726 -5.0392 1.1675
-0.4566 -5.0584 1.3573
-0.6158 -5.0417 1.0850
-0.7316 -5.0613 1.2562
-0.8343 -5.0432 0.9433
-0.9798 -5.0621 1.0882
-1.0156 -5.0435 0.7493
-1.1826 -5.0631 0.8674
-1.3307 -5.0627 0.6043
-1.1426 -5.0432 0.5165
-1.4146 -5.0615 0.3175
-1.2107 -5.0421 0.2623
-1.4328 -5.0597 0.0226
-1.2187 -5.0401 0.0038
-1.3873 -5.0564 -0.2616
-1.1490 -5.0346 -0.2302
-1.2817 -5.0540 -0.5196
-1.0452 -5.0319 -0.4421
-1.1083 -5.0471 -0.7162
-0.8999 -5.0273 -0.6136
-0.9137 -5.0408 -0.8741
-0.7265 -5.0215 -0.7397
-0.7020 -5.0355 -0.9815
-0.5367 -5.0159 -0.8130
-0.4844 -5.0282 -1.0321
-0.3449 -5.0109 -0.8313
-0.2752 -5.0230 -1.0267
-0.1665 -5.0055 -0.7999
-0.0882 -5.0160 -0.9730
-0.0125 -5.0011 -0.7299
0.0695 -5.0094 -0.8819
0.1158 -4.9965 -0.6345
0.1998 -5.0029 -0.7669
0.2259 -4.9954 -0.5257
0.3139 -4.9990 -0.6397
0.3334 -4.9941 -0.4122
0.2726 -4.9932 -0.3437
0.3845 -4.9939 -0.2444
0.3275 -4.9935 -0.2046
0.4460 -4.9938 -0.1091
0.3808 -4.9936 -0.0863
0.5049 -4.9945 0.0164
0.4252 -4.9937 0.0281
0.5522 -4.9952 0.1465
0.4549 -4.9942 0.1479
0.5767 -4.9963 0.2874
0.4609 -4.9950 0.2752
0.5684 -4.9990 0.4369
0.4346 -4.9958 0.4060
0.5184 -5.0026 0.5862
0.3712 -4.9969 0.5318
0.4247 -5.0065 0.7244
0.2695 -4.9996 0.6415
0.2894 -5.0105 0.8397
0.1333 -5.0019 0.7238
0.1188 -5.0133 0.9214
-0.0281 -5.0043 0.7695
-0.0764 -5.0167 0.9635
-0.2018 -5.0065 0.7746
-0.2830 -5.0212 0.9719
-0.3743 -5.0087 0.7371
-0.4923 -5.0235 0.9076
-0.5385 -5.0096 0.6426
-0.6855 -5.0250 0.7907
-0.6729 -5.0102 0.5060
-0.8410 -5.0250 0.6271
-0.9502 -5.0252 0.4267
-0.7606 -5.0100 0.3376
-1.0024 -5.0236 0.2066
-0.7984 -5.0086 0.1543
-1.0006 -5.0222 -0.0124
-0.7823 -5.0066 -0.0237
-0.9301 -5.0173 -0.2075
-0.7250 -5.0040 -0.1879
-0.8310 -5.0145 -0.3809
-0.6334 -5.0022 -0.3268
-0.6992 -5.0108 -0.5178
-0.5138 -5.0000 -0.4307
-0.5431 -5.0066 -0.6098
-0.3754 -4.9980 -0.4929
-0.3754 -5.0024 -0.6520
-0.2307 -4.9959 -0.5112
-0.2107 -4.9996 -0.6459
-0.0924 -4.9949 -0.4899
-0.0620 -4.9961 -0.6000
0.0301 -4.9940 -0.4394
0.0643 -4.9951 -0.5274
0.1354 -4.9937 -0.3711
0.1719 -4.9943 -0.4392
0.2303 -4.9932 -0.2920
0.1973 -4.9932 -0.2495
0.2841 -4.9933 -0.1741
0.2482 -4.9932 -0.1477
0.3293 -4.9934 -0.0684
0.2872 -4.9933 -0.0535
0.3618 -4.9935 0.0358
0.3099 -4.9934 0.0411
0.3766 -4.9936 0.1446
0.3114 -4.9935 0.1394
0.3659 -4.9939 0.2572
0.2877 -4.9936 0.2382
0.3254 -4.9940 0.3691
0.2357 -4.9937 0.3307
0.2515 -4.9950 0.4703
0.1545 -4.9943 0.4070
0.1454 -4.9959 0.5506
0.0497 -4.9944 0.4579
0.0145 -4.9972 0.5998
-0.0690 -4.9952 0.4744
-0.1297 -4.9983 0.6106
-0.1894 -4.9953 0.4537
-0.2738 -4.9994 0.5836
-0.2989 -4.9955 0.3980
-0.4089 -5.0002 0.5079
-0.3915 -4.9956 0.3076
-0.5189 -5.0005 0.3992
-0.5889 -5.0000 0.2609
-0.4498 -4.9955 0.1927
-0.6206 -4.9995 0.1060
-0.4683 -4.9953 0.0696
-0.6005 -4.9982 -0.0387
-0.4495 -4.9949 -0.0511
-0.5461 -4.9971 -0.1715
-0.3974 -4.9945 -0.1574
-0.4611 -4.9959 -0.2796
-0.3186 -4.9943 -0.2397
-0.3535 -4.9953 -0.3553
-0.2223 -4.9937 -0.2927
-0.2328 -4.9947 -0.3941
-0.1167 -4.9936 -0.3141
-0.1098 -4.9940 -0.3956
-0.0125 -4.9935 -0.3036
0.0053 -4.9937 -0.3656
0.0840 -4.9933 -0.2674
0.1070 -4.9935 -0.3141
0.1696 -4.9931 -0.2136
0.1470 -4.9931 -0.1861
0.2189 -4.9932 -0.1265
0.1946 -4.9931 -0.1101
0.2528 -4.9933 -0.0418
0.2242 -4.9932 -0.0308
0.2667 -4.9933 0.0457
0.2317 -4.9933 0.0519
0.2580 -4.9933 0.1351
0.2134 -4.9933 0.1325
0.2231 -4.9934 0.2199
0.1680 -4.9933 0.2027
0.1615 -4.9935 0.2922
0.1000 -4.9934 0.2547
0.0774 -4.9937 0.3433
0.0176 -4.9935 0.2805
-0.0205 -4.9937 0.3649
-0.0686 -4.9935 0.2753
-0.1213 -4.9939 0.3529
-0.1481 -4.9935 0.2405
-0.2134 -4.9938 0.3114
-0.2125 -4.9935 0.1790
-0.2905 -4.9942 0.2357
-0.3407 -4.9939 0.1398
-0.2553 -4.9936 0.0999
-0.3505 -4.9939 0.0382
-0.2608 -4.9935 0.0131
-0.3293 -4.9937 -0.0612
-0.2376 -4.9935 -0.0708
-0.2785 -4.9936 -0.1460
-0.1874 -4.9934 -0.1394
-0.2055 -4.9935 -0.2083
-0.1176 -4.9933 -0.1860
-0.1179 -4.9934 -0.2440
-0.0364 -4.9933 -0.2059
-0.0247 -4.9933 -0.2510
0.0483 -4.9932 -0.1979
0.0656 -4.9933 -0.2300
0.1268 -4.9932 -0.1637
0.1070 -4.9932 -0.1433
0.1726 -4.9931 -0.0948
0.1511 -4.9931 -0.0794
0.1990 -4.9932 -0.0188
0.1739 -4.9932 -0.0066
0.2041 -4.9932 0.0597
0.1683 -4.9932 0.0668
0.1727 -4.9932 0.1310
0.1330 -4.9932 0.1293
0.1194 -4.9933 0.1868
0.0739 -4.9932 0.1693
0.0486 -4.9933 0.2179
0.0031 -4.9932 0.1796
-0.0282 -4.9933 0.2194
-0.0664 -4.9932 0.1604
-0.0989 -4.9933 0.1914
-0.1279 -4.9933 0.1196
-0.1520 -4.9933 0.1369
-0.1890 -4.9933 0.0690
-0.1481 -4.9933 0.0481
-0.1940 -4.9933 -0.0075
-0.1458 -4.9932 -0.0243
-0.1687 -4.9933 -0.0799
-0.1141 -4.9932 -0.0880
-0.1170 -4.9933 -0.1363
-0.0576 -4.9932 -0.1305
-0.0473 -4.9933 -0.1677
0.0137 -4.9932 -0.1430
0.0308 -4.9932 -0.1697
0.0871 -4.9932 -0.1239
0.0672 -4.9932 -0.1036
0.1289 -4.9931 -0.0641
0.1062 -4.9931 -0.0483
0.1474 -4.9932 0.0052
0.1195 -4.9932 0.0160
0.1351 -4.9932 0.0727
0.1008 -4.9932 0.0746
0.0922 -4.9932 0.1236
0.0502 -4.9932 0.1096
0.0291 -4.9932 0.1458
-0.0137 -4.9932 0.1106
-0.0391 -4.9932 0.1356
-0.0797 -4.9932 0.0852
-0.1038 -4.9933 0.1024
-0.1155 -4.9932 0.0304
-0.0836 -4.9932 0.0144
-0.1046 -4.9932 -0.0378
-0.0631 -4.9932 -0.0458
-0.0642 -4.9932 -0.0903
-0.0143 -4.9932 -0.0810
-0.0020 -4.9932 -0.1140
0.0482 -4.9932 -0.0810
0.0312 -4.9932 -0.0553
0.0844 -4.9931 -0.0315
0.0610 -4.9931 -0.0146
0.0919 -4.9932 0.0247
0.0579 -4.9931 0.0279
0.0634 -4.9932 0.0686
0.0273 -4.9932 0.0497
0.0114 -4.9932 0.0806
-0.0074 -4.9932 0.0333
-0.0361 -4.9932 0.0539
-0.0468 -4.9932 0.0004
-0.0122 -4.9932 -0.0047
-0.0196 -4.9932 -0.0436
0.0182 -4.9931 -0.0265
0.0108 -4.9931 0.0001
0.0393 -4.9931 -0.0001
0.0300 -4.9931 0.0267
0.0101 -4.9931 0.0208
