-0.5893 -7.8928 -2.4781
-0.4093 -7.8847 -2.2664
-0.2561 -7.8923 -2.4833
-0.4697 -7.9115 -3.1819
-0.7864 -7.9117 -3.1566
-0.1567 -7.9116 -3.1824
-1.1948 -7.8535 1.1034
-1.0130 -7.8459 1.1293
-1.0016 -7.8294 0.8582
-1.2758 -7.8499 0.9451
1.3774 -7.8330 -0.0397
1.0944 -7.8085 0.0680
1.3450 -7.8320 0.3057
1.4574 -7.8395 0.1527
-0.4633 -7.7547 -0.2837
-0.5746 -7.7640 -0.3111
-0.5633 -7.7589 -0.1844
-0.4263 -7.7494 -0.1938
-0.4056 -7.7542 -0.3442
-0.5358 -7.7668 -0.4338
-0.3115 -7.7438 -0.2367
-0.2236 -7.7431 -0.3011
-0.3248 -7.7540 -0.4208
-0.3783 -7.7445 -0.0699
-0.2614 -7.7396 -0.1109
-0.1505 -7.7379 -0.1656
-0.0442 -7.7386 -0.2384
-0.1280 -7.7442 -0.3733
-0.1943 -7.7380 0.0355
-0.0788 -7.7374 -0.0231
0.0334 -7.7376 -0.0929
0.1442 -7.7388 -0.1758
0.0689 -7.7419 -0.3242
0.0042 -7.7379 0.1522
0.1131 -7.7381 0.0733
0.2271 -7.7394 -0.0078
0.3409 -7.7451 -0.1136
0.2698 -7.7455 -0.2775
0.2185 -7.7456 0.2942
0.3260 -7.7470 0.1955
0.4264 -7.7501 0.0765
0.5362 -7.7596 -0.0564
0.4730 -7.7557 -0.2358
0.4647 -7.7680 0.4490
0.5595 -7.7678 0.3112
0.6469 -7.7697 0.1584
0.7662 -7.7795 -0.0017
0.6902 -7.7748 -0.2000
0.7759 -7.7980 0.6074
0.8617 -7.7965 0.4299
0.9449 -7.7978 0.2418
0.9823 -7.8003 -0.1524
1.1944 -7.8340 0.7496
1.2798 -7.8324 0.5280
1.6068 -7.8706 1.0899
1.7491 -7.8707 0.8301
1.7797 -7.8663 0.5280
1.8254 -7.8658 0.2529
2.1442 -7.8918 1.0665
2.2638 -7.8917 0.7361
2.3304 -7.8912 0.3918
2.3543 -7.8915 0.0543
1.8417 -7.8664 -0.0199
2.9469 -7.9138 1.0455
3.0491 -7.9136 0.6117
3.0848 -7.9135 0.1749
3.0605 -7.9135 -0.2585
2.3395 -7.8920 -0.2879
2.9796 -7.9127 -0.6772
2.2732 -7.8909 -0.6169
3.6071 -7.9223 0.2614
3.5711 -7.9217 -0.2304
3.4761 -7.9219 -0.7195
3.3357 -7.9200 -1.1795
2.8380 -7.9089 -1.0781
3.1523 -7.9064 -1.6065
2.6700 -7.8951 -1.4467
3.8534 -7.8452 -0.7520
3.7050 -7.8445 -1.2531
3.5110 -7.8339 -1.7226
3.2708 -7.8236 -2.1526
2.9309 -7.9020 -2.0001
2.9926 -7.8424 -2.5526
2.6684 -7.9190 -2.3561
3.6409 -7.7059 -1.7546
3.3921 -7.6992 -2.2007
3.1103 -7.7096 -2.6184
2.7739 -7.7091 -2.9843
2.6641 -7.8437 -2.9051
3.4641 -7.5313 -2.2186
3.1773 -7.5279 -2.6432
2.8364 -7.5283 -3.0142
2.4579 -7.5264 -3.3334
2.4003 -7.7069 -3.2957
3.2043 -7.3132 -2.6338
2.8632 -7.3202 -3.0074
2.4861 -7.3178 -3.3303
2.0801 -7.3159 -3.5944
2.0540 -7.5278 -3.5934
2.8824 -7.0962 -2.9924
2.5079 -7.0877 -3.3181
2.1014 -7.0758 -3.5846
1.6829 -7.0709 -3.8145
1.6642 -7.3118 -3.8208
2.5314 -6.7770 -3.2976
2.1233 -6.7771 -3.5685
1.7021 -6.7755 -3.8019
1.2662 -6.7691 -3.9911
1.2485 -7.0790 -3.9998
2.1750 -5.9203 -3.5222
1.7495 -5.9176 -3.7643
1.3074 -5.9148 -3.9615
0.8489 -5.9117 -4.1053
0.8147 -6.7693 -4.1255
0.3785 -5.9077 -4.1913
0.3544 -6.7605 -4.2078
1.3445 -5.0020 -3.9329
0.8801 -4.9990 -4.0833
0.4025 -4.9954 -4.1747
-0.0809 -4.9912 -4.2181
-0.0968 -5.9046 -4.2324
-0.5661 -4.9874 -4.2100
-0.5742 -5.9007 -4.2232
0.4248 -4.0643 -4.1571
-0.0645 -4.0612 -4.2037
-0.5557 -4.0582 -4.1972
-1.0434 -4.0555 -4.1341
-1.0484 -4.9842 -4.1479
-1.5175 -4.0529 -4.0020
-1.5179 -4.9807 -4.0168
-0.5441 -3.1267 -4.1862
-1.0362 -3.1245 -4.1239
-1.5142 -3.1226 -3.9909
-1.9705 -4.0505 -3.8037
-1.9699 -3.1208 -3.7904
-2.4043 -3.1193 -3.5439
-2.4024 -4.0481 -3.5585
-1.5100 -2.1918 -3.9856
-1.9689 -2.1906 -3.7840
-2.4056 -2.1895 -3.5362
-2.8083 -3.1179 -3.2475
-2.8109 -2.1887 -3.2375
-3.1667 -2.1882 -2.8792
-3.1636 -3.1169 -2.8914
-2.4074 -1.2593 -3.5345
-2.8145 -1.2589 -3.2340
-3.1716 -1.2587 -2.8736
-3.4810 -2.1880 -2.4815
-3.4861 -1.2589 -2.4737
-3.7530 -1.2594 -2.0390
-3.7484 -2.1881 -2.0490
-3.1773 -0.3287 -2.8730
-3.4930 -0.3292 -2.4710
-3.7595 -0.3301 -2.0337
-3.9504 -1.2602 -1.5666
-3.9562 -0.3313 -1.5592
-4.0933 -0.3327 -1.0628
-4.0888 -1.2614 -1.0721
-3.7714 0.5996 -2.0344
-3.9678 0.5981 -1.5569
-4.1027 0.5965 -1.0576
-4.1789 0.5945 -0.5445
-4.1691 -0.3344 -0.5518
-4.1784 0.5921 -0.0248
-4.1682 -0.3364 -0.0340
-4.1170 1.5261 -1.0560
-4.1913 1.5238 -0.5400
-4.1898 1.5212 -0.0180
-4.1172 1.5184 0.5005
-4.1049 0.5897 0.4914
-3.9948 1.5153 1.0107
-3.9846 0.5868 1.0000
-4.2038 2.4508 -0.0132
-4.1318 2.4476 0.5079
-4.0090 2.4442 1.0205
-3.8425 2.4402 1.5217
-3.8308 1.5117 1.5100
-3.5989 2.4355 1.9907
-3.5851 1.5076 1.9750
-4.0243 3.3734 1.0288
-3.8528 3.3692 1.5311
-3.6085 3.3639 2.0025
-3.2866 3.3580 2.4257
-3.2741 2.4304 2.4090
-2.9235 3.3518 2.8155
-2.9072 2.4255 2.7928
-3.6222 4.2926 2.0162
-3.2956 4.2862 2.4396
-2.9386 4.2786 2.8390
-2.5503 4.2710 3.2066
-2.5260 3.3460 3.1713
-2.1188 4.2647 3.5264
-2.0980 3.3408 3.4907
-2.9695 5.2043 2.8765
-2.5676 5.1961 3.2346
-2.1278 5.1889 3.5446
-1.6518 5.1826 3.7986
-1.6466 4.2600 3.7827
-1.1576 5.1770 4.0172
-1.1486 4.2552 3.9874
-2.1236 6.1129 3.5508
-1.6531 6.1050 3.8123
-1.1564 6.0996 4.0206
-0.6382 6.0952 4.1658
-0.6368 5.1737 4.1600
-0.1047 6.0964 4.2345
-0.1020 5.1730 4.2356
-1.1709 6.9893 4.0750
-0.6472 6.9828 4.2153
-0.1110 6.9888 4.2860
0.4287 6.9881 4.2924
0.4321 6.0996 4.2409
0.9652 6.9883 4.2253
0.9650 6.1015 4.1790
-0.1180 7.7073 4.3739
0.4272 7.7044 4.3674
0.9749 7.6997 4.3044
1.5088 7.6737 4.1653
1.4895 6.9935 4.0915
2.0200 7.6636 3.9602
1.9897 6.9922 3.8856
0.9797 7.9090 4.3392
1.5184 7.9055 4.1989
2.0354 7.9063 3.9944
2.5093 7.8926 3.7119
2.4907 7.6697 3.6798
1.5285 8.0712 4.2319
2.0477 8.0685 4.0213
2.5258 8.0634 3.7391
2.9638 8.0507 3.4005
2.9466 7.8841 3.3772
2.0612 8.2114 4.0513
2.5438 8.2135 3.7685
2.9833 8.1985 3.4265
3.3762 8.1870 3.0282
3.3564 8.0451 3.0081
2.5644 8.3414 3.8007
3.0021 8.3294 3.4518
3.3997 8.3192 3.0508
3.7297 8.3094 2.5977
3.7061 8.1747 2.5791
3.0222 8.4537 3.4771
3.4237 8.4422 3.0734
3.7607 8.4335 2.6203
4.0400 8.4321 2.1336
4.0076 8.3051 2.1135
3.4554 8.5502 3.1025
3.7964 8.5432 2.6464
4.0753 8.5463 2.1546
4.2915 8.5477 1.6218
4.2585 8.4281 1.6070
3.8549 8.6193 2.6873
4.1407 8.6224 2.1890
4.3596 8.6313 1.6475
4.5095 8.6401 1.0822
4.4364 8.5626 1.0646
4.2322 8.6032 2.2353
4.4590 8.6202 1.6817
4.6169 8.6361 1.1043
4.7266 8.6381 0.5171
4.6110 8.6560 0.5098
4.5532 8.5775 1.7137
4.7127 8.5867 1.1225
4.8237 8.5741 0.5224
4.8467 8.5466 -0.0851
4.7661 8.6319 -0.0801
4.6187 8.1233 -1.2657
4.7698 8.1415 -0.6799
4.7541 7.8224 -0.6752
4.6050 7.8031 -1.2604
4.4020 8.1202 -1.8279
4.3888 7.7879 -1.8236
4.1236 8.1215 -2.3631
4.1090 7.7865 -2.3579
3.7667 7.7908 -2.8588
3.7842 8.1271 -2.8667
4.3727 7.3257 -1.8179
4.0914 7.3301 -2.3503
3.7487 7.3327 -2.8471
3.3732 7.7804 -3.3219
3.3562 7.3364 -3.3058
2.9052 7.3523 -3.7059
2.9244 7.8018 -3.7308
3.7411 7.0563 -2.8407
3.3484 7.0662 -3.2965
2.8980 7.0817 -3.6947
2.4126 7.0800 -4.0485
2.4193 7.3499 -4.0615
3.3415 6.7591 -3.2873
2.8924 6.7649 -3.6839
2.4058 6.7732 -4.0338
1.8832 6.7735 -4.3259
1.8855 7.0815 -4.3371
2.8928 5.9763 -3.6725
2.4051 5.9798 -4.0161
1.8830 5.9871 -4.3033
1.3269 5.9735 -4.5167
1.3247 6.7888 -4.5422
0.7554 5.9560 -4.6816
0.7473 6.7985 -4.6999
1.8912 5.0677 -4.2903
1.3370 5.0613 -4.5034
0.7684 5.0510 -4.6673
0.1825 5.0405 -4.7481
0.1671 5.9426 -4.7633
-0.4088 5.0324 -4.7549
-0.4261 5.9318 -4.7755
0.7826 4.1318 -4.6531
0.1994 4.1249 -4.7386
-0.3901 4.1188 -4.7452
-0.9760 4.1131 -4.6812
-0.9976 5.0279 -4.6943
-1.5508 4.1083 -4.5512
-1.5739 5.0277 -4.5591
-0.3717 3.2000 -4.7532
-0.9555 3.1936 -4.6864
-1.5275 3.1871 -4.5533
-2.0763 3.1799 -4.3450
-2.1015 4.1036 -4.3426
-2.5933 3.1728 -4.0675
-2.6190 4.0979 -4.0628
-1.5064 2.2649 -4.5642
-2.0533 2.2568 -4.3576
-2.5677 2.2488 -4.0777
-3.0477 2.2409 -3.7412
-3.0688 3.1659 -3.7215
-3.4806 2.2318 -3.3461
-3.4982 3.1587 -3.3194
-2.5499 1.3235 -4.1071
-3.0245 1.3139 -3.7678
-3.4519 1.3033 -3.3709
-3.8295 1.2930 -2.9233
-3.8446 2.2222 -2.8860
-4.1408 1.2837 -2.4251
-4.1594 2.2134 -2.3905
-3.4410 0.3724 -3.4182
-3.8159 0.3623 -2.9679
-4.1296 0.3531 -2.4701
-4.3832 0.3454 -1.9375
-4.3950 1.2756 -1.8930
-4.5576 0.3386 -1.3708
-4.5700 1.2676 -1.3270
-4.1129 -0.5788 -2.5133
-4.3644 -0.5866 -1.9795
-4.5502 -0.5922 -1.4174
-4.6554 -0.5978 -0.8325
-4.6625 0.3324 -0.7835
-4.6861 -0.6047 -0.2372
-4.6939 0.3248 -0.1855
-4.5319 -1.5268 -1.4573
-4.6384 -1.5315 -0.8739
-4.6795 -1.5360 -0.2792
-4.6323 -1.5409 0.3179
-4.6394 -0.6132 0.3598
-4.5183 -1.5468 0.9102
-4.5184 -0.6221 0.9515
-4.6824 -2.4692 -0.3138
-4.6462 -2.4715 0.2852
-4.5353 -2.4750 0.8788
-4.3450 -2.4802 1.4553
-4.3271 -1.5542 1.4846
-4.0796 -2.4862 2.0051
-4.0656 -1.5617 2.0322
-4.5496 -3.4072 0.8497
-4.3594 -3.4088 1.4274
-4.0973 -3.4120 1.9806
-3.7790 -3.4164 2.5060
-3.7595 -2.4904 2.5280
-3.3992 -3.4228 2.9883
-3.3791 -2.4937 3.0090
-4.1308 -4.3426 1.9644
-3.8096 -4.3469 2.4889
-3.4272 -4.3535 2.9728
-2.9836 -4.3624 3.4017
-2.9594 -3.4297 3.4161
-2.4979 -4.3729 3.7784
-2.4719 -3.4368 3.7853
-3.4614 -5.2877 2.9647
-3.0201 -5.2981 3.3993
-2.5301 -5.3123 3.7760
-1.9971 -5.3254 4.0877
-1.9704 -4.3835 4.0891
-1.4243 -5.3367 4.3169
-1.4022 -4.3951 4.3167
-2.5626 -6.2520 3.7763
-2.0267 -6.2672 4.0943
-1.4495 -6.2816 4.3280
-0.8468 -6.2919 4.4791
-0.8283 -5.3472 4.4748
-0.2307 -6.2989 4.5535
-0.2172 -5.3561 4.5540
-1.4678 -7.1925 4.3329
-0.8594 -7.2040 4.4841
-0.2390 -7.2203 4.5578
0.3853 -7.2219 4.5373
0.3900 -6.3023 4.5398
1.0021 -7.2149 4.4471
1.0047 -6.3021 4.4575
-0.2400 -7.5039 4.5585
0.3858 -7.5039 4.5377
1.0040 -7.5039 4.4420
1.6060 -7.5039 4.2658
1.6034 -7.2013 4.2762
2.7251 -7.5039 3.6873
3.2157 -7.5039 3.2933
3.2062 -7.1745 3.3109
2.7173 -7.1849 3.7021
2.1801 -7.1916 4.0281
2.1855 -7.5039 4.0165
2.7040 -6.2732 3.7295
2.1735 -6.2835 4.0502
1.6014 -6.2928 4.2902
1.6009 -5.3598 4.3030
1.0087 -5.3639 4.4648
0.3986 -5.3623 4.5436
0.4071 -4.4219 4.5548
-0.2033 -4.4149 4.5521
-0.8103 -4.4058 4.4730
-0.7964 -3.4672 4.4834
-1.3819 -3.4564 4.3215
-1.9463 -3.4453 4.0944
-1.9295 -2.5099 4.1080
-2.4515 -2.5034 3.7972
-2.9411 -2.4986 3.4348
-2.9198 -1.5694 3.4460
-3.3519 -1.5687 3.0159
-3.7434 -1.5672 2.5478
-3.7456 -0.6408 2.5814
-4.0722 -0.6349 2.0747
-4.3265 -0.6290 1.5265
-4.3357 0.2978 1.5720
-4.5328 0.3035 1.0019
-4.6509 0.3144 0.4124
-4.6418 1.2438 0.4552
-4.6900 1.2520 -0.1415
-4.6671 1.2592 -0.7394
-4.6857 2.1873 -0.7003
-4.5760 2.1956 -1.2867
-4.4068 2.2046 -1.8556
-4.4286 3.1328 -1.8274
-4.1846 3.1434 -2.3658
-3.8747 3.1514 -2.8673
-3.8962 4.0775 -2.8508
-3.5225 4.0842 -3.3097
-3.0957 4.0910 -3.7171
-3.1245 5.0160 -3.7209
-2.6466 5.0245 -4.0687
-2.1268 5.0282 -4.3494
-2.1501 5.9436 -4.3640
-1.5939 5.9328 -4.5724
-1.0166 5.9277 -4.7125
-1.0322 6.7721 -4.7345
-0.4394 6.7795 -4.7990
0.1570 6.7840 -4.7874
0.1545 7.1460 -4.8038
0.7470 7.1453 -4.7166
1.3264 7.1140 -4.5588
0.7485 7.4345 -4.7366
1.3290 7.3873 -4.5741
1.8895 7.3506 -4.3498
1.3354 7.8261 -4.6002
1.8988 7.8022 -4.3729
2.4312 7.8043 -4.0814
2.4416 8.1446 -4.0966
2.9390 8.1391 -3.7471
3.3893 8.1429 -3.3341
4.4128 8.5131 -1.8309
4.3768 8.6220 -1.8151
4.5859 8.6205 -1.2596
4.6277 8.5154 -1.2711
4.7233 8.6251 -0.6794
4.7785 8.5290 -0.6875
4.4811 8.6604 -1.2292
4.6148 8.6613 -0.6627
4.6489 8.6620 -0.0744
4.5003 8.6607 -0.6444
4.5298 8.6482 -0.0701
4.5124 8.6052 0.5023
4.4811 8.5361 -0.0686
4.4795 8.4848 0.4971
4.4025 8.4451 1.0534
4.4515 8.3573 0.4923
4.3729 8.3179 1.0435
4.2293 8.2992 1.5931
4.3466 8.1814 1.0351
4.2007 8.1635 1.5792
3.9797 8.1676 2.0951
4.1763 8.0190 1.5667
3.9595 8.0209 2.0803
3.6877 8.0338 2.5635
3.9402 7.8521 2.0653
3.6667 7.8756 2.5448
3.3363 7.8766 2.9866
3.6383 7.6633 2.5196
3.3108 7.6511 2.9588
2.9254 7.6602 3.3478
3.2609 6.9818 2.8979
2.8847 6.9868 3.2851
2.4552 6.9846 3.6113
2.4495 6.0998 3.5795
1.9840 6.1021 3.8481
1.4844 6.1023 4.0447
1.4963 5.1742 4.0478
0.9738 5.1740 4.1806
0.4378 5.1735 4.2415
0.4415 4.2503 4.2062
-0.0965 4.2504 4.2071
-0.6280 4.2523 4.1244
-0.6189 3.3304 4.0890
-1.1372 3.3330 3.9529
-1.6351 3.3363 3.7576
-1.6285 2.4127 3.7404
-2.0886 2.4164 3.4716
-2.5125 2.4208 3.1492
-2.5047 1.4955 3.1335
-2.8939 1.4996 2.7728
-3.2586 1.5036 2.3894
-3.2532 0.5768 2.3768
-3.5768 0.5802 1.9616
-3.8205 0.5836 1.4974
-3.8142 -0.3440 1.4843
-3.9782 -0.3411 0.9882
-4.0980 -0.3386 0.4809
-4.0982 -1.2663 0.4688
-4.1655 -1.2644 -0.0457
-4.1645 -1.2627 -0.5624
-4.1656 -2.1904 -0.5769
-4.0878 -2.1893 -1.0857
-3.9467 -2.1886 -1.5783
-3.9459 -3.1161 -1.5955
-3.7460 -3.1159 -2.0647
-3.4779 -3.1162 -2.4956
-3.4769 -4.0430 -2.5174
-3.1621 -4.0444 -2.9119
-2.8062 -4.0461 -3.2655
-2.8006 -4.9710 -3.2888
-2.3976 -4.9737 -3.5791
-1.9675 -4.9771 -3.8208
-1.9586 -5.8857 -3.8404
-1.5133 -5.8890 -4.0336
-1.0494 -5.8952 -4.1619
-1.0444 -6.7398 -4.1751
-0.5775 -6.7435 -4.2354
-0.1102 -6.7565 -4.2453
-0.1147 -7.0633 -4.2481
0.3451 -7.0748 -4.2113
0.8013 -7.0693 -4.1316
0.3374 -7.3022 -4.2104
0.7892 -7.3037 -4.1324
1.2333 -7.3098 -4.0028
0.7752 -7.5141 -4.1221
1.2151 -7.5201 -3.9948
1.6419 -7.5232 -3.8161
1.1821 -7.7000 -3.9418
1.5999 -7.7033 -3.7667
2.0043 -7.7055 -3.5496
1.5285 -7.8386 -3.6553
1.9199 -7.8402 -3.4471
2.3022 -7.8424 -3.2023
1.6916 -7.9203 -3.1444
2.0359 -7.9204 -2.9260
2.3656 -7.9217 -2.6658
1.9618 -7.9117 -2.3363
2.2271 -7.9100 -2.0804
2.4666 -7.8999 -1.7821
1.8469 -7.8865 -1.4633
2.0257 -7.8749 -1.2114
2.1644 -7.8868 -0.9291
1.7318 -7.8662 -0.8228
1.8213 -7.8703 -0.5731
1.8784 -7.8708 -0.3057
1.3330 -7.8350 -0.4704
1.3109 -7.8304 -0.2851
0.9458 -7.7996 -0.3439
0.9097 -7.7978 -0.5205
0.6507 -7.7722 -0.3728
1.2820 -7.8324 -0.6728
1.1844 -7.8339 -0.8662
0.8266 -7.8032 -0.6840
1.6126 -7.8587 -1.0496
1.4661 -7.8694 -1.2564
1.0808 -7.8413 -1.0450
1.6414 -7.8900 -1.6874
1.2941 -7.8719 -1.4484
1.4212 -7.8912 -1.8865
1.6856 -7.9122 -2.5535
1.1878 -7.8917 -2.0528
1.3854 -7.9121 -2.7410
1.3381 -7.9199 -3.3288
1.0836 -7.9121 -2.8979
1.1265 -7.8361 -3.8225
0.9756 -7.9196 -3.4755
0.7125 -7.8323 -3.9425
0.6106 -7.9189 -3.5785
0.7516 -7.6954 -4.0665
0.3154 -7.6921 -4.1415
0.2937 -7.8294 -4.0149
0.3290 -7.5096 -4.1985
-0.1203 -7.5097 -4.2335
-0.1239 -7.6905 -4.1758
-0.1177 -7.3008 -4.2464
-0.5761 -7.3030 -4.2372
-0.5735 -7.5098 -4.2244
-0.5774 -7.0719 -4.2390
-1.0404 -7.0656 -4.1793
-1.0359 -7.3004 -4.1782
-1.5025 -6.7409 -4.0517
-1.4960 -7.0565 -4.0568
-1.9424 -6.7363 -3.8618
-2.3861 -5.8811 -3.6022
-2.3672 -6.7329 -3.6291
-2.7881 -5.8755 -3.3155
-3.1569 -4.9686 -2.9375
-3.1467 -5.8715 -2.9690
-3.4741 -4.9661 -2.5458
-3.7476 -4.0421 -2.0884
-3.7483 -4.9638 -2.1186
-3.9493 -4.0420 -1.6198
-4.0897 -3.1165 -1.1041
-4.0964 -4.0423 -1.1287
-4.1696 -3.1173 -0.5957
-4.1707 -2.1917 -0.0605
-4.1787 -3.1182 -0.0793
-4.1048 -2.1934 0.4542
-3.9791 -1.2686 0.9755
-3.9869 -2.1954 0.9614
-3.8160 -1.2712 1.4717
-3.5732 -0.3470 1.9487
-3.5785 -1.2739 1.9379
-3.2530 -0.3499 2.3653
-2.8904 0.5735 2.7605
-2.8931 -0.3528 2.7509
-2.5035 0.5701 3.1223
-2.0868 1.4917 3.4623
-2.0852 0.5668 3.4492
-1.6259 1.4886 3.7290
-1.1306 2.4100 3.9329
-1.1289 1.4865 3.9238
-0.6138 2.4080 4.0707
-0.0898 3.3286 4.1750
-0.0857 2.4065 4.1598
0.4460 3.3279 4.1862
0.9760 4.2499 4.1476
0.9793 3.3274 4.1275
1.4977 4.2494 4.0198
1.9946 5.1739 3.8425
1.9959 4.2487 3.8177
2.4613 5.1731 3.5725
2.8721 6.0976 3.2481
2.8873 5.1721 3.2421
3.2509 6.0967 2.8671
3.5846 6.9707 2.4647
3.5737 6.0994 2.4370
3.9171 7.6303 2.0468
3.8660 6.9654 2.0027
4.1262 7.5998 1.5374
4.0778 6.9617 1.5045
4.1536 7.8481 1.5537
4.2974 7.8569 1.0186
4.2726 7.6026 1.0087
4.3224 8.0322 1.0271
4.3966 8.0812 0.4822
4.3704 7.9035 0.4762
4.4232 8.2229 0.4873
4.4238 8.2658 -0.0702
4.3968 8.1213 -0.0713
4.4502 8.4062 -0.0690
4.3987 8.4373 -0.6309
4.3684 8.3055 -0.6276
4.4321 8.5612 -0.6348
4.2941 8.5793 -1.1769
4.2640 8.4605 -1.1721
4.3695 8.6620 -1.1966
4.1766 8.6748 -1.7301
4.1108 8.5887 -1.7041
4.2811 8.6662 -1.7743
4.0112 8.6771 -2.2955
3.9160 8.6832 -2.2422
4.0966 8.6315 -2.3443
3.7533 8.6429 -2.8366
3.6735 8.6902 -2.7790
4.1366 8.5340 -2.3680
3.7943 8.5435 -2.8669
3.3973 8.5617 -3.3370
3.3534 8.6709 -3.2947
1.9073 8.1385 -4.3893
1.3418 8.1493 -4.6187
0.7517 7.8892 -4.7663
0.7545 8.2119 -4.7867
0.1532 7.4597 -4.8230
0.1512 7.9739 -4.8556
-0.4476 7.4758 -4.8327
-0.4530 8.0099 -4.8672
-0.4441 7.1481 -4.8153
-1.0393 7.1553 -4.7503
-1.0459 7.4935 -4.7687
-1.6124 6.7801 -4.5956
-1.6220 7.1603 -4.6116
-2.1697 6.7848 -4.3803
-2.6698 5.9449 -4.0764
-2.6902 6.7867 -4.0860
-3.1491 5.9332 -3.7246
-3.5517 5.0062 -3.3103
-3.5780 5.9184 -3.3114
-3.9174 4.9971 -2.8418
-4.2013 4.0703 -2.3408
-4.2291 4.9910 -2.3318
-4.4558 4.0619 -1.8032
-4.5963 3.1225 -1.2571
-4.6290 4.0526 -1.2344
-4.6920 3.1155 -0.6689
-4.6996 2.1803 -0.1036
-4.7146 3.1101 -0.0724
-4.6461 2.1739 0.4915
-4.5224 1.2349 1.0411
-4.5246 2.1682 1.0762
-4.3335 1.2279 1.6086
-4.0681 0.2951 2.1133
-4.0628 1.2253 2.1448
-3.7443 0.2921 2.6212
-3.3606 -0.6443 3.0478
-3.3647 0.2882 3.0861
-2.9173 -0.6427 3.4605
-2.4370 -1.5710 3.8122
-2.4324 -0.6413 3.8261
-1.9159 -1.5753 4.1203
-1.3671 -2.5190 4.3336
-1.3544 -1.5824 4.3424
-0.7864 -2.5288 4.5003
-0.1935 -3.4755 4.5617
-0.1867 -2.5368 4.5741
0.4127 -3.4814 4.5656
1.0108 -4.4243 4.4738
1.0114 -3.4839 4.4873
1.5990 -4.4219 4.3191
2.1678 -5.3526 4.0681
2.1594 -4.4162 4.0828
2.6941 -5.3428 3.7546
3.1883 -6.2608 3.3448
3.1777 -5.3308 3.3811
3.6155 -6.2468 2.8997
3.6354 -7.1650 2.8578
4.0008 -7.1559 2.3554
3.9786 -6.2305 2.4047
3.6470 -7.5039 2.8373
4.0080 -7.5039 2.3281
4.2989 -7.5039 1.7810
4.2900 -7.1373 1.8117
4.6435 -7.5039 0.6172
4.6946 -7.5039 0.0220
4.6858 -7.0371 0.0642
4.6313 -7.0705 0.6534
4.4973 -7.1066 1.2391
4.5053 -7.5039 1.2041
4.6242 -6.1541 0.7285
4.4836 -6.1832 1.3079
4.2719 -6.2100 1.8715
4.2539 -5.2748 1.9243
3.9602 -5.2958 2.4523
3.6000 -5.3150 2.9412
3.5843 -4.3812 2.9757
3.1623 -4.3955 3.4067
2.6829 -4.4071 3.7758
2.6730 -3.4699 3.7991
2.1511 -3.4785 4.0994
1.5943 -3.4829 4.3308
1.5927 -2.5433 4.3495
1.0123 -2.5435 4.5033
0.4161 -2.5414 4.5773
0.4187 -1.6024 4.5892
-0.1810 -1.5981 4.5874
-0.7771 -1.5907 4.5129
-0.7675 -0.6527 4.5201
-1.3485 -0.6478 4.3664
-1.9042 -0.6434 4.1264
-1.9119 0.2813 4.1541
-2.4367 0.2838 3.8486
-2.9249 0.2865 3.4936
-2.9232 1.2217 3.5299
-3.3627 1.2252 3.1208
-3.7391 1.2254 2.6523
-3.7385 2.1595 2.6693
-4.0735 2.1596 2.1748
-4.3352 2.1631 1.6404
-4.3483 3.1030 1.6705
-4.5402 3.1040 1.1076
-4.6575 3.1056 0.5226
-4.6861 4.0399 0.5431
-4.7433 4.0420 -0.0501
-4.7255 4.0465 -0.6468
-4.7539 4.9828 -0.6337
-4.6584 4.9881 -1.2215
-4.4899 4.9897 -1.7932
-4.5117 5.9032 -1.7891
-4.2617 5.8976 -2.3342
-3.9517 5.9053 -2.8462
-3.9778 6.7632 -2.8480
-3.5971 6.7804 -3.3102
-3.1692 6.7851 -3.7280
-3.1846 7.1326 -3.7373
-2.7025 7.1363 -4.0957
-2.1793 7.1489 -4.3903
-2.7140 7.4314 -4.1050
-2.1892 7.4509 -4.4021
-1.6305 7.4729 -4.6273
-2.2054 7.9165 -4.4217
-1.6440 7.9779 -4.6526
-1.0545 7.9942 -4.7948
-1.0601 8.3131 -4.8153
-0.4575 8.3048 -4.8791
0.1487 8.2778 -4.8730
2.4507 8.5613 -4.1073
1.9170 8.5495 -4.4051
1.8985 8.6699 -4.3667
2.4270 8.6797 -4.0691
2.8971 8.6810 -3.6970
2.9426 8.5742 -3.7507
2.3636 8.7169 -3.9723
2.8289 8.7118 -3.6148
3.2758 8.7046 -3.2213
2.7653 8.6681 -3.5400
3.1982 8.6752 -3.1502
3.5884 8.6818 -2.7181
3.1588 8.5506 -3.1186
3.5422 8.5675 -2.6895
3.8609 8.5800 -2.2151
3.5086 8.4349 -2.6707
3.8260 8.4551 -2.2008
4.0846 8.4630 -1.6970
3.7955 8.3198 -2.1892
4.0548 8.3323 -1.6899
4.2368 8.3327 -1.1674
4.0191 8.1910 -1.6810
4.2073 8.1891 -1.1617
4.3352 8.1653 -0.6235
4.1504 8.0086 -1.1482
4.2846 7.9826 -0.6169
4.3670 7.9475 -0.0728
4.2518 7.7147 -0.6156
4.3330 7.6815 -0.0759
4.3411 7.6413 0.4681
4.2640 7.0148 -0.0852
4.2819 6.9991 0.4507
4.2342 6.9668 0.9872
4.1887 6.1486 0.9597
4.0482 6.1327 1.4765
3.8423 6.1116 1.9714
3.8479 5.1811 1.9549
3.5830 5.1741 2.4226
3.2634 5.1717 2.8562
3.2598 4.2406 2.8336
2.8897 4.2449 3.2236
2.4642 4.2475 3.5532
2.4635 3.3264 3.5305
1.9973 3.3269 3.7964
1.5000 3.3271 3.9984
1.5012 2.4065 3.9777
0.9817 2.4059 4.1107
0.4496 2.4059 4.1766
0.4514 1.4836 4.1613
-0.0842 1.4839 4.1514
-0.6121 1.4849 4.0619
-0.6116 0.5611 4.0510
-1.1273 0.5624 3.9098
-1.6227 0.5642 3.7123
-1.6238 -0.3606 3.6989
-2.0855 -0.3584 3.4352
-2.5056 -0.3557 3.1112
-2.5169 -1.2817 3.1071
-2.9047 -1.2791 2.7461
-3.2623 -1.2766 2.3578
-3.2776 -2.2029 2.3502
-3.5909 -2.2004 1.9274
-3.8245 -2.1978 1.4582
-3.8373 -3.1237 1.4424
-3.9976 -3.1215 0.9441
-4.1129 -3.1196 0.4357
-4.1279 -4.0447 0.4139
-4.1918 -4.0436 -0.1025
-4.1795 -4.0428 -0.6200
-4.1903 -4.9639 -0.6491
-4.1037 -4.9636 -1.1589
-3.9535 -4.9634 -1.6505
-3.9541 -5.8608 -1.6863
-3.7441 -5.8629 -2.1538
-3.4666 -5.8677 -2.5798
-3.4538 -6.7109 -2.6187
-3.1314 -6.7165 -3.0059
-2.7700 -6.7224 -3.3479
-2.7594 -7.0371 -3.3600
-2.3573 -7.0404 -3.6394
-1.9339 -7.0500 -3.8696
-2.3466 -7.2772 -3.6449
-1.9250 -7.2842 -3.8725
-1.4893 -7.2928 -4.0577
-1.9116 -7.4922 -3.8658
-1.4793 -7.4993 -4.0482
-1.0287 -7.5068 -4.1665
-1.4557 -7.6792 -3.9993
-1.0130 -7.6844 -4.1127
-0.5668 -7.6884 -4.1675
-0.9835 -7.8210 -3.9914
-0.5546 -7.8248 -4.0419
-0.1288 -7.8272 -4.0488
-0.5190 -7.9181 -3.6760
-0.1398 -7.9185 -3.6777
0.2369 -7.9189 -3.6450
0.1528 -7.9117 -3.1541
0.4641 -7.9118 -3.0994
0.7724 -7.9118 -3.0143
0.4565 -7.8917 -2.3782
0.7024 -7.8920 -2.3042
0.9479 -7.8919 -2.1913
0.6829 -7.8746 -1.8887
0.9007 -7.8739 -1.7695
1.1057 -7.8729 -1.6212
0.6259 -7.8517 -1.5078
0.8031 -7.8491 -1.3738
0.9553 -7.8457 -1.2162
0.5410 -7.8234 -1.1587
0.6693 -7.8182 -1.0117
0.7654 -7.8118 -0.8504
0.4338 -7.7937 -0.8363
0.5257 -7.7869 -0.6864
0.5987 -7.7796 -0.5342
0.3441 -7.7665 -0.5473
0.4158 -7.7600 -0.3979
0.1912 -7.7506 -0.4225
0.1041 -7.7592 -0.5624
-0.0197 -7.7492 -0.4602
0.2549 -7.7737 -0.6886
0.1452 -7.7826 -0.8226
-0.0028 -7.7698 -0.6975
0.3230 -7.8005 -0.9755
0.1820 -7.8073 -1.0996
0.0078 -7.7918 -0.9478
0.3869 -7.8281 -1.2884
0.2116 -7.8327 -1.3963
0.0193 -7.8149 -1.2138
0.4318 -7.8536 -1.6188
0.2393 -7.8570 -1.7234
0.0292 -7.8397 -1.5134
0.4667 -7.8756 -1.9884
0.2451 -7.8765 -2.0593
0.0338 -7.8603 -1.8059
0.2049 -7.8914 -2.4206
0.0236 -7.8769 -2.0996
-0.0310 -7.8910 -2.4389
-0.9000 -7.9176 -3.6300
-1.2765 -7.9173 -3.5428
-1.4094 -7.8168 -3.8853
-1.8218 -7.8108 -3.7194
-1.6498 -7.9168 -3.4036
-1.8816 -7.6724 -3.8236
-2.2950 -7.6676 -3.6056
-2.2229 -7.8068 -3.5106
-2.3308 -7.4855 -3.6416
-2.7307 -7.4883 -3.3666
-2.6904 -7.6673 -3.3358
-2.7481 -7.2774 -3.3675
-3.1115 -7.2748 -3.0294
-3.0948 -7.4821 -3.0310
-3.1215 -7.0414 -3.0204
-3.4457 -7.0316 -2.6346
-3.4361 -7.2715 -2.6453
-3.7364 -6.6947 -2.1935
-3.7301 -7.0247 -2.2106
-3.9526 -6.6917 -1.7260
-4.1092 -5.8619 -1.1940
-4.1137 -6.6967 -1.2323
-4.2002 -5.8651 -0.6827
-4.2071 -4.9651 -0.1303
-4.2221 -5.8678 -0.1618
-4.1471 -4.9667 0.3883
-4.0148 -4.0463 0.9241
-4.0353 -4.9684 0.9004
-3.8566 -4.0485 1.4242
-3.6055 -3.1262 1.9131
-3.6279 -4.0510 1.8979
-3.2967 -3.1287 2.3400
-2.9221 -2.2053 2.7418
-2.9396 -3.1311 2.7314
-2.5333 -2.2077 3.1034
-2.0961 -1.2841 3.4323
-2.1099 -2.2100 3.4275
-1.6361 -1.2861 3.7023
-1.1289 -0.3624 3.8977
-1.1385 -1.2881 3.8993
-0.6134 -0.3637 4.0405
-0.0836 0.5603 4.1396
-0.0848 -0.3645 4.1288
0.4521 0.5603 4.1472
0.9832 1.4843 4.0936
0.9844 0.5614 4.0783
1.5023 1.4857 3.9586
1.9979 2.4075 3.7752
1.9990 1.4879 3.7561
2.4644 2.4089 3.5108
2.8856 3.3249 3.1995
2.8859 2.4107 3.1798
3.2486 3.3223 2.8053
3.5718 4.2343 2.3952
3.5566 3.3177 2.3666
3.8383 4.2290 1.9293
4.0441 5.1925 1.4554
4.0349 4.2372 1.4309
4.1740 5.2029 0.9359
4.2451 6.1467 0.4287
4.2318 5.2081 0.4054
4.2223 6.1412 -0.1042
4.1769 7.0236 -0.6163
4.1462 6.1334 -0.6338
4.0419 7.0226 -1.1388
4.1186 7.7491 -1.1447
3.9368 7.7547 -1.6609
3.8485 7.0286 -1.6432
3.9713 8.0257 -1.6674
3.7080 7.9924 -2.1549
3.6820 7.7548 -2.1477
3.7560 8.1692 -2.1735
3.4522 8.1384 -2.6424
3.4257 7.9662 -2.6300
3.4796 8.2933 -2.6556
3.1079 8.2818 -3.0809
3.0857 8.1455 -3.0654
3.1318 8.4186 -3.0981
2.7110 8.4132 -3.4818
2.6886 8.2759 -3.4594
2.7363 8.5451 -3.5084
2.2750 8.5570 -3.8436
2.2531 8.4227 -3.8152
2.3028 8.6807 -3.8815
1.7978 8.6735 -4.1643
1.7747 8.5562 -4.1216
1.8456 8.7211 -4.2593
1.2947 8.7279 -4.4816
1.2615 8.6728 -4.3854
1.3309 8.6724 -4.5885
0.7428 8.6930 -4.7387
0.7216 8.7326 -4.6333
1.3500 8.5649 -4.6445
0.7575 8.6066 -4.8104
0.1425 8.6430 -4.8637
0.1363 8.7090 -4.7747
-1.6523 8.2868 -4.6670
-2.2184 8.2539 -4.4385
-2.7362 7.9116 -4.1242
-2.7557 8.2490 -4.1433
-3.1991 7.4338 -3.7461
-3.2263 7.9387 -3.7624
-3.6307 7.4386 -3.3254
-3.6631 7.9357 -3.3407
-3.6133 7.1357 -3.3172
-3.9899 7.1415 -2.8496
-4.0074 7.4546 -2.8559
-4.2944 6.7538 -2.3391
-4.3140 7.1347 -2.3444
-4.5370 6.7478 -1.7907
-4.6792 5.9122 -1.2146
-4.6958 6.7354 -1.2107
-4.7744 5.9102 -0.6247
-4.7657 4.9769 -0.0378
-4.7814 5.8943 -0.0273
-4.7056 4.9755 0.5555
-4.5607 4.0416 1.1257
-4.5792 4.9784 1.1392
-4.3615 4.0441 1.6888
-4.0859 3.1014 2.2035
-4.0920 4.0441 2.2216
-3.7533 3.0988 2.6959
-3.3533 2.1604 3.1287
-3.3651 3.0958 3.1496
-2.9192 2.1587 3.5441
-2.4391 1.2172 3.8872
-2.4335 2.1552 3.8973
-1.9192 1.2149 4.1891
-1.3588 0.2816 4.4063
-1.3625 1.2142 4.4159
-0.7692 0.2827 4.5504
-0.1765 -0.6595 4.6062
-0.1757 0.2797 4.6468
0.4209 -0.6641 4.6047
1.0130 -1.6044 4.5159
1.0143 -0.6677 4.5300
1.5920 -1.6050 4.3611
2.1461 -2.5404 4.1185
2.1474 -1.6044 4.1359
2.6635 -2.5351 3.8140
3.1467 -3.4600 3.4286
3.1397 -2.5271 3.4491
3.5649 -3.4484 2.9985
3.9374 -4.3641 2.4876
3.9221 -3.4344 2.5179
4.2330 -4.3453 1.9650
4.4683 -5.2530 1.3652
4.4518 -4.3257 1.4097
4.6120 -5.2302 0.7886
4.6749 -6.1256 0.1408
4.6727 -5.2072 0.2023
4.6663 -6.0976 -0.4418
4.6738 -7.0054 -0.5179
4.5920 -6.9768 -1.0850
4.5874 -6.0720 -1.0124
4.6791 -7.5039 -0.5567
4.5916 -7.5039 -1.1151
4.4449 -7.5039 -1.6659
4.4441 -6.9517 -1.6307
1.9811 -7.5039 -4.4166
1.9712 -6.9112 -4.4075
2.4422 -6.9093 -4.1458
2.4526 -7.5039 -4.1641
2.8850 -6.9088 -3.8385
2.8892 -7.5039 -3.8556
3.2918 -6.9075 -3.4838
3.2885 -7.5039 -3.5036
3.6565 -6.9101 -3.0810
3.6500 -7.5039 -3.1045
3.9662 -6.9149 -2.6299
3.9639 -7.5039 -2.6572
4.2325 -6.9289 -2.1467
4.2317 -7.5039 -2.1780
3.9658 -6.0160 -2.5797
4.2365 -6.0298 -2.0907
4.4338 -6.0491 -1.5618
4.4416 -5.1411 -1.5118
4.5877 -5.1614 -0.9568
4.6630 -5.1840 -0.3819
4.6586 -4.2674 -0.3354
4.6655 -4.2870 0.2493
4.5964 -4.3064 0.8345
4.5849 -3.3835 0.8721
4.4358 -3.4007 1.4452
4.2157 -3.4180 1.9978
4.2063 -2.4915 2.0265
3.9198 -2.5054 2.5479
3.5598 -2.5170 3.0235
3.5611 -1.5859 3.0491
3.1432 -1.5958 3.4757
2.6674 -1.6020 3.8381
2.6731 -0.6675 3.8639
2.1487 -0.6701 4.1489
1.5943 -0.6703 4.3773
1.6017 0.2619 4.4201
1.0186 0.2668 4.5659
0.4233 0.2732 4.6465
0.4225 1.2080 4.6544
-0.1814 1.2140 4.6500
-0.7799 1.2148 4.5639
-0.7737 2.1490 4.5818
-1.3547 2.1518 4.4206
-1.9120 2.1530 4.1951
-1.9096 3.0861 4.2093
-2.4385 3.0894 3.9175
-2.9270 3.0926 3.5621
-2.9291 4.0260 3.5821
-3.3763 4.0348 3.1796
-3.7627 4.0413 2.7211
-3.7628 4.9800 2.7386
-4.0998 4.9833 2.2384
-4.3742 4.9822 1.7024
-4.3784 5.9057 1.7196
-4.5855 5.8973 1.1538
-4.7188 5.8889 0.5683
-4.7285 6.7258 0.5828
-4.7955 6.7308 -0.0153
-4.7902 6.7310 -0.6166
-4.7976 7.0673 -0.6127
-4.7046 7.0752 -1.2092
-4.5497 7.1083 -1.7918
-4.7164 7.3697 -1.2082
-4.5661 7.4200 -1.7940
-4.3331 7.4523 -2.3503
-4.5825 7.8691 -1.7926
-4.3533 7.9009 -2.3518
-4.0366 7.9142 -2.8655
-4.0623 8.2564 -2.8719
-3.6875 8.2798 -3.3507
-3.2476 8.2696 -3.7756
-1.6406 8.6565 -4.6186
-1.6123 8.7184 -4.5282
-1.0380 8.7073 -4.6686
-1.0540 8.6621 -4.7647
-0.4552 8.7119 -4.7582
-0.4604 8.6469 -4.8479
-1.0190 8.7208 -4.5623
-0.4491 8.7242 -4.6504
0.1297 8.7338 -4.6671
-0.4453 8.6336 -4.5791
0.1254 8.6548 -4.5890
0.6994 8.6793 -4.5251
0.1232 8.5291 -4.5528
0.6904 8.5522 -4.4845
1.2476 8.5539 -4.3489
0.6833 8.4182 -4.4525
1.2358 8.4255 -4.3186
1.7587 8.4261 -4.0937
1.2238 8.2920 -4.2890
1.7429 8.2918 -4.0670
2.2327 8.2821 -3.7892
1.7295 8.1525 -4.0450
2.2161 8.1340 -3.7692
2.6698 8.1330 -3.4418
2.2003 7.9631 -3.7510
2.6510 7.9743 -3.4251
3.0635 7.9687 -3.0514
2.6273 7.7438 -3.4048
3.0367 7.7385 -3.0348
3.3936 7.7419 -2.6144
2.9778 7.0407 -3.0025
3.3346 7.0360 -2.5932
3.6197 7.0376 -2.1330
3.5723 6.1369 -2.1293
3.8210 6.1311 -1.6539
4.0136 6.1298 -1.1537
4.0040 5.2106 -1.1743
4.1340 5.2099 -0.6559
4.2118 5.2098 -0.1274
4.2015 4.2749 -0.1486
4.2305 4.2664 0.3833
4.1690 4.2530 0.9133
4.1526 3.3251 0.8898
4.0217 3.3101 1.4065
3.8216 3.3103 1.9015
3.8177 2.4185 1.8804
3.5524 2.4174 2.3447
3.2475 2.4134 2.7847
3.2463 1.5012 2.7637
2.8866 1.4953 3.1601
2.4654 1.4911 3.4916
2.4673 0.5699 3.4742
2.0017 0.5660 3.7414
1.5040 0.5632 3.9432
1.5061 -0.3619 3.9315
0.9850 -0.3635 4.0659
0.4517 -0.3644 4.1345
0.4503 -1.2907 4.1326
-0.0888 -1.2905 4.1252
-0.6200 -1.2895 4.0390
-0.6302 -2.2161 4.0399
-1.1512 -2.2143 3.9006
-1.6493 -2.2122 3.6998
-1.6676 -3.1383 3.6979
-2.1276 -3.1359 3.4211
-2.5508 -3.1335 3.0947
-2.5762 -4.0584 3.0873
-2.9648 -4.0559 2.7215
-3.3219 -4.0535 2.3284
-3.3516 -4.9754 2.3140
-3.6537 -4.9725 1.8795
-3.8787 -4.9707 1.4027
-3.9015 -5.8747 1.3776
-4.0559 -5.8712 0.8730
-4.1645 -5.8685 0.3587
-4.1826 -6.7113 0.3283
-4.2362 -6.7094 -0.1947
-4.2083 -6.7028 -0.7183
-4.2094 -7.0329 -0.7332
-4.1126 -7.0249 -1.2485
-3.9491 -7.0269 -1.7433
-4.1083 -7.2693 -1.2604
-3.9428 -7.2774 -1.7559
-3.7216 -7.2790 -2.2230
-3.9268 -7.4931 -1.7632
-3.7036 -7.4969 -2.2286
-3.4192 -7.4807 -2.6495
-3.6515 -7.6742 -2.2128
-3.3744 -7.6604 -2.6317
-3.0527 -7.6614 -3.0075
-3.2767 -7.7982 -2.5733
-2.9621 -7.7995 -2.9373
-2.6082 -7.8044 -3.2525
-2.6876 -7.9157 -2.7095
-2.3640 -7.9161 -2.9905
-2.0126 -7.9164 -3.2200
-1.7360 -7.9117 -2.8370
-1.4161 -7.9115 -2.9789
-1.1042 -7.9116 -3.0846
-0.8178 -7.8929 -2.4358
-1.0703 -7.8938 -2.3799
-0.8481 -7.8813 -2.1013
-0.6177 -7.8816 -2.1688
-0.6135 -7.8682 -1.8866
-0.3962 -7.8710 -1.9824
-0.1956 -7.8788 -2.1492
-0.1788 -7.8648 -1.8866
-0.3852 -7.8562 -1.7342
-0.1708 -7.8471 -1.6182
-0.5929 -7.8519 -1.6199
-0.3677 -7.8379 -1.4758
-0.1635 -7.8261 -1.3484
-0.5565 -7.8329 -1.3551
-0.3414 -7.8169 -1.2146
-0.1491 -7.8025 -1.0726
-0.5044 -7.8117 -1.0954
-0.3050 -7.7949 -0.9594
-0.1408 -7.7811 -0.8264
-0.4425 -7.7906 -0.8525
-0.2713 -7.7742 -0.7234
-0.1291 -7.7608 -0.5937
-0.3808 -7.7710 -0.6271
-0.2374 -7.7560 -0.5033
-0.4725 -7.7686 -0.5253
-0.5569 -7.7875 -0.7361
-0.6489 -7.7848 -0.6161
-0.7119 -7.7816 -0.4798
-0.7454 -7.7785 -0.3410
-0.8570 -7.8027 -0.6954
-0.9280 -7.7999 -0.5386
-0.9524 -7.7966 -0.3773
-0.9391 -7.7922 -0.2101
-0.7371 -7.7740 -0.1937
-1.1877 -7.8220 -0.6011
-1.2148 -7.8187 -0.4149
-1.1964 -7.8141 -0.2271
-1.1436 -7.8086 -0.0479
-0.8950 -7.7874 -0.0475
-1.5383 -7.8441 -0.4580
-1.5182 -7.8398 -0.2420
-1.4593 -7.8345 -0.0380
-1.3990 -7.8303 0.1546
-1.0895 -7.8046 0.1213
-1.8948 -7.8646 -0.2480
-1.8413 -7.8606 -0.0106
-1.7652 -7.8565 0.2134
-1.6795 -7.8548 0.4240
-1.3121 -7.8273 0.3312
-2.2541 -7.8805 0.0317
-2.1826 -7.8780 0.2969
-2.0935 -7.8775 0.5499
-1.9809 -7.8782 0.7930
-1.5641 -7.8533 0.6142
-2.5712 -7.8910 0.3814
-2.4760 -7.8917 0.6854
-2.3366 -7.8929 0.9789
-2.1554 -7.8931 1.2473
-1.8297 -7.8779 1.0146
-3.0604 -7.9074 0.9321
-2.8858 -7.9095 1.3007
-2.6637 -7.9101 1.6448
-2.3941 -7.9100 1.9491
-1.9300 -7.8926 1.4898
-2.0957 -7.9101 2.2241
-1.6799 -7.8916 1.6974
-3.0256 -7.9150 1.9201
-2.7213 -7.9153 2.2691
-2.3831 -7.9159 2.5915
-1.7675 -7.9101 2.4714
-2.0183 -7.9162 2.8798
-1.6222 -7.9170 3.1297
-1.4199 -7.9101 2.6885
-2.6054 -7.8189 2.8688
-2.2104 -7.8251 3.1868
-1.7775 -7.8306 3.4677
-1.1920 -7.9172 3.3316
-1.3025 -7.8336 3.6904
-0.7934 -7.8348 3.8475
-0.7318 -7.9178 3.4769
-1.8287 -7.6905 3.5878
-1.3372 -7.6933 3.8192
-0.8123 -7.6940 3.9807
-0.2657 -7.6966 4.0888
-0.2624 -7.8361 3.9532
-1.3457 -7.5017 3.8804
-0.8132 -7.5036 4.0424
-0.2595 -7.5087 4.1516
0.3165 -7.5154 4.1857
0.3035 -7.6957 4.1256
-0.8021 -7.2857 4.0584
-0.2469 -7.2926 4.1669
0.3293 -7.3015 4.1989
0.9139 -7.3023 4.1432
0.9019 -7.5105 4.1320
-0.2321 -7.0495 4.1697
0.3422 -7.0616 4.2000
0.9242 -7.0682 4.1433
1.5010 -7.0659 4.0041
1.4937 -7.3042 4.0045
0.3578 -6.7361 4.1957
0.9360 -6.7493 4.1385
1.5073 -6.7598 3.9996
2.0568 -6.7630 3.7714
2.0555 -7.0802 3.7750
0.9583 -5.9073 4.1223
1.5178 -5.9118 3.9822
2.0538 -5.9158 3.7581
2.5542 -5.9206 3.4583
2.5695 -6.7590 3.4628
2.9995 -5.9237 3.0811
3.0249 -6.7653 3.0738
2.0471 -5.0100 3.7459
2.5369 -5.0138 3.4531
2.9745 -5.0154 3.0868
3.3375 -5.0166 2.6482
3.3679 -5.9269 2.6311
3.6473 -5.0168 2.1729
3.6805 -5.9293 2.1437
2.9500 -4.0837 3.0905
3.3104 -4.0842 2.6630
3.6168 -4.0841 2.1970
3.8723 -4.0839 1.7044
3.9023 -5.0173 1.6696
4.0477 -4.0837 1.1812
4.0744 -5.0179 1.1365
3.5908 -3.1488 2.2176
3.8464 -3.1481 1.7334
4.0254 -3.1473 1.2191
4.1346 -3.1465 0.6887
4.1529 -4.0832 0.6439
4.1644 -3.1454 0.1520
4.1727 -4.0820 0.1017
4.0102 -2.2102 1.2522
4.1236 -2.2093 0.7269
4.1598 -2.2085 0.1942
4.0980 -2.2077 -0.3336
4.0963 -3.1441 -0.3779
3.9894 -2.2069 -0.8509
3.9847 -3.1425 -0.8967
4.1607 -1.2713 0.2305
4.1041 -1.2717 -0.2961
3.9985 -1.2718 -0.8129
3.8487 -1.2717 -1.3160
3.8351 -2.2059 -1.3532
3.6517 -1.2714 -1.7997
3.6347 -2.2050 -1.8351
4.0102 -0.3386 -0.7808
3.8634 -0.3393 -1.2848
3.6693 -0.3394 -1.7702
3.4208 -0.3390 -2.2278
3.4009 -1.2709 -2.2548
3.1217 -0.3386 -2.6504
3.0981 -1.2706 -2.6729
3.6908 0.5899 -1.7473
3.4438 0.5905 -2.2077
3.1475 0.5914 -2.6350
2.7945 0.5924 -3.0151
2.7676 -0.3381 -3.0258
2.3948 0.5933 -3.3426
2.3681 -0.3375 -3.3486
3.1739 1.5195 -2.6241
2.8208 1.5213 -3.0081
2.4209 1.5227 -3.3405
1.9834 1.5244 -3.6174
1.9580 0.5944 -3.6167
1.5223 1.5260 -3.8545
1.4995 0.5957 -3.8493
2.4454 2.4512 -3.3394
2.0053 2.4532 -3.6202
1.5421 2.4552 -3.8591
1.0564 2.4574 -4.0453
1.0384 1.5276 -4.0364
0.5504 2.4595 -4.1626
0.5353 1.5291 -4.1514
1.5610 3.3838 -3.8665
1.0727 3.3866 -4.0543
0.5641 3.3893 -4.1745
0.0459 3.3915 -4.2353
0.0351 2.4610 -4.2214
-0.4754 3.3934 -4.2421
-0.4831 2.4623 -4.2271
0.5771 4.3183 -4.1926
0.0562 4.3210 -4.2584
-0.4691 4.3247 -4.2641
-0.9912 4.3274 -4.2095
-0.9930 3.3950 -4.1837
-1.5002 4.3294 -4.0831
-1.4962 3.3962 -4.0523
-0.4625 5.2534 -4.3242
-0.9928 5.2593 -4.2621
-1.5129 5.2630 -4.1405
-2.0120 5.2648 -3.9498
-1.9837 4.3308 -3.8791
-2.4816 5.2654 -3.6944
-2.4413 4.3311 -3.6223
-1.5107 6.2012 -4.1607
-2.0115 6.2043 -3.9651
-2.4829 6.2052 -3.7058
-2.9150 6.2050 -3.3848
-2.9055 5.2651 -3.3673
-3.2977 6.2034 -3.0055
-3.2828 5.2633 -2.9866
-2.4714 7.0967 -3.6928
-2.9044 7.0942 -3.3729
-3.2912 7.0826 -2.9997
-3.6200 7.0667 -2.5749
-3.6223 6.1997 -2.5755
-3.8822 7.0666 -2.1069
-3.8869 6.1921 -2.1064
-3.3227 7.6678 -3.0247
-3.6503 7.6817 -2.5934
-3.9108 7.6956 -2.1196
-4.0704 7.0732 -1.6036
-4.1098 7.7048 -1.6170
-4.2406 7.7128 -1.0907
-4.1934 7.0788 -1.0797
-3.9286 7.9380 -2.1271
-4.1386 7.9260 -1.6258
-4.2651 7.9334 -1.0963
-4.3255 7.9436 -0.5507
-4.3008 7.7389 -0.5493
-4.1609 8.0990 -1.6328
-4.2867 8.0979 -1.1012
-4.3474 8.1071 -0.5520
-4.3451 8.1087 0.0015
-4.3205 7.9446 -0.0009
-4.3092 8.2424 -1.1062
-4.3726 8.2492 -0.5532
-4.3717 8.2566 0.0040
-4.3123 8.2678 0.5577
-4.2805 8.1225 0.5504
-4.4024 8.3844 -0.5547
-4.4020 8.3952 0.0066
-4.3459 8.4031 0.5643
-4.2182 8.4016 1.1030
-4.1879 8.2614 1.0937
-4.4352 8.5294 0.0096
-4.3781 8.5343 0.5700
-4.2480 8.5359 1.1121
-4.0664 8.5457 1.6484
-4.0299 8.4036 1.6322
-4.4212 8.6526 0.5764
-4.2887 8.6572 1.1245
-4.1202 8.6561 1.6722
-3.8757 8.6501 2.1977
-3.8143 8.5432 2.1622
-4.3994 8.6598 1.1560
-4.2192 8.6499 1.7135
-3.9660 8.6396 2.2481
-3.6399 8.6349 2.7451
-3.5541 8.6410 2.6826
-4.3113 8.6099 1.7517
-4.0491 8.5992 2.2943
-3.7199 8.5903 2.8017
-3.3319 8.5824 3.2688
-3.2530 8.6245 3.1968
-4.1212 8.5373 2.3335
-3.7883 8.5221 2.8497
-3.3929 8.5042 3.3235
-2.9494 8.4719 3.7413
-2.9061 8.5588 3.6940
-1.9318 8.0488 4.3968
-2.4597 8.0653 4.0899
-2.4522 7.7570 4.0693
-1.9243 7.7202 4.3743
-1.3535 7.7136 4.6032
-1.3587 8.0398 4.6264
-0.7590 7.7433 4.7643
-0.7618 8.0587 4.7914
-0.1572 7.7685 4.8534
-0.1610 8.0845 4.8799
-1.3469 7.2669 4.5716
-0.7559 7.2811 4.7320
-0.1533 7.3100 4.8189
0.4547 7.3351 4.8274
0.4534 7.8024 4.8583
1.0593 7.3201 4.7452
1.0636 7.7901 4.7782
-0.1518 7.0223 4.7994
0.4553 7.0282 4.8103
1.0579 7.0306 4.7295
1.6479 7.0479 4.5872
1.6507 7.3162 4.6007
0.4558 6.6753 4.7927
1.0571 6.6864 4.7159
1.6448 6.6994 4.5710
2.2072 6.6962 4.3494
2.2112 7.0436 4.3643
1.0575 5.8375 4.6982
1.6425 5.8430 4.5464
2.2048 5.8463 4.3249
2.7306 6.6943 4.0466
2.7304 5.8555 4.0269
3.2148 5.8649 3.6681
3.2130 6.7022 3.6832
2.2042 4.9243 4.3034
2.7285 4.9289 4.0043
3.2151 4.9311 3.6498
3.6425 5.8622 3.2434
3.6399 4.9310 3.2239
4.0071 4.9314 2.7491
4.0134 5.8503 2.7681
3.2052 3.9931 3.6236
3.6275 3.9960 3.1967
4.0025 4.0000 2.7296
4.3125 4.9344 2.2340
4.3003 4.0066 2.2116
4.5270 4.0155 1.6596
4.5378 4.9413 1.6794
3.9822 3.0676 2.6994
4.2818 3.0748 2.1837
4.5178 3.0843 1.6369
4.6672 3.0959 1.0613
4.6806 4.0272 1.0845
4.7509 3.1098 0.4734
4.7612 4.0421 0.4950
4.4962 2.1526 1.6103
4.6487 2.1644 1.0361
4.7326 2.1769 0.4494
4.7394 2.1914 -0.1417
4.7614 3.1256 -0.1185
4.6764 2.2076 -0.7276
4.6864 3.1422 -0.7046
4.7112 1.2466 0.4256
4.7177 1.2604 -0.1657
4.6506 1.2754 -0.7501
4.5221 1.2898 -1.3222
4.5375 2.2231 -1.2999
4.3138 1.3037 -1.8692
4.3342 2.2367 -1.8514
4.6442 0.3453 -0.7761
4.5013 0.3593 -1.3442
4.2941 0.3740 -1.8909
4.0445 1.3171 -2.3882
4.0196 0.3890 -2.4065
3.6998 0.4025 -2.8941
3.7205 1.3307 -2.8752
4.2845 -0.5506 -1.9244
4.0185 -0.5355 -2.4448
3.6931 -0.5222 -2.9275
3.3230 0.4148 -3.3371
3.3040 -0.5103 -3.3584
2.8859 -0.5015 -3.7595
2.8918 0.4248 -3.7263
3.6715 -1.4445 -2.9439
3.2955 -1.4333 -3.3815
2.8705 -1.4254 -3.7720
2.4117 -0.4942 -4.0910
2.3999 -1.4210 -4.1019
1.9005 -1.4186 -4.3817
1.9049 -0.4902 -4.3677
2.8606 -2.3483 -3.7766
2.3964 -2.3460 -4.1071
1.8966 -2.3475 -4.3779
1.3732 -2.3510 -4.5968
1.3699 -1.4196 -4.5926
0.8248 -2.3567 -4.7399
0.8199 -1.4248 -4.7444
1.8996 -3.2706 -4.3738
1.3770 -3.2757 -4.5853
0.8345 -3.2834 -4.7372
0.2779 -3.2939 -4.8224
0.2640 -2.3650 -4.8249
-0.2849 -3.3069 -4.8325
-0.3023 -2.3754 -4.8451
0.8517 -4.2040 -4.7374
0.2995 -4.2167 -4.8271
-0.2603 -4.2325 -4.8377
-0.8189 -4.2504 -4.7900
-0.8465 -3.3212 -4.7866
-1.3671 -4.2684 -4.6704
-1.3968 -3.3355 -4.6655
-0.2256 -5.1504 -4.8391
-0.7814 -5.1705 -4.7910
-1.3284 -5.1935 -4.6813
-1.8562 -5.2181 -4.5014
-1.8984 -4.2857 -4.4871
-2.3644 -5.2391 -4.2649
-2.4063 -4.3018 -4.2439
-1.2687 -6.1092 -4.6892
-1.7896 -6.1381 -4.5040
-2.2969 -6.1658 -4.2728
-2.7699 -6.1887 -3.9687
-2.8389 -5.2570 -3.9590
-3.2226 -6.2058 -3.6197
-3.2779 -5.2683 -3.5951
-2.2200 -7.0743 -4.2937
-2.6967 -7.1002 -3.9956
-3.1454 -7.1153 -3.6412
-3.5624 -7.1295 -3.2337
-3.6302 -6.2154 -3.2040
-3.9329 -7.1385 -2.7712
-3.9824 -6.2224 -2.7296
-3.1111 -7.5039 -3.6581
-3.5290 -7.5039 -3.2511
-3.9041 -7.5039 -2.7896
-4.2138 -7.5039 -2.2795
-4.2347 -7.1451 -2.2543
-4.7154 -7.5039 -0.5251
-4.7134 -7.1375 -0.4986
-4.6323 -7.1390 -1.1099
-4.6272 -7.5039 -1.1403
-4.4797 -7.1498 -1.7016
-4.4613 -7.5039 -1.7315
-4.6391 -6.2257 -1.0577
-4.4949 -6.2245 -1.6479
-4.2744 -6.2268 -2.2086
-4.2940 -5.2752 -2.1692
-4.0159 -5.2746 -2.6955
-3.6745 -5.2733 -3.1741
-3.7010 -4.3278 -3.1381
-3.3151 -4.3234 -3.5665
-2.8802 -4.3149 -3.9353
-2.9131 -3.3708 -3.9164
-2.4367 -3.3606 -4.2275
-1.9296 -3.3487 -4.4793
-1.9550 -2.4090 -4.4733
-1.4197 -2.3981 -4.6643
-0.8664 -2.3869 -4.7908
-0.8829 -1.4490 -4.7884
-0.3152 -1.4396 -4.8461
0.2559 -1.4321 -4.8326
0.2457 -0.4983 -4.8268
0.8132 -0.4932 -4.7358
1.3653 -0.4907 -4.5716
1.3685 0.4368 -4.5529
1.9046 0.4351 -4.3304
2.4183 0.4319 -4.0615
2.4265 1.3592 -4.0405
2.9040 1.3531 -3.7061
3.3357 1.3435 -3.3145
3.3467 2.2734 -3.2963
3.7371 2.2618 -2.8591
4.0636 2.2494 -2.3720
4.0682 3.1840 -2.3533
4.3422 3.1712 -1.8321
4.5477 3.1573 -1.2790
4.5540 4.0929 -1.2633
4.6939 4.0772 -0.6871
4.7701 4.0596 -0.0988
4.7758 4.9909 -0.0844
4.7719 4.9702 0.5112
4.6981 4.9529 1.1035
4.7014 5.8648 1.1110
4.5439 5.8505 1.6885
4.3103 5.8447 2.2432
4.3065 6.7018 2.2473
4.0078 6.7080 2.7742
3.6373 6.7085 3.2530
3.6454 7.0354 3.2638
3.2198 7.0217 3.6959
2.7351 7.0344 4.0594
3.2280 7.3064 3.7090
2.7403 7.3161 4.0713
2.2158 7.3263 4.3779
2.7566 7.7612 4.0983
2.2248 7.7573 4.4000
1.6562 7.7647 4.6252
1.6620 8.0824 4.6458
1.0684 8.0982 4.8057
0.4524 8.1014 4.8836
-1.3609 8.4494 4.6430
-1.3378 8.5375 4.5794
-1.9051 8.5269 4.3584
-1.9376 8.4388 4.4190
-2.4320 8.5369 4.0640
-2.4656 8.4451 4.1123
-1.8570 8.5809 4.2641
-2.3730 8.5847 3.9773
-2.8366 8.6029 3.6143
-2.3100 8.6023 3.8836
-2.7593 8.6114 3.5235
-3.1684 8.6277 3.1188
-2.7230 8.5055 3.4771
-3.1325 8.5138 3.0857
-3.5001 8.5327 2.6420
-3.1067 8.3870 3.0605
-3.4678 8.3975 2.6170
-3.7750 8.4007 2.1387
-3.4384 8.2546 2.5940
-3.7431 8.2480 2.1188
-3.9996 8.2527 1.6185
-3.7148 8.0904 2.1014
-3.9706 8.0982 1.6049
-4.1571 8.1164 1.0842
-3.9441 7.9323 1.5922
-4.1292 7.9591 1.0753
-4.2573 7.9595 0.5446
-4.1038 7.7466 1.0666
-4.2347 7.7449 0.5393
-4.2976 7.7324 -0.0031
-4.1789 7.0787 0.5251
-4.2516 7.0778 -0.0068
-4.2566 7.0729 -0.5450
-4.2727 6.1703 -0.5447
-4.2111 6.1767 -1.0803
-4.0877 6.1844 -1.6055
-4.0755 5.2523 -1.5965
-3.8647 5.2567 -2.0897
-3.6057 5.2601 -2.5596
-3.5558 4.3273 -2.5181
-3.2355 4.3294 -2.9369
-2.8631 4.3310 -3.3091
-2.8479 3.3971 -3.2822
-2.4278 3.3974 -3.5904
-1.9737 3.3971 -3.8453
-1.9729 2.4645 -3.8302
-1.4975 2.4640 -4.0354
-0.9976 2.4633 -4.1678
-1.0028 1.5320 -4.1528
-0.4916 1.5312 -4.2126
0.0232 1.5303 -4.2092
0.0104 0.5993 -4.1962
0.5188 0.5983 -4.1396
1.0188 0.5970 -4.0287
0.9981 -0.3344 -4.0234
1.4763 -0.3356 -3.8481
1.9328 -0.3367 -3.6189
1.9080 -1.2690 -3.6282
2.3420 -1.2698 -3.3613
2.7431 -1.2703 -3.0445
2.7174 -2.2040 -3.0689
3.0741 -2.2042 -2.7016
3.3814 -2.2044 -2.2882
3.3622 -3.1387 -2.3298
3.6184 -3.1395 -1.8786
3.8253 -3.1409 -1.3987
3.8164 -4.0758 -1.4544
3.9808 -4.0782 -0.9518
4.0985 -4.0803 -0.4315
4.1005 -5.0145 -0.4960
4.1816 -5.0164 0.0413
4.1741 -5.0175 0.5901
4.1942 -5.9328 0.5259
4.1006 -5.9307 1.0824
3.9342 -5.9291 1.6279
3.9655 -6.7786 1.5806
3.7154 -6.7804 2.1107
3.3985 -6.7771 2.6093
3.4087 -7.0773 2.5991
3.0341 -7.0927 3.0680
2.5740 -7.0989 3.4626
3.0377 -7.3204 3.0606
2.5745 -7.3163 3.4593
2.0523 -7.3086 3.7743
2.5684 -7.5197 3.4474
2.0440 -7.5137 3.7641
1.4830 -7.5150 3.9940
2.0155 -7.6913 3.7136
1.4586 -7.6918 3.9409
0.8828 -7.6907 4.0765
1.4120 -7.8281 3.8205
0.8516 -7.8283 3.9507
0.2887 -7.8339 3.9925
0.7656 -7.9198 3.5677
0.2564 -7.9192 3.6056
-0.2419 -7.9185 3.5706
-0.2199 -7.9108 3.0606
-0.6462 -7.9105 2.9833
-1.0463 -7.9102 2.8561
-0.8483 -7.8895 2.1697
-1.1405 -7.8900 2.0343
-1.4147 -7.8907 1.8790
-1.1853 -7.8710 1.4887
-1.3995 -7.8730 1.3515
-1.6009 -7.8745 1.1877
-1.4246 -7.8514 0.7865
-1.0862 -7.8240 0.6570
-1.2029 -7.8251 0.4939
-0.8273 -7.8046 0.6241
-0.9160 -7.8009 0.4406
-1.0092 -7.8021 0.2817
-0.6949 -7.7845 0.4350
-0.7751 -7.7823 0.2651
-0.8445 -7.7838 0.1077
-0.5803 -7.7668 0.2620
-0.6415 -7.7655 0.0999
-0.7002 -7.7699 -0.0463
-0.4724 -7.7518 0.0896
-0.5243 -7.7548 -0.0519
-0.3235 -7.7423 0.0716
-0.4099 -7.7548 0.2580
-0.2522 -7.7450 0.2380
-0.1157 -7.7398 0.2061
-0.1789 -7.7544 0.4380
-0.0312 -7.7499 0.4158
0.0987 -7.7464 0.3627
0.0647 -7.7739 0.6971
0.2096 -7.7698 0.6333
0.3491 -7.7684 0.5615
0.3589 -7.8040 0.9891
0.5196 -7.8017 0.8888
0.6661 -7.8001 0.7668
0.7537 -7.8408 1.3048
0.9318 -7.8384 1.1454
1.0790 -7.8360 0.9555
1.2270 -7.8711 1.5443
1.4277 -7.8701 1.3235
1.5057 -7.8916 1.9139
1.7493 -7.8911 1.6566
1.9665 -7.8915 1.3768
2.2574 -7.9130 2.2127
2.5432 -7.9135 1.8584
2.7764 -7.9137 1.4672
3.2208 -7.9223 1.7357
3.4272 -7.9226 1.2595
3.5588 -7.9227 0.7636
3.9333 -7.8472 0.8768
3.9988 -7.8477 0.3218
3.9572 -7.8453 -0.2256
4.0941 -7.7103 -0.2177
3.9901 -7.7093 -0.7573
3.8384 -7.7115 -1.2715
4.0593 -7.5285 -0.7466
3.9096 -7.5308 -1.2678
3.7148 -7.5297 -1.7591
3.9329 -7.3125 -1.2446
3.7415 -7.3127 -1.7402
3.4940 -7.3149 -2.2054
3.7568 -7.0620 -1.7135
3.5110 -7.0747 -2.1825
3.2233 -7.0758 -2.6143
3.5268 -6.7527 -2.1497
3.2427 -6.7631 -2.5858
2.9052 -6.7691 -2.9668
3.2836 -5.9160 -2.5116
2.9524 -5.9209 -2.9007
2.5830 -5.9219 -3.2414
2.6270 -5.0082 -3.1893
2.2194 -5.0071 -3.4786
1.7909 -5.0046 -3.7275
1.8255 -4.0720 -3.6932
1.3764 -4.0698 -3.9051
0.9079 -4.0672 -4.0619
0.9326 -3.1334 -4.0433
0.4456 -3.1312 -4.1429
-0.0483 -3.1289 -4.1907
-0.0326 -2.1964 -4.1842
-0.5325 -2.1948 -4.1809
-1.0284 -2.1932 -4.1190
-1.0210 -1.2618 -4.1202
-1.5062 -1.2608 -3.9867
-1.9681 -1.2600 -3.7840
-1.9679 -0.3292 -3.7890
-2.4097 -0.3288 -3.5380
-2.8190 -0.3286 -3.2355
-2.8266 0.6020 -3.2441
-3.1864 0.6017 -2.8785
-3.5038 0.6010 -2.4742
-3.5166 1.5316 -2.4812
-3.7850 1.5300 -2.0383
-3.9833 1.5281 -1.5586
-3.9972 2.4588 -1.5617
-4.1341 2.4563 -1.0571
-4.2060 2.4537 -0.5380
-4.2250 3.3839 -0.5379
-4.2210 3.3806 -0.0101
-4.1500 3.3771 0.5141
-4.1696 4.3068 0.5191
-4.0430 4.3028 1.0366
-3.8667 4.2982 1.5411
-3.8772 5.2270 1.5491
-3.6290 5.2213 2.0269
-3.3181 5.2135 2.4668
-3.3055 6.1436 2.4668
-2.9511 6.1336 2.8694
-2.5544 6.1230 3.2301
-2.5724 7.0283 3.2660
-2.1385 7.0163 3.5876
-1.6682 7.0010 3.8563
-1.7009 7.7142 3.9341
-1.1884 7.7070 4.1381
-0.6618 7.7099 4.3003
-0.6682 7.9315 4.3365
-0.1213 7.9163 4.4122
0.4271 7.9169 4.4077
-0.1247 8.0676 4.4440
0.4268 8.0622 4.4401
0.9846 8.0647 4.3711
0.4259 8.2001 4.4718
0.9903 8.2015 4.4062
1.5391 8.2092 4.2655
0.9958 8.3282 4.4423
1.5490 8.3421 4.2981
2.0752 8.3477 4.0826
1.5599 8.4679 4.3336
2.0897 8.4765 4.1151
2.5839 8.4649 3.8318
2.1126 8.5829 4.1649
2.6087 8.5766 3.8712
3.0521 8.5624 3.5129
2.6677 8.6003 3.9625
3.1190 8.6090 3.5899
3.5174 8.6157 3.1582
3.1966 8.5743 3.6794
3.6005 8.5889 3.2315
3.9464 8.6020 2.7490
3.6697 8.5175 3.2933
4.0247 8.5482 2.8019
4.3253 8.5661 2.2812
4.8466 8.1797 0.5190
4.7808 8.1891 1.1325
4.7508 7.8561 1.1236
4.8273 7.8611 0.5180
4.8415 8.1641 -0.0846
4.8246 7.8291 -0.0820
4.8027 7.3819 -0.0788
4.7279 7.3570 -0.6704
4.5840 7.3431 -1.2541
4.5725 7.0703 -1.2512
4.3649 7.0584 -1.8150
4.0828 7.0597 -2.3456
4.3587 6.7454 -1.8125
4.0751 6.7474 -2.3407
3.7350 6.7470 -2.8347
4.0669 5.9750 -2.3340
3.7309 5.9788 -2.8271
3.3390 5.9796 -3.2770
3.3422 5.0671 -3.2714
2.8983 5.0681 -3.6655
2.4134 5.0686 -4.0079
2.4205 4.1424 -4.0032
1.9000 4.1421 -4.2824
1.3523 4.1384 -4.5024
1.3662 3.2145 -4.5096
0.7977 3.2106 -4.6565
0.2158 3.2058 -4.7401
0.2295 2.2840 -4.7538
-0.3556 2.2790 -4.7637
-0.9364 2.2722 -4.6928
-0.9253 1.3485 -4.7243
-1.4898 1.3404 -4.5849
-2.0342 1.3320 -4.3788
-2.0231 0.4027 -4.4192
-2.5322 0.3936 -4.1417
-3.0122 0.3835 -3.8136
-2.9938 -0.5514 -3.8544
-3.4196 -0.5614 -3.4571
-3.7944 -0.5704 -3.0073
-3.7686 -1.5053 -3.0393
-4.0918 -1.5134 -2.5508
-4.3405 -1.5209 -2.0167
-4.3239 -2.4564 -2.0529
-4.5195 -2.4622 -1.4934
-4.6352 -2.4663 -0.9094
-4.6298 -3.4023 -0.9433
-4.6843 -3.4050 -0.3460
-4.6567 -3.4062 0.2549
-4.6689 -4.3447 0.2250
-4.5671 -4.3435 0.8232
-4.3851 -4.3420 1.4059
-4.4176 -5.2800 1.3863
-4.1636 -5.2787 1.9477
-3.8456 -5.2817 2.4780
-3.8841 -6.2189 2.4695
-3.4989 -6.2242 2.9603
-3.0625 -6.2355 3.4051
-3.0988 -7.1519 3.4064
-2.5938 -7.1595 3.7789
-2.0504 -7.1735 4.0960
-2.0593 -7.5039 4.0971
-1.4732 -7.5039 4.3335
-0.8626 -7.5039 4.4849
-4.4992 -7.5039 1.3299
-4.4861 -7.1552 1.3446
-4.6338 -7.1531 0.7380
-4.6449 -7.5039 0.7178
-4.7158 -7.1459 0.1208
-4.7206 -7.5039 0.0960
-4.6123 -6.2277 0.7707
-4.7012 -6.2290 0.1621
-4.7067 -6.2279 -0.4507
-4.6973 -5.2854 -0.4130
-4.6375 -5.2817 -1.0166
-4.4998 -5.2778 -1.6051
-4.5047 -4.3360 -1.5664
-4.2994 -4.3318 -2.1277
-4.0331 -4.3301 -2.6571
-4.0483 -3.3890 -2.6179
-3.7205 -3.3843 -3.1011
-3.3425 -3.3785 -3.5376
-3.3692 -2.4363 -3.5119
-2.9362 -2.4286 -3.8916
-2.4643 -2.4193 -4.2161
-2.4898 -1.4802 -4.2015
-1.9781 -1.4704 -4.4636
-1.4403 -1.4597 -4.6624
-1.4641 -0.5230 -4.6511
-0.9010 -0.5135 -4.7730
-0.3289 -0.5050 -4.8395
-0.3407 0.4259 -4.7994
0.2370 0.4331 -4.7892
0.8092 0.4363 -4.7034
0.8113 1.3629 -4.6844
1.3751 1.3630 -4.5371
1.9163 1.3618 -4.3206
1.9209 2.2898 -4.3110
2.4325 2.2878 -4.0270
2.9088 2.2825 -3.6858
2.9081 3.2110 -3.6699
3.3494 3.2046 -3.2807
3.7424 3.1954 -2.8429
3.7386 4.1296 -2.8303
4.0688 4.1195 -2.3404
4.3476 4.1070 -1.8185
4.3501 5.0446 -1.8114
4.5544 5.0299 -1.2527
4.6970 5.0115 -0.6747
4.6953 5.9376 -0.6678
4.7745 5.9149 -0.0769
4.7756 5.8876 0.5188
4.7810 6.7514 0.5185
4.7044 6.7372 1.1111
4.5430 6.7240 1.6906
4.5517 7.1004 1.6958
4.3209 7.0818 2.2574
4.0189 7.0708 2.7847
4.3371 7.4112 2.2683
4.0314 7.3695 2.7953
3.6551 7.3168 3.2748
4.0546 7.8186 2.8151
3.6723 7.7638 3.2934
3.2422 7.7429 3.7296
3.2520 8.0763 3.7431
2.7671 8.0757 4.1133
2.2320 8.0695 4.4163
0.4479 8.4981 4.8698
0.4421 8.5622 4.7819
-0.1559 8.5427 4.7996
-0.1614 8.4671 4.8799
-0.7497 8.5312 4.7346
-0.7627 8.4485 4.8021
-0.1491 8.5885 4.6950
-0.7307 8.5743 4.6399
-1.3051 8.5795 4.4818
-0.7108 8.5572 4.5463
-1.2705 8.5726 4.3825
-1.8078 8.5844 4.1658
-1.2525 8.4765 4.3280
-1.7780 8.4966 4.1044
-2.2763 8.5087 3.8277
-1.7618 8.3688 4.0688
-2.2574 8.3727 3.7927
-2.7038 8.3800 3.4503
-2.2382 8.2290 3.7593
-2.6839 8.2482 3.4228
-3.0830 8.2528 3.0350
-2.6644 8.1097 3.3961
-3.0610 8.1094 3.0105
-3.4132 8.1056 2.5735
-3.0394 7.9533 2.9860
-3.3889 7.9450 2.5536
-3.6912 7.9240 2.0863
-3.3628 7.7264 2.5310
-3.6630 7.7132 2.0678
-3.9173 7.7167 1.5792
-3.6047 7.0636 2.0274
-3.8562 7.0681 1.5490
-4.0528 7.0695 1.0476
-4.0544 6.1604 1.0446
-4.1927 6.1630 0.5255
-4.2706 6.1661 -0.0064
-4.2755 5.2394 -0.0061
-4.2748 5.2441 -0.5434
-4.2051 5.2482 -1.0757
-4.1726 4.3180 -1.0657
-4.0335 4.3214 -1.5772
-3.8279 4.3247 -2.0652
-3.8101 3.3926 -2.0520
-3.5382 3.3947 -2.5000
-3.2151 3.3963 -2.9114
-3.2066 2.4641 -2.8988
-2.8414 2.4646 -3.2679
-2.4238 2.4648 -3.5749
-2.4195 1.5331 -3.5610
-1.9711 1.5329 -3.8143
-1.4995 1.5325 -4.0206
-1.5008 0.6013 -4.0048
-1.0081 0.6008 -4.1381
-0.5008 0.6001 -4.1983
-0.5105 -0.3313 -4.1865
-0.0032 -0.3322 -4.1867
0.5016 -0.3333 -4.1320
0.4838 -1.2655 -4.1309
0.9773 -1.2668 -4.0247
1.4534 -1.2680 -3.8538
1.4293 -2.2013 -3.8642
1.8822 -2.2026 -3.6428
2.3150 -2.2035 -3.3797
2.2867 -3.1383 -3.4051
2.6903 -3.1389 -3.0999
3.0496 -3.1388 -2.7378
3.0239 -4.0742 -2.7843
3.3432 -4.0733 -2.3819
3.6033 -4.0739 -1.9326
3.5842 -5.0054 -1.9969
3.8063 -5.0077 -1.5213
3.9755 -5.0116 -1.0182
3.9666 -5.9241 -1.0958
4.0986 -5.9273 -0.5724
4.1875 -5.9304 -0.0307
4.1899 -6.7795 -0.1134
4.2126 -6.7694 0.4533
4.1275 -6.7678 1.0229
4.1364 -7.1106 0.9949
3.9753 -7.0818 1.5612
3.7261 -7.0731 2.0969
3.9791 -7.3225 1.5434
3.7312 -7.3180 2.0828
3.4137 -7.3152 2.5878
3.7248 -7.5314 2.0642
3.4090 -7.5275 2.5701
3.0333 -7.5277 3.0454
3.3620 -7.7071 2.5232
2.9924 -7.7044 2.9957
2.5346 -7.6967 3.3974
2.8997 -7.8387 2.8967
2.4598 -7.8309 3.2910
1.9548 -7.8274 3.6004
2.2318 -7.9214 2.9683
1.7697 -7.9208 3.2543
1.2725 -7.9200 3.4501
1.0911 -7.9119 2.9454
0.6484 -7.9113 3.0399
0.2107 -7.9110 3.0766
0.1472 -7.8898 2.3443
-0.1985 -7.8897 2.3297
-0.5327 -7.8896 2.2699
-0.4694 -7.8700 1.8464
-0.7278 -7.8702 1.7537
-0.9673 -7.8707 1.6405
-0.6074 -7.8387 1.2962
-0.8212 -7.8420 1.2151
-0.5918 -7.8115 0.9322
-0.7797 -7.8173 0.8721
-0.6247 -7.7929 0.6454
-0.4480 -7.7857 0.6849
-0.5099 -7.7728 0.4478
-0.4130 -7.8092 1.0003
-0.2234 -7.8081 1.0498
-0.2753 -7.7809 0.7142
-0.4183 -7.8403 1.3953
-0.1908 -7.8407 1.4561
0.0461 -7.8406 1.4791
-0.0252 -7.8061 1.0597
-0.1891 -7.8700 1.9052
0.1059 -7.8699 1.9205
0.4052 -7.8702 1.8971
0.2912 -7.8406 1.4574
0.4990 -7.8902 2.3208
0.8623 -7.8915 2.2641
0.7092 -7.8716 1.8485
1.2072 -7.8920 2.1226
1.5295 -7.9125 2.7776
1.9247 -7.9127 2.5274
2.6254 -7.9218 2.6072
2.9496 -7.9222 2.1888
3.2556 -7.8430 2.4346
3.5547 -7.8469 1.9436
3.7860 -7.8485 1.4227
3.6711 -7.7122 2.0208
3.9112 -7.7152 1.4845
4.0638 -7.7143 0.9217
3.9707 -7.5358 1.5226
4.1266 -7.5372 0.9531
4.2017 -7.5370 0.3726
4.1349 -7.7143 0.3484
4.1375 -7.3308 0.9750
4.2156 -7.3299 0.3963
4.1808 -7.3185 -0.1749
4.1627 -7.5305 -0.2003
4.2171 -7.1037 0.4204
4.1874 -7.0815 -0.1469
4.0888 -7.0704 -0.6936
4.0796 -7.3152 -0.7225
4.0932 -6.7805 -0.6596
3.9525 -6.7765 -1.1824
3.9449 -7.0658 -1.2154
3.7895 -5.9185 -1.5980
3.7684 -6.7626 -1.6816
3.5576 -5.9163 -2.0702
3.3177 -5.0058 -2.4426
2.9925 -5.0083 -2.8390
2.6618 -4.0747 -3.1412
2.2563 -4.0737 -3.4396
1.8552 -3.1371 -3.6644
1.4041 -3.1354 -3.8816
0.9556 -2.1998 -4.0313
0.4652 -2.1982 -4.1342
-0.0176 -1.2642 -4.1831
-0.5212 -1.2629 -4.1819
-1.0139 -0.3304 -4.1257
-1.5028 -0.3298 -3.9928
-1.9689 0.6018 -3.7995
-2.4145 0.6020 -3.5481
-2.8345 1.5330 -3.2552
-3.1975 1.5326 -2.8883
-3.5278 2.4628 -2.4896
-3.7979 2.4610 -2.0442
-4.0111 3.3900 -1.5668
-4.1505 3.3870 -1.0597
-4.2497 4.3143 -0.5399
-4.2454 4.3105 -0.0083
-4.2038 5.2351 0.5264
-4.0711 5.2311 1.0469
-3.8595 6.1574 1.5457
-3.6084 6.1518 2.0219
-3.3095 7.0546 2.4814
-2.9643 7.0397 2.8966
-3.0141 7.7487 2.9577
-2.6236 7.7427 3.3402
-2.1806 7.7273 3.6625
-2.6449 7.9583 3.3696
-2.1999 7.9262 3.6950
-1.7149 7.9113 3.9656
-2.2186 8.0824 3.7260
-1.7299 8.0736 3.9984
-1.2134 8.0727 4.2127
-1.2010 7.9193 4.1756
-1.7458 8.2249 4.0331
-1.2260 8.2173 4.2502
-0.6820 8.2201 4.4086
-0.6752 8.0790 4.3722
-1.2388 8.3529 4.2877
-0.6893 8.3527 4.4465
-0.1316 8.3343 4.5083
-0.1281 8.2078 4.4752
-0.6976 8.4705 4.4857
-0.1359 8.4517 4.5431
0.4272 8.4493 4.5417
0.4260 8.3288 4.5060
-0.1413 8.5580 4.5911
0.4301 8.5580 4.5842
1.0091 8.5631 4.5237
1.0016 8.4503 4.4783
0.4363 8.5954 4.6797
1.0278 8.5979 4.6223
1.6102 8.5998 4.4907
1.5758 8.5790 4.3856
1.0473 8.5604 4.7196
1.6424 8.5516 4.5881
2.2050 8.5565 4.3584
2.1592 8.5991 4.2643
1.0655 8.4969 4.8061
1.6637 8.4638 4.6526
2.2344 8.4696 4.4197
2.7704 8.4735 4.1174
2.7326 8.5634 4.0601
3.6865 8.1041 3.3079
4.0684 8.1501 2.8284
4.3655 7.8642 2.2876
4.3871 8.1820 2.3043
4.5976 7.8615 1.7195
4.6211 8.1843 1.7318
4.5683 7.4087 1.7041
4.7273 7.4241 1.1167
4.8057 7.4205 0.5182
4.7120 7.1216 1.1127
4.7939 7.1280 0.5182
4.7913 7.1031 -0.0774
4.7806 6.7664 -0.0762
4.7039 6.7559 -0.6671
4.7144 7.0800 -0.6684
4.5545 5.9565 -1.2480
4.5634 6.7513 -1.2491
4.3523 5.9693 -1.8099
4.0676 5.0560 -2.3343
3.7350 5.0642 -2.8262
3.3456 4.1365 -3.2712
2.9038 4.1401 -3.6633
2.4290 3.2155 -4.0126
1.9102 3.2164 -4.2887
1.3731 2.2894 -4.5159
0.8094 2.2876 -4.6727
0.2341 1.3599 -4.7605
-0.3469 1.3550 -4.7832
-0.9152 0.4179 -4.7433
-1.4788 0.4111 -4.6164
-2.0049 -0.5329 -4.4506
-2.5175 -0.5420 -4.1843
-2.9630 -1.4891 -3.8731
-3.3931 -1.4973 -3.4850
-3.7440 -2.4436 -3.0698
-4.0692 -2.4503 -2.5840
-4.3090 -3.3933 -2.0885
-4.5086 -3.3981 -1.5284
-4.6314 -4.3404 -0.9790
-4.6895 -4.3435 -0.3789
-4.6846 -5.2865 0.1949
-4.5894 -5.2842 0.7976
-4.4474 -6.2226 1.3656
-4.2019 -6.2187 1.9346
-4.2478 -7.1578 1.9240
-3.9282 -7.1536 2.4641
-3.5425 -7.1490 2.9607
-4.2644 -7.5039 1.9152
-3.9456 -7.5039 2.4590
-3.5602 -7.5039 2.9584
-3.1141 -7.5039 3.4063
-2.6068 -7.5039 3.7804
3.2467 8.4888 3.7378
0.9937 -7.8723 1.7345
0.5353 -7.8412 1.4050
0.1718 -7.8054 1.0459
-0.1021 -7.7757 0.7035
-0.3409 -7.7634 0.4571
0.4365 -7.5039 -4.8340
0.4131 -6.9435 -4.8229
0.9482 -6.9277 -4.7440
0.9678 -7.5039 -4.7581
1.4686 -6.9172 -4.5994
1.4842 -7.5039 -4.6142
0.9096 -6.0274 -4.7380
1.4374 -6.0151 -4.5940
1.9439 -6.0080 -4.3884
2.4211 -6.0049 -4.1199
2.8734 -6.0025 -3.8107
3.2836 -6.0025 -3.4472
3.6477 -6.0070 -3.0337
3.6490 -5.0999 -3.0046
3.9685 -5.1089 -2.5424
4.2337 -5.1229 -2.0422
4.2356 -4.2124 -2.0074
4.4493 -4.2287 -1.4743
4.5858 -4.2475 -0.9125
4.5823 -3.3319 -0.8765
4.6544 -3.3491 -0.2980
4.6549 -3.3662 0.2875
4.6550 -2.4457 0.3198
4.5819 -2.4611 0.9051
4.4335 -2.4765 1.4781
4.4372 -1.5521 1.5080
4.2176 -1.5646 2.0599
3.9228 -1.5754 2.5759
3.9224 -0.6464 2.6017
3.5547 -0.6552 3.0711
3.1469 -0.6627 3.5042
3.1567 0.2712 3.5365
2.6857 0.2673 3.9063
2.1608 0.2621 4.1995
2.1616 1.1949 4.2127
1.6059 1.1956 4.4389
1.0217 1.2005 4.5816
1.0290 2.1299 4.5975
0.4284 2.1364 4.6665
-0.1755 2.1437 4.6615
-0.1610 3.0712 4.6781
-0.7625 3.0768 4.5896
-1.3505 3.0822 4.4414
-1.3445 4.0076 4.4625
-1.9088 4.0133 4.2322
-2.4426 4.0186 3.9416
-2.4422 4.9486 3.9691
-2.9306 4.9588 3.6121
-3.3702 4.9707 3.1981
-3.3723 5.8898 3.2218
-3.7674 5.9021 2.7627
-4.1018 5.9098 2.2576
-4.1108 6.7044 2.2810
-4.3850 6.7175 1.7390
-4.5950 6.7207 1.1712
-4.5992 7.0624 1.1789
-4.7353 7.0721 0.5903
-4.8025 7.0677 -0.0092
-4.7436 7.3816 0.5979
-4.8102 7.3640 -0.0030
-4.8053 7.3521 -0.6089
-4.8338 7.8586 0.0101
-4.8233 7.8270 -0.6015
-4.7399 7.8375 -1.2061
-4.7568 8.1729 -1.2037
-4.6013 8.1957 -1.7917
-4.3699 8.2241 -2.3493
-3.2074 8.6280 -3.7139
-3.1468 8.6866 -3.6418
-2.6805 8.6927 -4.0170
-2.7315 8.6353 -4.0960
-2.1633 8.6994 -4.3098
-2.2041 8.6409 -4.3976
-2.6252 8.7279 -3.9309
-2.1196 8.7268 -4.2162
-1.5783 8.7261 -4.4192
-2.0904 8.6317 -4.1538
-1.5560 8.6301 -4.3494
-1.0075 8.6254 -4.4963
-1.5474 8.5012 -4.3217
-1.0035 8.4996 -4.4718
-0.4437 8.5075 -4.5501
-0.9997 8.3678 -4.4505
-0.4423 8.3795 -4.5223
0.1211 8.3959 -4.5257
-0.4414 8.2496 -4.4979
0.1189 8.2606 -4.4978
0.6768 8.2783 -4.4253
0.1168 8.1247 -4.4709
0.6708 8.1349 -4.4032
1.2128 8.1522 -4.2631
0.6646 7.9757 -4.3814
1.2022 7.9940 -4.2395
1.7161 7.9886 -4.0244
1.1880 7.7595 -4.2083
1.6990 7.7488 -3.9993
2.1812 7.7432 -3.7299
1.6578 7.0493 -3.9431
2.1332 7.0508 -3.6813
2.5765 7.0486 -3.3681
2.5356 6.1550 -3.3467
2.9334 6.1527 -2.9863
3.2873 6.1456 -2.5830
3.2638 5.2223 -2.5891
3.5534 5.2173 -2.1409
3.8114 5.2132 -1.6732
3.7925 4.2888 -1.6890
3.9781 4.2846 -1.1897
4.1091 4.2806 -0.6735
4.0840 3.3549 -0.6904
4.1788 3.3482 -0.1680
4.2149 3.3389 0.3616
4.2018 2.4257 0.3397
4.1423 2.4212 0.8678
4.0138 2.4171 1.3849
4.0071 1.5184 1.3616
3.8136 1.5163 1.8581
3.5500 1.5086 2.3229
3.5494 0.5931 2.3009
3.2456 0.5827 2.7421
2.8879 0.5753 3.1410
2.8912 -0.3513 3.1235
2.4708 -0.3560 3.4593
2.0048 -0.3594 3.7288
2.0105 -1.2879 3.7229
1.5101 -1.2894 3.9295
0.9864 -1.2903 4.0650
0.9874 -2.2186 4.0715
0.4469 -2.2182 4.1358
-0.0956 -2.2174 4.1239
-0.1063 -3.1448 4.1292
-0.6442 -3.1430 4.0423
-1.1677 -3.1407 3.9004
-1.1913 -4.0664 3.9050
-1.6927 -4.0635 3.6978
-2.1533 -4.0609 3.4173
-2.1839 -4.9818 3.4093
-2.6070 -4.9796 3.0774
-2.9953 -4.9775 2.7095
-3.0284 -5.8785 2.6938
-3.3823 -5.8777 2.2958
-3.6812 -5.8773 1.8579
-3.7086 -6.7044 1.8357
-3.9239 -6.7107 1.3507
-4.0764 -6.7132 0.8442
-4.0828 -7.0169 0.8327
-4.1874 -7.0202 0.3166
-4.2390 -7.0278 -0.2073
-4.1876 -7.2557 0.3075
-4.2381 -7.2595 -0.2164
-4.2068 -7.2671 -0.7437
-4.2284 -7.4664 -0.2242
-4.1953 -7.4740 -0.7521
-4.0941 -7.4862 -1.2688
-4.1505 -7.6535 -0.7556
-4.0447 -7.6646 -1.2666
-3.8757 -7.6694 -1.7548
-3.9366 -7.7971 -1.2484
-3.7687 -7.8010 -1.7226
-3.5480 -7.8038 -2.1668
-3.4438 -7.9146 -1.6147
-3.2355 -7.9149 -2.0163
-2.9829 -7.9152 -2.3835
-2.5927 -7.9110 -2.1263
-2.3324 -7.9115 -2.4081
-2.0433 -7.9116 -2.6438
-1.5901 -7.8955 -2.1665
-1.3290 -7.8948 -2.2933
-1.3275 -7.8834 -1.9204
-1.0877 -7.8825 -2.0261
-1.0579 -7.8684 -1.6998
-0.8364 -7.8679 -1.7994
-0.7968 -7.8506 -1.5126
-0.9863 -7.8498 -1.3915
-0.7308 -7.8303 -1.2353
-1.2666 -7.8688 -1.5716
-1.4557 -7.8693 -1.4131
-1.1509 -7.8492 -1.2481
-1.5591 -7.8844 -1.7777
-1.7778 -7.8854 -1.5980
-1.9504 -7.8852 -1.3716
-1.6103 -7.8686 -1.2174
-1.8545 -7.8966 -2.0115
-2.0760 -7.8965 -1.7875
-2.2660 -7.8963 -1.5288
-2.4283 -7.8964 -1.2446
-2.0996 -7.8850 -1.1238
-2.8183 -7.9105 -1.8116
-3.0108 -7.9109 -1.4643
-2.5641 -7.8965 -0.9335
-3.1637 -7.9110 -1.0901
-3.2576 -7.9107 -0.6843
-2.6490 -7.8962 -0.6032
-3.6086 -7.9143 -1.1833
-3.7041 -7.9143 -0.7234
-3.2890 -7.9097 -0.2712
-3.7427 -7.9139 -0.2560
-3.6991 -7.9107 0.2072
-3.2564 -7.9075 0.1409
-4.0418 -7.7921 -0.7503
-4.0783 -7.7905 -0.2398
-4.0309 -7.7884 0.2659
-3.6100 -7.9079 0.6630
-3.9310 -7.7892 0.7585
-3.7838 -7.7989 1.2411
-3.4724 -7.9121 1.1104
-4.1375 -7.6454 0.2868
-4.0352 -7.6487 0.7923
-3.8864 -7.6590 1.2879
-3.6747 -7.6733 1.7692
-3.5776 -7.8091 1.7085
-4.0764 -7.4678 0.8110
-3.9266 -7.4777 1.3135
-3.7158 -7.4939 1.8008
-3.4238 -7.4910 2.2477
-3.3869 -7.6737 2.2118
-3.9335 -7.2683 1.3275
-3.7219 -7.2831 1.8149
-3.4287 -7.2812 2.2607
-3.0804 -7.2735 2.6596
-3.0784 -7.4879 2.6449
-3.7181 -7.0429 1.8247
-3.4240 -7.0392 2.2689
-3.0737 -7.0271 2.6683
-2.6938 -7.0247 3.0396
-2.7034 -7.2734 3.0298
-3.4136 -6.7122 2.2775
-3.0619 -6.7203 2.6760
-2.6798 -6.7211 3.0473
-2.2617 -6.7210 3.3843
-2.2788 -7.0320 3.3773
-2.6416 -5.8803 3.0634
-2.2209 -5.8825 3.3994
-1.8052 -6.7236 3.6794
-1.7624 -5.8846 3.6903
-1.2601 -5.8889 3.9097
-1.3044 -6.7278 3.9069
-1.7246 -4.9845 3.6962
-1.2222 -4.9882 3.9090
-0.7270 -5.8942 4.0611
-0.6918 -4.9922 4.0554
-0.1453 -4.9962 4.1488
-0.1757 -5.8986 4.1589
-0.6645 -4.0693 4.0492
-0.1225 -4.0721 4.1398
0.4132 -5.0000 4.1667
0.4298 -4.0747 4.1532
0.9817 -4.0770 4.0901
0.9733 -5.0031 4.1063
0.4404 -3.1465 4.1412
0.9856 -3.1478 4.0772
1.5189 -3.1487 3.9402
1.5221 -4.0790 3.9515
2.0276 -3.1495 3.7265
2.0377 -4.0811 3.7346
1.5152 -2.2186 3.9347
2.0186 -2.2182 3.7232
2.4885 -2.2173 3.4452
2.5022 -3.1499 3.4445
2.9116 -2.2161 3.1007
2.9285 -3.1498 3.0941
2.4774 -1.2857 3.4490
2.8987 -1.2829 3.1098
3.2554 -1.2795 2.7042
3.2688 -2.2146 2.6896
3.5588 -1.2758 2.2578
3.5714 -2.2130 2.2374
3.2482 -0.3451 2.7220
3.5512 -0.3373 2.2787
3.8095 -0.3290 1.8095
3.8164 -1.2727 1.7853
3.9983 -0.3266 1.3099
4.0013 -1.2710 1.2820
3.8096 0.6065 1.8341
4.0006 0.6105 1.3364
4.1234 0.6013 0.8186
4.1168 -0.3308 0.7906
4.1757 0.5951 0.2907
4.1652 -0.3347 0.2623
4.1324 1.5154 0.8442
4.1880 1.5136 0.3163
4.1450 1.5134 -0.2113
4.1278 0.5919 -0.2359
4.0470 1.5137 -0.7308
4.0262 0.5904 -0.7536
4.1619 2.4302 -0.1889
4.0656 2.4340 -0.7098
3.9247 2.4373 -1.2195
3.9040 1.5147 -1.2384
3.7367 2.4403 -1.7127
3.7146 1.5161 -1.7291
3.9434 3.3599 -1.2016
3.7588 3.3642 -1.6981
3.5141 3.3684 -2.1670
3.4919 2.4434 -2.1792
3.2226 3.3722 -2.6072
3.1988 2.4463 -2.6150
3.5389 4.2935 -2.1567
3.2482 4.2976 -2.6017
2.8920 4.3014 -2.9957
2.8694 3.3755 -2.9990
2.4907 4.3047 -3.3425
2.4689 3.3785 -3.3406
2.9078 5.2267 -2.9866
2.5134 5.2300 -3.3460
2.0742 5.2332 -3.6483
2.0484 4.3079 -3.6330
1.6026 5.2368 -3.8958
1.5800 4.3114 -3.8772
2.0990 6.1570 -3.6588
1.6290 6.1580 -3.9194
1.1327 6.1600 -4.1266
1.1093 5.2402 -4.0971
0.6146 6.1644 -4.2729
0.5940 5.2439 -4.2335
1.1539 7.0509 -4.1435
0.6321 7.0585 -4.2894
0.0972 7.0703 -4.3658
0.0826 6.1722 -4.3538
-0.4439 7.0734 -4.3727
-0.4544 6.1821 -4.3596
0.6559 7.7583 -4.3516
0.1099 7.7487 -4.4180
-0.4398 7.7242 -4.4253
-0.9857 7.6997 -4.3565
-0.9813 7.0798 -4.3060
-1.5165 7.6781 -4.2163
-1.5034 7.0903 -4.1649
-0.4400 7.9397 -4.4549
-0.9898 7.9269 -4.3846
-1.5237 7.8904 -4.2415
-2.0349 7.8785 -4.0320
-2.0246 7.6704 -4.0089
-0.9931 8.0897 -4.4075
-1.5298 8.0680 -4.2631
-2.0450 8.0557 -4.0543
-2.5312 8.0457 -3.7852
-2.5160 7.8663 -3.7618
-1.5356 8.2186 -4.2824
-2.0543 8.2114 -4.0753
-2.5456 8.2043 -3.8073
-2.9875 8.2049 -3.4642
-2.9737 8.0594 -3.4496
-2.0641 8.3618 -4.0967
-2.5594 8.3505 -3.8281
-3.0028 8.3484 -3.4801
-3.3960 8.3608 -3.0795
-3.3786 8.2246 -3.0670
-2.5728 8.4957 -3.8490
-3.0182 8.4888 -3.4958
-3.4145 8.4919 -3.0928
-3.7466 8.4989 -2.6475
-3.7280 8.3719 -2.6375
-3.0385 8.6236 -3.5171
-3.4368 8.6154 -3.1097
-3.7732 8.6152 -2.6630
-4.0480 8.6257 -2.1783
-4.0205 8.5116 -2.1655
-3.4798 8.7133 -3.1464
-3.8282 8.7020 -2.6985
-4.1206 8.6948 -2.2135
-4.3338 8.6882 -1.6917
-4.2527 8.6249 -1.6639
-3.9185 8.6797 -2.7595
-4.2187 8.6618 -2.2627
-4.4429 8.6536 -1.7300
-4.5892 8.6491 -1.1637
-4.4774 8.6856 -1.1401
-4.3120 8.6095 -2.3096
-4.5467 8.5966 -1.7664
-4.7044 8.5881 -1.1874
-4.7856 8.5969 -0.5825
-4.6707 8.6488 -0.5729
-4.8559 8.1983 0.0205
-4.7680 7.8854 0.6140
-4.7817 8.1989 0.6248
-4.6359 8.1788 1.2137
-4.6222 7.8597 1.2017
-4.4204 8.1512 1.7871
-4.4118 7.8121 1.7747
-4.1294 7.7980 2.3194
-4.1361 8.1260 2.3316
-4.6059 7.3660 1.1866
-4.3990 7.3305 1.7581
-4.1205 7.3109 2.3017
-3.7781 7.3131 2.8083
-3.7856 7.7941 2.8283
-3.3792 7.3223 3.2701
-3.3911 7.7969 3.2984
-4.1154 7.0303 2.2916
-3.7737 7.0312 2.7966
-3.3741 7.0425 3.2559
-2.9298 7.0415 3.6682
-2.9353 7.3308 3.6849
-3.7702 6.6997 2.7848
-3.3732 6.7042 3.2446
-2.9261 6.7028 3.6525
-2.4371 6.6925 4.0124
-2.4395 7.0165 4.0265
-2.9262 5.8759 3.6295
-2.4372 5.8733 3.9880
-1.9054 5.8653 4.2834
-1.9077 6.6819 4.3124
-1.3425 5.8567 4.5172
-1.3413 6.6775 4.5379
-1.9082 4.9396 4.2595
-1.3445 4.9315 4.4929
-0.7527 5.8447 4.6694
-0.7538 4.9242 4.6456
-0.1519 4.9184 4.7366
-0.1510 5.8324 4.7601
-0.7574 4.0013 4.6230
-0.1553 3.9950 4.7099
0.4524 3.9916 4.7154
0.4554 4.9160 4.7451
1.0543 3.9897 4.6506
1.0570 4.9171 4.6752
0.4446 3.0649 4.6798
1.0443 3.0595 4.6221
1.6273 3.0576 4.4733
1.6383 3.9895 4.4994
2.1853 3.0578 4.2497
2.1986 3.9907 4.2787
1.6120 2.1271 4.4465
2.1705 2.1262 4.2271
2.6895 2.1273 3.9267
2.7098 3.0581 3.9570
3.1698 2.1298 3.5664
3.1854 3.0598 3.5906
2.6778 1.1980 3.9066
3.1630 1.2016 3.5527
3.5803 1.2044 3.1236
3.5945 2.1331 3.1428
3.9472 1.2073 2.6518
3.9625 2.1368 2.6716
3.5782 0.2742 3.1129
3.9391 0.2797 2.6354
4.2302 0.2877 2.1120
4.2455 1.2134 2.1347
4.4626 0.2968 1.5619
4.4781 1.2229 1.5860
4.2211 -0.6372 2.0858
4.4489 -0.6276 1.5360
4.6005 -0.6167 0.9617
4.6161 0.3075 0.9876
4.6792 -0.6043 0.3749
4.6949 0.3195 0.4007
4.5874 -1.5392 0.9345
4.6681 -1.5256 0.3484
4.6832 -0.5916 -0.2159
4.6678 -1.5118 -0.2414
4.6052 -1.4981 -0.8261
4.6229 -0.5791 -0.8019
4.6567 -2.4305 -0.2677
4.5863 -2.4152 -0.8488
4.4513 -2.4003 -1.4166
4.4603 -1.4837 -1.3947
4.2384 -2.3865 -1.9577
4.2578 -1.4704 -1.9429
4.4374 -3.3152 -1.4384
4.2279 -3.3004 -1.9768
3.9642 -3.2883 -2.4884
3.9715 -2.3746 -2.4720
3.6431 -3.2786 -2.9632
3.6562 -2.3636 -2.9553
3.9684 -4.1996 -2.5129
3.6471 -4.1907 -2.9825
3.2766 -4.1857 -3.4098
3.2742 -3.2719 -3.3971
2.8606 -4.1841 -3.7889
2.8598 -3.2684 -3.7836
3.2771 -5.0949 -3.4224
2.8645 -5.0942 -3.7974
2.4105 -5.0963 -4.1172
2.4001 -4.1848 -4.1096
1.9240 -5.1003 -4.3844
1.9073 -4.1884 -4.3750
1.4089 -5.1072 -4.5890
0.8773 -5.1189 -4.7449
1.3928 -4.1943 -4.5951
0.3676 -6.0420 -4.8196
0.3284 -5.1332 -4.8234
-0.1811 -6.0598 -4.8436
-0.1266 -6.9627 -4.8537
-0.6659 -6.9866 -4.8100
-0.7284 -6.0822 -4.7940
-1.1969 -7.0130 -4.6989
-0.0980 -7.5039 -4.8573
-0.6319 -7.5039 -4.8036
-1.1639 -7.5039 -4.7075
-1.7163 -7.0425 -4.5259
-1.6787 -7.5039 -4.5264
-2.1774 -7.5039 -4.2924
-2.6569 -7.5039 -4.0029
2.3965 -3.2681 -4.1070
3.2799 -2.3540 -3.3890
3.9883 -1.4574 -2.4592
4.4806 -0.5653 -1.3721
4.7042 0.3324 -0.1907
4.6316 1.2344 1.0122
4.2677 2.1430 2.1595
3.6146 3.0628 3.1713
2.7221 3.9921 3.9818
1.6428 4.9202 4.5261
0.4562 5.8300 4.7698
-0.1507 6.6808 4.7812
-0.7538 6.6719 4.7013
-0.7550 6.9929 4.7179
-1.3431 6.9925 4.5528
-1.9109 6.9971 4.3284
-1.9147 7.2682 4.3439
-2.4435 7.2999 4.0416
-2.9423 7.7832 3.7085
-2.9487 8.0889 3.7264
-3.3971 8.1091 3.3151
-3.7957 8.1263 2.8449
-4.6015 8.5624 1.2122
-4.5046 8.6187 1.1856
-4.6360 8.6271 0.6108
-4.7392 8.5735 0.6272
-4.6909 8.6373 0.0235
-4.7941 8.5884 0.0276
-4.5270 8.6689 0.5932
-4.5868 8.6762 0.0189
-4.5620 8.6832 -0.5647
-4.4846 8.6506 0.0133
-4.4714 8.6329 -0.5584
-4.3927 8.6273 -1.1237
-4.4331 8.5128 -0.5563
-4.3613 8.5073 -1.1177
-4.2241 8.5056 -1.6538
-4.3345 8.3794 -1.1118
-4.2003 8.3784 -1.6455
-3.9967 8.3850 -2.1555
-4.1797 8.2430 -1.6388
-3.9708 8.2511 -2.1443
-3.7096 8.2402 -2.6275
-3.9470 8.1057 -2.1346
-3.6900 8.0988 -2.6168
-3.3621 8.0722 -3.0546
-3.6708 7.9297 -2.6056
-3.3440 7.8944 -3.0414
-2.9583 7.8734 -3.4325
-2.9412 7.6537 -3.4140
-2.5025 7.6537 -3.7405
-2.0060 7.0908 -3.9664
-0.9885 6.1932 -4.2926
0.0693 5.2471 -4.3310
1.0891 4.3149 -4.0696
2.0260 3.3812 -3.6238
2.8458 2.4489 -3.0029
3.4688 1.5178 -2.1926
3.8821 0.5897 -1.2594
4.1136 -0.3371 -0.2639
4.1178 -1.2709 0.7605
3.8282 -2.2114 1.7601
3.2861 -3.1495 2.6753
2.5192 -4.0829 3.4481
1.5223 -5.0059 3.9665
0.3895 -5.9033 4.1808
-0.2145 -6.7355 4.1678
-0.7695 -6.7350 4.0639
-0.7875 -7.0404 4.0631
-1.3229 -7.0379 3.9044
-1.8234 -7.0345 3.6736
-1.3366 -7.2808 3.8978
-1.8369 -7.2797 3.6648
-2.2907 -7.2760 3.3676
-1.8443 -7.4998 3.6463
-2.2954 -7.4957 3.3490
-2.7048 -7.4923 3.0127
-2.2736 -7.6853 3.2955
-2.6778 -7.6786 2.9657
-3.0470 -7.6729 2.6044
-2.9661 -7.8142 2.5182
-3.2976 -7.8130 2.1361
-3.2796 -7.9149 1.5332
-3.1783 -7.9055 0.5395
-2.6374 -7.8929 0.0644
-2.6707 -7.8952 -0.2625
-2.2989 -7.8831 -0.2497
-2.2897 -7.8846 -0.5481
-2.2229 -7.8851 -0.8450
-1.9073 -7.8675 -0.5021
-1.8590 -7.8684 -0.7559
-1.7475 -7.8683 -0.9968
-1.5010 -7.8463 -0.6733
-1.4109 -7.8469 -0.8818
-1.2892 -7.8477 -1.0753
-1.1107 -7.8239 -0.7832
-1.0086 -7.8261 -0.9527
-0.8809 -7.8284 -1.1040
-0.7653 -7.8055 -0.8429
-0.6448 -7.8085 -0.9763
-4.3929 8.5554 1.7850
-4.3920 7.0455 1.7490
-4.8400 8.1677 -0.5955
-4.0012 8.6315 -2.8167
-3.5588 8.6794 -3.2181
-3.6343 8.6314 -3.2883
-3.0802 8.7229 -3.5640
-2.5863 8.6367 -3.8709
-2.0740 8.5048 -4.1190
-1.5414 8.3635 -4.3015
-0.9964 8.2326 -4.4292
-0.4407 8.1153 -4.4791
0.1138 7.9690 -4.4449
-3.9311 -7.0282 1.3386
-4.0843 -7.2561 0.8227
-4.1788 -7.4645 0.2985
-4.1863 -7.6479 -0.2320
4.7717 8.5076 1.1085
4.7854 8.4725 1.1401
4.8737 8.4524 0.5298
4.8599 8.4874 0.4980
4.6108 8.5050 1.7345
4.6312 8.4699 1.7407
4.8711 8.4166 -0.0857
4.8571 8.4525 -0.1034
4.7957 8.3990 -0.6885
4.7835 8.4357 -0.6903
4.6441 8.3831 -1.2746
4.6330 8.4199 -1.2724
4.4274 8.3784 -1.8372
4.4166 8.4152 -1.8341
3.8083 8.4057 -2.8798
3.4111 8.4151 -3.3514
3.4037 8.4518 -3.3422
3.8010 8.4424 -2.8705
4.1402 8.4341 -2.3688
4.1489 8.3974 -2.3759
2.9575 8.4239 -3.7684
2.9485 8.4606 -3.7608
2.4594 8.4175 -4.1207
2.4488 8.4541 -4.1142
1.9231 8.4076 -4.4181
1.9139 8.4444 -4.4108
0.7614 8.4785 -4.8217
0.1472 8.5293 -4.9147
0.1772 8.5640 -4.8979
0.7776 8.5136 -4.8066
1.3478 8.4614 -4.6426
1.3525 8.4245 -4.6518
-0.4699 8.5429 -4.9140
-0.4493 8.5782 -4.8970
-1.0666 8.5560 -4.8305
-1.0481 8.5911 -4.8134
-1.6602 8.5553 -4.7006
-1.6497 8.5904 -4.6817
-2.7825 8.5346 -4.1675
-3.2735 8.5425 -3.7880
-3.2353 8.5762 -3.7896
-2.7524 8.5691 -4.1609
-2.2295 8.5671 -4.4603
-2.2419 8.5320 -4.4781
-3.8175 8.3949 2.8682
-3.8010 8.4313 2.8678
-4.1378 8.4498 2.3548
-4.1580 8.4137 2.3494
-3.4116 8.3737 3.3383
-3.3960 8.4101 3.3367
-2.9641 8.3432 3.7517
-2.9493 8.3797 3.7495
-2.4746 8.3175 4.1204
-2.4656 8.3543 4.1137
-1.9439 8.3049 4.4297
-1.9424 8.3419 4.4187
-1.3675 8.3121 4.6608
-1.3718 8.3490 4.6475
-0.1616 8.3422 4.9117
0.4519 8.3697 4.9147
0.4499 8.4064 4.9003
-0.1720 8.3786 4.8974
-0.7724 8.3590 4.8133
-0.7662 8.3222 4.8271
4.0587 8.4702 2.8389
3.6870 8.4232 3.3333
3.7131 8.3880 3.3285
4.0850 8.4354 2.8339
4.3878 8.4556 2.3095
4.3647 8.4907 2.3094
1.6722 8.3743 4.6644
1.6730 8.3375 4.6779
2.2473 8.3377 4.4446
2.2420 8.3746 4.4329
1.0786 8.4059 4.8244
1.0732 8.3693 4.8396
2.7850 8.3421 4.1380
2.7734 8.3789 4.1299
3.2705 8.3594 3.7661
3.2490 8.3956 3.7658
-4.0744 8.5809 -2.8498
-4.0863 8.5478 -2.8763
-4.3901 8.5069 -2.3531
-4.3836 8.5400 -2.3161
-3.6881 8.5822 -3.3438
-3.7101 8.5490 -3.3575
-4.6286 8.4828 -1.7980
-4.6130 8.5175 -1.7785
-4.7839 8.4653 -1.2049
-4.7661 8.5007 -1.1917
-4.8654 8.4711 -0.5896
-4.8447 8.5064 -0.5953
-4.8737 8.4851 0.0295
-4.8532 8.5204 0.0342
-4.7995 8.4587 0.6336
-4.7775 8.4939 0.6509
-4.6555 8.4444 1.2237
-4.6365 8.4804 1.2267
-4.4225 8.4733 1.8055
-4.4419 8.4372 1.8016
0.3220 -8.6729 3.7880
-0.2037 -8.6729 3.8055
-0.1576 -8.6071 2.8497
0.2411 -8.6071 2.8364
0.6349 -8.6071 2.7755
0.8414 -8.6729 3.7076
1.0183 -8.6071 2.6633
1.3470 -8.6729 3.5596
1.3875 -8.6071 2.5044
1.8339 -8.6729 3.3501
2.6993 -8.6729 2.7426
2.0438 -8.6071 2.0437
2.3185 -8.6071 1.7532
3.0615 -8.6729 2.3596
2.2872 -8.6729 3.0736
1.7313 -8.6071 2.2947
2.5485 -8.6071 1.4289
3.3648 -8.6729 1.9318
2.7338 -8.6071 1.0803
3.6092 -8.6729 1.4722
3.7826 -8.6729 0.9876
2.8653 -8.6071 0.7128
3.9416 -8.6729 -0.0054
2.9859 -8.6071 -0.0402
2.9761 -8.6071 -0.4089
3.9286 -8.6729 -0.4916
3.8987 -8.6729 0.4946
2.9533 -8.6071 0.3389
3.8550 -8.6729 -0.9607
2.9203 -8.6071 -0.7646
2.8268 -8.6071 -1.1155
3.7318 -8.6729 -1.4234
3.5528 -8.6729 -1.8535
2.6910 -8.6071 -1.4417
1.6621 -8.6729 -3.7340
1.2573 -8.6071 -2.8677
0.9407 -8.6071 -2.9937
1.2447 -8.6729 -3.9001
2.0583 -8.6729 -3.5219
1.5577 -8.6071 -2.7069
2.4250 -8.6729 -3.2628
1.8358 -8.6071 -2.5104
2.7604 -8.6729 -2.9671
2.0902 -8.6071 -2.2861
3.0641 -8.6729 -2.6318
2.3204 -8.6071 -2.0319
3.3278 -8.6729 -2.2560
2.5205 -8.6071 -1.7469
-2.6155 -8.6729 -3.0969
-1.9866 -8.6071 -2.3846
-2.2528 -8.6071 -2.1253
-2.9666 -8.6729 -2.7549
-2.4917 -8.6071 -1.8313
-3.2817 -8.6729 -2.3673
-2.6891 -8.6071 -1.5064
-3.5419 -8.6729 -1.9388
-2.8467 -8.6071 -1.1572
-3.7498 -8.6729 -1.4784
-3.9632 -8.6729 -0.4650
-3.0086 -8.6071 -0.3887
-3.0119 -8.6071 0.0069
-3.9676 -8.6729 0.0567
-3.8892 -8.6729 -0.9818
-2.9524 -8.6071 -0.7806
-1.7320 -8.6729 3.4179
-1.3166 -8.6071 2.5558
-0.9432 -8.6071 2.7064
-1.2397 -8.6729 3.6164
-0.5542 -8.6071 2.8028
-0.7267 -8.6729 3.7436
-3.7816 -8.6729 1.0933
-2.8708 -8.6071 0.7930
-2.7213 -8.6071 1.1658
-3.5844 -8.6729 1.5849
-3.9040 -8.6729 0.5791
-2.9637 -8.6071 0.4030
-3.3165 -8.6729 2.0418
-2.5182 -8.6071 1.5123
-2.2727 -8.6071 1.8304
-2.9928 -8.6729 2.4613
-1.9885 -8.6071 2.1157
-2.6181 -8.6729 2.8375
-2.1919 -8.6729 3.1518
-1.6653 -8.6071 2.3540
-1.8312 -8.6729 -3.6297
-1.4122 -8.6729 -3.8262
-1.0741 -8.6071 -2.9377
-1.3918 -8.6071 -2.7886
-0.9798 -8.6729 -3.9784
-0.7462 -8.6071 -3.0531
-0.5329 -8.6729 -4.0591
-0.4073 -8.6071 -3.1143
-0.0844 -8.6729 -4.1043
-0.0672 -8.6071 -3.1485
0.3646 -8.6729 -4.0847
0.2734 -8.6071 -3.1337
0.8110 -8.6729 -4.0209
0.6118 -8.6071 -3.0853
-1.6972 -8.6071 -2.6042
-2.2340 -8.6729 -3.3865
0.1601 -8.5540 1.8849
-0.1115 -8.5540 1.8939
-0.0713 -8.4798 1.0630
0.0896 -8.4798 1.0576
0.2485 -8.4798 1.0330
0.4284 -8.5540 1.8434
0.4032 -8.4798 0.9876
0.6897 -8.5540 1.7669
0.5522 -8.4798 0.9234
0.9412 -8.5540 1.6587
1.3884 -8.5540 1.3448
0.8170 -8.4798 0.7372
0.9279 -8.4798 0.6197
1.5755 -8.5540 1.1469
1.1754 -8.5540 1.5158
0.6909 -8.4798 0.8386
1.0207 -8.4798 0.4886
1.7322 -8.5540 0.9259
1.0955 -8.4798 0.3477
1.8585 -8.5540 0.6884
1.9481 -8.5540 0.4381
1.1486 -8.4798 0.1991
2.0302 -8.5540 -0.0750
1.1972 -8.4798 -0.1053
1.1932 -8.4798 -0.2543
2.0235 -8.5540 -0.3262
2.0080 -8.5540 0.1833
1.1841 -8.4798 0.0480
1.1707 -8.4798 -0.3981
1.9855 -8.5540 -0.5686
1.1330 -8.4798 -0.5399
1.9218 -8.5540 -0.8076
1.0782 -8.4798 -0.6718
1.8293 -8.5540 -1.0298
0.8525 -8.5540 -2.0015
0.4996 -8.4798 -1.2483
0.3719 -8.4798 -1.2992
0.6368 -8.5540 -2.0873
1.0572 -8.5540 -1.8919
0.6209 -8.4798 -1.1833
1.2466 -8.5540 -1.7580
0.7331 -8.4798 -1.1038
1.4199 -8.5540 -1.6052
0.8358 -8.4798 -1.0132
1.5768 -8.5540 -1.4320
0.9287 -8.4798 -0.9104
1.7131 -8.5540 -1.2378
1.0094 -8.4798 -0.7952
-1.3576 -8.5540 -1.6723
-0.8094 -8.4798 -1.0530
-0.9169 -8.4798 -0.9482
-1.5390 -8.5540 -1.4956
-1.0133 -8.4798 -0.8294
-1.7018 -8.5540 -1.2953
-1.0929 -8.4798 -0.6980
-1.8363 -8.5540 -1.0739
-1.1565 -8.4798 -0.5568
-1.9437 -8.5540 -0.8361
-2.0539 -8.5540 -0.3125
-1.2218 -8.4798 -0.2461
-1.2232 -8.4798 -0.0862
-2.0562 -8.5540 -0.0429
-2.0157 -8.5540 -0.5795
-1.1992 -8.4798 -0.4046
-0.9011 -8.5540 1.6937
-0.5391 -8.4798 0.9442
-0.3884 -8.4798 1.0050
-0.6468 -8.5540 1.7963
-0.2314 -8.4798 1.0440
-0.3817 -8.5540 1.8620
-1.9601 -8.5540 0.4927
-1.1663 -8.4798 0.2315
-1.1059 -8.4798 0.3823
-1.8582 -8.5540 0.7467
-2.0233 -8.5540 0.2270
-1.2037 -8.4798 0.0739
-1.7198 -8.5540 0.9827
-1.0239 -8.4798 0.5223
-0.9249 -8.4798 0.6509
-1.5526 -8.5540 1.1995
-0.8102 -8.4798 0.7663
-1.3590 -8.5540 1.3938
-1.1388 -8.5540 1.5562
-0.6798 -8.4798 0.8626
-0.9524 -8.5540 -1.9476
-0.7359 -8.5540 -2.0491
-0.4413 -8.4798 -1.2766
-0.5694 -8.4798 -1.2163
-0.5125 -8.5540 -2.1277
-0.3089 -8.4798 -1.3232
-0.2816 -8.5540 -2.1694
-0.1721 -8.4798 -1.3480
-0.0499 -8.5540 -2.1928
-0.0349 -8.4798 -1.3618
0.1821 -8.5540 -2.1826
0.1026 -8.4798 -1.3558
0.4127 -8.5540 -2.1497
0.2392 -8.4798 -1.3362
-0.6927 -8.4798 -1.1418
-1.1605 -8.5540 -1.8219
-0.2398 -8.3452 4.5550
0.3855 -8.3452 4.5342
0.3882 -8.2597 4.5659
-0.2413 -8.2597 4.5868
-0.8677 -8.2597 4.5128
-0.8619 -8.3452 4.4814
1.0033 -8.3452 4.4385
1.0102 -8.2597 4.4696
1.6047 -8.3452 4.2625
1.6157 -8.2597 4.2924
2.1839 -8.3452 4.0134
2.1987 -8.2597 4.0416
2.7231 -8.3451 3.6845
2.7416 -8.2597 3.7104
3.6443 -8.3451 2.8351
4.0050 -8.3451 2.3263
4.0322 -8.2597 2.3430
3.6690 -8.2597 2.8553
3.2352 -8.2597 3.3140
3.2133 -8.3451 3.2908
4.2957 -8.3451 1.7796
4.3248 -8.2597 1.7926
4.5020 -8.3451 1.2031
4.5325 -8.2597 1.2123
4.6400 -8.3451 0.6166
4.6715 -8.2597 0.6218
4.6756 -8.3452 -0.5564
4.5881 -8.3452 -1.1144
4.6193 -8.2597 -1.1210
4.7074 -8.2597 -0.5591
4.7229 -8.2597 0.0230
4.6911 -8.3451 0.0218
4.4415 -8.3452 -1.6648
4.4717 -8.2597 -1.6751
4.2285 -8.3452 -2.1764
4.2572 -8.2597 -2.1902
3.9610 -8.3452 -2.6553
3.9879 -8.2597 -2.6722
1.4830 -8.3451 -4.6109
0.9671 -8.3451 -4.7546
0.9737 -8.2597 -4.7858
1.4932 -8.2597 -4.6411
1.9931 -8.2597 -4.4422
1.9796 -8.3451 -4.4134
2.4675 -8.2597 -4.1882
2.4508 -8.3451 -4.1611
2.9067 -8.2597 -3.8779
2.8870 -8.3452 -3.8529
3.3084 -8.2597 -3.5238
3.2860 -8.3452 -3.5011
3.6720 -8.2597 -3.1223
3.6472 -8.3452 -3.1023
-3.1087 -8.3452 -3.6555
-3.5263 -8.3452 -3.2487
-3.5502 -8.2597 -3.2697
-3.1297 -8.2597 -3.6792
-2.6728 -8.2597 -4.0261
-2.6549 -8.3452 -4.0000
-3.9011 -8.3452 -2.7876
-3.9275 -8.2597 -2.8055
-4.2107 -8.3451 -2.2780
-4.2391 -8.2597 -2.2923
-4.4580 -8.3451 -1.7303
-4.4881 -8.2597 -1.7410
-4.6238 -8.3451 -1.1395
-4.6550 -8.2597 -1.1462
-4.7171 -8.3451 0.0958
-4.6414 -8.3451 0.7171
-4.6727 -8.2597 0.7230
-4.7489 -8.2597 0.0974
-4.7436 -8.2597 -0.5273
-4.7119 -8.3451 -0.5248
-2.0578 -8.3452 4.0940
-1.4722 -8.3451 4.3302
-1.4820 -8.2597 4.3605
-2.0716 -8.2597 4.1227
-2.6224 -8.2597 3.8040
-2.6049 -8.3452 3.7774
-4.2612 -8.3451 1.9136
-3.9426 -8.3451 2.4571
-3.9692 -8.2597 2.4747
-4.2900 -8.2597 1.9276
-4.5262 -8.2597 1.3388
-4.4959 -8.3451 1.3288
-3.5576 -8.3451 2.9561
-3.5815 -8.2597 2.9771
-3.1118 -8.3451 3.4036
-3.1328 -8.2597 3.4276
-2.1757 -8.3452 -4.2892
-2.1904 -8.2597 -4.3173
-1.6887 -8.2597 -4.5527
-1.6774 -8.3452 -4.5230
-1.1708 -8.2597 -4.7349
-1.1631 -8.3452 -4.7041
-0.6356 -8.2597 -4.8316
-0.6314 -8.3452 -4.8001
-0.0985 -8.2597 -4.8856
-0.0980 -8.3452 -4.8538
0.4392 -8.2597 -4.8622
0.4362 -8.3452 -4.8305
-3.8395 -8.5088 2.3887
-4.1498 -8.5088 1.8595
-4.1156 -8.5693 1.8429
-3.8079 -8.5693 2.3678
-3.4361 -8.5693 2.8497
-3.4646 -8.5088 2.8746
-3.0056 -8.5693 3.2818
-3.0305 -8.5088 3.3104
-2.5160 -8.5694 3.6428
-2.5369 -8.5088 3.6744
-1.9877 -8.5693 3.9485
-2.0041 -8.5088 3.9826
-1.4221 -8.5693 4.1766
-1.4339 -8.5088 4.2126
-0.8328 -8.5694 4.3227
-0.8397 -8.5088 4.3599
-0.2320 -8.5694 4.3937
-0.2339 -8.5088 4.4316
0.3718 -8.5694 4.3737
0.3751 -8.5088 4.4113
0.9684 -8.5694 4.2813
0.9766 -8.5088 4.3182
1.5493 -8.5694 4.1113
1.5623 -8.5088 4.1468
2.1086 -8.5694 3.8707
2.1262 -8.5088 3.9042
2.6293 -8.5693 3.5531
2.6513 -8.5088 3.5839
3.1028 -8.5693 3.1728
3.1287 -8.5088 3.2005
3.5189 -8.5693 2.7328
3.5483 -8.5088 2.7568
3.8673 -8.5693 2.2414
3.8996 -8.5088 2.2613
4.1480 -8.5693 1.7135
4.1826 -8.5088 1.7290
4.3472 -8.5693 1.1568
4.3835 -8.5088 1.1676
4.4805 -8.5693 0.5904
4.5179 -8.5088 0.5965
4.5298 -8.5693 0.0160
4.5677 -8.5088 0.0173
4.5149 -8.5694 -0.5424
4.5526 -8.5088 -0.5457
4.4304 -8.5694 -1.0813
4.4674 -8.5088 -1.0891
4.2888 -8.5694 -1.6129
4.3247 -8.5088 -1.6251
4.0831 -8.5694 -2.1070
4.1173 -8.5088 -2.1233
3.8247 -8.5694 -2.5694
3.8567 -8.5088 -2.5895
3.5218 -8.5694 -3.0010
3.5512 -8.5088 -3.0248
3.1729 -8.5694 -3.3862
3.1995 -8.5088 -3.4131
2.7876 -8.5694 -3.7259
2.8110 -8.5088 -3.7557
2.3664 -8.5693 -4.0236
2.3862 -8.5088 -4.0559
1.9113 -8.5693 -4.2672
1.9273 -8.5088 -4.3015
1.4318 -8.5693 -4.4580
1.4438 -8.5088 -4.4939
0.9335 -8.5693 -4.5968
0.9414 -8.5088 -4.6338
0.4208 -8.5694 -4.6700
0.4244 -8.5088 -4.7077
-0.0951 -8.5694 -4.6926
-0.0957 -8.5088 -4.7304
-0.6103 -8.5694 -4.6406
-0.6152 -8.5088 -4.6781
-1.1236 -8.5694 -4.5479
-1.1329 -8.5088 -4.5846
-1.6204 -8.5694 -4.3731
-1.6338 -8.5088 -4.4084
-2.1016 -8.5694 -4.1473
-2.1190 -8.5088 -4.1807
-2.5643 -8.5694 -3.8679
-2.5856 -8.5088 -3.8990
-3.0026 -8.5694 -3.5353
-3.0276 -8.5088 -3.5635
-3.4059 -8.5694 -3.1425
-3.4342 -8.5088 -3.1674
-3.7679 -8.5694 -2.6972
-3.7992 -8.5088 -2.7184
-4.0668 -8.5693 -2.2050
-4.1006 -8.5088 -2.2221
-4.3057 -8.5693 -1.6761
-4.3414 -8.5088 -1.6888
-4.4658 -8.5693 -1.1056
-4.5028 -8.5088 -1.1136
-4.5508 -8.5693 -0.5119
-4.5886 -8.5088 -0.5149
-4.5558 -8.5693 0.0874
-4.5936 -8.5088 0.0894
-4.4828 -8.5693 0.6874
-4.5200 -8.5088 0.6944
-4.3422 -8.5693 1.2782
-4.3782 -8.5088 1.2900
-3.7313 -8.6553 2.3169
-3.3669 -8.6553 2.7891
-2.9451 -8.6553 3.2125
-2.4654 -8.6553 3.5662
-1.9478 -8.6553 3.8657
-1.3937 -8.6553 4.0892
-0.8163 -8.6553 4.2324
-0.2276 -8.6553 4.3020
0.3641 -8.6553 4.2823
0.9486 -8.6553 4.1917
1.5177 -8.6553 4.0252
2.0657 -8.6553 3.7895
2.5759 -8.6553 3.4783
3.0398 -8.6553 3.1057
3.4475 -8.6553 2.6746
3.7889 -8.6553 2.1931
4.0639 -8.6553 1.6758
4.2591 -8.6553 1.1304
4.3897 -8.6553 0.5754
4.4381 -8.6553 0.0126
4.4234 -8.6553 -0.5345
4.3406 -8.6553 -1.0625
4.2019 -8.6553 -1.5833
4.0004 -8.6553 -2.0674
3.7472 -8.6553 -2.5205
3.4504 -8.6553 -2.9434
3.1086 -8.6553 -3.3208
2.7310 -8.6553 -3.6537
2.3183 -8.6553 -3.9453
1.8724 -8.6553 -4.1840
1.4026 -8.6553 -4.3709
0.9144 -8.6553 -4.5069
0.4120 -8.6553 -4.5787
-0.0934 -8.6553 -4.6008
-0.5982 -8.6553 -4.5499
-1.1012 -8.6553 -4.4591
-1.5879 -8.6554 -4.2878
-2.0594 -8.6554 -4.0666
-2.5128 -8.6554 -3.7929
-2.9422 -8.6554 -3.4669
-3.3374 -8.6554 -3.0820
-3.6920 -8.6553 -2.6457
-3.9849 -8.6553 -2.1635
-4.2189 -8.6553 -1.6453
-4.3758 -8.6553 -1.0863
-4.4591 -8.6553 -0.5046
-4.4640 -8.6553 0.0826
-4.3925 -8.6553 0.6705
-4.2547 -8.6553 1.2493
-4.0327 -8.6553 1.8027
-0.2226 -8.7200 4.1990
-0.7977 -8.7200 4.1310
-0.7845 -8.7338 4.0587
-0.2193 -8.7338 4.1255
0.3488 -8.7338 4.1066
0.3554 -8.7199 4.1798
0.9104 -8.7338 4.0196
0.9264 -8.7199 4.0914
1.4573 -8.7338 3.8596
1.4823 -8.7199 3.9287
1.9836 -8.7338 3.6332
2.0176 -8.7200 3.6984
2.4736 -8.7338 3.3343
2.5160 -8.7200 3.3943
3.3674 -8.7200 2.6092
2.9691 -8.7200 3.0304
2.9191 -8.7338 2.9765
3.3105 -8.7338 2.5626
3.6383 -8.7338 2.1003
3.7009 -8.7200 2.1389
3.9023 -8.7338 1.6037
3.9696 -8.7200 1.6336
4.0898 -8.7338 1.0798
4.1602 -8.7200 1.1007
4.2152 -8.7338 0.5469
4.2879 -8.7200 0.5586
4.3208 -8.7200 -0.5256
4.3351 -8.7200 0.0089
4.2616 -8.7338 0.0065
4.2476 -8.7338 -0.5191
4.1681 -8.7338 -1.0263
4.2400 -8.7199 -1.0414
4.0348 -8.7338 -1.5265
4.1045 -8.7199 -1.5501
3.8414 -8.7338 -1.9912
3.9076 -8.7199 -2.0231
3.5981 -8.7338 -2.4265
3.6603 -8.7199 -2.4657
1.3698 -8.7200 -4.2733
1.8288 -8.7200 -4.0907
1.7978 -8.7338 -4.0241
1.3464 -8.7338 -4.2036
0.8778 -8.7338 -4.3342
0.8929 -8.7200 -4.4061
2.2644 -8.7200 -3.8575
2.2258 -8.7338 -3.7949
2.6676 -8.7200 -3.5726
2.6221 -8.7338 -3.5149
3.0364 -8.7199 -3.2475
2.9848 -8.7338 -3.1951
3.3703 -8.7199 -2.8788
3.3129 -8.7338 -2.8328
-2.8746 -8.7198 -3.3903
-2.4551 -8.7198 -3.7088
-2.4137 -8.7337 -3.6481
-2.8264 -8.7338 -3.3349
-3.2059 -8.7338 -2.9651
-3.2606 -8.7199 -3.0143
-3.5465 -8.7338 -2.5461
-3.6070 -8.7199 -2.5880
-3.8278 -8.7338 -2.0831
-3.8930 -8.7200 -2.1169
-4.0524 -8.7338 -1.5857
-4.1216 -8.7200 -1.6106
-4.2029 -8.7338 -1.0493
-4.2748 -8.7200 -1.0646
-4.3611 -8.7200 0.0772
-4.3562 -8.7200 -0.4964
-4.2829 -8.7338 -0.4907
-4.2876 -8.7338 0.0732
-4.2189 -8.7338 0.6383
-4.2912 -8.7200 0.6515
-1.9030 -8.7200 3.7728
-2.4087 -8.7200 3.4803
-2.3684 -8.7338 3.4189
-1.8709 -8.7338 3.7067
-1.3390 -8.7338 3.9212
-1.3617 -8.7200 3.9912
-3.9397 -8.7200 1.7575
-4.1565 -8.7200 1.2169
-4.0865 -8.7338 1.1943
-3.8735 -8.7338 1.7252
-3.5841 -8.7338 2.2189
-3.6452 -8.7200 2.2598
-3.2340 -8.7338 2.6726
-3.2893 -8.7200 2.7211
-2.8291 -8.7338 3.0791
-2.8773 -8.7200 3.1347
-2.0122 -8.7198 -3.9762
-1.5515 -8.7199 -4.1923
-1.5245 -8.7338 -4.1240
-1.9778 -8.7337 -3.9113
-1.0761 -8.7199 -4.3595
-1.0576 -8.7338 -4.2882
-0.5849 -8.7199 -4.4482
-0.5747 -8.7338 -4.3755
-0.0915 -8.7199 -4.4978
-0.0898 -8.7338 -4.4243
0.4022 -8.7200 -4.4763
0.3953 -8.7338 -4.4031
-0.0274 -8.4618 -0.9463
-0.1174 -8.4618 -0.9372
-0.2071 -8.4618 -0.9210
-0.2940 -8.4618 -0.8903
-0.3780 -8.4618 -0.8507
-0.4588 -8.4618 -0.8018
-0.5353 -8.4618 -0.7434
-0.6058 -8.4618 -0.6745
-0.6690 -8.4618 -0.5964
-0.7212 -8.4618 -0.5100
-0.7630 -8.4618 -0.4172
-0.7909 -8.4618 -0.3171
-0.8058 -8.4618 -0.2130
-0.8067 -8.4618 -0.1079
-0.7939 -8.4618 -0.0027
-0.7694 -8.4618 0.1009
-0.7297 -8.4618 0.2001
-0.6760 -8.4618 0.2921
-0.6110 -8.4618 0.3766
-0.5358 -8.4618 0.4525
-0.4503 -8.4618 0.5158
-0.3580 -8.4618 0.5694
-0.2592 -8.4618 0.6094
-0.1562 -8.4618 0.6350
-0.0512 -8.4618 0.6475
0.0543 -8.4618 0.6440
0.1585 -8.4618 0.6278
0.2599 -8.4618 0.5980
0.3576 -8.4618 0.5558
0.4486 -8.4618 0.5001
0.5313 -8.4618 0.4334
0.6041 -8.4618 0.3561
0.6649 -8.4618 0.2700
0.7140 -8.4618 0.1773
0.7488 -8.4618 0.0797
0.7721 -8.4618 -0.0197
0.7807 -8.4618 -0.1204
0.7781 -8.4618 -0.2184
0.7634 -8.4618 -0.3129
0.7386 -8.4618 -0.4061
0.7027 -8.4618 -0.4928
0.6576 -8.4618 -0.5739
0.6046 -8.4618 -0.6496
0.5437 -8.4618 -0.7172
0.4764 -8.4618 -0.7768
0.4027 -8.4618 -0.8290
0.3232 -8.4618 -0.8717
0.2394 -8.4618 -0.9052
0.1524 -8.4618 -0.9295
0.0628 -8.4618 -0.9424
-0.3841 -8.4438 -0.0792
-0.3724 -8.4438 -0.0296
-0.3536 -8.4438 0.0179
-0.3280 -8.4438 0.0620
-0.2972 -8.4438 0.1024
-0.2614 -8.4438 0.1387
-0.2208 -8.4438 0.1690
-0.1770 -8.4438 0.1946
-0.1300 -8.4438 0.2138
-0.0811 -8.4438 0.2261
-0.0311 -8.4438 0.2320
0.0190 -8.4438 0.2304
0.0685 -8.4438 0.2226
0.1167 -8.4438 0.2083
0.1631 -8.4438 0.1881
0.2064 -8.4438 0.1615
0.2457 -8.4438 0.1295
0.2802 -8.4438 0.0926
0.3092 -8.4438 0.0513
0.3325 -8.4438 0.0069
0.3490 -8.4438 -0.0398
0.3601 -8.4438 -0.0873
0.3642 -8.4438 -0.1356
0.3630 -8.4438 -0.1824
0.3560 -8.4438 -0.2277
0.3442 -8.4438 -0.2723
0.3271 -8.4438 -0.3138
0.3057 -8.4438 -0.3526
0.2806 -8.4438 -0.3888
0.2516 -8.4438 -0.4212
0.2196 -8.4438 -0.4497
0.1846 -8.4438 -0.4747
0.1468 -8.4438 -0.4951
0.1070 -8.4438 -0.5111
0.0656 -8.4438 -0.5228
0.0230 -8.4438 -0.5290
-0.0199 -8.4438 -0.5308
-0.0626 -8.4438 -0.5265
-0.1053 -8.4438 -0.5187
-0.1466 -8.4438 -0.5040
-0.1865 -8.4438 -0.4851
-0.2249 -8.4438 -0.4617
-0.2612 -8.4438 -0.4338
-0.2947 -8.4438 -0.4008
-0.3247 -8.4438 -0.3634
-0.3495 -8.4438 -0.3221
-0.3694 -8.4438 -0.2776
-0.3827 -8.4438 -0.2297
-0.3898 -8.4438 -0.1798
-0.3902 -8.4438 -0.1295
-0.0118 -8.4438 -0.1524
-0.2346 -8.4238 4.4480
0.3764 -8.4238 4.4276
0.3791 -8.3834 4.4581
-0.2361 -8.3834 4.4786
-0.8481 -8.3834 4.4062
-0.8426 -8.4238 4.3761
0.9802 -8.4238 4.3342
0.9868 -8.3834 4.3640
1.5679 -8.4238 4.1622
1.5784 -8.3834 4.1909
2.1339 -8.4238 3.9187
2.1482 -8.3834 3.9458
2.6608 -8.4238 3.5972
2.6786 -8.3835 3.6222
3.5610 -8.4238 2.7672
3.9136 -8.4238 2.2700
3.9397 -8.3835 2.2860
3.5848 -8.3835 2.7866
3.1609 -8.3835 3.2348
3.1399 -8.4238 3.2125
4.1976 -8.4238 1.7357
4.2256 -8.3835 1.7482
4.3992 -8.4238 1.1723
4.4285 -8.3835 1.1811
4.5341 -8.4238 0.5992
4.5644 -8.3835 0.6041
4.5690 -8.4238 -0.5471
4.4834 -8.4238 -1.0925
4.5134 -8.3834 -1.0988
4.5995 -8.3834 -0.5498
4.6146 -8.3834 0.0190
4.5841 -8.4238 0.0179
4.3402 -8.4238 -1.6303
4.3692 -8.3834 -1.6402
4.1320 -8.4238 -2.1303
4.1596 -8.3834 -2.1435
3.8706 -8.4238 -2.5983
3.8964 -8.3834 -2.6146
1.4490 -8.4238 -4.5094
0.9448 -8.4238 -4.6498
0.9512 -8.3834 -4.6798
1.4587 -8.3834 -4.5384
1.9472 -8.3834 -4.3441
1.9343 -8.4238 -4.3164
2.4108 -8.3834 -4.0959
2.3947 -8.4238 -4.0698
2.8399 -8.3834 -3.7927
2.8211 -8.4238 -3.7686
3.2324 -8.3834 -3.4466
3.2110 -8.4238 -3.4248
3.5878 -8.3834 -3.0543
3.5640 -8.4238 -3.0351
-3.0384 -8.4238 -3.5757
-3.4464 -8.4238 -3.1782
-3.4693 -8.3834 -3.1985
-3.0585 -8.3834 -3.5987
-2.6121 -8.3834 -3.9376
-2.5948 -8.4238 -3.9124
-3.8127 -8.4238 -2.7276
-3.8380 -8.3834 -2.7448
-4.1152 -8.4238 -2.2295
-4.1425 -8.3834 -2.2434
-4.3569 -8.4238 -1.6943
-4.3858 -8.3835 -1.7046
-4.5189 -8.4238 -1.1170
-4.5488 -8.3835 -1.1234
-4.6100 -8.4238 0.0902
-4.5361 -8.4238 0.6974
-4.5662 -8.3835 0.7030
-4.6406 -8.3834 0.0918
-4.6355 -8.3835 -0.5187
-4.6049 -8.4238 -0.5162
-2.0113 -8.4238 3.9974
-1.4390 -8.4238 4.2282
-1.4484 -8.3834 4.2574
-2.0246 -8.3834 4.0250
-2.5627 -8.3834 3.7136
-2.5459 -8.4238 3.6881
-4.1646 -8.4238 1.8667
-3.8532 -8.4238 2.3978
-3.8787 -8.3835 2.4147
-4.1921 -8.3835 1.8801
-4.4230 -8.3835 1.3048
-4.3938 -8.4238 1.2952
-3.4769 -8.4238 2.8854
-3.4999 -8.3835 2.9056
-3.0413 -8.4238 3.3228
-3.0614 -8.3835 3.3459
-2.1265 -8.4238 -4.1951
-2.1407 -8.3834 -4.2221
-1.6505 -8.3834 -4.4521
-1.6396 -8.4238 -4.4236
-1.1444 -8.3834 -4.6301
-1.1369 -8.4238 -4.6005
-0.6216 -8.3834 -4.7245
-0.6174 -8.4238 -4.6943
-0.0966 -8.3834 -4.7774
-0.0960 -8.4238 -4.7468
0.4288 -8.3834 -4.7544
0.4260 -8.4238 -4.7240
