-0.2292 2.6973 -3.0022
-0.5503 2.4402 -2.8394
-0.3313 2.2562 -3.2734
-9.1065 12.6547 -4.5612
-8.5207 12.7750 -5.2945
-9.8663 11.3740 -4.9715
0.0606 2.8139 -3.4676
1.0563 3.2194 -4.2213
0.3947 3.0213 -3.2020
0.2191 3.1686 -4.4310
1.0235 3.1741 -3.5470
-1.2127 2.2364 -2.5175
-1.8657 2.2253 -2.1185
-1.2590 1.8057 -2.7554
-1.7935 1.1868 -2.7131
6.7573 -25.9812 1.4901
5.8433 -25.9916 1.8634
5.4240 -25.7785 1.2785
-3.9249 -25.9921 8.5550
-4.1048 -25.7846 8.7892
-5.4300 -25.9339 8.3448
-4.1111 13.7403 -6.4596
-1.7565 13.5294 -6.8558
-2.4108 13.0418 -7.3398
6.4532 -25.7635 1.0596
-6.0991 -25.5420 8.4668
-3.5530 -25.4048 8.9656
-9.3491 12.6979 -2.4398
-9.5054 11.9688 -1.4342
-8.3339 12.5616 -1.0300
-1.3821 2.7054 -1.8086
4.5094 -25.8035 2.3559
6.2026 -25.7989 2.2107
5.4854 -25.8205 2.7040
-3.2114 -25.9487 8.3086
-2.4338 -25.7949 8.8367
-2.6957 13.9681 -6.2996
-4.8863 14.2724 -5.6176
-3.0978 14.3936 -5.5492
4.2411 -26.0133 1.7144
-7.7336 12.6711 -0.6668
-7.8036 13.6015 -2.1905
-0.8548 3.0344 -1.9537
-7.0893 13.5348 -1.5507
-11.2410 -8.3464 5.6943
-10.3695 -15.1004 6.4483
-10.2706 -8.6725 6.3438
-8.2624 13.7139 -3.0154
-1.7480 2.9678 -1.3934
-2.3977 3.0136 -1.2143
-1.4160 13.8887 -6.3474
-9.2265 -12.5070 7.0425
-1.5687 -25.5501 9.0806
-0.6865 14.0771 -6.1189
3.3906 -10.9274 -8.8891
2.7960 -20.3662 -8.6783
1.5594 -16.1381 -8.9200
4.9104 -26.0254 3.2433
7.6938 -26.0159 3.2256
6.1234 -25.9097 3.7960
-1.9243 3.7903 -0.7924
-0.1337 13.6626 -6.8953
8.1180 -25.7529 2.6700
-9.3060 13.0251 -3.5468
-9.6811 12.5109 -3.8719
-2.5030 -25.6446 -1.5905
-1.8767 -25.9952 -2.3671
-2.2532 -25.9154 0.2084
8.8256 -25.9488 3.0007
8.4137 -25.9483 3.5741
-1.9570 -26.0016 -0.6542
-8.2072 13.7275 -4.1223
-1.5727 -25.9548 -1.4709
-9.2391 13.1778 -3.2178
-8.2709 13.9300 -3.5665
7.9856 -25.7731 3.9474
-0.0161 -16.2292 -8.9572
1.9369 -8.5002 -9.0987
6.4547 -25.8261 4.2364
-2.0555 -25.9258 -3.5285
7.9707 -25.8118 4.4485
-2.2137 14.3879 -5.3703
-7.4724 14.1398 -3.2159
-1.4607 -25.9098 -3.5541
-1.1980 -25.6644 -2.6896
-0.7107 14.2218 -5.5851
7.5455 -25.9756 1.9378
7.9084 -25.7639 2.3148
-0.8285 -25.3151 -2.7421
-1.0508 -25.4931 -0.8763
-0.6395 -25.2563 -1.3662
7.7196 -25.9743 1.4425
0.3497 13.9559 -6.4615
0.5610 14.3002 -5.7481
-0.5234 14.4263 -5.1955
-6.0294 13.4611 -1.1309
-5.5575 12.9720 -0.5612
-4.8617 13.8380 -1.6534
2.3072 -25.7363 1.1380
1.1056 -25.7317 0.7526
2.0834 -25.8900 0.6625
-8.3720 -18.5421 7.5931
-7.5241 -9.7729 7.7306
9.1082 -25.6128 2.3620
-5.8933 14.2027 -2.1995
8.6864 -25.5143 2.1951
3.0840 -25.7129 0.7752
8.2861 -25.9063 1.7479
0.4987 14.5496 -5.0458
8.2551 -25.8473 1.1647
8.7793 -25.6764 1.0085
1.2368 14.7119 -5.6426
-7.0855 -19.7135 8.0987
8.8681 -25.4964 1.6179
-6.6336 14.2378 -2.5769
3.6386 -25.9680 2.3300
3.0132 -26.0507 2.1322
2.1062 -25.9975 1.7498
1.1181 14.4379 -6.2372
1.1915 14.0493 -6.7823
0.7188 13.8308 -6.7784
-6.3747 14.5232 -3.3887
2.4256 -25.8359 1.4415
3.7721 -25.5603 1.1595
3.9651 -25.7129 1.3207
6.4192 -25.9171 -1.0984
6.6007 -25.8772 -0.5195
5.5188 -26.0549 -0.8928
6.0390 -26.0910 -1.4503
5.4168 -26.0861 -1.9577
4.3149 -26.0807 -1.5078
4.5991 -25.8436 -0.9525
-1.2159 3.3935 -1.2037
-8.6036 -8.4665 7.2450
4.9619 -25.9804 -2.2235
1.3737 14.5346 -6.8498
-1.3509 3.9979 -0.9003
0.4956 -25.9146 0.1981
0.1603 -25.6273 0.0530
0.8543 -25.8608 -0.1933
1.7385 14.8849 -5.1427
1.1652 -25.7795 -0.4741
0.0777 -25.4825 -0.2895
7.0536 -26.0840 -1.7625
-5.3393 14.5822 -3.0239
1.2720 -25.8134 -0.8510
0.3173 -25.7071 -0.8860
-4.2782 14.4025 -2.6007
-0.0743 3.1430 -2.4072
-0.4340 3.5161 -1.8792
1.6057 -26.0258 0.1858
1.0415 -25.9695 0.4241
2.1570 15.1832 -5.6117
7.7591 -25.7586 -0.8109
1.3336 15.2713 -6.3235
0.2639 3.7609 -1.8903
1.6568 15.4308 -6.1076
-0.5554 -5.7539 -9.2171
7.7935 -8.0915 7.7165
7.0004 -4.4574 7.8733
6.0117 -6.9477 8.1921
-0.9056 3.9170 -1.2310
1.4058 14.7964 -4.4801
-7.6621 13.0566 -5.8405
-8.9135 11.4577 -5.9147
1.8589 -25.8459 -0.2465
7.6551 -25.9891 -1.2761
-7.9393 11.8610 -6.4314
-6.8627 11.3456 -6.9876
-7.7863 11.0844 -6.8223
2.6972 15.1739 -4.8749
3.1177 15.3154 -5.3634
5.0273 -25.6881 -0.5743
5.6198 -25.5736 0.4730
4.7151 -25.3761 -0.1593
3.5784 15.5035 -4.9461
6.1954 -26.0334 0.0700
5.4582 -25.8411 -0.3007
-0.4286 4.5056 -1.1950
6.1111 -3.5171 8.0605
2.1918 15.0676 -3.9414
-5.8704 11.9932 -7.2347
2.1476 -25.7637 -0.7136
2.8648 15.4409 -4.1621
4.7304 -25.3580 0.4113
4.8844 -25.4506 0.8975
3.9565 -25.4240 0.6961
-0.0100 -25.5024 -1.6786
0.4327 -25.8058 -1.8016
0.1494 -25.7340 -1.2403
1.2820 15.2032 -6.7775
-0.2599 -25.3421 -0.8899
-0.1749 -25.2878 -2.0013
0.6941 3.2419 -2.7061
0.7122 3.6126 -2.0395
0.5941 -26.0173 -1.3526
1.6102 -26.0085 -1.2357
4.3009 -25.4283 -0.0590
0.9934 -25.9830 -1.6864
2.1334 15.8380 -6.1884
-6.6863 13.0952 -6.4301
1.0660 4.1492 -1.4895
0.2530 4.4902 -1.3867
1.4926 15.0199 -7.4102
0.7444 -25.5494 -2.1927
0.7134 4.5907 -1.3372
1.3572 15.9447 -6.9975
1.4218 3.5993 -2.2647
14.3878 -23.5179 2.3526
14.5595 -22.6267 1.3663
14.0942 -18.2784 2.5266
0.9307 5.5607 -0.6008
1.5658 15.9997 -6.5881
1.2750 -25.7437 -2.0254
7.3663 -26.0235 0.4949
6.3484 -25.8730 0.5387
-5.6997 -9.7708 8.2561
2.0093 16.1683 -6.6069
14.3040 -16.7942 1.5924
2.7505 15.7009 -5.9864
2.6892 -26.0591 -1.5446
6.4625 -26.0001 -0.1707
3.9336 15.6223 -6.1893
-6.1773 12.6475 -6.9149
2.7305 -25.9776 -1.8424
2.9775 15.8369 -6.2689
2.3300 -25.7228 -2.1226
-6.4900 13.8320 -5.7163
1.5552 4.3600 -0.8820
2.1257 3.9198 0.1276
1.6842 4.6061 0.3853
14.5844 -20.0242 0.6142
1.9041 3.7078 -1.9935
2.2531 3.6609 -1.2675
-6.8743 -15.9236 -8.0580
-6.0359 -6.8246 -8.4741
-5.4569 -15.3425 -8.4571
3.7961 15.5052 -5.5263
1.3488 4.8741 -0.5663
4.3823 -25.8979 -2.1414
3.6679 -26.0053 -2.1617
3.7111 15.9166 -4.3094
3.2164 15.9226 -3.7527
2.9602 -26.0375 -0.1392
2.5859 -26.0212 0.3900
7.7483 -25.8483 -0.3020
7.5304 -26.0353 0.1320
3.6048 16.5921 -3.6158
8.3251 -25.9985 0.4717
3.2132 -25.9699 0.3805
-7.6956 13.6742 -5.0112
8.5647 -25.8592 -0.2281
4.1128 16.2328 -4.7270
2.8996 -25.9079 -0.5724
13.2893 -12.8624 3.7655
13.0015 -18.9278 4.5942
13.8009 -21.0583 3.4877
2.0285 3.3408 -2.7991
8.8492 -25.8563 0.2020
4.2168 17.1963 -4.1157
9.1908 -25.6496 -0.0044
2.5806 3.2999 -2.1052
3.7228 -26.0606 -0.7731
3.7116 -25.9901 -0.2195
-7.4825 14.2651 -3.9138
4.1850 -25.8349 -0.7042
3.8349 -25.7471 0.1653
4.8773 15.6640 -6.0314
4.3689 15.7105 -5.4675
4.7988 16.2184 -5.1900
-1.0789 1.7992 -5.6968
-0.9451 1.7053 -4.4341
-0.6646 1.3602 -5.3184
3.3317 15.9152 -6.8993
-1.2717 2.2461 -4.5844
9.1832 -26.0659 -1.3266
8.8971 -25.8840 -0.7922
-1.5579 2.6597 -4.7873
-1.0464 2.4348 -4.1396
-1.2086 2.8358 -4.6590
5.0516 15.8207 -6.5836
-3.1314 -18.3615 8.9125
-1.8083 -18.2565 9.0435
-1.1354 -8.6596 8.8484
5.3872 15.8650 -5.6694
-0.6556 2.9803 -4.5461
9.8574 -25.9401 -0.6100
-0.4002 3.8550 -5.9700
-6.7879 14.3116 -4.6918
2.9490 -25.9565 -1.0696
5.0382 17.0228 -4.7245
0.4363 3.6409 -5.4589
9.6741 -25.6419 -0.1438
6.0774 15.9562 -5.7865
5.9268 16.0339 -6.7036
2.3572 3.8371 -5.4112
7.5140 -25.8561 0.9210
0.0801 -13.7431 9.0247
14.4877 -18.9196 -0.3430
14.6461 -22.6672 0.3581
-5.9598 14.4051 -5.1460
14.3369 -14.7076 0.8467
0.6928 4.5807 -6.6658
-5.7894 13.6550 -6.2781
10.3864 -26.0452 2.1937
11.1400 -25.8687 1.7680
10.5728 -25.9256 2.7490
3.2993 17.2930 -3.0546
2.9374 16.8312 -2.6933
2.1624 3.3185 -3.5981
10.8355 -26.0517 0.7834
10.2810 -25.8622 1.5313
11.5280 -25.4990 2.3090
10.9296 -25.6331 2.8068
2.0687 18.5349 -2.3515
3.4389 17.8976 -3.2361
2.4736 17.1837 -2.1818
-6.1074 14.6787 -4.2917
11.6123 -25.5806 0.5695
9.6640 -26.0390 3.0385
-5.6533 -25.8015 -4.7563
-6.0105 -25.9270 -3.9522
-6.2095 -25.7908 -4.6681
2.8195 18.7076 -2.9057
3.4180 3.4608 -3.5154
-5.6371 -25.8597 -3.6369
9.5618 -25.9447 2.5603
9.9194 -25.8760 3.2810
9.9644 -25.5981 3.5009
-6.3040 -25.3119 -5.1705
-5.7505 -25.5159 -5.2032
9.0217 -25.4227 4.2209
3.8590 18.4071 -3.5187
-5.9020 -25.2080 -5.5578
8.3777 -25.6672 4.6569
-5.2862 -25.5878 -3.8386
8.8661 -25.3610 4.8363
-4.8288 14.8231 -3.8012
-5.3296 -25.4438 -5.1252
-5.3651 14.8295 -4.2173
10.0121 -25.3774 3.8540
10.0315 -25.3825 4.8170
3.3957 19.2996 -3.0506
-4.8469 -25.3635 -5.1151
-4.9208 -25.4917 -4.2511
-4.4771 -25.6812 -4.8177
-4.5026 -25.6976 -3.9298
1.6938 4.1874 -6.3195
-5.3304 -25.2155 -5.6801
-4.4832 -25.3852 -5.3526
4.5001 18.3689 -3.7823
-7.6450 -25.7909 -6.6819
-9.1663 -25.8070 -5.9818
-9.1059 -25.6799 -6.6846
-7.3240 -25.6397 -7.2293
10.9134 -25.3980 3.4574
-7.7280 -25.7316 -6.2488
-8.0053 -25.3589 -7.5014
-9.2749 -25.4299 -7.0247
-8.7892 -25.0756 -7.2719
1.5648 15.6902 -7.5493
1.8939 14.9799 -7.9233
-2.1460 4.7220 -0.2204
1.9088 16.0967 -7.4192
1.6587 16.1900 -7.0939
-4.3575 14.8541 -4.2858
-3.0297 14.6684 -4.5721
-4.8921 14.7912 -4.7330
2.0892 16.2410 -6.9597
11.3590 -25.3886 3.6625
2.6850 16.1117 -7.3325
2.1105 15.8076 -7.8101
2.5339 15.4214 -8.1189
-2.8156 5.2735 0.4931
-2.0842 6.2658 0.2765
-6.9032 -25.6338 -6.3517
-7.0403 -25.3504 -5.8868
-0.7698 5.5941 -0.6673
2.7173 15.8694 -7.8030
9.2418 -25.4084 1.8751
9.7272 -25.5307 1.7689
-5.2891 -25.8365 -7.2167
3.6840 15.7557 -7.5658
-7.0348 -25.1453 -7.8510
-4.0141 -11.4990 -8.8137
-5.8318 -25.4747 -8.0685
-6.2136 -25.6068 -7.7596
-5.9159 -25.1382 -8.1507
-3.9427 12.2385 -7.7606
-5.0233 13.1314 -6.9677
4.8037 15.7994 -7.1125
-2.9073 7.3933 1.1125
-3.7470 5.7378 1.5243
-6.9575 -23.1970 -7.9351
12.9039 -13.8123 4.4423
13.2687 -25.8063 1.5699
12.5441 -25.7859 3.5049
12.3157 -25.4973 2.9350
12.5098 -14.3675 4.9668
11.9104 -13.0059 5.4808
12.3020 -19.3030 5.4134
12.8136 -25.8713 3.7981
0.2114 19.5344 -1.1205
1.5948 19.7163 -2.3068
-3.2895 -25.7785 -8.2067
-4.4872 -25.8327 -7.6874
-3.9559 -25.6132 -8.3237
13.4462 -25.8938 2.0005
-2.7299 -25.8504 -7.8086
-1.5638 7.7453 0.3639
1.9639 20.4268 -2.5926
0.5210 20.3922 -1.3730
13.5758 -25.6820 3.2936
14.0544 -25.7441 1.3883
-2.1299 12.3054 -7.9844
14.0620 -25.5944 2.2913
0.1285 20.7681 -1.1914
0.7130 20.9989 -1.6442
0.1520 20.9621 -1.3788
-5.1085 -25.7160 -6.8050
-4.7582 -25.2915 -6.1935
11.7498 -25.8755 4.7725
11.5124 -25.5637 4.2261
0.4862 21.2496 -1.7208
-6.6762 -25.1584 -5.3619
1.1959 21.7066 -1.9660
-0.3851 21.2220 -1.0862
-0.5059 20.9207 -0.7675
-0.0834 21.3851 -1.3098
-0.9298 21.6902 -0.5956
-0.3201 22.0131 -1.1558
10.8033 -25.6880 5.1582
0.8435 21.8635 -1.7655
11.8925 -25.7622 5.2874
12.8159 -25.6552 4.6048
0.3831 22.0200 -1.3898
-2.7504 -25.8505 -7.3305
10.4545 -10.1667 6.4571
9.7222 -14.2620 7.0963
11.0928 -14.1596 6.2158
-2.2649 -25.4751 -6.7487
0.2352 22.5631 -1.5266
13.2019 -25.3755 4.7996
13.4226 -25.5796 4.3300
12.6820 -25.5456 5.2141
1.5698 5.3198 0.8479
12.9455 -25.0841 5.1213
1.4524 5.7733 0.4878
-4.5406 -25.1735 -5.7801
-4.5768 -16.8551 8.6672
-4.1069 -8.1819 8.5451
1.2440 5.6802 -0.1923
2.0553 19.3894 -2.4838
6.1454 -15.6706 -8.1534
7.1887 -18.2537 -7.7481
5.5937 -18.9475 -8.1995
12.1867 -25.4037 1.9417
2.7192 19.5029 -2.7624
2.6959 19.9106 -2.8322
0.7295 7.1373 0.4060
-4.8900 -5.1849 -8.7898
-2.2464 -5.1116 -9.1797
1.4112 6.3122 1.2043
-2.6483 -10.7589 -8.9858
-4.1226 -25.2474 -8.4170
-0.2446 6.2934 -0.6454
-5.1685 -23.8829 -8.3237
0.1869 7.1147 -0.1523
-0.4440 7.3371 -0.2117
9.8052 -25.4355 0.5145
9.5589 -25.3200 1.0800
10.4414 -25.9816 0.1696
10.3363 -25.7600 0.8755
10.1420 -25.7269 0.1730
2.9145 20.6103 -3.2676
1.8310 20.9398 -2.3267
2.3516 21.3611 -2.6010
11.1701 -25.9405 0.4734
3.6413 20.0116 -2.9069
3.5234 20.3847 -3.1635
3.5109 20.6842 -3.4859
4.2633 19.4258 -3.1483
0.8999 7.8424 1.4018
4.0049 20.5130 -2.9946
4.3056 -19.5344 -8.4740
10.6120 -26.0445 -0.5019
3.9405 20.8716 -3.4333
13.5627 -9.9873 2.9935
11.0625 -25.9391 -0.3012
3.0527 21.2855 -3.3000
9.7417 -25.9247 -1.5363
2.6567 21.7735 -2.9162
-2.7696 -7.2731 8.6738
1.3545 21.2460 -1.9349
-0.6648 8.3570 0.0750
-3.9170 -3.7240 -9.0021
-1.2892 8.8232 0.2468
-2.9130 8.5305 1.1959
1.8224 21.5166 -2.0770
6.7192 -14.2773 -7.9019
8.3080 -17.3032 -7.3071
1.8222 22.0463 -2.1659
-0.3082 8.7895 0.3525
13.9056 -9.3432 2.0140
-0.8919 9.3538 0.1633
0.8550 22.3141 -1.6623
-0.2546 9.3785 0.5050
1.2467 22.5852 -2.0009
0.6598 22.8043 -1.9155
0.2347 8.6365 0.6847
1.6460 22.5359 -2.3386
0.8335 23.1234 -2.2739
-3.8869 -25.9382 -4.6158
-4.1320 -25.9529 -3.2713
0.2977 9.4724 1.1888
-8.6216 -6.9518 -7.5214
-8.7002 -3.1663 -7.5779
-7.4436 -6.9992 -8.0129
2.2488 22.3425 -2.7781
-3.5721 -25.8523 -4.0919
-3.8528 -25.9783 -3.0101
8.6630 -15.7037 -7.1107
1.7333 23.3110 -1.8231
2.2786 23.1868 -1.6289
2.7281 23.0033 -2.1734
-12.0679 -25.5175 -5.2419
-12.2116 -25.7303 -4.3898
-12.6855 -25.5685 -4.6286
-12.9665 -25.2564 -4.5173
-3.3152 -25.6549 -2.4817
-11.9748 -25.2363 -5.4693
2.9642 3.0310 -0.3359
3.1151 23.1605 -1.5798
3.1601 22.8556 -1.8442
-3.2277 -25.5846 -3.9099
1.8742 23.4731 -1.2972
3.0702 3.0423 -0.9050
3.1625 3.1642 -2.0297
-13.3058 -25.5635 -3.8014
-13.7887 -25.1828 -3.4363
-14.0498 -24.9274 -3.0107
-12.8503 -23.6308 -4.5868
-13.1513 -25.6838 -3.1782
-2.9529 -25.4499 -3.8050
5.4288 3.7930 -1.1704
5.2302 3.3665 -0.9045
5.1712 3.4246 -1.6705
-2.5948 -25.5204 -3.1810
3.8107 21.3111 -3.7958
3.2994 21.8381 -3.5694
5.6452 3.9181 -1.5238
-2.6340 -25.5731 -4.4426
-2.8622 -25.4417 -2.9721
5.8446 3.7075 -2.2751
7.3229 4.7853 -1.5124
3.7897 21.8582 -3.7708
-4.1456 -25.8677 -4.9204
3.1030 22.4214 -3.4777
6.2667 3.6665 -2.9193
7.7513 4.7361 -2.0428
3.5485 22.3397 -3.4848
-3.6334 -25.7437 -5.1269
-13.6824 -22.8173 -3.4848
1.3847 23.0467 -2.5933
1.0677 23.4808 -2.3526
-3.2850 -25.6410 -4.6889
2.2760 22.7381 -3.0812
1.5826 23.2701 -2.6803
-4.0720 -25.5073 -5.4321
1.3664 23.5732 -2.2974
-3.4265 -25.3913 -5.3236
1.8271 23.4464 -2.2392
1.8525 23.3581 -2.7014
-12.0791 -21.9535 -5.3447
6.6286 -11.0369 -8.0327
-2.0957 -25.8809 -4.7876
-2.5818 -25.5210 -4.8606
6.0472 4.0998 -0.1492
6.4443 3.7005 0.5334
5.5446 2.9933 -0.2154
-7.1398 -1.9534 -8.1947
-2.0062 -25.6455 -5.2493
5.8700 4.2439 -0.7814
-2.1448 -25.3071 -5.4792
3.5592 22.4819 -3.0732
2.8060 22.9964 -2.9221
3.6737 22.3888 -2.5716
2.9792 22.7286 -3.3103
-2.9756 -25.3790 -4.9403
8.2961 -11.9707 -7.3858
2.3403 23.0516 -3.0294
14.2802 -17.4318 -1.5347
14.1416 -20.0177 -2.0171
13.7243 -18.6229 -2.7769
13.9912 -14.3541 -2.0644
6.4363 4.5751 0.4312
-11.4154 -25.7822 -4.8572
-11.8804 -25.7553 -3.6816
6.6195 5.2543 0.4847
6.7336 4.1285 0.8517
2.1811 23.3419 -2.6751
10.9143 -25.7677 -0.9382
6.4001 4.6238 -0.4886
4.5212 -11.4508 -8.6338
-1.6999 -26.0027 -4.3611
6.8791 5.5285 0.3020
14.2348 -14.3564 -1.3080
7.1447 5.4429 -0.0440
6.7789 4.9764 1.5917
-10.5773 -25.8167 -5.3081
6.7266 5.3541 1.1713
-10.5201 -25.6783 -4.8004
-10.9195 -25.3824 -3.7179
-10.5648 -25.3414 -3.2305
-9.8912 -25.2846 -4.0493
11.6789 -25.4504 -0.5666
11.1005 6.3143 -5.2397
11.2476 5.9168 -4.5221
9.8079 4.6214 -6.0313
-9.6287 -25.4464 -4.8494
12.1295 -25.3823 -0.1541
-1.0135 -25.5097 -4.3115
7.3110 4.9564 -0.9340
10.3681 6.2749 -6.1061
10.7977 6.7582 -5.7882
8.3017 5.8293 -0.3654
-11.2041 -25.5279 -5.8661
-11.2521 -25.0880 -6.0160
-10.3912 -25.5085 -6.4584
-11.0401 -25.6547 -5.5000
-8.7710 -1.1996 -7.5566
-0.4780 -25.1879 -4.0159
3.9738 4.4945 -6.1813
4.6585 3.8776 -4.3022
0.3779 -25.4123 -2.8404
0.1426 -25.3695 -3.7115
-1.5531 -25.8964 -4.9854
-1.2573 -25.7910 -4.8931
13.0026 -25.5721 0.9716
11.4534 5.8462 -3.6509
12.0978 6.9804 -3.6767
11.8686 6.4321 -2.8663
-1.3876 -25.4838 -5.4197
12.7802 -25.4521 0.1268
12.4628 7.3937 -2.9935
-0.9255 -25.2986 -5.1012
-9.8078 -25.6482 -6.4631
13.5038 -15.1708 -3.1111
12.3950 7.7634 -3.5098
6.2855 3.1378 -3.7774
6.5000 2.9453 -3.6878
6.2406 3.6526 -3.5764
13.7700 -25.8816 0.3628
5.8597 3.6705 -3.2058
7.0655 2.9759 -3.7335
6.6923 3.4364 -3.2183
0.0505 -25.1911 -4.4362
7.2251 3.7992 -3.0478
14.0678 -25.7648 -0.1368
6.1305 2.9274 -4.7796
6.1543 3.0095 -4.2300
6.2053 3.7182 -4.5938
11.5649 7.4619 -4.7483
6.0788 4.0986 -4.0724
14.2145 -12.0322 -0.8687
6.2248 4.3184 -4.6762
13.2372 -25.7640 -0.5504
7.7705 3.8135 -3.1635
8.0405 3.4697 -3.2919
10.8031 7.8199 -5.5974
12.5151 -25.5844 -1.5119
-10.2901 -25.1797 -6.5878
-2.0593 -25.6497 -8.5090
8.2569 4.5592 -2.5279
-1.4074 -25.9113 -7.6676
0.1736 -25.6832 -7.0563
12.1398 8.9804 -3.7443
-7.5684 -0.9741 -7.9444
-1.4952 -25.8210 -8.1724
6.4306 3.5453 -5.4300
14.5127 -25.6002 -0.2500
-9.7006 -23.1904 -6.8568
13.3277 -25.9157 -1.3261
-0.5830 -25.6241 -8.1407
5.1676 4.3436 -5.0138
11.6150 9.1709 -4.4900
6.3783 4.1956 -5.0426
11.6913 10.4824 -3.8289
-11.2364 -22.9240 -5.9600
5.8183 4.5703 -5.1438
14.2450 -25.3358 2.9584
14.0943 -25.1035 3.3966
13.9509 -25.4818 3.4556
-2.3907 -25.1555 -6.2412
-3.3499 -25.1322 -5.9630
8.7432 6.8630 -7.0335
9.0539 5.9642 -6.8051
8.2919 5.6873 -6.8202
8.4010 6.7696 -6.9821
14.5472 -25.1244 2.0531
-3.6239 -25.2093 -5.6775
9.7722 6.9124 -6.5437
9.7925 5.4843 -6.3302
9.1381 4.7675 -6.4833
13.5939 -25.3110 4.3247
9.1798 7.3049 -6.8820
13.9401 -24.1467 3.4744
8.4674 7.4018 -6.8953
13.3958 -22.4168 4.2948
8.9233 7.6535 -6.8441
8.0418 8.3825 -6.7587
8.7284 8.6403 -6.4242
8.2125 7.7294 -6.7026
8.8402 8.0225 -6.5879
-2.4295 -25.1329 -5.7083
12.5269 -24.0940 5.4729
-5.1868 -1.8140 -8.7603
9.8335 7.8406 -6.3832
9.5842 8.2988 -6.2091
13.0979 -17.1078 -3.7367
12.8159 -12.1218 -4.1077
-3.1597 -1.5521 -9.0990
0.7754 8.9313 2.1609
-12.2496 -15.4493 -5.1784
-4.3402 8.1095 2.0604
-4.2045 7.1332 1.9895
0.7290 -25.3976 -8.2101
0.4571 -25.8577 -7.7208
1.2984 -25.8270 -7.2613
-6.3631 -1.0783 -8.3571
0.1390 -25.2416 -6.4308
13.5296 -10.6371 -3.0235
-4.7406 -1.2363 -8.7615
-5.3100 -0.9883 -8.4647
14.4980 -25.4965 1.4342
-7.8521 -0.7037 -7.6431
-7.1455 -0.4469 -6.9546
-6.6816 -0.7394 -7.9720
6.7019 -6.9527 -8.1262
-5.8593 -0.7293 -8.0353
-5.3333 -0.5399 -7.4065
9.9562 9.1841 -5.7852
2.3579 6.4882 3.1833
2.9365 7.1278 4.0135
2.1755 8.8859 4.2657
1.5867 8.2882 3.2947
14.6866 -25.3025 0.8695
1.4921 9.4827 4.0793
14.2414 -9.3519 0.1619
8.9393 9.3646 -6.2614
8.7495 9.6943 -6.5866
7.3681 8.2066 -7.2688
14.6999 -24.6553 0.7757
1.1334 9.9236 3.7361
1.8939 10.0631 4.4221
2.9075 8.7952 4.5923
8.4332 9.9256 -7.0295
14.7437 -24.7883 -0.1362
14.7324 -25.3364 -0.3964
1.5435 11.0551 4.1130
-5.9529 -0.2903 -6.5208
-5.3550 -0.2832 -6.7672
11.0170 -16.9200 -5.7553
9.7375 -14.9427 -6.5880
11.0663 -10.7417 -5.7615
-1.3377 -25.2141 -5.7978
-0.5740 -25.0652 -5.5144
-4.0400 -0.6423 -8.2747
9.6887 10.2153 -5.7677
-0.9665 -25.1306 -6.0730
3.9783 8.4526 4.7721
3.0989 9.5918 4.7580
4.3784 9.3547 4.7597
4.6582 8.5748 4.7012
-3.5528 -0.7740 -8.7154
9.5708 10.8616 -6.1327
3.2797 -25.1730 -5.1804
0.9511 -25.2029 -4.6364
2.6338 10.7616 4.7567
-10.0575 -17.1315 -6.7129
0.7302 -25.0997 -5.9962
10.7789 8.6071 -5.4586
3.6297 9.7976 4.8451
4.0995 -25.7305 -7.9046
3.9237 -25.9292 -7.4091
2.8141 -25.7195 -7.9503
5.1095 -25.7264 -7.6749
4.1541 10.5305 4.6218
10.8688 10.4287 -4.7575
-1.0035 -8.4926 -9.1645
3.3280 10.9430 4.7784
6.7235 -25.8710 -7.0411
4.9697 -25.9170 -6.9496
14.0763 -7.0814 1.2177
-14.2533 -23.7382 -2.2943
-13.9546 -18.5876 -2.8443
9.1642 -25.8232 -3.8945
9.6863 -25.7118 -3.5669
9.1115 -25.9999 -3.5612
9.1908 -25.6359 -4.1201
10.0483 -25.5553 -3.9662
-14.2396 -17.3755 -2.1113
10.3782 -25.6546 -4.2142
10.9770 -25.4613 -2.8005
2.0079 11.6889 4.4211
2.5995 11.5230 4.6590
1.3861 -25.6169 -3.9990
3.1834 -25.8394 -3.6681
2.1623 -25.9447 -3.6741
3.3289 -25.4442 -3.9449
2.2213 -25.3757 -4.2087
8.3939 -25.5353 -4.9153
6.1389 -25.7312 -6.2301
9.2648 -25.8915 -5.1842
14.1030 -11.8925 -1.7315
1.0871 -25.6225 -2.6691
0.7804 -25.7908 -3.1048
1.0725 -25.9936 -3.4638
0.5524 -25.7695 -3.4205
7.5269 -25.9636 -6.1971
-3.1937 9.3586 1.1129
0.8016 -25.7704 -3.8108
-4.5261 9.2701 1.8435
-5.1605 8.1577 2.4393
1.5595 -25.8966 -3.0766
2.1350 -26.0287 -3.4046
13.9081 -10.4828 -2.0854
10.6229 11.3766 -4.6810
8.8142 -25.8650 -6.4525
8.8291 -25.9737 -6.0475
10.2647 11.7541 -5.3141
8.3189 -25.6836 -6.9350
6.9572 -25.7805 -7.3316
11.8305 -11.8022 -5.1287
12.1500 -14.7575 -4.8149
1.7620 -25.6166 -2.4702
2.2603 -25.7611 -2.8431
2.8906 -25.7959 -2.5001
9.0179 -25.5543 -4.4745
11.4711 11.9961 -3.3383
-4.5944 10.2444 1.3817
10.9558 12.2791 -3.9442
2.9185 -25.9454 -2.9547
-2.8848 11.1527 0.1632
10.2362 -25.8927 -5.4631
11.2188 -25.9807 -4.4507
11.6192 -25.8831 -4.7920
10.6777 -25.6962 -5.6780
14.1730 -9.0553 -0.8645
11.0598 -25.9237 -4.1966
10.7064 12.5643 -4.7913
8.6518 -8.9238 -7.2409
11.0357 12.8188 -3.9764
3.5831 -25.2765 -4.2246
9.7976 -25.8300 -6.1361
3.4872 -25.9931 -3.1268
4.0209 -25.9156 -2.5538
9.5268 -25.5088 -6.4779
-1.7345 9.9168 0.2153
11.0564 13.6564 -4.0262
10.6785 13.3165 -4.7867
3.8683 -25.7782 -3.2856
4.4566 -25.5540 -2.7180
12.6901 7.8715 -1.9875
4.7408 -25.7236 -2.4358
12.6253 8.2783 -2.8477
5.1966 -25.7386 -2.9733
-5.4055 11.7522 0.4751
-4.5523 11.3489 0.6551
4.1919 -25.5015 -3.2533
11.6693 -25.3580 -5.3543
11.3394 -24.8321 -5.5513
-13.0966 -19.4466 -4.2566
4.8835 -25.3646 -3.2842
12.7919 9.1092 -2.1070
12.8889 8.6656 -1.4027
9.3562 -24.3345 -6.6418
3.6360 -25.5907 -3.7069
14.0420 -8.2753 -1.6778
-0.6298 9.8676 0.1933
4.4044 -25.3125 -3.5830
12.4738 9.7991 -2.4744
-0.0992 10.2947 0.4949
5.6474 -26.0049 -3.0718
6.2330 -26.0940 -3.0715
5.1975 -25.2665 -4.1519
0.1344 10.3679 0.8872
12.7026 10.5374 -1.2452
0.4402 10.4092 1.9560
6.2948 -25.9889 -2.3161
12.8816 9.2878 -0.5805
12.8057 10.2242 -0.4069
5.4578 -25.4054 -3.6923
0.6929 -3.4465 -9.2394
6.9875 -25.8596 -2.7284
7.7130 -25.9587 -3.0053
9.9075 -7.6634 -6.5930
7.1043 -25.8624 -2.1697
12.2405 10.2862 -2.9199
8.1726 -25.9052 -2.0649
8.9502 -11.9471 7.4065
-13.5298 -17.3158 -3.5842
12.2545 11.6382 -1.5231
8.1302 -25.7568 -2.4838
5.8938 -25.8033 -3.6101
-3.2052 12.2081 -0.4825
6.6676 -26.0551 -3.5945
6.7207 -25.8658 -3.8503
12.0918 11.6158 -2.7861
6.5791 -25.5653 -4.0077
-4.4568 12.8462 -0.6519
7.2787 -25.4643 -4.2227
-1.1091 -2.2224 -9.2830
9.1452 -8.9806 7.1805
5.0288 -25.2971 -5.6899
8.1157 -26.0875 -3.4296
8.2274 -25.8978 -3.8488
3.0885 -4.4524 -9.0732
12.4497 11.5723 -0.9023
2.6660 -25.3695 -6.4317
12.5918 11.5740 0.3495
-2.2773 13.4423 -2.0187
12.2035 12.4475 -1.7316
9.3196 -25.6340 -2.2843
-12.8790 -12.6582 -4.4507
8.9729 -25.9577 -3.0510
11.2039 -5.2542 5.7324
-8.2245 -25.9290 -4.4734
-8.4967 -25.9425 -3.5945
-8.7172 -25.7561 -4.8304
-8.9001 -25.7159 -3.7130
-9.0529 -25.5145 -4.8762
-1.2224 10.3210 -0.0680
-9.3787 -25.3187 -3.7396
9.5360 -25.6925 -2.8364
10.3553 -25.6221 -1.6282
10.8010 -25.4172 -2.0291
-9.1020 -25.5165 -3.2784
12.1872 12.5461 -0.4261
-0.9959 10.9852 -0.3162
-1.4806 11.7403 -0.6858
12.3088 12.5969 0.4076
12.1274 12.7712 1.0917
-8.0365 -25.9567 -2.6236
-0.3965 10.9823 -0.0933
-7.5389 -25.5462 -4.0383
-7.6421 -25.6877 -2.0631
-8.1212 -25.8021 -5.0575
-7.7252 -25.6903 -4.8486
0.0482 11.6043 0.1079
11.9975 13.4039 0.5283
12.1677 13.4493 -0.4548
11.7393 13.4733 1.5755
-8.5610 -25.6132 -5.6120
12.0269 14.1165 0.1519
-7.9086 -25.5414 -5.4799
11.6640 14.1293 1.1938
-1.2480 12.6816 -1.4452
-0.8423 11.8077 -0.7246
12.0502 14.1142 -0.8404
-7.3252 -25.2994 -4.9367
12.0338 -8.2068 5.1143
-7.1798 -25.2361 -5.4969
4.6615 -25.4922 -6.2891
-0.2899 12.2639 -0.7597
0.2261 12.5331 -0.4150
-6.2342 -25.9272 -2.6099
-6.4495 -25.7625 -3.1535
-6.9723 -25.2680 -4.4006
-7.2061 -25.3667 -2.9783
-6.7547 -25.4363 -3.5237
-2.3464 15.2595 5.4669
-2.8266 15.9061 6.2393
-3.4789 15.9166 5.8936
-6.5550 -25.5498 -4.6291
-4.2646 16.1825 5.5953
-2.3664 -25.2821 -8.6228
11.7975 13.2555 -2.3490
11.9626 13.5865 -1.7762
-5.8528 -25.9639 -2.7022
-5.4710 -25.7699 -2.5746
11.3941 13.0637 -2.8527
-4.7604 -25.5310 -3.3581
-5.1493 -25.5340 -2.7388
11.3214 13.9416 -2.7019
-2.5256 -0.9803 -9.0778
-1.3402 -1.1112 -9.2292
-4.8356 16.5396 5.2164
-3.7135 15.8306 4.9815
-1.0488 -25.6037 -8.5061
-0.8021 -25.2082 -8.6981
-4.4298 -0.5193 -7.6302
-4.6317 -0.3738 -7.1924
-5.1423 -0.0678 -6.8024
-4.6520 -0.0279 -7.1416
11.3072 14.1132 -3.1922
-1.3795 -23.4516 -8.7579
-4.9290 16.8639 4.7034
-4.2536 16.3063 4.4436
-4.0360 -0.2807 -7.5530
-3.4042 15.7363 4.5132
-3.7003 -0.5020 -7.9664
11.4048 14.7096 -1.7922
-3.4821 16.0066 4.0423
-3.6637 -0.1760 -7.7094
11.6962 14.6470 -1.2527
-4.0380 0.2396 -7.7498
-2.4891 15.2660 4.8313
-4.7891 0.3126 -7.2234
-3.1571 -0.2256 -7.9515
-2.6680 15.8466 3.9982
-1.8574 15.2160 4.7148
-1.9328 15.0561 5.1748
-2.3291 -22.9543 -8.7108
10.5892 -5.5755 -6.2200
-8.2099 -18.0307 -7.5776
-4.7101 -22.1121 -8.4298
-2.1170 15.6115 4.1713
-1.9774 -0.5010 -8.4944
11.5548 -5.7645 -5.4190
-4.5488 0.8258 -7.4636
12.7855 -7.1533 4.1390
-3.5906 0.8191 -8.0329
-2.8023 -0.4591 -8.1755
-4.0943 16.7594 3.8265
-5.0092 17.7347 4.2017
11.3417 15.6459 -0.9050
4.0140 -7.3160 -8.8285
11.3341 15.5022 -2.1461
-2.5324 0.0248 -8.0330
-2.2543 -0.2442 -7.9277
-3.2816 16.5470 3.3498
-3.9868 17.4443 3.4586
-1.7428 -0.7109 -8.9901
-3.2303 0.2585 -8.1114
-3.1614 17.0363 2.8753
11.0217 15.3089 -3.3245
-2.1859 16.6089 2.8685
-1.5526 15.8352 4.0690
-2.7619 0.6902 -8.2811
-2.3559 0.7973 -8.1956
-2.8284 1.2972 -8.1103
-3.6234 1.3213 -7.9178
-11.1518 -14.4751 -6.0409
-3.3755 17.7237 2.7075
-4.4412 18.1143 3.3516
8.3293 11.0064 -7.1994
7.5101 9.6176 -7.6010
-2.0629 17.2141 1.8103
0.1331 -25.1730 -8.5936
-0.5591 -0.8306 -9.1810
9.3626 11.3417 -6.4435
-0.9920 -0.5585 -8.8756
2.5292 -0.5051 -8.2477
7.7820 11.7314 -7.4216
0.5437 -22.8157 -8.7730
1.5909 -24.4523 -8.6548
0.7770 9.5594 2.9314
2.0393 -1.7249 -9.2047
1.2322 -1.1257 -9.1831
9.1525 12.3381 -6.4758
1.4724 -24.9799 -8.5497
8.6480 13.4839 -6.3945
10.1101 -25.4688 -2.9731
0.9191 -0.7626 -9.0364
1.4797 -0.5964 -8.7273
9.9785 12.6778 -5.6848
0.6658 10.7197 2.8038
5.2450 -3.4785 -8.6709
9.7078 -4.6214 6.7450
9.3152 14.4006 -5.5795
6.8411 -25.3201 -4.7029
-1.5154 -0.0496 -7.4297
-0.7705 -0.2034 -7.2145
-1.5480 -0.3124 -7.8912
1.0541 11.4899 3.2765
-0.6187 -0.0514 -6.4940
0.0301 -0.1728 -5.7496
0.5917 -0.2751 -6.6807
-1.0476 0.2839 -6.7919
-0.3588 0.0520 -5.6960
-0.7974 0.6967 -6.3071
-0.4942 0.5541 -5.8522
-0.9568 0.7096 -6.7138
-1.3411 0.7659 -7.1894
-0.8036 1.2423 -5.9899
0.3855 11.6951 1.2223
7.2856 -4.4608 -7.9728
-1.9841 0.0873 -7.7736
-1.9938 0.3458 -7.9547
-6.7806 -20.9061 -8.0209
-1.5403 0.5374 -7.5096
1.4693 12.4615 3.6016
11.5197 -25.7746 -3.3310
0.8564 12.6583 2.2812
-1.9027 0.8819 -7.9589
8.8056 -3.1321 -7.3381
-2.2010 1.3130 -7.8561
-1.7867 -17.4168 -8.8789
7.3949 12.9250 -7.1361
8.6032 -2.5460 7.2067
-2.3904 1.5325 -7.6130
-2.4366 1.7393 -7.1920
-1.5943 1.1757 -7.1925
1.2374 13.0226 2.9365
12.6557 -25.9346 -2.6992
1.6104 13.3120 3.1651
12.8731 -25.8724 -3.2267
7.5033 14.6407 -6.5652
6.9940 14.0794 -6.8244
6.3196 14.1499 -7.0537
6.2821 14.4757 -7.3218
3.1959 12.0082 4.4126
3.7233 11.6910 4.5414
-1.2734 1.4101 -6.9066
7.5794 15.0135 -6.7494
4.4692 10.8990 4.5127
4.0999 12.0000 4.7574
8.0630 14.6348 -6.2442
13.6919 -25.8429 -1.7614
14.0724 -25.8109 -1.0780
13.7209 -25.6762 -2.5282
2.5225 12.2199 4.3671
1.8770 12.5692 4.0086
8.6565 15.4276 -5.7551
3.2044 -25.5012 -8.3192
2.4714 12.7659 4.0031
-13.8537 -5.6001 -2.7642
-14.2814 -6.1526 -1.4443
-14.0965 -2.8721 -2.0789
14.4682 -25.5961 -1.2922
4.9013 -25.4409 -8.0978
14.7126 -25.0736 -0.9467
8.9493 15.9081 -5.7640
3.1409 -25.1744 -8.4650
14.3492 -25.3746 -2.1262
5.5918 -25.2439 -8.0137
14.5400 -25.0872 -1.8784
14.5844 -23.7726 -0.9317
6.4136 -25.6362 -7.6740
2.7713 13.0048 4.0875
3.4211 12.4257 4.3582
3.2683 13.4439 4.6557
4.1188 -0.2213 -3.8349
2.8171 -0.2147 -1.8778
4.1362 -0.0652 -1.6547
3.9517 12.8333 4.9139
7.4837 -25.2686 -7.4235
13.6070 -25.6539 -3.4187
14.0813 -25.4251 -2.9011
6.6238 -0.0479 0.7563
8.5491 -0.2519 0.2420
6.3913 -0.1243 -0.4461
13.9419 -25.3242 -3.4156
14.2659 -25.1409 -2.6243
7.3656 -0.0188 1.1807
6.9722 -22.5552 -7.7006
8.4324 -0.2131 1.1296
2.0862 13.1278 3.6333
4.1851 -0.4733 1.9171
4.0684 -0.1568 -0.2722
-13.0649 -2.3290 -4.2199
-13.4519 -8.2007 -3.6294
14.4428 -24.3445 -1.7793
1.9185 -25.3767 -8.2073
4.6410 -0.0166 -0.3853
5.6648 0.1159 0.5346
5.1771 0.1060 0.0597
5.1773 -0.0394 -1.0991
-14.3330 -4.6279 -0.6390
14.1335 -24.8790 -2.9406
1.7961 13.7218 2.8484
13.9018 -24.0969 -2.8205
2.3563 13.9021 3.6236
-5.6857 -22.1845 -8.3452
10.1974 14.8074 -4.7261
10.5938 14.9800 -4.1811
12.4236 -25.5804 -4.8617
-14.1770 -1.4645 -1.4224
5.7075 -0.1532 -1.9423
-14.2956 -1.7201 -0.5105
2.7956 14.5320 4.1740
12.6578 -25.8040 -4.3509
13.2094 -25.6385 -4.1797
13.2593 -25.2752 -4.3641
-13.7462 -1.8560 -3.0287
12.2546 -24.6373 -4.9975
6.3138 -0.0818 -2.4370
5.4270 -0.1892 -2.9917
13.4938 -24.9326 -3.9795
12.6852 -24.4467 -4.5399
13.2072 -5.7536 3.4884
-13.9643 -1.2352 -2.3039
0.4479 12.5887 0.2466
11.6845 -23.9167 -5.2346
10.8812 -22.2426 -5.8506
-14.0664 -0.9514 -0.8845
9.5543 15.7394 -4.8316
-13.5450 -0.8048 -2.8311
10.2301 16.5915 -3.6107
12.7180 -3.2094 4.0151
-12.4216 -6.2506 -5.0348
0.6750 13.0595 1.1672
8.3913 -0.2762 -1.3684
12.8469 -23.8683 -4.1852
9.4430 16.2043 -4.8471
1.0578 13.5835 1.6877
1.2956 13.6336 2.1590
-4.3734 -19.0920 -8.5665
13.5885 -24.4518 -3.5105
9.4215 16.4678 -5.3791
0.7743 13.4058 0.2678
-13.3079 -1.0424 -3.7072
9.7767 16.9911 -4.2769
7.3421 -0.1871 -1.8537
7.3126 -0.0114 -2.1937
1.4712 14.6671 0.3989
6.7691 14.9313 -7.4892
8.3126 15.7718 -6.7649
5.8025 15.0155 -8.0111
7.1802 15.5769 -7.5431
1.5956 14.6302 1.4936
5.7909 15.3976 -8.0009
8.2846 16.0804 -6.9934
11.2574 -25.4134 -1.3884
6.7520 16.4677 -6.1590
7.2570 16.8018 -6.3820
5.8502 15.6908 -7.8293
7.1673 16.2605 -7.2462
6.2538 16.0586 -7.2346
8.4981 0.0100 -1.9029
8.0095 16.3445 -7.1115
12.0723 -25.3985 -1.5894
9.1901 -0.2396 -1.6717
7.8499 16.8473 -6.6785
1.9229 14.3789 2.7653
2.2497 15.3463 3.3403
-12.1688 -1.3949 -5.3424
-11.6600 -5.0115 -5.7710
13.5213 -3.4698 2.5689
1.9310 15.0982 2.4837
1.7635 15.2375 1.8980
1.4369 15.3093 1.1970
-13.1378 -0.6158 -3.3028
-13.4676 -0.6595 -1.2799
-1.4584 15.2014 5.0210
-1.6091 15.1234 5.6336
8.8050 17.2848 -6.4245
-12.3957 -0.5839 -1.6412
-12.8943 -0.5739 -3.0591
9.1503 16.4271 -6.1820
-2.2108 16.0673 6.4313
-12.1924 -0.5663 -2.5947
-1.2081 15.3191 5.2253
-1.3653 15.3203 5.7391
-1.0869 15.6962 5.4763
-1.6716 16.1655 6.3023
9.6728 17.1191 -5.6854
-1.2688 16.0934 5.9304
-3.4210 16.5591 6.8325
9.0781 16.8844 -6.4437
-12.6162 -0.4868 -3.4546
-1.7083 16.9084 6.5475
13.9986 -22.8462 -2.4801
14.4410 -21.9096 -1.2305
9.9013 17.2842 -4.9386
-11.8712 -0.3306 -2.6798
-1.1803 15.8171 4.4704
-11.6685 -0.0425 -2.4415
-12.4274 -0.0735 -3.2496
-11.9186 0.6614 -2.1342
-12.5891 0.7591 -2.4821
-0.9423 16.1437 5.0235
12.0093 -22.4019 -4.9441
-12.9800 -1.3531 -4.3800
-12.4447 -0.8830 -4.9293
-0.9445 16.6808 5.7982
-12.6077 -0.5928 -4.4902
7.0274 20.1485 4.6853
5.6788 20.9314 5.2002
6.5954 19.6380 4.9969
-9.1179 -17.1065 -7.2453
-0.7624 16.5133 4.6905
-12.2545 -0.1830 -4.8224
-12.6061 -0.4452 -4.1392
11.9390 -2.9285 4.9782
13.1532 -21.4593 -3.7616
6.4451 21.5397 4.6728
-1.1341 17.4805 6.6163
-12.5997 -0.2125 -4.0054
7.4205 20.5154 4.0859
-12.7284 0.2473 -3.3903
6.7874 22.0739 4.2249
6.9460 21.7720 3.8865
-0.5088 17.6624 6.3119
-12.9398 0.4396 -3.7762
-12.8236 0.3597 -4.1871
-0.5080 16.8918 5.0935
-0.3105 17.3848 5.8322
6.8756 22.7532 2.6326
7.0197 22.4409 2.0868
6.4567 23.0469 2.3163
0.0446 17.2665 5.1171
6.3536 23.0417 1.9707
7.1323 22.3716 1.6178
7.3469 23.1928 1.2131
6.8501 23.1174 1.4015
7.2459 22.4980 1.3072
6.3939 23.2271 1.6747
11.1336 14.2031 2.1171
3.0082 15.3723 4.1072
3.4815 14.7130 4.8878
11.1241 15.2247 1.8144
10.7604 15.1022 2.4384
11.6729 14.7164 0.9818
-13.5110 -0.6885 0.0897
-14.0022 -0.9236 0.0689
-13.5483 -0.8066 1.3869
0.3632 17.6637 5.8287
-14.2131 -1.2662 0.0621
2.1198 16.8568 5.0771
2.9015 17.1195 5.8311
1.1173 17.2288 5.2384
1.4814 17.7882 6.0920
0.7470 17.9111 6.1440
0.6131 18.4509 6.5709
11.3043 15.6441 0.9555
2.5593 17.5273 6.1757
10.7195 16.0366 2.0390
1.9873 18.1320 6.4116
-12.7387 -0.5621 -0.0282
11.5275 15.4769 0.2278
-0.3007 16.5290 2.4798
-0.7431 16.6086 2.9176
-1.5360 16.7978 2.2727
-12.2225 -0.4212 0.8286
-1.0955 16.8059 1.5907
1.5704 15.9768 2.4792
0.8328 16.3766 2.7558
0.1692 16.2425 1.8559
11.3956 15.8739 -0.3341
10.4071 -2.5815 6.2322
1.2118 15.7532 1.5317
0.1341 16.7640 3.6230
11.2206 16.2540 1.1443
10.6704 16.3550 2.2191
11.3887 16.9133 1.4699
11.3353 16.2496 0.3284
11.5894 16.8753 0.7489
9.9321 16.5187 3.1622
10.1918 16.9761 3.1528
10.8406 16.8096 2.3566
-0.9110 16.4195 3.5875
-0.5317 16.5886 4.1235
-1.4117 16.3676 3.2504
-14.1456 -25.7415 0.9828
-13.8403 -25.7554 2.7629
-14.3540 -25.5203 2.0447
-12.4204 1.8637 -1.7410
9.5133 17.5361 3.6824
-8.8986 -12.9669 -7.3316
9.9173 17.8078 3.6643
-12.9402 -25.7290 4.2664
-13.7255 -25.5820 3.4756
-13.0528 -25.8896 3.7558
-13.0627 -25.9357 3.1164
10.4430 17.4071 3.1485
-13.1266 -25.3342 4.3592
11.0341 -0.9158 5.6597
-13.0801 1.0250 -2.8990
-13.3143 1.4510 -3.1808
-13.8253 -25.0912 3.4524
-13.2372 1.5374 -3.5335
-13.4002 -24.4875 4.0390
11.0474 17.4645 2.1938
10.3138 18.4373 3.1248
-0.2432 16.7911 3.9730
-13.3623 2.4342 -2.1650
-12.0591 -25.6268 5.3645
-13.5084 2.8332 -2.6782
-13.5518 3.1719 -2.2846
-12.2665 -25.8403 4.3491
-11.6197 -25.8924 5.4231
13.2757 -2.7828 3.1042
10.7374 18.2710 2.1857
10.3332 18.5520 2.9041
-11.9228 -25.8507 4.2087
10.2817 18.7240 2.2902
10.4840 18.9420 1.7378
10.8153 18.9692 1.2733
-13.0939 2.1204 -2.0149
-12.5204 -25.7779 3.0324
11.8501 17.4506 0.5273
11.4268 18.0021 1.2786
8.2268 -22.2034 -7.2273
-13.5301 -25.8933 1.8595
3.6244 -1.6864 -9.0069
11.1083 19.0767 0.8935
-13.2015 -25.8176 1.7203
-13.3803 3.5439 -1.8101
-12.4257 -25.5453 2.2933
-14.3128 -25.2964 2.4351
-12.9312 3.0958 -1.4218
-12.3169 2.2549 -1.3181
-12.3690 2.4415 -0.7076
-12.6790 3.0814 -0.5558
-14.1360 -22.4373 2.6710
-12.9750 3.5221 -0.9101
-13.2066 4.1024 -1.5452
11.1737 16.0551 -1.4868
11.1068 16.3803 -0.9472
2.1125 15.8986 3.1762
11.2934 16.4754 -0.4627
11.5590 16.8283 -0.2235
3.0062 16.0022 4.3986
-13.1541 4.2494 -0.9443
-11.7290 -25.5794 3.5550
11.2752 17.1691 -1.1150
2.4579 16.1973 4.0021
2.8936 16.6558 5.1164
2.0320 16.5738 4.4427
11.6418 17.3339 -0.8479
10.9468 16.4421 -2.4522
-11.9111 -25.4222 2.3682
-13.3083 5.0761 -1.5907
11.0219 16.5799 -1.8485
-13.1798 5.3878 -1.0183
1.5132 16.8609 4.4226
1.9878 16.4503 3.7387
-10.9834 -6.5438 -6.2320
-11.1608 -1.6817 -6.1257
-12.3965 -20.2808 5.0025
12.0448 -0.7431 4.6326
10.5410 17.3501 -2.0470
-11.4644 -0.9122 -5.8465
1.7218 15.6446 2.0892
11.0532 16.8087 -1.2929
12.6719 -1.2331 3.9198
10.7419 17.5258 -1.7041
-9.8912 -7.2183 -6.9018
-13.6163 -22.1920 3.6135
11.7227 0.2578 4.3759
11.5821 -0.1907 4.8762
11.9277 -0.3069 4.1757
12.5170 -0.5493 3.7614
10.8552 17.7867 -1.7854
11.8000 -0.1168 3.7875
11.1181 18.1509 -1.9823
0.7736 16.9790 4.3536
11.6199 18.2482 -1.6151
-10.5535 -0.9571 -6.4946
10.6083 19.3451 1.6509
10.7217 19.6353 0.9832
11.8653 17.2649 0.0049
4.9421 -1.2087 -8.7595
-9.7481 -1.2190 -7.0329
4.2459 -1.0027 -8.8146
12.0308 18.2221 -0.6354
11.9665 17.9708 -0.8672
-10.1718 -0.4807 -6.5077
-11.3984 -0.4377 -5.6727
-10.6331 0.0328 -6.3171
11.9499 18.2661 -0.1451
-12.9114 -15.5169 4.3060
11.4513 19.0611 0.4218
-12.7434 0.5333 -4.4206
7.0327 -1.3777 -8.1109
-10.2734 -25.9826 1.1219
-10.2668 -25.9547 2.7694
-10.6059 -25.9993 2.2215
-11.9832 0.0173 -5.2359
-11.8734 0.3136 -5.3231
-12.2298 0.7372 -4.7555
5.5403 -0.6641 -8.3095
-0.1878 0.1660 -3.7643
0.0277 -0.1046 -3.3592
0.2675 -0.1138 -4.1485
-9.9176 -25.7438 2.8016
-12.9379 1.5038 -3.8911
-0.3893 0.6026 -4.4872
-0.0403 0.0035 -4.6738
-9.8638 -25.7518 0.6588
-9.6267 -25.5979 1.6476
0.7622 -0.1982 -3.8434
0.0335 -0.1921 -2.7749
-9.2325 -25.7052 3.2372
-9.7545 -25.5530 3.1958
1.8957 -0.1771 -3.6115
-8.3085 -26.0235 1.7548
-8.5991 -25.9928 4.8505
-8.6967 -26.0034 2.9454
-7.9037 -25.8009 2.6762
-8.1210 -25.8607 4.8290
-7.7440 -25.6963 4.5277
11.6615 19.5981 -0.7261
-7.6356 -25.5959 3.4552
-12.0426 1.0996 -4.5005
-7.0125 -25.6264 3.0575
-7.0148 -25.5903 4.6329
-7.4020 -25.5797 4.2619
-10.6676 0.5459 -6.0814
9.9088 -20.0370 -6.4720
10.5728 20.5900 0.2849
-11.2894 0.9791 -5.0268
-11.7051 1.8695 -4.2230
-12.4162 2.1423 -3.6786
11.0823 20.4481 -0.2249
8.9431 2.5641 2.7651
9.6198 2.2149 2.9922
9.5237 2.0735 2.3450
-0.3229 0.4813 -5.1776
8.5838 2.9204 3.0156
9.4379 2.4370 3.5074
8.8758 19.1472 3.9893
8.4633 18.5835 4.1354
8.9232 18.2329 4.0076
7.0835 2.2629 4.5505
6.6622 1.9959 4.6544
7.4859 1.8126 5.0239
-10.5660 0.8689 -5.6920
7.8401 2.0662 4.5111
8.3043 19.5384 3.8950
7.9573 18.9971 4.3928
7.9846 19.9555 3.8054
-14.5309 -18.1496 -0.8320
-14.6226 -21.1414 0.2871
-14.4789 -13.7129 -0.1226
-10.1397 0.3467 -6.6406
7.2632 2.6664 4.0585
8.5650 19.9132 3.8987
-7.3126 -25.5090 3.3713
-2.8359 -2.7721 8.5555
6.5103 2.9016 4.1435
9.3980 18.3396 3.9451
9.1542 17.0586 3.8468
1.6175 -0.2117 -5.6976
-13.2315 2.6241 -3.0975
8.2974 1.6889 5.2063
8.4203 1.9182 4.6725
9.9492 18.4036 3.6669
9.4011 19.2267 3.8932
2.8576 -0.1660 -4.8964
2.2570 -0.1279 -5.8347
8.2117 2.4823 4.1036
9.7394 19.6787 3.6021
9.3743 2.1869 4.4971
8.7366 2.5967 3.8814
-14.3493 -12.6556 -1.4234
-12.7338 3.3248 -3.0645
6.7222 3.4929 3.6892
-11.7452 -25.3808 5.7042
8.9395 20.3272 3.8250
7.5766 3.1873 3.6948
-11.7437 2.6342 -3.7294
6.0624 4.2507 3.5642
6.6469 4.3572 3.3639
-12.1007 3.4437 -3.1967
10.0784 19.1815 2.9161
-11.0695 -25.9258 5.2386
-9.1887 -25.9753 6.5078
-13.4516 3.6080 -2.5683
10.2035 19.1304 2.1761
7.4924 3.7897 3.1850
-10.3422 -25.6835 6.5870
-9.4605 -25.9234 6.9090
-13.2598 4.0684 -2.6227
10.1279 19.5491 2.7196
-9.5703 -25.9481 5.9011
8.2470 3.0666 3.4024
-10.0783 -24.9666 6.8202
10.3369 20.0544 2.6611
-12.4932 4.6958 -2.8364
9.4011 20.5660 3.5794
-9.8513 -25.6381 4.9777
-10.6097 -25.6607 4.6626
-14.0404 -10.0103 2.1465
-14.4843 -21.2789 1.5471
10.0537 20.5597 3.0672
7.8546 3.5519 2.8877
-13.5075 4.3629 -2.0460
-13.4671 4.5503 -2.3107
-11.4426 -20.7985 5.8364
-13.3961 5.3371 -1.9463
9.9324 1.8993 5.0335
10.3714 2.1479 4.3043
-13.3222 5.1363 -2.3569
-12.9117 5.4092 -2.5714
9.5405 2.2587 4.1123
-14.4741 -17.0140 1.0663
2.9387 -0.1145 -5.6420
11.8018 1.0460 3.8620
11.5144 0.5031 4.8776
11.8275 0.5769 3.6511
11.5831 1.2456 4.1506
11.4301 1.1894 4.7112
3.2776 -0.2594 -5.9496
11.3664 1.5608 4.4107
11.8330 1.1118 3.2965
11.5351 0.5465 2.8970
11.2512 1.7157 3.6936
-13.1907 6.0538 -2.1684
11.6421 1.5248 3.4317
8.1755 20.6178 3.4698
8.4570 20.5904 3.6788
-11.1863 -0.4311 -1.8284
-11.2344 -0.3666 -0.7132
10.4658 1.8258 5.0179
11.0671 1.8799 4.2906
10.9999 1.4085 5.0379
-10.8374 -0.2898 -1.3839
-10.8067 -0.1393 -0.6173
7.8237 21.3046 3.0461
7.3365 21.5629 3.4726
-10.6159 0.0304 -1.2840
-10.9229 -0.0271 -1.9318
8.5869 21.3395 3.0693
10.8270 2.0021 3.8471
8.1643 21.4321 2.8234
-10.6716 0.3631 -1.4647
-7.6220 -25.9905 7.4594
-11.0676 0.4889 -1.8721
-8.6115 -25.4747 7.5769
10.1037 1.5915 2.1655
10.5805 1.3012 2.1230
9.9785 0.8891 1.8333
-8.0708 -25.7787 7.7403
10.7670 0.6719 2.1321
10.0134 2.0362 2.6635
7.0834 22.3980 3.5319
11.2048 1.3872 2.4015
-11.8680 -0.2652 1.0754
-11.5995 -0.0883 1.1259
-11.1751 0.0333 0.9125
-11.0801 -0.1370 0.4275
10.8918 1.8151 2.5471
8.9064 20.8445 3.6006
10.6016 2.0490 2.8133
-8.7588 -24.5835 7.5160
9.2028 21.3520 3.1040
-12.6395 0.5712 1.9357
-12.0905 0.9159 1.4477
-11.8330 0.2060 1.3864
10.4807 2.0914 3.4286
9.7558 21.1849 3.0195
-9.4459 -25.6944 4.9941
-9.0205 -25.8454 5.1467
-8.8488 -25.8772 6.1263
-8.4693 -25.7334 5.5769
-8.1320 -25.6443 6.0841
-11.2901 0.5628 0.9596
-11.9707 1.4508 1.2192
-10.9913 0.1458 0.5424
-10.8479 0.1958 -0.2165
11.6201 1.2679 2.7951
11.1747 0.4920 2.4201
-11.1259 0.7741 0.4846
10.5163 20.5089 0.6042
11.4087 1.6184 2.7883
-11.7008 1.5856 0.8533
-6.7807 -25.8190 6.8918
9.9308 21.5065 0.3493
10.4251 20.8691 0.8010
11.2002 1.8867 3.1454
3.5945 -0.7771 -8.7200
10.1623 21.4258 0.8009
-7.4459 -25.4368 5.7875
2.5253 -0.3166 -6.8570
10.0906 21.7735 1.3548
9.6532 21.8482 1.0058
-11.7022 1.5207 -0.6348
-10.8594 0.5739 -0.8807
-11.1830 0.9045 0.0597
7.9474 21.7098 2.5112
-11.6905 1.7143 0.2276
8.2215 21.8371 1.6220
7.6780 21.9067 1.9817
9.2892 1.7886 5.0382
8.9238 21.8566 2.1981
7.4145 21.9110 2.8661
7.1584 22.2329 3.0777
7.0487 22.8778 3.1307
8.8852 1.1424 1.5238
7.9929 0.9896 1.3287
7.7254 2.1135 1.3058
-0.3414 -2.3862 8.6612
1.1910 -4.0944 8.7104
8.6727 1.8651 1.6481
-12.3923 1.7144 1.4448
11.5531 -21.2767 -5.4211
-12.7853 1.3484 2.1113
9.6275 21.6457 2.5040
-9.8680 -20.9439 6.8663
9.5893 21.9253 1.7966
-12.3453 2.4363 1.3571
8.4662 2.6318 1.9977
7.0947 2.8828 1.0770
8.0392 3.0439 1.9286
7.7023 21.9652 1.3967
-12.2108 2.9619 2.2673
-12.5320 2.2671 2.2552
-12.1743 1.5991 3.3650
-12.7717 1.5299 2.4432
-12.5122 2.4572 1.7720
8.9824 21.9616 1.4194
12.0235 -20.3707 -4.9110
8.3537 22.0882 0.9929
9.1588 1.9192 1.9110
8.8479 21.9241 0.9718
-12.1936 3.3042 1.8810
-11.8840 2.7111 2.8590
-14.3929 -9.5025 0.5247
5.0182 -0.3815 -6.4256
-11.4003 2.5409 3.1322
-11.0352 3.6879 2.8635
-11.8379 2.2160 0.5273
-12.0028 2.7598 0.8877
7.3325 4.1044 2.4611
7.8272 3.3585 2.3554
-12.2589 2.8144 -0.0730
-12.0024 2.9613 0.3567
7.3504 3.3509 1.4158
0.4586 -1.4698 8.5349
7.3242 3.6619 1.5631
10.7323 19.9096 1.8544
-12.0281 3.7140 1.3819
10.9407 -19.0433 -5.7506
7.0692 4.0938 1.6860
10.7554 19.9863 1.3584
-10.7195 -25.5057 3.8501
10.7281 20.5774 1.4598
7.0281 4.6864 2.4294
-9.7732 -25.4693 4.0511
10.5942 20.7897 2.1387
-11.7866 4.6421 0.6216
6.7907 4.8984 2.9011
6.0180 -0.4817 -7.6622
10.1763 21.0371 2.6958
-10.8633 2.2174 3.1379
-10.4381 3.0885 2.9645
10.3249 21.3626 2.2089
-9.8183 2.7711 3.0368
-11.1939 -25.4921 3.3713
-11.2994 -25.5357 2.0954
-2.6438 -1.3051 8.4810
12.3895 -19.2349 -4.4859
-10.4218 -25.7094 3.1888
-10.8870 -25.7491 2.9912
-5.0924 -3.2945 8.2504
11.9039 -18.4900 -5.0298
-9.0898 1.9028 2.9775
-9.1866 2.5085 2.8434
-9.6523 2.1730 3.1085
-8.5359 1.7640 3.1316
-8.6616 2.1618 2.8703
10.5615 21.1957 1.4383
-4.1596 -0.8644 8.1873
-5.0002 -1.1220 8.1067
-1.9065 -0.9659 8.4147
10.3255 21.6090 1.7548
-8.4883 2.3383 2.6112
-11.9526 -25.3423 0.6111
-11.0161 -25.7757 1.9459
-8.7546 2.8235 2.5838
-8.3133 2.4033 2.1595
-2.6037 -0.6737 8.1530
-8.3080 2.8830 2.2459
6.7105 5.6279 2.3587
-9.5837 4.1846 2.9250
-8.2592 4.6446 2.9483
6.8590 5.7481 1.7616
6.2461 16.2472 -5.4034
6.0139 16.8886 -4.9318
-8.8460 3.4365 2.8603
6.7003 16.3432 -5.7499
-1.0622 -0.6754 7.9288
-3.7656 -0.5685 7.7585
6.9126 16.6924 -5.3511
6.1706 5.3029 3.2904
-11.1651 1.0074 -1.4724
6.3854 17.3631 -4.7630
6.2922 5.9138 3.0286
5.8023 6.3970 3.5087
-11.6039 1.2889 -1.6366
5.7912 7.5182 3.9150
5.2155 6.5670 3.8548
0.2045 -0.9432 8.3203
7.3809 16.9796 -5.6546
6.4921 6.6372 2.9200
-14.2745 -10.2840 1.3409
7.6208 17.4391 -5.0819
7.4741 17.7510 -4.7174
6.8712 18.0995 -4.5169
1.3638 -0.8360 7.9924
6.4819 17.7613 -4.6487
6.8218 6.8042 2.3051
6.2530 7.7986 3.5770
7.2564 18.8074 -3.9457
5.2439 18.1759 -3.9146
5.7299 18.6053 -3.8291
6.7369 8.0537 3.0876
12.6807 -17.7897 -4.2844
5.0628 7.9181 4.4139
5.7479 8.5183 4.1447
5.0231 19.0624 -3.3397
-12.1488 4.0677 -0.0555
-11.8122 4.5292 0.1378
4.5378 19.9579 -2.9729
5.4200 19.4161 -3.4166
-12.6413 4.2237 -0.1978
-12.8716 3.9924 -0.3853
6.0741 19.3777 -3.6802
5.3078 9.0669 4.4261
5.7411 20.3809 -3.0747
6.3060 8.9349 3.6894
5.3769 9.6832 4.2472
6.2658 9.4205 3.8581
5.5319 10.0245 4.1831
-12.9332 5.0315 -0.5118
-7.2210 -25.4569 5.0790
-12.4748 6.0703 -0.6461
4.1539 -7.1446 8.5843
3.9782 -2.5977 8.4471
2.7948 -5.6978 8.6887
-11.8842 5.8956 -0.3310
-1.9398 0.2761 -1.8395
-1.1147 -0.0206 -1.4093
-1.2387 -0.0863 -2.0802
-1.5150 0.2646 -1.4450
7.9682 18.3617 -4.4831
-1.9255 0.4480 -2.3507
-1.2740 0.0620 -2.5096
-11.9979 -9.6264 5.0964
8.3086 10.6616 5.0640
8.1451 9.9786 4.5244
8.4644 9.5955 4.2988
8.9695 9.6086 4.2460
9.0062 10.3256 4.7532
-2.1292 0.5196 -1.6774
-1.6377 0.7169 -1.2166
-2.0032 0.9770 -1.4433
-2.2358 0.7685 -2.1668
-2.1893 1.0799 -1.7803
10.2289 17.1484 -3.0579
7.2919 6.2990 1.0880
-1.8504 0.6981 -2.7138
-1.2221 0.3270 -2.9104
10.1116 17.8656 -3.7244
10.0479 17.6333 -3.1228
-2.0668 1.1312 -2.3581
-2.0089 1.6244 -1.0916
-2.3398 1.6325 -1.6107
-2.6245 2.2846 -0.5615
7.8551 6.4132 0.6980
-2.2914 1.9214 -1.9722
7.6108 19.2956 -3.5909
-13.9620 -25.6092 -1.7587
-14.0951 -25.7465 -0.6495
-14.5986 -25.5839 -0.5027
-2.7219 2.5410 -1.1366
-13.4653 -25.7701 -1.4445
-13.7880 -25.8389 0.2521
-13.4694 -25.7986 0.3675
8.0624 19.1255 -4.1243
2.4600 -1.8726 8.5118
-13.0630 -25.7441 -1.6692
7.7354 19.9290 -3.5013
6.5755 20.4375 -2.8142
-12.8840 -25.5150 -0.8829
-12.8538 -25.5154 0.6391
7.3049 20.1558 -3.0385
2.6830 -1.3125 8.3639
7.3229 20.6890 -3.0639
-12.4394 -25.3332 -0.0182
3.7920 -1.0523 8.0093
8.5414 6.4133 0.4175
-10.8869 -25.8832 0.3942
-11.4619 -25.4741 -0.8046
9.4813 6.2690 -0.6836
9.5527 6.8244 -0.0704
9.4839 7.1625 0.7414
4.6920 -1.6267 8.2313
8.0492 17.8325 -5.3785
-14.4424 -25.5247 -1.4137
-14.5871 -25.3383 -1.5588
-14.2880 -25.6298 -2.0321
8.1508 17.3688 -6.1872
6.7778 -0.8746 -8.1382
-14.1298 -25.5551 -2.6783
-14.4550 -25.4355 -2.2347
-14.5390 -25.1889 -2.0848
-14.5868 -24.6146 -1.4381
-14.3219 -24.7003 -2.3683
-12.8701 -25.8019 -2.8804
-2.8506 2.4667 -0.7800
8.5616 18.0792 -5.7065
9.7013 18.0001 -5.6905
-13.6936 -25.6460 -2.9352
9.1574 19.1600 -5.1263
10.1893 7.2583 0.1964
10.4509 6.6496 -0.2942
7.4109 -0.4851 -7.6336
8.2936 18.7123 -4.7826
10.1069 7.6963 0.8644
-7.3155 1.5001 2.3802
-7.4815 1.0769 2.6645
-7.1017 0.8769 2.4537
-6.3179 0.6734 2.6037
-6.6882 1.2676 2.6456
-6.8866 1.8068 2.2791
-7.6558 1.7186 2.6909
-7.7557 1.4866 3.0335
8.6950 19.1107 -4.9984
-7.8297 1.9416 2.2707
10.4359 8.0257 0.9342
10.7246 7.9366 0.8303
-7.8270 2.0745 1.6218
-7.3261 1.9001 1.9240
11.2838 7.6270 0.4991
8.4834 3.1499 -3.5009
9.0453 4.3942 -2.4799
9.4517 4.0749 -2.8705
10.0838 17.8865 -5.1165
-6.3879 1.8430 2.7155
-5.1875 1.3809 3.2092
-5.3768 1.7687 3.2386
9.7979 19.2559 -4.9966
10.2719 18.6355 -4.6343
-5.9245 2.2737 2.6840
-6.2522 2.3473 1.9791
8.8612 5.2096 -1.8291
9.8510 -1.4129 -6.8045
-7.9368 2.4470 1.6106
-7.1088 2.2149 1.4349
10.1069 19.3238 -4.7340
-7.4911 2.3555 1.2794
-7.3758 3.0442 1.7520
11.2267 -1.8471 -5.7615
8.8069 20.7433 -4.2860
-6.4264 2.9161 1.2426
8.2081 19.7936 -4.2088
-5.5814 2.5819 1.6836
-11.8828 -25.3453 -2.3330
-4.5221 2.7676 2.3906
-6.0953 2.7476 1.2139
-12.4780 -25.5416 -2.2027
9.9586 3.9802 -3.6826
11.2987 5.7542 -2.1347
10.6532 5.2899 -2.0470
7.9489 20.6513 -3.8438
-6.0132 3.4183 1.4966
-5.3256 2.7741 1.2858
7.3372 21.1105 -3.3169
9.5158 5.5519 -1.3339
-10.2025 -25.9873 -1.7428
-10.6208 -25.9838 -0.5024
-10.7902 -25.8873 -1.7240
-8.0914 2.0818 2.8503
-8.1326 1.7410 3.1812
10.1133 5.4705 -1.3908
6.0256 -1.7734 7.9705
8.5060 20.1750 -4.4063
8.8254 -0.5965 -7.3297
10.0437 -0.5309 -6.6162
-11.2462 -25.5162 -2.1014
9.5334 20.8017 -4.1158
8.0388 -0.2637 -7.2573
-7.9773 3.5236 2.5133
8.7850 -0.0296 -7.0799
-10.7397 -25.5946 -2.2652
1.3806 -0.6379 6.5676
0.3536 -0.6823 7.5703
7.8496 21.7068 -3.7871
0.7794 -0.4823 6.6194
0.2701 -0.4163 7.0871
10.1307 -0.0866 -6.3633
0.8092 -0.0851 6.6237
1.2326 -0.5001 5.8529
-6.7389 3.8205 2.2297
4.3649 20.5568 -2.8891
5.5634 -0.2984 -5.4722
5.2386 -0.2490 -4.4910
1.1147 -0.0783 5.9671
5.6686 -0.0423 -4.6612
1.1183 -0.2385 5.2679
6.0113 -0.1509 -5.6415
1.2011 0.3574 6.4001
5.7964 0.3092 -5.1217
5.1128 20.3341 -3.0759
-7.6184 4.3771 2.7158
10.9445 6.5522 -0.5623
4.7372 20.9266 -2.8321
-2.9692 0.0209 3.4649
-3.0906 -0.1502 4.0346
-2.9480 0.4596 3.9664
4.3304 21.1247 -3.0924
-3.2415 0.9173 3.4968
4.6231 21.5223 -2.4941
2.3433 -25.7481 8.6598
2.9638 -25.5913 9.0349
1.4865 -25.4584 9.1282
-10.7633 -25.3833 -2.6718
2.5507 -25.3895 9.1861
0.8026 -0.3258 1.5784
0.9907 -0.3141 2.8124
1.4844 -0.4900 4.0349
1.2855 -25.1271 9.2687
3.5944 -25.0204 9.1695
4.4728 21.5152 -2.8731
0.9367 -23.9620 9.2830
4.1568 22.1906 -2.1662
5.2532 21.4591 -2.3580
2.3038 -23.5055 9.2541
5.6515 -0.0874 -3.9557
-9.9680 -25.5871 -2.3413
4.2078 21.9314 -2.8431
1.1772 -0.2507 4.4555
1.2227 0.3400 4.6032
4.2928 -25.6362 8.9019
4.1709 -25.4017 9.0945
11.4627 5.7949 -2.6292
10.2834 4.2553 -4.2050
2.6216 -0.6114 4.6192
5.9468 -0.0172 -3.2614
6.5536 0.2738 -2.9048
4.3159 -25.8731 7.8685
4.2972 -25.8621 8.2776
2.3569 -25.8901 8.2698
-6.0520 4.2917 2.3188
5.5067 21.6537 -2.2936
5.9907 0.2494 -3.8237
-14.5819 -25.5466 0.8128
-6.6172 5.2653 2.7933
-14.6654 -25.2759 1.1820
1.3327 0.3405 5.5107
5.0339 -25.7298 8.4298
6.3981 0.9832 -3.5631
10.0155 4.2143 -5.1601
-14.6995 -24.8682 0.1094
-4.6963 2.3822 3.2940
-4.1620 1.9707 3.5124
1.4167 1.2958 5.2433
-5.0986 2.5876 2.7621
0.0620 0.7201 1.6973
1.0387 -0.2368 3.6047
0.4482 0.1389 2.1425
0.9381 0.1745 3.6430
4.5877 22.4383 -2.1889
3.9258 22.8018 -1.9264
6.1719 1.0149 -3.8846
12.3901 7.3336 -1.4297
5.9411 0.6557 -4.4820
-3.5263 0.9483 3.3663
-3.3855 1.9505 3.6557
-14.7203 -25.1116 -0.7783
-14.7437 -25.3596 -0.3212
-3.3538 2.8232 3.3418
3.8855 23.6674 -1.9176
2.9874 23.8242 -1.4349
2.4623 -25.3664 7.0700
1.0823 -25.6393 7.6265
5.9283 1.3186 -4.7518
-3.4543 2.5538 3.5380
6.2680 1.9008 -4.0288
5.4856 22.1731 -2.4299
7.4024 0.3576 -2.3443
6.8450 20.7388 -2.7341
1.3005 1.2975 4.5585
7.0727 0.9903 -2.9218
-4.6246 2.8759 1.3603
6.5475 21.6105 -2.8270
0.8191 0.9194 3.3527
-3.9273 2.9975 1.5726
7.7349 0.9311 -2.3116
-3.2205 2.9439 2.5059
-13.9471 -9.6600 -2.5311
1.0837 1.9407 4.0729
-3.4822 -0.5151 7.3349
-2.2401 -0.5266 7.5864
4.2254 21.3383 -3.5504
-3.6159 -0.4315 6.8723
-2.7921 -0.3238 7.3320
8.6915 0.4800 -1.8535
-3.7037 -0.3442 6.2622
-3.3812 -0.2140 6.7535
4.1736 21.8021 -3.5446
11.7890 7.3316 -0.1354
8.3358 1.1826 -2.0838
12.1683 7.1900 -0.8517
8.0741 1.8121 -2.9562
8.6471 1.7176 -2.5326
7.0245 6.2920 1.5494
7.1137 1.6100 -3.4649
-3.3572 0.2768 7.1738
-3.3795 0.0593 6.9016
7.6300 6.8235 1.5065
-2.6855 0.0720 7.4947
-5.4783 5.2120 2.4477
5.3467 22.8450 -2.5633
6.9965 7.4546 2.3452
-3.1914 0.9269 7.4802
-5.9673 6.4028 2.7474
-3.7368 1.1972 7.2073
7.0380 1.9362 -3.7091
-2.0782 -0.0574 7.5711
-4.9974 3.1881 1.1216
-1.3093 -0.5837 7.6576
7.4811 7.1562 1.8245
-1.4219 -0.2689 7.5126
-4.7147 3.5248 1.1183
-1.3866 0.2215 7.7107
8.6565 7.1073 1.2431
-4.1996 3.1212 1.0049
-5.0106 3.9869 1.6301
8.1645 7.5895 2.0731
-2.3933 0.5787 7.6582
-4.2107 4.0177 1.1253
8.1532 2.2314 -3.4243
-3.2823 3.0472 1.1228
-3.4993 3.0439 0.7781
-2.6555 1.2004 7.5606
9.2771 2.0367 -3.3237
9.1470 7.7802 2.1194
-2.7234 2.7943 0.5957
-3.5445 3.2294 0.3609
8.9716 2.1601 -3.6495
7.3575 7.8124 2.3105
-1.5639 0.6574 7.6943
7.2657 8.3291 2.9030
-3.1350 2.8383 0.1435
-1.5435 0.9589 7.5444
-3.5662 0.0404 6.1837
8.0868 8.3273 2.7389
-3.5150 -0.1997 5.5405
-3.3096 0.2364 5.1901
-4.0973 3.4100 0.8088
4.8219 23.7463 -2.3433
-3.7822 0.6634 6.7810
7.0237 22.0293 -3.3528
-2.6505 3.2051 1.6236
6.7608 22.9110 -3.1429
-3.8236 0.7974 6.3296
-3.3433 3.5968 0.0913
4.6635 24.4343 -2.0975
-3.6896 1.0735 5.6516
6.9596 -0.3867 -7.0377
6.8940 9.1750 3.4642
6.3890 -0.1807 -6.2562
-3.5273 4.7946 0.9748
6.8315 -0.2197 -6.6575
-1.9534 1.3825 7.2491
6.7924 0.0901 -6.5298
-3.2104 3.0717 -0.1401
7.1740 9.6179 3.7647
7.9111 9.2344 3.6307
5.8796 0.2315 -5.5214
6.2979 0.1666 -6.1021
5.7847 0.8226 -5.6740
6.3490 9.9565 4.1057
-3.9858 1.5842 6.5605
6.0046 0.7892 -6.0884
-2.6981 3.7646 -0.3634
-3.8742 1.8968 7.0072
6.9425 10.3432 4.5024
-3.6069 1.7730 7.3117
-3.1533 1.8843 7.4335
9.2409 8.3556 2.7700
-3.8814 2.5215 6.4065
-3.6437 2.4242 7.0354
-4.9252 4.6858 2.0558
-3.2366 2.5630 7.2146
8.8445 8.6058 2.9421
-3.1767 2.9462 6.9428
9.9573 8.2237 2.0282
-2.4284 1.7720 7.3115
9.5818 8.7748 3.0642
-4.1879 4.7512 1.6062
7.4374 -0.0452 -6.9319
7.5762 -0.3301 -7.2149
-4.6617 5.8334 2.1710
10.0880 9.4735 3.1840
-2.6104 2.4095 7.3010
7.1057 0.4805 -6.9283
-2.5241 2.9232 7.0824
-2.1157 2.3238 7.0983
-1.7260 1.7540 6.7685
7.4421 0.6663 -7.2109
6.4606 0.5031 -6.5318
7.3186 23.6433 -2.7497
5.8740 23.9377 -2.5554
6.7281 1.1332 -6.8330
-0.3717 -0.6147 7.5596
6.1991 1.1498 -6.4004
8.4374 22.4629 -3.4115
-0.8145 -0.4523 7.4529
10.2954 8.5364 1.7827
6.7441 1.9517 -6.7779
-0.6550 -0.1116 7.5289
8.8268 22.6985 -3.0400
0.0334 -0.1222 7.2542
11.1697 8.6734 1.3040
10.7150 9.1055 1.6277
8.0580 23.7403 -2.3696
-0.3800 0.5227 7.5617
5.8014 1.3922 -5.3178
-0.1334 0.3327 7.5134
5.8591 1.5505 -5.7487
6.6952 24.8028 -1.6023
6.0525 24.6207 -2.1052
5.3628 25.3004 -1.4515
6.1015 2.2502 -4.2576
-8.9099 -0.7361 -7.3285
8.2799 23.9109 -1.9216
8.4738 9.0716 3.6613
-9.4616 -0.6620 -6.9669
8.9937 8.9907 3.5187
-8.6866 -0.4823 -7.0371
-8.9426 -0.2827 -6.8947
7.5782 10.0182 4.2362
-9.4409 -0.1843 -6.8255
-9.5931 0.2124 -6.9447
-0.6448 0.8859 7.2498
7.5403 24.5779 -1.0933
6.3684 2.4917 -6.0707
-1.1643 1.0755 6.9494
7.8816 10.5913 4.9429
6.1211 2.7336 -5.3413
-0.1647 0.9696 6.7903
-1.2539 1.1981 6.4556
-1.5390 1.3914 6.5754
-8.2985 -0.0650 -6.7915
-7.9208 -0.3294 -6.7607
-0.5678 1.2185 6.2653
-7.5569 -0.1107 -6.2533
9.4865 10.0491 4.3349
-7.6506 0.2460 -6.3791
-10.9801 1.7278 -4.5650
0.2436 0.8669 7.1612
0.7140 0.3633 7.0773
1.0857 0.8606 6.8045
0.5330 0.6486 7.2330
0.7518 1.0132 6.9618
9.3547 10.7875 4.8052
-9.6886 1.0196 -6.2293
0.5437 1.3435 6.5171
-14.3481 -8.7840 -1.4647
-10.3782 1.3970 -5.3953
8.0793 0.2708 -7.2534
-9.5340 1.7125 -6.0175
0.9804 1.4946 6.3514
8.0047 0.9788 -7.3351
-1.6125 2.3489 6.7853
5.2969 -25.7312 7.4480
8.6071 0.7459 -7.2815
12.4339 8.3276 0.1397
-10.3517 1.7638 -4.9957
-10.6749 2.0158 -4.2167
9.2799 0.2334 -6.9372
-10.2817 2.1199 -4.7399
10.2327 0.3724 -6.3511
5.9663 -25.4192 6.8044
-9.9964 1.8889 -5.6915
-10.2468 2.0932 -5.2917
-3.1682 1.4023 4.4186
11.8795 8.2519 0.7370
-10.3502 2.2952 -5.7237
9.4698 0.6595 -6.9283
-10.4140 2.4793 -4.9157
-10.7755 2.7374 -5.5355
5.9816 -25.8455 7.8372
10.1711 18.0088 -2.5065
10.5226 18.4903 -2.4539
-6.9483 -0.0901 -5.8650
-7.1194 -0.2602 -6.2470
-3.5815 1.8799 5.1947
6.2152 -25.5856 8.2747
-3.9454 1.8084 5.7580
12.7573 8.4904 -0.5143
8.9783 2.3102 -6.3858
9.3448 2.0413 -5.8234
9.2795 1.9307 -6.3402
10.3222 18.5700 -2.9946
6.6933 2.4028 -3.8965
7.4371 2.5841 -3.7106
-3.1221 1.2860 3.7952
12.7251 9.4186 0.5394
-7.0311 0.2476 -5.8705
8.1182 2.5654 -3.5903
7.5672 -25.6910 7.8205
-7.2246 1.1201 -6.5315
-6.8086 1.1645 -6.3049
-6.4320 -0.1335 -5.9559
-6.3640 0.1771 -5.9007
7.2917 -25.5157 8.3729
-3.2185 2.1341 4.6947
6.3630 -25.3471 8.6884
11.1209 18.9557 -2.3838
7.2565 -25.1527 8.5020
8.7473 2.5716 -3.7676
8.7060 2.9028 -3.7123
10.3766 18.5486 -3.8252
7.4606 -25.8696 7.3154
-5.8613 0.0234 -6.2297
-3.0879 2.0116 4.1041
7.4988 -25.7916 6.9963
-3.0478 2.3921 3.8681
-2.9850 2.5177 4.6181
5.4001 -25.4588 8.7933
-5.8785 0.8595 -6.4088
9.1990 2.5906 -5.7783
-2.7604 2.6260 4.0013
-6.4470 0.6852 -6.0249
-2.6692 2.7075 4.4648
5.1833 -25.1744 8.9960
5.6859 -24.4959 8.8483
10.4811 19.3687 -3.3721
-2.2529 2.8749 4.8512
-2.1667 2.7475 4.3490
-1.6352 2.5957 5.1178
-1.5237 2.5240 4.6174
-1.8627 2.9966 5.2203
-1.4526 2.3333 5.0054
-8.9139 0.2574 -7.1471
12.9437 -10.5880 -3.8845
-1.1390 2.6982 4.2149
-9.4519 0.7623 -6.8314
11.5206 19.2426 -2.0806
-3.9956 2.2124 6.1034
10.6078 19.1336 -2.8401
3.8157 -22.9576 9.0847
11.8169 9.1216 1.3925
10.5264 20.0548 -3.1997
10.6714 10.0320 2.6765
-3.8633 2.3018 5.6040
-3.4189 2.5968 5.2802
11.0512 20.0738 -2.6346
-3.6477 2.9121 6.0128
11.2336 9.7100 1.7302
-8.2919 0.6713 -7.1886
-3.1675 3.0288 5.5549
-2.8839 3.3867 6.0335
-3.6213 2.8840 6.5816
10.9590 10.7243 2.4503
-8.7272 -25.9086 0.5668
-9.1968 -25.6381 0.8798
11.4982 20.0653 -2.0362
-3.1941 3.2080 6.4819
-7.7014 0.9057 -6.9375
-8.6942 0.7926 -7.3280
-1.8881 2.7742 6.8916
-2.0367 3.3478 6.4375
-8.7558 1.1047 -7.2552
-8.6498 1.3872 -7.0752
-2.6219 3.3240 6.6234
9.9083 11.0229 4.4447
11.0897 20.7594 -2.4257
-8.1773 1.3492 -7.3713
11.0371 21.1166 -1.9561
10.5827 20.7149 -3.1468
-2.3381 3.5190 6.2111
-7.9640 2.1491 -7.3644
10.4705 10.7499 3.5828
-10.0370 -25.9670 -0.9170
11.8232 19.0557 -1.4961
-10.7377 2.6899 -6.0397
-2.6684 2.9886 5.1030
11.7730 19.5365 -1.3042
-9.5958 2.4435 -6.3372
-10.1543 2.5294 -6.2553
10.4079 11.6427 4.0311
12.3922 -9.3340 -4.6393
-9.5195 -25.5896 -0.2126
-4.7422 -25.7086 -2.4235
-10.6803 3.0726 -6.3063
5.2173 -20.8812 8.8323
-2.5002 3.3337 5.4673
-10.1058 3.1268 -6.5736
-9.0517 1.4223 -6.4507
-2.1268 3.4974 5.8458
-1.9953 3.3277 5.5026
6.5567 -21.6783 8.5527
-8.8632 -25.7859 -0.6252
11.3520 20.5282 -1.3926
-9.2304 -25.6472 -0.6177
-8.3189 2.1831 -6.9661
10.7248 21.2282 -0.7820
-8.6623 2.4503 -6.4788
-1.3883 1.7389 6.0998
-9.0523 2.5154 -6.4302
-1.1594 1.7314 5.5873
10.8381 11.9655 3.4035
-0.6278 1.7738 5.4467
-1.4448 2.0338 6.5025
10.4446 21.8741 -1.6196
-2.9071 -18.0528 -8.7942
-1.2825 2.2979 6.2046
6.2645 -25.2379 5.7709
4.2920 -25.1697 5.9661
3.2647 -25.2818 5.5080
-5.6196 -26.0254 0.6285
-6.2675 -26.0298 1.7510
-6.5325 -25.8929 0.7316
-6.3321 -25.8306 0.2483
4.1633 -25.9250 4.3841
4.4040 -26.0121 4.8000
3.6503 -25.9630 3.9413
12.2259 9.0772 1.0614
10.4041 19.6600 -3.9381
-5.1375 -25.9315 0.3330
-6.6362 -25.4619 -0.2765
-5.3392 -25.6645 -0.0890
-10.1586 3.7296 -6.5787
-1.2818 2.0904 5.6216
11.8713 9.8863 1.6258
11.5003 10.8961 1.8867
-7.9131 -25.8923 -0.5316
-1.2920 2.5527 5.7282
4.4858 -25.9105 3.7530
-7.5295 -25.5607 1.1249
13.2045 -5.2268 -3.4787
0.2913 1.6568 5.7031
12.3674 10.1773 1.2907
0.0560 2.3044 4.7577
10.1694 20.4193 -3.9686
0.7425 2.0389 5.4643
1.1292 2.2223 5.2326
12.7756 10.0314 0.5004
-0.7400 2.3263 4.7151
-6.9155 -25.6356 1.2394
-7.2301 -25.4550 0.6334
6.3890 -25.9792 4.7137
5.6024 -25.8338 5.2279
3.3412 -25.9154 5.0117
-1.4187 2.9532 5.5978
4.5309 -25.5321 5.3660
11.8370 11.8698 1.8053
12.5148 10.9279 0.9960
-6.6119 -25.9232 2.6558
9.8910 21.6342 -3.2463
10.5187 21.1958 -2.9309
14.0490 -7.1534 -1.2005
-9.4837 3.2625 -6.6671
-9.6662 3.9502 -6.6153
-9.1153 3.6935 -6.5877
13.7605 -7.3972 -2.3972
-8.6873 3.7803 -6.6532
1.0832 2.3694 4.2719
10.1790 22.0126 -2.3252
1.7125 -25.1292 6.3383
0.6304 2.7072 4.6641
0.9842 2.6370 4.4338
-1.3636 2.7027 6.3674
11.1550 11.0619 2.1489
-1.7116 3.0241 6.5350
-7.3300 -25.4590 -1.1451
9.1659 22.8265 -0.0823
9.4450 22.2189 0.1517
-1.3870 3.0631 6.0594
9.1965 22.0310 0.5305
-6.9518 -25.5180 0.3813
-1.5952 3.3173 5.8346
-7.6333 1.6822 -7.2978
6.8262 -25.2148 6.2897
12.2602 -6.3768 -4.7018
12.1232 11.7777 1.5121
-7.1467 1.9797 -6.9828
8.0826 -25.5136 6.4362
11.2143 12.7505 2.4476
7.1986 -25.2111 5.9573
-5.3004 0.5913 -6.8659
10.9848 12.8242 3.0532
9.5705 22.6183 -0.7563
-9.5156 -25.8920 -2.1360
-9.3517 -26.0105 -1.8225
11.3577 12.3769 2.1474
-8.5005 -26.0301 -1.3365
-9.3378 -25.9626 -1.2453
-6.3009 1.8568 -6.4731
-8.5011 -26.0164 -2.2885
3.9524 -0.8800 7.4632
4.5282 -0.7322 6.2505
7.0540 -25.6910 5.3776
7.2376 -25.9054 5.1697
-6.7855 2.0301 -6.6272
-9.1176 -25.7746 -2.5744
-9.6572 -25.4082 -2.6923
-5.7696 1.7971 -6.6166
9.4470 23.0444 -1.4480
11.3356 13.5692 2.2433
-7.5946 2.2754 -7.3935
8.2172 23.0873 0.7340
-6.8076 2.9413 -6.7185
7.7115 -25.3453 5.5977
8.1660 -25.5143 5.2505
-8.4035 3.3236 -6.7695
-7.1907 2.6597 -7.1015
6.8304 24.2446 0.9962
-7.8534 3.1098 -7.3122
-7.4248 3.2779 -7.2807
-7.6949 3.7529 -7.3025
6.9566 11.0423 5.3204
6.2773 10.9024 4.9474
7.3127 24.3152 0.6581
-8.2590 4.1419 -7.1122
6.3916 12.1138 5.9057
5.1633 12.0619 5.5012
5.9220 11.6575 5.3682
5.2671 12.6210 5.8870
5.5067 13.2747 6.1753
1.2749 -18.3423 9.1418
-6.1908 2.7143 -6.5583
8.5116 23.7404 -0.7982
-6.5578 4.3429 -6.9479
-6.0285 3.5064 -6.6163
7.3987 11.4432 5.6067
5.5724 -1.1716 7.8951
7.4605 24.4630 0.1963
-7.3279 4.0817 -7.0365
-6.7034 -25.5071 -1.9379
-6.9182 -25.4403 -1.0120
-7.0096 -25.3615 -1.9373
-5.3515 -25.9612 -1.7858
-5.0200 -26.0105 -1.3143
-5.9888 -25.9539 -1.3565
-6.3264 -25.6320 -0.8760
-10.9995 2.3491 -3.8049
-5.8307 -25.5863 -0.4610
8.3606 11.2878 5.3408
7.0778 24.9356 -0.3780
6.7740 -1.1599 7.6737
-5.0393 -25.8241 -0.9183
6.2868 -0.8638 7.4287
-10.4447 2.3084 -3.8712
-6.5235 -25.7602 -1.2952
-10.7362 2.6876 -3.3693
3.5656 -17.9252 8.9818
-11.3255 2.8256 -3.3891
7.5616 12.5191 5.9026
-11.4961 3.4954 -3.0342
6.3010 13.0289 6.2245
-11.9513 4.2065 -2.9531
-11.0582 3.6002 -2.8886
9.3723 22.8169 -2.3430
5.0802 10.8563 4.4026
-10.7122 3.4106 -3.0876
-10.5857 3.6886 -3.5312
-10.3364 2.5196 -4.1285
5.7929 10.5650 4.4084
7.0486 -0.6164 6.3629
4.5066 11.5117 4.7253
-10.9647 4.3510 -2.7907
5.5431 11.2241 4.6843
8.9044 23.5285 -1.7492
-10.7727 2.9768 -5.1175
-10.4835 3.0566 -4.5913
4.9537 11.6791 4.9876
-10.7363 3.5764 -4.8137
-10.3870 3.5005 -4.1279
-5.1039 -25.7914 -2.0968
-10.4136 3.7406 -4.4012
-10.6532 4.4280 -3.7380
-10.8117 4.5908 -3.1125
4.5456 12.5474 5.3699
-10.4695 4.3331 -4.2269
-10.4109 4.8065 -4.1112
-11.2707 4.7524 -2.6920
14.0961 -4.5555 -0.7218
3.9210 13.6427 5.3314
-12.1846 5.8540 -2.8217
-11.6907 5.2185 -2.7831
3.8617 14.1251 5.4181
4.7094 13.7546 5.8997
-11.6337 6.3231 -2.8497
1.3731 0.8499 6.0920
-5.4219 17.1552 5.1969
-5.3000 16.9749 5.8980
-5.7013 17.5427 5.5442
13.8321 -5.1067 -2.1534
13.9886 -4.8967 -1.5760
-10.8082 5.2967 -2.8165
5.0323 14.3291 6.0709
5.8488 13.9515 6.2471
-10.7092 5.0066 -3.1692
-5.5150 18.1553 4.5543
-5.6115 17.5687 6.1830
-5.8312 18.1009 5.7615
-10.3751 5.2379 -3.4447
-5.6328 18.1782 6.3964
-5.7676 18.2410 5.0099
9.1569 11.7067 5.1075
-10.4550 5.7871 -2.9251
-10.3339 5.7716 -3.2801
-5.6614 18.7477 6.1873
-5.8677 18.6894 5.5288
-11.1821 5.7114 -2.7004
8.8639 12.7843 5.3776
-4.2940 16.4834 6.3609
-4.2968 17.1836 7.1189
-4.7595 17.1190 6.8214
-10.9646 6.1289 -2.7669
-4.9817 16.9305 6.3640
-10.7724 6.3761 -2.9397
6.8465 -0.5150 5.2468
5.9129 -0.5907 4.7610
6.6776 13.7000 6.2083
-11.0194 3.2455 -5.8923
-11.0611 3.6267 -5.3851
-4.4422 17.7898 7.2615
-5.2873 17.4460 6.6129
-5.0182 17.7289 6.9697
14.0804 -2.6920 0.1954
6.4436 -0.3356 4.5554
7.5503 -0.4236 5.6485
7.4729 -0.1394 5.4653
-5.2217 18.5753 6.8451
-10.7945 4.1574 -6.1739
-11.0295 3.9435 -5.8054
-4.5800 18.3755 7.2116
-10.8411 4.2268 -5.1507
5.7555 -0.4797 3.7428
6.8472 14.7871 6.0556
-10.8851 4.5531 -5.7475
-3.6410 17.0419 7.1908
-10.5926 4.7762 -5.2152
-10.4800 4.3994 -4.6719
-2.9235 17.5553 7.3053
-3.8151 17.6039 7.3500
5.8596 -0.2094 3.4933
7.7959 13.6787 5.9296
6.0429 0.3835 4.0894
6.5591 0.1730 4.7905
7.2100 0.2591 5.4172
5.9991 1.1348 4.3309
-3.5772 18.2644 7.3738
6.4749 1.1164 4.8419
12.4709 -3.4230 -4.5350
8.8854 14.1381 5.1631
7.7809 14.8532 5.7663
7.0635 1.0260 5.3665
-4.5194 18.9323 7.1617
-4.1496 19.2842 7.2543
-3.1148 19.1588 7.2565
-5.1970 19.0410 6.7297
1.3409 1.5047 5.9061
-5.4254 19.7099 6.7483
-4.8631 19.6632 7.0741
4.3911 14.5400 5.7312
-5.7152 19.2939 6.3528
-6.1683 19.7074 5.7912
1.3356 1.9683 5.1284
-5.9591 20.3336 6.2879
5.0534 15.1620 5.8233
5.6529 14.6789 6.1572
-5.2222 20.6272 6.7772
-10.2466 4.9340 -4.7895
-10.2958 5.2905 -4.1732
-10.0903 5.5265 -5.0262
-13.3569 -12.4488 3.5723
-3.3187 20.3376 7.1621
-10.5376 4.0231 -6.4020
4.2791 15.3919 5.2093
3.6592 15.8081 4.7239
-4.5373 20.7069 7.1249
4.5064 15.8443 5.1618
7.5479 -1.9516 7.6106
4.0659 16.2422 5.1633
3.6183 16.5645 5.2796
-13.0330 -6.3512 3.8527
-10.1659 4.5125 -6.4833
-10.1811 4.8871 -6.5014
-10.6530 4.9962 -5.7762
-10.5590 4.9021 -6.1689
5.3602 16.1083 5.3813
4.9992 16.5258 5.3407
4.3106 16.7065 5.5626
-9.5242 4.5096 -6.5406
-9.4675 4.8238 -6.6776
7.8968 -1.2218 7.3716
-6.1180 19.0554 5.2834
-8.9503 4.4359 -6.6891
7.7962 -0.8338 7.2069
-6.0745 19.3856 4.4553
-10.2527 5.2653 -5.4834
-5.1373 19.1318 3.5409
-11.6921 -3.7928 5.2394
-9.8455 5.5878 -5.7348
-10.4474 6.4588 -4.9130
9.3266 -25.7872 6.9103
-10.0941 5.3938 -6.1875
-10.0919 5.2564 -6.4361
3.5372 17.3769 6.1229
8.3789 -25.6185 7.8865
-5.6305 19.9251 3.7722
-9.9931 6.1336 -5.5730
-9.5612 5.8138 -6.0719
8.6959 -25.2490 7.9715
-9.6639 6.3851 -5.8697
-13.6730 -10.7371 2.9909
2.5031 18.5287 6.4645
-10.4523 5.7532 -3.8739
-6.2935 19.6970 4.9456
-10.6706 6.3818 -3.4285
8.0735 -0.6111 6.7663
4.6083 17.2890 5.8583
8.0405 -23.7447 8.1643
-10.5856 6.2401 -4.4216
-10.7832 6.4007 -4.0224
3.7344 18.1882 6.2391
-6.2813 20.5961 5.5048
9.7719 -25.5335 7.2859
9.1658 -25.4700 7.7146
-11.4135 7.0360 -3.0191
13.9344 -2.1444 -1.5178
5.7622 15.4555 5.8721
-10.9165 6.7933 -3.2250
-6.1694 20.4204 4.2613
-6.2736 20.6848 4.8581
-11.2179 7.4859 -3.8889
9.1833 -1.0405 6.8375
-11.2031 7.3046 -3.4935
-5.8911 20.6365 3.9664
8.6640 -0.8522 7.0121
13.5524 -2.3013 -2.8246
6.2057 16.0482 5.5971
-5.8492 21.3138 4.3788
-10.5064 6.8231 -5.1554
8.6709 -0.4667 6.3579
-6.2202 21.2298 5.2281
-6.1373 21.1975 4.7021
9.2281 -0.5391 6.5765
-11.2212 7.9400 -3.9292
-10.8095 7.9401 -4.9837
7.2865 16.0625 5.5732
8.7557 -25.8637 6.6468
13.6729 -1.3146 -2.3456
-1.4420 0.8043 -2.9965
10.1797 -0.7279 6.2371
8.5398 -25.3730 5.9148
-1.2633 1.1066 -2.9069
9.7783 -0.4209 6.3345
9.6156 -25.7366 5.9776
8.1132 15.6764 5.3381
8.7667 0.0197 1.6053
-3.8497 19.2293 2.3057
7.8091 0.2800 1.4174
9.0521 -0.1988 1.5148
9.5533 -25.8896 6.3300
10.2216 -0.2919 1.5236
10.0282 -25.6441 6.7778
10.7045 -0.3573 1.1210
10.1439 -25.1292 7.2882
-5.4340 21.1547 6.5437
10.0889 -23.9430 7.2219
-6.1021 21.1053 5.8961
-5.3525 1.6166 -6.8259
-5.4701 21.4976 6.4235
9.8830 0.2955 1.7910
-5.7503 21.7079 5.8179
10.2337 -0.1105 1.7596
7.8771 0.2212 5.9539
8.6471 -25.3356 5.4874
-4.6706 21.4621 6.9262
-5.1845 2.2576 -6.3905
-4.0301 2.6205 -5.7262
-4.7618 2.0655 -6.4057
8.5311 -0.2031 6.0988
-3.9448 2.2865 -6.2734
5.0852 17.9986 5.9222
-3.8934 21.3585 7.0184
4.6151 19.6491 5.7464
8.4807 0.3579 6.2085
11.4497 -0.0558 3.0812
11.5603 -0.2219 2.8371
11.6144 0.1989 3.3788
-4.8804 1.6720 -7.0077
12.2012 -0.3818 3.0683
-5.8608 21.6966 5.2088
12.8277 -0.4923 2.8710
9.1003 0.3375 6.3069
-3.8601 1.6604 -7.5965
3.6345 20.2741 5.9308
-4.3829 1.8191 -7.0175
-5.3519 21.6996 4.4760
7.8011 0.7755 5.9743
-5.2352 22.1171 4.7988
-5.5019 22.1309 5.2068
7.5903 1.1889 5.6410
-5.6540 2.5362 -6.5440
-13.6722 -3.9153 2.7949
-3.9841 21.8709 5.9066
-4.8743 22.0577 5.9257
-4.2009 21.9882 6.3558
8.5367 1.0248 6.1282
11.5476 -0.2992 2.2733
-3.8842 22.0659 5.1330
-4.1133 21.9039 5.3705
-3.7218 21.8231 5.6216
-4.7004 22.1497 5.4614
6.0159 16.8140 5.2964
-4.3510 22.3827 5.1659
5.7633 17.2161 5.4863
-5.2693 21.9339 6.0636
6.6780 16.7778 5.3202
-4.6917 21.9330 6.5789
-3.8077 1.9537 -6.9034
-3.4728 1.8748 -7.4622
-3.0771 1.6929 -7.8588
-4.0877 21.8353 6.7653
-12.4735 -2.9012 4.4471
7.6967 -15.9610 8.0311
7.9335 1.4683 5.5463
-3.0387 2.0097 -7.1400
10.9601 -0.0624 2.1837
-5.2598 22.3631 5.3551
9.0132 1.3633 5.9383
7.1575 17.4984 5.0796
7.9693 17.2685 4.5911
-3.1247 2.3683 -6.5643
-4.9567 22.6125 5.1926
-2.5868 16.8549 6.9953
-4.4863 2.8411 -5.6401
-4.7318 3.0458 -5.6440
6.7255 17.5204 5.2170
5.9989 17.6358 5.4538
10.2787 -0.1113 5.8602
-3.8872 3.1204 -5.0707
-1.3915 17.9013 7.0109
6.0106 18.6157 5.3946
-1.9225 18.1950 7.2072
12.1026 -0.3862 0.4465
9.3917 -0.1969 6.2694
13.0547 -0.4583 1.2181
-4.2246 3.5422 -5.0999
8.6559 -17.2436 7.6879
9.8250 0.2712 6.1596
-5.2128 3.3585 -5.9431
-4.5986 3.9366 -5.3436
-4.3616 4.1749 -5.3380
9.4202 0.9365 6.1775
6.9796 18.4568 4.7678
-5.3164 3.9607 -6.0589
10.1017 0.9860 5.9213
10.7245 -25.4345 6.8057
10.9964 -0.1072 5.5442
10.4835 -25.7842 6.2251
-1.5350 18.8458 7.0532
5.5631 18.2874 5.7548
11.0756 -0.3066 -1.8112
10.1335 -0.2185 -1.9633
11.3808 -25.0637 6.5013
9.2357 0.0107 -1.8605
5.4182 19.7267 5.5380
-5.8415 4.5004 -6.7607
10.6054 0.6233 5.7219
9.6635 1.4461 5.7151
10.4128 1.3443 5.4070
-5.0337 4.7119 -6.2446
11.1509 0.6290 5.3185
11.7132 -23.9200 6.1690
-14.0259 -5.1544 2.0019
5.9291 19.5433 5.3022
-4.3728 5.0575 -5.9279
-3.8824 4.6076 -5.6671
-2.9993 2.5623 -6.0370
-0.8289 19.4856 6.8986
-14.2154 -4.0337 1.1761
-2.6525 2.7405 -5.4281
-2.3435 2.4939 -6.0552
-0.8979 19.2249 6.8627
6.1911 19.0640 5.0815
-1.6920 2.0210 -6.3935
-1.3699 1.9974 -5.6543
-1.6403 2.3822 -5.0676
6.8522 18.9113 4.8093
10.6902 -19.5264 6.7024
-1.9796 2.4616 -5.7430
7.6100 18.7941 4.6184
-2.4277 2.8853 -5.2145
-2.0584 2.6786 -5.2627
-1.8388 3.0927 -5.1817
9.4672 -18.5325 7.3521
-1.8404 1.7041 -7.0083
-2.4609 2.2320 -6.7796
0.0455 18.2014 6.5696
-0.4537 18.7351 6.9289
9.8861 12.1825 4.6482
0.6400 19.2321 6.6650
13.0325 -0.4256 -0.9368
13.6607 -0.6577 -0.1068
-1.1939 1.6885 -6.6989
0.5945 20.2848 6.5301
9.7881 13.0619 4.6553
1.3113 18.7198 6.5246
10.2266 13.3044 4.1101
-1.2949 3.7537 -5.9076
-3.2239 3.0205 -5.0632
-3.6568 3.4187 -5.0229
-2.7282 3.6186 -5.3034
13.3151 -0.4260 -1.5940
13.7753 -0.7497 -1.2231
-2.7352 20.7630 6.9925
-2.7094 3.2004 -5.0955
-3.3167 21.2876 6.8594
13.9637 -1.1783 -0.9861
-3.6355 21.6833 6.5399
-2.7236 21.1669 6.4966
-3.3628 21.5776 6.0555
5.9110 -15.5910 8.5031
-1.1305 20.8324 6.7471
-1.9129 20.9835 6.6440
-0.0409 20.5795 6.5564
-2.5077 21.3921 6.0997
-1.2612 21.2529 6.5153
-2.2561 4.1604 -5.9670
-3.3028 5.3404 -6.3867
-3.1605 21.8293 5.7705
9.6687 14.7241 4.1610
-2.3118 21.6448 6.0515
-2.7432 22.2960 6.0024
13.9532 -2.6148 1.2208
-3.6120 22.1223 5.3938
-3.1316 22.5090 5.9127
-3.2576 22.8558 5.6982
-11.4807 3.9985 2.4484
10.6095 13.9056 3.2668
-11.7387 4.5277 1.8163
-1.0569 21.7432 6.3099
-11.2868 5.3990 2.0255
-2.0044 22.1273 6.2405
-10.1772 4.9291 2.9361
-2.4811 22.7111 6.2796
3.8943 -25.8950 2.7852
-10.8541 4.9939 2.6677
-1.4516 22.5990 6.3159
-10.1848 5.9979 2.8919
-8.8391 5.5834 3.0039
1.7188 19.6276 6.4326
10.2945 14.9407 3.0697
13.7285 -1.3326 1.6935
13.3503 -1.0813 2.7548
13.6946 -0.8833 1.3072
10.0277 15.7455 3.2095
-10.5970 6.3180 2.6084
14.0134 -1.4963 0.4987
-9.3316 6.3448 3.0581
-14.2542 -2.1873 0.7066
13.3702 -0.5924 1.5941
13.2661 -0.7466 2.6025
-11.5940 5.7134 1.3611
11.6216 -18.9794 6.0140
8.5324 16.1698 4.6199
-11.5801 6.5120 0.5930
-0.1724 21.6672 6.4370
9.3383 15.9204 3.7898
-12.8517 6.5058 -0.9223
-0.7309 22.6221 6.3522
13.9791 -1.0490 0.0381
-0.7824 23.7350 6.0717
1.6483 22.0760 6.0212
-13.2272 -1.6967 3.4446
8.2389 17.8029 4.3545
-11.0724 6.5084 1.9612
-10.6766 7.0300 2.1337
-2.8380 22.9782 6.2220
-2.3519 23.1163 6.2957
-2.9496 23.5068 5.8663
-9.7692 6.8923 2.7760
-2.5709 23.6042 6.0885
-1.9250 23.5791 6.2090
-11.3917 7.1014 0.9598
-11.1222 7.3001 1.3777
-0.4826 4.3705 -6.6295
-1.1680 4.6839 -6.8185
-11.2956 7.3695 0.3744
-14.0610 -2.0227 1.7581
-0.0803 5.0587 -7.2792
-10.0082 7.5602 2.1297
-9.4432 7.5619 2.4349
-14.0197 -1.3672 1.4105
-13.7005 -1.4301 2.5928
-10.5522 7.8407 1.4393
-10.7396 7.8716 1.0952
-13.0702 -0.9489 3.4491
-13.2476 -0.8038 2.8074
-12.8238 -0.5219 3.2186
-13.8095 -1.0819 1.6210
-9.5861 8.2741 1.5233
-10.1006 8.1858 0.8235
0.8336 5.5647 -7.7221
-12.9728 -0.6064 2.5313
1.9485 5.3046 -7.7333
1.5694 4.7208 -7.0349
-1.2921 5.9040 -7.5991
-0.0668 5.9898 -7.9277
-8.0330 6.6753 3.0444
-7.2069 6.3555 2.9310
-13.0470 -0.6331 1.5730
-12.6749 -0.3768 2.0014
12.2175 -0.7682 -4.8013
2.7436 4.5258 -6.7473
-6.6808 -25.9018 4.4883
-6.4007 -26.0144 4.5061
-6.5885 -25.6602 5.1547
13.0367 -1.7897 -3.7326
-5.7931 -25.8127 4.5850
-6.2188 -25.8124 5.0501
-6.1503 -26.0209 3.0439
-8.6944 7.5540 2.6251
-7.4621 7.3420 2.8785
3.9304 5.3107 -7.4063
-5.8442 -25.8928 2.9712
-5.5927 -25.6844 3.3091
-5.9000 -25.4962 5.4086
-5.3476 -25.5414 5.2089
-4.7757 -25.7086 5.2986
-4.9892 -25.7035 4.8175
-4.6062 -25.9671 4.8573
-4.6029 -25.4408 5.5888
2.6068 4.9078 -7.3577
-5.3718 -25.5877 3.8771
-5.1318 -25.6196 4.1876
-4.3883 -26.0175 3.5549
-7.6515 8.0984 2.4567
-4.7451 -25.8644 3.7704
-4.3550 19.7500 2.8710
12.7638 -0.9188 -3.9764
-3.0188 18.5084 2.0060
13.4782 -0.8073 -2.5730
12.8990 -0.5279 -3.4417
3.3344 5.7849 -8.0620
-3.5770 19.7677 2.0282
-3.9102 20.0411 2.6369
-4.9526 19.9935 3.2809
-0.1162 6.8675 -8.2795
-8.3825 8.6070 1.9659
11.9823 -0.2974 -4.7730
-4.7992 20.6729 3.5105
-8.7347 8.7141 1.6218
-4.1693 20.6298 3.1584
-5.0971 -25.5570 2.8638
-4.8590 -25.7068 2.4415
-8.0443 9.4211 1.6432
-3.5807 20.3312 2.3393
-3.9138 20.7320 2.6612
-1.4641 7.2992 -8.2347
-4.2107 21.2096 2.7179
11.3752 -0.6196 -5.6127
-2.0393 19.5207 0.6914
1.0760 6.3896 -8.2761
-3.3320 20.3853 1.7940
11.2530 -0.1959 -5.4487
-2.8474 20.2965 1.0830
-3.1856 21.0146 1.2713
-6.3679 7.1983 2.8667
-3.7331 21.0274 2.1626
-4.2944 -25.7334 5.3176
-4.1542 -25.9372 4.9959
-1.4447 8.7370 -8.5818
-2.1626 8.6344 -8.3737
-6.6593 7.8910 2.5806
-3.8137 21.4228 1.7534
-5.4762 7.2612 2.6802
9.9417 0.0378 -2.0989
-10.3022 -4.6870 6.2676
-0.4864 8.3599 -8.6335
-3.7512 -25.5966 5.2019
-5.4152 20.6626 3.6332
-3.9067 -25.3041 5.6978
11.0762 -0.2109 -2.6111
10.4818 -0.0482 -2.4125
-5.3381 21.2443 3.9667
-4.0697 -26.0253 3.5716
-3.6688 -25.7421 4.5952
10.3641 0.3100 -2.2533
9.7031 0.4268 -1.9772
-4.4930 21.0420 3.6401
-4.6031 21.7570 4.1511
0.8615 7.5638 -8.7133
0.1179 8.6783 -8.8104
11.6611 -0.1545 -3.1763
-1.9056 -26.0124 2.7156
-2.1045 -25.9242 4.9715
-2.2625 -25.9450 3.8566
10.7243 0.2587 -2.7005
10.9952 0.0372 -2.9285
-9.4575 -4.5965 6.7356
-7.1134 8.5190 2.2456
-2.4629 -25.4060 5.4977
-2.4970 -25.7167 4.9551
10.5991 0.6689 -2.5289
-2.6413 -25.6717 3.4035
-2.9107 -25.3335 5.2946
-4.3583 -25.2026 6.2612
-6.1018 8.4373 2.4324
-3.2302 -25.3520 5.1785
-4.9073 21.8720 4.4462
11.4063 -0.0526 -3.3400
11.1629 0.4679 -2.9978
-0.2743 8.8487 -8.7544
11.1184 0.7531 -2.7874
-5.1022 22.5573 4.7650
-2.1229 -25.1026 6.1935
11.8234 -0.0702 -3.9855
-4.4733 21.3726 3.4118
11.9987 -0.1548 -4.2733
11.5575 0.1283 -4.5389
0.6015 8.5528 -8.9128
11.6096 0.2899 -4.1897
-3.0068 -25.4448 3.5963
-3.4009 -25.5246 4.2370
11.5675 0.6774 -3.8989
11.3315 0.2898 -3.4156
1.2615 8.4536 -9.0072
2.2385 5.9482 -8.2408
11.2849 0.8902 -3.2106
10.9627 1.0418 -2.7028
10.9888 1.4973 -3.2110
11.2344 1.0530 -3.5528
-3.7179 -25.8486 2.9433
11.3274 1.3344 -4.1299
10.9833 1.5964 -3.9935
8.9622 1.0408 -1.8883
-3.1618 -25.4333 2.7073
-3.3389 -25.4942 2.3218
9.6811 0.8452 -1.9975
2.9027 6.4862 -8.5695
9.7797 1.0639 -2.1801
9.0402 1.4872 -2.2575
9.9956 1.1838 -2.5819
4.7313 6.5100 -8.0902
3.7905 6.6014 -8.4546
1.9265 7.0212 -8.7827
-6.5993 -4.3655 7.8650
2.2971 7.4516 -8.9371
3.2721 7.5843 -8.8814
-8.2849 -5.8735 7.2693
9.4153 1.7676 -2.8768
10.0701 2.0096 -3.1956
-7.0428 -25.8931 8.0231
10.3712 1.4060 -2.7608
-7.4332 -25.1155 8.1055
10.7069 1.5967 -2.9665
2.5466 8.3992 -9.0351
10.6308 1.9528 -3.5067
-5.1632 -25.9487 7.8545
12.3944 -0.2278 -3.0670
-5.0779 -25.7007 7.2166
-5.6882 -24.4688 8.6005
5.3173 4.8346 -5.8837
13.2571 -0.4235 -2.3583
-6.2369 -25.4016 6.4672
-4.5691 22.0448 3.9277
-4.6102 22.0190 3.3743
4.8460 5.1728 -6.7967
-4.8107 22.2784 4.4547
-6.1538 -25.3636 5.7580
-3.9847 22.7163 5.0482
5.1292 6.2790 -7.6476
5.7562 6.0393 -6.9664
5.9148 5.3682 -6.0252
-4.7734 22.8619 4.2182
-4.4609 21.5231 2.7289
-4.6839 21.8253 2.8255
-4.6514 22.6637 3.1069
-4.4234 22.0058 2.0793
10.9651 0.2611 -5.6653
-4.5623 22.4208 2.2396
-4.5767 22.8185 2.4796
11.4072 0.0066 -5.0599
7.2191 4.7561 -6.0069
6.7524 4.8581 -5.5237
11.4652 0.4109 -5.1040
6.3051 4.7832 -5.3085
11.6576 0.8502 -4.7706
-4.5894 23.1225 3.6295
-5.4803 9.0773 2.0921
6.6633 5.5698 -5.7590
11.2069 0.7828 -5.6441
-4.4134 23.4020 2.9968
11.3940 1.3115 -5.2331
11.6011 1.2651 -4.5469
7.3497 5.5079 -5.9598
-6.8226 9.3517 1.9185
10.9524 1.5415 -5.2897
10.3880 1.6918 -5.1428
10.4384 1.9168 -4.5562
7.1337 5.8195 -5.8588
-1.5972 21.1191 -0.0438
11.3488 1.5807 -4.5988
6.9187 6.5629 -6.5610
7.2510 6.3865 -6.2423
-4.0317 22.1125 1.5548
-13.0434 6.6696 -1.4335
7.9174 5.9376 -6.6096
7.7703 4.6044 -6.6219
7.3122 4.3566 -6.3324
10.5889 0.9270 -6.1828
-3.4878 22.5691 1.0767
7.5656 6.1790 -6.2259
9.3882 1.1735 -6.8771
10.4714 1.3317 -6.0625
-2.1809 22.2724 0.1731
-12.8033 7.4723 -1.2982
-12.5521 7.9334 -1.2456
9.5983 2.0325 -5.1890
9.7779 1.6382 -6.1598
-12.0323 6.7883 -0.6570
-11.6234 6.7999 -0.2509
-11.5053 7.1480 -0.5534
-11.3058 7.2751 -0.2670
-11.7487 7.6608 -0.8402
-3.9473 23.3173 1.8377
-3.8585 22.9891 1.4497
-11.2621 7.7334 -0.8704
-12.9223 6.5422 -2.3344
-13.0529 6.9209 -1.9959
6.3709 7.2405 -7.5309
-3.6818 23.7715 2.2179
-12.4775 6.9815 -2.6542
-3.9426 24.1113 3.3332
-12.7995 7.4499 -2.3699
4.4117 7.5080 -8.5567
5.1345 7.2685 -8.2777
-11.9225 7.3359 -2.9782
-3.1319 24.3579 2.2530
9.6299 2.2110 -4.3829
10.3347 2.0895 -3.9289
9.1499 2.3397 -4.0632
-3.0254 23.1795 0.8579
-12.6781 8.1077 -1.8159
9.3593 2.6210 -4.6478
9.1949 2.6925 -4.2615
-2.1125 -25.8930 7.9025
-2.3630 24.2158 1.2445
6.2481 8.1527 -8.0145
-12.5974 8.2640 -2.2759
5.7420 8.6159 -8.3073
-1.6524 -25.4983 7.3395
-4.5066 22.9505 5.0745
9.1663 3.1019 -4.0313
-4.8981 22.9830 4.7211
-12.1567 8.4105 -1.2346
-10.9192 -2.2296 5.8382
-4.6808 23.1595 4.8606
3.8631 8.9653 -8.7911
4.9003 8.8812 -8.4514
-4.4630 23.5774 4.1704
-11.3468 9.3319 -1.2216
-4.1467 23.5762 4.8691
-4.1889 23.7878 4.4694
1.5806 -9.6336 8.8982
-12.3814 8.8561 -1.7010
-8.6040 -2.4165 7.0987
-10.6121 7.7738 -0.0797
9.2594 2.3943 -5.2686
-3.5510 22.7063 5.2308
9.4739 3.1303 -4.4862
-3.6706 23.1548 5.1991
-10.6726 7.6612 -0.5680
9.2717 2.9010 -5.3743
9.5075 3.2772 -5.0137
-10.6908 7.7496 -0.8744
-2.8239 -23.9687 9.0862
7.3427 7.0046 -6.7063
7.8527 6.9722 -6.6618
7.7299 7.4687 -6.7231
0.3941 23.7833 5.8440
-10.0427 -1.6262 6.3246
-9.7119 8.4507 0.6805
-10.0024 8.2635 -0.3721
-3.6537 -25.2124 6.6963
-9.7053 8.6995 0.1690
-10.6201 8.1282 -1.0950
-10.9164 8.8246 -1.1459
0.6162 24.3623 5.3077
-0.2690 24.2625 5.7102
-10.1984 8.1023 -0.8582
0.9536 24.7964 4.4722
1.5001 24.3096 4.7520
-10.2260 8.3977 -1.1127
-10.3575 9.0503 -1.2317
-8.2005 -1.5146 7.1876
-10.0187 8.6031 -0.8435
-9.9270 9.4534 -0.5757
-9.0155 -1.0314 6.6408
-0.9848 -25.1251 6.6898
-10.1423 9.3099 -1.1427
-5.8628 -19.7243 8.4775
7.4087 1.4442 -7.2209
-2.0679 23.0433 0.1865
3.0296 -12.3322 8.8490
4.9686 -13.6556 8.6803
-2.1505 23.5469 0.5871
6.9065 3.1562 -6.3889
-9.5785 9.4610 0.2756
8.7021 1.2031 -7.1696
0.5088 9.5373 -9.0419
7.4828 2.6182 -6.9147
8.0721 1.7737 -7.0715
-9.8692 10.7151 -0.5586
-10.0501 10.4406 -0.7783
8.4614 2.5612 -6.6583
7.9599 2.9098 -6.7998
1.8434 9.2532 -9.0705
-12.2780 8.5936 -2.6598
8.8766 1.7518 -6.8707
-11.8341 8.3842 -3.0513
0.9186 10.3902 -8.9458
-2.4526 24.8515 2.2673
-2.3062 25.0780 2.7921
-1.5420 25.1835 2.2608
7.1624 2.7630 -6.7883
-11.3518 7.4499 -3.2287
-1.1899 24.7595 1.0841
4.3802 -12.0338 8.6648
-11.4763 8.1475 -3.3071
-0.8142 25.1032 1.7313
7.4363 3.5701 -6.6378
1.7273 25.0138 3.6130
-0.0432 25.2043 4.2093
8.2222 4.3926 -6.7349
1.9649 10.5863 -8.8326
0.2202 25.3539 3.6178
3.2497 10.1533 -8.8820
-12.1831 9.2491 -2.3338
-11.4803 9.4354 -3.2799
-0.5191 25.3678 2.5897
-11.2762 8.7550 -3.6469
-0.0351 25.2158 1.6456
-1.3515 9.9565 -8.7964
0.2773 25.3838 2.8531
-10.7482 8.7124 -5.0619
-10.9109 9.5013 -4.3254
-0.4723 9.6722 -8.8365
9.0887 2.8470 -6.1817
-2.4272 10.2996 -8.5700
9.0875 3.5356 -6.3059
1.1915 25.3261 3.1309
0.9502 25.5532 2.5793
-1.9046 10.9964 -8.6353
0.6000 25.5143 1.6518
-0.4892 -25.8996 8.2478
-1.0901 -25.7942 8.5472
8.4996 3.5778 -6.5806
-0.3018 10.3240 -8.8867
-12.0903 9.3356 -1.6233
-11.9266 9.8046 -1.9543
-0.1090 11.1979 -8.6985
-1.1486 11.5281 -8.5474
-3.5057 23.6612 5.2208
-11.4269 10.0746 -1.5785
-2.9515 24.2037 4.9743
-2.8437 23.9639 5.5946
-11.6970 10.1019 -2.6500
-1.7655 24.0888 5.8979
-10.8882 10.5109 -3.8737
9.3749 3.4904 -5.9234
-1.5532 -13.0092 -8.9758
-10.4540 10.2490 -1.3787
-2.1534 24.4002 5.2391
-1.4389 24.5030 5.3545
-3.3503 24.4000 4.3586
-11.3588 10.6285 -1.8751
-10.8149 10.7428 -1.6761
-3.3138 24.6370 3.2270
0.6749 -25.5781 8.7249
-2.2676 24.8586 4.4453
0.3001 -25.3840 9.0713
-0.3858 13.0179 -7.4131
0.5247 12.3618 -8.1290
-10.3163 11.1541 -1.5819
-0.4392 24.6373 5.2506
-0.7852 0.1832 0.1274
0.2243 -0.0437 1.5262
-0.4348 -0.0873 0.1593
-9.6125 11.0144 -0.4841
-11.2374 10.9459 -2.2259
-10.7986 11.2971 -3.3500
-10.7303 11.5215 -2.8662
0.0895 -0.2774 -0.8546
-1.0867 24.9073 4.6367
-10.3842 11.5812 -2.0455
-0.3617 0.5238 0.8884
-1.4721 -25.8819 2.5319
-1.4302 -25.8534 4.3452
1.6706 11.7712 -8.3884
-0.9894 0.4717 -0.1168
0.1912 -25.7534 3.8497
0.5766 -25.9575 4.1276
0.7298 -25.8136 4.5930
0.5860 -25.4470 4.8017
-0.0456 -25.3554 4.2056
-0.1413 -25.4926 3.2514
0.3803 -25.9875 3.0872
-0.7031 1.3042 0.3087
0.8036 -26.0011 3.6724
3.4285 10.9133 -8.6791
-0.2291 1.6058 1.4088
2.8380 11.1690 -8.4926
-2.6270 24.9774 3.5889
-9.2754 8.9135 1.0371
2.7814 12.1469 -7.9421
-0.6200 1.9439 0.9641
-1.1133 2.0296 0.5360
-0.3751 3.0377 2.2673
-1.5756 -25.9006 4.9333
2.4480 12.7184 -7.7071
-1.7130 -25.7294 5.2435
-1.7352 -25.3338 5.5478
-9.2499 9.8212 0.4960
-1.8064 25.2333 3.7453
-1.0402 -25.4470 4.8665
1.7673 -0.3713 0.1017
-8.7293 9.8138 0.8628
-1.1657 -25.3823 5.2861
-1.2677 25.2440 4.0923
0.7173 13.5042 -7.1247
0.8586 13.2022 -7.3498
-1.3924 25.3722 3.1380
-7.5393 9.3002 1.6899
-7.3901 10.2536 1.2847
-0.9169 -25.0609 5.9757
-8.4743 10.5421 0.7339
-0.6388 -25.1632 5.1281
1.7303 13.0329 -7.5553
-0.8144 25.4410 3.5899
1.7794 12.7258 -7.8749
-7.2720 -1.1533 7.4646
0.2220 -25.1841 5.2318
-7.0805 -0.8821 7.3456
1.6628 13.4247 -7.2747
-9.0840 11.4167 -0.5353
-7.9748 11.0241 0.7755
-6.2249 -1.5260 7.8667
1.4846 13.8479 -7.1636
-1.0240 -25.4059 3.9435
-0.7878 22.3774 -0.6394
-1.3572 22.7996 -0.2019
1.7322 14.0881 -7.2248
-0.5939 -25.2420 2.6008
-0.5320 -25.2565 3.5047
-0.4134 22.4288 -1.1931
-6.1121 10.3398 1.3111
-0.8344 22.9885 -0.3239
-0.2612 22.9009 -1.1280
-0.3225 23.1196 -0.6523
1.7791 -25.5400 5.1823
1.1490 -25.4071 5.1648
1.4550 -25.8543 4.9185
-5.4973 10.3789 1.3895
4.3579 10.6076 -8.5853
4.3993 9.5709 -8.5855
0.1127 1.2381 2.1303
-0.9150 23.6638 -0.0739
0.4064 2.0067 2.8148
1.3147 -25.9867 4.5053
5.7020 9.8040 -8.3365
1.6129 -25.8748 4.1046
0.1531 23.7676 -0.5439
-6.3904 11.3312 0.7982
2.2395 -26.0252 4.6675
-1.1768 24.1410 0.3665
4.9818 10.2884 -8.2796
0.1630 23.1933 -1.7373
1.5195 -25.7298 3.7033
1.2100 -25.8454 3.1836
-5.2086 -0.7417 7.8206
0.1287 23.2842 -1.0399
0.2811 23.4145 -1.5665
-6.8839 11.9308 0.3469
-6.7459 -0.6859 6.8727
2.2012 -25.7415 3.8007
5.2258 11.2144 -8.0384
2.7209 -25.9943 3.9900
6.8912 10.0253 -7.9911
-0.0456 24.5967 0.3509
5.8819 11.1014 -8.0846
-8.6014 11.7008 -0.3303
-1.1452 0.2641 -0.8774
6.5586 11.1521 -8.0208
1.5951 -25.1403 5.6334
0.6134 23.4931 -0.9664
0.6563 23.4401 -1.3435
1.2929 23.4239 -1.3219
-8.3308 11.6936 0.0557
-0.7759 -0.2446 -2.0216
1.2780 23.8798 -0.8560
0.8736 23.5949 -1.9413
1.1401 23.5272 -1.7761
-7.7796 11.9792 0.1206
0.6464 23.4979 -2.0408
-11.6533 -1.1125 5.1361
0.6951 24.7215 0.0761
-0.9281 -0.2164 -2.6921
3.7177 11.9200 -8.2044
2.1709 23.8177 -1.1716
-12.4373 -1.0412 4.3665
1.6980 24.6719 -0.6323
-0.5180 -0.2230 -2.9599
4.6374 12.0668 -8.0536
2.3694 24.5295 -1.0151
-0.6318 0.0380 -3.2538
3.4556 12.4997 -7.7650
-6.7511 12.7017 -0.3495
-10.8601 -1.1651 5.7254
-11.2579 -0.7116 5.2782
1.8315 25.1738 -0.3762
-12.4173 -0.4230 4.0613
5.2077 12.0627 -7.8263
-0.1685 24.9598 0.9968
-11.7565 -0.2183 4.8554
-0.4105 -25.0788 9.2454
-11.2849 -0.1636 5.2118
3.7856 13.0754 -7.6367
4.4619 12.8172 -7.7497
-1.2739 1.3134 -0.3897
-12.0724 0.2993 4.4457
0.7254 25.2951 0.6838
-11.4446 0.3295 5.0491
-0.9191 -21.8612 9.2223
-2.0120 2.3328 0.1893
-11.7856 0.9156 4.3093
-10.8890 0.5610 5.2910
2.9392 13.1040 -7.4297
2.7570 13.7143 -7.5074
-1.2972 2.5885 0.9850
1.4387 25.6743 0.7022
5.5089 -10.5464 8.5000
-8.9319 -0.5822 5.4371
-9.9117 -0.6482 5.5601
-8.8106 -0.7341 6.2428
1.3887 25.7899 1.6050
6.5077 -10.0799 8.2066
2.3543 14.2681 -7.8933
-9.3308 -0.4239 5.3217
-9.7779 -0.5100 5.2660
1.8526 14.4392 -7.5512
-8.3088 -0.6042 5.2947
-8.8916 -0.0014 5.1918
-8.6473 -0.2700 5.0336
-8.4002 -0.4828 4.9626
2.9259 14.1464 -7.9886
1.3503 25.3761 0.1809
-8.6240 4.7325 -7.0868
3.5965 13.5144 -7.5817
-8.1593 4.9107 -7.1516
-8.4300 -0.1053 4.6048
-8.8404 0.4670 4.7899
-7.7385 4.9284 -7.0589
-10.4247 -0.8798 5.7789
-9.7475 -0.9107 6.1068
-10.6267 -0.6147 5.4873
-7.0242 4.9874 -7.1442
3.5706 14.0164 -7.9783
2.4337 25.4941 -0.4413
4.4807 13.6370 -7.6465
4.3454 14.0242 -7.8924
-6.0925 4.9314 -7.0870
-6.0611 5.5068 -7.5644
-6.4533 5.9654 -7.8938
4.8791 21.8544 5.1638
-10.6647 -0.0472 5.4623
3.1988 22.1612 5.4956
-9.1819 5.1682 -6.8687
-9.9400 -0.2372 5.3325
-9.8236 0.0840 5.4084
5.8801 12.8365 -7.3629
-9.4211 5.4940 -6.5912
2.9123 22.6055 5.3818
4.3930 22.2013 5.0214
6.3973 12.8495 -7.4107
3.8968 22.6159 5.1235
-10.3470 0.6630 5.4216
-10.0475 7.3631 -5.7825
-10.6492 0.9725 5.0667
5.3299 13.5355 -7.3278
2.2471 23.2537 5.3767
1.6106 23.6632 5.4726
1.8115 22.8544 5.8038
-10.3399 8.6274 -5.5810
-9.9916 0.9769 5.1460
-9.1745 8.3509 -6.6970
-9.5305 0.5455 5.3040
-9.3640 0.8491 4.9824
-8.5179 5.3591 -6.7930
-2.6332 2.9132 3.5735
2.8664 23.1054 5.3552
-2.2788 2.9540 3.2708
-12.8131 -0.0259 2.5086
2.6196 23.5846 5.2887
-8.4739 5.7772 -6.6430
-12.4150 -0.0977 1.8200
-1.4607 2.8771 3.8041
3.8094 22.9405 5.1770
-9.1699 6.0436 -6.1845
2.1437 23.8478 5.0360
-9.2802 6.6100 -6.1984
-9.2337 7.0171 -6.4491
6.0164 13.7885 -7.0785
-12.7923 0.0635 3.1577
-1.5435 3.1011 3.0551
-12.6128 0.2516 3.6328
2.3188 24.3249 4.4533
-8.0787 6.2324 -6.9609
2.6436 24.0506 5.0838
-2.1191 3.2936 2.3533
-7.5194 5.4774 -7.1602
3.6150 23.6863 4.8245
3.0766 23.7957 5.1426
-12.9034 0.6234 2.6569
2.4901 14.7064 -8.2479
-7.0253 5.9179 -7.6106
-1.0331 3.4153 2.4695
-2.0341 3.0229 1.2263
-12.5768 1.1688 3.1953
-0.9343 3.2000 1.9680
3.6687 24.2495 4.6453
3.4917 24.6174 4.5991
3.5626 14.4000 -8.3023
2.4953 24.2345 4.8638
-8.1415 6.7643 -7.0504
3.0009 14.8723 -8.3390
3.0539 24.6010 4.5407
-8.0110 7.1737 -7.5033
-8.8596 7.5031 -6.8601
-0.8968 3.3756 2.9843
-7.8319 7.7049 -7.7533
-11.6421 1.1662 3.9996
-11.0886 1.0720 4.5415
-11.1293 1.2615 3.9413
-11.4140 1.6121 3.5092
-7.3289 6.5517 -7.6248
4.7936 14.4132 -8.1376
4.2248 14.7208 -8.3519
-0.4659 2.8653 3.8840
-0.0091 3.0663 3.9325
-6.8256 6.8525 -8.1316
3.6578 15.2899 -8.2947
3.8516 15.5775 -8.0980
0.1284 3.2048 3.5241
4.5826 15.2374 -8.2624
0.6167 2.9467 4.2398
0.4969 2.9390 3.5453
6.4121 22.2155 4.5727
0.2070 2.7846 2.8270
5.2262 22.7764 4.4624
4.4694 22.9167 4.9146
4.1729 23.2725 4.6965
4.8548 22.5726 4.7856
4.7705 23.1643 4.5252
-8.3625 0.3099 4.5732
-10.2048 1.0977 4.8403
5.0290 15.6876 -7.6800
-10.0348 1.3258 4.6990
5.1948 23.2760 4.0909
-10.4882 1.4686 4.3294
-10.4267 1.6692 3.9278
4.1855 23.4886 4.3049
6.1906 22.8281 4.3288
-9.2894 1.4466 4.7980
-8.8402 1.1551 4.7393
-8.7457 1.6683 4.4815
-9.6801 1.7634 4.6140
-9.6151 1.9554 4.2073
-9.2081 1.8633 4.5540
-8.4570 9.2247 -7.2578
-9.1046 9.8751 -6.5767
-10.2874 1.9255 3.3917
-9.5525 1.9820 3.7145
3.9619 23.7931 4.2974
-3.6869 13.8298 -1.9643
-7.0869 8.1099 -8.2070
-6.2124 7.3025 -8.4475
-9.3946 1.9757 3.3638
2.3307 24.6864 3.9704
-6.2784 8.2934 -8.4945
-8.6962 1.8695 3.9094
-8.8546 1.7478 3.2861
-7.6659 9.1402 -7.8461
-9.0551 2.0111 3.8701
-4.6577 -25.9997 0.9929
-4.6399 -25.8957 2.0983
-4.9794 -25.7359 1.4543
-4.2196 -26.0146 1.8653
2.8638 24.5737 4.0966
-3.5523 -25.7088 1.5035
-3.8504 -25.9795 1.1738
3.4316 24.6328 3.7285
-5.7614 -25.9362 1.4018
3.7179 24.7965 3.9920
-5.3178 -25.7967 1.2755
-6.2474 -0.3333 2.5710
-5.6109 -0.4647 2.9337
-5.0405 -0.2203 2.8060
3.4689 24.5933 3.1446
4.1006 24.5159 3.1514
-5.0830 -0.5570 5.7279
-4.1116 -0.4619 5.1005
-4.2648 -0.4792 3.4076
-4.0250 -25.7680 0.1977
-6.9264 9.3283 -8.1262
2.1933 25.2515 3.0918
1.6831 25.5492 2.8473
-3.3296 -0.3079 3.7867
-3.6570 -0.3670 5.0795
-4.1536 -26.0346 0.7564
-6.8972 -0.5160 4.1075
-3.7429 -25.8393 0.5433
-3.8457 -0.3326 3.2169
1.9154 25.8463 2.0277
2.2556 25.7483 2.3049
-8.1806 10.3707 -7.0627
2.9012 25.4033 2.5149
-3.3898 -25.5258 0.5180
3.5247 24.7733 2.8637
-2.4283 14.1173 -2.8836
-3.4868 -0.0061 3.2169
-5.4366 0.1613 2.7185
-3.9462 0.6011 3.2486
-7.2655 9.9690 -7.7532
-5.3427 -25.5969 2.0505
4.0604 25.0128 2.3837
-5.5815 5.1717 -7.1557
4.6586 23.7871 4.0380
-0.5277 13.4230 -2.1489
-0.1424 12.7622 -1.2745
0.2950 13.1045 -1.2714
5.3674 23.9644 3.9779
4.5309 24.1453 4.1818
-4.8345 5.6332 -7.1369
6.4358 23.5846 3.8900
-1.3137 13.8682 -2.7724
-4.1607 5.7649 -6.6067
6.3655 24.1211 3.7173
0.4483 13.7757 -2.1948
5.2772 24.6727 3.9446
4.5865 24.5338 4.2538
-6.6677 -0.5950 5.7460
5.6902 24.6447 3.6110
0.5360 14.1621 -2.9713
-5.4574 6.0691 -8.0670
-0.4408 14.1155 -3.1958
-5.8711 6.5335 -8.3519
4.7584 24.3752 2.6375
5.1363 24.2907 2.8699
5.5140 23.9624 2.4352
5.0543 24.5948 3.2525
-7.5097 -0.4098 3.7333
-3.9678 6.3645 -7.4080
5.4151 24.4322 2.0228
-4.7147 6.2081 -7.8982
-2.6485 -25.6000 1.4256
-1.6455 -25.9854 0.6650
6.0960 23.5367 2.3330
5.8129 23.9504 2.6854
-3.6318 5.7909 -6.4842
6.6107 23.2937 2.7125
-2.9661 -25.4149 1.3461
6.4947 23.6980 2.7803
-2.4957 5.2074 -6.7354
6.1971 24.1977 3.0307
6.1427 23.7575 1.8391
-3.4466 6.3420 -6.9582
-2.8390 -25.4436 -0.3062
-3.2291 -25.4218 0.0148
6.1266 24.5155 3.3545
4.1214 24.7136 4.3392
-1.3216 -25.7964 0.2204
-0.8096 -25.3220 1.2307
-1.1671 -25.6094 1.7771
4.5518 -0.3470 1.2424
4.8978 -0.4567 2.2662
4.9714 -0.2308 1.4508
5.1355 0.0339 1.6861
5.2072 -0.3442 2.4227
3.9826 24.8586 4.1362
4.5990 24.8378 3.5929
-3.1265 7.0257 -7.5723
4.7664 24.9184 3.9356
4.5414 -0.0665 0.3261
4.8070 0.0077 0.8517
-2.4782 6.5116 -7.3905
4.9091 0.1502 0.4008
-4.2216 -26.0218 -1.5934
4.9513 0.4752 0.9915
4.7603 0.9045 1.2238
5.3963 0.3305 2.4543
5.0614 0.3107 0.6897
-4.2930 -25.5859 -0.2863
4.4127 1.4635 1.6190
4.9387 0.9219 1.9181
4.6885 1.4596 2.6520
-4.1258 -25.6604 -0.6894
7.2157 22.7846 3.7506
7.1871 22.9419 3.9286
-4.9300 6.6011 -8.3983
-4.2031 6.8381 -8.1624
-7.8521 -0.0893 3.7346
-7.9860 -0.1579 4.1315
-7.7866 0.3396 3.3738
-7.2479 -0.1244 2.8219
-3.7257 -25.8779 -1.2358
7.0853 23.3630 3.8338
-3.5123 -25.4764 -0.6133
-3.2384 -25.5369 -1.4552
-2.5889 7.3864 -7.7909
-2.9731 -25.4328 -1.4655
3.8010 2.0499 1.7161
-8.0638 0.2625 4.2304
4.0046 2.4833 2.6918
3.3041 2.8412 2.0148
-8.3039 0.9303 4.4571
6.9535 23.5804 3.0768
7.0953 23.6704 3.4959
-8.0471 0.7550 3.9715
6.8688 23.9756 3.2214
6.6934 24.2150 3.3723
4.4906 2.5289 3.2096
3.4380 3.8951 3.0205
5.4112 0.0669 2.4921
5.4876 0.5884 3.0314
5.4692 1.1096 3.5626
-7.6160 0.7781 2.9926
-6.7816 -0.4176 2.8123
-6.8438 -0.2480 2.5040
-4.8184 7.3041 -8.6154
-5.5087 7.6303 -8.6540
2.1766 25.8612 0.8226
2.4494 25.9155 1.5023
-6.3905 -0.0040 2.4017
6.2192 0.1860 0.9568
5.6973 0.4228 0.8674
-0.9062 14.5012 -4.6285
6.3941 0.7417 1.0288
-8.2086 1.3529 3.6007
-3.7981 14.6100 -3.2942
3.7481 25.5997 1.9659
-4.2238 7.2829 -8.4647
3.7561 25.8837 1.4363
-4.2987 7.7030 -8.5725
6.9520 0.3141 1.2297
-5.4198 8.4005 -8.6277
3.7940 26.0561 0.8840
-2.7561 14.4244 -3.4096
5.4746 2.0877 3.8930
-5.9235 9.1066 -8.4669
2.6457 25.7666 -0.0822
-4.8830 8.5304 -8.5936
-2.7295 14.6062 -4.1044
2.7771 26.0429 0.7819
-4.2643 8.6040 -8.2538
4.4788 3.3156 3.5274
5.3540 3.3081 3.8801
3.3835 26.0363 0.3338
-8.3551 1.5753 4.0960
5.9599 2.1627 4.2276
-5.1626 9.3669 -8.2558
-4.5494 9.3187 -7.9697
-6.0966 9.6754 -8.1731
4.0790 26.0940 -0.1038
6.0559 2.8789 4.1356
4.7771 25.3300 1.6327
-6.9143 10.3232 -7.5746
-6.0556 10.0839 -7.8216
6.2983 24.3536 1.4230
-6.6023 10.5953 -7.3480
-5.6491 10.5873 -7.4517
4.6616 4.1653 3.7002
-5.3491 10.0417 -7.6844
-0.1694 -25.3487 2.3485
6.0317 25.0682 0.9574
0.7350 -25.9483 2.0144
0.1521 -25.7564 2.5311
-0.3237 14.3942 -3.7207
1.1462 -26.0273 2.3760
5.7040 3.8345 3.8138
-1.5841 14.3292 -3.7216
0.4090 -25.6555 1.8626
-5.1580 11.0135 -7.5713
5.0311 25.9237 0.2457
5.1492 25.7259 0.7516
0.6771 14.5725 -3.9906
6.3313 25.2972 0.3298
5.9684 25.5676 -0.2297
0.3919 -25.3940 1.1035
0.2323 -25.3511 1.5668
-0.3777 -25.2335 0.7860
5.4013 0.7521 0.7985
5.1490 1.1668 0.7431
0.3116 -25.6504 0.6221
-0.0450 -25.4126 0.5762
7.6671 -25.9513 4.8173
4.7071 1.4605 0.8178
-3.4882 7.3791 -7.9839
-3.0474 7.7166 -7.8127
4.1919 1.7596 1.0165
-3.6183 7.9029 -8.0860
3.0917 2.5616 1.0179
3.5731 2.1267 1.1423
2.6306 3.4367 1.3481
10.4946 -25.8763 5.7666
3.3368 2.4693 0.4740
2.7340 3.2328 0.3581
3.3493 24.6123 -1.5094
1.3074 -25.6788 1.1664
-0.9128 16.9345 0.9109
-1.6799 17.5021 1.1734
-1.8313 18.3779 1.0239
-3.8373 8.9076 -7.8569
3.2684 25.1797 -1.1876
-3.4166 8.8480 -7.8780
-3.0478 9.0563 -8.0426
4.2185 2.1356 0.4551
3.4320 25.5615 -0.8907
11.4261 -25.5529 6.2023
11.0612 -25.8621 5.6552
-4.4586 9.9751 -7.7199
4.3629 25.3761 -1.4167
3.7695 25.8812 -0.6276
12.0686 -25.6024 5.6627
4.4641 25.9490 -0.5653
11.9320 -25.4354 6.0460
12.1581 -24.9984 5.9209
12.3343 -25.4319 5.7329
0.7817 13.5203 -1.0504
5.6840 1.6400 0.5942
5.5632 25.6419 -0.5935
1.0504 14.1249 -1.9371
1.7779 -25.8574 2.6088
1.9065 -25.6115 3.0578
1.3870 14.5483 -3.0353
6.2097 1.8995 0.6042
2.1619 -26.0301 2.0821
7.0939 1.3705 1.0669
1.4782 14.7992 -1.0189
2.4626 -25.8829 2.4524
2.4105 -25.7078 3.1287
6.6404 2.1652 0.7823
3.0873 -26.0022 2.8556
5.9748 2.9177 0.1717
1.6156 15.1089 0.7403
1.3030 15.5131 0.7851
1.8420 15.5791 -0.5098
1.7021 15.5567 0.0528
1.0850 15.7410 0.3868
-3.7980 11.1674 -8.1029
1.5241 14.6942 -1.7449
1.7725 14.8317 -2.6798
2.0375 15.4273 -2.2377
1.8319 16.2098 -0.7231
1.1545 16.0471 -0.1620
3.1680 5.3357 3.4106
3.7664 5.3581 3.7256
1.4822 16.8343 -1.0320
4.1838 5.6793 3.8668
5.0890 4.7994 3.7058
-10.3296 9.6398 -5.3373
2.5717 4.0955 2.1251
1.9388 5.0877 1.6884
2.5505 15.5312 -3.3541
-9.7628 10.4713 -5.6157
5.5020 -9.2848 8.3681
2.3321 16.2816 -2.0997
2.1095 16.1889 -1.5582
2.7649 16.1558 -2.8949
1.9695 16.9793 -1.6163
1.7209 6.7186 2.3071
-10.1106 11.5927 -4.3149
-10.0392 12.3237 -2.7588
0.0726 16.4131 0.3280
0.0584 16.2071 0.9736
1.0081 15.8041 1.0534
5.1772 5.4217 3.6460
4.5380 6.4020 3.9159
0.2884 16.8674 -0.1628
-0.7770 18.1066 0.1944
3.5732 6.4657 3.9774
3.5822 7.6232 4.4901
1.0502 17.8302 -1.2651
4.1067 7.4037 4.4218
-0.9779 0.5218 -3.0487
-0.6132 0.5524 -3.4861
-0.7742 1.0041 -3.0639
-0.7580 1.3378 -3.4134
-0.6646 1.0061 -3.8685
-0.8410 1.7058 -2.8658
-0.6215 1.5839 -3.0406
-0.6202 1.9270 -3.3836
-1.1006 1.8450 -3.9509
-0.8925 1.8994 -3.5144
-1.0444 2.2103 -3.7478
-0.4676 2.4274 -3.6451
5.1777 2.0142 0.3689
3.6777 2.6348 -0.1935
4.4626 2.6117 -0.3753
5.0575 2.6732 -0.2664
3.9201 2.8738 -0.9815
4.5824 3.0204 -1.1740
4.8631 3.3648 -2.4945
