10.4181 -31.9680 2.4437
11.8201 -31.7941 2.5202
10.1978 -31.4262 3.0755
-3.9324 -31.9573 -3.1073
-4.7798 -31.9597 -4.1929
-3.9715 -31.8488 -4.2544
1.7097 -19.6018 -7.4622
3.6053 -17.9534 -7.1088
3.5775 -20.7960 -7.5736
-3.5846 -31.8317 -3.1049
-3.4946 -31.5595 -3.6192
5.6116 -28.3403 6.9136
4.1795 -30.9001 7.1389
5.1451 -29.8843 6.9634
16.3083 -31.2916 -4.9958
15.6712 -31.3432 -5.3048
15.7878 -31.2359 -5.8743
-5.0156 -24.7032 -6.7263
-2.8171 -26.4219 -7.3783
-5.0789 -29.0613 -7.0977
15.8866 -30.9242 -5.6350
15.5470 -31.1768 -4.6905
14.6149 -31.1647 -5.6135
-3.4530 -31.8857 -5.1773
-3.3604 -31.5881 -4.7823
8.9775 -31.5677 3.4819
9.2959 -31.7038 3.0317
-3.6409 -31.6192 -4.2859
2.7709 -27.7590 7.5002
0.6927 -19.1665 -7.4195
1.0954 -17.8975 -7.2931
10.4622 -31.2581 3.5055
11.2233 -31.3563 3.2102
16.7165 -31.3458 -3.9753
2.7156 -31.6011 -8.4534
4.1739 -31.5365 -8.2159
2.9682 -31.2379 -7.7601
0.9641 -31.3167 -7.8212
-2.8204 -31.3196 -4.6353
9.5659 -31.4184 3.8694
16.6745 -29.9852 -4.6527
-2.9863 -31.5099 -3.9356
10.6446 -31.6096 4.2549
16.9051 -31.2216 -4.2666
16.5752 -31.2709 -3.5009
2.7055 -30.6981 -8.4613
3.2314 -31.1133 -8.5962
1.0895 -30.8806 -8.4870
1.3955 -30.1093 -8.2375
2.4568 -28.2479 -8.2182
16.7674 -30.8349 -4.6483
12.0115 -31.5707 3.5768
3.5723 -30.1484 -8.3903
-5.7200 -31.9513 -3.2246
-5.8567 -31.8834 -3.9209
-4.9190 -31.8803 -3.4382
-4.3394 -31.8377 -2.9630
17.3785 -31.2208 -2.4251
17.2876 -31.1128 -3.1551
-4.9153 -31.5779 -2.8866
15.7788 -31.2815 -3.0084
15.7151 -31.1690 -3.8704
3.6044 -31.7245 -1.2350
2.7535 -31.8678 -2.2196
3.6392 -31.9313 -1.8408
2.1520 -31.0740 -7.3008
17.1677 -30.6862 -3.7352
2.0103 -31.2605 -6.1136
1.4347 -31.0189 -6.2589
4.8002 -31.8515 -0.1642
4.6328 -32.0164 -0.9993
5.8603 -31.9817 -0.9967
-3.0854 -31.5226 -2.6765
-2.7179 -31.3721 -3.2558
4.8903 -31.7479 -1.5562
5.7914 -31.7382 -1.4597
4.3924 -31.6583 -2.3348
-3.0563 -31.8971 -1.9692
4.2503 -31.8751 -0.1881
3.3111 -31.1004 -6.8684
4.2342 -31.4029 -7.6904
13.5630 -31.3118 -7.1305
12.9429 -31.6370 -6.9941
12.6585 -31.3740 -7.5381
4.0458 -31.3548 -7.0523
12.7346 -31.5943 -6.4495
14.1406 -31.5502 -6.5885
14.2366 -31.5030 -6.8716
2.7302 -31.1572 -6.7629
13.3982 -30.9404 -7.1138
4.0380 -31.3801 -6.3037
3.3979 -31.0677 -6.2494
12.2029 -31.5586 -7.3639
3.9194 -31.6613 -0.4048
11.9178 -31.3305 -7.7563
12.2489 -30.2303 -7.6268
12.8043 -30.0474 -7.3597
3.1563 -31.4787 -5.6349
11.7081 -31.6973 -6.5540
11.6038 -31.5186 -6.9928
4.3662 -31.7980 -3.9661
5.0591 -31.6495 -2.9902
4.1800 -31.5641 -3.3276
2.5348 -31.5024 -5.7177
12.0432 -30.7232 -7.5792
11.1033 -31.3635 -7.2043
11.3379 -30.9751 -7.8418
1.6560 -31.2148 -5.3153
5.4896 -31.5270 -2.0713
3.1964 -31.6722 -3.4160
3.0034 -31.8743 -2.8848
11.3206 -29.3722 -7.7994
5.8880 -18.6255 -7.0865
6.4436 -20.4285 -7.4709
-4.2688 -31.5623 -2.1122
-5.2031 -31.6272 -2.2883
-3.5265 -31.8471 -1.7804
-4.5727 -31.6941 -1.7240
6.3581 -16.2462 -6.6589
14.6170 -31.1181 -6.7897
14.3903 -30.7784 -6.7343
8.3625 -20.8898 -7.6315
8.4442 -19.2670 -7.2411
14.0696 -31.4016 -6.1433
13.2612 -31.3120 -5.9305
-1.2494 -31.9432 -0.2895
-1.6279 -31.7446 -1.3533
-0.7073 -31.6588 -0.3763
4.6088 -27.3811 -8.2218
-2.2911 -32.0078 -0.4521
1.7008 -31.8343 -1.4149
1.2225 -31.8666 -1.3180
1.8780 -31.9284 -2.0233
14.0244 -28.7618 -6.7773
15.2381 -30.6191 -6.1674
7.9639 -16.8310 -6.4496
0.5769 -31.6728 -0.6956
0.9469 -31.6323 -2.2049
-0.7104 -31.4820 -1.8232
-0.5742 -31.2525 -3.1444
0.1150 -31.3674 -2.8722
0.9819 -31.9632 -0.2479
2.4644 -31.6529 -0.5432
2.0651 -31.6223 -1.4379
3.0164 -31.5497 -0.8604
1.4491 -31.9316 -0.3671
-0.8769 -31.0145 -3.9145
-0.0583 -31.1061 -3.4134
0.2973 -31.1242 -4.0450
-1.2484 -31.1412 -4.4901
-0.2917 -31.3190 -4.8482
13.0744 -28.8274 -7.2656
-1.7443 -31.3180 -3.2359
12.4533 -31.2967 -5.9207
11.8130 -31.5357 -6.1623
3.6413 -31.6033 0.2144
3.2648 -31.6275 0.4495
2.4011 -31.8037 0.3406
11.4959 -31.4102 -7.6857
10.7923 -31.3569 -7.8127
7.6101 -16.4564 -6.3638
3.0289 -32.0222 1.6672
1.7186 -32.0378 0.5872
-0.0646 -31.5382 -0.7341
0.6570 -31.5740 -2.9990
-0.7118 -31.2801 -7.4124
0.8476 -30.9780 -6.8955
-0.0092 -31.2399 -6.8380
0.5300 -31.1877 -5.8495
-0.0045 -31.4363 -6.2434
2.5356 -31.6943 -1.8878
-0.2921 -30.1732 -8.0230
0.0265 -28.4537 -8.0039
-0.8198 -31.6528 -6.3511
-2.4241 -31.6779 -1.6313
-2.6859 -31.8814 -1.2031
-3.5502 -31.8097 -1.1968
-1.3226 -31.5321 -6.7209
7.4159 -31.9503 -1.2650
5.8986 -31.9040 -0.5053
-1.9235 -31.7651 -6.0474
5.8875 -31.7941 0.0098
5.1852 -31.6365 0.0305
-3.9760 -31.9908 -0.8594
-0.4489 -31.4231 -5.7127
6.7296 -31.9188 -0.1456
-4.0101 -32.0718 -0.1575
6.4154 -31.9407 0.7775
12.6466 -16.4892 -6.7964
12.1237 -22.1436 -7.2742
10.8501 -20.9218 -7.4895
5.5881 -31.5293 0.5158
-4.6584 -32.0257 -0.6649
3.4665 -15.9635 -6.9135
1.2487 -16.1770 -7.1383
4.4795 -31.7068 0.9268
13.5289 -17.6138 -6.6384
13.6442 -20.8384 -6.7335
4.0408 -31.8905 1.1145
0.5927 -31.2266 -4.9702
4.8926 -31.3686 0.7028
-1.9897 -31.7333 0.6092
3.3648 -14.3003 -6.9349
-2.4904 -31.8388 0.2277
7.3356 -32.0022 1.6156
7.8761 -31.9011 1.2343
6.3097 -32.0322 1.6555
5.7618 -31.8965 1.9655
5.7622 -31.5775 1.0850
7.1015 -31.7242 0.0312
-3.5908 -31.9364 0.4948
-4.2480 -31.8200 0.3510
-2.9683 -31.9506 0.9648
-1.2686 -28.6300 -7.8171
5.3000 -31.6446 2.0125
5.0539 -31.3903 1.3197
4.8433 -31.8379 2.6273
4.9341 -13.3285 -6.7367
10.6247 -31.1120 -7.9818
9.7032 -31.2327 -8.1828
3.4194 -31.8340 1.3408
17.1395 -31.3299 -1.9923
10.1616 -31.4648 -7.8865
-0.3647 -25.1814 -7.7006
17.5240 -30.7888 -2.4185
9.5661 -30.9114 -8.1447
8.8984 -31.5073 -8.1963
8.9222 -31.4589 -8.3287
8.1552 -31.4713 -8.3600
3.8096 -31.8914 0.7431
16.3831 -31.3707 -2.1664
17.4885 -31.0470 -1.5003
13.8332 -31.2322 -5.3237
17.5549 -30.0937 -1.9057
12.3719 -31.7044 -4.8793
13.3438 -31.6229 -5.0427
8.1127 -31.1593 -8.5075
8.7843 -31.1119 -8.4089
17.2051 -31.2993 -0.9535
16.6420 -31.3455 -0.6548
16.4005 -31.1628 -1.3896
8.1703 -30.7966 -8.3903
11.7821 -31.5555 -5.3698
17.4368 -29.3729 -2.8227
17.2731 -28.3114 -3.3618
3.6588 -31.3783 -5.7347
11.0882 -31.6772 -5.8257
10.8632 -31.6462 -6.4603
9.5947 -30.7296 -8.2187
2.2605 -31.9617 2.0740
1.6877 -31.9102 1.2515
10.2909 -31.8127 -6.0921
9.8474 -31.4220 -6.4532
10.6287 -31.8094 -5.6328
9.7840 -31.7362 -5.7113
9.0727 -31.7393 -5.9431
3.2254 -32.0946 2.9983
17.2968 -30.9365 -0.5900
17.5711 -29.4272 -1.4353
10.2496 -31.4807 -4.9703
3.6685 -32.0122 2.1020
9.9839 -31.3135 -7.3521
4.2751 -31.7662 2.2171
10.7232 -30.6720 -7.9905
17.3688 -28.9175 -0.5806
10.3990 -29.6464 -7.9998
4.0782 -31.8074 3.0553
11.4350 -31.8256 -4.5511
3.6086 -32.0036 3.0812
12.1440 -31.7289 -4.0911
8.6216 -31.1275 -7.0182
3.0643 -31.7790 3.8725
10.9298 -31.6790 -4.7795
2.4891 -31.7786 2.6825
9.5130 -31.1676 -6.7676
11.2082 -31.7532 -3.7997
10.8813 -31.4944 -2.7943
8.8717 -27.6347 -8.1120
14.1542 -31.2589 -4.5759
-0.5156 -31.8828 3.5533
-1.0116 -32.0656 3.2881
-0.7937 -32.0856 2.8724
14.9043 -31.2666 -4.1406
-0.6936 -32.0600 4.5246
-1.4608 -31.8990 3.4317
13.6275 -31.4885 -4.6191
-1.8595 -31.8600 4.0520
-2.2280 -31.9970 3.2610
12.7144 -31.7754 -4.4157
-1.0732 -31.9629 4.7300
12.7708 -31.5176 -3.9222
13.0290 -31.3770 -3.6555
-0.0904 -31.5472 3.5831
-0.0980 -31.6668 4.4920
0.3990 -31.5879 4.3160
1.1166 -31.4158 4.0229
14.9025 -31.5298 -2.8505
14.0417 -31.3684 -3.5670
-0.2796 -31.8972 4.8200
14.9997 -31.3916 -6.5646
14.9776 -31.0681 -6.5970
15.3512 -31.1993 -6.3639
1.0973 -31.3421 4.7930
-0.3973 -32.0520 5.8185
-1.3568 -32.1293 6.0972
-2.0130 -32.1181 4.9590
14.4288 -31.8012 -2.4734
13.3679 -31.6328 -3.0338
-1.6632 -31.9741 4.6151
13.2192 -31.8235 -2.4874
12.1633 -31.8230 -1.7385
11.5657 -31.7899 -1.5201
12.3638 -31.9159 -2.1609
11.9929 -31.7940 -1.1588
12.3759 -31.5823 -1.4569
0.7635 -31.8448 0.4592
11.7318 -31.7718 -3.3300
11.7063 -28.5614 -7.6563
12.0081 -31.5676 -3.2190
-0.9979 -31.9733 0.3911
15.5607 -23.9616 -5.6401
14.6333 -20.6399 -6.1930
15.5710 -17.5372 -5.4203
16.2314 -20.6599 -4.8936
-0.0847 -31.5988 0.7838
-0.7530 -31.9193 0.9848
11.4916 -31.8053 -2.5578
12.3648 -27.7230 -7.4022
1.2986 -31.5813 1.5597
5.2065 -24.4991 -8.0821
0.4913 -31.6614 0.8080
0.5111 -31.4659 1.4057
12.2336 -31.7101 -2.6554
-0.6303 -31.8993 1.9726
-0.4217 -31.6172 1.2196
-0.2793 -31.6042 2.4470
2.1338 -23.0918 -7.8158
1.1513 -31.4836 3.1158
13.7140 -31.7226 -2.1271
-1.0878 -32.0370 1.3731
7.2715 -31.3584 -8.0202
7.0423 -31.4710 -8.5545
-1.9003 -31.7879 2.1124
-1.4239 -31.9264 1.7381
14.6146 -15.4809 -6.0196
7.5326 -31.1341 -8.6013
6.8879 -31.2222 -8.6528
15.9078 -29.7545 -5.5288
8.9187 -31.7337 -5.2862
7.0161 -30.6111 -8.4257
9.3415 -31.5484 -5.1991
14.8381 -28.6415 -6.3437
5.8765 -31.5551 -8.6314
8.8375 -31.7527 -4.2504
8.4324 -31.8149 -5.3160
5.2866 -31.6567 -8.3011
9.6112 -31.2774 -4.7289
11.0429 -27.5232 -7.7853
6.1031 -31.2686 -8.5939
-3.7758 -31.8813 1.2617
9.3573 -31.5382 -4.0746
-2.8698 -32.0958 2.4886
-2.5260 -31.8770 2.1320
-2.4714 -31.6777 1.1044
6.2851 -30.8958 -8.4714
8.2225 -31.6413 -4.7226
7.5979 -31.8014 -5.3626
8.2827 -31.4211 -3.8961
6.2291 -30.1478 -8.2761
7.8396 -31.3209 -4.2371
7.5177 -31.5772 -4.8684
9.0766 -31.6903 -3.4391
4.8901 -31.4236 -8.5932
9.2261 -31.7885 -2.9583
9.8805 -31.4398 -3.1713
4.3509 -30.8491 -8.4851
3.9170 -31.3216 -8.5458
9.8583 -31.2477 -4.2291
3.5685 -31.5999 -8.6079
10.3997 -31.3851 -3.2280
2.0898 -31.3947 -8.5540
8.6956 -31.6586 -2.9805
8.0065 -31.5620 -3.2299
11.2697 -25.2343 -7.5563
10.1353 -25.0802 -7.8174
12.4266 -25.8230 -7.3432
8.2385 -31.5931 -2.3010
5.8703 -31.4270 -7.8090
5.2687 -31.7004 -7.5845
16.6172 -27.7665 -4.6614
1.5796 -31.4622 2.3610
7.2169 -31.8082 -2.0356
6.3379 -31.8722 -2.1614
6.3422 -31.8438 -3.3273
6.6747 -31.7247 -4.2861
7.0251 -31.6084 -3.6647
6.0942 -31.4633 -6.9493
5.5731 -31.7334 -7.0328
5.3938 -31.7387 -6.5317
6.8327 -31.7833 -4.7908
5.5999 -30.8430 -8.4110
5.9312 -31.6677 -4.6503
13.9731 -14.7878 -6.2899
5.8898 -29.6748 -8.3467
5.1268 -31.8640 -4.4736
4.9565 -31.9099 -3.9718
13.6063 -13.6534 -6.3184
2.3961 -31.4877 3.0697
17.3667 -28.4340 -2.6638
16.9333 -24.6792 -4.0147
1.9737 -31.3913 3.2529
2.5621 -31.5239 4.2620
4.6370 -31.7079 -6.6659
13.6078 -26.7994 -6.9965
7.7901 -31.7305 -1.9332
13.8070 -25.7039 -6.7866
11.0465 -16.3083 -6.8476
10.4955 -19.4025 -7.3807
9.0318 -31.9503 -1.2091
8.7434 -31.8242 -2.0849
9.4138 -31.8836 -1.5309
17.5350 -27.9798 -2.1496
9.0058 -31.7456 -0.4026
8.3285 -31.8398 -1.0210
9.6888 -31.6524 -1.9331
10.1614 -31.6260 -0.5574
17.5094 -25.3511 -1.9410
6.8932 -31.2834 -7.0639
17.2943 -23.7056 -3.0430
9.9249 -31.9230 0.5195
9.3599 -31.8481 0.8897
7.7583 -29.1177 -8.2553
10.4363 -31.3826 -1.9127
7.9075 -31.6094 -5.9329
7.0552 -31.4726 -6.3446
6.8019 -31.7804 -5.7301
8.3029 -31.2526 -6.3718
10.9784 -31.4145 -0.5962
6.1701 -31.6803 -6.4529
9.3319 -15.0094 -6.2308
6.1825 -31.6658 -5.8463
5.4596 -31.5153 -5.9683
4.9220 -31.6319 -5.5970
4.2123 -31.7044 -5.6840
5.8214 -31.5230 -5.1937
7.0325 -31.8309 -0.7494
7.6116 -31.5833 -0.6378
6.4222 -31.6543 -5.1046
8.3062 -31.6416 -0.2753
6.6076 -26.9746 -8.2033
8.0461 -31.5479 -0.0070
9.0093 -31.6360 0.3656
7.7003 -31.6322 0.4001
-3.3738 -31.7913 -5.5239
-2.8552 -31.5624 -6.0813
14.7792 -31.5130 -0.3627
14.8929 -31.3795 -1.3530
15.7546 -31.2976 -0.4813
14.3493 -31.6481 -0.6382
14.7054 -31.6369 0.2468
-4.7753 -31.7194 -5.1604
-5.2153 -31.4812 -5.9197
14.9218 -31.4967 -2.0953
16.0833 -31.2733 -1.9423
-6.0955 -31.8103 -5.2788
-6.0076 -31.5617 -5.6525
13.4143 -31.4444 -1.6476
-6.2074 -31.9004 -4.7440
-1.2291 -31.4969 -5.5847
13.5875 -31.5143 -1.0473
12.7759 -31.7467 -0.7416
12.7453 -31.5037 -1.1523
11.5286 -31.6391 -0.5769
11.9606 -31.8817 -0.3689
13.6087 -31.8931 -0.1728
12.7921 -31.8705 0.1472
12.2102 -31.9407 0.6569
3.7082 -31.7928 -4.6546
2.3874 -31.9096 -3.5283
2.2619 -31.7784 -4.3148
2.8022 -31.8045 -4.1584
13.9176 -31.6454 0.5242
11.2587 -12.5094 -6.0501
1.9610 -31.4537 -4.3609
-0.9620 -19.9105 -7.2526
12.7528 -31.7601 0.6904
12.6880 -31.9391 1.4515
14.4897 -31.5984 0.8916
16.7797 -31.5026 0.0596
17.1934 -30.6413 -0.0199
-2.0928 -18.9508 -6.9795
16.8070 -31.3698 0.4231
1.3657 -14.3726 -7.0918
4.1493 -10.9568 -6.8151
15.9395 -31.5547 0.6549
15.9572 -31.7419 1.0520
14.6947 -31.8049 1.4434
1.7419 -31.6639 -3.3711
1.4872 -31.3243 -4.1359
1.1191 -31.3958 -3.9168
16.8289 -30.2058 0.6666
0.6433 -31.2837 -3.6252
-0.7262 -17.4364 -7.1142
16.5056 -31.2886 0.9886
16.1576 -31.7155 1.3088
15.2403 -31.8699 2.0789
7.9957 -23.4452 -7.9560
15.6272 -31.4898 2.0181
1.7820 -31.8857 -2.7068
16.2594 -30.0719 1.3832
15.6260 -29.4976 2.0957
-0.0841 -16.3871 -7.0794
17.2614 -27.0771 -0.3752
-1.8946 -31.7607 -5.6963
-2.5658 -31.5735 -5.1736
-1.6785 -31.2318 -5.1599
16.9809 -26.3713 0.3954
-2.0658 -31.2636 -4.2193
-3.9994 -18.4559 -6.3658
-3.0101 -17.9685 -6.6228
14.4103 -31.9460 2.1783
12.8838 -31.9925 2.0446
13.7281 -31.7980 2.4778
-4.9483 -18.6775 -6.2034
1.5538 -31.6281 -8.5649
13.9004 -31.9078 3.0314
14.8347 -31.7267 2.7640
1.9422 -31.1832 -8.5928
-2.6252 -15.1347 -6.6281
14.8501 -29.7240 2.7560
-4.5660 -16.1568 -6.1606
6.3481 -22.4968 -7.8902
13.7233 -31.5057 3.5484
-0.1096 -31.5693 -8.0756
-0.1786 -31.5426 -8.3729
-0.5977 -31.5703 -8.0214
1.0406 -31.1793 -8.5335
0.2012 -31.2995 -8.5160
12.8196 -31.5089 2.9990
13.6933 -31.8368 3.4663
-1.7264 -13.4509 -6.6423
8.4089 -32.0067 3.0577
7.7873 -31.8766 2.9420
8.3557 -32.0492 2.4058
8.1337 -31.8374 3.7877
-1.3474 -31.1884 -8.2706
-0.6914 -31.1636 -8.3983
12.1825 -31.8741 3.9165
-1.8162 -31.5192 -8.2165
12.7429 -31.8962 4.1089
-1.9455 -31.5524 -7.8661
11.6171 -31.9748 4.5399
12.0892 -31.5303 4.5486
-1.2122 -31.0028 -8.1977
-2.8114 -30.8241 -7.8045
10.1343 -31.8404 5.3664
9.6445 -30.3483 5.6055
-0.1504 -31.0120 -8.3863
-0.2386 -30.6732 -8.1313
8.6030 -31.4977 4.1252
7.9488 -31.9311 5.0675
9.4485 -31.5741 4.3591
9.1730 -31.9954 5.0098
10.1124 -32.0003 5.0934
-3.8878 -31.4771 -6.5256
-1.9690 -30.4386 -7.8381
0.5350 -11.7671 -6.8252
8.9396 -32.0235 5.7666
-4.3550 -31.5266 -7.7879
-4.5774 -31.2731 -7.6844
-4.0706 -31.2725 -7.7874
-5.1679 -31.4733 -7.5113
-5.4580 -31.4325 -7.3953
-5.4068 -31.2262 -7.3808
-5.5814 -31.4602 -7.2144
-7.1652 -31.6632 -6.7569
-7.9316 -31.5947 -6.7541
-6.0618 -31.4482 -7.0759
-6.0895 -31.5069 -6.7183
-6.5564 -31.3682 -7.0496
-5.8633 -31.2735 -7.2397
-6.0268 -31.0526 -7.0562
11.0519 -31.6215 0.3976
-7.7807 -31.2960 -6.7335
-7.9676 -30.9828 -6.4191
-3.1188 -31.4564 -7.9679
-3.7111 -31.5132 -7.7663
11.7660 -31.8630 0.9813
-2.9882 -31.4136 -7.4403
17.4831 -26.1621 -1.5542
-2.6824 -31.0895 -8.0500
-3.3327 -31.2573 -8.0171
9.2660 -32.0014 2.0302
2.7391 -8.7268 -6.7103
10.9395 -31.9037 1.1928
-3.9889 -30.9670 -7.6800
10.4071 -32.0464 1.9827
-4.6035 -30.5872 -7.3148
8.8350 -31.7245 1.2207
-4.6093 -31.4154 -7.0717
-0.3410 -8.2229 -6.3572
7.3415 -31.8814 1.9644
7.7323 -31.7958 2.4955
-4.9861 -30.9974 -7.3720
12.1814 -31.5375 2.7746
-3.8557 -9.3165 -5.8250
6.9491 -15.1658 -6.4133
-7.0061 -31.5999 -6.1694
-6.1077 -29.9793 -6.8854
7.7151 -13.9081 -5.8417
7.3571 -12.8137 -5.9793
5.9906 -12.0259 -6.5066
9.2039 -12.2021 -5.4122
8.4337 -12.6888 -5.4452
10.0577 -10.0629 -5.1687
7.0121 -31.9372 3.3016
5.9366 -32.0715 2.9184
6.5938 -31.7927 2.7486
5.8510 -32.0438 3.7542
4.8492 -31.9142 3.0216
5.1304 -31.8429 3.3023
5.5751 -31.7712 3.9783
16.7612 -12.6068 -3.8775
7.3884 -32.0348 3.9658
6.7633 -32.1259 4.3607
6.8948 -32.1093 5.3098
5.8971 -31.7898 4.9440
4.8531 -31.6299 3.9216
4.4291 -31.8331 4.6280
3.9867 -32.0647 4.0675
5.8389 -9.2024 -6.4975
3.7037 -31.8847 4.5468
3.3696 -31.5168 5.1878
4.8876 -31.7002 4.9707
4.2813 -31.5245 5.6045
8.1310 -32.1430 5.6774
8.0883 -12.0964 -5.4607
8.0022 -31.8200 4.5139
7.6137 -32.0754 4.7508
7.5411 -32.1180 5.9753
6.5587 -31.8574 5.9992
6.0690 -31.8783 5.5529
8.0853 -10.0555 -5.5546
7.2604 -10.3296 -6.0653
7.8827 -31.8578 6.1817
6.8146 -8.2093 -6.1810
7.0949 -31.8987 6.2837
6.4472 -31.4302 6.3200
6.6095 -30.8596 6.5376
6.9934 -30.4105 6.4819
8.5959 -28.2011 6.0547
5.5981 -31.6749 5.9168
5.6707 -31.3841 6.2818
4.8287 -31.7466 6.3288
4.6397 -31.5918 5.9906
4.1135 -31.5938 6.3977
3.5834 -31.8014 6.6409
3.9156 -31.9888 6.8466
4.7136 -31.8234 6.6912
5.4113 -31.1884 6.4408
4.8887 -31.0504 6.8057
4.2426 -31.8417 7.0622
3.2166 -31.4508 5.9623
5.7806 -30.5012 6.6952
6.6508 -31.7724 2.0731
7.0203 -31.6279 2.2775
6.2695 -31.9514 2.3437
7.1887 -31.6208 2.7612
2.4450 -31.3497 5.0787
1.7707 -31.5273 5.7760
1.1100 -31.7626 6.2107
2.4966 -31.8604 6.6996
1.7256 -32.0700 7.2057
2.8048 -32.1356 7.0380
0.1795 -31.7973 5.9665
0.2902 -31.6493 5.3185
0.4606 -31.7448 6.5003
-0.6656 -31.7926 6.3999
-0.6934 -31.7067 6.9221
0.3990 -31.8601 6.9910
1.3219 -31.9272 7.3082
0.4728 -31.7610 7.3170
1.5179 -31.5217 7.4482
-0.2389 -30.4924 7.6955
-0.4061 -31.6257 7.3696
-1.1547 -31.6195 7.4118
-1.4923 -31.7935 7.1141
-0.2774 -31.2911 7.5645
3.1982 -31.9882 7.2652
2.5169 -32.0642 7.3137
3.4550 -31.6410 7.2841
2.4131 -30.7382 7.4526
2.0760 -31.8575 7.5234
1.3254 -28.8874 7.7297
5.0130 -5.7620 -6.4442
0.1359 -4.1961 -6.2178
-0.3966 -4.9271 -6.0711
-0.7561 -4.6124 -6.3337
-0.4025 -4.1940 -6.5799
8.3225 -8.2987 -5.4718
2.1475 -4.7961 -6.3133
0.4406 -4.3574 -6.1273
3.8054 -2.5537 -6.2540
0.7498 -3.0785 -6.4154
0.2131 -3.6939 -6.5687
0.2647 -2.7261 -6.6877
-0.4866 -3.2938 -6.7256
-0.7520 -2.4184 -6.6590
2.2661 -1.7845 -6.1042
1.0538 -3.2769 -6.1609
0.9296 -1.7622 -6.1650
0.7563 -2.4952 -6.5469
0.3609 -1.7756 -6.4295
-0.2395 -1.7313 -6.4081
1.0133 -2.2926 -6.2647
0.3407 -1.0294 -6.0920
-14.9937 -31.8589 5.8170
-15.3177 -32.0599 5.3920
-14.3026 -32.1482 5.9544
-7.4544 -31.8873 -5.3691
-8.7520 -31.7111 -6.0294
-15.4825 -29.3523 5.4562
-14.7861 -31.0232 6.1354
-12.0105 -30.8437 -4.5696
-10.6278 -28.6346 -5.1521
-10.1658 -30.7448 -5.4756
-16.4415 -23.2019 4.5305
-16.6371 -24.8659 3.7925
-16.2176 -25.2087 4.6110
-16.6714 -23.2069 3.7030
-8.6639 -31.8745 -5.0143
-9.3429 -31.6497 -5.0462
-15.8516 -24.3698 5.2372
-13.9403 -31.3993 6.6179
-9.4171 -31.6873 -6.0125
-9.2829 -31.6886 -6.1055
-15.8726 -21.6055 5.2433
-9.9808 -31.6698 -5.4721
-10.1321 -31.5950 -5.6388
-12.6789 -29.6086 -4.1148
-14.8099 -28.2828 6.0772
-15.1598 -21.6718 5.8151
-11.8988 -19.2309 -3.7926
-10.8997 -16.5890 -4.0954
-11.5590 -22.8537 -4.2114
-14.6672 -31.4039 1.6458
-15.3504 -31.3320 0.6221
-14.3196 -31.0659 0.4248
-10.7615 -31.7912 -5.1335
-11.1764 -31.7047 -5.1478
-11.3896 -31.8768 -4.3216
-10.5353 -31.6233 -4.5893
-13.7015 -31.1160 1.2669
-13.8955 -17.7689 -2.4229
-13.5222 -16.2143 -2.7832
-12.7373 -18.8335 -3.1493
-5.3846 -23.8820 8.1757
-4.8859 -28.0529 8.2656
-2.6021 -22.9745 8.1529
-12.0666 -13.6265 -3.4899
-14.5834 -31.4096 2.5002
-16.0865 -31.5811 1.3224
-16.1030 -31.4808 2.3408
-7.2040 -31.9052 -4.9484
-13.8960 -31.6015 3.0938
-13.4242 -31.2955 2.0085
-4.9921 -31.8887 8.2772
-4.7703 -30.8167 8.3442
-6.5763 -30.5737 8.3269
-16.1203 -19.6963 4.7259
-13.1894 -31.8889 3.7768
-13.2097 -31.7040 2.7654
-14.6169 -31.6242 3.2442
-14.6107 -7.6641 -1.7752
-13.1782 -11.4219 -2.8809
-14.3567 -13.1930 -2.1638
-14.3081 -31.7473 3.9952
-15.0535 -31.4714 3.3669
-6.5636 -28.2780 8.2598
-15.5016 -31.7016 3.6806
-16.6694 -31.7290 0.9208
-15.4305 -14.5106 -1.2621
-15.9593 -12.3166 -0.6088
-16.6951 -31.5292 2.5980
-16.9975 -31.4710 1.3293
-16.9908 -31.2446 2.4289
-8.4515 -30.1975 8.1730
-16.2021 -31.7924 3.4067
-8.8802 -25.4347 8.0155
-7.1027 -21.9415 8.0830
-8.7963 -21.4197 7.8867
-16.7597 -31.5585 3.2285
-15.4719 -17.9909 5.4820
-14.0139 -27.6567 -3.0352
-15.3939 -28.4523 -1.8990
-15.2827 -26.0518 -1.8346
-16.8254 -30.5798 3.0537
-17.0570 -30.8669 1.7995
-15.8686 -29.8181 -1.3989
-15.8810 -26.5707 -1.2421
-16.9118 -26.5655 2.6018
-11.4647 -6.9386 -3.5781
-10.0757 -11.8434 -4.2115
-16.4001 -29.5917 -0.5188
-16.2942 -31.6343 4.2627
-16.6016 -28.1562 3.7498
-16.1643 -30.0518 4.5660
-4.5135 -20.2000 8.1176
-7.7768 -26.1161 8.0997
-16.9293 -27.2988 1.6006
-16.8268 -30.3222 0.7511
-16.5861 -25.5567 0.1331
-16.1708 -25.5267 -0.7307
-16.8193 -25.5068 0.9387
-15.4907 -6.1054 -0.9263
-7.1053 -16.9937 7.9348
-14.7078 -24.8317 -2.3005
-16.6507 -19.5756 0.5953
-16.8311 -15.2746 1.0845
-16.4973 -18.2183 0.0710
-15.9931 -23.0608 -0.8023
-16.7158 -13.0138 0.5304
-16.0184 -27.0795 4.8379
-6.9247 -16.3395 -5.4156
-16.5272 -11.3708 0.2337
-16.8400 -15.1852 3.1629
-16.9741 -15.2636 1.9505
-16.7819 -17.0531 2.8200
-2.9728 -32.1194 3.2844
-2.6314 -32.1184 5.0101
-3.5197 -31.8525 3.7444
-5.3051 -13.1078 -5.7662
-16.9721 -13.0308 2.7917
-3.5753 -31.7874 4.8543
-4.3774 -31.7792 3.5135
-17.0676 -11.1165 2.5425
-4.0899 -31.9822 4.9590
-4.8396 -32.0424 3.8657
-16.5183 -13.8644 3.8473
-16.3820 -15.4132 4.2474
-6.7979 -31.8840 3.0972
-7.2155 -32.1727 4.0660
-7.0413 -32.0159 2.5417
-6.5055 -32.1039 4.3628
-16.6661 -12.4221 3.7968
-15.8459 -14.5842 4.9988
-6.3488 -31.7595 3.3493
-16.8957 -23.7007 1.8820
-17.0380 -11.3514 1.7509
-5.1291 -32.0800 3.1904
-5.4186 -31.9556 3.9226
-5.7303 -32.0076 4.6794
-5.8847 -31.7295 3.6453
-5.1339 -32.1835 4.9461
-16.4741 -18.2647 3.7535
-6.1540 -32.2335 5.5769
-7.4461 -32.2600 5.7919
-6.4033 -11.9601 -5.4172
-6.6378 -32.1835 5.9364
-7.8078 -14.4614 -5.1588
-12.3099 -27.3344 -4.2102
-11.0562 -24.5680 -4.6605
-6.9349 -11.5784 -5.5311
-8.2188 -31.7463 -4.3501
-16.6872 -21.3210 1.9977
-7.2156 -31.7096 -4.5296
-6.5756 -31.6220 -4.1259
-7.3070 -31.4471 -3.8048
-7.9866 -31.5687 -3.5781
-16.1940 -8.3862 -0.2049
-13.1675 -25.0669 -3.4673
-7.4203 -31.5828 -2.8277
-9.1474 -31.7974 -3.9788
-16.9258 -9.6637 1.2313
-9.5813 -31.4617 -4.2239
-13.4047 -22.6941 -3.0828
-14.3152 -23.5974 -2.4385
-15.3522 -21.8740 -1.3336
-8.7303 -31.8817 -3.9420
-13.4411 -20.8343 -2.6956
-10.7620 -31.6461 -3.7872
-9.8702 -31.4403 -3.7405
-10.1390 -31.7342 -2.9056
-8.1689 -31.8998 -2.6874
-15.3683 -30.4354 -2.0077
-8.9798 -31.9654 -2.0923
-8.8763 -31.8691 -2.6805
-3.0107 -31.8940 5.0742
-9.1081 -31.5840 -3.1314
-9.3501 -31.5193 -2.8349
-10.0652 -31.8884 -2.1353
-9.2300 -31.9908 -1.7021
-11.9405 -31.8518 -4.5207
-16.6828 -7.1384 0.6580
-2.4922 -32.2338 6.2991
-12.1090 -31.5487 -4.5825
-2.7871 -32.0550 5.7747
-2.0923 -31.8207 6.7537
-14.5913 -19.9119 -1.7250
-12.1263 -31.8064 -3.8773
-3.5645 -32.2568 6.3377
-3.2452 -32.0641 5.9967
-4.5304 -32.2132 5.6488
-3.3408 -32.0502 6.7598
-12.8096 -31.7226 -3.7949
-12.8868 -31.8491 -4.3427
-5.5564 -8.8312 -5.5018
-12.9043 -31.6959 -4.4274
-12.7573 -31.3859 -4.3340
-4.2467 -32.1841 6.6428
-13.3976 -31.6485 -4.0847
-7.5493 -12.1835 -5.4918
-6.4021 -9.5681 -5.7832
-13.7899 -31.7501 -3.2339
-7.5197 -10.1862 -5.5376
-13.0089 -31.1203 -4.0946
-13.6313 -31.8434 -3.8030
-5.9009 -8.8825 -5.6328
-5.7711 -32.1626 7.7591
-4.1339 -32.1959 7.7492
-4.9935 -32.1768 8.0855
-12.5567 -31.4122 -3.0356
-4.9626 -32.2180 6.0550
-6.3236 -31.8327 6.2364
-13.9775 -30.8202 -3.2812
-14.1798 -31.7434 -3.4756
-5.7828 -31.8584 6.3430
-5.1373 -32.0474 6.7197
-14.3662 -31.7455 -3.1940
-14.6679 -31.6480 -2.9756
-6.9779 -27.2721 -6.3959
-6.3959 -21.9023 -6.0790
-13.8301 -31.4254 -3.6652
-5.8306 -31.8064 6.7956
-9.0178 -18.3489 -4.8934
-14.4221 -31.4831 -3.2846
-14.2771 -31.2331 -3.3044
-6.6088 -31.5231 6.5888
-6.2123 -31.7248 7.1333
-15.8242 -19.5147 -0.7979
-9.4457 -17.5575 -4.8465
-9.3473 -15.2773 -4.6248
-8.4923 -14.0904 -5.1070
-4.4597 -31.9248 6.9913
-5.2882 -31.9618 7.3099
-3.8859 -31.9066 7.2170
-14.7496 -31.6916 -2.9793
-15.0682 -14.1528 5.7238
-15.8692 -11.3761 5.0882
-14.7073 -31.7232 -2.5169
-15.0338 -31.6986 -2.6266
-14.7760 -31.2056 -2.7372
-15.5095 -31.7922 -1.9295
-15.6185 -31.7367 -2.1442
-15.1267 -31.8030 -2.4175
-15.5623 -31.6420 -2.1851
-15.5518 -31.2132 -1.9627
-8.3670 -13.0916 -4.9593
-9.9999 -31.9176 -1.3469
-10.8783 -32.0607 -1.5393
-11.5753 -31.8531 -1.8662
-11.2285 -31.9702 -2.7473
-4.0456 -31.6022 1.6601
-4.0360 -31.8323 2.5975
-11.1919 -31.9432 -0.8106
-12.0781 -32.0281 -1.1648
-12.3680 -31.7198 -1.7772
-4.4581 -31.6768 2.2065
-4.5231 -31.5669 1.2552
-13.2227 -31.7334 -1.6274
-12.2295 -31.8394 -0.6692
-16.8965 -10.0826 3.7418
-11.7257 -31.8209 -2.8170
-4.8640 -31.8109 2.0590
-5.4374 -32.0385 2.2895
-5.1937 -31.9697 1.5165
-17.0649 -8.8788 3.1308
-16.5830 -8.1448 4.4452
-12.0027 -31.4887 -2.8781
-15.0326 -16.6455 -1.6364
-12.2165 -31.4214 -2.4089
-12.8986 -31.3388 -2.3098
-13.3446 -31.3227 -2.5468
-16.0565 -17.5223 -0.6081
-6.6979 -31.7390 2.1037
-5.9550 -31.7915 2.7440
-7.6573 -32.0002 4.9085
-8.2926 -31.7761 3.2456
-7.5713 -32.0019 3.9441
-8.1002 -32.0091 4.9561
-8.5358 -31.7919 3.5602
-7.9031 -11.8539 -5.3961
-14.3203 -11.6587 6.2447
-14.4107 -13.8141 6.1341
-12.9396 -31.8670 -0.7294
-13.3777 -31.8188 -1.2031
-8.6336 -32.0910 4.4575
-15.0063 -11.7561 5.8851
-13.7544 -31.4829 -0.8115
-7.9678 -20.9216 -5.4359
-9.2325 -25.6252 -5.4959
-13.0654 -31.5747 -0.1726
-8.1857 -12.2388 -4.9547
-8.2790 -11.7130 -5.0813
-13.4920 -31.1961 0.2964
-14.2832 -31.2949 -0.7718
-9.4740 -32.0111 5.2036
-10.1008 -31.8714 3.6392
-8.9794 -32.2314 5.2838
-14.9242 -31.5687 -1.6085
-10.3409 -31.8000 4.1134
-14.1782 -31.4328 -1.8201
-8.5673 -11.8632 -4.7285
-8.4437 -32.2622 6.0551
-9.0664 -11.3968 -4.6804
-13.4444 -13.4665 6.6082
-7.7073 -31.9207 6.3593
-8.3696 -32.1275 6.3546
-11.7758 -12.2719 7.0938
-12.8168 -10.2999 6.7825
-8.8405 -10.9509 -4.9618
-9.3640 -32.2834 6.4368
-7.8665 -31.7215 6.6244
-15.7415 -7.5908 5.3180
-15.2637 -31.4385 -0.4768
-9.2458 -32.0593 6.8820
-13.9868 -9.2899 6.3435
-10.0492 -32.2685 6.4969
-10.9651 -32.0863 4.8206
-10.2802 -31.9963 5.3755
-14.1191 -10.3518 6.4901
-11.1169 -32.2506 5.6859
-14.5334 -7.7651 6.0110
-9.8463 -32.0192 5.8322
-11.2232 -32.0860 6.5084
-11.8522 -32.0771 5.5824
-6.0662 -31.7607 -0.6950
-5.7563 -31.9280 -1.4320
-6.5834 -31.8205 -1.1015
-6.5747 -31.9569 -1.7008
-6.0914 -31.9579 -2.3059
-7.1979 -31.4783 -1.0097
-10.1892 -32.2924 7.1873
-16.0625 -8.5319 5.0459
-6.1114 -31.8152 -3.3083
-6.4153 -31.4904 -3.3748
-9.3866 -10.7491 -4.4856
-6.5858 -31.6538 -2.8881
-8.6598 -32.0231 7.1646
-5.5708 -31.8161 -2.7392
-9.3028 -32.3047 7.7147
-10.4506 -32.2662 7.4732
-6.7903 -31.7616 -2.6247
-11.6973 -32.2161 7.2614
-12.1037 -32.0068 6.6574
-11.2561 -31.9836 7.6562
-9.7006 -32.1121 7.9419
-10.8043 -31.5436 7.7892
-7.1725 -31.7242 -1.9544
-6.7740 -8.5346 -5.5929
-8.1930 -10.0792 -5.1829
-8.1096 -9.6126 -4.9325
-6.7711 -32.0589 8.2234
-7.8342 -32.2116 7.8763
-8.4448 -32.0819 8.0736
-17.1681 -7.8803 2.3052
-7.4381 -31.6432 6.8746
-9.0267 -9.4912 -4.5051
-7.0378 -31.9449 7.3845
-7.5791 -8.8125 -4.9488
-8.4227 -31.6600 -1.1988
-8.1754 -31.9519 -1.6429
-17.0831 -7.6634 1.6525
-7.2152 -31.3290 -0.5792
-9.4053 -6.2477 -4.2419
-8.0854 -31.4668 -0.3342
-7.8331 -31.7060 0.3130
-9.0445 -31.5238 -0.8963
-8.0242 -31.4291 -0.8911
-8.8535 -31.5119 -0.0505
-10.2474 -31.7723 -0.6851
-9.2847 -31.7497 0.3189
-10.5441 -21.9320 -4.6211
-8.7089 -31.8063 0.7090
-17.1515 -6.2684 3.1232
-7.9871 -31.1782 8.2573
-7.7651 -31.8546 -1.9216
-7.6449 -31.5248 -1.3137
-17.1165 -5.5928 1.7308
-16.8202 -4.6530 1.0845
-15.7512 -25.8083 5.3428
-12.1059 -21.8795 -3.8460
-5.3359 -32.0892 -0.0391
-5.7108 -31.9815 -0.2013
-4.8420 -31.9238 0.1742
-9.9125 -30.4573 8.0257
-5.1542 -31.9026 0.6702
-6.2999 -32.0991 0.9147
-6.4262 -31.7433 0.0452
-5.6456 -32.1054 0.8433
-15.2449 -25.9391 5.6922
-7.1943 -31.9913 0.6039
-14.2897 -25.2813 6.4516
-16.9878 -5.9293 3.8297
-6.2620 -31.9143 1.7322
-6.9965 -32.0440 1.3690
-8.5092 -32.1258 1.1428
-10.3692 -28.9798 7.8639
-16.6414 -5.2095 4.5383
-7.4049 -32.1071 1.8256
-8.0668 -31.9723 2.1752
-8.5201 -32.1044 1.4794
-13.8819 -21.7774 6.6035
-17.2150 -3.8110 3.2824
-3.7351 -32.1683 8.0700
-3.0443 -32.0829 7.5187
-3.4956 -31.9289 8.1446
-2.8582 -32.0557 7.9387
-16.0195 -4.0306 5.1411
-2.2184 -32.0044 7.4875
-2.1027 -31.6803 7.7571
-16.8779 -2.9602 4.2177
-9.0771 -32.0387 2.9249
-3.0130 -31.2751 8.1569
-9.7043 -32.0283 2.8703
-1.8887 -31.0476 7.8475
-11.1302 -31.8493 3.2790
-11.7589 -32.1593 3.0869
-11.3532 -32.0646 2.6941
-11.9610 -32.2002 3.9997
-12.5628 -31.8689 2.5797
-12.4556 -32.1880 4.6758
-12.8830 -32.1432 4.2414
-2.0493 -29.0606 8.0937
-12.6486 -31.7464 5.7205
-13.5485 -31.9117 5.7965
-13.2567 -32.0905 6.8683
-12.6900 -32.1737 6.7463
-12.3329 -32.1135 7.2445
-12.6187 -31.8529 7.2448
-12.8010 -31.8382 5.2032
-14.1006 -31.9989 6.4146
-12.2132 -29.5276 7.4349
-13.4556 -28.3113 6.9218
-11.7971 -31.8236 -0.1599
-10.9081 -32.0240 -0.0740
-11.9624 -31.7194 0.4287
-9.9946 -32.0368 0.7940
-11.5199 -32.0284 1.2662
-10.4248 -32.1379 1.7270
-10.8583 -31.9374 2.1650
-10.4727 -31.8278 2.4179
-12.1922 -31.5842 1.1362
-12.7652 -31.3051 0.7050
-12.9632 -31.4348 1.3038
-12.1269 -31.8780 2.2119
-11.6066 -32.1419 2.0087
-9.2924 -32.0860 1.8880
-8.7610 -31.8687 2.0831
-11.7901 -25.9951 7.4743
-15.9313 -31.6970 -1.7934
-15.9805 -31.7515 -1.5397
-16.1302 -31.6931 -1.4523
-16.3721 -31.7307 -0.6111
-16.3743 -31.7010 -0.9780
-15.8259 -31.7545 -1.0839
-16.0758 -31.6463 -0.1381
-16.6132 -31.4927 -0.6005
-16.7118 -31.7358 -0.3415
-16.4928 -31.7207 0.1835
-16.8901 -31.6733 0.2720
-16.8038 -31.6846 -0.0079
-16.7466 -31.1266 0.1548
-10.4283 -20.9485 7.6230
-16.1250 -31.3493 -1.3059
-12.8178 -23.5904 7.0895
-16.2572 -30.7624 -0.8613
-15.3498 -32.0872 4.9680
-16.0272 -31.9868 4.4929
-13.5758 -31.8794 4.6044
-14.0888 -31.7046 4.8032
-14.8858 -31.8160 4.7694
-8.4687 -31.4683 -6.4984
-9.1996 -31.3784 -6.1455
-15.8236 -31.7142 4.9832
-8.4792 -30.0784 -6.1497
-9.6627 -31.2369 -5.8644
-12.1400 -17.9585 7.1407
-2.0040 -25.5170 8.1228
-13.3664 -17.8729 6.7359
1.0599 -24.2735 7.8299
-14.4057 -17.3327 6.2278
-10.0728 -15.5548 7.4774
-17.1582 -1.2720 1.5193
-17.2976 -1.8243 2.4188
-17.2783 -0.7778 1.8102
-16.8596 -0.4718 1.1687
-9.0781 -1.5584 -4.0715
-10.8560 0.0837 -3.3747
-9.5995 1.5621 -3.6689
-17.2529 -0.7803 2.5617
-17.1708 -0.2202 2.1424
-5.4148 -4.1626 -5.1272
-5.4726 -4.8349 -5.5247
-6.4405 -6.6245 -5.1562
-12.0712 -3.7249 -3.1443
-5.9958 -8.0096 -5.7839
-17.3157 0.4273 2.4150
-6.7318 -5.0644 -4.9047
-5.4545 -7.3159 -5.5735
-5.5468 -6.5589 -5.8073
-5.7905 -6.0426 -5.7036
-15.4422 -2.4957 -0.8369
-15.3987 1.4303 -0.6847
-14.6876 -2.3893 -1.4357
-14.7198 2.2327 -1.0479
-12.4397 0.0504 -2.6594
-6.7204 -7.9438 -5.3527
-17.1759 -2.3802 3.3034
-17.2831 -0.8214 3.2552
-6.3560 -2.4826 -4.8537
-12.9156 4.1576 -2.0240
-13.6726 -6.1544 -2.3625
-13.5830 -3.4230 -2.2835
-5.0015 -1.5694 -5.4387
-4.7540 -1.8455 -5.2074
-5.5645 -1.5971 -5.5093
-5.9799 -2.0700 -5.0833
-5.2880 -0.9789 -5.6594
-6.2136 -1.8217 -5.2491
-6.4721 -1.1462 -5.3803
-5.8769 -0.7251 -5.6168
-5.1064 -0.6286 -5.5782
-6.9766 -1.8640 -4.7694
-14.0547 6.2712 -1.0638
-6.9525 -1.5600 -5.0717
-7.6010 -1.0882 -4.5751
-11.2711 5.5652 -2.6367
-7.2307 -0.8959 -5.0285
-5.1642 0.4767 -5.1949
-4.6238 -0.0611 -5.2761
-3.6766 -5.5016 -5.4661
-5.7410 -0.0684 -5.5599
-5.5359 0.6367 -5.2406
-6.8020 0.0603 -5.2143
-4.8825 -6.7681 -5.4054
-4.9844 -6.2964 -5.5701
-16.0992 0.8576 -0.0064
-16.6063 -1.7160 0.6522
-6.1475 0.6935 -5.1893
-16.1321 -3.4562 -0.1127
-4.5561 -5.1152 -5.7634
-4.9419 -4.8109 -5.9059
-6.8221 0.9351 -4.8515
-4.8078 1.1433 -5.0145
-4.2274 1.1723 -4.9216
-16.6481 1.8880 0.8765
-16.5838 0.9882 0.6342
-5.6936 1.7310 -4.7584
-3.9076 -4.7903 -5.4274
-6.0585 1.2532 -4.7989
-16.0307 2.9476 0.0446
-16.9208 0.4614 1.3769
-6.8887 1.4280 -4.4961
-5.5900 2.8988 -4.7263
-17.2751 1.2417 2.5117
-4.1257 -4.0987 -5.9381
-8.0950 -0.9922 -4.3640
-17.0643 1.3825 1.5423
-3.3951 -3.7048 -5.6071
-4.7265 -3.9681 -5.8084
-4.5733 -3.3861 -5.5363
-1.7774 -5.3522 -5.8633
-7.4746 -0.3242 -4.8457
-1.3810 -4.4581 -6.3858
-1.2687 -4.7698 -6.0374
-7.2111 0.4601 -4.8615
-7.5275 0.3990 -4.4791
-1.9537 -4.5492 -5.9207
-2.1798 -3.8669 -6.2322
-15.9416 5.9258 0.1736
-2.6882 -4.3791 -5.5842
-2.6148 -3.8374 -5.7065
-16.6235 3.0619 0.7757
-6.9264 4.3436 -4.1152
-17.0506 -3.6864 1.6155
-17.2063 -3.7880 2.5142
-16.9833 -2.1217 1.5150
-3.0719 -3.9409 -5.4185
-4.0121 -3.4243 -6.0006
-3.4490 -3.1851 -5.9201
-4.0670 -2.5743 -5.7691
-4.5943 -2.7827 -5.2226
-1.3189 -3.6215 -6.6235
-1.7385 -2.9947 -6.5221
-1.5822 -1.9720 -6.2849
-2.5598 -3.0725 -6.0181
-2.2077 -2.4148 -6.0056
-1.2265 -1.3676 -6.0453
-2.2618 -1.9697 -5.9687
-2.1591 -1.3901 -5.7706
-0.4273 -0.9524 -5.9927
-1.4546 -0.9497 -5.9902
-0.3214 -0.6222 -5.9714
-1.0052 -0.5908 -6.2513
-0.2805 -0.3061 -6.2057
-0.4797 0.1535 -6.4294
-1.0335 0.0690 -6.4203
-2.7028 -1.0132 -5.8776
-1.7309 -0.6151 -6.2677
-2.8182 -0.1139 -6.1674
-2.1565 1.2586 -6.1720
-0.9782 0.9863 -6.3031
-3.0293 -3.1528 -5.6778
-3.1225 -2.0955 -5.8461
-3.5276 -2.2283 -5.9331
-2.7935 -2.1287 -5.7110
-3.6498 -1.3993 -5.6807
-4.1557 -1.4911 -5.3763
-4.4704 -1.1749 -5.3454
-2.6403 -1.3338 -5.6837
-2.9938 -0.5851 -6.0266
-3.4916 -0.7755 -5.5319
-3.4498 -0.3685 -5.8177
-3.4359 0.1494 -6.0824
-3.0420 0.6423 -6.2096
-2.8628 1.8498 -6.0511
-3.5799 -0.2178 -5.4531
-3.8253 -0.3600 -5.1536
-3.7048 0.3059 -5.7991
-4.1776 -0.4396 -5.1338
-3.7120 0.2886 -5.2815
-3.9055 0.4961 -5.0664
-3.6183 0.9751 -5.8362
-3.6231 0.9747 -5.2170
-3.3981 1.5691 -5.9781
-3.5699 1.4644 -5.4501
15.7059 -18.7596 2.0242
15.7297 -13.6881 2.2473
14.5905 -21.4449 3.0329
9.3694 -9.3075 -4.9180
16.2628 -26.5633 1.3886
8.9521 -8.9710 -5.0003
16.2990 -16.1241 1.5761
14.8812 -14.0024 2.9905
17.0791 -18.7229 -0.0190
17.1636 -21.3220 -0.5203
17.3999 -17.9471 -1.0089
5.5317 -22.8295 6.9232
2.9038 -20.0809 7.5233
3.1031 -24.4022 7.4897
13.6138 -18.7082 3.7971
12.8207 -11.7674 4.2538
10.5687 -13.5662 5.3588
11.8854 -16.9863 4.7445
13.4500 -29.5106 3.7577
5.0901 -18.7538 6.9905
6.7834 -19.0226 6.5435
11.5945 -22.7273 4.8554
10.7444 -8.9750 5.2254
13.1650 -8.0252 4.0467
9.7749 -11.0757 5.8084
10.4442 -8.7311 5.5860
10.2104 -8.3476 5.8285
9.9499 -22.5511 5.5482
10.1420 -10.5831 5.5768
9.5635 -9.6806 5.7455
15.1436 -26.7331 2.5962
14.1869 -27.8453 3.4061
9.8034 -13.2841 5.6460
9.2480 -12.2571 5.7111
9.1762 -15.0475 5.6933
8.1594 -13.2434 5.9446
9.7673 -26.8632 5.6026
9.0143 -10.4459 5.6759
0.4807 -19.5356 7.9244
12.1927 -30.4442 4.4838
7.4601 -8.0282 6.1730
9.3014 -8.8959 5.4703
9.6037 -8.6357 5.6048
4.6208 -26.6725 7.1928
8.8749 -8.1937 5.5816
4.9570 -17.6729 6.9627
12.0231 -7.3240 4.7697
12.9932 -7.2976 4.2819
13.4577 -6.5880 4.3864
14.0625 -6.7538 3.5889
13.9763 -6.1758 3.8361
12.7516 -6.8021 4.8688
4.5591 -16.7589 7.1476
3.5381 -14.2915 7.3136
13.0701 -6.0418 4.8445
11.9352 -6.6913 5.1727
1.9208 -14.6796 7.6586
11.3610 -7.0742 4.9703
5.3036 -12.7614 6.8203
12.3840 -5.7819 5.2582
11.5600 -5.9427 5.3815
13.6843 -5.6826 4.4287
14.0635 -5.2993 3.8824
10.9455 -7.4514 5.1044
10.6411 -6.9334 5.6284
9.4318 -7.6858 5.4107
10.1037 -7.4534 5.8704
9.6867 -7.4065 5.6754
16.6739 -18.3900 0.7810
16.8371 -14.7353 0.7533
9.3598 -6.6631 5.5312
9.0010 -6.5493 5.5936
11.1985 -6.5670 5.2098
10.4772 -6.0251 5.6900
10.9581 -5.7004 5.3715
17.3996 -14.5231 -1.9882
17.4000 -11.9856 -1.0506
10.4986 -5.1238 5.5572
9.8280 -6.5246 5.9151
17.2179 -14.8766 -0.0887
10.2514 -6.2591 5.9601
15.5708 -12.1875 -5.2018
16.0645 -12.6844 -4.7700
9.2464 -5.7874 5.6988
12.8567 -25.3088 4.1905
14.1968 -26.4152 3.3480
9.6932 -5.6486 6.0812
9.7887 -5.3083 6.1385
3.2223 -8.5585 7.3567
11.5941 -5.2146 5.3688
11.3304 -4.3954 5.2156
10.5747 -3.9227 5.6047
9.9346 -4.9196 5.9929
13.6621 -4.7220 4.3365
13.2971 -4.9187 4.7072
12.4851 -4.9898 5.0911
16.6785 -12.1364 1.1016
13.7916 -4.5859 3.9830
13.7288 -4.3950 3.7273
16.9368 -9.7546 0.6276
12.3258 -29.7366 4.5104
17.2199 -9.6672 -0.0680
13.1364 -3.7998 4.2936
13.7257 -3.9668 3.6019
13.0816 -4.0012 4.6021
17.1059 -15.1124 -3.2786
17.3818 -20.5409 -2.6033
12.4851 -28.3951 4.4371
12.0262 -4.3630 5.1976
12.4365 -4.0912 4.8958
11.3429 -28.8208 5.0355
12.2105 -3.4560 4.7103
11.7574 -3.6998 4.8430
12.8957 -27.5046 4.2245
5.1421 -6.3082 6.9083
17.2651 -8.6213 -2.4902
11.7654 -26.5740 4.7886
11.7816 -27.6748 4.9790
11.0599 -3.6190 5.3951
11.2870 -3.5942 5.0531
12.0727 -3.1739 5.1141
11.4061 -3.1484 5.2764
9.9827 -3.6512 5.8061
17.0407 -6.6047 -3.0615
10.7018 -2.7734 5.6020
14.2354 -12.1797 -5.8754
13.1076 -12.5447 -6.1890
15.2675 -9.7797 -5.1810
17.4296 -7.7368 -1.7714
14.8996 -8.9012 -5.1214
17.3830 -5.9935 -1.4032
17.3476 -4.9989 -0.7567
17.1552 -4.0176 -0.0739
15.0327 -9.0089 2.9361
8.3887 -5.5128 5.8673
16.3599 -7.4226 -4.1268
6.7090 -5.5173 6.5009
7.0251 -5.0354 6.5528
9.1055 -5.3253 5.8047
8.1720 -5.1565 6.2191
9.0762 -5.1083 6.0864
9.1999 -4.5890 6.3322
8.6507 -4.9842 6.4364
7.6672 -4.7605 6.8216
13.6949 -10.5483 -5.6827
16.2261 -9.0435 1.7387
13.0629 -9.7373 -5.5166
16.6779 -4.3503 0.9434
10.9859 -9.6451 -5.2554
6.1419 -4.2815 6.8398
15.3482 -6.9255 2.5829
16.0358 -4.0081 1.7847
6.9455 -4.3290 6.9810
12.3968 -7.8628 -4.8699
7.0307 -3.6996 7.0819
6.3503 -3.1511 6.9657
4.3501 -4.4500 7.1029
5.4998 -2.7421 6.9853
9.4513 -4.0721 6.0930
8.5942 -4.1515 6.7446
9.0914 -3.8877 6.4776
9.6812 -3.1162 5.7247
9.4210 -2.7348 5.7310
9.2620 -3.0895 6.3201
8.6995 -3.2160 6.6671
9.1920 -2.4343 6.0414
8.8180 -2.5450 6.5363
7.9365 -3.7568 6.9699
8.1540 -2.4528 6.7842
7.2154 -2.6830 6.9525
6.9582 -1.9882 6.7392
14.4155 -5.3615 3.2695
14.5691 -3.3256 3.0345
7.3275 -25.1130 6.4596
8.2252 -21.2412 6.1022
10.3595 -17.3214 5.3475
17.4287 -24.6198 -0.7553
17.0028 -23.0252 0.1158
17.4256 -23.3280 -0.6021
5.9382 -15.1811 6.6165
17.4506 -22.0007 -1.3693
9.5109 13.7182 4.5094
8.7934 12.8214 4.4042
8.9361 12.6063 4.9681
9.1571 13.9707 4.4394
9.6889 13.6387 4.8899
9.9160 14.4739 4.0788
16.1177 8.3383 -3.3226
15.0864 8.2439 -4.0080
15.5205 10.3938 -4.0280
9.1089 14.9584 4.0299
10.6796 14.5738 3.7383
9.6315 15.1640 3.5439
10.9537 14.8312 2.9867
9.0191 14.6831 4.3204
10.4086 -6.9930 -4.4129
16.7803 17.6588 -0.8062
16.8835 16.2351 -1.6707
16.9354 18.5753 -1.3937
9.6037 -7.3487 -4.7559
6.7443 -1.7816 -5.9711
8.4040 0.0976 -5.2190
8.3790 -2.8502 -5.4519
8.2303 14.0925 4.5627
7.5075 13.4898 4.5788
8.5676 13.5142 4.4423
14.6320 -5.9723 -4.4326
16.3999 19.7459 -0.0503
16.1797 17.1675 -0.2461
14.2994 10.3510 -4.6028
9.2774 0.0889 -4.8156
8.0040 8.9394 -5.9523
7.3390 8.6560 -6.2747
6.7837 8.8129 -6.0160
8.4590 15.1128 3.8199
16.5782 9.1118 -2.8350
15.9575 11.3758 -3.6771
7.7910 8.9182 -5.5965
6.0114 8.6702 -5.5415
7.8150 14.7152 4.3609
8.0257 14.4863 4.5422
8.3895 15.3364 2.5798
8.3711 15.0460 2.8762
9.9287 15.0909 2.2834
5.9040 8.7755 -5.1833
5.0073 8.4110 -5.0509
5.4425 -0.1836 -6.0122
6.6206 0.7876 -5.6945
8.2978 9.2087 -5.4033
5.7510 9.1391 -5.0190
7.0981 14.8566 3.1233
7.2148 14.7491 3.4986
8.2656 15.0996 3.3735
8.3496 16.3295 2.5249
7.0323 15.5453 2.9418
7.0356 11.9611 -5.0398
9.3510 10.1089 -5.3471
16.8484 20.0256 -0.8993
10.6787 14.7350 2.3537
9.2810 15.1826 3.1082
10.0550 15.0481 2.8790
10.5852 15.5029 1.9723
14.8318 13.3223 -4.5087
7.6935 2.6710 -5.0438
5.7158 11.1662 -4.8869
16.8271 18.1838 -2.0534
16.7816 21.4502 -1.8356
9.8039 12.8003 -5.2333
11.2535 16.8462 1.9219
9.1210 18.3453 2.6042
16.7468 21.3319 -0.9508
16.4709 21.1429 -0.3468
15.9649 13.5353 -3.7296
11.0785 -6.6727 -4.3009
15.5431 14.2850 -4.0412
14.9726 19.3729 0.9126
15.2829 17.5464 0.4464
16.8534 5.1230 -0.2037
17.0837 5.1573 -0.4885
16.6124 6.4842 0.3894
17.1664 6.0055 -0.8813
4.1841 8.6376 -4.7340
4.0759 9.3615 -4.5832
16.0987 6.1814 0.9362
15.7141 6.0531 1.0257
16.4360 5.1941 0.1368
16.0798 21.3339 0.0648
10.9996 2.9968 5.9588
11.3571 3.8840 5.7151
10.7366 4.3099 6.0676
15.0781 21.0722 0.8097
9.7588 3.4302 6.3325
17.1086 6.0684 -1.9001
17.0494 7.8987 -1.2855
9.5497 4.4460 6.4371
17.0217 7.4027 -0.4487
11.9034 4.8784 5.3909
11.2299 4.4739 5.6668
11.2809 4.9321 5.3172
10.6732 5.0139 5.4233
10.6034 4.8287 5.7404
3.2803 9.4935 -4.5260
11.0071 5.5532 5.1440
16.3464 14.1398 -3.5365
11.5157 5.5338 5.2294
16.1310 4.9130 0.5298
10.4095 4.8559 6.0700
15.2036 16.5881 -4.2108
3.0635 10.5711 -4.3475
3.8472 11.6014 -4.5317
16.1352 15.6810 -3.4937
15.3039 5.6612 1.5367
12.9785 15.8866 1.2702
14.1766 17.3119 1.0842
12.3658 17.8793 1.8586
16.5412 13.9127 -3.1130
16.1922 7.9112 1.0771
16.3295 8.2282 0.3497
16.6927 15.1981 -2.7412
15.2975 7.0886 2.2035
15.6559 7.6846 1.8465
11.7593 -4.1995 -3.7299
10.8719 -4.9823 -3.8767
9.3693 5.0484 6.3800
9.5569 5.3900 5.9787
15.8494 17.7136 -3.6405
15.5023 9.2125 1.7962
12.7045 19.5328 2.0104
15.9842 -3.9957 -3.8102
16.9398 7.9125 -1.8962
16.8080 14.7604 -1.6371
16.7473 12.8478 -2.5519
16.5478 -3.4955 -3.4767
11.4706 6.5080 4.8567
11.1101 6.6877 4.9441
16.5841 16.6854 -2.9075
10.4820 5.6368 5.3358
4.2579 13.1477 -4.6681
10.0286 6.8095 5.5000
3.6758 0.5003 -6.0443
16.5169 8.8057 -0.7787
2.8798 -0.1497 -6.0810
16.8765 -4.5421 -3.2532
14.1254 20.5249 1.3918
16.7968 8.8719 -1.9565
16.7395 10.0804 -2.7023
16.7779 11.3567 -2.1632
16.6015 9.3727 -1.3659
16.5424 14.7768 -1.2111
16.6718 10.4771 -1.7197
7.5580 4.2480 6.6471
7.5786 2.9540 6.6390
7.9292 3.2330 6.6519
15.2285 22.1090 0.3918
6.1990 4.4013 6.9503
8.1125 3.3395 6.8051
8.7709 2.6180 6.7378
8.2348 3.9198 6.8001
15.8208 9.1870 0.4516
17.2412 -5.1553 -2.4482
16.4494 19.3961 -2.8370
8.6609 4.5676 6.6624
8.3373 4.7753 6.5255
1.5589 -1.0981 -6.0994
13.4604 22.4346 1.3007
16.7012 19.1795 -2.4559
12.6821 21.2359 1.9545
2.0835 -0.5970 -6.1995
1.9935 -0.3854 -6.5456
2.5131 0.0662 -6.5168
15.6193 10.1335 -0.1683
16.2996 10.7809 -1.0236
8.7992 5.4583 6.2130
15.4848 10.0401 0.2924
16.1015 19.8873 -3.1973
16.1595 21.8091 -2.8633
1.2881 -0.5752 -6.5232
1.0315 -0.2857 -6.6436
7.9748 5.6095 6.4884
2.1864 0.4709 -6.6578
15.5036 10.0777 0.8473
0.7074 0.1282 -6.6177
0.4012 2.0763 -6.4172
17.3000 -3.0934 -2.0002
16.3983 22.4234 -2.4242
6.5425 7.2591 6.6807
0.8043 -0.7113 -6.1845
0.2829 -0.3684 -6.4279
16.5467 22.3912 -1.2692
16.4510 22.7928 -2.0029
17.0845 -2.2645 -2.6980
13.6555 12.0359 -4.9397
12.7165 13.5715 -5.1886
13.9602 15.0120 -4.8949
2.8887 0.3567 -6.2345
16.0258 23.4828 -1.4208
12.8797 18.0161 -4.7742
12.7106 20.2783 -4.2215
14.2871 21.3357 -3.7751
2.9598 1.3010 -6.2880
15.6615 23.1630 -2.8290
15.7095 22.0636 -3.1569
15.1149 22.9665 -3.1074
1.5521 2.3548 -6.5213
3.3112 1.2605 -6.0185
16.0548 23.3187 -2.4692
13.8042 -4.4729 -3.9995
15.0809 24.2523 -2.4902
15.7742 24.0065 -1.9186
11.0625 19.9909 -4.2001
10.3757 21.7775 -3.6960
15.4883 24.1533 -2.2962
15.4676 19.6262 -3.7280
14.3785 17.9282 -4.4802
15.3127 20.8346 -3.5497
13.6396 22.4554 -3.4519
14.2264 24.0575 -2.6797
13.1487 16.2399 -5.0117
11.6531 15.5845 -5.1703
12.0830 24.3322 -2.5465
4.2343 2.4904 -5.8084
14.9715 -2.4593 -3.6228
11.3121 23.2662 -3.0571
5.2893 3.5335 -5.5757
12.7052 24.9154 -2.1328
14.0851 24.6613 -2.2651
10.5654 -5.0936 -4.0844
11.0900 -3.9125 -4.2113
11.2418 -4.0106 -3.8552
13.7728 -2.5868 -3.4016
9.0680 7.3133 5.9808
14.7018 24.8180 -1.8631
16.3840 12.2529 -3.3680
15.2512 24.3801 -1.1913
11.3722 -2.8741 -4.2587
9.5953 -3.4885 -5.0881
10.8437 -1.7570 -4.5561
14.0966 25.0922 -1.1718
9.6374 -1.6145 -4.9563
10.7866 -0.5295 -4.7198
13.6367 25.2563 -1.6917
7.9754 7.6776 6.3184
12.4922 -0.1875 -4.4895
13.0451 25.6831 -1.1685
10.2336 -0.2294 -4.7028
9.7684 0.0756 -4.5634
15.8591 22.5471 -0.2813
15.2756 11.2671 -0.1203
15.9484 12.6888 -0.8394
11.7344 -3.1491 -3.9328
15.4354 23.6261 -0.5914
16.5842 12.5439 -1.5371
11.8920 -3.3305 -3.5400
11.7865 5.9643 5.2545
11.9764 6.6015 4.9631
14.5362 23.6626 0.1620
11.8266 7.3278 4.8949
12.8401 -2.7033 -3.2870
14.1783 24.5085 -0.2356
11.4668 7.9053 4.7122
11.3098 0.4411 -4.6337
10.7874 0.7391 -4.4441
12.1475 -2.8602 -3.5002
13.5452 23.4265 0.8867
12.4354 -2.4394 -3.6631
11.7003 1.5273 -4.6653
12.2363 0.4606 -4.5724
12.9911 -2.1311 -3.2636
11.0717 1.8145 -4.3468
10.7468 1.5280 -4.1587
10.3607 0.7028 -4.2554
10.6081 8.8202 5.0181
10.4153 1.7844 -4.1064
11.2309 11.8091 -5.3361
16.1541 -1.2621 -3.3707
13.2054 25.0565 -0.2189
10.7409 16.8113 -4.9379
16.7017 -0.5683 -2.9243
8.8191 15.1656 -4.9027
8.6642 8.4761 6.1246
12.3078 -1.7992 -4.0873
8.8463 18.4616 -4.3721
9.1284 2.9364 -4.6648
7.0740 8.9520 6.2082
7.9861 8.8363 6.1265
12.6260 5.8490 -5.2759
12.6545 6.9296 -4.8973
13.1673 6.1916 -4.8619
12.2595 7.3766 -5.3189
13.5870 6.4626 -4.3704
13.0962 -1.7511 -3.6879
12.4749 7.8755 -4.9711
11.2725 2.6490 -4.6315
13.5135 7.3508 -4.5432
13.3618 -1.9506 3.9821
13.2389 -2.5391 3.9897
13.1775 9.0141 -4.8902
12.8773 -3.2450 4.1707
10.6864 2.5787 -4.0470
13.7031 -0.8153 -3.9180
12.6958 -3.0547 4.5050
9.7027 3.2882 -4.3959
13.0501 -2.6837 4.5106
11.6290 8.4551 -5.3939
10.5332 20.0206 2.6123
12.5176 -3.0425 4.9438
2.6300 2.3686 -6.6532
14.4295 -1.7990 3.2299
2.8180 1.9049 -6.4793
13.6510 -1.0859 3.8369
13.1476 -2.1225 4.7397
13.3797 -1.8775 4.3924
12.6544 -2.5368 4.9969
2.8964 2.6013 -6.4601
11.5663 21.1810 2.3835
13.0716 -1.1974 4.8967
12.3411 -0.9769 5.0632
13.4704 -1.1549 4.1786
7.0033 15.8629 -4.6972
11.8010 10.1522 -5.2677
10.8131 8.9696 -5.4542
13.3996 -0.8167 4.6080
12.4834 0.0345 5.1534
14.3320 -0.9697 3.4712
14.0476 -0.5823 3.9784
14.9271 -0.2437 3.0743
13.7170 0.6443 4.3014
14.4434 0.6688 3.7156
16.0698 0.0919 -3.1515
15.4737 -0.6002 -3.3912
14.7138 -1.3059 -3.4176
14.9401 0.8713 3.2767
15.1814 -0.2628 -3.5654
14.7141 0.4440 -3.9717
11.2743 -2.5553 5.6237
8.2543 20.0405 2.9769
10.1383 -2.3854 5.7296
11.9024 -2.2227 5.2548
15.7939 0.7821 -3.3595
15.6056 0.9989 -3.7127
4.0333 14.4192 -4.5376
5.9346 14.8357 -4.7793
11.7203 -1.0822 5.2154
11.1431 -1.0460 5.6012
15.3165 2.1975 -4.0177
11.6120 0.1367 5.4797
9.8669 21.4713 2.7879
13.7075 -1.5134 -3.4255
13.8559 -1.8329 -3.2747
10.7607 -1.5381 5.8960
10.4683 -1.8544 5.9809
4.1234 3.3956 -5.6793
4.2823 4.2967 -5.5541
2.9482 1.9999 -6.0344
7.0323 21.6796 3.2547
3.2539 2.2917 -5.8955
3.3246 2.8329 -6.1633
4.1724 15.7082 -4.4175
10.7784 -0.1019 5.8775
3.6960 3.1109 -5.8549
3.4174 3.3366 -6.5512
3.3752 4.1850 -6.5371
8.3703 22.6448 2.9411
10.4196 22.2841 2.5811
1.6946 4.2781 -6.3384
9.8239 -2.2424 5.5704
3.7858 3.6316 -6.3660
9.5157 -1.9481 5.5803
9.9148 -1.7945 5.8673
9.5571 -1.7861 5.8566
13.9245 0.9976 -4.4746
4.4868 16.7775 -4.2534
8.9712 -1.8981 6.1645
8.0710 -1.6463 6.5273
12.1931 22.6506 1.8036
6.7930 18.4316 -4.2399
4.0087 3.8434 -5.9337
10.0476 -1.3568 6.1781
3.9957 4.3446 -6.1127
9.3392 -1.6063 6.2991
8.6807 -1.3991 6.5834
4.0494 4.8417 -5.7487
9.2412 -0.2579 6.4196
10.5661 0.3177 6.0658
12.3296 2.8868 -5.0592
7.8733 -0.6571 6.8155
10.8441 23.4853 1.9765
3.7648 4.8075 -6.2496
3.2006 5.1941 -6.4372
14.2193 2.8605 -4.7057
3.4271 5.5352 -6.1931
11.5102 25.4441 -1.8122
10.4492 25.5533 -1.8145
13.4238 2.7931 -4.9637
3.9312 5.5108 -5.8570
3.5456 5.9631 -5.8932
2.8003 5.8349 -6.0253
2.5556 5.9909 -5.6986
12.2784 25.5408 -1.9069
11.8004 25.8567 -1.7254
1.8891 5.4724 -6.3361
2.1739 5.7890 -6.2612
6.9946 -0.4280 6.8168
1.6741 6.0178 -5.9054
8.9257 24.9384 -2.1918
5.8834 -0.6453 7.0630
10.4476 26.3157 -1.4359
12.4031 4.6064 -5.3957
12.7995 25.5462 -1.7006
12.2652 25.8301 -1.7082
12.3992 25.9316 -1.4098
12.4037 25.8305 -0.7643
15.2405 3.5486 -4.2204
7.4290 0.2594 6.8455
13.9754 4.7399 -4.8308
8.6114 0.1555 6.5363
11.4446 26.2149 -0.9739
10.3671 26.2684 -0.3154
11.6237 25.4494 0.1068
6.6888 4.2052 -5.1571
8.7934 4.1633 -4.7514
7.9284 4.7750 -5.2500
9.8380 4.8144 -5.3900
9.6796 4.1768 -4.8881
8.0084 1.1534 6.8325
7.4141 1.2385 6.7924
6.0509 1.2477 7.1113
10.6681 26.4798 -0.7724
5.7260 4.8440 -5.4077
8.8365 25.9186 0.8001
10.9959 24.7384 1.0562
13.0821 0.2774 4.8612
14.6225 6.7893 2.0434
15.0155 6.9584 2.0824
7.9013 5.1656 -5.3286
14.8337 1.4673 3.2987
15.2408 0.7017 2.6013
8.3320 5.9037 -5.1069
14.4716 5.2990 2.5574
6.5658 5.2209 -5.6658
7.2757 5.8623 -5.3431
8.3153 26.9370 -0.0542
12.4502 22.5167 -3.5165
14.4414 1.7787 3.8679
13.7675 6.3231 2.8944
14.0064 7.0119 2.6569
14.1667 7.3075 3.1520
12.6980 24.0757 0.8927
10.8298 4.0887 -5.1488
13.6610 7.1806 3.4532
6.5823 21.3256 -3.5321
5.5674 19.0027 -3.9415
11.1461 4.7181 -5.5996
15.2230 10.1241 1.5145
14.0242 2.3726 4.3064
14.8508 11.0816 0.5005
13.4757 2.3396 4.6111
13.2152 6.3626 3.4546
10.6627 3.1362 -4.3425
10.4309 3.7080 -4.7736
14.7398 7.5770 3.2197
10.1907 3.1947 -4.1758
10.0824 3.6555 -4.4095
15.4114 8.9729 2.4108
12.3065 1.4960 5.3073
14.7258 8.1894 3.4219
12.1563 2.5393 5.1401
13.9320 7.4751 4.0839
14.1683 7.8597 4.1478
11.6288 1.1443 5.7255
10.8983 6.3488 -6.0231
11.1637 1.8771 5.8528
11.7207 6.7169 -5.8118
14.8941 8.9013 3.0634
10.9652 7.5127 -6.0797
9.9846 5.6037 -5.5766
14.2213 8.4343 3.9350
10.0369 6.4373 -5.9572
14.4614 9.1037 3.2314
9.5540 6.3934 -5.5583
14.7320 2.0172 2.9265
8.9730 23.5126 2.5659
14.2182 2.4312 3.4969
9.7746 7.0373 -6.1810
8.2806 20.8867 -3.8562
8.7707 24.3657 2.1557
14.1632 2.5431 3.8468
15.0800 10.8356 1.2018
14.8708 11.0216 0.8851
14.9768 10.9565 1.6934
15.4076 2.7369 2.1309
14.0871 3.9241 3.2781
14.7042 10.5267 2.6344
14.0099 3.8658 3.5799
14.5488 9.8866 3.0076
13.9936 9.5142 3.0244
14.1249 3.2832 4.0924
9.0955 5.6502 -5.2602
14.3236 10.7377 3.0149
13.8616 3.9471 4.3644
13.1128 3.1687 4.5916
14.0053 4.1550 4.0415
14.3980 12.0369 1.8943
15.8321 15.1979 -0.5297
8.9018 6.5354 -5.0600
13.3809 6.9396 3.8709
8.7815 6.8467 -5.1150
9.0137 7.2031 -5.8426
14.6761 15.1117 0.2524
11.4497 26.2090 -1.4002
13.7119 9.1278 3.0474
13.7196 8.8330 3.4807
13.0792 9.2068 3.0129
12.4766 8.6400 4.0568
7.9452 6.5543 -4.9432
13.4110 8.4077 4.2901
9.3643 26.6462 -1.4168
8.2684 7.3374 -5.7780
7.8889 6.9043 -5.0665
7.3578 7.1474 -5.6566
12.7272 8.3040 4.6550
12.9099 7.7924 4.7654
12.2875 7.7891 4.9206
12.7961 7.2921 4.7139
12.0169 8.0472 4.7052
9.0270 23.5609 -2.7388
6.5429 23.6866 -2.7485
11.8444 8.5654 4.3755
9.7781 26.7865 -1.2414
8.4457 26.0662 -1.7024
8.5078 26.9091 -1.1740
11.6748 9.5812 4.0409
7.4074 26.1098 -1.5263
12.6921 9.5787 3.0169
13.3023 5.2166 3.5734
13.4673 4.8489 3.8099
8.6455 27.1299 -0.8078
13.6617 5.0749 4.2406
10.3193 26.6457 -1.0563
13.4832 7.8990 4.6853
13.4829 7.2843 4.5664
9.2584 26.8893 -0.6238
13.4953 9.6271 2.6154
13.0491 10.1045 2.5119
14.1619 5.7615 -4.5679
9.7039 7.9274 -6.2911
10.2607 8.4253 -6.1448
12.8035 4.3844 4.8102
13.5699 10.1640 2.8734
11.4540 8.0635 -5.8085
13.3110 10.8163 3.0268
12.1705 10.7365 2.8716
12.6073 10.8248 2.6579
11.5870 10.5670 3.5421
10.3008 8.8177 -5.8460
12.8408 11.3787 3.3055
12.1449 11.3148 2.9437
13.9733 10.5908 3.1543
8.5711 7.8258 -6.2041
13.9242 11.9273 2.7121
7.6020 -5.6446 -5.7392
13.3550 11.4488 3.3618
13.8322 11.6988 3.0221
8.3870 8.4346 -6.3030
9.1440 8.9260 -6.1380
12.5890 12.1610 3.8635
12.0590 11.6956 3.5512
7.4089 7.7861 -6.2369
8.7812 -7.0368 -5.0830
12.4438 12.7844 3.6785
12.3791 11.8898 3.8680
8.4874 -5.6555 -5.2826
9.5706 9.0982 -5.7989
9.6029 9.4252 -5.4433
14.9091 13.7584 -0.0935
14.3217 12.7671 0.3504
17.2785 -0.3818 -0.8721
14.4758 11.9596 0.6331
9.0602 -4.9750 -5.1793
14.5986 11.8719 1.3643
13.8142 12.8554 1.2136
14.0134 12.7361 1.5849
6.4651 -5.0098 -6.1948
13.6828 12.9819 0.8725
16.9398 -0.7944 0.3389
13.5626 14.1275 0.7366
5.9361 5.0752 -5.6314
5.4955 5.8492 -5.9000
6.3341 5.8477 -5.7277
4.4713 5.0244 -5.4932
4.7382 5.5440 -5.8120
4.8344 6.1555 -6.1136
5.9019 6.5546 -5.9011
16.3352 0.4591 1.2045
6.2136 6.8983 -6.1792
5.4460 7.2243 -6.4189
10.0656 -6.5069 -4.4328
9.8852 -5.4267 -4.7972
4.3024 6.6262 -6.1599
10.3115 -5.2839 -4.4446
6.8012 6.3909 -5.3514
6.8210 6.6894 -5.3553
12.7353 13.8025 1.4530
12.4180 14.4008 1.3501
13.1517 13.4938 2.3268
3.9448 6.8454 -5.9561
2.9899 6.1882 -5.3802
3.2855 6.5401 -5.3855
15.6015 -1.2747 2.2288
13.0878 13.6661 1.8414
3.7191 7.0164 -5.6210
12.7130 13.3809 3.2066
2.0064 6.0334 -5.2985
2.1838 6.2245 -4.9630
2.3761 6.6251 -5.0672
3.0513 6.8843 -5.3875
2.2366 7.1817 -5.2980
2.7435 7.3917 -5.5689
2.9466 7.7811 -5.5351
11.9051 14.3113 2.1513
12.0188 13.9863 3.4472
6.3405 7.3012 -6.4043
12.2586 14.2573 2.5617
4.7690 7.7348 -6.3041
6.5028 8.0300 -6.4276
17.0152 0.0970 -2.3772
5.6163 8.1673 -6.4016
17.2460 -0.2780 -1.9830
5.1309 8.2516 -6.1952
11.6725 14.4772 1.7367
4.6684 8.2170 -5.3080
5.3522 8.4901 -5.8512
5.8328 8.5737 -6.1565
4.3986 7.9780 -5.7075
3.8898 7.6819 -5.4735
2.2901 7.8638 -5.5276
17.2280 1.0712 -1.2944
3.8275 8.0540 -5.2022
2.8083 9.0216 -5.2594
17.0640 1.8186 -1.6465
16.3095 1.3915 -2.7151
16.2796 1.7944 -2.8630
16.1666 1.8349 -3.4429
3.7134 8.5235 -4.9895
16.2735 3.3584 -3.5310
10.1263 10.1595 5.0222
2.6990 9.9521 -4.9019
16.7186 2.9017 -2.6998
16.8471 1.7531 -2.1703
10.6356 10.6547 4.3756
11.6550 11.5292 3.1520
16.6804 2.4595 -2.2174
11.0311 11.2196 3.6090
10.9801 11.5265 3.6721
10.6226 11.1566 4.1210
16.5082 4.6811 -3.2459
16.9647 4.7917 -2.3004
11.0436 11.7133 4.3149
11.6314 11.9300 3.9830
11.5820 12.2200 4.6607
16.9968 1.9287 -0.2762
9.9830 10.3913 5.2280
10.4843 11.2784 4.4532
10.1784 10.6348 5.5251
10.5903 11.3835 5.1979
10.5301 11.3576 5.7850
9.3611 8.6532 5.8263
16.2158 3.2024 1.0309
9.6409 9.4600 5.7505
9.1324 9.0648 6.2723
16.9348 2.7824 -1.4179
8.3086 9.2754 6.3414
8.7593 9.3448 6.5844
7.7799 9.9301 5.9120
17.0984 3.8953 -1.6501
8.4246 10.2933 6.3394
7.9293 10.3987 6.1371
16.9293 3.4597 -1.1560
9.8412 9.8672 6.1534
9.3587 9.7021 6.5723
16.7538 4.2091 -0.4699
17.1369 4.2226 -1.0086
9.9193 10.2688 6.4267
9.4926 10.3400 6.5466
9.0063 10.4412 6.5354
16.6076 3.3438 0.1583
8.1442 11.0783 6.4766
8.8979 11.3998 6.4447
8.2635 12.2047 4.5543
7.9454 12.2862 4.3936
7.3641 11.9807 4.7963
7.9384 12.1775 5.0376
7.3443 12.4195 4.6088
8.0129 11.6026 6.5182
9.0444 12.0292 6.1831
8.0229 11.8713 6.2520
8.4699 12.1528 5.5535
11.5620 14.3851 3.3188
11.7356 12.6486 4.4633
10.7269 12.1687 5.7824
11.1891 12.4247 5.2478
11.3497 13.1354 4.4861
10.6926 13.2769 5.3050
10.1356 11.2551 6.2280
9.6297 11.2318 6.4186
10.3245 12.5545 5.8477
9.7787 12.2689 6.1161
9.5915 12.9451 5.5124
10.0623 13.2607 5.5325
15.6538 5.1297 -4.0557
16.4300 6.4300 -3.1391
11.4387 13.6010 4.3401
10.8934 13.9183 4.6011
10.2796 14.0222 4.6277
15.0072 6.1398 -3.8681
14.3255 6.6712 -4.0627
15.2193 5.8713 -4.1187
15.5762 7.4805 -3.6504
15.2829 6.4370 -3.5084
12.1030 3.3004 4.9814
11.7921 3.6085 5.2978
14.1360 7.7954 -4.4751
16.8197 6.2029 -2.5753
13.3307 5.3417 4.1841
13.0699 5.5823 3.9506
13.1872 6.2494 4.1968
16.1270 6.6257 -3.0872
15.9878 7.2127 -3.1476
16.6277 7.5379 -2.4782
13.5139 5.2807 4.6085
13.1402 5.3882 4.8335
13.0082 5.8285 4.6876
13.0313 6.4722 4.8247
12.3238 5.5796 5.1292
12.4576 6.2219 5.0875
12.6604 6.8072 4.8054
9.9342 1.8154 6.3223
8.8403 1.1599 6.6300
8.1624 1.8481 6.6257
8.3904 2.6704 6.8365
-2.6853 -6.8628 8.6364
-2.3281 -7.0950 8.6361
-2.0070 -5.1768 8.5656
-8.6345 -9.4261 7.7307
-9.8379 -8.9277 7.5096
-9.8197 -11.2448 7.4967
-0.5720 -6.4709 8.0678
0.1304 -6.2498 8.3205
-0.9293 -5.5571 8.3853
-1.5718 -6.0641 8.3042
-6.3441 -8.2264 7.9219
-4.9417 -5.1976 7.8377
-7.1629 -7.2124 7.7775
-0.0613 -5.6875 8.5031
-11.2732 -9.0454 7.1380
-7.4344 -6.4890 7.6950
-7.5914 -7.1183 8.0943
-9.3079 -7.7413 8.0384
-9.1773 -8.9774 7.9167
-7.7371 -6.5149 7.9151
-10.5108 -7.3986 7.5103
-7.8005 -6.0930 7.7088
-0.2648 -4.1419 8.4021
-1.3042 -4.6368 8.3964
-7.9694 -6.7090 8.2136
-8.2661 -6.3097 8.2389
-8.4877 -8.0574 8.2874
-6.8286 -4.7372 7.6279
-10.9288 -7.9554 7.1943
-2.7549 -5.9945 8.4513
-11.5919 -8.0625 7.2397
-7.8130 -5.4402 7.9529
-7.5607 -5.3116 7.6433
0.5156 -15.9575 7.8708
-2.2724 -4.2596 8.4855
-1.7038 -4.0980 8.5239
-7.8963 -4.7839 8.1839
-1.4192 -3.8871 8.1226
-1.0157 -3.7297 7.9341
-0.3772 -3.5164 8.0720
-0.7991 -2.9916 7.7141
-2.1830 -18.4908 8.2521
-0.9316 -15.6345 7.9887
-1.6656 -16.2969 8.1986
-1.7892 -3.2137 8.2590
-2.4089 -2.8673 8.3497
-1.4680 -3.0427 7.5586
-1.4835 -2.6726 7.7257
-1.7431 -2.8482 7.9136
-11.0402 -6.5707 7.5063
-3.2049 -6.1829 8.0335
-3.3731 -7.0864 8.0500
-3.1422 -7.1527 8.3855
-2.4969 -15.2716 8.3781
-2.8986 -17.8782 8.2066
-9.6922 -6.3804 7.8199
-2.9163 -4.8516 8.0584
-3.3829 -4.4626 7.9052
-4.3485 -6.8138 7.9070
1.2348 -10.8837 7.7941
0.1671 -8.2195 7.9521
-7.2893 -4.1113 7.7409
-6.5949 -3.2887 7.5300
-7.3363 -3.6936 8.1019
-10.5952 -5.3428 7.0499
-11.3937 -5.7129 6.9493
-10.7474 -5.7854 7.4582
-11.4243 -5.1085 6.7669
-7.0393 -2.5608 8.0124
-9.7421 -5.2841 7.7820
-1.6098 -14.5948 8.0872
-10.0132 -5.1063 7.3918
-7.6023 -2.5558 8.2978
-2.0242 -13.5985 8.3888
-9.8359 -4.4722 7.1283
-10.5911 -3.2652 6.9961
-8.9074 -6.4423 8.0890
-8.5585 -5.7958 8.0742
-8.9186 -5.9012 7.8105
-9.2938 -5.8799 7.8537
-8.8550 -5.1496 7.9581
-1.0353 -9.5433 8.4813
-0.8456 -10.2140 8.3369
0.3056 -10.2003 8.0368
-8.3421 -4.9734 8.1106
-3.6376 -2.9127 7.8099
-5.4354 -2.9809 7.6003
-4.8486 -2.5163 7.7062
-8.8611 -4.3997 8.0165
-2.7280 -3.2891 8.2155
-9.2697 -4.2918 7.5609
-8.0916 -4.1883 8.1399
-9.1524 -3.4978 7.3611
-12.8888 -9.4671 6.8701
-8.6087 -3.7426 7.9810
-1.1547 -8.3667 8.2870
-12.5707 -8.4192 7.0586
-3.3595 -2.4541 8.0386
-2.8547 -2.0605 8.1082
-3.4047 -2.1870 8.5039
-3.9468 -2.4710 8.2702
-4.3898 -2.3991 8.0625
-10.0565 -2.0556 7.2319
-4.5974 -2.1656 8.5052
-8.8261 -2.9761 7.7505
-4.0071 -2.2338 8.5935
-4.2733 -1.7959 8.6027
-8.2209 -3.1613 8.2322
-8.1904 -2.5014 8.3307
-9.0439 -2.0574 8.0192
2.8818 -4.8330 7.4093
2.0215 -6.7648 7.6480
-9.6507 -1.8466 7.5951
-8.5848 -1.8322 8.1777
-12.6787 -7.3280 6.7991
0.0704 -7.0750 7.9557
1.6090 -6.3277 7.8751
-13.0119 -6.6214 6.6879
-12.2371 -6.8165 7.1156
2.3673 -5.0943 7.7418
1.1262 -5.9688 8.2946
0.7822 -6.5469 8.1149
-5.8378 -2.4387 7.4456
-6.4121 -2.3686 7.5771
-5.8371 -2.0443 7.6437
-5.2174 -16.5046 8.0748
-5.3624 -1.9466 7.9927
-12.4762 -5.8278 6.7363
-8.1864 -12.4055 7.7314
-12.9747 -4.7722 6.4852
-6.5506 -1.7979 8.0435
-7.5764 -1.5712 8.2341
-5.1241 -2.0926 8.2169
-5.4781 -1.4763 8.4596
-5.0385 -0.2311 8.3964
-3.6280 -1.0256 8.5264
-3.9072 -11.0355 8.1870
-4.9734 -12.4030 8.0427
-3.4222 -12.3751 8.1907
-3.3611 -10.5907 8.1965
-2.7745 -11.3318 8.3650
-15.1017 -2.7091 5.7329
-4.0328 -10.4201 8.5022
-3.9051 -10.0170 8.4658
-3.3754 -9.6341 8.4345
-2.2336 -11.7146 8.5080
-1.6858 -12.2070 8.2386
-2.0476 -9.9301 8.5238
-1.4871 -11.1795 8.1133
-0.9846 -10.8246 8.0267
-16.5278 -2.7678 4.7715
-2.4797 -8.8893 8.6242
-2.8961 -8.8665 8.4662
-3.2616 -8.9942 8.3710
-3.1901 -8.2180 8.5828
-4.8004 -11.3646 8.0719
-4.7280 -10.9294 8.3655
-5.3632 -10.5289 8.4446
-4.7838 -9.6226 8.6529
-12.2921 -6.2122 7.0336
-5.6927 -9.7362 8.5387
-6.2049 -10.0615 8.1833
-6.0362 -8.8971 8.3549
-5.4494 -8.8925 8.5966
-5.4797 -8.1731 8.3003
-5.4050 -7.6685 7.9706
-4.1528 -9.1219 8.5794
-3.7160 -8.6959 8.5952
-14.0926 -1.9992 6.1644
-4.5940 -8.5287 8.5958
-12.9508 -1.4019 6.5268
-3.6073 -14.3878 8.2233
-4.5746 -8.0204 8.4000
-4.0743 -7.8858 8.2352
-4.2140 -7.5360 8.0139
-3.5413 -7.6581 8.1979
-3.5958 -7.9512 8.5032
-11.7881 -1.0267 6.7964
-6.5091 -9.0621 7.9830
-1.8972 -8.1443 8.6313
-1.5670 -6.9772 8.2065
-7.5452 -8.2131 8.0816
-8.0184 -7.9634 8.2970
-2.9496 -13.4340 8.4359
0.1510 -4.4744 8.5173
-6.4386 -10.5551 7.9084
0.7005 -3.6453 8.2809
0.1929 -2.9505 7.9364
-0.5257 -2.5584 7.8067
-7.2852 -9.0744 7.8019
0.2630 -2.5884 7.7205
0.1094 -2.2053 7.9083
0.6622 -1.9944 7.5716
0.6598 -1.6206 7.8918
-0.8751 -2.3116 8.2533
-1.1474 -2.4777 8.0056
-0.5050 -1.9585 8.3008
0.1932 -1.9634 8.2003
-7.7925 -9.0111 7.8378
-8.1352 -8.8560 8.0991
-1.9609 -2.2552 8.1656
-2.2674 -2.4105 8.0941
2.2676 -3.7282 7.6312
-1.9802 -1.7951 8.4128
2.4951 -2.6109 7.4735
-1.4078 -1.2789 8.2472
0.5112 -1.3890 8.2649
0.2734 -1.0454 8.3268
-0.7019 -0.7778 8.1921
3.8737 -1.9245 7.3559
-2.7198 -1.8211 8.2902
-3.2610 -1.8153 8.5849
-2.7286 -1.3167 8.5200
1.7324 -5.4775 8.1583
0.9764 -4.9930 8.4305
1.8857 -4.3225 8.1157
1.2366 -4.0757 8.3262
1.7001 -3.4568 7.9622
1.5535 -3.1057 7.6889
1.4914 -2.7661 7.5446
0.9248 -3.0136 8.0219
1.1525 -1.2198 7.5054
0.5314 -12.5566 7.8125
-1.1557 -12.0743 7.8921
-5.6947 -11.0439 8.0635
-0.2038 -11.2002 7.9034
5.6522 21.1385 4.1155
5.1928 21.3950 3.9711
5.0836 20.7356 4.6343
-10.9779 17.1275 5.3240
-11.4987 17.5315 5.3043
-11.7421 17.0937 5.1787
4.8769 21.3230 4.4652
-11.9009 17.4871 5.0719
5.3552 21.5387 3.4503
5.0461 21.9177 3.8579
-12.0477 17.8753 5.4593
-12.4816 17.6868 5.0112
5.4060 21.9113 3.3762
-10.7289 17.5242 5.4825
-11.1425 17.9891 5.4862
-10.3973 17.8394 5.1591
5.4008 22.6294 3.6610
-10.6951 18.6346 5.5098
-10.3131 18.4339 5.3320
6.4306 20.9878 3.9744
6.0639 20.8367 4.3326
-11.2818 18.4127 5.7232
-11.7819 18.2987 5.7086
-15.6598 16.2323 1.2144
-16.1104 13.6688 1.1198
-16.6123 17.2967 2.0841
6.3589 23.1834 3.2268
5.7751 22.7403 3.4417
-5.2728 26.2715 -0.0726
-3.3271 28.5517 0.4892
-2.3836 27.1598 -0.0036
5.8926 23.5951 3.6705
-11.0403 19.1414 5.7215
-11.8978 19.6218 5.7483
5.2257 22.4764 4.2589
-3.4526 12.2925 6.1285
-2.3189 8.4163 6.6287
-0.8671 11.2596 6.5219
-1.8774 13.1314 6.1947
4.4569 21.2535 5.1468
4.7200 22.0295 5.0462
-3.1480 13.3678 6.0279
-3.1668 13.8415 6.1569
5.1059 22.8783 4.6387
4.7474 22.5894 5.0276
-3.6246 1.5167 -4.9048
-4.6211 29.4348 1.1597
-2.3906 13.7156 6.2431
-3.6941 1.8668 -5.4479
-4.4638 1.9758 -4.9485
-2.4286 13.8733 6.7022
-3.0537 13.8778 6.4901
-4.0997 2.0658 -5.0978
5.1049 23.6036 3.8044
4.7812 23.6676 3.7393
4.6581 23.0367 4.3911
4.5409 23.8032 3.9897
4.3996 23.0726 4.4933
-3.3432 14.2184 6.8918
-1.6316 13.9508 6.6105
-1.7350 14.1416 6.9374
5.5551 23.5536 4.1282
-6.4328 26.7842 0.3824
-7.2597 28.1847 1.2570
5.2722 23.6316 4.1603
4.2714 21.4903 -2.9469
3.6985 22.3797 -2.4031
4.6651 23.7014 -2.2408
4.8547 23.0760 4.6647
1.6331 6.2977 7.6197
1.0364 5.8189 7.0752
1.4360 5.6558 6.7421
1.3095 6.3694 7.7554
0.7635 6.4630 7.6472
1.9648 6.7015 7.4180
1.6598 5.8099 6.5264
2.2533 6.5964 7.0263
-3.8203 13.9258 5.8770
7.5833 23.7574 2.7611
1.6674 6.8040 7.9361
2.0381 7.3610 7.6989
-0.7599 2.3467 -6.2429
2.3960 7.3788 7.4098
7.8715 25.5719 1.5865
-4.0776 14.2831 6.2287
1.0893 7.0164 8.0268
-4.5718 14.3443 5.8773
1.7543 7.6374 7.9873
4.7127 25.1510 -1.5237
1.5246 8.3565 7.9913
2.7242 23.1270 -1.9989
-3.9048 14.2902 6.6957
-1.6231 2.6868 -6.0412
0.4463 6.9333 7.6021
-4.2302 15.2459 6.8624
0.6439 8.1926 7.6988
-0.0125 6.8705 7.8367
0.0902 6.3632 7.5400
-2.4702 14.5009 6.9544
0.1468 7.7193 7.8030
6.7655 24.6333 2.8119
7.3411 25.0373 2.2512
-2.1593 29.9922 1.0020
-0.0945 28.4786 0.1034
1.1659 8.7723 7.9607
0.6006 29.7833 0.6371
-0.1726 3.4436 -6.3699
7.0832 25.8038 2.1982
0.3283 3.5908 -6.2789
0.1443 8.6361 7.6802
0.2348 4.0956 -6.0961
-2.4098 15.0841 6.8969
2.6707 7.5064 7.4864
2.3669 8.4411 7.5168
1.9644 8.4915 7.7396
-3.0100 15.9765 6.9552
6.5990 25.1802 -2.0721
5.6794 23.7571 -2.6495
2.7369 8.3413 7.8321
-1.5636 3.2164 -6.0891
-1.1421 30.9059 1.2976
2.1670 9.4197 7.5536
-0.3242 4.2505 -6.1644
7.6905 26.5857 0.7915
7.7650 27.2152 0.3341
-2.0431 3.9668 -5.8940
2.8353 8.9639 7.7492
5.4463 24.9208 -1.8449
7.3397 26.2560 1.4683
-4.5785 14.8023 6.6192
-4.9990 14.3645 6.2855
-5.2867 14.5627 6.5580
-5.6468 14.1593 6.1789
6.2372 26.1982 -1.2101
-0.4792 5.4401 -6.0527
7.4185 26.7864 1.5194
-5.0861 15.2419 6.7728
-5.8083 15.6585 6.4187
0.7765 9.4785 7.8090
7.6149 27.5537 0.5174
7.2930 27.2503 1.3123
6.2799 23.9269 3.2396
-2.9120 2.5156 -5.9670
6.3195 24.6071 3.3992
-6.9682 16.0441 5.8222
-6.5851 15.0646 6.0801
-5.3687 16.4320 6.6488
-0.5391 6.9793 7.9581
-0.6387 6.3257 7.9300
-3.7054 2.1886 -5.8104
-3.8465 2.6962 -5.7904
-0.3137 8.0131 7.6953
5.8963 24.2726 3.7619
-0.8867 6.9838 7.6793
-3.6669 3.6104 -5.6815
2.8872 26.9416 -0.7664
-0.3084 8.5395 7.3816
-4.3687 2.3709 -5.2992
6.2518 26.0536 2.6169
5.8655 26.0230 2.7005
5.9405 25.2407 3.0704
-4.4079 16.5435 6.8760
5.2251 24.2860 3.3965
4.6544 24.8502 3.6084
5.5551 24.3131 3.5866
5.5876 24.0402 4.0790
5.9061 24.8298 3.4881
-6.3094 17.0337 6.1572
5.0360 26.0374 3.2323
-0.6107 20.1021 6.0611
1.2749 19.2378 6.0345
1.0952 19.8428 5.9294
-4.6457 31.0211 2.1148
7.1258 27.6696 0.8660
6.5927 26.9877 1.9542
-4.2879 17.3040 6.7626
6.1978 28.4608 1.3754
-1.0530 20.0384 6.1344
-0.0837 19.4023 6.3551
-1.8587 4.9393 -5.9786
0.0149 19.3900 6.6576
-0.9068 19.9244 6.7832
-1.1139 22.5274 5.7536
-3.5500 17.5630 7.0207
-5.1126 17.7236 6.6844
-2.0039 5.7422 -5.8785
-3.4096 5.0399 -5.6525
6.9142 25.8690 2.7268
7.2094 26.9340 1.8777
-5.0334 18.0503 6.6583
-6.7006 17.7613 6.2203
6.4042 25.2167 3.2639
-0.6827 8.0436 6.7748
-0.2623 8.6573 6.9573
-0.3291 9.7515 6.7401
-5.2686 18.3661 6.2712
-6.2264 18.1709 5.9605
-3.1889 5.4476 -5.5846
-6.1340 18.8236 5.9019
6.5420 25.9654 2.9031
-2.7623 5.7038 -5.4471
-3.7328 5.3393 -5.2775
0.9037 23.1990 -1.7621
0.3287 22.6971 -2.0460
0.5220 23.9446 -1.4948
0.2094 23.9408 -1.6255
0.0607 23.8209 -1.9136
-4.9583 18.8324 6.3903
-5.0756 20.0253 6.1512
-0.5886 24.1444 -1.6012
-0.0413 25.3211 -1.3731
0.7622 4.9450 -6.2046
6.8168 26.6006 2.3612
0.8152 25.8193 -0.9690
1.1385 5.5856 -6.2702
0.2756 24.8431 -1.4115
-1.1271 15.8355 6.9436
-1.8937 16.7217 7.0640
5.5277 27.5099 2.5990
0.4095 6.1208 -6.2342
5.2382 28.5981 2.2895
1.0705 6.3763 -6.1348
-0.8623 16.3294 7.5210
-2.0867 17.0676 7.3738
0.3651 6.6932 -6.1570
3.0835 9.6070 7.6724
2.6384 9.2732 7.3840
-2.9907 17.0144 6.9192
4.6383 12.8630 5.1022
4.9429 12.9989 4.5124
4.3138 13.0704 4.6090
4.1426 13.0267 5.0059
-1.5871 17.1323 7.6713
-0.9133 16.9104 7.8036
6.2357 9.4678 6.1864
6.2764 8.6165 6.5897
-1.0597 6.4525 -5.9736
3.9947 19.3894 5.3003
3.6762 18.6064 4.7989
4.0558 18.8577 4.9719
3.6210 19.3157 5.6972
3.2747 18.7773 5.0507
-0.7551 6.9666 -5.9096
2.9705 18.5174 5.7878
3.0083 18.5394 5.3198
5.9538 10.1192 6.0576
6.8977 10.2769 5.8265
6.3137 10.5133 5.9900
3.9183 19.6754 5.7393
1.3612 6.6062 -5.5584
7.2697 10.5292 5.9902
-10.1567 28.0832 1.8529
-8.8838 28.3272 1.6179
-10.0823 26.3499 1.1263
4.4310 19.6724 5.3504
3.8230 20.4382 5.6299
4.1655 20.2881 5.2379
-3.0195 17.8048 7.2618
6.3341 10.7293 6.4752
0.4086 7.1345 -5.8530
-0.9218 23.2686 -1.4018
-0.7476 22.9850 -1.8246
3.1290 18.8024 6.4703
5.9771 9.4687 6.4591
6.1374 9.1474 6.7749
6.0540 8.6165 7.0567
-2.6998 18.1522 7.1007
-4.0411 18.4142 6.8278
1.5800 6.3332 -5.2362
4.4334 20.7769 5.0206
-3.5494 19.3211 6.6987
2.1473 19.7754 6.1926
1.8272 19.6304 5.9370
1.7254 19.2626 6.4686
-1.0532 24.6651 -0.9730
-2.3265 18.6801 7.1505
2.0590 20.3252 5.7348
0.9518 7.0760 -5.3693
5.9390 9.1868 7.3569
-0.5269 16.9505 7.5717
-1.4858 17.6736 7.4471
-0.3188 17.2521 7.2231
1.9904 19.1226 7.2897
-1.1318 17.9755 7.2641
-0.3989 25.2501 -1.1329
5.9122 9.5781 7.1216
2.4820 20.4431 6.0944
-2.0094 17.6540 7.5210
5.2894 9.4251 7.5583
5.5266 9.8805 7.0504
2.3929 21.1299 5.5159
-0.4117 26.1115 -0.7871
1.6296 21.9692 5.5003
-1.0954 18.9823 7.2982
-1.7718 23.3442 -1.1610
-1.7074 25.6435 -0.5651
5.6593 10.5301 6.5931
3.6907 19.8912 6.4354
3.2995 19.6526 6.7790
-1.5440 6.5998 -5.6676
-9.3065 29.9035 2.4642
-2.0763 5.9890 -5.4906
3.6848 20.4087 6.0082
3.7736 20.7773 6.1321
5.6724 11.0587 6.9842
-1.4311 6.7798 -5.3260
-1.5409 6.6204 -4.9855
7.3104 10.9671 6.5574
-7.9377 30.4590 2.3991
-0.8317 7.1828 -5.5940
-2.6270 5.6920 -5.1049
4.2064 21.5439 5.4894
-2.0604 5.9156 -5.1701
-2.3310 5.7981 -4.8805
6.7988 11.5357 7.0576
-3.3240 5.4961 -4.8537
-2.8516 5.8904 -4.7498
-10.7108 29.8467 3.0977
-11.4958 28.0331 2.6101
6.2908 11.1895 6.9889
4.1568 21.8880 5.4016
3.3828 21.5215 5.6962
3.5574 21.0459 6.1494
-2.1586 6.2643 -4.8380
-2.0678 19.6656 7.1635
5.4449 11.6823 7.2987
-0.3265 27.2489 -0.3001
2.7738 20.6273 6.4162
3.0016 20.4136 6.7554
2.4542 19.4051 7.2340
2.9805 19.8820 7.0134
6.8330 11.9785 4.8756
7.1581 12.0549 5.4647
3.3357 20.4370 6.7557
-2.5871 7.1496 -4.6708
6.5793 12.1440 5.5585
6.5135 12.6143 4.9838
-0.3957 7.4205 -5.1555
-0.9423 7.2018 -4.9628
6.2619 12.2629 5.3241
3.0618 21.7812 5.7839
-6.6921 30.3969 2.1855
-1.2901 7.4215 -4.7716
6.6316 13.2769 4.8975
2.8578 22.1342 5.6757
5.9410 12.7215 5.3183
-0.1708 7.7849 -4.8631
2.4978 22.0660 5.3710
1.7474 22.6054 5.3919
5.8265 13.1861 5.0924
3.8369 22.5209 5.0649
4.1876 22.2615 5.0807
5.7210 12.6435 5.8554
3.5524 22.0713 5.2153
5.4060 12.9148 5.5291
-7.0616 17.3573 6.1106
-7.9485 16.8973 5.3427
5.6932 13.4521 4.7083
-8.1640 17.5128 5.8690
7.5303 12.0397 5.9117
6.8167 12.2709 6.2762
-0.1917 7.3410 -5.6468
-7.8352 17.9926 5.6794
0.3501 7.3282 -5.1711
-8.0765 18.9300 5.5779
3.8116 23.0136 5.2221
3.8935 23.4605 5.0894
4.3376 23.6907 4.6160
6.3315 11.9062 7.1471
6.7224 12.1922 6.6857
4.0506 24.2215 5.2406
5.6141 12.9498 6.4530
3.2986 22.5394 5.5515
4.7572 27.8397 -0.4742
-6.5655 31.2596 2.7421
2.2607 22.7945 5.6113
-0.1571 13.4376 -4.6809
-0.6903 12.6710 -4.9528
-0.9796 14.0147 -4.5297
5.0386 12.6247 7.6506
2.0740 12.6577 -4.9941
1.6812 12.6332 -5.1191
1.9813 13.4472 -4.8546
2.8722 23.0880 5.7503
2.3344 13.1935 -4.5294
3.2490 23.3610 5.8013
-4.5379 2.9748 -5.3969
-7.3636 31.5543 3.2214
-5.7266 31.6790 2.9990
1.6965 13.6137 -4.9039
0.9799 12.8034 -4.8885
0.5166 14.5719 -4.6934
-6.0630 31.6395 3.3262
-6.8579 31.2757 3.5431
3.5814 23.7939 5.6136
-4.8520 3.2212 -4.9560
5.2111 10.4123 7.3583
2.7683 13.2357 -4.4197
2.9099 14.1877 -4.2481
1.0270 21.0271 5.8227
-8.5843 30.9900 2.9748
4.5317 9.6593 7.8452
5.0942 9.0204 7.8467
-4.4669 4.0843 -5.4508
4.8307 10.3405 7.7000
4.1763 10.0984 7.8249
-4.2130 4.6619 -5.4394
2.3286 13.9348 -4.2726
-4.7327 3.7611 -5.2777
2.1096 13.9613 -4.5311
-4.8277 4.1590 -4.9422
-10.7653 30.3334 3.4563
1.8964 14.4829 -4.9601
2.1571 14.2589 -4.7298
3.6176 8.9797 7.9809
0.4266 27.3079 -0.5389
3.6532 9.6195 7.9837
3.5672 10.0554 7.7674
-9.6857 30.9256 3.5566
3.0461 10.2686 7.6025
3.8958 10.5093 7.5431
2.7815 14.5172 -4.4432
2.5429 14.5831 -4.9610
-9.2084 31.1017 3.7284
-9.6312 30.7448 3.9889
-0.0639 19.4904 7.0458
1.6106 15.1167 -4.9023
-7.0854 29.3459 4.5628
-4.2997 30.3123 3.9602
-7.9408 30.6984 3.9889
-4.7539 4.5822 -4.7256
3.1886 15.0341 -4.7838
3.0279 15.4168 -4.9424
4.6868 10.7656 7.5529
3.9151 11.4908 7.4996
3.8412 11.0056 7.5590
3.2837 10.8769 7.8023
3.4627 11.3989 7.6371
-4.4159 4.7507 -5.1490
4.8983 11.3950 7.5895
-8.3150 31.2375 3.6760
-4.7777 6.0132 -4.4121
4.4991 11.4112 7.8081
1.5581 28.2872 -0.1371
4.9146 12.0990 7.7736
-10.3412 29.2082 4.6700
-8.3124 28.3825 4.8090
-9.9203 30.1146 4.2904
3.8795 11.9412 7.6338
-3.9888 5.1656 -4.8370
0.2896 23.8562 5.4567
4.1803 12.0811 7.9158
-8.3793 31.3235 3.3140
3.0161 28.4751 -0.2186
-4.0527 5.4135 -4.6272
5.1414 13.0649 4.8994
4.3588 29.1088 0.1496
4.8579 13.0412 5.8008
3.8838 13.6176 5.7752
-1.1160 15.1179 -4.4762
1.9022 23.4352 5.8337
-0.8301 15.6787 -4.5389
1.1572 23.7648 5.4701
3.2061 12.1803 7.2814
1.4100 23.9269 5.8172
2.1044 23.8138 6.0993
0.8065 16.2177 -4.5845
2.2310 16.3901 -4.5928
4.8356 13.1477 7.4072
4.7304 13.5725 7.0145
1.8180 24.5875 5.9315
0.7265 24.7252 5.2615
1.2039 24.3747 5.6636
0.1945 15.9734 -4.4850
4.3854 13.7413 6.5386
-0.3906 15.9842 -4.3343
-17.0458 -0.7668 3.9861
3.1908 24.5300 5.7182
-16.6207 -0.2992 4.6581
2.4778 24.2503 6.0206
4.3360 12.6054 8.0622
-0.0938 17.5789 -3.9321
0.5906 18.1510 -4.0679
3.7040 12.7336 8.0454
3.2781 13.7499 8.1483
-1.7033 12.7351 -4.8881
-2.1748 13.1172 -4.7850
3.8934 13.3525 8.0529
-1.7926 13.9571 -4.6079
-17.2184 0.4137 3.2584
-1.4737 13.9154 -4.4980
4.3473 24.5826 4.1545
4.2706 24.4287 4.8078
-3.0146 13.5225 -4.3866
-3.0533 14.3485 -4.2140
3.8249 25.9575 3.9546
3.9558 25.4399 4.0097
3.4883 14.5072 7.2386
3.7078 14.0427 7.6941
3.7609 25.4656 4.4789
-5.7543 7.0438 -3.9381
5.0618 13.3979 4.2389
3.2756 25.8267 4.4827
4.9843 14.3758 4.1506
3.8649 13.3905 4.8849
-4.3134 13.3063 -4.1686
-3.5177 15.3638 -4.0468
-4.4195 14.4972 -3.9781
-4.6533 13.3270 -3.9836
-4.8188 13.8617 -3.7009
2.0262 26.0087 4.8091
1.2279 25.8729 4.8815
1.4958 25.6279 5.1517
-17.0601 1.1934 4.1255
1.0130 27.8467 4.3644
1.1614 25.1156 5.3367
-6.9645 7.7162 -3.5078
6.5090 14.2992 3.7632
5.9913 14.3034 3.6932
-4.6801 14.6389 -3.5504
-16.7844 2.5433 4.6378
-16.9978 2.6300 4.2059
7.4412 14.8037 3.9606
-4.1793 15.3403 -3.7960
-0.9436 25.5357 5.2703
6.8031 14.3631 4.2284
-4.8519 14.0547 -3.2853
-5.3919 13.1916 -3.2036
-4.9821 14.6224 -3.0619
1.6911 25.4206 5.5812
5.6106 13.5333 4.1995
-6.5249 13.8505 -2.9014
-16.0973 0.6326 5.1680
-1.4317 14.4550 -4.4318
6.3524 13.6393 4.7399
6.9232 14.1504 4.4880
-2.7049 15.1504 -4.2678
-4.0578 19.0593 -1.9513
-4.4420 18.5361 -2.1474
-4.9135 18.3547 -2.0864
-5.6818 18.4423 -2.0476
-4.8104 19.5662 -1.8536
-4.4349 19.6027 -1.9713
-4.7117 20.2399 -1.9277
-4.1697 19.8003 -2.3903
-17.1809 2.4322 1.9776
-1.2356 16.2884 -4.1205
-5.7618 20.8375 -1.5431
-1.8904 15.5468 -4.1732
-3.1439 8.4770 -4.2567
-5.0793 20.8015 -1.5800
-17.3661 1.9083 3.3845
3.8811 25.0643 5.1864
4.0367 25.1658 4.7004
-4.4993 8.5291 -3.7323
-2.1295 16.2991 -4.0231
-2.7906 16.9139 -3.6794
3.4311 25.6643 5.0410
3.1915 25.3741 5.4490
-8.0727 18.5275 -1.7078
-8.3106 21.2473 -0.9922
-6.8708 19.4744 -1.7672
-9.1901 19.4392 -1.0779
2.8134 26.0879 4.6086
2.7266 27.2515 4.1583
-1.2278 17.7720 -3.7004
6.5686 16.7375 3.1169
-17.3019 2.7551 3.0802
-4.3430 20.3093 -2.4231
2.6453 25.9068 5.1933
-4.4762 21.1514 -1.9600
-4.1313 20.9699 -2.3604
3.8222 27.3522 3.6958
-17.1424 3.3835 2.0529
-4.6880 20.9078 -1.6807
-17.1957 3.3179 3.3240
-2.9389 18.0342 -3.4499
4.5563 17.1127 4.2515
-1.9909 18.3653 -3.5974
3.8119 28.9994 3.0688
-3.9924 21.9550 -1.5756
-4.2038 22.0324 -1.2965
-3.9118 21.6159 -2.1972
7.5894 18.4460 2.8795
-3.9196 15.8295 -3.7945
-17.1869 4.0615 2.0088
-4.5209 15.0044 -3.2290
-16.8059 4.8033 1.2635
-3.5307 22.1431 -1.9296
-4.3961 15.4488 -3.2833
-4.5753 15.8882 -3.3953
-3.9380 16.9971 -3.4361
-17.3368 4.0603 3.0799
6.7060 17.8202 3.1769
5.6810 17.3461 3.6274
-17.1739 5.0734 2.2964
-4.9352 15.9162 -2.9870
-17.2038 3.7115 3.8159
6.3721 17.9175 3.4781
5.8558 17.8227 3.9179
-17.3221 5.6119 3.1217
2.1005 29.4490 3.6612
-4.6627 16.4050 -3.4322
2.5107 25.5696 5.5752
-5.6263 16.3987 -2.6442
-5.0967 16.7630 -3.0632
-4.6738 9.5057 -3.4508
-5.4152 10.0117 -3.3794
-7.2390 22.5146 -0.9744
-4.7930 17.4117 -3.2157
3.3811 13.6959 5.5343
3.0415 14.1109 5.2869
3.6575 15.1767 4.9259
2.9141 13.9557 5.5137
-6.5609 9.8395 -3.3406
2.6633 15.7319 5.3921
2.9817 14.3609 6.2907
-16.4674 4.2844 4.8636
-3.2249 18.7705 -3.2046
-4.1663 17.9136 -3.3429
-5.7638 23.3841 -0.9097
1.6254 6.6999 -4.9342
-4.9113 17.7853 -2.9527
1.7517 7.1251 -4.9352
-4.5271 18.4331 -3.0946
1.9681 7.8541 -5.1643
-16.9810 4.6235 4.3351
1.0111 7.3185 -4.9473
-15.5286 3.7523 5.4586
-3.9636 18.7379 -3.1769
-4.8384 18.0481 -2.5127
-4.2729 18.7356 -2.6567
0.2933 8.7975 -4.8409
-9.2772 23.0721 -0.1152
2.1217 8.7161 -5.5319
1.8241 8.8165 -5.4372
-3.2754 22.3284 -1.4108
1.1756 9.1160 -4.8928
-3.7566 22.7404 -1.1564
1.6681 8.8038 -5.1310
-2.3984 22.4536 -1.3257
1.8433 10.1066 -5.3488
4.8454 17.7602 4.2152
1.6914 9.6479 -5.3453
-17.4283 4.3278 3.5643
-17.2280 5.5346 3.8943
5.3773 18.2536 4.5773
4.5460 18.2332 4.6942
3.7402 17.9673 4.6868
0.3321 9.5505 7.6700
1.9845 10.5937 -5.2426
2.5234 9.8981 7.5615
-17.3059 7.2805 3.7511
1.6113 9.6811 7.8250
1.3141 9.9985 -5.0146
-16.4934 6.7632 4.7218
2.1172 10.2676 7.6387
-16.9736 7.1905 4.3637
1.6497 10.3413 7.3939
2.3078 10.8668 7.4320
2.0874 11.2575 7.2641
0.6737 10.6105 -4.6917
-5.3069 16.9181 -2.6715
1.1129 10.0660 7.5401
0.7808 10.4465 7.4774
0.2961 10.2667 7.2632
1.1452 10.9825 -5.0929
0.5401 11.0301 -4.8719
0.4437 11.1938 -5.1475
0.8182 11.4982 -5.2967
-7.9537 14.5978 -2.4376
1.4658 11.6806 -5.2348
1.7603 11.4690 -5.0299
1.3160 11.4660 6.9538
1.1779 11.8323 6.5369
0.3146 11.0815 6.6455
0.9145 12.0264 -5.1539
1.3472 10.9762 7.2508
2.0009 12.6312 6.4647
-0.8438 9.7258 -4.5442
0.3182 12.7694 6.2497
-15.8850 5.8345 5.2115
-13.9865 2.6084 6.1021
-14.9404 6.3592 5.5230
-15.5483 19.7753 1.9248
-14.1493 17.8887 0.7547
-15.4236 7.6276 5.1594
-0.7367 10.8488 -4.4268
-2.9407 10.1291 -3.9524
-0.7720 11.9888 -5.0705
-0.8367 11.4088 -4.5032
-0.5171 11.4462 -4.9012
7.6009 26.7039 -1.0139
-14.0129 6.9243 5.6124
-14.1180 23.0029 2.0470
-13.1094 21.4910 1.1089
7.5732 27.2851 -0.7314
-12.0750 9.0414 -1.9716
-9.8322 7.9145 -2.8310
7.5684 27.6503 -0.5976
0.0124 12.5068 -4.9088
-7.6362 10.3941 -3.0920
6.0956 28.3435 -0.1748
-1.2278 11.8488 -4.8448
-2.2240 11.7810 -4.0746
7.9072 27.5639 -0.2513
-16.3983 20.0774 2.5843
-9.4161 11.8761 -2.4280
-16.6946 19.7330 2.8737
-17.0313 17.2146 2.7770
6.7081 28.5168 0.0198
-16.5552 5.9327 0.8877
6.9280 28.4085 0.3160
-17.0857 6.7795 1.7089
2.3573 10.6869 -4.5229
2.5510 10.7165 -4.3031
-16.5612 8.6643 1.0486
-16.9518 7.8611 1.7556
-9.9047 15.0886 -1.7346
-17.1245 18.6618 3.8546
-17.1380 17.4573 3.3808
-17.1759 16.9356 3.7019
-16.9988 19.5477 3.5035
-16.7433 18.2176 4.2875
2.4742 11.8536 -4.3461
-16.9099 19.6308 4.4172
2.0174 11.4397 -4.4883
1.9780 12.0276 -4.8439
2.2162 12.1222 -4.4239
-15.7506 22.5618 2.7527
-13.6469 17.8786 4.3701
-13.3080 18.2719 4.7454
-13.6423 19.0897 4.8387
-14.0263 19.1045 4.7047
-15.2948 18.1421 4.5337
4.6145 29.7846 0.4049
5.2689 29.6443 0.7137
5.0943 29.6487 1.4116
-13.4189 18.8511 5.2109
-17.3125 7.0352 2.4156
-11.7269 12.2722 -1.6576
-12.0490 14.8342 -1.1123
-10.9768 17.8238 -0.8766
-17.3202 7.5316 2.9824
-12.5294 16.8615 -0.4549
-15.2948 20.0214 5.0833
-16.3614 18.3438 4.5392
-17.0937 8.3006 4.1389
-4.0144 10.9670 -3.6053
-17.4089 8.5748 2.9009
-16.5547 20.1027 4.8556
-17.0647 8.8809 2.0880
-15.8712 20.6493 5.1685
-13.6346 12.8697 -0.3799
-14.3402 14.3288 0.2123
-17.2897 8.9382 3.6380
-17.5711 8.9945 3.1468
-16.9205 21.1608 4.3981
-15.7039 8.2594 0.1986
-3.7025 12.5917 -4.3991
-2.8203 12.3707 -4.5954
-3.7479 12.4274 -4.1218
-3.0363 12.7620 -4.6590
-16.3749 10.6542 1.0179
3.3037 29.4144 0.2374
3.8370 29.7493 0.2250
-1.9145 12.2646 -4.4080
-17.0210 10.0992 1.8586
-1.9744 12.4433 -4.6906
-2.6594 12.1720 -4.0930
-14.3558 20.5825 5.1598
4.2294 30.3434 1.0324
-3.7855 12.1427 -3.6620
-12.9104 9.9617 -1.3730
2.8693 30.1773 0.7497
3.7372 30.4851 0.7852
-17.0040 11.2758 1.9005
-16.5906 21.6828 5.1541
-16.2161 21.5974 5.4167
3.6556 30.9574 1.2069
-17.4286 9.5621 2.5102
-17.5309 9.6921 2.8669
-17.2733 11.4460 2.5075
2.0479 30.9916 1.1689
2.7818 31.0390 1.1852
-16.0070 22.9676 3.1364
3.0627 31.2861 1.3662
2.5494 31.6031 1.4418
2.1577 31.5010 1.3092
-11.0016 21.8884 0.0785
-11.6775 19.3482 -0.3347
-4.4590 12.1116 -3.5220
-4.3488 12.6783 -3.8732
-0.0671 31.5701 1.6708
-16.5615 22.2059 3.4805
-16.8196 22.4419 4.3370
1.1756 31.1690 1.3662
-16.3529 23.7096 4.2421
1.2262 31.5221 1.5353
-4.8616 13.2351 -3.3782
1.3559 31.8413 1.8700
-4.7176 13.1699 -3.6478
-12.8731 18.7892 5.5977
-12.8921 19.6961 5.6463
0.3358 31.8896 1.9498
-12.1460 21.3830 0.4747
-13.3925 19.5652 5.4036
-13.2769 20.0709 5.3407
-13.6716 20.3022 5.0252
-15.0621 10.7269 0.0774
3.9572 30.7915 1.5196
-13.1987 20.6325 5.0800
-12.7415 20.4241 5.5363
3.7260 30.3916 2.3262
-12.5098 20.7809 5.2137
-12.6070 21.1388 4.9879
-13.1359 21.8131 5.2204
3.4374 14.9077 -4.4251
2.9489 31.2373 2.2486
3.3810 31.0751 1.8668
2.1637 30.6570 3.1255
-11.1484 20.8638 4.7504
-11.5762 20.8320 5.1341
-11.8505 20.6224 5.5649
3.8219 15.8128 -4.5152
-17.2620 11.8310 3.5565
3.6083 16.0379 -4.7246
-17.3621 11.7430 3.0688
-10.9503 20.0630 5.7020
-11.2193 20.5890 5.4652
2.8105 31.4236 1.7661
-11.2077 21.3579 4.7852
-10.9438 22.4359 4.9589
3.3682 16.9480 -4.4633
3.9415 16.7494 -4.3330
1.9487 31.3903 2.6341
-0.3654 29.0434 4.2425
2.7572 17.5259 -4.2064
0.7841 30.7075 3.5213
3.5859 17.4080 -4.0351
4.0630 17.6155 -3.9492
0.9052 31.4969 3.0802
-0.4073 31.0307 3.5123
-14.3807 22.2563 5.5911
2.0654 31.6698 2.0581
3.0399 17.6536 -3.6900
3.4720 18.2104 -3.5406
2.8165 17.9222 -3.5144
-14.9351 1.1261 5.8478
-16.2487 22.2130 5.4078
3.1294 18.3788 -3.7152
-15.5298 21.9599 5.5898
3.3015 18.9859 -3.8448
2.6589 18.4524 -3.8798
0.7528 31.9839 2.5429
2.7097 19.0403 -3.8893
-15.2466 22.4325 5.5643
-16.2576 23.0637 5.4824
1.0555 17.6142 -4.1911
1.6511 17.4102 -4.3155
1.6661 17.6635 -3.8130
2.1152 17.7059 -3.9978
1.3618 17.9758 -3.7768
-15.0803 23.6385 5.7023
-12.4877 23.3710 5.3945
-0.6775 19.7265 7.2045
-13.7712 23.9988 5.7085
-1.4100 20.0627 7.0537
1.3803 18.7080 -3.8786
-14.4855 24.7330 5.7471
-0.3640 19.0006 -3.6270
2.0868 17.9456 -3.5423
-15.5881 24.5074 5.5824
1.4628 18.3670 -3.6990
2.0214 18.5646 -3.6906
-16.3993 8.4460 4.7860
1.9498 19.4066 -3.7782
-16.7355 9.5548 4.4630
-17.0347 10.8419 4.0177
0.4531 19.4138 -3.6637
1.1878 19.4284 -3.5980
-3.8584 24.3960 5.5202
-2.4219 24.8041 5.5246
-13.8650 8.0300 5.2671
4.3176 18.9796 -3.6375
-12.5746 25.2361 1.9931
-12.1418 24.0685 1.1762
-14.1599 8.8988 5.1828
-15.5872 9.9644 4.8328
3.5963 18.9628 -3.5762
3.9552 19.7331 -3.5625
2.7671 19.3840 -4.0680
2.8792 20.2652 -3.8779
2.2116 19.9662 -3.9620
1.7406 20.3081 -3.7302
0.4901 20.0887 -3.1970
1.3142 20.4262 -3.5205
-14.4702 24.8465 2.7128
0.7908 20.0739 -3.2001
-16.4872 11.1519 4.3965
-14.8100 26.0227 3.4578
3.3752 19.4204 -4.0068
3.5296 20.1721 -3.7592
-14.6342 11.0888 4.5612
-16.2796 12.2158 4.3608
-15.9771 24.1355 3.7588
-2.6362 27.6301 4.8902
3.6658 20.6457 -3.3452
-11.6677 25.7610 1.6238
-9.4757 -0.7334 8.0579
-9.9251 -1.1225 7.8773
-10.1499 -1.3695 7.5266
-12.9611 26.8966 2.7792
4.9439 21.0779 -3.4336
-5.9346 -1.5690 8.0694
-6.3827 -1.4353 8.1992
-7.6288 -1.1182 8.1006
-6.5327 -0.9977 7.9761
-6.9215 -0.6716 7.8217
-6.4704 -0.4934 7.6619
4.2549 20.4102 -3.3119
3.3854 21.2566 -2.7637
-6.1213 -1.1044 8.1931
-4.0526 29.1133 4.4643
-5.8285 -0.1174 8.3527
-6.2076 -0.5697 7.9380
-6.0643 0.0655 8.0733
2.5362 20.9376 -3.6251
-6.3468 0.2094 7.6399
3.0982 21.1314 -3.3884
-6.1195 0.5571 7.6263
-7.0507 -0.1790 7.9562
2.5488 21.3596 -3.2337
-5.2365 27.3546 5.0268
-6.8596 0.8277 7.8836
1.0885 20.6507 -3.1794
-5.8684 0.6086 8.0422
-6.0384 0.8836 7.7884
-5.9925 1.1322 8.1982
-6.6464 0.9971 7.7185
1.7431 21.0806 -3.4322
-6.4997 1.3780 7.9477
-12.8260 7.2130 5.6627
1.7329 21.2743 -3.1197
1.2809 21.0790 -2.7745
-8.6281 -1.0620 8.2369
3.0793 21.2573 -2.9281
-7.8580 -0.6992 8.0887
-7.6885 -0.1580 8.2120
2.3529 21.4330 -2.8195
-8.2872 -0.2293 8.2385
-8.9565 7.4464 5.9243
-11.1369 9.3030 5.2138
-10.4369 7.3631 5.7308
1.6256 21.3225 -2.5214
2.0019 21.6214 -2.3927
-6.9593 24.6880 -0.3549
1.2380 21.8853 -2.1636
-15.3050 25.9509 4.0791
-8.5274 9.3352 5.6182
-10.1947 0.4705 7.6020
-9.0438 0.4223 8.1019
-12.0112 10.5480 4.7393
-8.1278 9.9091 5.4050
-8.3387 1.0118 8.0000
-9.5263 10.9264 4.7129
-7.5275 0.7205 8.1296
-16.8857 12.8372 4.0886
-11.5877 11.5196 4.4250
-9.7819 11.9540 4.5289
-15.8713 25.4835 4.7991
1.2157 13.2223 6.1274
1.3077 13.5717 6.1855
-1.4547 18.9463 -3.6053
-15.1776 26.5827 5.2366
-15.7611 25.6140 5.3383
-12.1295 7.9061 5.3930
-12.8112 8.6099 5.2459
-2.3598 18.6378 -3.2490
-14.8061 27.1554 4.6283
-1.2738 19.3738 -3.4054
-13.8125 9.9246 4.9795
-0.0387 9.6496 7.0383
-13.7269 27.6536 3.4558
-2.1213 18.9642 -2.8447
-1.4097 19.4639 -2.9444
-9.2735 1.1415 7.8388
-8.2389 1.4104 7.6841
-9.3036 1.4003 7.5782
-1.2892 19.7961 -2.5807
-8.3443 1.5479 7.3144
-9.4145 1.4548 7.1881
-0.8964 19.7768 -2.7718
-9.1306 1.9944 7.0020
-8.0822 1.7725 7.0966
-14.4443 27.4343 3.9584
-3.1149 18.8999 -2.8121
-2.8983 19.0574 -2.5721
-2.0247 19.5421 -2.6896
-2.5962 19.5704 -2.7136
-7.3090 1.9537 7.0957
-7.4115 1.5470 7.3437
-7.0764 1.5769 7.6486
-7.3925 1.3553 7.8756
-3.1969 19.6921 -2.5505
-7.0145 1.9140 7.6371
-3.7481 18.9808 -2.8236
-3.9517 18.8476 -2.3175
-8.7087 18.7399 5.0329
-9.1768 19.0190 4.7698
-9.3048 18.2593 4.8136
-3.6456 19.2363 -2.2715
-16.6470 23.0490 5.0850
-14.2221 13.0548 4.3772
-7.0113 2.3094 8.0601
-8.4376 19.5168 5.2290
-8.4953 19.8382 4.7401
-7.9515 20.0116 4.8475
-3.6415 19.6404 -2.5649
-8.4667 18.8862 5.4273
-16.6782 23.5273 4.7584
-7.2633 2.3657 7.1866
-7.7577 2.7832 7.0089
-16.2178 24.2743 5.3640
-7.3009 2.8953 7.2380
-9.3324 21.2912 4.7183
-16.3031 24.5187 5.0618
-7.2321 2.4800 7.7317
-9.8602 18.2023 4.8771
-7.2624 3.1413 7.8199
-9.8345 19.2789 4.7608
-6.9812 3.8216 7.2521
-10.1211 18.7228 5.0858
-10.1633 20.1780 4.6547
-8.6102 3.6756 6.8932
-0.2815 19.7589 -3.4741
-10.5126 19.2543 5.5310
-0.6138 19.9046 -3.0432
-10.2220 19.6944 5.0974
-7.3044 3.6454 7.0837
-0.1530 20.2709 -3.2573
0.1769 20.7669 -3.1371
-7.9117 4.9629 6.6794
-0.4560 20.3702 -3.1538
-10.6773 20.3364 4.9619
-0.3597 20.9471 -3.2398
-1.0762 13.7461 6.2041
-15.5861 25.2938 5.5624
-0.6171 20.2302 -2.5955
-11.1596 13.4632 4.3887
-0.6245 20.8119 -2.9574
-8.6680 4.8183 6.7281
-10.7141 23.9730 4.8567
-1.4921 20.4861 -2.4858
-10.4802 19.7820 5.6172
-10.6418 20.2815 5.4130
-3.5220 20.1488 -2.6764
-12.6990 24.6830 5.4784
-3.2307 20.9084 -2.5443
-2.5816 20.2646 -2.6114
-2.0639 20.6593 -2.4533
2.5651 10.6583 7.7474
-1.6149 21.2584 -2.1454
-2.2637 21.2698 -2.4959
3.0180 11.4160 7.6773
2.5650 12.0596 7.0541
-10.7730 -0.5079 7.1481
2.4724 12.7090 6.8109
3.0515 12.7202 7.3680
-11.5442 25.9642 4.8952
-12.8216 2.7211 6.3798
1.7315 13.6912 7.1843
1.9288 14.0518 7.7438
1.2999 13.8387 6.4659
-10.4838 -0.2749 7.5840
-12.7636 26.8913 5.1076
0.9648 14.1955 6.7277
2.8350 13.4798 7.9070
-10.9032 0.4472 6.9577
-10.3718 1.0076 7.0300
-11.2408 2.0763 6.6958
-12.4007 28.9448 3.4272
-17.0187 13.0629 1.9664
2.1389 14.5647 8.0684
-10.8654 26.6171 4.4844
-9.9713 26.3181 4.4578
-11.2979 28.0025 4.7152
-10.0664 1.0544 7.3874
-16.5782 13.9610 1.5172
-2.9530 21.7220 -2.3132
-17.0489 15.3054 2.5835
0.6243 14.8213 7.3952
0.2250 14.2621 5.8934
0.8275 20.8687 -2.6955
0.3959 21.2810 -2.6623
0.5391 14.5692 6.0923
-0.4927 14.3221 6.0403
0.6261 21.5227 -2.2563
-11.3255 24.1204 0.8016
-0.0859 21.8371 -2.8270
-2.7607 31.3338 3.3477
-0.3654 14.8142 6.0061
-0.2191 15.2315 6.6506
-0.4377 15.0940 6.4654
-0.8730 20.8899 -2.3900
-0.9933 14.1350 6.3277
-9.3640 26.8411 4.7099
-0.7574 21.4838 -2.4590
-0.6883 14.7940 6.5967
-0.8736 14.6499 6.8165
-1.0052 21.8808 -1.6898
-0.4352 21.9724 -2.7276
-1.1196 14.7549 6.9977
-11.7049 27.0102 4.6888
-13.0790 28.1294 4.7601
-2.2055 31.5020 1.8902
2.4921 14.5005 5.6736
2.4174 15.3016 5.5725
2.6904 14.8441 6.5439
2.3179 15.1862 5.8292
-0.6534 22.5984 -2.3116
-9.0702 25.4041 0.5812
0.9950 21.4020 -2.2368
2.5180 15.7192 6.5691
-13.6705 25.8345 5.5832
-1.1082 31.7221 1.9056
2.2671 16.0772 5.7548
-14.5208 26.1085 5.5543
-0.5935 32.0260 2.1303
-0.3867 32.3047 2.5489
-1.6681 32.1005 2.3609
-2.7355 31.8164 2.2870
-2.4557 32.0463 2.5683
-2.1288 32.0863 2.8307
-0.7277 31.9679 2.9661
-0.2492 23.3287 -2.2311
3.0616 15.0241 7.4858
-15.0703 25.4690 5.6040
-3.0554 31.8729 3.0072
-15.2620 25.9195 5.4830
-14.9252 26.0668 5.5244
1.8619 15.6272 8.0077
1.1809 15.3298 8.0589
2.2123 16.6402 5.9758
-13.9973 26.8814 5.3469
2.4408 17.0597 6.5629
-1.4466 21.8269 -1.6329
-14.9604 26.3606 5.4057
-14.7678 26.3656 5.4565
-2.1405 21.8542 -2.0385
2.3342 16.8383 5.4616
-14.6198 26.8262 5.2295
2.8721 17.2988 5.1595
-4.8415 31.4566 3.2854
-2.4645 22.2209 -1.5958
-2.7924 22.1594 -1.9553
3.0593 18.0473 4.9501
2.6461 17.9096 5.2746
-13.7059 28.4242 3.8070
2.5007 17.5560 6.2451
2.3428 17.3710 5.5891
-13.7764 28.4971 4.2717
-14.3619 27.6906 4.7536
-13.8242 28.1945 4.7150
-13.2588 28.9244 4.0379
-11.0296 26.6548 1.5777
0.3618 14.7825 6.5429
-12.6519 4.6663 6.2011
-14.2480 27.2918 5.2150
-13.8192 27.6663 4.9440
-3.6183 31.8676 2.5223
-0.1721 15.6554 7.5116
-13.2719 28.7478 4.7041
-16.8756 15.8800 2.2369
-13.2068 29.0447 4.5124
-12.2406 28.9222 4.6343
7.4037 18.8937 3.0295
-12.2307 29.5209 4.4248
7.1507 18.7316 3.4062
6.4624 18.3214 4.0682
-6.1105 19.9713 5.9286
-3.0565 32.0665 2.7917
-4.1262 31.8487 2.8058
-0.6464 15.6680 6.9940
-17.1676 13.5631 2.7401
-4.3844 31.8605 3.0766
-17.2151 14.5526 2.7166
5.1268 22.4193 -3.1675
0.2669 15.5740 7.9365
-17.0651 14.6543 3.7962
1.5064 16.1443 7.7640
1.0700 15.8886 7.8870
-17.2540 14.9556 3.3712
0.0381 16.2299 7.9202
0.3503 16.3062 7.7338
0.4454 16.5633 7.2218
0.8792 16.7674 6.9328
1.1158 16.3567 7.3365
1.3570 16.9075 7.2481
1.1043 17.5469 7.0989
0.3753 17.7481 7.1046
-16.4397 14.2388 4.1516
0.9899 18.9215 6.2609
0.7865 18.8564 6.6342
-5.9165 20.5079 5.2170
-6.3543 20.1961 5.0422
-6.0532 20.2854 5.6150
-5.9994 20.7419 5.0291
0.8496 -0.7789 7.8735
0.9087 -0.5304 7.5712
-5.5414 20.9180 5.8020
1.7289 -0.2848 7.4879
-5.3617 21.0803 5.3538
-5.1732 21.3410 5.2378
-6.1896 22.5389 5.0173
-7.1004 21.7214 4.9493
0.8538 0.1746 7.4661
1.1658 0.6887 7.5480
-1.9776 20.2486 6.2232
-1.4368 19.9486 6.3290
-1.7428 20.1263 6.6549
-2.4111 20.7441 6.1145
-15.5275 15.6067 4.1979
4.8399 0.1028 7.4171
-12.3981 16.0076 4.2993
-14.8392 16.0746 4.4348
-11.2510 5.5021 6.3095
-4.0065 0.5898 8.3086
-2.4825 20.3665 6.7644
-3.1285 20.6331 6.7016
-2.8916 20.8743 6.5510
-2.0494 20.0587 6.9804
-4.7913 1.6167 8.3501
-2.8151 21.2673 5.9250
-3.3989 22.3327 5.7206
-16.8748 15.9908 3.9977
-5.5443 0.9861 8.4039
-12.2921 29.5402 3.6628
-12.5760 29.5295 4.0904
-17.2964 16.1963 3.2236
-11.8585 30.0148 3.8047
-11.6545 30.1528 4.1512
-6.3325 1.9509 8.3111
-4.7381 2.7574 8.1645
-3.9725 20.3919 6.3248
-3.7096 1.9521 8.3123
-16.3070 16.5127 4.1888
-14.8370 16.4224 4.5820
-10.9505 30.5392 3.7886
-11.0079 30.4668 4.1305
-4.7332 20.8099 6.1704
-14.8388 17.1877 4.3540
-4.3802 21.4293 5.8940
-3.6008 21.4172 5.9131
-3.9025 21.6954 5.6136
-3.7392 3.6757 8.1562
-3.0223 3.0399 8.1651
-5.7196 3.9000 8.1255
-10.9599 6.6834 5.9927
-5.0382 21.3095 5.6240
-4.3557 21.2308 6.1879
-6.8416 2.9304 8.1480
-6.8968 3.8127 7.9370
-3.4688 21.2827 6.2756
-4.9058 4.8086 6.9298
-5.7525 4.8248 6.9771
-5.2332 4.5696 7.1243
-5.2825 5.5429 6.8268
-6.4648 4.4152 7.1788
-5.7766 4.5522 7.3376
-6.8177 4.4622 6.9656
-12.7665 16.4204 4.6900
-13.1173 16.1523 4.3812
-4.9271 4.6254 7.5538
-4.4516 4.6605 7.0438
-4.2903 4.8185 7.3150
-13.0613 16.6138 4.8785
-13.3910 16.9655 4.7391
-13.4214 17.0821 4.4843
-14.3775 16.8526 4.4010
-3.7203 4.8179 8.1885
-13.5149 17.3195 4.2924
-4.3447 5.1773 7.7081
-5.5499 23.1345 5.2707
-4.9693 4.5512 8.0102
-4.2600 5.0264 8.0947
-4.1579 5.2268 6.9502
-3.7003 5.4451 7.1930
-4.0438 5.2914 7.4467
-3.6864 5.7281 6.9689
-3.0510 6.2303 6.9425
3.1612 0.4693 7.5316
-5.9210 25.2291 5.2790
4.6852 2.4054 7.3382
-5.6215 4.5875 7.8114
-12.6377 16.9158 5.0601
-12.1723 16.7749 5.1565
-12.9918 17.5929 4.4671
-12.5453 17.3050 4.8676
-13.0183 17.9453 4.9690
-12.8343 18.0975 5.3540
-4.8358 7.0283 6.6550
-6.9683 7.6289 6.2798
-3.8890 7.8613 6.4896
-5.9641 8.7153 6.1251
-5.5793 9.3496 5.8368
-6.9583 3.9964 7.5058
1.8590 1.4399 7.5644
1.2313 1.0818 7.7444
-6.4934 4.4128 7.7259
-6.9666 19.7834 5.8348
2.3256 2.2071 7.3470
1.9445 2.4769 7.2839
3.8754 3.4516 7.2763
1.6982 1.7979 7.8732
1.4496 1.4713 8.1309
1.0903 1.0245 8.0612
-7.2388 20.4348 4.8212
-6.9521 20.2174 5.1223
1.6628 2.4174 7.8773
-7.4078 20.2389 5.3143
2.4036 3.2811 6.9211
1.8920 3.8952 6.3732
1.6502 3.2950 7.0691
-8.0666 19.9822 5.1692
-7.7928 19.9806 5.5589
3.2885 3.5064 7.1215
1.5160 3.2813 7.8731
-6.7508 20.2418 5.6471
4.7263 18.8658 5.1092
2.5516 4.2712 6.4185
1.3978 4.2712 6.2155
0.8283 4.1725 7.0173
1.3304 3.7127 7.3190
2.6431 5.0679 6.2575
2.0379 4.5060 5.9296
2.1280 5.2663 6.0450
1.2985 4.6844 5.9575
1.6110 5.0991 5.8929
0.9292 5.0215 6.3149
-2.2171 3.4992 8.1963
3.6773 4.9850 6.8125
-3.4005 5.8403 7.3883
-3.3716 5.9899 7.6600
-3.7837 5.6797 7.9551
-2.9014 5.7568 8.1483
3.6389 5.8622 6.7332
-2.6184 6.1420 8.0410
1.9410 5.8230 6.3077
3.0782 6.2634 6.9092
3.0174 14.8944 7.9401
2.4667 15.2770 8.1656
-8.8769 23.8029 4.7518
0.6727 -0.5005 8.2131
-0.9994 0.5009 8.3261
0.6630 0.0294 7.7872
0.6009 0.2218 8.1338
0.6487 0.6405 7.9410
-9.9712 23.1337 4.8120
-2.4292 0.4620 8.2681
-7.6674 11.9003 5.0322
-4.3577 10.2647 6.1191
-2.5470 -0.5739 8.3263
-3.0699 -0.6877 8.5462
-7.5744 25.1378 4.8691
-8.5632 24.6511 4.4888
-9.1640 24.5020 4.5270
-3.0984 0.7624 8.3682
-2.1990 1.5124 8.3984
-2.7253 1.5094 8.5088
2.7809 16.2759 7.4561
2.7886 15.6146 7.9793
-0.9278 2.0564 8.3127
2.4765 16.4137 7.9350
-10.1270 25.2830 4.4917
-8.2607 11.2091 4.8467
-2.3108 2.2309 8.3408
-3.1263 1.9812 8.4929
2.5871 17.2068 7.3694
1.9996 17.7622 7.7249
-3.1402 2.6224 8.2076
0.3963 0.0418 8.4316
-5.6129 12.9043 5.5377
-8.5868 27.5350 4.8889
2.7959 18.3640 7.1365
2.4848 18.1493 7.5092
2.7566 19.2681 7.1455
1.7972 17.1973 7.7167
1.4301 18.2399 7.3237
1.0210 18.5303 6.9727
0.0771 18.9102 7.2681
1.4329 18.8502 6.9601
0.4834 18.8810 7.1115
-8.2315 14.1372 4.7986
-5.0139 14.0155 5.5792
-6.5658 13.8448 5.2365
-7.2172 14.4472 5.1661
-6.8981 14.3099 5.5905
-6.1760 14.0365 5.5657
-7.5177 14.8163 5.6731
-7.5909 14.8881 5.2904
-5.3892 14.1232 5.7757
-6.3044 14.1320 5.9688
0.8251 1.0892 8.3138
0.2545 0.7170 8.3094
0.0397 1.0389 8.3938
-6.7436 14.4178 6.0522
-7.3891 15.0784 5.8259
1.2658 2.0134 8.2898
0.4805 1.7753 8.3057
0.1999 2.7459 8.2389
-1.1109 3.6681 8.3360
0.9033 3.1070 8.3405
1.2093 3.3375 8.2623
0.9400 3.9369 7.8986
0.4850 3.9389 8.3353
-0.2920 3.8177 8.4046
-9.7373 14.8930 4.4166
-1.9591 5.0182 8.1789
7.5372 19.8279 3.1456
7.4072 19.7019 3.5181
7.1255 20.7330 3.1801
6.8797 19.1260 4.0479
6.2321 18.7637 4.4838
7.2474 19.8273 3.8805
0.6902 4.5635 6.5646
0.1147 4.6943 6.8935
0.1096 4.2584 7.1226
0.2176 4.2194 7.6928
0.5111 5.5980 6.8732
6.8974 20.0753 4.1818
7.1804 20.3806 3.3804
6.9976 20.5702 3.7548
6.1917 20.1279 4.4115
-0.2662 4.4600 7.2322
-0.3829 4.4668 7.9669
-0.4276 4.6713 7.5948
6.7669 20.5805 4.1659
0.0483 5.5239 7.2159
6.4693 21.0052 3.4306
0.3920 4.1421 8.1549
-8.2966 15.6571 4.6266
6.0601 21.5089 3.2765
-0.3969 4.2486 8.2936
-0.3314 5.7135 7.6778
-0.7090 5.3459 7.8007
-9.3127 16.6904 4.3108
-10.6815 16.4737 4.2466
-9.5384 17.0769 4.4390
5.9769 19.4014 4.5985
5.2089 18.9902 5.0436
5.4406 19.5095 4.7376
5.0807 19.5475 5.0727
-2.8739 5.9985 7.1974
5.5113 20.5077 4.5245
-11.3565 15.5772 4.2432
-2.4184 6.2561 7.6564
-0.9747 4.8216 8.3602
-0.8829 5.2295 8.2157
4.7738 20.2396 5.1331
-1.1439 5.8198 8.0328
-0.9973 6.0038 7.8120
-1.4714 5.8050 8.2937
-1.7689 6.1751 7.9623
-1.2054 6.2429 7.6928
-2.0195 6.1683 7.4054
-10.7400 16.8457 4.4646
5.7030 21.2660 3.6342
-1.2230 6.8317 6.9877
-1.8953 6.6497 6.8531
-1.4890 6.4562 7.2981
-1.9083 6.2190 7.0906
-1.3418 7.9311 6.7069
-11.7218 16.6538 4.8051
-10.8302 16.9697 4.9137
-7.9342 15.3479 4.8368
-7.8813 15.5474 5.3623
-7.9553 16.0458 4.7999
-7.8444 16.1066 5.3111
-0.6903 7.6258 6.9730
-1.0967 7.1884 6.8044
-1.0381 7.0483 7.3305
-8.3324 16.5341 4.5690
-8.6622 16.9186 4.6128
-7.6631 16.5855 5.3229
-8.5912 17.1483 5.1740
-9.6960 17.1569 4.7163
-8.8441 17.2967 5.4508
-9.3351 17.5184 5.3392
-10.0838 17.1497 5.0779
-8.7275 17.8154 5.3756
-9.4292 17.9217 5.0471
-10.1259 17.5056 5.1980
4.9590 5.7720 7.0127
5.6463 6.4414 6.9606
5.9874 7.3782 6.9757
4.3569 6.4286 7.0709
5.2269 6.8654 7.2942
5.5645 7.1988 7.5177
4.8285 7.0059 7.7562
3.9155 6.8136 7.6529
3.0503 6.8158 7.3483
4.1494 7.3771 7.9987
3.5611 7.2129 7.9417
3.1519 7.6062 7.8721
3.5967 8.0284 8.1239
5.9251 8.0514 7.4565
5.3696 7.9962 7.7400
6.1029 7.9933 7.1763
5.5610 8.5643 7.5892
4.8672 7.7282 7.9681
4.5137 8.4327 8.0294
15.3506 -21.3976 2.1228
16.4914 -21.3524 0.6666
-16.7426 -18.7015 1.6183
-16.5437 -20.1556 3.1181
