-17.1951 -26.6783 9.8299
-17.2479 -26.4070 10.2612
-18.1422 -26.4516 9.4629
19.5419 -6.2384 7.3789
20.2828 -13.3039 6.6340
19.9506 -0.9176 6.9180
-17.6018 -26.5427 9.3386
-17.7760 -26.1835 9.8818
-4.5189 18.0058 4.3660
-4.4202 17.5812 4.6231
-3.4980 17.1835 4.3228
-18.3190 -26.0514 9.3982
-17.7396 -25.9013 9.8564
21.1461 -4.6222 5.3659
-10.7317 -26.8092 -5.5471
-14.2627 -26.8594 -5.1600
-11.8871 -26.8106 -6.6180
-4.7507 18.7747 4.3344
-5.7483 18.3811 4.7883
-18.8928 12.7246 3.8826
-18.3353 11.2249 4.7347
-18.0241 12.8661 4.4308
-7.1466 -26.6638 10.3723
-7.4894 -26.6366 11.4564
-8.4587 -26.6284 11.2659
-4.0081 18.1631 4.0755
-13.2080 -26.7436 -6.6806
-7.5936 -26.5079 9.8873
-8.5254 -26.3795 10.8099
9.3708 -26.5422 -2.5738
9.3401 -26.5991 -3.6591
10.3966 -26.4738 -2.8392
10.1017 -26.3095 -2.0430
21.3618 -7.9895 -4.9502
21.8126 -6.2928 -3.6650
21.9980 -7.2683 -3.4569
-2.9056 19.1876 3.7195
-15.8194 -26.5030 10.8889
-15.3032 -26.1500 11.3226
-16.2573 -26.1025 10.8228
9.9993 -26.5626 -4.2957
10.8422 -26.6232 -3.5310
11.0063 -26.5856 -1.5507
11.9071 -26.5599 -2.9577
-16.2217 -25.5776 10.7862
-15.5628 -25.8221 11.1858
-9.0065 -26.8018 -4.0833
-15.1452 -25.3064 11.3096
-5.4523 19.8631 3.7661
-5.3994 19.2505 4.1833
-4.3489 20.0078 3.5484
-3.2167 17.7689 4.0776
-16.4075 -26.6199 8.8116
-2.8634 18.4790 3.8353
10.6807 -26.4545 -1.7406
-15.6342 -26.6898 9.8804
-2.2303 17.7397 4.4619
20.9451 -3.3270 -5.6416
22.0975 -2.7641 -2.6994
-2.2015 20.2366 3.3062
-17.1718 -25.9472 10.2595
-17.6222 -25.3608 9.8247
-18.6236 14.9555 2.9997
-19.3871 12.6356 3.5740
12.2856 -26.6159 -5.6780
-3.4476 20.3296 3.4230
-18.0465 14.9831 3.5043
-15.8124 -24.8435 10.9109
-17.0302 -24.2316 10.1524
-10.5995 -26.6013 -6.1661
-10.4124 -26.6671 -5.7305
-18.9512 15.3644 2.2167
-19.8324 13.3160 2.6288
-0.5983 15.8583 4.4742
-0.3298 16.3864 4.2893
-1.2324 16.2787 4.6961
-0.7172 16.9542 4.5576
12.4862 -26.6163 -4.2293
-1.7867 16.4962 4.9215
-17.1732 12.8679 4.9915
-2.1719 15.9451 5.0572
-17.1606 15.7463 3.3963
-16.5942 13.4162 5.0388
15.9950 -26.5359 -1.9839
15.8425 -26.4240 -1.2531
14.5991 -26.5732 -1.8460
14.8138 -26.4914 -1.2970
-1.0933 17.7546 4.4235
-8.1840 -26.7365 -6.0774
-8.7611 -26.5922 -6.3726
-7.6700 -26.4297 -6.3207
-18.0776 16.0591 2.6916
1.0568 -17.6103 -12.7864
-2.5630 -21.4314 -12.6796
-3.3063 -13.7675 -12.5047
16.4682 -26.1489 -1.1421
-15.7566 -25.2952 11.0241
14.3122 -26.2066 -3.2056
14.7808 -26.4543 -2.5883
13.7661 -26.4451 -2.8050
-7.8175 -26.7952 -5.3750
13.6597 -26.4712 -4.2662
12.8829 -26.3522 -3.5299
-16.1328 15.3463 4.1084
-16.6051 14.5131 4.3332
-15.8256 14.2069 5.1550
-9.6280 -26.7625 -2.6436
-11.4072 -26.7673 -3.0071
0.3943 17.1199 3.8339
-0.1593 17.2848 4.2394
22.4096 -9.4940 2.1759
22.5601 -9.5038 0.9055
22.4808 -1.7398 0.8062
14.1876 -26.5842 -5.1326
20.8036 1.2767 5.7548
13.9049 -26.1927 -3.5873
-1.6717 18.5336 3.9896
-15.7661 15.9857 4.2380
-14.7474 14.9074 5.3224
-14.8125 16.8195 4.4656
15.0786 -26.2393 -3.5077
22.1987 -1.8943 2.8453
22.0264 -7.5811 3.4836
-0.1545 18.1224 3.6243
14.3949 -26.2786 -4.3862
-16.6357 16.4887 2.9947
-11.8800 -26.5430 11.0335
-13.0119 -26.4899 11.0254
-13.8708 -26.6730 9.0759
-1.2526 18.9798 3.4558
-11.8914 -26.6515 9.8132
-9.2604 -26.3738 -6.4761
-14.5256 -26.3365 11.5441
-14.6577 -26.1142 11.5783
-10.0486 -26.5492 -6.7834
-13.9508 -25.9947 11.8341
15.3042 -26.4993 -2.9585
16.6329 -26.4951 -3.0948
-13.9972 -26.5323 11.3570
-2.1988 19.0781 3.5208
-14.7549 -25.8192 11.5552
0.7894 17.4108 3.4782
16.6512 -26.4094 -1.9224
-13.1312 -26.3246 11.9849
1.1340 17.5609 3.4974
1.6206 16.9941 4.3216
1.3745 18.6898 3.1727
-12.7344 -25.8716 12.1984
18.8926 -26.4884 -1.6846
1.8747 18.3571 3.8905
2.2481 17.0475 4.7230
-18.2755 16.4550 1.9354
-14.8567 -26.5293 9.7118
3.0185 19.4574 3.8630
3.9596 18.6190 4.4872
-17.2070 16.7221 2.4898
21.6742 -0.4031 4.2976
21.7215 -4.4475 4.2537
-13.8641 -25.2789 11.8292
14.9190 -26.3950 -4.3688
15.8470 -26.4776 -4.2827
16.3442 -26.2646 -3.8044
-18.5144 16.1224 1.1644
-19.3132 15.0505 1.1390
18.2911 -26.3349 -3.6813
-12.4572 -26.7358 -2.0117
-14.3478 -26.7924 -2.4692
17.6851 -26.4489 -4.2961
-17.6050 17.0294 1.9366
-17.7919 16.9821 1.1801
4.7232 19.6762 4.1000
6.8204 19.5967 4.2333
-14.0865 -24.2965 11.7379
-14.6897 -23.4854 11.4211
-8.7484 21.2126 3.5522
-9.1830 20.8300 4.1693
-7.9991 21.0246 3.7539
-17.0342 17.6141 1.5660
22.3603 -3.8134 -1.5849
22.5237 -11.3841 -0.4662
-10.3036 21.4726 3.7149
-11.2890 20.7921 4.0479
-10.2318 20.0971 4.9931
12.8686 -26.2787 -0.0812
12.7839 -26.3887 1.4249
12.0755 -26.5239 0.5023
-11.0486 -26.7308 -1.3694
-10.3492 22.3040 2.6164
13.9174 -26.4509 0.2239
13.3295 -26.4988 1.5667
-9.5923 21.8597 3.2314
-9.6450 20.7309 4.4550
12.7389 -26.3292 -0.8075
13.8452 -26.2929 -0.1841
-16.2918 17.4902 3.1173
-15.6115 18.0763 3.3575
12.6423 -26.4530 -2.0295
-8.4240 22.1400 2.9195
-11.6693 -26.4294 12.2301
-8.5461 -26.6969 -2.8154
-7.8904 -26.6716 -0.9863
-8.6715 -26.6023 -1.3843
-11.0830 -26.1174 12.5578
-9.7031 -26.4811 12.6031
-10.8075 -26.5442 12.0906
13.3669 -26.5208 -1.4245
13.7496 -26.2744 -0.7449
-16.7526 17.7805 2.2911
-10.6598 -26.3990 11.4561
-9.1665 22.8704 2.5249
-16.4157 18.6483 2.1168
-7.2879 -26.7258 -3.5689
-6.9776 -26.6586 -1.5757
-7.5313 -26.6003 -0.3974
15.0880 -26.1861 -0.2883
14.9123 -26.3547 0.6026
-15.4440 19.5814 2.2746
14.2084 -26.4804 1.6590
-9.1309 -26.3565 10.2249
-10.5337 -26.6188 10.4392
-7.5016 21.5598 3.0229
-10.3811 -26.6618 9.7208
-11.4076 15.3533 6.6108
-10.5981 15.5654 6.3096
-10.6107 16.4009 6.2495
-10.1957 14.5647 6.5618
-10.1342 16.0809 6.2611
-9.7027 -26.7014 9.9305
-6.7675 20.4542 4.0706
-4.8600 21.0589 3.2506
15.5451 -26.4721 0.2102
15.4661 -26.4796 1.2413
-5.3230 21.7696 3.0599
16.0156 -26.4732 0.5177
-6.7755 21.2612 3.4766
-7.6492 20.4228 4.4295
15.7356 -26.1802 -0.5472
-6.2765 -26.7718 -3.2056
15.1565 -26.2146 -0.9547
-12.9215 -23.9601 12.0915
-13.7074 13.5477 6.6696
-12.6475 17.6746 5.5013
-13.9841 14.2729 6.1981
-14.0040 16.0543 5.2860
-12.0204 16.9495 6.1918
-7.2770 22.6698 2.3496
-1.8785 -12.9977 12.8241
-2.0362 -6.6901 12.6411
-5.9135 -10.7077 12.7202
-6.6955 22.1568 2.5121
-5.9156 22.4310 2.4868
-11.1066 -24.0636 12.4867
-5.1464 -26.7548 -3.5107
-4.5123 -26.6788 -1.8584
-4.8555 -26.7179 0.0428
16.4329 -26.0456 -0.4970
-4.2087 -26.5296 -2.6435
-4.2080 -26.6410 -3.6757
17.4179 -26.3282 -0.1450
-3.5177 -26.4833 -3.7004
-3.2234 -26.5598 -2.8022
-5.8107 -26.6239 -2.6439
-6.3645 -26.7104 -0.4000
-5.5352 -26.5542 -1.3889
-14.4908 18.2448 3.9248
12.8210 -26.3882 -2.7797
13.2152 -26.5707 -2.4134
-11.1948 22.6047 1.6817
-11.1292 22.1634 2.1379
-10.5297 23.3711 1.3457
-11.4382 23.2059 1.3841
-9.7660 23.7900 1.4991
2.0532 -11.7288 12.7463
-5.1758 -26.6120 0.1137
-0.6675 -6.6721 12.5889
-9.3804 -26.3763 11.5666
-9.6046 -26.6421 12.1392
-10.8936 17.5640 6.2671
-11.8565 16.1270 6.5400
-8.4698 23.9634 1.7321
-8.8848 24.4080 1.0676
10.2245 -26.6347 -6.2596
8.4682 -26.6415 -5.5508
-10.3625 24.3098 0.2787
-11.6206 23.7323 0.9334
8.7980 -26.6545 -8.0890
9.0292 -26.5245 -7.5899
7.7333 -26.5792 -7.4201
-9.3748 -26.0440 12.7975
-10.9980 24.3293 0.0726
-11.9118 23.8623 0.6009
1.6354 -7.5215 12.6567
9.5738 -26.2755 -6.5681
9.0861 -26.4770 -6.2667
-10.1094 -26.3074 11.8090
10.0486 -26.2476 -7.7738
9.1729 -26.1777 -7.2126
-1.8217 -6.2042 12.2328
-0.5632 -6.4638 12.4064
-1.2959 -6.2212 11.7558
10.3991 -26.0353 -7.6184
9.9719 -26.0644 -6.9555
-7.1032 -26.6010 12.4085
-0.1420 -6.2659 12.0395
-8.1355 -26.4628 12.8043
-0.0191 -6.1068 11.3452
11.9220 -26.5817 -6.2411
-5.0054 -26.7569 -5.0848
0.7016 -6.3827 12.5380
22.3497 0.2647 1.8569
1.1302 -5.8431 12.0368
-6.1356 23.3461 1.4326
-7.0343 23.4843 1.8030
-6.7277 -26.6262 -5.7046
-8.0650 -26.0743 12.9159
-6.0636 24.1596 0.7498
-8.7399 -24.1395 12.8076
-10.7424 18.8681 5.7374
-9.6039 -26.1663 11.1180
-8.0507 23.4824 2.1354
-7.0559 -26.4512 -6.4747
11.0335 -26.4913 -6.7746
-6.0774 -26.4226 -5.8909
-8.8793 -26.1428 10.7478
12.0533 -26.3649 -6.5840
-4.4865 -5.5928 12.6140
-5.1989 -26.5407 -5.5419
-5.9174 -26.5934 -6.7706
11.1889 -26.1515 -7.2827
22.3357 1.6588 0.9337
12.2387 -26.0006 -7.0770
-5.0272 -26.4387 -6.5276
13.2023 -26.1559 -6.4711
21.9871 1.2567 3.3972
-7.4145 24.4351 1.1618
-13.9172 19.2526 3.8211
21.5255 2.1508 4.3096
9.4684 -26.6355 -8.8653
8.1320 -26.3936 -8.6668
7.4377 -26.5557 -8.5011
-4.4601 -3.7778 12.5107
-3.7883 -5.2848 12.5715
-3.4994 -4.9566 12.1213
-2.8820 -5.7564 12.3879
9.2221 -26.4782 -9.2499
8.4038 -26.2614 -9.1291
-14.7776 19.3118 2.9986
11.1855 -26.6428 -9.6875
10.0768 -26.5667 -8.1911
-6.4864 24.7969 0.4283
10.8386 -26.4538 -8.5912
-2.9272 -26.7483 -4.5193
-2.0772 -5.6213 9.5079
-2.6790 -5.6389 11.8686
22.1260 2.4399 2.0512
-3.0034 -26.7269 -5.9492
-14.2958 20.4323 2.7377
-2.7191 -5.3821 10.3135
10.9478 -26.1061 -8.3586
-13.2773 20.8840 2.9810
-4.7582 -2.3840 12.4930
-3.9708 -26.6163 -5.6714
21.8014 2.9380 2.8181
-4.5609 -26.2901 -5.8683
-11.6467 19.5863 4.9291
9.7620 -26.4445 -10.6571
8.9670 -26.2876 -9.5896
21.0773 3.0642 4.8582
-4.0657 -3.9565 12.2018
21.2019 3.4437 3.9028
21.5759 3.3358 2.4552
8.5235 -26.4650 -9.9264
-12.9437 19.8213 4.0832
-8.5759 -0.3675 12.3916
-3.2629 21.7992 2.3827
10.7301 -26.6252 -10.5774
-2.5579 21.0742 2.9134
0.0429 -26.7392 -6.1156
21.0629 3.6292 2.3919
-12.3528 20.3262 3.7645
-0.3815 18.9129 2.9011
0.4821 18.2389 2.9074
-3.5605 -26.3574 -6.1604
-13.6902 -22.1871 11.8971
0.2434 18.7701 2.2616
-11.0537 -26.6550 -7.8079
-9.7362 -26.7755 -8.5289
-10.4939 -26.7133 -7.4286
-1.3469 19.4851 3.0664
-11.1481 -26.7174 -8.3649
-12.2014 -26.8450 -8.3729
-12.1016 -26.6885 -9.0511
-0.6295 19.3845 2.5980
-11.6601 21.1366 3.2365
13.7023 -26.1403 -9.9102
13.3404 -26.2782 -8.9832
13.2063 -25.9257 -9.3113
13.1398 -25.8518 -9.9076
0.7132 19.5836 2.1482
-0.0908 19.1770 2.1836
11.8642 -25.8639 -9.1269
-0.3853 19.7190 2.4561
-18.3630 11.4875 -3.3022
-19.0399 10.7760 -2.5210
-19.4250 12.3994 -1.5233
-9.9973 -21.3532 12.6358
21.5791 -1.1897 -4.1853
0.3867 19.8596 2.2952
11.8321 -25.9861 -8.1684
-0.6973 20.3441 2.7290
-8.2776 -22.4857 12.7956
-7.5047 -21.0095 12.8293
-18.5635 13.3324 -2.2125
-9.7596 -26.6154 -9.7334
-13.8827 -26.8654 -7.0680
-19.2139 13.9894 -1.0873
-4.2313 -26.5663 12.0670
-6.4761 -26.5648 11.7532
-5.0636 -26.4972 11.7042
12.8485 -26.0291 -8.4507
12.6286 -25.9667 -7.6450
13.6890 -26.4677 -8.5176
13.6914 -26.1908 -7.7730
11.8379 -26.4640 -9.9091
-17.7129 13.7603 -3.4276
11.7685 -26.0672 -9.4089
-17.1565 12.3764 -4.8622
-17.7180 10.8634 -4.5161
-6.0593 -26.5788 10.3034
12.6063 -25.8116 -9.2109
-5.6462 -26.4167 11.1886
-2.2729 21.8434 2.0695
-1.2509 21.8644 2.0998
12.5307 -26.0493 -10.1208
-17.8396 14.6036 -2.2175
-5.0886 -26.4276 10.3387
1.5345 -5.7940 12.4104
-9.7717 -26.8038 -7.7391
2.2961 -5.5609 12.5411
-17.1822 15.8254 -2.4264
-8.7109 -26.3549 -7.4709
22.1787 0.3533 -2.3862
-3.6454 -26.4399 12.8986
-6.1858 -26.4829 12.8067
-8.4617 -26.5330 -8.0996
-3.2209 -26.0312 13.1089
-6.3846 -26.2406 13.0101
0.1394 21.5059 2.3153
-8.2793 -26.2377 -6.6053
2.2938 -5.0233 12.2934
0.0237 20.8251 2.5020
22.3455 0.7295 -1.3046
7.5599 -26.3689 -6.3046
-18.0949 15.8400 -1.3127
-8.6851 -26.6446 -8.9607
-19.9489 13.4741 -0.0629
-19.3491 14.9215 0.0075
-3.3940 22.8406 1.7612
-2.7590 -26.5988 12.1146
5.0927 -3.5872 12.4631
3.4095 -4.1015 12.5021
-18.4884 16.0110 -0.6153
-4.3741 -26.1731 11.2923
0.7947 22.6696 1.5016
-0.9017 22.5883 1.0745
-1.0055 23.2357 0.4516
-4.5500 -26.0889 10.7645
-6.5005 -26.7018 -9.8559
-8.5643 -26.7880 -9.8207
-6.8797 -26.7733 -10.2852
8.2687 -26.2385 -6.8263
-7.5614 -26.6921 -8.5072
-0.1500 23.0546 0.7136
-3.7256 -26.0985 11.0016
-3.5099 -26.2974 11.5955
-3.0320 -26.4137 11.4331
-7.7135 -26.2428 -8.0459
-3.3425 -26.4131 10.3871
-2.7617 23.5068 0.8339
-8.6252 -26.1956 -6.9031
-16.8919 14.3688 -4.3489
0.2010 -26.4328 11.2422
0.0544 -26.4782 11.9982
-0.8667 -26.2078 11.2440
14.7994 -26.5868 -5.9463
13.8944 -26.3744 -6.1058
-0.8278 -26.3027 10.6286
-1.5646 -26.5199 12.7070
-2.3654 -26.3333 13.0342
6.9780 -4.5817 12.4436
5.4756 -12.7474 12.6520
-12.1153 -26.6492 -9.9759
-11.8304 -26.8002 -10.7321
-10.7733 -26.8072 -10.7796
-11.9257 -26.5926 -9.6235
-1.2225 -26.4833 11.8564
16.6272 -26.5745 -5.3493
-9.9623 -26.7443 -10.7397
-0.6931 -25.9965 13.0738
-0.9058 -26.3423 12.9607
-10.5940 -26.5542 -11.4171
-0.0394 -26.5364 12.6384
-17.1836 16.7797 -1.4930
0.9199 -26.4019 12.8637
13.8513 -26.0344 -6.9965
-3.5429 -24.7629 12.9978
-12.0128 -26.5346 -10.9803
-4.9724 23.0391 1.9829
-10.5292 -26.0062 -11.5045
14.8179 -26.3997 -6.4103
14.5621 -26.0957 -6.6899
-5.2684 23.5015 1.2381
16.0113 -26.5056 -7.2406
-16.6843 16.9517 -2.6323
-9.3117 -26.7566 -11.3959
-1.9246 -26.5633 11.0384
15.2588 -26.2210 -6.9656
-16.0784 14.2226 -5.4314
-3.3498 -26.6406 9.3672
20.9092 1.0561 -5.4638
-1.3080 -26.3283 10.6472
-8.3965 -26.5216 -11.9498
-15.7873 15.6807 -4.7214
8.0853 -4.8939 12.2771
4.5256 -8.9717 -12.8094
4.8153 -20.2374 -12.8898
17.5781 -26.5414 -6.9086
-5.0876 23.9956 0.2324
-4.1414 24.1289 -0.2634
2.0116 -26.4745 12.4914
-3.4249 23.7999 0.4658
1.5385 -26.4472 11.5661
21.6918 1.7642 -3.6760
-8.2346 -26.8313 -10.7846
1.2503 -26.5829 10.3839
10.3449 -4.9056 11.9027
8.6360 -9.9745 12.2856
2.2367 -26.3402 12.0732
2.7737 -26.0665 11.3418
-1.0579 -5.8545 8.5388
2.4800 -26.4004 10.9218
2.0403 -26.1356 12.9796
-16.0820 17.9167 -2.7957
15.0505 -26.5769 -9.0379
14.7353 -26.4830 -8.1008
2.6320 -25.3630 12.9681
-7.8394 -26.0506 -6.6291
-7.4666 -26.1672 -6.6807
15.5929 -26.2888 -8.0072
15.9543 -26.2474 -7.7888
14.7429 -26.0896 -7.4472
-8.9207 20.7168 -6.2756
-9.8500 20.9318 -5.4574
-7.5296 21.8812 -5.9521
-7.4895 22.9162 -5.0711
-6.9744 -26.3262 -7.3191
-6.4458 -26.6287 -7.2468
16.1384 -26.5270 -8.7478
-7.2768 -26.0885 -7.6475
-15.4599 18.4987 -3.0090
-0.2573 -5.9655 9.2306
-2.2097 -21.6169 12.9780
14.9857 -26.5247 -10.5272
14.3807 -26.4842 -9.7805
22.2379 2.3825 -0.6717
-8.8457 22.4227 -5.0076
-15.0346 17.8833 -3.6466
-5.2975 -26.7931 -7.6800
-5.1599 -26.6453 -8.2388
-4.0780 -26.7666 -7.5166
0.6139 -5.6452 8.9975
22.0045 3.2119 -1.3195
22.0157 3.2788 0.5823
19.5593 4.0445 0.8020
19.2996 3.8372 1.7402
19.9841 3.9363 0.4734
20.7008 3.7847 0.8737
-18.3868 16.6512 0.2187
-6.1720 -26.7066 -9.0599
-6.8996 -26.4339 -8.3840
16.4338 -26.5277 -10.0245
-17.9590 17.1446 0.4759
-6.2519 -26.3142 -8.4797
21.5181 3.6859 0.6197
-7.5276 23.7506 -4.5669
20.1954 3.9275 -0.0935
-6.2307 23.0333 -5.8620
-17.7382 17.2756 -0.4469
-6.7353 -25.5473 13.0047
-6.0703 -26.3058 -8.0739
19.6281 3.9067 -0.9397
19.5128 4.0760 -0.5554
-17.2542 18.0694 0.0194
19.7595 4.3744 0.1477
19.4499 4.7630 0.4367
19.8008 4.6475 -0.3248
-17.2341 17.6460 0.6791
-0.3285 -5.6747 6.5659
-5.0648 -26.4367 -8.5880
-2.7906 -4.9419 8.7258
-5.3331 -26.2769 -8.8602
21.7489 3.5637 -0.3737
-10.7748 24.5238 -0.5021
-9.4059 25.0308 -0.6836
-9.1743 24.8518 0.0849
17.1995 -26.4598 -8.2776
-3.9960 -26.2521 -6.4938
16.6156 -26.3413 -8.5541
-16.8627 18.1962 -0.6697
20.2861 3.7883 -2.4115
-4.0631 -26.7606 -8.8982
19.2197 3.8876 -2.2318
19.0966 4.0974 -1.3590
-11.4795 23.9832 -1.5823
-11.2383 24.2045 -0.8011
-9.0710 25.1446 -1.5876
19.0871 4.4710 -1.0493
-3.7647 -26.5414 -7.1487
18.9777 4.1005 -2.1604
19.0864 4.6971 -1.8273
-9.8317 24.6259 -2.4752
19.4417 5.3355 -1.3147
19.6870 -26.5001 -6.6913
17.6599 3.9888 -4.4117
18.0404 4.3602 -3.4716
-2.4687 -26.6281 -6.8152
-2.8969 -26.2911 -6.9159
-2.5791 -4.9836 6.2366
-6.3221 -23.1280 12.9143
-2.8635 -26.2339 -7.3698
-16.6273 18.7906 1.4501
-3.0517 -26.4142 -7.5835
-16.7684 18.4527 0.7785
17.5204 -26.4914 -9.1226
-7.3722 25.2237 -0.3321
17.1271 -26.3351 -10.0231
18.9227 4.7350 -2.5648
-5.1477 -26.4809 -9.5967
-15.7768 20.0458 0.2831
18.8794 -26.3786 -8.6719
-16.4624 19.1604 -0.1996
-2.4935 -26.5327 -2.3206
-2.4086 -26.5584 -0.0372
-3.4009 -26.6336 -1.1064
19.4910 5.7732 -2.0187
-1.6787 -26.6389 -1.1551
-2.2259 -26.4856 -1.5584
18.0879 -26.2481 -9.4622
0.3956 -5.5372 5.7025
1.0891 -5.2900 6.8346
-6.3327 25.4150 -0.9408
-3.7934 -26.5530 -0.1901
21.9448 2.5078 -2.6986
17.8541 -26.5180 0.4519
16.8177 -26.4887 0.7964
-7.4914 25.5673 -1.6613
-15.7295 20.2977 1.2549
-15.9328 20.0550 0.8621
19.9484 -26.4872 -0.2190
19.6124 -26.4966 1.0094
18.3442 -26.3316 1.0926
17.5478 -26.1514 -1.0501
18.6504 -26.2027 -0.5968
17.3319 -26.3839 -1.5323
-1.3816 -26.4624 -2.7140
-1.8703 -26.6246 -3.1389
21.2792 3.1915 -3.9440
21.5720 3.3844 -2.6572
20.8780 3.6268 -3.6280
21.3161 3.6922 -1.8290
1.5802 -5.2707 10.5311
1.8645 -4.8498 9.8579
-10.5054 23.9747 -2.8558
-9.0505 24.6776 -3.2173
-3.1163 -26.6863 0.4524
-10.5374 22.9807 -3.8206
-16.1970 19.3945 -1.2039
19.4906 -26.2642 -1.0528
-7.7989 24.6904 -3.7695
-7.9195 25.3806 -2.7789
21.7256 3.5789 -1.3736
-15.9516 20.0687 -0.7432
-3.6749 -4.3832 11.4448
-8.5110 23.9056 -4.2380
-9.8665 22.2463 -4.7356
19.0507 -26.3755 1.4726
-15.5465 20.5284 -0.2739
19.5129 4.6453 -0.6747
-3.2063 -4.8773 10.2339
21.3606 -26.4804 -0.0199
-6.5080 -5.2220 -12.0769
-5.6668 -16.0561 -12.2943
20.5193 -26.2708 -0.9275
-0.1326 -26.6901 -1.8513
-0.6620 -26.5670 -1.1282
-15.2934 20.5597 -1.5556
-14.3077 21.3743 -1.9173
-1.1184 -26.5989 -0.4082
-4.0660 -2.9455 11.9553
-3.9031 -3.2687 11.3797
0.5715 -26.7065 -3.3369
0.8466 -26.6389 -0.2397
-3.6854 -3.8551 10.2802
-7.9459 -9.9981 -11.8975
21.8737 -26.4423 -1.5214
1.4606 -26.5823 -3.1250
-6.2228 24.2333 -4.8439
-14.5962 21.6323 -1.1968
-4.2019 -2.3280 12.2185
-2.0275 -26.6059 -4.1020
-5.7541 24.9775 -4.0508
-5.6020 25.5738 -3.5060
19.5678 -26.3564 -4.1033
-4.1464 -1.0831 12.3656
20.2578 -26.4966 -2.0987
-3.5715 -3.2146 9.4362
-4.9132 24.6978 -4.7946
-3.7969 -2.1493 11.4273
-3.5238 -2.2685 9.8325
-0.8589 -26.5138 -3.6899
-2.9973 -7.8201 -12.4399
-7.1887 25.6550 -2.5942
-0.4229 -26.6800 -4.2169
-13.7769 21.8990 1.8651
-14.7240 21.2356 1.5579
-3.6288 -1.2116 11.8277
-5.8747 25.7576 -3.1752
-6.3675 25.6853 -2.3598
-3.3021 -1.3939 10.7253
-14.6798 21.7165 0.7644
19.9023 -26.4890 -3.3647
20.1324 0.1042 -6.8542
-3.2956 -4.2269 9.1278
-3.0238 -4.3925 7.1321
-5.5669 25.4435 -2.2940
-5.4955 25.3399 -1.5053
-12.5770 21.3550 2.5065
-3.2928 -3.7958 7.7928
1.4328 -26.4576 -0.7725
1.6638 -26.4652 -1.6920
-11.9363 21.4982 2.4094
-3.3817 -3.0850 7.5843
2.3088 -26.6046 0.0019
1.5379 -26.5612 0.6368
-0.4601 24.3114 -0.7625
-12.6774 22.0779 2.0689
-3.4637 -3.0061 5.1763
-3.3189 -2.1517 6.7830
-0.1051 24.7698 -1.5904
-2.2284 24.3929 -0.5702
3.3314 -26.3930 -1.3341
3.0411 -26.4568 -0.5785
-12.5954 22.9020 1.5438
-1.8498 24.8909 -2.1189
-1.7089 24.7968 -1.3508
-0.2077 24.8882 -2.2091
21.1350 -26.4527 -3.8783
-20.4856 -26.8890 -0.8671
-20.4086 -26.8795 0.7869
-21.9945 -26.8349 -1.2288
2.8831 -26.5361 -2.1217
2.1300 -26.6353 -2.3197
19.7361 2.3169 -7.0669
19.1715 0.9013 -7.9922
21.8679 -26.3503 -3.7170
20.6296 2.7961 -5.4979
-1.9782 25.3596 -3.5620
-1.9043 24.9220 -2.7317
-0.3311 25.3746 -3.4758
-20.3528 -26.8738 -3.5803
22.4135 -26.0275 -3.2718
21.4535 -26.1481 -5.2224
-19.7063 -26.7988 -1.6630
-0.2445 24.8685 -2.6421
-14.2471 21.8937 -0.1369
-13.6821 22.6782 0.3368
-2.8668 -1.2357 7.1783
-1.1536 -6.1423 -10.1798
-0.8407 -6.4155 -11.1903
-1.7048 -6.3481 -10.9058
18.5802 2.3049 -8.3776
-21.5035 -16.7242 5.2816
-20.8146 -21.1171 6.5432
-20.8969 -12.5997 6.4441
-1.1140 -5.9715 -9.5406
-0.4021 -6.0395 -9.7907
-13.5431 22.7104 1.1321
-5.2947 24.6982 -0.2642
-2.6047 -0.7503 10.0458
0.3099 -5.7997 -9.4226
0.0233 -6.2486 -11.2263
-20.5333 -17.1501 7.0038
17.2826 -26.3581 1.7412
18.7978 3.8216 -5.9061
20.7181 3.5212 -4.6072
-16.9040 -26.7369 1.3185
-16.9325 -26.8124 3.1218
-17.9106 -26.8087 2.5690
-2.6562 -0.2257 11.5230
-2.0682 -0.5406 8.7142
-1.8971 -0.0834 10.7437
0.5819 -5.9283 -11.2575
-15.6178 -26.7945 2.3514
-16.3412 -26.7336 3.5525
-14.0208 22.2440 -0.8276
22.5297 -26.3211 -1.8716
22.4921 -26.3724 0.3979
22.8556 -26.0691 -1.0523
22.8403 -26.1887 -0.1250
-4.4616 25.0574 -1.8447
-5.3570 25.0656 -0.7264
-17.8251 -26.7861 1.0787
21.4462 -26.4439 2.4022
-2.3553 -0.7961 6.1754
-3.5186 24.7891 -2.2279
-4.2508 24.5816 -1.1541
19.9291 3.3675 -6.1158
-3.0434 24.6817 -1.5567
22.8704 -26.0375 1.0618
22.5444 -26.2311 2.1725
-1.1980 0.0300 10.2124
22.7902 -24.8383 0.7231
22.6456 -23.3706 1.9517
-15.8991 -26.8056 0.4068
-18.8422 -26.8285 -0.0125
19.5302 3.6223 -6.2519
-1.6437 -0.4445 6.8336
22.6701 -20.0980 0.3025
-0.5746 -0.2768 7.3682
-0.4718 0.4274 11.2702
16.7716 4.3731 -4.6373
22.9095 -25.6425 -0.3078
-12.6400 23.2999 -0.6020
2.6488 -4.3448 12.1364
-12.4590 23.6799 0.4184
-12.5271 23.6033 -0.0456
0.9479 -5.3212 -9.5979
0.4334 -5.6084 -7.6142
0.9575 -5.2322 -7.4264
2.4945 -4.0159 10.7158
2.7760 -3.7330 11.7863
-22.0509 -18.1031 3.8917
-22.2176 -13.9842 3.2677
22.7635 -25.7160 -2.0134
22.6370 -26.1321 -2.4770
-16.9328 -26.7913 -0.7280
17.3504 4.9263 -4.2645
-14.4137 15.0081 -6.6082
-15.2618 14.0095 -6.2993
-1.5967 -5.7141 -7.3607
-0.7220 -5.8007 -7.0836
-1.0017 -5.8654 -8.6072
18.5219 5.8131 -3.4898
-14.7699 16.0874 -5.6389
22.5242 -24.6401 -2.4955
-1.9705 -5.8088 -9.4549
-16.1153 -26.7233 -2.2089
-18.4908 -26.8751 -3.0049
19.3295 6.1008 -2.5447
-4.5315 25.3647 -2.8354
21.9536 -24.7928 -3.9482
22.7341 -23.9541 -1.0401
-14.6332 17.5710 -4.3593
-18.2777 -26.7355 0.4453
17.6126 5.9926 -4.3717
-2.5951 -5.4237 -7.7559
-13.0407 16.9579 -6.2684
-2.8691 -5.6068 -10.4410
-2.3058 -5.9859 -10.3301
-2.2888 -6.2536 -11.1605
-4.2462 25.3684 -4.1263
-4.1070 25.6841 -3.7322
-4.9159 25.7743 -3.2701
-3.3968 -5.1958 -9.9242
-14.9797 -26.6364 0.9116
-13.9804 18.1289 -4.9333
-22.4620 -17.8057 2.5474
-22.5473 -15.2765 1.4271
-22.5096 -16.4634 1.0340
-3.4503 -4.9392 -8.0923
-13.2703 15.5204 -7.1503
-22.3933 -15.5036 2.5023
-14.6008 -26.7925 -0.5061
-15.2306 -26.8262 -0.8375
-13.5247 17.6318 -5.5217
-4.2294 -4.4724 -10.8383
-3.8665 -4.4796 -7.8457
-3.4348 25.2055 -3.0944
2.1230 -3.9886 8.7216
22.4196 -21.7644 -2.4833
-3.4039 25.4981 -3.5292
-15.5850 -26.6552 -1.3962
2.5433 -3.1559 9.9626
22.5922 -21.2321 -1.5204
-12.1256 15.4661 -7.6305
-12.1649 17.1000 -6.7232
18.8712 3.2487 -7.6113
1.7624 -4.4484 6.2258
-22.5098 -13.3383 1.8356
-20.7954 -26.6889 2.9918
-21.1408 -26.7458 4.4704
-21.2645 -26.8556 2.3952
-21.9157 -26.7024 3.5844
-21.7576 -26.4383 4.5271
2.0692 -3.5877 5.7764
0.8464 18.5763 2.6307
16.8097 3.8547 -8.4715
-21.9072 -25.7370 4.1256
-22.0407 -26.2516 3.8669
-0.2327 3.9741 4.7080
-0.5201 4.1056 5.6943
-0.1482 4.0174 5.8080
0.3985 3.8138 4.3391
0.7651 3.8836 5.1251
2.2051 -2.5357 7.1509
-21.0356 -26.6641 5.8001
-19.9582 -26.7074 7.0900
-20.9479 -26.4496 6.2389
-20.3341 -26.2485 7.2007
-20.7976 -25.8403 6.5737
1.9954 19.9353 2.9881
-14.0160 18.8733 -4.0925
3.1833 -3.0387 12.3169
-21.9579 -12.1998 4.0177
3.8115 -2.7898 12.4619
0.0414 4.1479 4.0463
-0.3273 4.6971 4.3999
-0.7897 4.9336 4.6063
0.8632 19.1603 2.2556
2.0463 3.9454 4.6959
-20.0392 -25.2327 7.5977
-21.4285 -9.7186 5.3912
1.2591 3.9180 4.0943
0.5762 3.9262 3.8692
0.2334 4.4158 3.7672
-0.1383 5.2448 4.0430
-20.9913 -24.9536 6.1592
0.8361 4.2610 3.7068
1.4875 20.3505 2.2578
2.8392 -2.7318 11.4780
2.7898 -1.8967 11.9415
-18.7100 -26.8062 6.4156
-18.2976 -26.7073 7.8595
-19.0059 -26.6358 7.4855
21.8678 -15.9600 4.1394
21.8976 -25.0298 4.2800
22.3310 -19.0179 2.9536
1.5143 4.0237 5.5696
-0.2185 -5.8318 -8.3213
-0.0711 -5.7682 -6.9226
2.0736 4.1900 4.3701
1.1184 20.9504 2.1983
-16.4221 -26.7455 6.9969
-17.3767 -26.6345 8.1995
1.5602 4.7852 4.2378
21.4745 -18.4320 4.9796
3.0473 -1.4642 12.3573
2.3564 -1.8334 10.4443
-12.7832 20.3438 -4.2842
-11.5386 16.2056 -7.2495
2.6266 20.8621 2.7228
-19.2886 -26.3710 8.3642
2.3926 -0.7089 12.2022
-14.3155 20.0383 -2.6296
3.9437 3.9706 6.6520
3.9757 3.9153 5.8366
-19.5075 -25.8929 8.2669
2.4847 -0.0574 12.3447
-19.0623 -25.7182 8.7015
-12.0756 19.5297 -5.2344
2.2384 -1.0909 11.5310
-22.5908 -16.6506 -0.1164
3.9497 4.0193 5.5585
3.8423 4.4082 5.4238
4.3041 20.8827 3.3072
4.4941 5.0779 6.2004
-19.3876 -24.2248 8.3433
-18.1240 -23.3063 9.4772
1.5240 6.2878 4.9031
-22.5834 -13.4313 0.0558
1.6029 -0.6893 10.8707
-22.5027 -14.5946 -1.2592
-10.9191 17.5214 -7.0075
3.5406 21.5314 2.5554
0.2788 5.2099 3.7339
0.7475 4.8684 3.7706
1.9273 -1.6460 7.2909
-10.4359 19.2280 -6.5722
1.7870 21.3543 1.9730
2.4828 21.5849 1.8867
-11.4896 18.9211 -6.1738
-1.5680 5.2394 6.7100
-1.0562 4.4881 6.2938
-1.8231 5.7120 6.4765
-1.0666 5.2649 4.9196
-0.7030 4.4963 5.1356
1.5828 -1.0741 7.4140
-1.4506 6.1705 5.1360
-1.4804 6.3328 4.7118
-19.6234 -26.7649 3.8852
-20.3724 -26.6802 4.7913
0.3702 -0.5311 6.5475
0.5750 -0.2133 10.5424
-18.7822 -26.6988 5.3257
-22.4617 -9.4922 2.0417
-9.0978 19.1499 -7.1373
-2.5873 6.6028 7.0753
-2.0931 6.0007 7.2806
-2.4351 6.6600 6.4367
-1.5190 5.6901 6.1304
-1.5992 6.2965 6.1426
0.9620 0.2112 11.7177
1.8588 22.7274 1.4163
-3.2796 7.1318 6.9353
-3.1160 6.9156 7.5448
-10.9332 19.9148 -5.8218
-22.5895 -10.6222 0.6332
1.5815 0.1317 12.1039
0.3812 1.1183 12.2189
2.5146 22.3200 1.3981
0.6697 23.1352 0.9982
-3.3483 7.4385 6.6888
-4.3025 7.6146 7.0212
-2.0480 7.0187 6.0180
-18.5981 -26.6926 4.0376
-11.3411 21.0581 -4.7365
-2.2980 7.1325 5.1525
-1.8683 6.7897 5.5246
19.7206 -26.5209 -4.6175
-21.2453 -26.4834 5.6589
-21.3841 -26.0902 5.5039
-2.9969 7.5892 6.4591
-2.8627 7.6134 5.9811
-3.9267 7.9903 6.2533
-21.4828 -26.5921 5.1709
-3.4615 7.8231 5.4880
-9.1655 18.0158 -7.6939
-10.1503 17.9629 -7.2810
3.7118 22.0604 1.9136
5.4624 22.0192 2.3970
-3.8158 8.2111 5.1164
-2.8126 7.7969 4.8183
-3.8455 8.3497 4.4913
-22.0175 -7.8029 3.8664
3.6736 22.6719 0.9566
-1.7263 7.1051 4.3813
-0.8950 6.0752 4.4328
-7.4722 19.0985 -7.6570
-6.5808 19.9460 -7.2971
5.5818 22.8877 0.4902
5.0154 22.4805 1.5596
-1.1292 6.9547 3.9037
-2.6172 7.9595 4.1825
-2.2191 -7.2669 -12.4687
-4.3193 -5.8192 -12.2408
-6.1331 20.8333 -6.9944
20.0511 -26.2359 -7.3160
20.8068 -26.3919 -6.0217
-7.4499 21.0785 -6.6966
-2.8958 -6.4560 -12.2885
0.9421 1.3092 12.3140
-21.8300 -24.5416 4.2386
3.1539 23.4033 0.6372
4.5152 1.5985 12.2351
-3.9755 8.8678 4.2314
-2.2329 8.0614 4.0990
-2.6521 9.2170 4.7152
-1.4870 8.8641 4.6353
-5.8545 7.7511 7.1262
-7.8686 7.7393 7.2497
-6.9603 7.5351 7.7821
-6.5502 7.8182 6.5813
-7.0811 7.8762 6.2161
-17.2780 -26.6816 5.4034
7.5598 20.9088 3.4629
-1.8323 -5.4159 6.4833
-1.1586 -5.5640 6.1423
-5.3330 7.5017 7.7177
-6.5252 8.1336 5.5295
-6.0122 8.1153 5.5533
20.9380 -23.8448 -5.9820
20.8008 -26.0278 -6.3638
-7.0884 8.1544 5.8176
-22.3131 -10.6956 -1.9464
-17.5184 -26.7735 4.5805
-21.8711 -12.1343 -3.2712
-22.2265 -14.7393 -2.4267
-13.6862 20.4725 -2.8444
21.9380 -22.9821 -3.9094
-13.1383 21.5459 -2.6120
-4.8323 8.1420 5.8764
-22.5027 -10.8774 -0.6537
-3.0698 -4.4068 4.7725
-15.7573 -26.7769 4.9885
-3.3242 -3.7801 5.4446
21.1659 -20.7553 -5.4659
-12.9265 21.2635 -3.3131
8.3915 21.3896 3.1582
10.0859 21.6246 2.8441
-12.1585 22.6284 -2.5378
-12.6466 22.9545 -1.9052
-8.5387 -1.2643 -11.6571
6.5245 22.7432 0.9050
-5.2033 -4.7427 -12.1572
7.8683 22.4667 1.8105
20.1179 -25.3243 -7.3611
19.8688 -22.9568 -7.5857
-11.7338 22.3043 -3.4715
1.4050 -4.9656 5.8371
-7.1115 9.4732 6.7293
-6.5577 11.4964 7.8614
-8.3241 9.7331 7.7614
-4.0064 -5.1110 -11.5019
-3.2938 -5.6841 -11.3051
19.2506 -26.0907 -8.4189
19.1770 -25.0512 -8.4427
-3.8196 -5.7640 -12.1348
-2.7931 -6.2507 -12.0148
-21.4630 -21.2512 5.3742
-5.8448 11.3846 7.2668
18.0907 -25.2350 -9.3916
-13.0298 23.0557 -1.0958
-4.2079 -3.9125 -8.2704
-4.0022 7.2692 7.6734
-21.9838 -23.2384 3.9291
17.9650 -22.6478 -9.4253
18.8265 -20.9645 -8.6844
-4.6109 -4.6141 -11.9472
0.5740 4.2210 8.6804
6.0995 3.9996 9.1127
7.9740 22.9450 0.7024
-4.3844 8.2836 5.1043
9.2577 22.3488 1.8939
-5.2723 -3.2845 -11.9915
-19.8329 -19.3442 7.8527
8.8436 23.2600 1.0548
9.4280 23.1244 1.6230
-4.8076 -3.8069 -11.6485
-6.1926 8.5106 5.0994
-5.8427 8.3192 5.0122
-6.2322 8.7814 5.2256
-6.9602 8.6111 5.8369
0.6134 23.7725 -0.0706
-4.6397 -3.3184 -10.8000
0.0781 23.9803 -0.7214
-4.5217 0.1058 12.4204
20.0987 -15.2189 -7.1761
-4.3727 -3.1222 -7.9835
-5.7068 9.0232 4.6919
-5.5746 8.7231 4.4975
-5.6849 -1.1054 -12.0726
-5.0964 8.5455 4.4615
2.0167 23.7050 0.3962
2.2409 24.0067 -0.5193
-5.5818 9.9700 5.6636
0.9729 24.2468 -1.2954
-21.9562 -6.9052 -2.9733
-5.0197 -2.9018 -11.5610
-5.0536 10.4020 5.2482
-3.3066 -0.2274 12.1844
-4.3618 -2.3348 -8.1970
-4.8803 -2.2859 -11.3700
-5.0735 8.9743 4.2159
-4.4316 8.7437 4.1745
-5.1099 9.7168 4.5609
-4.7431 9.5951 4.3939
2.3812 24.1628 -1.2929
-4.2275 -1.5637 -8.9144
-6.7260 2.4691 12.3152
5.4462 23.4498 0.0229
-22.4776 -7.7179 -1.1499
-22.5734 -7.5232 -0.2011
4.8537 23.8061 -0.4959
3.4098 23.8386 0.0670
-5.2683 -2.0026 -12.0082
-4.9210 -1.6919 -11.8388
-22.7003 -26.4144 1.8523
-22.3438 -26.7051 1.5657
-22.4319 -26.3071 2.8587
-22.6704 -26.0142 2.1670
-4.4678 -1.2459 -11.5105
-5.0883 -1.0658 -12.1056
-3.7749 9.7606 4.6498
-21.7715 -26.8397 1.9463
-2.8908 0.7625 12.3169
-4.5322 -0.8470 -11.9811
-22.3174 -5.8250 2.8451
-4.5209 11.3561 5.1124
21.2008 -16.1649 -5.3134
-22.5362 -5.9511 0.8007
-4.3017 11.0151 4.7441
-3.5281 11.4047 4.9526
2.1845 -6.3680 -12.7155
-22.5818 -26.5789 0.3144
3.8859 24.2316 -1.3318
-22.8089 -26.2745 -0.4762
-22.8355 -25.8818 0.7583
-2.8014 10.3250 5.1022
0.3133 -6.8641 -12.6103
-8.5403 16.3032 -9.5894
-7.5292 16.8843 -9.4378
-7.5346 15.5848 -9.9614
0.9543 25.1368 -2.4092
1.3553 24.8077 -1.9609
-20.2097 -26.7492 1.8524
-6.3832 15.8131 -9.7659
-6.5001 14.8632 -10.0938
1.6598 24.2852 -1.6844
2.1674 24.6697 -1.9301
-22.4780 -25.6744 2.8682
-0.6228 2.8225 12.2314
-7.3301 3.7826 12.1580
-22.2937 -3.2561 -1.6529
-22.2477 -24.8545 3.2488
-5.0487 11.3146 6.4211
-6.5776 17.0723 -9.0845
2.3547 25.3663 -2.4889
-4.7596 12.0430 6.3858
-7.0565 17.6120 -8.7213
-6.1832 16.5076 -9.2719
0.8250 25.2514 -2.9332
-2.1724 0.5304 11.9099
-1.2760 -6.6304 -12.1336
-1.3726 -6.9230 -12.4128
-5.4783 12.3685 7.4847
-7.9109 17.6421 -8.7949
-9.1256 17.1025 -8.9268
0.7806 25.8855 -3.7982
-8.6161 17.7979 -8.4892
-1.4333 1.6567 12.2835
-22.6418 -24.9835 1.9069
-0.2295 -6.6799 -12.3800
2.0290 26.0263 -3.2884
3.1777 25.4749 -2.5591
-22.7532 -25.1549 0.7627
-22.7622 -24.5747 1.3664
9.9152 -26.6416 -12.0570
8.5541 -26.6757 -11.8586
-22.4140 -24.3292 2.8040
-1.4646 0.7323 11.8080
-22.6771 -24.0313 0.9525
-22.5190 -23.6663 2.4464
-3.6934 12.5996 4.9575
5.9923 23.3317 -3.8998
4.7429 23.6112 -4.2229
4.5751 24.1103 -4.2437
-4.2373 12.9504 5.7558
-3.9802 13.0505 5.1487
13.3572 -26.5637 -11.4960
12.6241 -26.6315 -10.8666
-22.5388 -2.4291 -0.5087
11.7991 -26.4275 -12.2527
8.3068 -26.4911 -12.7546
-22.4473 -26.0930 -2.5530
-22.5476 -26.5631 -1.4566
-22.7947 -25.7517 -1.4273
9.3471 -26.2341 -12.8038
10.8797 -26.0224 -12.5766
5.3277 24.4009 -1.3403
5.2382 25.2635 -1.7704
-0.8834 4.6451 5.9017
13.4388 -26.2376 -11.9795
12.2127 -24.5529 -12.1568
9.9472 -24.8701 -12.6314
22.0764 -16.6568 -3.2528
-0.7795 4.9205 5.7655
3.4072 26.4002 -2.7987
8.3936 -26.5680 -11.0608
3.6234 25.8600 -2.5681
-0.8597 5.3441 5.4776
-1.0419 3.4333 12.1267
-1.0273 5.6015 5.8822
-3.6570 3.9547 11.9906
-22.9096 -25.1481 -0.6145
4.3179 26.1245 -2.3103
5.5284 26.4279 -2.2563
13.0195 -26.4889 -10.6074
-1.3219 6.2651 5.7548
-2.9965 4.4565 11.4072
-5.4284 4.7680 11.4221
-18.6616 -16.6783 9.0027
-17.7781 -19.3924 9.7284
-16.9046 -17.1082 10.2395
-22.8215 -24.1233 -0.2616
7.1462 23.0379 0.2570
-22.5820 -23.1490 -1.6786
13.9976 -26.4574 -10.6311
6.4907 23.6928 -0.4999
13.3163 -26.1524 -10.3176
1.2262 -5.4552 -11.9478
6.7985 23.9874 -0.6590
7.9426 23.8972 0.1892
-22.3955 -22.6520 2.3317
-22.6099 -21.2620 1.6376
0.5436 -6.3551 -12.4491
-7.0730 4.2439 11.9609
4.4186 5.6227 6.5021
3.2622 6.5937 6.0242
-7.9387 4.6824 11.5511
1.9771 -5.4651 -12.6633
1.3099 -5.6624 -12.3829
15.2109 -26.3988 -11.1324
1.2976 8.1676 5.5528
21.6838 -18.0712 -4.4588
13.5836 -25.3918 -11.8013
2.6999 8.2213 6.0647
-22.6817 -23.0377 -0.3858
14.4930 -25.3057 -11.5037
-15.3442 -18.1594 11.0926
-14.6477 -18.9266 11.4834
-13.4905 -17.3992 11.8487
-0.4172 1.0118 12.0450
1.9929 -4.9785 -12.5433
13.9990 -23.5995 -11.5562
-22.6818 -21.6073 0.6506
1.8690 -4.4443 -11.9303
-14.5193 -15.0794 11.5078
8.7556 24.6097 0.4864
-0.3750 5.9152 3.8964
0.2516 6.1699 3.9206
1.3926 -4.7057 -8.9380
-16.2088 -15.1062 10.7023
-0.1508 6.1700 3.7466
-22.3711 -20.8418 2.8084
7.6497 24.8030 -0.5701
-0.7210 7.0916 3.9352
8.6457 -22.5350 -12.7497
7.9676 -25.3152 -12.8729
5.9673 -24.0184 -12.9050
-0.3179 7.9454 4.5202
10.6066 -21.9389 -12.4625
-19.3634 -26.7201 2.1846
-15.5873 -12.5531 10.9760
8.9451 25.3356 0.1389
-3.8445 -0.5804 -11.3444
6.6751 25.3546 -1.4017
0.2329 -0.8118 -7.8790
-0.6965 -0.3170 -10.4489
0.3819 -0.8591 -10.2077
12.4180 -21.2956 -12.0558
2.4225 3.8408 11.7052
-0.4555 -0.5357 -7.7427
6.3410 23.7117 -3.8401
-13.0608 -14.6324 11.9779
0.5691 -0.4968 -11.9088
-0.2824 -0.1230 -11.6562
-11.7106 -17.2285 12.3320
-11.2178 -13.8573 12.3852
7.2383 26.2995 -1.6696
7.7793 25.8709 -0.9766
-2.1433 0.2611 -11.8513
-1.3238 0.0758 -11.4094
-2.8562 -0.1746 -11.1096
5.3394 -26.1646 11.0105
6.1655 -26.3443 11.4175
4.7657 -26.4071 11.2752
-0.6068 10.2100 5.1769
-1.5148 10.0260 5.1304
5.6704 -26.2499 9.9670
5.0582 -25.9435 10.5896
4.7500 -25.8369 10.1679
-2.6394 0.5106 -12.1688
-0.6591 0.3270 -12.2163
3.5853 -26.0054 9.9225
3.6722 -26.3758 9.0393
4.1031 -25.9675 9.2814
-1.3397 1.1943 -12.3671
-0.0423 0.4498 -12.4164
0.0325 10.3334 5.4417
4.4768 -26.3913 8.4055
3.4478 -26.5654 8.3465
0.8857 -0.2349 -12.3288
5.5520 -26.4014 9.4114
5.4707 -26.3353 8.8632
6.2113 -26.4351 7.9567
5.0615 -26.0216 9.2892
4.4523 -25.7927 9.5328
9.3674 25.8504 -0.2258
-14.0813 -6.9134 11.5548
6.7019 -21.4321 -12.8658
8.6955 -18.0914 -12.6742
-11.6352 -13.2310 12.2409
5.3601 3.4890 11.8243
6.4121 -26.1015 11.0396
1.4213 10.0758 6.0466
6.1300 -26.0935 10.3659
6.9862 -26.1302 10.4193
10.4980 25.0943 -1.7065
9.1687 24.8485 -2.7065
8.0812 25.8391 -2.8599
8.9709 25.9788 -2.1316
11.5174 23.9486 -1.5583
-3.8774 5.0597 10.0922
-3.4269 4.7998 10.9911
-2.3231 4.6928 9.9767
9.0985 26.2247 -1.0516
7.1179 26.5777 -2.1296
2.8633 10.2476 6.4338
7.7865 -26.4713 10.4038
8.1303 -26.4759 11.3816
8.4181 26.3688 -1.9846
10.0219 25.9069 -0.9387
6.4819 -26.5376 9.1805
7.0424 -26.3953 9.0935
7.4809 -26.1456 9.3546
-22.1113 -21.4749 3.7032
-19.8323 -11.2775 7.9255
10.7505 -16.6587 -12.4150
6.7787 -26.5621 8.0799
7.6073 -26.5089 8.3000
-2.2358 10.9877 5.3617
7.9364 -26.4364 9.6774
-2.8289 12.5129 5.2599
-1.7281 11.5492 5.3940
9.1622 -26.4740 9.5092
7.7715 -26.2218 8.6851
8.3907 -26.3050 9.0901
-1.8501 4.9917 7.0507
-3.0158 5.1720 7.4472
-1.8543 4.6580 7.5384
17.9918 3.6573 4.5066
16.4100 3.6246 6.7092
16.5595 3.4871 7.7324
-1.1025 4.4548 6.9054
-21.3086 -10.5403 -4.3064
-5.1838 5.6494 9.4165
-0.5741 11.3738 5.2971
16.0567 4.4286 7.1205
15.6634 3.9585 7.5743
15.9532 3.7645 7.2115
15.6906 4.7394 7.6675
16.1128 5.0529 7.2955
16.1279 4.3648 6.4005
16.2155 3.7571 6.1802
16.0389 3.9589 5.6298
5.0831 -26.5855 7.0161
4.3801 -26.6191 5.6097
6.9284 -26.5600 5.6425
5.9284 -26.1601 6.8804
16.2956 4.8351 6.3040
-0.6685 11.9312 4.9847
16.3261 5.5207 6.9442
-1.9831 12.1887 5.2953
15.8365 3.6696 4.2785
16.2387 3.5503 4.2159
6.4722 -26.2032 6.3606
7.3244 -26.4339 5.7748
16.0964 4.9904 5.1510
16.2188 4.2339 5.6809
-21.1097 -4.9719 -4.5124
15.9082 4.4257 4.5905
15.6743 3.9139 4.1849
-18.5967 -9.6878 9.0825
3.9329 -26.5580 7.0466
15.9397 -26.0137 -10.8781
17.0341 -25.5518 -10.1515
1.1138 10.9198 5.9599
5.1557 -26.3480 7.5377
15.7660 -25.0018 -10.8776
14.9480 -26.0004 -11.4710
17.0990 3.5840 3.9983
5.5461 -26.1030 8.2398
-17.6951 -14.2368 9.7996
-3.6766 5.2309 7.7696
0.9016 11.4903 5.7249
-4.7921 5.8375 7.6556
0.6005 12.0884 5.1218
-4.5612 6.0098 7.6099
-2.9100 5.7753 7.5022
16.2831 5.5642 6.2815
16.3151 5.2372 5.4316
16.4144 5.8441 5.6086
5.9398 -26.0032 7.3498
5.2927 -26.0424 7.9582
6.3411 -26.0575 7.3335
16.3078 6.1334 6.2334
2.3559 11.7557 6.2145
-4.9269 6.6689 7.8143
19.5540 3.2646 6.6108
18.8463 2.9140 7.6032
20.0418 3.0134 6.3845
-2.5374 6.1231 7.5554
19.3128 2.2914 7.4260
20.2367 2.2591 6.4193
18.7786 3.6019 5.2089
17.9208 3.2907 7.5387
19.6905 3.4521 5.9517
6.6921 -25.9640 6.7126
-4.2036 14.1826 5.9643
-4.3532 6.9819 7.8869
-1.5016 12.6131 4.7708
-20.3169 -10.5057 -5.7768
8.5091 -26.5539 7.6524
8.0470 -26.4538 6.9954
7.0464 -26.3698 7.2109
-0.5068 12.5225 4.5067
-19.4404 -8.4889 -6.7190
-20.2419 -2.1397 -5.6812
-0.7060 12.9292 4.4343
-8.6244 5.0794 11.5147
-6.7229 5.2929 11.4042
16.9103 -23.7368 -10.1657
-8.9244 5.9600 11.5150
8.6378 -26.2633 8.3846
9.4428 -26.4447 7.8221
-2.5034 13.0177 5.0431
-6.1785 5.7034 10.8970
-8.7789 6.7376 11.0691
20.4867 3.6064 4.2482
7.4368 -26.1057 6.6822
-3.6848 13.9055 5.0758
7.2884 -26.1546 6.0699
-3.2561 13.8281 4.9237
20.7367 3.4087 5.0190
8.3478 -26.2089 6.1356
-2.6442 13.6125 4.6630
10.1073 -26.5308 7.3618
8.9151 -26.3366 6.6802
-1.9153 13.4546 4.5844
10.7461 -26.0478 6.4799
-3.2736 14.6286 4.6968
-2.7465 14.2607 4.6816
15.6416 3.6829 3.2306
16.6462 3.6073 3.0958
-1.2681 13.5117 4.7048
-7.6609 6.5558 10.4020
15.4130 -22.2499 -10.9483
-1.9828 14.4580 5.0314
-7.5028 6.8575 9.0654
-2.7161 15.0891 4.9447
3.0444 -26.2799 10.4215
3.7560 -25.7425 10.7649
2.9676 -26.0006 11.8599
4.0391 -25.7469 10.9735
3.7848 -26.0117 11.6125
3.1080 -26.1795 9.7989
16.0368 3.7183 2.9361
16.4067 3.9825 2.7590
15.6161 3.9892 2.9633
0.8043 12.6946 4.6142
17.3704 3.8932 2.6450
16.6615 -21.2561 -10.3445
0.7503 13.0086 4.4747
4.4268 -26.1424 11.1857
17.0203 4.4142 2.6313
-17.7398 -7.8118 9.7204
13.6634 -20.7919 -11.6826
18.0417 3.9115 2.1790
17.9479 3.7294 2.7665
-21.8693 -26.6414 -3.4945
0.0120 13.1448 4.6023
-21.6265 -26.3788 -4.3443
17.6705 4.6154 2.3742
1.2817 13.7239 4.7708
0.4416 13.7994 5.0206
-20.2863 -26.8842 -5.0816
-21.2198 -26.7996 -4.3361
-0.7617 13.7347 4.9644
-0.8601 14.4510 5.0931
15.6995 4.6776 3.6367
15.5060 4.1635 3.2905
16.1160 5.5930 4.2869
-1.3283 15.4567 5.0228
-0.6591 15.2489 4.9230
0.8246 14.7336 5.2042
16.2367 6.3349 4.8126
-6.5876 6.5055 8.0713
-7.1133 7.0713 7.8324
15.6999 4.5593 3.0295
15.9551 5.3233 3.3512
-8.2516 7.5183 7.9935
16.0849 4.9558 2.9068
15.4863 -18.9397 -10.9226
0.6691 15.2792 5.0912
-6.4878 7.2324 7.8971
17.3273 5.5026 2.5675
-18.9627 -2.2577 -7.0516
-18.3501 -5.8103 -7.6239
16.5853 5.7586 2.9581
0.3538 15.7357 4.6474
5.7689 -24.4990 12.7559
6.6383 -21.2507 12.6484
4.0430 -21.0557 12.8685
-21.6497 -25.6132 -4.4179
-22.1605 -22.9295 -3.1195
16.3583 6.2739 4.1371
17.2158 6.7381 3.7153
-19.2765 -26.7224 -5.6908
-18.5828 -26.8617 -4.7402
0.7201 16.5993 3.9953
17.0414 7.3384 4.9040
12.8067 -15.9447 -11.9196
-19.0155 -26.8672 -6.9260
-20.0195 -26.7826 -6.2919
5.3670 4.1511 6.3080
6.0584 3.9031 6.9121
9.8393 -26.3022 8.9053
-18.1821 -26.7806 -5.7481
10.4441 -26.2474 9.9599
9.7758 -26.4185 10.4469
10.9908 -26.4693 10.6624
6.0716 4.4059 6.7439
6.6773 4.1345 7.0150
10.8262 -26.3143 9.0822
-17.6294 -26.8606 -7.2860
-18.1935 -26.7103 -6.8834
1.4663 4.1283 11.2277
-0.6419 4.3689 10.7879
-17.8766 -26.6921 -6.3725
6.2401 5.2467 7.3078
5.2379 5.8274 6.8739
-18.9881 -26.7138 -7.4386
-20.1604 -26.3029 -6.4529
-18.7415 -26.3251 -7.7355
7.0871 4.6891 7.4584
-18.8734 -24.8825 -7.5373
-20.8080 -26.5082 -5.5423
10.2368 -26.3880 11.6977
-21.7848 -1.5628 -3.1052
8.7015 -26.3986 12.0012
8.1109 5.3942 7.9319
-20.9780 -23.9864 -5.3440
7.3886 5.8877 7.4312
14.7465 -15.0294 -11.2014
5.6969 6.0301 6.7346
11.2334 -25.7148 12.0269
9.4244 -24.6321 12.2153
9.3473 -25.6357 12.3836
5.8980 6.3918 6.6463
6.3137 6.8960 6.8926
14.6140 6.5293 8.2706
14.1815 6.0606 8.8098
15.0180 5.5828 8.4357
14.2462 7.0684 7.6889
14.9178 6.3865 7.6840
-21.1197 0.3706 -4.3321
9.3601 6.5053 8.0962
15.2403 5.7193 8.0224
15.4117 5.6850 7.5782
15.7800 6.0987 7.3840
7.7642 8.2828 4.8075
8.3391 8.0260 4.9711
8.5037 8.1933 4.0924
-20.1231 -20.7507 -6.2399
8.4129 8.5570 3.7139
12.3406 -26.1174 11.5829
11.4063 -26.2628 11.7127
12.0899 -26.4151 11.0900
2.8088 4.1558 10.4257
13.8203 -26.3316 10.7626
14.7141 7.2266 7.4813
12.0841 -26.3734 8.4663
13.1950 -26.4645 9.9764
11.3557 -26.4966 8.7729
16.0695 6.3116 7.0618
11.5251 -26.4143 9.9281
16.1310 6.4520 6.4449
-15.4761 -26.7305 -5.5497
-15.2884 -26.7726 -6.5463
10.7038 8.1250 5.7781
9.7607 7.9190 7.0220
10.4942 8.1165 7.4754
-14.7582 -26.7438 -7.5132
-15.0738 -26.4950 -7.7098
15.1832 7.4072 7.2627
-12.3297 -8.9051 12.1014
10.4530 7.3036 8.3452
11.5728 6.4595 8.8858
12.1326 7.4014 8.7162
15.5661 7.1679 6.9759
11.7269 7.8961 8.2856
15.6058 7.0420 6.3875
15.1009 7.6434 6.7314
13.2316 -26.2581 9.2613
14.0068 -26.3683 9.5220
13.9310 6.7866 8.7506
13.2816 6.4818 8.9607
12.9368 7.3536 8.7384
13.6492 7.3273 8.4737
10.8412 -26.0260 12.0240
13.3055 7.6762 7.8577
14.0757 7.1650 8.0682
12.8889 7.7439 8.2979
-16.7346 -7.1585 10.3346
11.5484 8.5558 5.9207
11.5409 8.6491 6.9106
-0.6903 4.2945 7.6002
12.2127 8.1111 7.7664
11.6578 8.4257 7.5447
13.6075 7.7953 7.5085
12.8618 8.4294 7.3241
11.7330 -23.8127 11.6754
-16.9248 -26.8552 -4.5489
-16.3137 -26.8389 -3.4873
-16.9433 -26.6448 -5.1540
9.3969 -15.1905 -12.6243
13.8662 8.0862 7.4091
14.6020 8.0640 7.0672
13.6097 -24.5699 11.1168
12.9703 -25.7322 11.4918
9.8902 8.1303 6.0709
10.0776 8.1690 4.4966
9.5582 8.1990 4.8822
10.4812 8.0792 4.8759
16.3255 6.8289 5.7605
15.9877 7.2339 5.8846
-15.6621 -2.5343 10.8370
8.6450 7.9247 5.8433
9.4000 8.1212 3.7127
16.5352 6.8872 5.0024
16.4700 7.3201 5.4703
14.9107 7.7193 6.2077
10.5732 8.1259 3.7859
11.3009 8.3514 4.6751
15.0180 7.8428 5.9582
16.0612 7.7942 5.7715
15.5810 8.2272 5.8496
14.0763 8.3296 6.7328
13.8699 8.4287 5.9879
13.1059 8.6463 6.0924
12.4594 8.7228 6.7704
14.3570 8.4534 5.6983
12.4567 8.6739 5.7440
10.4424 -26.2661 6.8554
11.8391 -10.8400 -12.1703
13.2453 8.6588 5.3888
12.1470 8.5054 4.6163
13.5410 8.9718 5.2208
11.3427 -26.3782 7.5160
15.0327 8.6904 5.7291
11.4937 -26.0937 7.2152
13.6431 9.6293 5.1118
14.6367 9.2801 5.4412
11.9219 -25.7385 6.7151
14.4752 9.7200 5.5644
13.4632 10.0003 5.2582
-16.5429 -1.4312 -8.7875
-17.4451 -11.2244 -8.3188
12.4546 8.7416 4.5059
13.3983 10.5027 5.5142
12.7751 9.6202 4.8938
-15.8755 -10.1627 -9.2132
12.1316 -25.7869 7.5283
16.1796 8.8466 5.8123
12.6183 -25.9653 8.2103
-17.0101 -26.6198 -5.5747
8.8849 8.3790 3.1233
13.3866 -26.0256 8.5309
15.7401 9.3075 5.8493
-16.6988 -26.7993 -6.5622
-16.2751 -26.6437 -6.5196
8.7653 8.9700 3.0452
8.2906 9.0818 4.0693
-15.8478 -26.5420 -6.7447
16.0146 8.5707 -0.4771
15.3273 8.5019 -1.2021
14.0731 8.8015 -0.9205
9.3711 8.2539 3.0991
10.1880 8.3156 3.2159
14.2606 10.7449 6.4553
15.4246 9.7104 6.2812
9.7982 8.6388 2.9726
15.7297 9.9360 6.6539
15.2494 10.5905 6.7592
12.8740 -25.7152 7.2847
9.1714 8.6976 2.8073
8.8815 10.9982 4.0458
16.8490 7.8395 5.5635
16.3932 8.1572 5.8856
13.6646 -26.1213 7.6446
11.0111 8.5395 3.4266
11.3705 8.4405 3.9214
14.0984 -26.1835 8.2206
13.9477 -25.9040 6.6899
17.7766 7.9639 4.7830
10.9952 8.9827 3.3854
16.7620 -16.2710 -10.2126
9.9537 9.2951 3.1604
18.2127 7.7686 4.0375
10.8709 10.2021 3.8168
-14.2587 -6.8178 -9.9302
17.7347 8.4502 4.8784
11.4517 9.5582 3.9467
16.9130 8.4009 5.5729
9.1722 9.2276 2.8874
9.1316 10.6909 3.6282
6.8691 -0.5101 12.2703
9.5020 10.7242 3.7056
17.0124 8.8613 5.6935
7.7528 -24.0422 12.5472
17.8986 8.8160 5.1337
18.1616 9.1448 5.8492
11.6885 8.9513 3.9262
12.2736 9.3386 4.3353
18.6089 8.8980 5.1298
12.0478 10.6381 4.8342
16.7976 9.3300 6.4177
16.5788 9.9192 6.7710
-17.9475 -26.8176 -7.9987
19.3385 -18.0018 -8.1301
16.0342 10.6578 6.7994
17.9213 9.4342 6.2192
15.3420 8.9286 -0.2409
14.2840 9.1373 -0.5740
17.7609 10.0228 6.3923
4.1261 6.2954 6.2703
17.0858 10.7667 6.7069
3.6537 7.0296 6.0784
4.2059 6.8274 6.0145
4.9162 6.4843 6.2217
16.1400 11.5698 6.2557
16.9680 11.3503 6.5580
9.9427 -22.0499 12.0853
18.1334 10.8455 6.3915
4.7597 7.2267 6.1646
8.1672 -19.9062 12.4208
3.8106 8.2825 6.1607
-16.7264 -26.7895 -8.8826
-16.8162 -26.8808 -8.3801
-17.2842 -26.5379 -8.7549
4.9353 8.4338 6.2032
-19.7755 -0.0280 -6.1819
-15.3782 -26.8880 -8.7324
-15.1866 -26.6502 -8.4236
6.1779 7.3012 6.7289
5.5888 7.5441 6.3414
19.1099 9.5657 5.7289
5.0841 7.8967 6.1863
19.5162 9.4813 5.1922
5.9605 7.8621 6.0465
-15.5625 -26.5991 -9.6513
9.7070 0.4511 11.8640
-15.7917 -26.1275 -9.5709
-17.1056 -25.1139 -8.7828
19.1563 10.3397 5.8614
-15.3351 -26.8450 -9.4630
8.6959 7.2313 7.8282
7.7820 7.4132 7.3402
-8.6190 -17.6756 12.7159
17.9282 11.6755 6.2723
-9.0922 -10.8489 12.5920
6.4928 7.7421 6.2576
7.3274 7.5857 6.4691
18.8182 4.0733 1.4292
18.1330 4.1587 1.8301
18.7315 4.4930 1.3413
18.2787 4.8176 1.7779
17.8173 5.4937 2.1298
12.6274 -20.2735 11.3737
-14.9526 -26.4161 -8.3027
8.7803 7.8463 7.0319
-14.1452 -26.4243 -8.6307
-13.6790 -26.6192 -8.5335
-13.8199 -26.8371 -8.1095
17.5809 6.3049 2.5424
6.0389 8.3534 5.8244
-17.8028 1.3690 -7.8564
-13.9176 -26.6519 -9.4531
-14.4039 -26.4975 -8.9992
-13.5527 -26.8054 -9.9813
3.5401 9.5336 6.4076
19.1926 4.5434 1.1037
18.7215 5.3105 1.3603
18.2596 5.9184 1.9153
5.4366 9.6623 6.3969
19.3889 5.1585 0.7585
19.1762 5.8624 0.9789
19.8591 5.2661 -0.2134
19.4433 5.9277 0.0514
18.3790 6.3802 1.7147
4.3693 10.8917 6.6054
18.4593 6.4976 1.2246
18.6701 6.3450 1.0045
-16.3897 -20.0104 -9.0312
17.5491 -19.3630 -9.7251
3.5408 11.3694 6.4967
5.3511 10.9858 6.7172
19.3825 6.1576 0.6263
-13.9082 -26.7153 -10.2391
4.2449 11.5082 6.2945
-13.6540 -26.4041 -10.4574
6.7828 8.1797 5.4710
18.1249 7.2116 2.8688
7.3963 7.9255 5.7550
9.3513 -17.9567 12.2559
-11.4185 -24.3867 -11.1785
7.1056 8.7179 5.2930
6.4942 9.4626 6.0545
18.0763 6.8722 2.2174
-14.2890 -21.2885 -10.0832
-4.8723 -17.3292 12.8612
18.7145 8.0699 3.1104
-18.9141 1.5767 -6.9717
18.4134 8.2441 3.9674
3.7052 -26.5767 4.7530
6.3725 -26.5592 4.2250
3.9620 -26.4273 4.2681
18.3504 7.0438 1.4880
18.4621 7.6783 1.8639
7.6476 8.5592 4.7852
18.7617 7.9985 2.4236
7.9539 9.3161 4.8932
18.6061 8.3456 1.8306
18.7326 8.6256 2.5159
4.2767 -26.5028 3.6814
4.6968 -26.5562 3.1734
5.8548 -26.4475 3.8154
8.3928 10.4577 4.8223
7.6867 10.2306 5.6163
17.0227 8.2273 -1.0614
17.2462 8.4296 -0.3358
17.9621 8.0399 0.0374
18.0690 8.2572 -0.8953
17.6741 8.2323 -1.4171
16.4792 8.6974 0.1449
17.9117 -14.6688 -9.3874
7.0616 -26.4418 2.7620
17.5052 8.3328 0.3502
17.1273 8.7388 0.6746
10.1886 -26.5237 5.3100
9.8097 -26.2384 5.9701
4.9415 11.3976 6.5542
7.8872 -26.5387 3.3377
19.6624 5.5881 -0.0685
9.0189 -26.5221 3.6700
6.6369 11.5535 6.8308
19.8561 5.7960 -0.9894
4.4803 11.7654 6.0717
5.0610 11.9327 6.4420
19.7556 6.3597 -0.7894
8.4828 2.4602 11.8643
19.3298 6.7077 0.2452
19.0002 7.1016 0.4761
-18.2997 -21.7819 -7.9033
19.3702 6.5717 -0.5305
19.1151 7.0296 -0.7186
19.1976 7.2303 0.0153
7.1073 11.2312 6.5947
6.6725 3.0471 11.9149
6.1724 12.1264 6.9086
19.6073 6.7236 -1.4140
2.6282 11.3269 6.4104
-22.5611 -1.8509 0.2993
8.7285 -26.4017 2.9417
10.4250 -26.5225 3.7865
2.8153 12.1535 6.0152
18.8534 7.7487 -0.7453
2.3812 12.6552 5.4023
18.8002 7.5208 -1.4296
18.2951 7.4531 0.6779
18.5383 7.3464 0.4802
18.2739 7.7888 1.2040
17.9326 8.0930 0.6992
3.6498 11.8307 6.0864
-10.8807 -7.9943 12.3655
4.6870 -26.4912 2.4471
-18.9840 -16.6364 -7.2936
3.1460 12.6782 5.4619
3.8229 12.2670 5.7530
6.6758 -26.6126 1.8334
18.0852 8.5454 1.3862
4.1120 12.6489 6.0867
11.2757 -26.0943 6.0856
4.7957 12.9344 6.6633
5.7016 12.7445 6.8259
17.8753 8.8688 1.4735
4.4897 13.7814 6.6596
18.6424 8.9416 2.1013
11.5091 -26.3729 5.6936
-22.4422 0.8978 1.0364
-22.3685 -1.9056 1.9404
12.0023 -25.9371 6.0103
18.9608 9.4588 1.3036
19.6260 9.5201 1.8176
19.2845 9.2123 2.1213
18.5062 7.9361 -0.2367
12.6716 -25.6884 6.0188
5.5969 13.7316 6.9798
-22.1344 -2.3335 3.2354
14.0209 -25.7578 5.7390
13.1365 -25.9061 5.5173
4.9918 14.7270 6.6841
14.0413 -25.7240 6.2588
-22.3718 1.1259 -0.7240
9.9042 7.7816 7.8448
18.5169 8.6155 3.7196
2.2351 -17.6965 12.8803
18.7768 8.8448 3.5607
19.0833 8.9107 3.8256
9.2108 8.1405 6.4905
18.9928 9.0047 2.5875
15.5336 9.2947 -0.0800
14.4927 9.8514 -0.6632
15.1798 9.8631 -0.4802
16.2740 9.2469 0.4384
12.5284 0.1877 11.2490
12.6499 -4.0470 11.3099
15.9001 9.6170 0.3104
15.6459 10.0831 -0.2355
16.2558 9.7889 0.3573
17.2767 9.1613 1.1057
16.9484 9.4381 0.8845
17.4619 9.9331 0.4142
7.9694 11.6392 6.0516
17.8284 9.4839 1.0232
18.2515 9.1356 1.5600
7.2560 12.5918 6.8839
14.7524 -1.7385 10.5245
14.6761 -7.5618 10.5812
7.7958 13.0452 6.5932
6.5068 13.6494 7.0502
-22.0657 1.6954 -2.0650
19.4812 10.0214 1.3288
18.9051 10.7057 0.7342
7.1744 13.6781 6.9552
17.5913 10.4231 0.2389
-21.6658 1.5034 -3.1115
17.8035 12.9817 1.9873
18.2788 12.5082 1.8164
17.9863 12.6557 0.6666
-22.1142 2.8686 -0.8721
-21.7456 3.2154 -2.3186
17.4705 13.9306 3.1386
17.7397 13.3375 3.6514
17.5301 13.1668 2.7951
17.4262 13.6807 2.7978
17.6986 13.5191 2.2055
3.3390 13.1833 5.3414
17.6710 14.4124 2.5405
-22.1544 2.1225 2.9236
19.3849 9.0200 4.4010
3.7409 13.8151 6.0276
-22.2699 2.2891 1.0331
19.8215 9.3561 4.2065
3.1371 13.9471 5.1038
-22.0115 3.1364 2.9446
2.5495 13.4230 4.6658
2.5351 13.9196 4.5990
20.0035 9.6021 3.5200
19.9650 10.0725 4.8410
2.2874 14.2208 4.7410
-21.6658 2.5213 4.4501
19.8804 10.5637 5.0359
7.4191 -11.1281 -12.7593
19.7247 9.2070 3.1900
-21.9381 3.1938 2.3633
-21.9192 3.0209 0.9464
2.8111 14.6556 4.9615
-10.5499 -3.2193 12.3371
-21.4833 3.3818 1.5546
-21.6314 3.6812 2.4378
1.7986 14.6021 5.1736
20.0718 10.2703 4.1194
19.9763 10.3536 3.0227
-22.6412 -20.9340 -0.1125
-20.9297 4.1892 2.3479
2.5152 15.8673 5.0514
19.9286 11.3231 3.7859
-21.4065 3.8348 4.6034
1.2973 16.1116 4.7174
2.5310 16.6647 4.9248
18.7670 11.2982 6.0699
3.4435 15.0144 5.5161
-21.7045 4.0164 3.3048
17.1135 11.9718 6.0568
2.8704 15.5539 4.9887
-21.3124 4.3173 4.3360
-21.0130 4.6253 3.9347
-21.2486 4.4345 3.2394
18.6375 12.0224 5.8467
-22.5163 -20.3741 -1.1311
3.2003 15.3074 5.1042
16.9116 12.3782 5.4364
3.6742 16.0792 4.8957
18.4721 12.6302 5.1876
19.2854 11.2687 5.6258
11.2783 2.0055 11.4253
-21.5671 -22.1441 -4.2787
19.5115 11.7751 4.9264
4.1827 14.5775 6.3746
19.1369 12.0128 5.4846
-21.2000 3.4428 0.9276
-21.2777 3.5511 0.4637
-21.7533 3.4585 -0.1049
17.0227 12.8074 4.8901
5.7718 14.9612 6.7342
17.8133 13.2010 4.7299
18.9218 12.5966 4.8138
3.8647 15.4660 5.6822
-20.7294 3.9863 1.3660
4.5734 15.7458 5.9699
19.7516 11.7894 3.2355
-20.6964 4.3098 0.8043
18.9849 12.5132 4.2013
-21.2324 4.0996 -0.0301
-0.6037 -16.2567 12.9321
-1.8464 -18.3713 12.9603
19.8978 9.6847 2.2229
-21.7126 3.9165 -0.9105
-21.2949 4.2805 -0.8177
4.1552 16.2161 5.0796
5.3731 3.8247 11.3524
7.8536 3.6297 11.4280
6.3851 3.8878 10.9080
19.6272 10.5696 1.4617
19.9360 10.4694 2.2104
5.2958 16.1471 5.8500
-20.7732 4.5373 -0.3144
4.7804 16.4184 5.3568
-20.6358 5.2235 0.1582
19.8778 11.3443 2.4675
-20.5716 4.8936 -0.6545
8.6464 3.8512 10.2247
-20.5633 4.7713 4.4430
-20.5158 4.6362 5.3392
-21.5770 -16.9558 -4.0243
19.6491 11.2819 1.6564
-20.7132 4.9785 3.9319
-20.7815 4.8572 3.4767
18.9662 11.5126 0.7338
-20.2746 4.9454 5.0594
-20.4318 5.4419 4.8605
19.3015 12.0544 2.0487
18.7313 12.0226 0.7642
-20.1122 6.5076 4.8949
-19.6474 5.9224 6.2869
-20.9624 6.8501 3.4574
4.0014 17.3350 4.7319
4.4831 16.7090 4.6168
-20.5671 4.8025 2.7466
-20.9367 5.4058 3.3483
-20.5614 5.3283 2.6311
-22.7363 -19.6517 0.5265
-22.7517 -19.8368 -0.0452
18.1492 12.9200 3.8444
17.9998 13.5613 4.2826
-20.5540 4.5619 1.9778
18.1740 13.1735 4.4089
4.4500 17.1592 4.5570
-20.9665 5.7978 2.7398
19.1259 12.2819 3.0729
5.1276 16.5993 4.9799
-21.1709 6.2566 3.0428
6.1255 16.5006 5.4263
5.9649 16.6933 4.7292
5.6517 16.9615 4.5242
-22.4878 -19.1660 -0.8851
9.2078 -9.4490 -12.6626
-20.6297 4.9869 1.2246
5.1840 17.8971 4.6016
6.1057 17.5359 4.6438
-22.3123 -18.8734 -2.1727
-20.1936 5.6877 1.5224
-20.8651 7.2849 1.5620
7.0097 3.8686 7.6209
-20.3987 5.4545 1.3399
-20.2569 6.9787 1.1452
-19.8808 6.6056 1.0465
12.6244 11.2326 5.5694
12.9608 12.0185 6.4142
-21.2598 7.4631 2.5567
-22.6002 -19.1894 1.1657
13.9127 11.5664 6.5762
-21.1792 7.6387 1.9112
-20.5088 5.9539 -0.1015
-19.9666 6.2059 0.5082
13.9400 12.1331 6.2633
14.9388 11.2615 6.5606
15.1560 11.9902 5.8670
-22.5988 -18.0896 1.2816
8.8209 12.4109 4.9624
8.2796 3.8833 8.1485
9.5677 3.8709 8.3916
-19.5706 6.6725 0.3996
10.5212 11.2041 4.3626
-22.7134 -18.6614 0.0351
-22.5633 -17.9250 -0.2845
7.6030 4.0029 7.5322
12.2751 12.0371 5.8689
9.2983 12.5088 4.6557
13.2295 12.6552 6.4408
14.4713 12.4782 5.7826
13.2035 13.1001 6.2699
8.7889 3.9430 8.0156
8.3961 4.3172 7.8310
8.5561 12.4921 5.4964
13.7410 13.1161 5.9727
14.0993 13.1490 6.0132
8.5032 4.9192 8.1075
11.2800 12.1926 5.4916
11.3571 13.1260 6.1181
9.1742 4.5421 8.1758
12.3023 13.3409 6.6824
8.3034 13.6528 5.9325
-22.0687 -17.3680 -2.8428
12.4312 13.9739 6.8396
12.8927 13.8815 6.4000
11.7171 14.6483 7.0003
14.1166 1.1266 10.6885
-20.7744 2.4487 -4.6629
-22.5418 -17.3863 -1.5878
8.9428 13.6934 5.1642
8.4507 14.5227 5.5562
13.4317 14.1057 6.3241
13.0375 14.3052 6.5896
11.4121 11.4852 4.8319
14.0943 14.3003 6.3670
14.3454 13.3834 6.1756
13.9556 14.7191 6.6612
13.3988 14.6895 6.9934
9.6587 13.4693 5.2128
12.8111 14.9733 7.3155
10.5122 3.8072 9.0464
9.8051 3.7435 10.7674
13.9343 15.2018 7.1308
13.6200 15.7271 7.2477
9.7537 3.3199 11.4699
15.3991 12.6537 5.4126
9.6902 3.5900 11.2862
14.7502 13.1611 6.0133
15.2950 12.9775 5.7448
15.9597 12.6849 5.0785
-21.2060 3.5313 -3.5572
15.4458 13.2781 5.5393
16.1173 13.4135 4.6813
-20.4203 3.7331 -4.7356
15.7847 13.4927 5.0787
15.6238 13.7891 5.7784
-21.1549 4.1444 -3.0487
14.9569 13.8055 5.9576
-20.9399 -17.0408 -5.0938
15.4006 14.1225 6.3319
14.9682 14.1876 6.3355
12.6665 3.3672 10.3832
9.8985 14.8154 6.0552
-20.5150 4.2579 -4.0518
-20.5664 4.4672 -3.1936
16.6997 13.2048 4.6242
16.0028 14.4749 6.2316
16.1096 14.1709 5.6797
-19.6670 2.6520 -6.0193
16.0362 13.9732 5.0102
16.3857 14.8081 5.9753
16.4491 14.3819 5.1895
12.7922 2.8240 10.8720
9.5483 -14.9471 12.1511
12.1106 3.2815 10.8563
6.7377 14.5645 6.8756
7.5799 14.5509 6.4666
13.6328 -7.3341 -11.6072
6.4532 15.7281 6.2592
14.1618 2.8426 10.3753
14.8355 -7.7641 -11.1714
7.5183 15.6608 5.9751
-18.4873 3.0636 -7.0941
14.8542 15.6470 6.9523
14.4317 14.6750 6.4935
14.8291 14.9905 6.7416
13.1695 3.5837 9.3638
-19.4677 4.0335 -5.7191
15.5685 14.7803 6.6400
16.3810 15.0503 6.2879
14.1829 3.3238 9.8648
8.0405 15.3954 5.7268
16.1062 15.4735 6.5062
8.6506 15.4554 5.6520
6.9762 16.2021 5.7597
7.8937 16.1312 5.5492
15.7496 16.3407 6.4724
-20.1597 4.7584 -3.3895
14.6888 16.6025 6.7988
10.9342 3.9929 8.5324
-19.7811 4.6264 -4.5111
-12.1994 -1.5873 12.0263
16.4629 13.7957 4.6380
17.2658 13.7016 4.7002
-19.8711 5.2274 -4.2235
-20.3505 5.1624 -2.7281
9.7351 4.1632 8.2089
17.2079 14.1463 4.9235
11.2563 4.2429 8.5308
10.9070 4.7756 8.6921
16.8925 14.5928 5.3994
1.2909 -4.8752 -7.0090
1.5798 -4.2640 -7.4581
10.1088 15.7891 6.5379
11.1971 15.8109 6.9733
-19.3082 4.4593 -5.2660
-18.6693 4.3309 -6.2944
-17.6221 4.5702 -6.4681
12.1076 15.3145 7.3009
-19.1192 4.8382 -5.1467
-18.9105 5.7509 -5.3664
12.2123 16.2370 7.1387
-21.4583 4.0434 -2.0191
10.3872 5.5262 8.7689
8.7274 16.6322 6.0025
-20.9640 4.4592 -1.5958
10.3906 16.9172 6.5498
10.3141 17.8066 6.2744
-20.4876 4.6675 -1.9770
9.5379 16.8473 6.4305
-20.6191 5.6104 -1.1445
11.8738 17.5661 6.5654
1.7805 -3.9201 -9.8274
13.6023 16.7940 6.9361
13.4849 17.8882 6.3771
12.3186 3.9015 8.8088
6.8370 16.4701 5.2163
7.3865 16.6642 5.2476
1.7439 -3.4599 -7.8898
14.9042 3.5810 8.5663
13.8385 3.7685 8.6180
13.2946 4.0770 8.6118
6.7300 16.7898 4.8328
-20.4925 5.8432 -2.2904
-20.4174 6.2682 -1.7402
7.1639 17.5762 5.0980
12.3365 4.3257 8.6677
-20.0936 6.0121 -2.9693
12.3378 4.9402 8.8990
-19.9954 5.8667 -3.8169
9.8251 18.6826 5.4785
14.3528 4.3073 8.2268
13.5928 5.0414 8.6013
-19.6880 6.3518 -4.2882
-19.7090 6.3242 -3.1235
13.0953 5.0092 8.8284
-19.5785 6.8686 -3.9473
11.7794 18.4907 6.0013
-18.7579 6.9654 -5.3024
-17.9214 4.7839 -5.9908
6.1506 18.4540 4.6430
11.6457 5.6636 9.0437
21.7430 -12.1787 -4.1376
7.1539 18.7277 4.7133
7.9947 18.5152 5.1135
-19.9917 6.4629 -1.9406
-19.7585 6.7185 -1.0859
-19.3951 6.6874 -1.9429
10.5012 19.9751 4.6321
12.7443 6.1009 9.1070
8.8349 19.5909 4.5266
-19.3106 6.9601 -0.7138
-19.2177 6.9362 -1.9679
-19.1453 7.3189 -1.3533
-19.8513 6.5866 -0.4077
8.4054 17.7187 5.7123
11.9654 20.1511 4.5629
8.9927 17.8169 6.0327
13.0399 19.0954 5.5137
-20.0930 8.2981 -0.1259
-20.7431 8.3919 0.4760
8.5571 18.7646 5.2825
-19.4950 7.2042 -0.0554
9.3141 18.4016 5.8005
14.6477 17.9321 6.0921
15.7354 17.1972 6.0132
-19.3784 7.8817 -0.8700
15.0177 18.1665 5.5291
-19.4764 8.1154 -1.4344
-20.0954 9.1049 -0.7697
-1.8659 4.7462 -8.7913
-1.5063 4.9127 -8.4298
-1.8748 4.5065 -9.0832
-1.3561 4.4545 -9.2295
-0.8918 4.7025 -7.7932
-0.4685 4.6204 -8.6800
0.3728 5.1911 -7.9381
-19.2862 7.3828 -3.3980
-20.0562 -3.0405 7.6514
15.8234 17.7442 5.3800
15.5165 18.5441 5.0508
-19.3353 6.7560 -2.8794
14.7879 18.7354 4.9869
-19.2142 7.3239 -2.5685
13.5574 19.3797 4.9817
-19.2279 8.3111 -2.5619
-19.3000 7.9937 -2.0396
-18.6602 8.1468 -4.6892
17.1580 14.8162 5.6867
0.3033 4.7498 -9.2214
0.9813 4.5123 -9.5701
0.1609 4.4428 -9.6281
-0.7259 4.4283 -10.7977
-18.9319 8.3206 -3.8154
16.9709 15.7902 5.9312
0.8066 5.3257 -8.9921
17.3963 15.1928 5.7003
-18.9462 8.8326 -2.9566
17.8500 13.6083 4.6501
-19.8028 9.4771 -1.3238
1.8596 4.4516 -10.0585
18.1584 14.1520 4.6357
1.4351 5.1200 -9.6047
17.9724 14.5535 5.1736
1.3843 4.6880 -9.5071
17.7541 13.9525 3.6874
2.3248 4.5698 -9.8133
2.0037 4.8666 -9.6596
17.3932 0.6532 9.0327
16.1419 -3.0045 9.9259
18.1678 -2.7079 8.5457
18.2395 14.2639 4.1761
15.4629 0.8694 10.1267
-19.6032 10.0508 -1.5617
20.4263 -6.7788 -6.6139
1.8629 5.8013 -9.4570
18.2996 14.8664 4.9936
18.5622 14.8059 4.3246
-18.8897 9.5980 -2.9658
3.0113 4.8297 -9.8308
-6.7245 -26.6932 -12.0862
18.0343 15.6153 5.2709
-5.9996 -26.8025 -11.6475
18.4688 15.4636 4.6464
18.0824 16.4243 4.7885
17.9340 14.4953 3.3311
-1.3328 4.9443 -7.6614
-0.9866 5.0259 -6.7319
18.5714 15.0536 3.1492
-1.5262 5.5295 -7.2867
-1.0845 5.5346 -6.4274
-0.6440 4.9974 -6.4265
-0.1092 5.0299 -6.6247
-0.1886 5.1697 -6.2387
-0.4900 5.4534 -6.1136
-1.6428 5.9232 -6.9796
-3.1474 -26.7295 -7.9427
-1.2425 6.2220 -6.6507
-8.1810 7.9314 6.7383
-0.6616 6.1092 -6.4212
18.7342 15.3676 3.5955
-8.2992 8.2277 6.7308
-21.9767 -5.6986 4.1581
-9.6622 8.3436 8.1691
-9.9932 8.9792 8.0283
-11.0035 9.0030 8.2194
-9.3791 8.4144 7.7247
-0.0034 5.7502 -6.1577
18.5707 16.1816 3.5448
1.1343 5.6537 -6.9092
0.8441 5.5504 -6.4582
0.4743 5.6161 -6.1661
-4.4406 -26.4652 -9.4744
-3.0904 -26.7910 -9.1165
0.0807 6.4272 -6.6446
-8.9042 8.0718 7.4904
-8.9089 8.6006 7.4190
13.9323 -26.0394 11.0738
1.3126 6.2848 -6.5971
16.4348 16.8573 5.6833
-22.3232 -4.3881 2.2335
17.3388 16.8889 5.2917
-2.4971 -26.5772 -8.7163
-2.3106 -26.3382 -8.5381
-1.9833 5.6755 -8.3676
15.1024 -26.3815 10.0400
-1.8371 -26.7635 -11.0454
-2.1939 6.1642 -8.1280
-2.0179 6.4479 -7.6900
15.3253 -26.1206 10.4090
-5.6428 -26.7065 -9.7790
16.0102 2.4814 9.6908
-7.7671 11.0811 8.1613
-9.4903 10.3911 8.2465
14.8606 -26.3635 9.2439
14.9602 -25.7480 10.6828
-5.0781 -26.5911 -10.4752
16.1051 3.1205 9.4663
-1.9243 6.7798 -7.2861
-4.4247 -26.3603 -10.2914
15.9823 18.9395 4.8787
16.0938 -26.2970 9.8454
-1.6052 7.3097 -7.4058
16.5147 19.3336 4.4189
16.3605 -25.8341 9.9885
15.9270 -24.9418 10.1111
17.5128 17.5914 4.8082
-2.3427 5.4622 -9.0153
-2.1207 5.7325 -8.8899
17.8952 17.7342 3.9799
-21.4031 -5.3911 5.5586
-3.4633 -26.7802 -11.3068
-4.4999 -26.7250 -11.0934
-2.5290 7.4124 -8.0700
-12.0852 -0.9080 -10.7070
-11.9832 -8.5622 -10.7794
-2.6009 6.6344 -8.9187
-2.8151 7.1394 -8.5441
-2.8994 6.8557 -9.1293
16.2723 3.3641 9.0194
-2.8173 -26.7682 -12.1505
-2.3625 7.7594 -7.7907
-0.9778 -26.5418 -11.4929
-1.6838 -26.6482 -10.8109
18.7499 6.4485 -3.2891
15.1629 3.8028 8.1353
15.7292 3.5881 7.8737
-3.3913 7.9108 -8.4329
-3.4855 -26.7084 -10.3650
-3.1744 8.1652 -8.0621
15.2849 4.2554 8.1131
-20.8879 -3.6804 6.4153
17.5784 7.9037 -2.5681
18.3227 7.8502 -1.9558
18.3509 7.4754 -2.7395
16.1524 -7.4551 -10.5088
-3.2968 8.5959 -8.1853
-0.9062 7.6418 -7.6872
15.4109 6.1616 -5.7559
17.5729 6.7165 -4.0794
-4.0114 -26.4793 -10.4799
16.3985 7.1107 -4.3382
17.3034 7.4816 -3.4965
17.0019 8.1812 -2.6667
14.1068 -26.0828 9.0600
16.4599 7.7828 -3.6348
-1.6346 -26.2615 -10.2032
14.8760 -26.2641 8.6831
-14.5172 0.6280 -9.7702
17.2681 -8.3213 -9.8428
18.9397 6.9962 -2.7130
-21.7440 -4.7497 4.4374
17.9116 2.3866 8.5456
17.0277 8.1703 -1.7708
15.9725 8.4531 -1.9970
1.9988 6.3748 -6.9268
1.1748 6.7178 -6.9981
14.7550 -19.6433 10.5792
-10.6348 -3.7871 -11.2350
2.4987 6.3275 -8.2050
18.1898 -4.3270 -9.0502
17.3944 -25.8437 9.3504
17.7882 -25.2118 9.0076
16.1747 -19.7455 9.9074
17.7082 2.8344 8.5825
17.9165 3.0299 8.1930
15.9443 8.1621 -3.0133
15.3618 8.3167 -2.3646
16.3722 8.2703 -2.9553
1.7593 -26.7053 -4.2832
-0.8866 8.1362 -8.2656
0.3926 8.3034 -8.5276
17.5794 -21.2385 9.0441
3.0644 7.8992 -8.1018
19.1716 7.1163 -2.1183
3.2483 6.6336 -7.8434
3.6987 6.6581 -8.7632
3.4625 6.8161 -7.4856
4.2432 6.7109 -8.0568
4.0097 7.1080 -7.4841
4.6556 6.8229 -7.9376
4.4527 7.5218 -7.8303
7.9289 4.3241 -9.2500
5.0257 4.3925 -9.9181
7.7526 4.5703 -9.0895
5.8369 4.7071 -9.5981
7.5834 5.2382 -9.2813
-19.1765 -1.8334 8.5543
2.8355 -26.5624 -3.3689
-10.4322 0.1379 -11.2334
16.1598 10.5286 -0.4369
5.2807 6.5457 -8.6757
14.2964 5.1114 8.5049
5.4716 6.7408 -8.4666
15.9606 10.8888 -0.5547
14.6307 10.8005 -0.8818
5.0378 7.1563 -8.0233
3.6783 -26.5894 -2.8235
14.9156 5.1736 8.4724
2.5062 6.5222 -7.3088
2.8687 7.2628 -7.5047
4.3233 -26.5167 -0.6171
-17.9363 -1.2413 9.5107
2.9552 7.0109 -7.3404
5.9566 -26.4123 -1.3928
17.1595 11.3040 -0.2324
-10.6760 1.9271 -11.0035
5.1106 -26.5666 0.1118
4.0990 -26.5269 0.3231
5.5897 -26.4986 -0.3160
15.8318 11.7598 -0.9531
14.4082 11.5084 -1.4183
6.3863 -26.5719 -0.4728
4.8044 -26.4185 -1.7789
14.6984 12.3259 -1.5103
4.2565 -26.5358 -3.5824
4.9693 -26.6004 -2.7285
16.2570 12.7251 -1.0493
6.3707 -26.6256 -4.0373
6.3116 -26.4970 -2.4120
18.0191 11.7271 -0.0693
3.6127 -26.6470 -4.4176
17.8104 12.5078 -0.2464
17.3692 12.5567 -0.6113
-16.1849 2.7737 -8.8056
2.8667 -26.6854 -5.8999
17.6994 13.1812 0.7087
17.8981 13.4144 1.2337
-13.9044 2.3844 -9.9374
1.0329 4.3805 -11.6785
-2.4082 4.3744 -11.5459
17.7304 13.8647 0.3582
17.9440 13.7280 1.4971
17.8173 14.1853 2.0542
18.0343 14.0723 0.9219
6.0923 -26.6328 -5.9892
17.5356 13.2338 -0.4392
17.0637 14.0930 -1.5141
16.2206 13.4964 -1.6952
0.5566 4.2109 -11.9995
17.3420 13.9727 -0.8189
17.3707 15.0523 -0.6791
3.0167 4.4703 -10.1358
17.6945 15.2865 -0.1708
18.1451 14.5923 0.5466
6.6073 4.3183 -10.4791
4.2811 4.5546 -9.8369
14.6381 12.9366 -1.9190
-14.6177 3.7468 -9.3918
-16.2475 3.8947 -8.4804
-14.2817 4.2216 -9.2717
5.7064 3.8442 -12.1513
0.5620 3.8301 -12.2303
15.8453 13.1894 -1.5309
14.1175 14.0377 -2.8679
15.1695 14.7140 -2.8442
5.8435 4.2384 -11.6162
-1.8067 -26.7561 -6.9940
-2.0083 -26.5108 -7.9661
-11.1602 3.1749 -10.6089
2.4054 5.7357 -9.8228
2.7909 5.2360 -9.9174
-18.2799 1.8577 9.2411
-19.7471 1.6931 7.9091
19.3947 -3.6510 -7.9029
-13.0891 3.7788 -9.9383
3.7049 5.6466 -9.9813
-0.9503 -26.7191 -9.3216
17.2954 15.0024 -1.2311
-1.4103 -26.5296 -9.1986
-1.9159 -26.3046 -8.6617
-0.5925 -26.7479 -8.3001
3.3934 6.2132 -9.8607
-15.0775 4.5321 -8.3510
-13.7290 4.3542 -9.2488
-13.6526 4.5142 -8.6622
-3.3771 7.6465 -8.9197
-3.2763 9.0393 -8.7007
0.2995 -26.6341 -6.9718
-12.3412 4.1683 -9.6302
0.6074 -26.6491 -7.6235
-3.0872 9.3646 -9.0827
-3.7889 9.9449 -9.1000
16.2856 15.0954 -2.4982
0.3313 -26.4747 -8.3594
0.1317 -26.7273 -9.2288
-11.7585 4.3615 -8.9266
17.0597 15.6339 -1.8292
-13.0740 4.7332 -8.2392
0.4102 -26.5775 -8.8797
-13.5910 4.6010 -8.2664
2.5605 -26.6886 -8.6299
1.9028 -26.4480 -7.3250
1.8315 -26.5871 -8.1518
13.6887 -14.2980 11.0025
-11.3873 3.7722 -10.2512
16.1919 16.4194 -2.6215
4.3977 -26.5577 -7.5481
3.3362 -26.6958 -7.3362
2.6782 -26.5660 -7.1751
-2.4501 10.6382 -9.6918
-0.5930 9.4471 -9.3253
-1.6733 10.1992 -9.6434
-17.8399 4.0928 -7.2988
1.0589 -26.5476 -6.5394
-16.3387 2.0080 10.4470
18.3962 14.8861 2.1382
18.4036 14.4976 1.8560
2.2339 -26.5730 -6.5055
18.3744 14.2616 1.3909
18.7545 14.6771 1.5044
-17.3214 4.4666 -7.2015
18.8199 15.2301 1.8418
18.5079 14.5840 0.8438
0.7788 -26.4726 -8.0414
18.7838 14.8351 1.1640
18.8598 15.4542 1.4435
-17.4796 3.2250 9.6954
18.3945 15.5544 0.4223
1.1787 -26.2498 -8.6708
1.6460 -26.4743 -8.5790
18.5309 16.3237 0.7512
-16.1554 4.5938 -7.4207
-15.9881 4.7875 -7.1353
-16.5710 5.2439 -6.8190
2.8847 9.2075 -9.1302
13.7985 14.5785 -3.3525
14.0718 15.7864 -3.5996
0.0739 -26.7037 -10.3698
-0.9338 -26.5873 -10.0094
-16.2051 4.2885 -8.2311
13.3883 15.8424 -3.8672
1.6445 -26.6184 -10.0918
-0.5354 -26.4414 -10.4763
-0.8621 -26.1575 -10.9155
15.0020 16.1680 -3.4893
0.5352 -26.4602 -10.9108
-0.0177 -26.4028 -11.3881
15.4140 16.3482 -3.3316
1.3810 -26.6746 -10.3937
1.9988 -26.5199 -11.4236
-1.4788 -26.2193 -9.7306
17.4433 16.4468 -1.1068
17.8797 16.6337 -0.4159
-21.4730 -0.5546 5.1101
16.6518 17.0958 -1.9122
-16.6778 6.0789 -6.9393
16.8274 18.0283 -1.1302
-17.4853 6.8477 -6.4495
-1.0270 -26.1018 -10.4941
15.2995 -15.0186 10.3749
-0.6361 11.3029 -10.1432
2.2290 -26.2394 -9.0896
1.6647 -26.3293 -9.7473
0.9489 -26.3038 -9.1038
18.6158 -13.4699 8.2721
19.5533 -24.0128 7.5216
1.9608 -26.0734 -9.4017
-15.5779 7.5671 -7.5278
3.7181 -26.4858 -8.9363
2.2640 10.1809 -9.7760
3.1075 -26.4275 -9.1160
1.2573 11.1201 -10.0953
-16.2719 8.1633 -7.0173
-17.5567 8.1884 -6.0457
3.0465 -25.9710 -9.6015
-14.7173 4.6194 -7.8929
-14.8721 5.0246 -7.5761
2.5118 -26.3965 -10.8691
-0.2810 12.7534 -10.2732
-14.0264 4.7984 -7.8818
1.8440 11.9937 -10.1679
12.6396 20.5326 3.9405
11.3500 21.5081 3.1000
13.0470 20.8474 3.9117
-14.8197 6.0783 -7.7875
3.0699 -25.8609 -10.1564
-6.8974 -26.2621 -12.3615
-9.1169 -25.2020 -11.9027
-6.6983 -24.8500 -12.3496
4.2606 4.8923 -9.7871
3.0991 -26.1406 -11.0587
14.7513 20.5207 4.3568
14.5408 19.5309 4.6052
13.5533 19.8284 4.3952
5.4130 5.6987 -9.8021
-13.5275 5.1449 -8.0213
6.6539 -26.6542 -8.0210
7.0275 4.2598 -9.8933
5.8858 -26.4280 -10.7721
5.5013 -26.5944 -9.5733
5.2321 -26.2326 -10.3827
-3.6020 -26.5987 -12.5540
-5.1041 -25.9906 -12.6154
7.3268 -26.4795 -9.5282
7.2265 -26.4083 -8.8637
6.4567 -26.5222 -9.6694
-12.3077 5.2800 -8.4500
-13.2621 6.2687 -8.1962
-13.3723 6.8645 -8.0521
-14.0989 7.5163 -8.1065
-3.5887 -26.3079 -12.6761
6.4778 -26.6169 -11.2472
7.5720 -26.6471 -10.4125
-4.2801 -24.4882 -12.5712
13.4540 21.5682 3.8399
14.2081 22.0308 3.6121
4.8714 6.2026 -9.7011
3.5682 6.5154 -9.5221
10.6252 22.5762 2.4959
-0.6294 -26.7295 -12.0622
-12.3476 8.5235 -8.6411
11.5068 23.0192 2.7579
-0.3763 -26.3412 -12.8451
1.0945 -26.6962 -12.4786
-13.0946 9.4063 -8.4860
4.5860 6.5833 -9.0812
-1.1775 -25.4543 -12.7737
5.6967 6.2070 -9.3945
-15.8637 9.4064 -6.8758
-13.8770 10.1879 -8.0337
12.3776 23.1339 2.9248
-18.1367 9.4353 -4.4468
6.7815 5.6808 -9.6201
13.2706 23.2410 2.8220
14.7868 22.1638 3.2640
6.5072 6.0912 -9.5531
6.5194 -26.4499 -6.4705
-20.8100 2.4267 6.3858
13.8116 23.2824 2.4681
15.1921 21.9876 2.8655
14.3609 22.9249 1.8069
-17.5296 9.4140 -5.3947
8.3663 6.6423 -9.2552
12.5603 24.2980 1.4443
7.2604 6.6479 -9.4218
4.0003 -26.7060 -12.4453
3.3056 -26.6830 -11.9556
-18.1282 10.0826 -3.9977
18.3544 15.0351 2.5470
6.1838 6.4911 -9.1216
5.8607 7.1387 -8.6248
5.3377 -26.5252 -7.8736
1.2728 -26.5061 -12.8427
4.4405 -26.5973 -12.7627
3.6696 -26.2944 -12.9612
5.4813 7.8374 -8.4452
18.8267 15.6668 2.3516
18.5368 16.6398 1.5765
4.5542 -26.5638 -9.5035
4.1926 -26.2381 -9.8036
6.8220 6.8823 -9.2664
18.2421 17.1449 2.8891
6.5939 7.7890 -8.8871
7.5076 7.7939 -9.1035
6.3634 8.5008 -8.8516
0.9844 -26.6563 -11.9918
5.5986 -26.6340 -8.8503
17.7799 17.8743 1.1813
-16.7014 10.3723 -5.8143
3.7362 -25.8795 -10.7743
4.0565 -25.8793 -10.3817
17.2408 19.2365 3.0072
17.2386 19.0651 3.7342
17.1139 -8.7709 9.3437
5.1898 -26.4636 -9.9958
8.4012 -5.8064 -12.6468
17.6741 18.0225 2.3964
16.2219 -9.8563 9.8694
16.9535 19.0054 1.7867
-15.5192 11.3801 -6.7024
-16.1851 12.2644 -5.9910
-13.9432 -26.6541 3.5685
-14.3356 -26.6464 4.7247
-14.7815 -26.6012 3.5788
17.9313 17.3120 0.0518
-13.6661 -26.7418 4.4006
5.4013 8.9516 -8.8548
-12.9728 -26.6385 5.0501
-13.0443 -26.7548 6.0265
-14.2592 -26.6155 5.3936
-14.3185 -26.7605 6.4603
-10.4228 -26.7150 6.4961
-20.1201 3.4190 7.2558
3.5187 -26.5741 -11.5105
-11.3085 -26.6942 5.3259
-11.9764 -26.7479 4.6928
4.0708 -26.4330 -11.2909
3.7351 -26.1189 -11.1438
5.6814 9.8506 -9.4435
-19.1154 3.5495 8.3096
17.1530 18.3039 -0.3037
7.0877 8.9099 -9.0237
-19.5783 4.2624 7.6097
-12.8071 -26.6265 3.8380
7.6269 9.8499 -9.2673
17.1602 18.5988 1.1759
-11.3491 -26.5687 3.4067
10.5900 -7.0083 -12.4009
-10.6377 -26.6758 3.9773
4.4823 10.6678 -9.7877
-9.1856 -26.6327 8.9685
-10.3396 -26.4902 9.0132
3.5577 -24.4616 -12.9402
16.1703 19.4180 0.2378
15.9015 19.7321 0.7484
-11.5118 -26.7294 7.8283
9.5315 -2.4589 -12.5209
11.9081 -3.2063 -12.1271
16.7057 19.9225 2.0673
-10.6084 -26.6106 8.1383
-17.5821 3.9580 9.4122
-18.5169 4.0616 8.5359
11.0892 -15.4273 11.8287
4.0490 11.4186 -9.9224
-9.2659 -26.4375 8.2484
-10.0380 -26.4078 8.2155
15.9233 19.3705 -0.9250
-9.7930 -26.4956 7.3084
15.5502 20.6474 0.6749
1.0428 13.2911 -9.9472
-19.0926 4.5439 7.6104
-8.6305 -26.5395 9.2380
3.6020 12.1851 -9.8640
-17.8664 4.4522 8.4753
-18.0435 4.7607 8.1871
-7.9374 -26.2387 9.7873
-8.1795 -26.1600 9.3890
2.5661 12.7829 -9.8300
-7.9566 -26.3025 8.2402
-7.4518 -26.0026 9.2705
15.3984 20.8795 4.0357
2.2471 13.4738 -9.9972
4.2505 12.7507 -9.6341
-7.7708 -26.6058 7.4244
-8.6431 -26.4686 7.5513
-8.4107 -26.4592 8.3259
16.3043 20.5848 3.4367
-7.1288 -26.0824 7.9064
-20.5061 4.2640 6.2570
-19.8950 4.5701 6.8117
-7.8346 2.5020 -11.6108
-7.1145 -25.8615 8.6304
-20.0113 4.6916 6.1793
6.5233 10.6895 -9.6057
5.6199 11.5431 -9.5845
16.0828 21.0625 2.3762
-19.7494 4.9761 6.1792
-8.8961 2.6531 -11.2949
-8.0118 -26.7215 5.8882
-8.8865 -26.6959 6.6496
-19.5847 5.4423 6.6128
-19.0743 4.7442 7.2971
4.3600 13.4461 -9.7972
15.7733 21.1471 1.1283
4.3265 14.4204 -9.6799
-18.9613 5.1522 7.4287
15.0757 22.1474 1.1056
4.5887 -26.6800 -11.7104
-17.7528 5.3758 8.6192
5.4513 12.8858 -9.4333
6.0872 12.6003 -9.4461
-8.9032 -26.6274 5.0141
11.5642 -9.2288 11.6512
5.1374 -26.4384 -11.7391
5.0675 -26.6994 -12.2309
5.7671 14.0292 -9.3957
5.6275 -26.3548 -11.7273
5.2346 -26.0650 -11.2387
-4.6587 10.2136 -8.6345
-3.4984 11.3520 -9.5238
-3.9542 0.2455 -12.1858
-5.7297 -26.6745 6.4494
-6.4627 -26.5186 7.0468
-6.9922 -26.6986 6.9132
6.2518 -26.6833 -12.2493
-4.3730 11.3802 -8.9727
4.6948 -26.0052 -11.1415
13.2368 17.0199 -4.1853
6.6211 -26.2313 -12.9720
12.2899 -13.3942 11.4371
14.4471 17.3331 -3.8492
13.3607 18.2305 -4.2399
-5.6765 -26.6286 4.7913
-7.5985 -26.6448 4.8040
15.0332 18.0969 -2.9622
-5.8042 2.6647 -11.9415
-3.6141 13.5015 -9.5925
-2.8418 12.5189 -9.9866
-4.9120 12.1858 -8.6229
-1.9971 12.1472 -10.1806
-9.0180 4.1302 -9.7113
-11.0390 4.0333 -9.7415
-9.5163 4.2984 -9.4254
-14.0120 1.5858 11.4533
-2.6953 14.1018 -10.0285
-8.5012 -26.5910 3.1988
12.6620 20.7465 -3.2103
13.5717 20.8547 -1.8800
14.4683 19.7501 -2.2445
-1.7508 13.6691 -10.2222
3.0354 -2.7368 -12.6484
2.3825 -3.8022 -12.4810
2.1011 -3.6525 -11.9896
-13.3385 -26.7021 2.6114
-14.2020 -26.7229 2.3875
-4.5553 14.1705 -9.0500
-4.9521 13.4166 -8.8220
-9.7853 3.0213 -10.8790
2.4659 -2.8650 -12.4655
-9.6365 3.5459 -10.4309
-8.9974 3.3278 -10.8500
-5.4323 13.5540 -9.0113
-5.4606 12.3735 -8.5797
-5.0708 14.6602 -9.0472
13.2334 -11.0316 11.2156
-5.4518 14.9841 -9.2321
-4.9023 15.8073 -9.0333
4.3418 -0.3914 -12.6110
-3.9837 15.1147 -9.4086
-14.5665 -26.6237 1.7610
-13.1984 -26.6571 1.5663
-11.9313 4.5992 -8.6047
15.2362 20.0553 -0.7283
-10.3829 4.6287 -9.0651
-10.4581 -26.7286 1.8898
-11.1917 -26.5545 2.0170
-12.0854 -26.7628 0.3332
-12.0207 -26.7173 1.6840
-11.8405 -26.7154 3.4271
-9.8434 5.0882 -9.3404
-10.4038 5.9940 -9.4041
14.7022 20.4559 -0.3889
-12.7563 -26.5352 3.0672
-12.1941 -26.5980 2.5332
-0.9874 14.5929 -9.9985
0.2332 14.3856 -9.8732
-8.0899 3.5966 -11.2727
-8.1117 3.8603 -10.9934
-8.5067 3.9564 -10.2996
-5.4447 15.7162 -9.1672
-5.8594 14.9541 -9.7256
13.4972 18.9913 -3.9756
-5.7704 16.6256 -8.8985
-8.3695 4.5625 -9.6269
11.6365 18.5484 -5.0825
11.6944 19.8460 -4.7787
-7.0296 4.0828 -11.1884
-6.5132 4.3218 -10.6346
-13.6176 -26.7272 0.2150
-6.1491 17.4699 -8.6316
-4.7877 16.9515 -8.8729
13.4860 19.7007 -3.5349
11.9219 20.4702 -4.1453
-7.1636 4.5001 -9.9919
-3.8720 15.9872 -9.3219
-3.6630 16.6732 -9.0746
-7.8602 5.6682 -10.1532
-7.6491 4.9237 -9.9321
-6.0208 18.5677 -8.1763
-5.2271 17.7911 -8.6708
-7.1467 18.2633 -8.0560
-12.2638 -26.8290 -0.9718
1.8799 -3.1570 -10.4479
1.5855 -2.5100 -8.3026
1.6753 -2.4691 -10.5175
-15.6494 3.6481 10.6569
1.7209 14.3271 -10.0007
-14.3460 -26.7756 0.8061
11.3785 21.7747 -2.8239
13.3301 21.1318 -1.3472
2.9131 15.5732 -9.1006
2.4423 16.0155 -8.9095
3.4770 15.9904 -8.7181
-11.8211 6.3029 -8.8031
-9.9076 6.9379 -9.5527
11.8883 21.7358 -2.0176
13.3677 21.3673 -1.0667
12.5023 22.0701 -1.4581
1.5187 -1.9517 -11.2431
1.1795 -1.7324 -9.8783
9.6418 4.2477 -8.7499
9.3801 4.5778 -8.5784
10.6253 4.3702 -8.1267
9.1782 4.9314 -8.6995
11.0384 4.8648 -7.9765
1.0152 -1.4876 -7.9045
13.1177 -7.9849 11.1864
9.5923 5.9046 -8.8272
14.7834 20.6686 -0.0560
13.6276 22.4319 -0.6275
10.5944 5.7066 -8.3875
-3.6383 -0.9606 -8.0557
-3.0201 -0.5786 -8.3651
-11.1735 -26.7113 0.1637
-12.3446 3.1860 11.8371
14.4600 22.4710 0.2339
-1.8763 -0.4132 -7.9751
-13.3715 3.9543 11.4782
11.2478 5.8509 -7.9181
12.3753 5.4316 -7.4442
1.9695 -2.7060 -11.7917
1.8970 -2.0309 -12.1618
1.9465 -1.5664 -12.4257
11.8936 6.3321 -7.0906
10.2497 6.7717 -8.2709
-14.4569 4.3594 10.9405
14.1437 4.8785 -6.3714
12.8745 5.9721 -6.9948
1.2491 -1.0372 -11.9774
-9.6746 -26.7799 0.2222
0.9152 -1.2116 -11.0604
-13.5068 4.4784 11.1940
-3.4931 -0.0566 -11.9688
-12.0165 4.3679 11.6002
-11.7873 4.6091 11.2325
2.0609 -0.6633 -12.5439
11.7382 7.1389 -6.9659
11.2730 7.5378 -7.4304
-3.1008 2.4329 -12.2033
12.8774 8.1403 -4.6771
13.2602 8.2327 -3.5795
13.7319 7.6370 -4.5445
12.8878 9.0985 -2.5936
12.8613 8.8768 -2.2463
13.2910 8.5604 -3.0077
-7.7826 -26.7449 0.5538
-6.3573 -26.7139 1.9310
-7.2262 -26.6406 1.4573
13.8766 23.4117 0.6047
12.9707 8.4677 -3.7796
13.0415 8.9366 -3.3925
-5.7080 -26.5644 1.0384
-5.9757 -26.6542 3.1394
12.9372 8.6827 -4.1761
-5.3367 -26.5104 2.8488
16.1003 5.3902 -5.3656
15.4837 7.0151 -4.8352
15.8598 7.5864 -3.8214
15.2347 7.7563 -4.0342
12.6816 24.2919 0.4549
13.0373 8.7633 -1.8111
14.3114 8.4954 -1.9595
14.1552 8.3158 -2.6541
12.6088 23.7630 -0.8448
13.1205 23.7757 -0.1782
-2.8076 4.4518 -10.1110
-4.4948 4.4366 -10.3973
-3.9900 4.5565 -10.0557
-3.2372 4.9442 -9.9011
-2.5093 4.7429 -9.1063
-2.6207 4.6244 -9.5943
-4.2565 -26.6315 2.0441
-5.7851 4.4497 -10.2022
14.7187 7.9911 -4.2177
14.6032 8.1767 -3.5280
-6.1378 4.7471 -10.0830
14.0536 8.0564 -3.9418
-6.3118 5.4908 -10.3161
10.7630 21.6227 -3.9822
-8.8693 -26.7309 1.6082
-5.3186 5.0501 -10.0012
-4.4959 4.8964 -9.8034
15.2715 7.9781 -3.1602
10.2744 22.3439 -2.4750
10.2304 22.8204 -2.3895
10.0857 22.2261 -2.9289
-7.6586 -26.6807 3.0896
-4.4640 5.3626 -10.0423
9.9348 23.6585 -2.5134
-3.9136 4.8478 -9.8898
-3.2451 5.7992 -9.4800
-3.0615 5.9615 -9.1932
14.7633 5.7488 -6.2764
-3.2239 5.5537 -9.8090
-10.1866 -22.3910 -11.5192
-8.2255 -26.5668 1.6082
13.7815 6.8611 -5.7674
14.4784 7.0750 -5.1912
13.6795 7.3665 -5.2207
12.7940 7.0282 -6.2667
13.1800 7.5705 -5.5607
12.6071 7.5147 -5.9670
-6.0420 3.8222 -11.7052
-6.7886 -26.5953 3.6654
-8.4778 -20.5270 -11.8988
11.0807 25.2266 -0.9092
-8.5650 6.5623 -10.0955
12.3744 7.8283 -6.0645
12.9437 7.8729 -5.1439
12.5947 8.3018 -5.9238
13.0796 9.0137 -4.6794
8.0298 -1.2119 -12.6344
-5.8434 -23.2075 -12.3933
-7.8597 7.3442 -10.1425
9.9390 24.0753 1.6264
-8.5004 7.7076 -9.6711
12.2697 8.5229 -6.9312
10.9207 24.3049 1.8932
12.9849 9.2313 -6.3096
-8.6483 -26.6507 0.1128
13.2531 9.3237 -5.3811
12.2292 24.2020 2.0336
9.8066 25.1393 0.7888
-5.2472 4.3273 -11.3648
-10.1987 3.0655 12.1554
-3.6215 3.9244 -11.9446
14.6693 7.5097 -4.7433
11.0872 24.9990 1.1152
-3.6308 4.2135 -11.7402
-4.1022 4.4424 -10.9554
11.2435 25.3185 -0.1169
10.6049 25.6588 -0.1130
-12.1071 -18.8495 -10.8331
-10.9009 3.9318 11.9596
13.9232 10.7379 -4.7529
-14.8033 -26.6147 7.7739
-16.2994 -26.5211 7.6416
-16.8403 -26.4600 8.6207
13.7300 10.5584 -6.0139
13.2421 9.3192 -1.1147
12.7494 9.2801 -1.5995
-9.7511 4.3644 11.7754
2.1664 2.8453 -12.4107
12.6771 9.7662 -1.8342
12.8353 9.7983 -1.4208
13.0197 10.6581 -1.7247
13.4264 10.8639 -1.4428
13.6882 10.1166 -1.0620
12.9541 9.9311 -2.3510
-14.5798 -16.0692 -9.7974
13.4524 10.0431 -3.4608
13.8400 11.1989 -3.4789
13.2237 11.2410 -2.1992
-2.3337 15.3329 -9.8595
-13.1804 -26.7181 8.5467
-0.3723 15.5226 -9.5797
13.3917 11.7426 -1.8162
13.7419 11.9802 -1.6828
-2.5138 16.0995 -9.5226
-16.4012 4.2352 10.0963
-1.3394 16.0286 -9.5567
-6.7375 6.4837 -10.4787
-16.8504 4.4629 9.5204
20.9064 -21.7498 5.8988
-15.4931 4.4106 10.3021
-15.7890 4.6798 9.8191
-12.1746 -26.5905 8.6288
-4.8297 5.8655 -10.3147
-1.6612 16.7513 -9.0124
13.9229 12.1133 -3.2659
-16.3830 4.9077 9.4128
13.4668 12.0199 -2.3683
-5.6286 6.7492 -10.4642
-16.4512 6.0028 9.4816
-14.7504 5.6426 10.4140
-6.7276 7.2182 -10.3711
-7.2323 7.7116 -10.0400
-14.1660 4.8520 10.5442
-7.6581 8.3847 -9.1772
-6.9766 8.1773 -9.5351
14.3632 12.7768 -4.2711
-12.4514 4.8504 10.9909
14.3028 12.1327 -4.8688
-4.7857 20.1017 -7.7531
-6.0501 7.6507 -10.0263
-12.6336 5.2473 11.0499
14.2289 13.5970 -3.9214
-4.9768 6.9844 -10.3465
-4.6323 7.1035 -10.1041
-4.2212 18.8442 -8.3489
13.7157 12.7247 -2.3639
13.8127 12.9631 -3.0861
-13.0459 6.2082 11.1242
-6.0439 8.0605 -9.4380
-6.2508 8.5914 -9.2153
-5.2194 8.2828 -9.3791
13.7378 13.8502 -3.2818
-3.7746 6.0467 -10.1661
-2.8537 17.7832 -8.8693
-1.7059 17.1339 -8.8547
-4.5383 6.4607 -10.4025
-10.9652 5.0346 11.3276
-3.9660 6.5626 -10.1194
-16.5624 -22.0442 10.5264
-4.0261 6.9486 -9.4958
-1.8381 19.8600 -7.9098
-11.9494 6.4840 11.3315
-10.9550 5.8705 11.5077
8.4535 7.6424 -9.0835
-10.5497 -12.6631 -11.2313
-10.1580 -15.6010 -11.4167
-1.5407 17.7083 -8.8163
8.1294 1.6991 -12.4762
-11.4444 7.0914 11.1975
-3.4839 7.2369 -9.2491
9.5111 6.6606 -8.8429
-0.9657 19.0848 -8.3275
10.0664 7.9213 -8.4942
-5.0462 7.5267 -9.7032
-5.0191 7.8273 -9.4531
-4.1658 7.4358 -9.3953
-4.3665 8.0093 -9.3716
7.1106 3.0403 -12.3766
-6.2932 8.8584 -8.7818
-5.3450 8.5824 -9.2078
-4.9214 8.6328 -8.7994
-10.3040 7.1719 11.1409
-4.3949 21.0893 -7.0469
-3.6128 21.5063 -7.1713
-2.7716 20.7364 -7.6602
8.7007 9.2264 -8.9415
-4.0199 8.1619 -8.9815
-4.2777 8.5262 -8.3842
9.6408 8.7518 -8.6402
-14.9162 -21.6036 11.3110
-5.0056 8.9844 -7.9933
-4.3504 8.9896 -8.1361
0.5818 15.2512 -9.8351
-4.9092 9.5188 -8.1326
-10.0439 7.9088 10.2701
-10.6052 7.8046 10.7517
2.2000 15.0544 -9.7995
11.2729 8.1209 -7.7477
1.4786 16.0328 -9.5685
-12.1393 6.8424 -8.2534
2.3847 15.4362 -9.5232
-10.9071 6.9306 -8.9361
0.4343 16.3808 -9.5284
-0.2812 16.4254 -9.2965
-12.2984 7.2508 -8.2498
-9.1961 7.8664 9.4254
-0.4334 17.1645 -8.7139
11.3878 9.8456 -8.1181
0.1907 17.5696 -8.9674
-10.9410 8.6708 9.2106
10.2763 2.8790 -12.0691
12.2867 9.8639 -7.5591
0.4987 17.1887 -9.2579
-9.3072 7.9341 -8.5907
1.6075 16.6616 -9.3104
-10.1778 7.9110 -8.3486
-11.2873 8.8139 8.4994
-9.7253 8.2721 8.8377
1.6705 18.0449 -8.8855
10.3903 9.9168 -8.5824
10.0172 10.9443 -8.8616
-10.9654 8.7957 -8.8640
-10.3800 8.3504 -8.6357
3.5790 15.0868 -9.4608
8.6196 4.0070 -11.7931
-4.6484 -21.9057 -12.5812
-18.5367 5.7699 7.9513
-18.5451 6.3620 7.6342
9.3752 3.6119 -11.9924
4.9076 15.3655 -9.2042
4.4178 16.0005 -8.8043
-17.2469 6.5083 8.8385
7.8411 10.7297 -9.4610
-17.3461 7.2682 8.2951
12.4189 4.1068 -10.1055
2.6957 16.6213 -8.8745
7.0206 12.0552 -9.5092
-18.8740 6.7391 6.8078
-18.7443 7.2065 6.0620
3.2898 17.5999 -8.6150
3.1019 18.0874 -8.5883
-16.5787 8.0493 8.2940
8.7778 11.3420 -9.2726
-17.5797 7.8706 6.6299
8.4326 12.0745 -9.1314
-8.7592 9.0661 -8.6088
3.9175 17.2980 -8.3642
-14.2464 12.3819 -7.5328
-15.9150 6.7329 9.5217
-14.9476 6.4928 10.2485
2.9465 18.6759 -8.3387
5.9347 13.4577 -9.3100
7.0220 13.0053 -9.1950
6.9651 13.7126 -8.8044
-14.9013 7.3313 10.0851
-15.8034 7.6630 9.3604
6.0238 15.3356 -9.0033
-0.3874 18.1919 -8.4363
0.0211 18.0305 -8.4882
6.4712 14.3347 -8.9777
-11.1674 -26.5087 9.5106
-13.3004 7.3072 10.8154
1.0204 19.7975 -7.6523
8.2134 12.7782 -8.7211
-13.9290 8.1929 10.1648
-6.0617 9.0498 -8.0770
-6.3117 9.3344 -7.7410
-5.8415 9.8579 -7.7128
0.6451 18.4972 -8.5425
7.2383 14.8450 -8.1542
-6.4160 9.8456 -7.7697
7.6287 14.4069 -8.0100
0.5966 19.0118 -8.0040
7.2033 16.7947 -8.0772
-1.6668 21.2282 -7.4578
9.5034 11.6988 -8.9949
-11.7434 11.4193 -9.1712
0.4017 21.2166 -7.2963
-0.3255 21.5850 -7.0479
9.3704 12.2695 -8.6267
11.0569 11.9429 -8.4530
-12.2783 -20.9368 12.2439
10.7169 12.4471 -8.3877
-16.2159 8.5049 7.9190
9.3179 12.5867 -8.4953
9.7532 13.1234 -8.5918
-0.3386 22.6201 -6.6841
9.1319 13.4667 -8.4764
10.6095 13.4374 -8.4059
1.7059 19.0337 -8.2657
-13.5254 -19.3850 11.9003
2.1318 19.3205 -7.6037
-15.0451 8.5437 9.2487
8.2587 13.3472 -8.2707
14.0641 -2.5798 -11.4410
1.1518 20.8830 -7.4570
8.5062 13.9996 -8.1409
2.1280 19.6299 -7.2959
8.0479 14.6895 -7.7692
-8.5401 10.7060 -9.5094
3.1931 19.1806 -7.5840
2.8729 19.5950 -7.1090
-13.5576 8.8191 9.7047
2.7753 19.0595 -8.0460
-14.9516 8.8936 8.6336
9.1667 14.5240 -8.2559
-16.0378 8.6682 7.5021
-14.8078 9.0275 8.1155
-10.7077 10.5731 -9.3787
8.9343 15.1941 -7.8665
9.8607 14.6553 -8.2553
-13.3878 9.1552 8.9175
-13.4282 9.1848 8.1890
2.2470 20.9005 -7.1316
-10.4801 11.5338 -9.7211
0.4533 21.7279 -6.8935
-13.0800 8.2872 10.4062
12.8774 9.9183 -6.9824
0.7534 22.5890 -6.4126
-12.1388 8.1581 10.6199
1.7407 23.0264 -6.1279
-9.2797 11.4360 -9.8984
1.8144 22.1296 -6.7930
2.7723 21.8854 -6.5606
-10.7065 -18.9874 12.5307
-10.2858 13.1429 -9.8218
13.3006 11.2341 -6.9542
-12.1420 8.7457 9.8263
5.6321 16.5089 -8.6883
12.2771 11.5980 -7.8663
4.8842 17.7171 -8.4019
4.3665 16.9275 -8.4499
7.0358 17.8986 -7.9460
-12.4801 9.1200 8.9265
-12.0160 9.2320 8.1902
4.1754 18.3603 -8.1403
-12.1496 12.8311 -8.8789
13.0971 12.8631 -7.2387
14.0634 11.4144 -5.7467
13.7574 12.5540 -6.4970
3.6344 19.3184 -7.6026
14.2491 12.6350 -5.5351
4.4653 19.8579 -7.6215
5.4250 19.1032 -7.9221
14.3293 13.4285 -5.0350
5.8480 -26.5028 11.8192
-0.3383 -26.6367 5.1320
1.0215 -26.6184 6.4248
-3.2356 -26.6320 6.3395
-13.5797 14.0651 -7.6468
-3.3671 -26.6304 8.5592
-4.8277 -26.6376 8.5756
-4.4747 -26.4738 7.6823
-5.4385 -26.4309 8.2401
6.6671 -26.2917 12.4636
8.1869 -26.0890 12.4267
6.8366 -25.8132 12.7021
-4.0497 -26.4893 8.0156
-5.7766 -26.0893 8.1734
5.7279 -26.3942 12.3858
-6.5157 -26.3692 9.6208
3.1369 -26.3310 12.7195
-6.6043 -26.0530 9.3111
-5.5811 -26.4394 9.3719
-6.1338 -26.3287 8.9338
4.4151 -26.3633 12.7147
5.2522 -25.9291 12.8412
11.5783 0.3263 -12.1149
13.9355 13.7645 -5.9622
6.5935 19.7445 -7.4880
-4.3458 -26.4261 9.5245
4.2073 -26.5048 12.0191
3.0952 -26.3349 12.2908
13.4767 0.4459 -11.5526
3.9390 -26.4067 11.7976
-5.5173 -26.5700 8.6183
8.6060 18.8455 -7.0042
8.0105 17.4634 -7.2936
8.8342 18.3419 -6.8304
14.1756 14.3251 -4.6339
14.0013 14.5122 -4.1059
-6.7750 -25.8566 8.8852
8.5411 19.7646 -6.8294
-11.7501 13.9913 -8.7848
13.5339 15.2470 -3.9143
-6.2106 -25.8980 7.9529
13.8918 14.8106 -5.2225
7.3810 20.5285 -6.9153
13.6546 14.7557 -5.9174
13.6172 15.4942 -4.7041
13.2463 15.8450 -4.4344
4.0154 20.5100 -7.0799
16.0280 -0.9197 -10.4668
13.0146 16.1149 -5.2987
2.8471 20.3941 -6.8884
3.2724 20.1753 -6.9667
3.6283 21.4126 -6.2026
-3.2777 -26.4619 8.0032
3.9763 21.2217 -6.4688
-3.8919 -26.2775 7.7560
-2.4038 -26.4348 8.2619
11.9176 12.8298 -8.0197
-1.9021 -26.4186 9.5895
5.8773 21.2034 -6.8498
11.0909 14.6531 -7.9513
-1.7281 -26.3714 8.1417
-1.4991 -26.2406 9.0946
-10.0210 14.4807 -9.6760
4.9777 21.2442 -6.8218
-4.2045 -26.1129 10.3298
-11.0847 14.5103 -8.7144
-11.3537 15.0369 -8.0733
12.3448 13.9338 -7.5545
-10.7107 14.7902 -8.9865
2.1715 23.4928 -5.6021
2.7716 22.8950 -6.0979
4.5168 21.9902 -5.6303
14.6975 2.1267 -10.8662
16.3893 1.4194 -10.1353
5.1388 21.9275 -6.0937
10.6403 4.1646 -8.6679
4.2518 22.6135 -5.3963
-5.6856 -26.2780 7.0064
-4.6606 -26.4943 6.8173
3.7026 23.0084 -5.5810
-5.1359 -26.2558 7.3002
9.7185 15.8238 -7.6607
-7.6904 9.1292 -8.3510
-3.5285 -26.3719 7.2150
10.4899 15.8882 -7.6097
14.2138 4.0718 -7.6463
-8.0201 9.7659 -8.8943
12.3426 4.1256 -7.4921
12.6169 4.3853 -7.0682
-4.3458 -26.6336 5.0322
-5.0223 -26.6279 4.5102
11.3257 15.8074 -7.2920
12.2993 15.4738 -6.9018
-7.1595 9.1304 -8.3056
-2.9338 -26.5972 5.2833
-7.2183 9.5918 -8.2495
13.2364 14.1427 -6.7867
-6.3033 10.7549 -8.2959
-7.1771 10.0614 -8.6088
7.0609 21.8191 -6.1314
6.2233 22.3489 -5.6440
-6.3489 -26.0110 7.5308
13.0063 15.5648 -6.1469
9.8914 -26.1957 12.1445
5.7228 22.4957 -4.8553
-6.5397 11.6829 -9.3665
-2.3916 -26.4525 6.9514
-7.3062 11.2246 -9.5284
12.1563 16.3455 -6.1401
5.6835 22.7564 -4.4393
5.2191 23.1845 -4.4617
3.9025 23.4651 -4.9056
-0.5223 -26.6237 7.8988
-0.7111 -26.4519 9.2204
14.1025 -26.1913 6.9192
14.4468 -26.3810 7.1241
-5.8083 10.7797 -8.0665
8.2268 -26.4874 1.9702
8.5097 21.2384 -6.0633
-5.1920 10.8703 -8.2908
2.7740 -26.3466 8.1969
2.4698 -26.2282 9.1665
9.7937 20.0654 -6.0624
7.1292 -26.5185 -0.5650
5.5149 -26.5674 1.1188
10.8611 19.4129 -5.4868
9.9499 21.0774 -5.2767
7.9029 -26.5633 -0.0718
7.4576 16.1357 -7.8098
-5.9261 12.2066 -8.9406
8.4007 22.2067 -5.0735
9.3668 -26.5139 1.3845
9.9474 -26.3962 2.3575
7.2064 22.3803 -5.3888
8.2682 16.1761 -6.9788
9.3100 16.8051 -6.2490
8.9985 16.3274 -6.7562
9.0890 17.0054 -6.2528
1.2748 -26.6260 4.7656
8.2315 15.5718 -7.3474
2.1567 -26.0790 8.0810
1.5288 -26.2761 8.4542
1.8985 -26.3888 7.7956
-9.1906 12.8353 -10.1639
2.6960 -26.3182 7.0123
1.3771 -26.5682 7.9097
0.8895 -26.5905 7.4550
-8.0647 12.2593 -10.1703
-7.7859 13.0726 -10.2776
9.6215 -26.5368 0.1053
8.7179 -26.4206 0.2141
9.0531 15.9916 -7.3228
6.9994 22.6740 -4.7548
2.5210 -26.0765 8.0270
8.5300 16.9840 -6.7087
3.2600 -26.3441 7.0208
10.7865 -26.5554 1.0028
8.1280 22.6215 -4.0266
10.8998 -26.4890 2.0806
-6.8079 12.6478 -9.9940
3.3394 -26.5761 6.3672
9.3519 22.2165 -4.2769
-7.5021 14.1328 -10.2423
12.2876 -26.5245 3.5720
12.1632 -26.3762 5.7021
13.1986 -26.5235 4.7388
-8.9343 15.0331 -9.8938
-5.7057 21.9758 -6.6421
12.7658 16.3493 -4.3539
12.4323 16.5290 -4.7839
-6.1199 12.9963 -9.6816
12.1024 17.1422 -4.6869
9.9568 16.6916 -6.5599
10.4294 17.1275 -5.4882
17.7929 1.5698 -9.1654
10.6693 16.9388 -5.9457
-5.7267 13.9638 -9.5420
10.9203 17.6737 -5.2435
9.8595 17.9640 -6.0052
-6.5398 13.7591 -10.1394
12.9929 -26.3539 5.2519
11.3854 16.9340 -5.2651
-4.3571 22.7197 -6.3704
10.2502 16.3036 -7.2125
-3.5632 22.4846 -6.5679
14.5790 -26.4306 4.6276
13.9540 -26.0323 5.0370
0.9007 -26.5176 9.0199
10.9445 16.6084 -6.6112
11.9261 16.6981 -5.7022
14.8284 -26.1543 4.8656
15.0078 -25.8772 5.1820
15.3038 -26.5021 3.2288
2.2777 -26.4553 10.2432
1.4232 -26.4022 9.6887
-5.2281 23.9104 -5.6129
-3.9220 23.7711 -5.8020
-10.1576 15.5181 -9.2494
16.3401 2.9164 -9.8171
2.1042 -26.1058 9.4046
-9.5167 16.2023 -9.2980
1.4227 -26.2009 9.1032
15.3813 4.2404 -5.6336
-2.5828 22.4204 -6.9442
-2.7527 23.3301 -6.3198
11.4263 17.1335 -4.9386
15.0895 4.0784 -6.2138
-10.9390 15.6607 -8.0000
-10.9273 16.2807 -7.4405
-10.6912 15.7014 -8.5784
-10.5671 16.4289 -8.0784
-1.3998 22.7033 -6.7908
-1.7445 23.5228 -6.2526
-10.2761 17.2398 -7.5188
-9.7803 17.3440 -8.1204
-10.1176 16.6892 -8.6182
-3.1727 24.4551 -5.1281
16.2256 -26.2664 2.4643
-3.4786 -26.4795 2.8065
-3.4525 -26.3616 3.6107
-3.0174 24.7879 -4.7620
-2.1103 24.2789 -5.4701
-2.9598 -26.6266 2.4169
-3.1233 25.3033 -4.5029
-2.4031 25.1845 -4.7020
-2.8840 -26.5536 4.0433
-1.8903 -26.5858 3.3399
-2.3503 -26.4987 4.5589
16.4187 -26.5225 1.5264
-2.2496 25.6394 -4.5846
-0.4394 -26.4800 4.3295
-1.1471 -26.4668 4.8493
-2.7804 25.6405 -4.1607
15.0608 -26.3565 1.9097
-0.6269 -26.5265 2.8355
-1.3548 -26.6590 1.4503
-2.0234 -26.5246 2.0521
-2.4829 -26.4156 3.1226
-0.6255 24.1765 -5.3286
-0.2619 23.4256 -6.1028
7.2760 22.7484 -3.8578
15.3753 -26.4360 8.6693
-8.1751 18.1512 -8.0225
17.3055 -26.4251 8.4844
17.1250 -26.2281 9.3375
0.9997 23.4716 -5.6464
7.2859 22.9058 -3.5732
1.2033 24.0565 -4.8437
0.0901 24.4442 -4.8528
8.6565 22.6274 -3.2170
8.1916 23.1012 -3.2114
15.7665 -26.4469 7.7789
-20.4578 7.7786 3.4543
-20.1558 7.0850 4.2454
15.3785 -26.3899 6.8660
-1.1100 24.6332 -4.8813
7.2392 23.9797 -3.6819
14.7084 -26.2130 6.5339
-19.1260 7.2781 5.0725
16.5448 -26.4097 7.1777
-1.1115 25.8225 -4.2963
15.2386 -26.0604 6.3729
-1.5427 25.5538 -4.8063
-18.3348 7.5670 5.6344
-17.4326 8.1700 6.3918
-18.8239 8.0971 4.8953
-0.7679 25.2799 -4.9369
-18.2886 9.7256 5.3814
18.9123 -26.4323 6.1073
18.7446 -26.3196 7.9641
-18.9523 7.7100 4.6178
-19.4463 7.4726 4.2942
0.4966 24.9691 -4.9533
0.9661 24.3915 -4.7236
17.6409 3.1633 -8.8224
-19.3618 8.8278 4.3780
0.0227 25.9470 -4.9146
-0.5203 25.9843 -4.6718
15.8960 3.7110 -9.5049
17.7861 3.5664 -8.4101
18.9819 -26.0206 8.1068
0.7318 25.7159 -5.0992
0.3880 -26.6582 3.0286
17.7164 -26.3782 7.2049
-20.8718 8.7155 2.8137
-3.5831 25.6006 -4.1586
16.5880 -26.3353 6.5261
16.8378 -26.4171 5.9068
-19.7291 7.8177 3.7254
-20.0610 8.3991 3.4398
-20.9910 9.5759 2.3462
-21.2411 8.7672 1.7050
2.2857 23.7961 -5.0165
2.0905 24.2657 -4.6419
-21.0515 10.0933 1.5985
7.8184 24.5272 -3.4611
19.9607 -26.0963 7.1550
-19.5797 9.9944 4.0115
-20.3002 11.5242 2.9294
18.4770 -26.4695 3.9269
20.0660 -26.4256 2.6235
3.0467 23.8671 -4.5504
3.0935 24.2056 -4.4642
20.2230 -26.3407 2.0507
1.7896 25.1734 -5.0158
-3.6616 -26.3853 4.5797
3.9316 24.9211 -4.6868
-7.6973 12.0260 8.4255
-9.1551 11.6483 8.3050
12.1478 1.9337 -11.8289
3.0956 25.7218 -4.9149
-9.6040 12.5420 8.1926
-8.3830 13.2405 8.4286
-9.0629 13.3765 7.9770
15.7031 -26.3848 4.8649
0.6385 26.2341 -4.4365
2.2274 26.6164 -3.7360
-7.5919 13.3894 8.5572
-19.4917 11.0531 4.0288
-6.8140 12.9302 8.4745
-9.7880 13.1361 7.8964
-10.6307 12.8985 7.8766
1.5779 26.2261 -4.9299
1.7329 26.5360 -4.5483
15.3753 -25.9389 5.9844
2.5045 26.0305 -4.9318
3.3131 26.6013 -4.3720
-6.2970 12.6204 8.2209
1.5246 -26.6392 3.5678
1.6561 -26.5265 4.2776
15.5825 -26.0514 5.5494
-21.0679 9.2571 0.8814
-6.2804 14.0860 8.3112
-20.7628 9.7187 0.1871
12.6380 3.3324 -11.3515
10.5295 3.8154 -11.6530
-9.5967 13.4702 7.5074
1.3156 -26.6788 1.9066
1.7763 -26.5308 2.6453
-9.6763 13.8923 6.9850
-9.4399 14.1833 7.2672
-8.9675 13.8363 7.9528
-9.0285 14.5720 7.9720
3.2488 -26.5015 3.0115
-8.2122 14.4845 8.3992
-20.7343 11.1737 0.3347
-8.7772 15.4733 8.0109
6.0397 24.8206 -4.1211
4.5761 25.4690 -4.5574
-20.7317 11.7044 0.9480
-8.2264 15.7508 8.0330
10.5041 4.1188 -11.2629
-9.9121 14.6930 6.6893
4.3186 26.2236 -4.4264
-9.8078 15.3942 6.9672
-20.3965 12.4103 1.9219
5.5962 25.6742 -4.1370
-9.1134 16.0547 7.6128
-9.6486 16.0190 7.0624
4.0956 26.7673 -2.9604
12.7122 3.7986 -10.9949
3.4524 26.8781 -3.6535
21.3200 -26.3907 4.3594
-5.2009 13.4544 7.5094
2.6827 -26.6528 1.8725
14.3223 3.9123 -10.0991
17.2842 -26.3540 2.8565
-5.7093 14.3687 7.9597
18.1491 -26.3060 3.2862
5.0336 26.8890 -3.2463
5.0705 26.7776 -3.5781
-5.2339 14.7281 7.5034
3.1287 -26.5398 0.8934
-4.5925 13.9527 6.7567
-20.1036 13.6405 1.0950
14.4016 3.4222 -10.5685
6.3205 26.3035 -3.3574
-19.6239 14.1683 2.0273
7.0856 25.4042 -3.5202
-4.9002 15.5569 6.7377
-6.8990 14.6727 8.4070
17.9188 -26.1193 2.3794
-7.4062 16.0129 7.9690
-20.5048 10.9627 -0.3207
4.1207 -26.5895 1.6525
6.9598 26.5623 -2.7625
-20.0087 12.0775 -0.6077
-6.1725 15.6002 7.9520
18.9366 -26.4229 2.9083
18.8460 -26.2253 2.4895
-8.1436 17.1168 7.2451
-6.7725 17.0341 7.2224
18.6632 -26.1289 2.1002
4.2542 -26.4165 1.0020
-5.5634 16.0397 7.3771
-6.3890 16.4460 7.6191
-9.0749 16.8495 7.0571
21.8679 -26.1249 4.3028
22.1053 -25.8880 3.9078
-4.4117 15.4188 5.7282
-9.6336 16.9059 6.3263
-5.1785 16.5070 6.2702
-5.8195 16.7484 7.0207
-5.7285 17.1377 5.9044
22.6286 -25.8838 2.5291
-5.1513 -20.0618 12.9585
-7.5228 17.6500 6.6269
-6.4241 17.4311 6.5538
20.2695 -26.3788 6.3388
20.7518 -26.1992 6.0882
-6.8997 17.8096 5.3802
-7.9989 17.9568 5.7293
-6.7379 17.6852 5.8222
20.6733 -25.4613 6.2887
-4.9502 16.5478 5.3301
-5.5967 17.2047 5.1316
-4.7699 16.7760 4.9409
21.1252 -25.9350 5.6756
-5.5978 17.6017 4.8991
-7.0988 18.2171 5.2104
-16.4611 9.1361 7.0624
-15.4789 9.0017 7.5273
-6.7483 19.0697 4.9746
-17.3620 9.6461 6.2213
-6.7588 19.6426 4.4600
-16.5037 10.3283 6.6884
-10.1477 17.0132 6.0630
-10.1217 17.7209 6.1322
-8.6489 17.7274 6.2032
-9.4063 17.5249 6.0039
-17.6002 10.4528 5.6889
-8.7324 18.2454 5.6844
-15.5267 9.8716 7.3755
-8.9461 18.7557 5.8271
-9.6201 19.1427 5.7375
-13.6786 10.0132 7.7729
-8.9861 17.9013 5.7685
-13.5537 9.3713 7.9391
-15.7644 11.8524 6.3828
-14.9237 11.1596 7.1107
-8.3104 19.2781 5.5239
-8.7008 20.3463 4.7818
22.1785 -9.5357 -2.6473
-16.3700 12.3474 5.6439
7.8077 -26.5932 -2.9633
8.9295 -26.2851 -1.6104
8.7307 -26.4245 -2.1603
10.1348 -26.4358 -0.8175
9.2185 -26.4768 -1.0318
-3.9772 14.5116 5.2618
9.4382 -26.3428 -1.6477
-3.7495 15.1589 4.8097
-4.2705 15.7676 5.0313
-3.3073 16.0587 4.6005
-11.3715 9.9260 8.1996
-3.9290 16.6291 4.5766
-2.6505 15.6695 5.0150
-11.2481 11.8106 7.9093
-2.7909 17.0413 4.5798
-12.6213 12.5975 7.3712
8.4999 -26.5286 -3.6601
-4.5558 17.1872 4.9019
-11.9679 14.1958 7.1261
-10.8455 13.5896 7.4297
-10.0484 13.7394 7.0510
-10.8388 14.3866 6.8072
0.5091 -5.5222 -3.6649
0.7686 -5.3415 -3.6422
0.0217 -5.6606 -3.7057
-1.6956 -5.6486 -3.8553
-0.7484 -5.7213 -3.7680
-2.5931 -5.4019 -3.9383
-3.7143 -4.4098 -4.0349
-3.2694 -4.9738 -3.9955
-4.0669 -3.9047 -4.0654
-4.2931 -2.9919 -4.0850
-4.2599 -2.2097 -4.0821
-4.0421 -1.5565 -4.0633
0.2880 -0.7942 -3.6842
-0.4765 -0.5106 -3.7511
1.1935 -4.9517 -3.6050
1.5814 -4.2479 -3.5711
1.7854 -3.3901 -3.5532
1.7713 -2.6624 -3.5544
-3.5428 -1.0045 -4.0281
1.2482 -1.4957 -3.6002
-2.9343 -0.6253 -3.9864
-1.8853 -0.4041 -3.8840
0.6874 -5.4894 -0.0713
0.9474 -5.3079 -0.0486
0.2070 -5.6273 -0.1317
-1.5556 -5.6398 -0.2879
-0.5559 -5.6904 -0.2004
-2.3782 -5.3733 -0.3598
-3.4823 -4.3924 -0.4564
-3.0428 -4.9494 -0.4180
-3.8302 -3.8940 -0.4869
-4.0534 -2.9927 -0.5064
-4.0207 -2.2206 -0.5035
-3.8059 -1.5755 -0.4847
0.4698 -0.8233 -0.1091
-0.2855 -0.5431 -0.1766
1.3643 -4.9224 -0.0128
1.7462 -4.2327 0.0015
1.9476 -3.3859 0.0186
1.9337 -2.6674 0.0174
-3.3179 -1.0262 -0.4420
1.4172 -1.5157 -0.0278
-2.7404 -0.6465 -0.3915
-1.6878 -0.4301 -0.2994
