-7.8071 -0.0014 2.1900
-8.4663 -1.8962 3.5179
-8.5452 -2.4574 3.9211
-3.2572 -0.3556 2.4302
-4.0335 -0.0962 2.2207
-3.3542 -0.6273 2.2984
-1.7735 1.2183 4.2003
-0.6754 0.5984 4.2361
-1.1462 1.0792 4.2458
-7.0897 -3.5163 4.7028
-6.7893 -2.8378 4.3269
-8.0247 -0.2030 1.9721
-8.4380 -0.9139 1.9523
-2.8717 -0.4750 2.5566
-2.8540 -0.2133 2.6049
-6.5641 -6.3895 4.3877
-3.0773 -0.6078 2.3646
-7.9578 -1.6302 3.5482
-7.3200 -1.4948 3.5104
-8.7562 -2.5662 3.6874
0.2075 0.4513 4.3449
-0.2561 0.2516 4.2249
0.6497 0.1341 4.3057
-6.9360 -2.4268 4.0837
-6.5186 -3.3782 4.3644
-3.8562 0.1857 2.2714
-0.0226 1.3210 4.2587
-3.4521 0.0854 2.5020
-8.6933 -2.0340 2.0410
-8.9332 -3.3386 2.7640
-9.0869 -3.9632 3.4321
-8.2543 -6.9452 4.4214
-8.5797 -7.6090 4.2995
-8.2189 -7.9306 4.4576
-8.3193 -5.4199 4.5766
-8.6029 -3.9242 4.5156
-8.8582 -4.0210 4.3376
-8.4637 -4.3426 4.6354
-8.7814 -2.1121 2.7239
-8.9506 -2.9834 3.4001
-9.0022 -3.7010 3.9506
-9.0889 -4.4796 3.8668
-8.9762 -4.4601 4.2075
-5.9008 -2.0057 3.1646
-6.0323 -3.6441 3.9863
-5.8951 -2.8196 2.9338
-8.0491 -6.6480 4.4260
-7.7453 -6.2289 4.5973
-1.7703 -1.0518 1.9338
-1.7361 -0.6846 2.3871
-2.5298 -0.8558 2.1511
-7.5799 -0.8899 2.8742
-6.4925 -0.9993 2.9414
-6.0897 -2.3741 3.6731
-4.3888 -0.8522 2.0671
-4.8720 -1.1520 1.6024
-4.2037 -1.0663 1.6156
-8.5000 -3.1233 4.3032
-6.4741 -1.3993 3.2915
-3.7490 -1.2469 1.0585
-4.9219 -0.2162 2.0271
-4.6339 -0.5716 2.0974
-4.3154 -0.2989 1.9083
-8.8448 -3.3451 4.1057
-8.6089 -1.6453 2.9087
-5.0229 0.1810 1.7121
-4.5391 0.0252 1.9453
-8.0095 -5.5213 4.5524
-8.2890 -3.6430 4.5404
-8.2086 -4.1604 4.6540
-5.7990 -2.0590 2.1908
-3.6911 -0.7185 2.0243
-3.6364 -0.8624 1.9986
-7.9519 -4.0694 4.5999
-7.7775 -5.0348 4.6820
-1.5940 -1.3514 1.3303
-7.6255 -4.4691 4.8008
-7.7450 -4.0947 4.6923
-0.8602 -0.6230 2.6848
-6.0353 -1.5739 3.2083
-6.4275 -1.9731 3.6692
-1.8881 -1.3752 1.4888
-6.8464 -0.3982 2.2960
-6.3625 -0.5967 2.5446
-8.9929 -6.1425 3.9451
-2.3216 -0.4501 2.7098
-2.5121 -0.1416 3.1926
-2.6985 -0.1159 2.9287
-9.0907 -4.7007 3.2775
-9.0492 -6.1223 3.5304
-7.6934 -0.3128 2.2623
-2.0758 0.1449 3.6709
-2.1872 0.6928 4.0049
-2.5322 0.2549 3.6209
-7.0487 -0.1300 2.0420
-7.3895 0.1112 2.0338
-3.0673 0.5915 3.4626
-7.4496 -4.8967 4.8161
-6.9200 -2.0537 3.7030
-1.6908 0.3030 3.9958
-0.2329 0.0752 4.0167
-3.4273 0.4265 2.5270
-3.2970 0.5272 3.1251
-3.4291 0.5721 2.7761
-6.2856 -1.5855 3.3003
-1.4449 0.5081 4.1513
-5.9385 -1.0152 2.7854
-6.3254 -0.3990 2.2286
-6.1096 -0.5810 2.4316
-5.8002 -1.2291 2.7340
-6.3231 -2.4587 3.9113
-5.7456 -1.2552 2.4722
-5.8332 -1.4744 2.1524
-5.8602 -1.1198 2.1722
-5.7624 -1.7069 1.9436
-6.0767 -4.8553 4.1754
-6.2009 -7.1489 4.0869
-6.0810 -6.3073 3.9865
-5.8500 -0.8399 2.5160
-5.7999 -0.8798 2.3378
-5.8941 -0.7715 2.1543
-6.0320 -1.1672 1.9133
-5.9897 -0.9031 2.0351
-5.8656 -1.3403 1.9453
-5.4032 -1.0902 1.8035
-5.0708 -0.8489 2.1683
-5.9528 -3.8825 3.7503
-5.4976 -0.8087 1.9433
-5.6693 -1.1789 1.7130
-5.9795 -0.6461 2.2605
-6.0649 -0.4211 2.0407
-7.2143 -4.0586 4.7954
-6.8953 -4.3982 4.7432
-5.9682 -0.7732 1.9168
-5.8972 -0.6615 1.9554
-6.0747 -0.8824 1.8027
-6.6718 -4.0126 4.6463
-6.2938 -4.4711 4.3913
-5.8629 -0.7245 1.8200
-5.7408 -0.8525 1.8034
-5.5704 -0.5291 1.9882
-5.9781 -5.6284 2.5930
-6.1649 -0.0327 1.9401
-5.8780 -0.3594 1.9045
-5.5695 -0.1688 1.9139
-5.2517 -0.5320 2.1774
-5.3156 -0.7681 2.1191
-5.1096 -0.4017 2.1144
-5.2469 -0.1821 2.0923
-5.0992 -0.0489 1.9967
7.7813 -3.1022 4.4325
7.4234 -2.0700 3.8713
7.5328 -2.6717 4.3370
5.4323 -0.4745 2.1358
5.7759 -0.8552 2.3023
5.7758 -0.6009 2.2415
5.9457 -8.4590 3.8633
6.3338 -8.3746 4.2814
5.8541 -8.3963 4.0636
6.7926 -8.5009 4.0499
9.0504 -2.7583 2.9666
9.0556 -2.3938 2.0610
9.0337 -1.9767 2.2292
5.5910 -0.2986 2.1708
5.4049 -0.1595 1.9749
7.7345 -1.9987 3.8920
9.0381 -3.5211 2.2607
8.9971 -2.6652 1.6581
9.0240 -2.8882 2.0233
5.7940 -1.5217 2.1747
5.4422 -1.3414 2.2393
5.6333 -1.5525 2.1381
9.1667 -2.9125 1.6722
2.2176 0.4341 4.2403
2.0513 -0.1345 3.9975
2.5329 0.1468 3.9716
5.3622 -1.5313 1.9596
5.4128 0.0016 2.0315
4.7518 -0.5389 2.1694
5.7965 -1.7178 1.6511
5.5208 0.2690 2.1444
5.6489 -0.1311 2.3328
5.9811 -2.5193 3.8760
5.9608 -3.3443 4.2947
6.1572 -2.9185 4.2795
5.8739 -1.6722 2.3521
5.8287 -2.1767 2.2310
5.7832 -2.3614 2.9433
6.0618 -8.2743 4.2651
6.7582 -8.1490 4.4300
6.4457 -7.2393 4.4013
6.4597 -3.4031 4.6015
6.7810 -2.7458 4.4270
5.3086 0.1625 2.2204
4.8455 -0.2396 2.3778
5.8524 -1.9178 3.0487
8.5330 -4.0151 4.5090
8.4692 -3.3232 4.4010
8.1447 -3.9612 4.6348
5.4018 0.2771 2.1447
8.2374 -3.3661 4.4990
8.7469 -3.5478 4.2046
6.0076 -0.4886 2.4217
6.2118 -0.5932 2.4019
3.1139 0.3785 3.7747
2.6793 -0.1479 3.6124
8.7936 -4.1753 4.2357
6.9046 -5.2640 4.7113
7.0884 -4.4990 4.8136
6.6927 -4.7542 4.7357
7.3263 -5.1460 4.6718
7.2365 -6.7320 4.4126
7.1496 -7.5858 4.4720
7.5687 -7.6266 4.3627
6.2730 -2.3599 4.0189
6.6551 -2.2870 4.1189
9.1901 -2.5305 1.2354
9.1829 -3.7464 1.7867
6.8766 -6.4150 4.5350
7.0929 -6.1290 4.5318
5.8880 -1.7454 1.8368
2.6822 -0.4049 3.1755
5.8663 -1.2949 2.3295
5.8111 -2.9658 3.9771
5.7814 -3.6818 4.1273
5.7621 -3.1929 3.5737
7.5897 -7.0436 4.2881
8.8536 -1.5001 2.4026
8.9368 -2.1810 2.8833
5.6595 -8.2876 3.8224
5.7753 -8.2121 4.0604
3.3512 0.3373 3.4485
8.8950 -1.4393 2.0878
5.1371 -1.8510 0.8061
8.9186 -3.8796 3.9805
5.7229 -7.2577 3.8933
5.9387 -7.3929 4.1740
5.7196 -8.4109 3.7755
8.8286 -4.6960 3.9545
8.9950 -4.0211 3.6035
5.6387 -8.2943 3.3989
7.8015 -6.2226 4.4097
8.0491 -7.6294 4.2105
8.2489 -5.8631 4.3825
5.9105 -1.9717 1.4284
5.8087 -2.3267 1.3625
5.8036 -2.1013 1.8732
9.0575 -3.4013 2.8298
8.9483 -4.1466 2.9017
3.6683 1.0011 3.6381
3.0841 0.8149 4.0181
8.9155 -1.6263 1.6861
8.9570 -3.1211 3.5769
8.2623 -7.6447 4.0618
8.4131 -6.7030 4.0417
5.5762 -7.8218 3.5391
8.9580 -2.2207 1.5133
3.4117 0.1167 2.9366
8.6271 -2.8375 3.9728
5.8330 -2.0519 0.5579
8.3814 -2.3240 3.8609
7.1879 -8.5425 3.5756
2.7201 -0.6171 2.7841
3.4994 0.0825 2.6162
9.1226 -1.9076 1.1596
3.2564 -0.4830 2.7076
3.1229 -0.8630 2.5914
3.8352 -0.3723 2.5912
7.3111 -6.0124 4.4068
4.1535 -0.6328 2.5852
4.1817 -0.4900 2.6639
3.3792 -0.9531 2.5823
7.8108 -4.6003 4.6386
7.6037 -5.0089 4.5640
8.7971 -1.6331 1.3516
8.2238 -4.5124 4.6200
6.4462 -6.0582 4.4589
3.8441 0.9298 3.2921
8.6712 -1.2069 1.1889
0.5649 -1.2219 2.0141
0.7857 -1.0946 2.1353
0.9759 -0.4927 3.3492
3.8664 0.7055 2.8623
1.4070 -0.8255 2.8549
8.4043 -7.9685 3.7855
8.5278 -7.6976 3.5332
6.5597 -4.0045 4.7161
7.5768 -4.3089 4.7408
3.9226 0.4135 2.5011
7.2620 -0.7095 2.6834
6.8086 -1.0325 3.0420
7.5388 -1.1807 3.2096
8.7428 -2.2843 3.3790
8.4996 -7.0374 3.4954
4.0937 -0.0596 2.5341
4.4621 -0.1693 2.6092
6.4838 -0.3658 2.5756
6.7847 -0.6996 2.6080
6.7713 -0.4979 2.5262
6.9906 -0.5792 2.5997
7.1691 -0.3934 2.7226
7.2312 -0.5752 2.5849
8.6063 -7.5006 3.1270
7.3998 -0.6643 2.5438
1.3607 -1.4059 1.7246
7.3626 -0.3298 2.6470
7.3961 -0.5538 2.4981
4.3356 0.5847 2.4343
8.5890 -7.2578 2.9335
5.7636 -3.0514 2.2534
5.6794 -4.8402 2.0507
8.6236 -7.1483 3.1412
8.5398 -6.8384 3.4027
9.0924 -4.0973 2.6100
8.7393 -6.9784 3.2429
7.2331 -3.7259 4.8013
8.8679 -7.0475 3.0741
8.7926 -7.1206 2.8737
4.5976 -0.3277 2.6152
-0.7069 -1.5676 1.1845
9.0137 -4.7154 3.0800
9.0868 -4.8193 2.8037
4.5706 0.3228 2.1450
8.5780 -5.0064 4.3013
4.8052 -0.0651 2.5055
0.7527 -1.6042 1.1815
8.6456 -5.8212 3.7183
7.5761 -0.6179 2.5302
7.7827 -0.7671 2.6129
8.0090 -1.1002 2.9197
4.5078 0.4767 2.2072
4.6908 0.0859 2.4421
7.7822 -0.5795 2.6388
7.5672 -0.3315 2.7232
1.2505 0.4871 4.4187
5.6856 -5.5648 3.6954
7.8587 -4.0755 4.6531
9.0125 -5.9052 2.5275
7.9614 -0.4558 2.5854
8.1460 -0.7745 2.3671
0.5203 0.9319 4.3959
5.0226 0.4855 2.0488
1.4266 1.1863 4.4389
7.6515 -3.6335 4.7190
9.0854 -4.6595 1.7781
7.9470 -3.4685 4.5053
8.1055 -0.4474 2.3750
8.2757 -0.6523 1.9727
5.1262 0.2314 2.3511
6.2015 -0.8003 2.5535
5.9905 -1.5490 3.0426
6.4353 -1.5102 3.4127
8.6913 -5.9016 3.4349
8.7320 -6.7003 3.3852
1.6519 0.2407 4.3448
1.5199 -0.0494 4.1882
8.8831 -6.7262 3.2238
7.4094 0.1108 2.7517
7.2162 0.0383 2.8055
8.8216 -6.2914 3.3937
6.9754 -0.0481 2.7396
7.1198 0.5060 2.7654
6.1514 -5.2077 4.3892
8.9337 -6.8889 2.8431
8.9619 -5.6780 3.2560
6.6781 -0.1395 2.6648
5.8188 -5.8540 3.9541
6.8245 0.0796 2.6655
2.7336 -1.1416 2.4493
2.6275 -0.9633 2.7174
2.1576 -0.9457 2.7714
2.2588 -0.8262 2.8249
1.9807 0.8938 4.4010
6.5305 0.1996 2.7068
6.2329 -0.3157 2.4869
6.6043 0.5775 2.6925
5.7515 -0.4162 2.4050
5.8619 -0.1145 2.6051
5.7583 0.2540 2.4907
2.6526 -1.4030 1.7069
7.5540 0.4290 2.7830
7.7153 -0.0858 2.8273
7.8073 0.2476 2.7588
3.6000 -1.1074 2.4210
6.0122 -0.1980 2.6093
5.9302 -0.4459 2.5071
8.0435 0.0249 2.5707
8.0772 -0.1061 2.2785
3.2387 -1.4928 1.6460
3.9475 -1.6423 1.2122
8.1817 -0.2874 2.2129
8.2075 -0.1907 1.8411
2.6405 1.5193 4.2727
2.8064 1.0551 4.2156
7.0810 -8.4138 4.3787
7.7188 -8.5407 4.0047
7.6294 -8.4376 4.2601
7.3733 -8.2908 4.4151
7.9865 0.4574 2.5567
7.1169 -2.0589 4.0118
7.3883 -2.9696 4.5581
7.8466 -8.2460 4.2711
5.9811 0.4752 2.5998
7.7950 0.7870 2.5607
8.0619 0.2026 2.3307
7.9661 0.1077 2.0399
6.2899 0.3381 2.6246
7.0990 -1.5655 3.6142
7.9568 0.2184 1.6959
8.1305 -8.4796 3.9423
8.5151 -1.3844 2.7972
8.2155 -8.5967 3.5800
2.9831 -1.5885 1.1528
8.0604 -0.1144 1.6365
4.3557 -1.2944 1.9201
1.7912 -0.4762 3.5774
8.0813 -0.2839 1.4186
8.0318 -0.0066 1.4591
4.0952 -0.8593 2.3548
8.8552 -4.9512 3.2984
8.1332 -2.7154 4.2696
8.0391 -1.8103 3.6963
3.1440 -1.8238 0.7544
8.5605 -0.9871 2.0883
8.6341 -1.0711 1.4406
8.3629 -0.6434 1.6466
4.4675 -1.0117 2.2420
5.0770 -0.9530 2.2849
4.7313 -1.2494 2.1634
6.0004 -3.9785 4.4209
5.8489 -4.5930 4.1453
4.9563 -1.4186 2.0954
4.7740 -1.4286 1.8159
8.1345 -8.2494 4.0718
8.9788 -1.2502 1.0775
8.5217 -0.7110 1.1477
9.1758 -1.5192 0.8678
2.1379 -0.5972 3.3717
8.9117 -0.9205 0.9413
8.4693 -8.4562 3.3860
6.9048 -3.3415 4.7130
9.1032 -1.1704 0.5694
8.2449 -0.5562 1.3958
8.3390 -0.4043 1.6170
8.2766 -0.4188 1.5026
8.6570 -8.1726 2.9723
8.2572 -0.5592 1.2494
8.3700 -0.2728 1.1436
5.7397 -2.7013 2.1813
8.6384 -0.6124 1.1093
8.4970 -0.2196 0.8439
8.1302 0.1244 1.3316
8.8225 -0.6294 0.5780
8.7469 -0.6754 0.4412
8.3850 -0.1006 0.5321
5.7598 -2.9800 0.9625
5.7091 -2.6670 0.8963
5.9219 -0.9213 2.4004
-7.8740 -12.8656 3.2113
-8.1216 -12.8011 3.1875
-7.9832 -13.0562 3.1469
-8.4060 -13.0529 2.8668
-7.8883 -13.1619 3.0004
-7.6776 -13.0784 3.0968
-8.2331 -13.1460 2.8477
-4.6249 -1.7918 -0.0496
-4.3723 -1.5492 0.5794
-5.1916 -1.5823 0.6079
-8.4050 -10.1708 -0.4931
-7.7829 -10.4535 -0.5727
-8.5606 -10.3115 -0.2568
-7.8772 -12.2483 3.2382
-8.0931 -12.1084 3.2077
-4.1860 -1.4522 0.5248
-4.2154 -1.7671 -0.0744
-8.1048 -10.1503 -0.6001
-3.4047 -1.9258 -0.2819
-3.9279 -1.5572 0.2665
-8.7488 -10.2024 0.0128
-8.4128 -10.0295 -0.3840
-8.8162 -11.7754 -0.5574
-8.9454 -12.2968 -0.3264
-9.0053 -11.8104 0.0220
-8.9904 -2.0437 1.6608
-9.1474 -3.3660 2.3140
-9.0257 -2.7919 2.1797
-9.0543 -5.2850 1.5069
-9.1139 -6.5085 1.4747
-9.2069 -5.1116 1.9127
-8.6081 -12.1402 -0.8950
-8.5397 -11.6341 -0.8240
-8.7878 -2.6635 2.2201
-9.0390 -6.1714 1.3721
-9.1420 -2.7069 1.7510
-8.7930 -11.2626 -0.0359
-8.5567 -11.0697 -0.3671
-8.3828 -12.7638 2.9490
-8.5774 -9.6814 -0.2298
-8.6183 -9.5542 0.1690
-8.8912 -9.2684 0.6261
-8.4697 -9.7482 -0.1226
-8.7366 -9.6933 -0.4423
-9.0614 -9.4935 -0.0458
-4.8206 -1.8287 -1.0600
-2.8738 -1.5114 0.7393
-8.3257 -9.8911 -0.3399
-8.5641 -9.9402 0.0594
-8.6429 -1.7688 1.6679
-8.3024 -9.7762 -0.4899
-8.9502 -9.6244 -0.6783
-8.8666 -6.2448 1.2710
-8.6787 -9.7071 -0.8676
-8.0497 -9.9008 -0.5535
-8.4394 -11.9559 2.8639
-7.9451 -9.8017 -0.6579
-9.1339 -3.1782 1.6584
-9.0885 -2.6296 1.3359
-3.1452 -1.9678 -0.8844
-7.9225 -11.8345 3.2708
-8.7935 -2.7083 1.1922
-8.9396 -3.0690 1.4672
-8.0688 -11.6577 3.1629
-8.0827 -9.7364 -0.8850
-7.8256 -11.6510 3.1709
-8.1573 -10.9614 -0.6814
-8.3320 -10.6903 -0.2761
-8.0803 -10.5614 -0.4410
-8.1717 -8.6059 4.4195
-7.7622 -8.7577 4.3361
-7.5375 -8.5605 4.4783
-8.4172 -8.7681 4.1674
-6.0489 -9.9026 2.0234
-6.2314 -10.3840 1.9199
-6.1053 -10.4682 1.7277
-8.9396 -5.3564 1.2699
-8.9193 -6.3794 0.8155
-8.9735 -5.3191 1.0678
-6.0768 -11.0808 0.1812
-7.5675 -12.7681 3.1090
-9.0939 -2.2314 1.1245
-8.8771 -2.0558 0.7615
-7.4811 -13.1553 2.9102
-8.9091 -8.6806 3.9000
-8.7444 -8.5930 4.1837
-6.0187 -9.7470 -0.0802
-8.5308 -8.3239 4.3448
-8.9399 -8.2571 4.0735
-7.3853 -12.9878 2.9765
-8.8007 -6.5647 1.1259
-7.0620 -13.1015 2.8453
-6.9905 -12.9220 2.8854
-9.0648 -8.5490 3.8452
-8.6186 -2.5937 0.9913
-8.7108 -3.3914 1.3354
-8.6566 -3.0176 1.2983
-8.7161 -2.5342 0.8053
-8.8583 -3.5156 1.1380
-8.7054 -2.2920 0.8647
-6.0315 -8.6984 1.7295
-7.4632 -12.0411 2.9365
-7.8298 -11.0286 -0.8533
-7.6010 -10.6592 -0.6950
-8.8872 -4.3025 1.0026
-8.8888 -4.1277 1.3322
-8.9954 -3.8151 0.9594
-7.3304 -11.1868 -0.9585
-6.8974 -12.5716 2.8347
-8.9663 -3.1427 0.7007
-8.9871 -4.0798 0.4825
-9.0410 -4.8389 0.4153
-6.4797 -12.2732 2.5596
-6.3961 -11.2993 -0.9552
-7.4288 -11.7959 -1.0611
-5.9306 -5.1373 0.1486
-5.8363 -2.7197 0.8652
-8.8441 -4.4789 2.6284
-8.9506 -5.2887 2.9211
-8.8537 -3.5960 2.6081
-8.9236 -3.3130 0.4384
-6.9481 -10.4650 -0.7095
-7.0639 -11.9021 2.7571
-8.9433 -3.0735 0.3353
-8.9944 -3.5417 0.3667
-9.2395 -6.1181 2.5214
-9.1819 -4.3455 2.4162
-8.7640 -4.2462 0.0524
-8.9415 -5.2293 -0.2053
-8.9117 -3.8765 0.3527
-8.9882 -4.0089 2.5038
-9.0965 -5.4401 2.5437
-9.0404 -3.6537 0.2582
-8.9630 -3.7666 -0.1581
-9.1239 -8.5490 3.2733
-9.1089 -3.1861 0.2773
-8.9790 -2.5845 0.2774
-9.1754 -3.0890 -0.5103
-8.7647 -8.7061 3.6539
-7.3093 -8.7764 3.8727
-7.6615 -10.2277 -0.6760
-7.7252 -9.9393 -0.6219
-6.6255 -11.8550 2.6132
-6.0027 -8.6089 0.0090
-8.8384 -8.5837 2.9924
-9.2125 -8.2089 3.5260
-7.1675 -9.8574 -0.5808
-9.2648 -8.3987 3.1643
-9.0217 -7.4612 3.7719
-1.8235 -1.6606 0.7465
-6.7090 -9.8013 -0.6381
-9.2320 -8.0731 1.9419
-7.9638 -11.5003 3.0620
-8.3536 -11.4863 2.8085
-8.1780 -11.2272 2.5118
-6.3743 -4.7060 -0.3399
-6.0752 -4.6128 -0.0836
-6.2088 -5.0842 -0.3333
-6.0367 -5.5653 -0.0121
-6.0248 -5.1178 -0.1619
-8.8113 -2.6519 0.3461
-7.6770 -11.1551 2.5122
-8.0124 -8.6975 3.5161
-8.6306 -11.6586 2.6145
-8.7758 -12.3318 2.5996
-8.7880 -2.0704 0.3445
-9.0422 -1.8427 -0.1782
-7.3084 -9.7816 -1.0662
-8.5243 -11.4250 2.4180
-6.1824 -10.3498 -0.6304
-6.1769 -11.2856 -0.8942
-6.1364 -3.7940 -0.2921
-5.9103 -3.4053 -0.1990
-8.9556 -3.3647 2.4414
-8.1661 -8.6344 3.2786
-7.7287 -8.7326 3.4130
-8.0148 -9.0040 3.1471
-9.1596 -2.7836 -0.2450
-2.6883 -1.8995 -0.0147
-6.0471 -6.5629 0.0044
-6.0769 -7.3672 0.1699
-5.9413 -7.3728 -0.0574
-8.3866 -10.8354 2.0294
-8.0392 -10.8497 2.2749
-8.3972 -10.6792 2.2293
-8.5490 -8.5776 3.0322
-9.1021 -3.6666 1.6662
-9.1181 -4.4178 1.6955
-8.1230 -10.9643 2.1975
-8.5014 -8.6612 2.8474
-7.5201 -10.9753 2.3273
-8.8990 -4.2456 1.5797
-7.8390 -10.7533 2.4699
-6.9925 -8.7414 4.2272
-6.0961 -11.3264 -0.7162
-9.0510 -3.2820 -0.7771
-6.9278 -8.5598 4.3591
-8.4500 -10.4843 2.1755
-7.9744 -10.4873 2.2703
-8.5211 -10.2522 1.8738
-8.6704 -10.4401 1.9480
-8.0947 -10.3111 2.1411
-6.3461 -9.8183 -0.9286
-6.0330 -9.8222 -0.4230
-7.8681 -9.6298 -1.7838
-5.8580 -6.3961 -0.2220
-5.9326 -7.5308 -0.6343
-8.8658 -3.4965 1.5378
-8.8659 -8.7732 1.6699
-9.1210 -8.9156 1.1078
-7.4085 -11.4494 2.8603
-7.1195 -11.2620 2.6249
-8.6891 -9.1069 1.0978
-6.0285 -7.9317 -1.1759
-6.0277 -8.7185 -1.4816
-9.1289 -8.6430 0.4777
-9.2107 -8.6017 1.3719
-6.1524 -9.8587 -0.5128
-6.0629 -9.7429 -0.5271
-5.9261 -6.6437 -0.6001
-0.5741 -1.8121 0.4410
-8.9310 -4.8102 1.4988
-9.1392 -8.1545 0.8296
-6.0767 -9.7251 -0.8581
-6.7476 -8.2787 4.3469
-5.9537 -6.1218 -0.0999
-6.6246 -9.6497 -1.6478
-6.1142 -9.7434 -1.1855
-7.0141 -11.1320 2.4590
-6.5434 -8.6314 4.1320
-6.3509 -11.5506 2.3157
-6.5699 -11.3527 2.4113
-6.3187 -11.7878 2.2751
-6.3040 -8.2932 4.0618
-6.0460 -8.3567 0.3552
-8.5425 -1.2140 1.3220
-8.8332 -1.3213 1.1783
-6.9114 -10.9531 2.4492
-6.5271 -11.2035 2.2178
-9.0649 -7.4856 1.2313
-8.9688 -4.9241 0.6243
-8.9521 -5.3894 0.5864
-9.0741 -1.9164 1.2040
-6.4052 -8.7322 3.9240
-6.4318 -8.7559 3.7816
-9.0460 -7.8635 0.7786
-6.4685 -10.9624 2.2340
-6.1702 -8.2675 3.8137
-9.1263 -7.6802 0.6515
-6.2691 -8.6356 3.6963
-8.9080 -1.7144 0.8110
-8.9061 -1.4414 0.9986
-7.4505 -10.7543 2.4031
-8.9090 -7.2116 1.0144
-9.0274 -7.0899 0.8165
-9.1381 -8.0301 0.0031
-9.0926 -6.7381 0.2814
-7.6200 -10.3059 2.3360
-7.1914 -10.3120 2.3703
-8.8090 -1.3855 0.3822
-7.0157 -8.6981 3.5019
-8.7053 -2.0761 0.6287
-1.6187 -1.9762 -0.1016
-8.4972 -0.8913 1.4031
-7.3031 -9.2357 3.2203
-6.1821 -7.0353 -1.0340
-6.4774 -8.0770 -1.7250
-6.8815 -10.4785 2.2446
-8.6314 -1.0720 1.1947
-8.6160 -0.8740 1.2389
-6.3262 -11.0081 2.0747
-9.0832 -9.5661 -0.4509
-6.2926 -11.2088 2.0609
-9.1187 -8.8715 -0.4737
-6.8444 -9.0350 3.3396
-6.5465 -10.6313 2.0133
-9.0346 -5.5830 -0.1210
-9.0187 -9.0640 -0.6506
-8.3904 -0.5629 1.2095
-8.5677 -0.5909 0.9202
-8.9210 -9.0366 -1.0707
-6.8914 -10.1767 2.5196
-6.5922 -10.3922 2.1955
-3.0165 -1.9695 -2.0047
-6.4139 -9.0088 3.2844
-6.4648 -10.2581 2.2791
-8.2626 -0.2433 0.9560
-8.1577 -0.1637 1.4341
-6.3799 -8.6633 3.5833
-6.2314 -8.5526 3.4539
-6.3746 -10.5111 1.9131
-6.3412 -8.6627 3.4357
-6.1839 -8.9350 3.1609
-8.8048 -0.9376 0.7827
-8.8890 -0.7866 0.5742
-8.8570 -1.0355 0.4848
-9.0131 -12.3550 2.2353
-9.0188 -12.9081 2.2803
-8.7566 -12.7799 2.6357
-8.6417 -4.8613 -0.3429
-8.9146 -0.8289 0.3342
-8.7973 -1.0719 0.3123
-8.7866 -13.0083 2.4543
-8.8958 -9.5553 -1.0491
-8.9675 -13.0166 2.1907
-8.5564 -4.4481 -0.2057
-8.4930 -9.6376 -1.0400
-8.1195 -13.2068 1.5744
-6.6474 -7.0499 -1.3630
-8.3388 -9.6828 -1.3897
-8.7787 -1.1396 0.6506
-7.6099 -13.1930 2.6222
-6.2676 -9.5025 -1.9300
-6.0774 -9.4110 -1.6797
-9.0611 -6.5540 -0.0603
-8.6637 -0.4438 0.4996
-8.8841 -9.5637 -1.4929
-5.9222 -5.5934 -0.2770
-8.8672 -1.5805 0.1039
-7.6415 -9.7687 2.7679
-8.3276 -9.9047 2.2993
-6.0793 -5.5108 -0.4583
-8.8934 -9.1309 -1.6145
-6.2176 -9.2412 -2.0821
-8.7272 -9.4877 -1.9355
-8.9299 -13.0670 1.0902
-6.3712 -5.6588 -0.7190
-9.0492 -7.9000 -0.5702
-6.6163 -5.1305 -0.5840
-8.8107 -8.4058 -1.1167
-8.7611 -1.2879 0.1882
-0.4316 -2.0221 -1.2712
-7.0849 -6.3634 -1.2453
-9.1139 -2.5449 -0.7835
-0.0795 -2.0255 -0.3651
-8.8730 -7.9244 -0.9671
-9.0929 -1.7190 -0.6191
-6.1642 -8.9346 -1.9741
-6.2307 -8.6466 -1.8646
-9.1080 -1.8510 -0.8432
-8.8438 -8.4287 -1.3189
-9.0811 -8.5267 2.2162
-8.6926 -8.6800 2.1785
-8.9303 -6.8554 -0.4882
-8.7323 -11.8699 2.4909
-8.7609 -7.9663 -1.4983
-6.4477 -8.9418 -2.3384
-6.7448 -8.5112 -2.2873
-8.7852 -13.0268 -0.3240
-8.3736 -12.9743 -0.6953
-8.5537 -13.2181 -0.3191
-8.0819 -13.2870 -0.4991
-8.1369 -13.3853 -0.2099
-9.1271 -12.2763 1.2801
-9.1363 -12.8353 1.6443
-9.1728 -12.6319 1.9343
-7.8651 -13.1315 -0.6785
-7.1271 -13.4529 -0.2034
-8.5714 -9.3740 2.3221
-8.9056 -6.6026 -0.7651
-6.4565 -3.5489 -0.5686
-8.6180 -0.0083 -0.2175
-8.6746 -8.8812 2.3039
-6.9161 -13.2369 -0.5446
-9.0732 -12.8416 0.9553
-8.7555 -5.9402 -0.7759
-8.6564 -6.6318 -1.0516
-8.8030 -7.4352 -1.0765
-9.1035 -12.1176 1.9767
-8.6444 -9.6973 1.7432
-7.2575 -12.8705 -0.8424
-8.6615 -9.5503 1.0828
-8.7421 -0.7870 0.2003
-8.6950 -0.7317 0.0194
-8.7226 -12.6426 -0.6701
-8.9761 -1.8445 -0.9381
-6.9775 -13.1702 2.6659
-8.3815 -12.4699 -0.9615
-8.0089 -12.7146 -0.9341
-8.9505 -0.6333 -0.8186
-6.9287 -9.8150 2.7489
-6.3686 -10.8437 1.9940
-7.7216 -12.3654 -1.0334
-6.2734 -10.6317 1.8846
-6.1971 -10.8385 1.8142
-8.4503 -7.3716 -1.5460
-8.5775 -6.9319 -1.2447
-6.3234 -9.9023 2.5647
-6.6903 -13.0633 2.6769
-6.7877 -13.2925 1.4078
-6.6535 -13.1988 2.1361
-8.3870 -0.6430 -0.9156
-8.1282 -1.7719 -0.7391
-8.5761 -2.2215 -0.8095
-6.4659 -13.2983 1.1532
-6.3417 -13.2155 0.8179
-6.4521 -13.1421 1.6752
-8.2427 -11.9332 -1.0484
-6.5572 -12.9346 2.4742
-5.6300 -1.6439 -1.8363
-5.3685 -1.8018 -1.3057
-5.6387 -1.7302 -1.0791
-8.5217 -8.3477 -2.0345
-6.3608 -12.3718 1.9997
-6.1690 -12.5382 0.7867
-4.8331 -1.9094 -2.5041
-6.5493 -9.4722 3.0199
-8.1652 -7.9070 -1.9910
-5.2958 -1.8470 -2.3399
-8.1238 -6.8948 -1.5017
-6.3068 -9.4194 3.0189
-5.3232 -1.8213 -2.8160
-5.1057 -1.9145 -3.0880
-6.8677 -13.3688 0.6883
-6.4358 -13.4078 0.5032
-6.2735 -13.2660 0.5380
-8.6640 -7.1014 -1.1066
-6.1965 -13.3261 0.2495
-8.3393 -6.3946 -1.1235
-7.2569 -0.7670 -1.1121
-7.4853 -3.2550 -0.7815
-7.5011 -0.9926 -0.9060
-6.1483 -12.8473 -0.3342
-6.0802 -11.8727 0.7261
-6.4691 -13.4702 0.1653
-6.2817 -13.4139 -0.0460
-8.3204 -6.4430 -1.2573
-6.1588 -13.2873 -0.1249
-6.3007 -13.3155 -0.3788
-5.8519 -2.8707 -0.1266
-7.6878 0.0471 -0.9248
-7.9239 -3.1585 -0.5820
-6.5482 -12.2715 -1.0215
-6.2431 -13.1070 -0.5718
-8.9832 -7.1495 3.2980
-9.1931 -7.8544 3.3336
-6.1746 -12.6146 -0.8032
-6.1844 -11.2041 1.7159
-7.6410 -7.5463 -1.8449
-6.3538 -11.8801 -1.0228
-6.9272 -0.3489 -1.1795
-6.9878 -3.2984 -0.7420
-8.7610 -9.1313 -2.0172
-7.8823 -8.1863 -2.2513
-6.0756 -2.3753 -0.3410
-9.0784 -12.4446 0.4453
-8.4099 -9.4339 -2.2559
-6.5249 -1.8589 -0.9084
-6.4639 -1.2366 -1.0002
-7.0398 -7.6606 -1.8033
-8.4673 -9.3097 -2.3701
-8.5038 -9.0202 -2.3485
-5.9106 -2.4367 -0.2712
-3.9527 -1.9596 -3.2226
-1.0270 -2.1152 -3.3596
-8.2368 -9.0939 -2.6243
-8.5688 -4.2850 -0.4166
-7.2821 -8.1718 -2.1948
-8.6285 -8.7329 -2.2077
-8.8454 -3.8902 -0.6541
-8.5002 -4.1706 -0.5922
-8.2983 -4.5324 -0.4135
-8.2941 -4.0247 -0.5541
-8.0820 -4.4269 -0.4833
-8.2814 -8.7526 -2.5726
-5.8096 -1.3746 1.7595
-5.8099 -1.4277 1.5279
-5.7664 -1.8137 1.3934
-8.8879 -13.1190 0.1147
-8.9936 -12.8244 -0.0054
-8.8216 -3.7167 -0.7961
-5.9269 -1.2250 1.8126
-5.9848 -1.0231 1.7700
-9.0088 -6.9346 3.0581
-9.0424 -7.2114 2.8144
-8.6440 -3.7453 -0.6929
-9.0403 -7.2315 1.9037
-8.3892 -13.3638 0.1394
-9.1292 -7.0180 2.8957
-9.1821 -6.8681 2.6244
-5.7348 -1.3932 1.1371
-9.1200 -6.7662 2.9319
-7.5296 -9.3699 -2.4878
-6.0041 -1.6548 0.7957
-7.4137 -13.4664 0.2418
-5.9141 -1.9071 0.8077
-8.9157 -6.2927 2.9124
-9.0760 -6.2629 2.7676
-7.6465 -6.4691 -1.3833
-9.0320 -6.9200 2.3454
-9.1278 -2.9198 -0.9465
-8.9142 -3.1397 -0.9489
-8.6809 -3.4938 -0.8183
-8.6482 -1.9030 -0.9429
-9.2355 -8.3921 2.3611
-6.7611 -9.3248 -2.4807
-8.1927 -9.3061 -2.5648
-7.8253 -9.1205 -2.6939
-6.0074 -1.9592 0.2181
-7.1860 -9.2164 -2.6647
-5.9418 -1.5326 0.7335
-7.9792 -8.7672 -2.6895
-5.6843 -1.6376 0.5143
-6.0883 -1.6958 0.3065
-6.0173 -1.6026 0.3001
-5.8910 -1.5839 0.3850
-7.5819 -8.6677 -2.6732
-7.2767 -8.9602 -2.7253
-6.1667 -12.1333 -0.9421
-6.7626 -9.0032 -2.6108
-6.4681 -9.2883 -2.3494
-6.9974 -8.7290 -2.6325
-6.8857 -4.6482 -0.5036
-6.4035 -12.8001 -0.8323
-9.0428 -6.9475 1.8940
-6.1187 -8.0604 3.4102
-6.0886 -8.8975 3.0211
-8.9482 -11.7874 2.2012
-8.7784 -11.6691 2.3831
-8.5687 -11.1503 1.9261
-8.8408 -11.3370 1.3153
-9.0451 -11.7973 1.2179
-9.0078 -2.6845 -0.9123
-8.8267 -2.6818 -0.9653
0.9830 -2.1520 -2.7310
-8.7950 -10.4348 0.9849
-8.7987 -10.6082 1.3022
-8.7554 -10.3719 1.5426
-8.5151 -5.4278 -0.7364
-6.1252 -9.6537 2.5755
-7.9236 -5.6640 -0.9935
-8.6224 -0.5479 -1.0154
-8.6439 -10.0515 0.7006
-8.6097 -10.0615 1.2531
-8.8268 -10.5673 0.8795
-8.8573 -10.4715 0.4879
-8.8388 -10.3130 0.5614
-8.6912 -10.7254 0.9983
-8.1048 -4.7484 -0.4968
-5.8798 -2.2392 0.1541
-8.6112 -10.7388 0.3508
-8.6306 -10.8746 1.0444
-8.7307 -10.6419 0.5378
-8.6590 -10.6697 1.9809
-6.0025 -1.9940 -0.0748
-8.3981 -10.9166 1.8970
-9.2051 -6.6346 2.0628
-5.9775 -1.7148 0.0835
-8.9064 -5.7140 2.6757
-8.6356 -10.7569 1.7546
-6.2266 -1.7861 -0.4043
-5.6568 -1.7023 -0.1848
-8.5509 -10.8417 1.4955
-0.8960 -2.1482 -4.0973
-1.8583 -2.1139 -3.8514
-7.2807 -5.5698 -0.9277
-6.2612 -2.3469 -0.6136
0.3058 -2.1664 -4.1502
-6.3213 -1.9915 -0.6142
-6.4024 -2.0024 -0.7980
-5.9839 -1.6265 -0.1229
-5.8744 -1.5734 -0.3537
-6.3460 -1.6799 -0.7173
-6.1303 -1.5133 -0.6191
-8.5133 -10.6476 0.0607
-8.7373 -10.4356 0.0824
-9.0177 -6.9532 1.5548
-9.1717 -6.7265 1.6412
-6.4373 -1.8020 -0.6133
-8.3485 -10.5464 -0.2344
-7.5220 -4.7773 -0.6047
-8.9207 -6.8231 1.3265
-5.9295 -1.5464 -1.0538
-6.3816 -1.5290 -0.9293
-6.2574 -1.4322 -0.9567
-6.2922 -1.2621 -1.0582
-6.0098 -1.3966 -1.2210
-5.6127 -1.4903 -2.1012
-5.8092 -0.8335 -1.6301
6.8478 -13.0456 -0.4910
6.1882 -12.8926 -0.6418
6.9410 -12.7845 -0.8641
6.0193 -12.4858 2.0560
6.1581 -12.7062 2.1138
6.4941 -12.3372 2.2150
5.7247 -2.8601 -3.1867
5.6685 -2.6252 -3.7864
5.7630 -3.4526 -3.4363
6.5824 -12.7818 2.1669
8.3909 -10.0993 -0.1199
8.3750 -10.2134 0.2663
8.1050 -10.3015 -0.2347
8.2658 -6.8359 -1.6896
8.2765 -6.1238 -1.5971
8.6432 -5.6816 -1.2300
3.4684 -2.1811 -0.0715
3.6154 -1.9406 0.4224
3.1881 -2.0840 0.1499
8.3758 -9.8218 0.1727
8.4762 -9.9791 0.1756
8.3302 -9.8853 -0.2853
5.7478 -12.5693 1.9010
5.8898 -12.8052 1.8240
5.4620 -10.4828 -1.1076
5.3409 -10.5485 -0.8376
5.3877 -9.5431 -0.8282
5.6925 -12.7653 1.5149
8.2823 -10.0661 -0.4040
7.5195 -13.0712 -0.3482
7.6246 -13.0860 -0.0015
6.4300 -13.0748 -0.1891
3.2294 -2.1657 -0.4486
7.8924 -5.6893 -1.6219
8.1573 -10.3680 0.2299
8.3397 -10.9930 0.1671
8.1612 -10.7531 -0.3802
6.7837 -12.8824 1.7512
8.2645 -5.1381 -1.2661
7.3856 -5.3490 -1.4814
6.1018 -12.9815 0.7580
5.5296 -9.7788 -0.9270
7.8336 -10.8740 -0.8670
7.9112 -10.4591 -0.5883
8.1565 -11.1095 -0.6944
5.5005 -9.5743 -0.9719
5.3956 -9.4998 -1.2703
5.4690 -9.6583 -1.4339
5.4962 -11.7799 1.1310
5.6457 -12.4466 1.6500
5.6342 -11.3930 1.8470
3.9906 -2.3329 -3.6520
3.4865 -2.2811 -4.1850
5.4116 -2.4288 -4.0400
7.5198 -12.8353 -0.7483
6.2737 -10.4398 -1.1339
6.7385 -9.9116 -0.9505
3.2596 -2.1478 -4.3813
5.0804 -2.2155 -4.2325
5.7825 -9.6664 -0.9257
6.6176 -9.8353 -1.0130
6.2765 -9.8472 -1.3365
8.0134 -10.1932 -0.5936
7.7817 -10.2198 -0.7467
4.4662 -2.2764 -0.4591
5.9893 -11.2582 1.9933
5.5869 -2.4920 -3.7229
5.0440 -2.3906 -3.4921
7.9523 -9.9241 -0.6942
5.6346 -2.4432 -4.0836
5.3128 -11.6025 -0.1468
5.4807 -8.0581 0.2013
5.7949 -3.0005 -3.8258
8.1939 -9.5209 0.4058
8.2575 -9.6809 0.7776
8.2656 -9.6757 -0.1803
8.3135 -12.9089 0.0449
8.0955 -12.9779 -0.2894
8.0969 -12.8107 -0.5164
6.2122 -3.0518 -3.8671
7.6538 -6.6424 -1.9547
8.2400 -9.0483 0.6948
8.2341 -9.2103 0.0368
8.1726 -9.5101 -0.0700
7.6406 -5.1040 -1.2860
5.8876 -2.3558 -4.1682
5.4217 -11.1644 -1.1174
8.2936 -9.7711 -0.3907
8.2141 -9.4386 -0.1819
8.4099 -9.6057 -0.3086
7.4106 -4.7764 -1.8879
8.2373 -4.9639 -1.2804
7.4481 -5.0225 -1.2977
6.0062 -1.2428 -4.2774
4.1633 -1.8038 -4.3743
8.1982 -4.7209 -1.8144
8.3411 -12.1956 -0.6057
8.4384 -12.5445 -0.2337
8.4840 -9.8071 -0.4817
8.5961 -4.6232 -1.6031
5.6994 -10.7056 -1.2211
5.8078 -11.5474 -1.3108
5.5800 -11.4313 -1.2743
6.5597 -11.3694 2.1805
8.8295 -9.7014 -0.4944
8.7189 -9.2549 -0.0431
8.2083 -8.8192 0.4717
8.6954 -5.9613 1.8225
8.9083 -5.5319 1.9865
8.8354 -6.5878 1.9745
8.4019 -9.3642 -0.1533
8.4004 -8.9929 0.2157
6.5167 -11.3953 -1.3313
8.3967 -12.5256 0.8076
8.4948 -11.8965 0.0788
8.3959 -11.8960 1.0588
8.3862 -11.3720 0.7299
7.8725 -4.4792 -2.4636
5.3483 -2.3172 -0.5478
8.7815 -6.2526 1.5448
8.7557 -5.4410 1.6266
5.6469 -4.9200 -0.8583
5.6056 -5.8640 -0.9946
8.8768 -9.0243 0.0229
8.9149 -9.7507 -0.7343
8.9659 -8.7527 -0.4499
8.6134 -6.7206 1.7381
8.8702 -7.4715 0.5186
5.6647 -6.5125 -1.4409
8.4759 -12.0854 -0.3440
8.4298 -12.6167 0.1226
9.0175 -4.1496 1.2805
8.9397 -3.8350 0.9483
9.2076 -3.0926 0.9055
5.6907 -3.5100 -0.1293
8.9690 -5.9481 1.1161
5.8635 -2.2555 0.2233
5.8206 -2.3022 -0.3820
9.1032 -2.8940 0.5733
8.9170 -4.0281 0.9070
8.3814 -11.4697 -0.4588
6.0405 -9.9122 -1.9253
8.4457 -10.0278 -0.8871
7.4935 -10.0658 -1.3842
9.0375 -2.6918 0.3549
9.1291 -2.2463 -0.0276
3.7574 -2.1924 -0.8560
5.6282 -10.3776 1.8926
5.6037 -9.7914 -2.0053
8.9926 -6.6715 0.6835
8.8188 -10.0630 -1.1651
8.5198 -10.1803 -1.5175
8.9387 -6.1887 0.6065
8.8127 -9.9858 -0.8224
5.8689 -5.0458 -1.0832
8.7810 -5.1390 1.7087
5.5175 -10.0135 1.9748
5.7182 -10.1145 2.0811
5.4232 -10.1009 1.7593
5.9759 -4.8043 -1.6024
8.9285 -9.7470 -1.1186
8.8341 -9.7169 -1.5820
5.6883 -4.2251 -2.0539
4.7852 -2.3407 -0.9944
8.7703 -4.6938 1.4731
9.2210 -2.3455 0.6235
6.2337 -10.2102 2.1427
9.2122 -1.7594 0.6972
9.0358 -2.0961 0.3279
8.9773 -8.8286 -1.0092
6.0341 -9.8415 2.2519
6.9668 -10.9099 -1.2332
6.7829 -10.1442 2.3571
9.1640 -1.7061 0.4716
5.8270 -10.2177 1.9491
8.9801 -5.4084 0.9120
7.6797 -12.3774 -1.0652
8.0328 -12.5437 -0.7771
3.2905 -2.2049 -2.3094
4.5458 -2.2696 -1.5303
8.9148 -5.3097 0.6593
7.3670 -10.3100 -0.9668
5.4953 -8.1491 -1.7990
5.3863 -9.8743 1.3183
7.0753 -12.2818 -1.1890
6.3434 -12.5587 -0.9662
9.0285 -7.6045 -0.1971
8.9267 -7.0503 -0.0698
9.1328 -4.2592 0.2338
9.2058 -3.8305 -0.2202
6.4167 -12.0830 -1.2216
5.6834 -12.9210 0.6992
9.1659 -4.0739 -0.7374
9.2647 -2.7650 -0.6866
8.8569 -6.3344 0.2712
7.2158 -11.9920 -1.2689
7.6411 -11.9506 -1.1640
6.9007 -13.0682 0.4934
5.5634 -12.7608 0.7787
7.5111 -10.9626 -1.0898
9.0175 -7.6304 -0.4897
8.8958 -7.6802 -0.8351
9.2321 -3.3787 -1.3355
5.4015 -9.2341 -1.9484
5.4699 -9.6199 -2.0842
6.8351 -10.0555 -1.9710
7.9677 -11.7018 -1.0090
7.3391 -11.5397 -1.2549
8.9091 -6.7283 -0.1627
8.9366 -4.4936 -1.0916
9.0936 -3.8364 -1.8182
8.7280 -7.2512 -0.7421
9.1609 -3.2306 -1.9922
6.0128 -6.1058 -1.6634
5.6774 -8.0023 -2.0493
6.0131 -7.1743 -2.0154
9.0163 -6.2757 0.0199
9.0391 -6.6525 -0.4787
5.4732 -12.8859 0.1098
5.6950 -12.9903 0.0900
5.6953 -2.4762 -0.8157
5.7800 -2.6421 -0.2178
8.7875 -7.2896 -1.1439
5.5662 -2.4476 -1.1071
5.3919 -12.7159 -0.1574
5.6418 -2.6048 -1.2387
5.6204 -9.6524 -2.5287
6.4898 -9.9574 -2.4132
9.0055 -5.6296 0.3725
5.9886 -9.7817 -2.7604
4.7800 -2.2416 -1.9598
5.8424 -9.6833 -2.8436
8.0895 -12.0619 -0.9201
5.4656 -9.3126 -2.4334
9.2433 -2.2561 -1.7879
6.1537 -8.0037 -2.3730
5.8400 -8.4847 -2.4437
9.1092 -5.1692 0.2648
9.1101 -6.1667 -0.2341
9.0846 -5.1878 -0.3237
5.5738 -8.9078 -2.4249
5.7077 -9.3831 -2.7777
6.1372 -8.8392 -2.8165
5.6993 -2.7791 -0.8031
5.6619 -2.4936 -2.0180
5.7056 -2.8557 -1.7832
5.5328 -2.3868 -1.5949
8.2404 -11.6134 -0.7853
8.9811 -6.4505 -0.8793
5.4150 -12.7815 -0.5146
7.2496 -9.9790 -2.6504
5.9890 -9.4007 -2.9675
5.8272 -9.1664 -2.8447
8.9574 -1.2624 0.2718
5.2936 -12.4638 -0.6239
6.3749 -6.8478 -2.0520
5.5762 -12.6587 -0.7782
5.5223 -2.3257 -2.1487
5.6338 -12.8813 -0.4933
1.8305 -2.1144 -1.6226
9.2298 -1.4139 -0.9155
6.0368 -5.2793 -1.2777
7.5133 -8.7874 2.8707
7.0949 -8.6403 3.0536
6.7346 -8.8791 2.7191
8.7549 -0.6987 0.2358
8.7692 -0.4539 0.0142
6.5943 -9.5514 2.1840
7.1480 -9.6541 2.3751
7.1306 -9.2905 2.3045
9.0184 -4.4790 0.6514
8.5400 -10.2076 -1.8799
7.1673 -9.9312 2.4956
8.7264 -10.0370 -1.6826
9.0128 -0.8659 -0.2044
7.4559 -9.4872 2.3283
8.6612 -10.0979 -1.9649
8.2655 -10.0900 -2.3830
6.3676 -5.0725 -1.2868
8.1007 -11.9910 3.0704
7.9494 -12.1522 3.0948
8.0382 -12.3333 3.0163
7.6016 -12.0067 2.9507
7.5613 -12.4177 2.9578
7.8098 -11.5940 2.9362
6.5085 -4.8871 -1.6576
8.7510 -9.6345 -1.9569
8.4510 -9.8925 -2.2790
8.9865 -0.4951 -0.6754
8.2166 -12.2146 2.8336
8.1885 -11.8627 2.9571
8.0259 -11.6043 2.9797
5.6924 -4.6261 -1.6541
7.7392 -9.6767 2.4106
7.7189 -9.9531 2.4409
8.0728 -11.4308 2.7702
7.6665 -11.0125 2.6671
7.8292 -9.5200 2.1380
8.2786 -11.7434 2.3425
8.0684 -9.6394 1.8944
8.0014 -9.8624 2.0966
7.3108 -11.9998 2.8168
7.2444 -12.5121 2.7526
5.8209 -4.4889 -2.0194
7.3722 -12.7304 2.7249
7.8191 -8.9988 2.5089
7.0784 -12.7189 2.5201
7.1505 -12.8234 2.4691
7.0671 -12.0691 2.3967
7.8156 -12.6809 2.7816
7.7801 -12.5295 2.9831
7.7715 -9.9516 -2.8344
7.4100 -12.8113 2.3478
7.8597 -9.8567 -2.9291
8.1142 -9.8790 -2.7727
8.7873 -7.9501 0.4860
8.8944 -8.5435 0.2206
0.5364 -1.8878 0.1328
8.1434 -12.4524 2.7323
8.0532 -9.2857 1.8871
1.2215 -1.7967 0.7562
5.3617 -12.3870 -0.8466
7.9464 -12.7140 2.4352
9.0953 -4.3519 -0.0832
8.1260 -12.6585 1.9619
5.5304 -12.1623 -1.0614
5.3255 -11.9430 -0.9329
6.8754 -11.9570 2.2175
6.8999 -12.6941 2.2736
0.9676 -1.9473 0.0102
6.9172 -12.8196 2.2370
6.7146 -8.3927 3.1341
7.4514 -8.4478 3.1621
6.4685 -8.3386 3.2261
7.4058 -8.4906 3.0709
8.5846 -5.0993 -1.0902
5.8098 -12.1622 -1.1529
7.4975 -12.9495 0.9648
7.7759 -8.4824 2.8895
8.8763 -5.5932 -0.9410
9.2162 -1.2764 -1.7421
8.8774 -8.7054 -1.3613
8.1094 -8.5078 3.0094
9.1168 -0.7100 -1.1222
8.0338 -8.4475 2.6916
1.1710 -2.0210 0.0551
9.1425 -1.8018 -2.3691
9.1244 -2.6683 -2.3669
8.0815 -12.8552 1.0624
1.8412 -2.0792 -0.2639
8.6904 -8.2330 -1.3937
8.4127 -8.7595 -1.9263
8.5231 -7.8932 -1.3738
7.3044 -10.9261 2.4895
9.0677 -1.2206 -2.3198
8.4973 -8.1553 -1.7435
8.2913 -8.3568 2.2643
8.9547 -4.6020 -0.4742
8.8932 -1.4840 -2.8306
8.1156 -8.7491 2.3255
7.4296 -11.1893 2.7208
8.1820 -8.4236 1.8597
8.1917 -8.6689 1.9374
6.4138 -4.5645 -2.4327
8.4334 -8.4800 2.9838
2.3426 -2.2941 -3.8132
8.5972 -8.3341 2.4691
8.7337 -4.8329 -0.8809
8.4615 -4.9261 -1.1547
8.7357 -7.9528 2.3000
5.8177 -9.3557 1.9904
5.8586 -9.5722 2.2000
6.2037 -9.2560 2.1522
3.0517 -1.9933 0.0015
6.4186 -3.9623 -3.2370
5.9422 -4.1673 -2.9179
7.4474 -4.2700 -2.8774
5.6146 -8.8115 2.4054
5.9162 -9.1248 2.0491
5.8528 -8.6955 2.7488
8.1810 -9.2681 1.3198
6.2480 -8.7585 2.8748
6.6715 -9.0654 -3.0303
6.6532 -8.6113 -2.7880
8.9120 -4.1975 -1.8986
8.2675 -12.3810 2.3488
1.1963 -2.2457 -3.7668
8.2807 -8.3742 1.7462
0.8289 -2.2186 -3.9033
8.6796 -8.3168 1.6548
7.3600 -7.6580 -2.3105
7.8144 -7.6333 -2.1076
0.6910 -2.1722 -4.1965
0.9157 -2.1081 -4.1514
0.9888 -2.1022 -3.9479
8.3185 -12.0912 2.1319
5.5149 -8.1168 2.9032
5.6067 -8.2151 2.9821
1.3613 -2.0848 -3.9469
1.6217 -2.2193 -3.9220
5.8173 -8.2571 3.0127
8.1092 -10.9789 2.1164
5.4748 -8.7430 2.2835
8.0448 -9.5472 1.6908
6.8886 -6.0044 -1.8774
6.9083 -6.9162 -2.1325
7.3020 -8.6627 -2.7873
7.2085 -9.1619 -3.1176
8.2740 -12.4111 1.7961
8.2170 -9.9510 1.5584
7.5630 -9.2508 -3.0834
1.5932 -2.0641 -3.9895
1.7282 -2.1852 -4.1444
7.9209 -8.5037 -2.4728
2.1411 -2.2942 -4.1146
2.2115 -2.2061 -4.3364
8.2758 -9.7714 1.3307
8.2279 -12.6927 1.2396
7.6939 -3.9249 -3.2064
8.3243 -12.3928 1.1847
8.1544 -9.5380 1.3338
6.9446 -3.6682 -3.5290
7.4683 -3.3676 -3.5901
8.3328 -10.0908 1.0114
7.3674 -6.1942 -1.9192
8.3703 -4.2665 -2.5343
8.4268 -9.8669 0.6735
1.1216 -2.1346 -0.6194
8.1605 -9.6453 0.7761
7.5569 -10.1008 2.4138
5.7521 -4.3589 -2.3660
7.8244 -10.1240 2.2159
8.5727 -9.3430 -2.1388
8.9942 -3.6003 -2.3379
8.6585 -4.0167 -2.5264
8.7501 -3.6510 -2.6905
6.8577 -10.4542 2.1912
5.9020 -4.4125 -2.4727
8.7777 -6.9199 -1.2677
7.0871 -10.8096 2.2517
5.5086 -9.7268 2.1244
8.2460 -9.7402 -2.6014
8.3165 -9.1647 -2.3340
5.5189 -9.9372 2.1536
5.3998 -9.7568 1.8734
1.7724 -2.1704 -0.8913
8.2036 -8.6111 1.0445
8.2826 -8.8218 -2.3429
8.3827 -7.5925 -1.7522
5.7637 -4.0608 -2.9247
5.5503 -9.4279 1.9846
5.5225 -9.2814 1.8334
8.2714 -3.8643 -3.0112
7.8023 -10.7812 2.3913
7.9791 -9.4004 -2.9238
8.6757 -8.6652 0.7235
8.8361 -2.9292 -2.8894
5.8675 -3.7160 -3.3955
8.6428 -7.3940 2.1355
7.2788 -10.3107 2.2723
8.6064 -7.1485 2.5850
8.7674 -7.0715 2.5924
8.4466 -3.5270 -3.1069
6.9290 -10.2477 2.2349
7.9983 -3.5005 -3.3646
8.4841 -8.4136 1.3620
7.6548 -10.3485 2.1825
8.8038 -8.1298 1.5397
2.3206 -2.1456 -1.1086
7.5189 -10.2133 2.2603
8.7991 -7.8784 1.5266
8.6836 -7.5090 1.5958
7.7545 -10.2284 2.1070
7.9535 -10.2558 1.8763
2.8007 -2.1130 -0.5693
8.6363 -7.2225 2.2724
8.0800 -10.1212 1.8961
6.5606 -9.7608 -2.9697
8.8257 -7.1175 2.2527
8.9071 -6.9309 2.2958
8.1163 -10.2597 1.2548
8.1665 -10.5832 1.2297
6.5709 -9.4749 -3.0249
8.7642 -7.0933 1.8390
6.7902 -7.7428 -2.3896
8.6122 -7.3081 1.6993
7.3508 -9.7703 -3.0437
8.5304 -7.1613 1.5895
8.5984 -7.4326 1.4013
8.7119 -7.8487 1.3712
7.7222 -9.5295 -3.0792
8.6891 -7.4835 1.0665
7.4352 -9.5512 -3.0841
8.8753 -2.2086 -2.9136
8.6829 -2.5817 -3.2006
8.2419 -8.4810 1.1467
8.3754 -2.8686 -3.3701
8.6714 -8.2711 1.3606
8.7236 -8.3447 1.2370
8.8042 -8.1113 1.2174
7.8837 -2.6277 -3.6759
8.3621 -8.6015 0.7777
8.8071 -8.4653 0.8195
5.2522 -2.3984 -2.8652
8.7770 -7.7535 1.1726
8.0351 -2.3638 -3.5889
8.8647 -8.0767 0.8693
5.5744 -2.4376 -2.7013
5.6986 -2.5559 -3.1672
6.4300 -5.7366 -1.7008
6.6830 -5.4755 -1.5698
5.7426 -2.4907 0.5230
8.6593 -1.6729 -3.2208
8.1283 -1.2266 -3.5252
8.1741 -1.9067 -3.5603
5.7243 -2.7866 0.1862
5.8310 -2.5003 0.2236
7.6564 -1.8298 -3.8840
7.0308 -2.0078 -4.0483
8.3289 -12.8233 0.6100
8.1981 -12.9897 0.2611
6.9239 -2.8156 -3.9149
7.4521 -10.0013 -0.9422
-4.9276 2.4741 0.6973
-5.1005 2.8612 0.3554
-5.0876 2.6932 0.9258
-6.2954 10.5438 0.7994
-5.6344 10.9791 0.8681
-5.7070 11.2038 0.2225
-5.2808 10.7738 1.4674
-5.5073 10.2509 1.8328
-4.3925 10.5813 1.8811
-0.3005 7.7388 2.9646
0.0546 7.8311 3.3506
-0.5768 8.0925 3.0322
-4.3080 11.1737 1.2256
-6.6929 1.1811 2.8415
-6.8559 1.4166 2.8211
-7.2888 1.0621 2.7679
-7.3142 1.3704 2.6612
-6.9530 1.8405 2.5642
-4.4713 3.5054 0.9377
-4.1782 3.9773 0.8640
-4.2550 4.0539 0.1731
-6.0596 10.2538 1.5676
-6.3317 9.9426 1.5713
-4.1046 2.5158 2.1212
-4.0766 1.7698 2.1875
-3.9974 2.2234 2.7668
-5.9312 11.0760 -0.1879
-6.5116 10.4574 0.2190
-4.5818 3.3220 -0.1271
-4.4010 2.0895 1.7275
-4.4771 1.3783 1.6869
-4.3093 1.2452 1.9399
-4.5169 1.7981 1.3836
0.2180 7.5493 3.2382
-0.1219 7.5588 2.3685
0.2081 7.4720 2.7091
-0.4842 7.7672 2.3899
-6.0724 1.3033 2.7974
-6.3849 1.7231 2.7222
-6.2147 10.1727 1.4023
-3.8962 4.7337 0.6111
-6.5160 2.0031 2.5038
-4.2206 2.8607 1.7128
-4.2877 1.8074 2.0318
-7.1209 9.4164 0.6892
-6.8991 9.9099 0.1540
-7.6603 8.1751 0.6270
-4.5182 2.2377 1.2575
-6.2901 10.6448 -1.0271
-5.9223 10.6126 1.2693
-7.7982 0.3108 2.1634
-7.9193 0.3513 2.0253
-5.7057 11.2601 -0.8949
-6.2684 10.3144 1.3166
-7.9920 0.2277 1.7168
-7.9973 0.0623 1.5501
-1.9122 2.8023 4.1596
-2.2139 2.2392 4.1542
-0.8630 2.0021 4.1707
-6.1600 5.3430 2.1500
-5.8479 5.3523 1.9343
-6.1048 5.8209 2.0239
-7.0775 9.3306 1.2619
-7.3779 8.5136 1.4214
-6.8251 9.3609 1.6147
-7.8697 0.4177 1.6118
-4.6723 2.1657 0.9636
-4.6811 1.7753 1.3283
-6.7495 9.9199 1.1153
-6.5158 5.1844 2.2992
-5.8723 4.6326 1.9901
-1.4402 6.8387 2.8238
-0.7575 7.3185 2.1825
-1.4092 7.9209 2.3607
-6.2381 10.1281 -1.9020
-6.5573 8.8473 -1.8678
-6.6738 9.2453 -1.6777
-7.2016 0.5483 2.5984
-6.9166 0.3392 2.4880
-6.9751 0.5230 2.6873
-7.4897 0.4198 2.3149
-7.3895 0.4343 2.5165
-7.5779 0.6273 2.5146
-4.5198 2.9188 1.3904
-7.2582 0.3060 2.2784
-5.6386 5.3648 1.6671
-5.6325 4.9229 1.8102
-4.1295 3.1708 1.6715
-0.2783 1.8546 4.1786
-7.4370 0.7293 2.7038
-7.5396 1.3312 2.4674
-7.1163 0.7756 2.7628
-5.4787 4.5492 1.5154
-6.4739 10.2544 -1.3029
-6.9434 9.7755 -0.4777
-4.6691 2.6749 1.0067
-4.4203 3.1467 1.4464
-5.6842 5.7547 1.5248
-6.9798 9.0858 -1.1587
-7.5399 0.6694 2.2398
0.5326 6.8004 1.9464
0.2185 7.2779 1.7514
-0.0210 6.2677 2.4405
-5.3775 4.7278 1.2289
-7.6134 1.1403 2.2648
-6.5999 0.5452 2.6594
-7.3225 9.0566 -0.0180
-5.5048 5.6041 1.2122
-5.3287 5.1802 0.5689
-6.4826 0.3491 2.5401
-6.1677 0.4462 2.6271
-6.0406 10.6057 -1.7290
-6.6804 0.3067 2.3359
-4.7851 2.2994 0.8172
-6.9727 0.2156 2.1612
-4.6936 2.7660 0.3839
-5.7685 6.5442 2.1987
-5.7476 6.1045 1.8686
-6.5062 0.2229 2.2476
-6.1858 0.2174 2.1815
-5.8626 9.7751 -2.4237
-5.7198 10.1957 -2.4378
-0.2903 7.6289 1.8538
-4.8313 2.6611 0.3099
-0.3655 7.5655 1.8062
-6.5683 0.8376 2.8129
-6.3901 6.2770 2.3965
-5.8927 6.8784 2.3886
0.1930 7.4138 1.8013
-2.8455 1.6706 3.9886
-2.9285 0.9574 3.7737
-5.3525 11.4714 -0.1825
-5.0827 11.3295 0.6206
-4.1484 11.5562 0.5537
-1.0923 8.6118 2.7434
-0.8314 8.1200 2.5316
-7.5181 8.3802 -0.3600
-7.9495 7.4536 0.3811
-0.7471 8.7656 3.3129
-4.8629 10.0711 2.0868
-5.2785 9.2036 2.2697
-4.0247 10.0543 2.0855
-7.3720 0.4060 2.1570
-7.2892 0.2596 2.0873
-7.3919 0.3390 2.0497
-3.8685 10.4251 1.9560
-7.1730 0.2072 1.9526
-5.2707 6.5694 1.6997
-7.5092 0.3181 2.0022
1.0855 1.6610 4.3462
0.0954 1.9440 4.1225
-4.6805 11.6068 0.1670
-3.9109 10.7976 1.6875
-6.9465 0.1121 1.8651
-7.6814 0.4415 2.0320
-7.7645 0.4776 1.8656
-4.9386 11.6719 -0.6712
-5.4003 5.9465 1.2328
-7.4090 0.5145 1.8932
0.1598 2.5905 4.1169
-0.3231 2.5665 4.0521
-1.0844 8.3209 2.2003
-7.3688 0.5867 2.0961
-1.2628 8.6801 2.3163
-1.4202 8.6070 2.2443
-7.2407 0.6896 1.9645
-3.6633 10.6032 2.1276
-3.6316 9.9583 2.4460
-3.5327 10.3414 2.4666
-3.6078 11.2600 1.8668
-3.3853 10.8012 2.3209
-5.3311 5.7403 0.5917
-7.1338 0.6304 1.6662
0.5506 2.2899 4.2004
-2.4856 4.5712 3.5554
-2.9917 4.8900 3.1669
-2.9931 3.7299 3.7240
-0.9458 7.9245 2.0005
-3.3197 10.1656 2.5650
-7.4022 0.5214 1.5190
-2.8314 11.0695 2.1288
-2.7739 10.4870 2.3882
-3.7025 9.8890 2.0938
-3.7289 10.6707 1.8215
-3.3651 4.7323 2.9302
-7.6063 7.3548 -0.7672
-7.3205 0.4485 1.1035
-1.1330 8.1726 2.1380
-0.6801 7.9281 2.0411
-5.0948 6.1564 0.9889
-3.3517 11.4293 1.8758
-6.8259 0.1969 1.9601
-0.8940 8.0604 2.0232
-0.7352 7.8849 1.8291
-4.7939 11.6968 -1.3955
-4.8574 6.6003 0.9411
-6.4529 0.0395 1.8899
-6.1511 0.1271 1.9308
-5.0655 6.0790 0.4340
-2.4042 3.3595 4.0198
-3.7345 11.2772 1.5144
-2.8855 2.8334 3.9565
-3.2285 5.8111 2.0962
-3.3609 5.3202 2.5172
-3.0375 5.6795 2.5796
-5.2261 11.4609 -1.4995
-6.0777 7.4527 2.4507
-1.0062 2.8653 4.1113
-3.5539 5.1255 2.1950
-3.7801 11.2713 1.1264
-1.8061 3.8225 3.9248
-7.5221 1.0678 2.1831
-7.2285 0.8843 1.9447
-1.4186 11.0715 3.2296
-1.3575 10.1181 3.3495
-1.2537 11.0258 3.4498
-7.4701 1.2198 1.8604
-1.5484 10.6940 3.1094
-3.2344 6.9866 2.7599
-3.0178 6.1708 2.5565
-2.8027 6.0997 3.1229
-1.5122 9.9898 3.0166
-1.3880 9.4285 2.9771
-3.4360 5.6297 1.5336
-3.2826 6.7600 2.0196
-3.7338 11.8502 1.2890
-7.2680 2.0178 2.3009
-3.8045 4.6322 1.6968
-4.3753 11.7683 -0.8186
-1.5959 9.9554 2.7519
-1.9071 9.9265 2.6636
-1.5957 9.6996 2.5844
-1.5154 9.4650 2.5290
-7.7101 1.9171 1.6668
-3.7967 4.7876 1.0836
-3.5739 5.4920 1.0140
-7.7192 1.5427 1.5726
-1.6129 10.2716 2.8480
-1.5821 11.5707 2.8512
-1.6572 10.6697 2.7222
-7.2570 0.9911 1.7867
-1.8691 10.3622 2.7204
-2.0784 10.3913 2.6020
-2.0897 9.8846 2.5285
-7.0509 0.9019 1.6976
-3.3716 5.8503 0.9476
-2.0769 10.4460 2.3098
-3.8184 11.6629 0.4429
-3.7980 11.7907 -0.1473
-3.1047 6.1352 1.9719
-0.9124 3.5409 3.9554
-3.7900 12.0280 0.3824
-3.2502 6.0788 1.4047
-7.2733 1.1684 1.5167
-3.8062 11.8522 -0.8567
-0.8649 10.3604 3.6867
-1.0584 9.6835 3.5283
-0.7767 9.4540 3.6029
-7.3612 1.3364 1.1213
-0.5697 9.9794 3.7240
-7.2006 1.0873 1.3301
-6.9748 0.7150 1.6821
-6.9061 0.7828 1.5911
-1.7197 4.7420 3.5467
-0.8777 4.0819 3.7373
-0.3571 9.0965 3.5124
-0.2731 9.7558 3.6544
-0.2288 9.3532 3.5162
-3.7064 12.2044 -0.6335
-3.7453 12.2451 0.2511
-3.6301 12.3354 -0.1573
-6.9431 0.6123 1.5160
-6.9693 0.6872 1.4088
-7.0799 0.5665 1.4000
-2.2181 4.9638 3.4041
-6.9317 0.7481 1.2574
0.0539 9.5079 3.5167
0.3588 9.0563 3.6363
0.3089 9.5459 3.6148
-6.9732 0.9394 1.3900
-3.6081 12.0148 1.3036
-3.2592 12.0590 1.3142
-3.6685 12.1459 0.9489
-7.1652 1.1211 1.1139
-7.1281 0.9101 1.0016
-2.8638 11.6863 1.6860
0.2499 10.3193 3.5890
-0.0246 3.3920 3.8433
-2.8250 12.4144 -0.0370
-3.1979 12.3240 -0.6273
0.3580 9.8942 3.5289
-3.3713 12.2059 1.0008
-2.4279 12.2919 0.7624
-2.3126 6.8958 3.1009
-1.8642 5.4776 3.4469
-0.9103 5.3717 3.2713
-2.4925 5.2709 3.2037
-3.5147 5.7541 0.7837
-1.1888 9.4295 3.3262
0.4691 2.9665 3.9380
-3.3509 6.5909 0.9522
-2.3053 5.4702 3.3932
-6.9336 2.3555 2.2285
-6.4905 2.5188 2.3423
-6.8817 2.4769 2.3207
-6.8889 2.7423 2.3038
-3.3777 6.4193 0.5587
-7.2653 3.2477 1.9672
-7.3337 2.8136 2.1076
-6.9524 3.0864 2.1431
-6.6067 2.8922 2.3051
-6.0006 2.7780 2.2612
-3.6935 11.9539 -1.1527
-6.3232 2.9797 2.2016
-6.3997 3.1234 2.0707
-6.8076 3.3780 2.0915
-7.1520 4.4109 2.1624
-6.3812 3.3512 2.0225
0.0073 9.1746 3.4716
-3.4843 12.3015 0.4506
-3.5206 12.1251 -1.1816
-5.2902 4.4033 0.5687
-5.4124 4.0072 0.3391
-5.3450 4.8793 -0.2996
-2.9799 12.2098 -0.9533
-5.4315 4.5086 -0.4249
-0.3415 11.4338 3.7288
-0.0921 10.7289 3.7351
0.1409 3.9515 3.7479
0.2021 4.1738 3.7471
-0.4153 4.0449 3.6558
-3.5462 11.9426 -1.5003
-5.3154 5.4025 -0.1848
-3.1633 11.5831 -1.8135
-0.1577 4.6781 3.5173
0.6253 4.3205 3.6958
-7.5123 2.1366 1.9313
0.2669 3.7380 3.6695
0.4135 3.4251 3.8065
-5.8349 11.0589 -1.2924
-7.2419 2.4209 2.1360
-5.8923 0.7464 2.8261
-7.4642 2.4560 1.7621
-5.7691 0.9595 2.8165
-5.6630 10.9856 -1.5795
-1.5586 11.4011 3.1004
-1.4719 11.8830 3.2269
-1.2854 11.7785 3.4579
-5.6290 1.2033 2.6872
-0.9727 4.6990 3.5867
-5.8890 1.5772 2.7133
-6.6434 2.2515 2.3205
-5.9089 2.0004 2.4455
-5.5963 1.7506 2.4230
-5.1975 5.9325 -0.0357
-6.0409 2.3110 2.2855
-2.1046 10.9942 2.4812
-1.9508 10.9554 2.5612
-3.3793 1.4081 3.6338
-7.4781 1.4814 0.7946
-7.7983 1.8941 1.2283
-2.1342 11.4763 2.6156
-1.9530 11.3641 2.6835
-5.4168 11.0978 -1.9008
-3.5841 1.0322 3.2694
-7.7772 1.7836 0.8264
-1.6589 11.0758 2.6689
-3.7453 1.4413 3.2207
-5.4349 5.5090 -0.6538
-1.6738 11.6073 2.7493
-5.4109 5.8418 -0.6107
-5.6047 10.8021 -2.1100
-2.0436 10.5900 2.1730
-3.7563 5.1857 0.8705
-2.1012 11.2646 2.1681
-5.1733 10.9084 -2.4552
0.2175 4.9258 3.2668
-7.4929 2.6331 1.9788
-3.6879 5.5187 0.8367
-3.6272 5.4848 0.4417
-7.6154 2.5954 1.5722
-0.2494 5.2943 3.1061
0.0415 5.2072 2.9762
-1.2126 12.5529 3.3466
-0.7308 5.8723 2.9338
-1.3713 9.0160 2.5434
-3.7005 0.9692 2.8682
-1.6084 12.2946 2.6374
-2.1817 12.0724 2.4546
-2.1765 11.8651 2.5739
-3.8986 4.7365 -0.0148
-4.1636 4.0080 -0.6819
-2.2139 11.6699 2.3293
-7.4942 3.3728 1.7651
-1.8386 11.7667 2.7264
0.6050 5.1846 3.0360
-0.3497 5.7489 2.7930
-3.8589 4.5757 -0.3400
-1.8157 8.8233 2.4081
-1.5487 9.1334 2.2119
-2.0385 12.0320 2.6227
-1.3932 9.0036 2.2610
-2.9482 7.1477 3.1239
-2.3702 9.9516 2.4268
-2.6221 8.9539 2.7167
-2.0450 9.5840 2.4071
-1.8003 9.4509 2.2816
-3.6942 2.1677 3.4775
-3.3623 2.1503 3.7770
-7.7465 2.7711 1.4958
-7.7169 3.0885 1.4988
-3.5791 5.0006 -0.4737
-3.7385 4.8809 -0.4010
-7.6437 2.4883 1.2438
-7.7640 2.3290 1.0092
-4.7755 11.4293 -2.2982
-1.5783 9.3780 2.2913
-7.7951 2.1401 0.6840
-2.1523 11.9901 2.0327
-7.8144 2.8479 0.9706
-7.6342 2.6936 0.6028
-3.4017 5.9821 0.4274
-5.4649 7.7109 2.3183
-5.2362 7.5268 2.1169
-2.8501 5.7812 2.6921
-0.9277 11.5450 3.6502
-7.8200 2.8694 0.4700
-4.7851 11.6317 -1.8708
-3.2950 5.7788 -0.2357
-2.1835 10.4569 2.2111
-6.7020 6.4061 2.4632
-4.4600 11.6880 -1.9955
-1.9254 9.6602 2.5245
-2.1121 9.8236 2.4128
-3.9463 11.8574 -1.6379
-3.3061 6.2570 -0.1482
-3.8746 1.3896 2.7463
-1.7282 9.6577 2.3879
-1.5502 9.6441 2.3476
-4.1390 11.6011 -2.1452
-4.9662 8.9841 2.2795
-1.6797 9.5741 2.2620
-6.7178 4.3708 2.2148
-2.0815 10.0947 2.3893
-2.1360 10.1089 2.3031
-2.0529 10.2771 2.2669
-6.2472 4.0354 2.1204
-6.1881 8.5810 2.2999
-5.8152 0.2886 2.4485
-5.7435 0.4671 2.6986
-5.6230 0.4731 2.6012
-5.6234 0.2801 2.2198
-5.6880 0.6521 2.7544
-5.5808 0.7897 2.6651
-3.3006 4.9016 -1.2189
-5.5543 0.6833 2.3708
-4.8967 7.4470 1.7131
0.2791 11.2427 3.7018
0.2091 11.7958 3.6594
-4.4205 11.3438 -2.5737
-2.0893 10.9200 2.0513
-5.0852 0.7052 2.0759
-5.2942 0.6920 2.0185
-4.6541 11.1911 -2.6381
-4.8010 8.8058 2.1849
-4.4461 0.4099 2.1889
-4.7203 8.2370 1.9103
-4.1856 11.1584 -2.7570
-0.1361 12.4304 3.6544
-4.4231 10.6834 -2.9917
-3.9306 11.2178 -2.5264
-0.9549 12.5605 3.5022
-5.8910 0.0025 1.8433
-3.2927 7.5739 2.9512
-3.2792 8.6786 2.8566
-5.5787 0.2155 1.8514
-3.3731 7.6930 2.7209
-5.7035 0.1033 1.8739
-2.1895 11.6882 1.6663
-4.4944 7.5295 1.2316
-5.5983 0.0348 1.7736
-2.0978 11.4211 1.8457
-5.4655 0.3734 1.6597
-3.4814 8.7844 2.7332
-2.1452 11.6343 1.8448
-3.4175 7.6995 1.8959
-5.3829 0.1615 1.7428
-2.0535 12.0076 1.5168
-1.3277 12.7601 3.0853
-1.5072 12.6341 2.7865
-5.0420 0.0498 1.8177
-7.6841 3.4524 1.2442
-7.9067 5.3434 1.4978
-0.7286 6.4813 2.5993
-1.5085 12.5749 2.4537
-1.6487 12.4776 2.5335
0.7920 5.8313 2.6149
-5.3879 0.6244 1.8462
-5.4681 0.7243 1.9661
-7.5809 4.8978 1.9230
-1.4243 12.9934 2.0404
-0.4996 12.9146 3.5368
-2.0296 12.3483 2.5122
-0.8858 13.0721 3.3043
-2.1076 12.3298 2.3003
-1.9682 12.4514 2.4170
-7.8313 4.6164 1.3005
-1.6036 12.5233 2.1681
-0.8819 13.3002 3.1473
-5.4981 1.3145 2.4500
-5.4475 1.0865 2.2034
-7.8536 3.2834 0.5335
-0.0475 13.2276 3.4092
-2.0153 12.3190 1.7587
-1.8267 12.4598 1.7476
-2.7092 11.2296 -1.6670
-2.3810 11.7656 -0.8214
-1.3868 11.0767 -1.4454
-5.3142 1.2600 2.1767
0.1500 12.9699 3.5795
-4.1544 8.8427 2.0095
-4.4114 8.4343 1.8443
-4.2532 8.1213 1.6275
-5.2912 0.9376 2.1252
0.3799 12.5360 3.6655
-5.0726 0.9153 2.0534
-8.0380 4.9881 0.6562
-7.8660 4.2468 1.0945
-7.7656 3.5709 0.3263
-1.4327 12.6598 1.7014
-5.0428 1.1009 1.8930
-4.6327 0.7662 2.1089
-7.8184 3.4653 -0.0395
0.1726 13.2969 3.4745
-4.5232 0.9284 1.8157
-1.4062 12.5577 1.2048
-1.4393 13.2071 2.6394
-1.2982 13.3123 2.7585
-5.1203 1.8121 1.7642
-3.5407 8.4635 1.9610
-3.4541 7.4721 0.6487
-3.6249 8.5110 1.8079
-1.2841 13.3549 2.4093
-0.3194 13.3879 3.2627
-0.8753 13.4119 2.8965
-4.8202 1.3183 1.6752
-5.8377 3.2290 1.7178
-5.8444 3.6296 1.8119
0.3774 13.4053 3.3777
-0.0494 13.4702 3.1381
-4.7155 1.1269 1.7042
-4.8559 1.6217 1.4817
-0.6429 13.4190 2.6773
-2.4454 12.3886 -0.4703
-2.4127 12.2754 -0.6601
-6.4823 9.1632 1.9719
-6.8164 8.1606 2.1658
-5.6186 3.9451 1.6501
-5.6229 9.5579 2.1427
-7.7842 3.8372 0.2006
-2.1870 12.4171 -0.0265
-2.1113 12.1177 -0.2183
-2.2766 12.2182 -0.3999
0.3918 13.4614 3.0210
-4.1206 0.6374 2.1181
-1.8703 12.4200 0.3056
-1.6340 11.8911 -0.3713
-3.8748 0.6321 2.3908
-4.1059 1.1141 2.2957
-3.9479 7.8592 1.0700
-8.0065 5.2184 -0.0506
-7.7376 4.4865 -0.2886
-3.7411 8.3154 1.5981
-6.8665 7.3613 2.3666
-0.8881 13.2013 1.8907
-8.0304 6.4319 1.5498
-7.8067 6.1741 1.9293
-4.3974 1.0088 1.7559
0.2833 13.4054 2.6923
-2.4424 12.0036 -0.8809
-2.5529 11.9034 -1.0099
-7.7849 7.0888 1.7169
-2.6783 12.1315 -1.0093
-2.6271 11.9568 -1.1670
-2.8313 11.2684 -1.8293
-0.2395 13.0934 2.0106
-8.1761 6.3051 1.1057
-8.1448 5.6421 0.9585
-3.9917 9.3320 2.1556
-3.5342 7.9644 1.1710
-3.6344 7.8966 0.9920
-6.9906 5.6774 2.3760
-7.3584 6.0359 2.3010
-3.8407 1.0644 2.4379
-3.8725 3.2287 2.9910
-3.7504 4.2742 2.6878
-3.9618 3.6466 2.4321
-1.3390 13.1266 1.7942
-3.5819 3.6066 3.2716
-4.2926 7.2020 0.4663
-6.5373 5.6914 2.3101
-7.3149 7.9607 1.9139
0.1635 12.0147 0.1900
-0.1414 11.2547 -0.9457
-1.0604 11.6646 -0.5027
-1.1676 12.9713 1.2666
-0.8939 12.7616 0.9972
-4.0246 3.7192 1.7983
-3.4855 9.5408 2.6835
-0.5222 12.6797 1.0836
0.2798 12.3848 0.7916
-4.6171 1.3227 1.7074
-3.5554 7.5923 0.4745
-2.4829 11.9823 1.4522
-3.6933 7.4636 0.2357
-3.5971 9.0079 2.1747
-3.9236 7.3888 0.1626
-3.4296 7.1903 -0.1460
-3.5718 7.3277 -0.2333
-5.7215 2.4120 2.1932
-8.0587 7.0022 1.0933
-5.5322 2.6143 2.0258
-7.1453 6.6310 2.3955
-5.4400 2.8026 1.8257
-5.8822 3.0679 1.8538
-5.1915 6.1193 -0.4530
-4.6320 6.7207 -0.2801
-2.0951 12.0586 1.2765
-8.1474 6.6659 0.5459
-1.9890 12.2278 1.3586
-5.4124 6.1992 -1.0622
-7.4823 6.9636 2.1317
-1.7238 12.4028 0.7347
-1.8889 12.2160 1.1999
-1.4477 12.5177 0.7405
-3.3230 2.8888 3.7523
-4.9418 6.5777 -0.8802
-1.8226 12.2366 0.8960
-5.6906 3.4632 1.1931
-4.6181 7.0084 -0.9539
-5.5079 2.9706 1.5207
-5.5756 3.1808 1.2963
-4.6242 6.7306 0.1177
-1.9955 10.2441 -2.5963
-3.7639 8.8520 2.0200
-3.6542 9.4633 2.1385
-5.4295 3.1383 1.1572
-4.1027 2.8387 2.2438
-5.5777 3.7373 0.9899
-3.3550 6.8367 -0.1733
-5.3389 3.2166 0.7438
-3.3217 6.7092 -0.6074
-5.3178 3.2187 0.3490
-5.5996 3.5356 0.1138
-5.5128 3.6455 0.6789
-5.4229 3.3406 0.1787
-1.5124 12.4369 0.4593
-5.5687 3.2723 -0.1133
-8.2256 6.0949 0.5213
-4.1773 7.1740 0.0042
-3.1991 10.3994 -2.8722
-4.1180 7.1960 -0.4890
-3.8211 7.2972 -0.2970
-5.3828 4.1044 0.9274
-3.1003 11.0414 -2.3569
-3.4515 10.5353 -2.9908
-5.6360 3.7674 0.6425
-1.2882 12.7217 0.9565
-8.1271 6.4701 -0.0742
-8.0951 6.9202 0.1217
-3.7931 7.3508 -0.8362
-1.1837 12.6578 0.7309
-7.9098 6.3027 -0.5397
0.5373 8.0866 3.6214
-0.0757 8.5469 3.4315
-4.9227 2.1815 1.2609
-4.1568 3.7078 1.1771
-4.0496 3.7153 1.2790
-4.5880 3.3017 1.3619
-7.8571 5.7296 -0.5885
-4.3452 3.6189 1.2174
-4.6144 3.1807 0.7648
-4.1883 7.4714 -1.2875
-5.2167 2.7365 1.5047
-3.6315 7.3021 -0.7155
-3.6122 7.4510 -1.3101
-3.8117 7.5827 -1.3454
-3.4268 7.1501 -0.8199
-3.2232 6.8951 -1.1299
-3.2758 7.2059 -1.4382
-0.8274 10.0140 -2.5884
0.4814 10.7582 -1.6496
-0.1143 10.1566 -2.3857
-4.6176 7.2489 -1.4723
-2.1728 7.8143 2.8351
-3.1770 7.8188 -2.2871
-3.1379 6.0217 -0.8294
-3.0756 6.3318 -1.1934
6.0951 6.0829 0.9175
6.5847 5.2211 1.2550
6.5163 5.6259 1.5684
0.6306 7.3871 1.6184
0.9122 7.2585 1.5671
1.0206 7.3859 1.6308
2.1802 7.7423 2.9163
1.5138 7.6374 3.3881
1.4951 7.4853 3.1435
0.5628 7.2996 1.5850
6.3922 5.4497 0.5878
1.1896 6.7778 1.9736
1.2430 7.2586 1.6574
1.8083 8.1636 3.5034
1.3006 7.8348 3.5988
6.5441 5.1083 0.7499
6.0491 3.4701 1.1799
5.8234 2.5904 0.6081
5.9894 2.3675 1.5330
6.4184 4.5072 1.4278
6.3561 3.7083 1.7903
6.8238 4.9321 1.8063
0.9152 8.3161 3.7133
0.8703 7.7329 3.6344
5.8813 2.7598 0.3864
8.7603 7.1387 1.6315
8.4654 8.2709 1.3996
8.3212 7.6458 1.8427
6.3680 5.4623 0.1209
6.5584 5.0358 0.3436
8.7823 7.7833 0.9963
1.4266 8.5916 3.7041
8.9822 6.8818 1.3273
6.2156 6.5899 1.5718
4.6966 7.1714 1.4315
4.5926 6.8028 1.3794
4.7774 6.5369 0.6390
9.0389 6.8996 0.7029
5.0018 7.0483 0.8089
4.8280 11.2304 0.5006
4.2544 10.9814 1.0279
5.9617 10.9215 0.7028
6.3649 4.7300 1.0155
6.0218 3.5017 0.7557
6.0085 3.1461 0.2168
5.4677 2.7198 0.6024
5.5514 2.4761 0.9013
5.6994 2.6147 0.5667
5.4048 2.8728 0.0955
5.5992 2.7865 0.0097
0.7899 8.8585 3.7645
5.7687 2.5020 -1.0494
4.6508 6.2885 -0.2521
4.7951 6.5009 0.2338
4.6872 6.1294 0.1782
1.3462 8.8941 3.7609
4.6860 6.6798 -0.6822
5.1118 7.3720 1.1653
5.8372 2.8197 -0.1117
5.8446 2.6719 -0.3889
5.3984 7.6167 1.4144
5.3803 7.3235 1.0168
6.1447 2.7370 -0.3578
5.2521 7.1117 0.6138
2.0376 1.7762 4.3394
1.3936 9.1180 3.6882
1.2175 9.4001 3.7427
0.7320 9.6250 3.7250
5.8560 6.3183 -0.0183
0.9993 2.0898 4.2860
1.6920 2.8333 4.2513
1.0891 2.9075 4.1346
1.8508 2.4207 4.2926
1.5139 2.1896 4.2571
8.7753 4.8450 1.7296
8.2476 3.0219 1.8238
8.6119 3.7826 1.5167
1.8880 2.7125 4.2300
8.4975 8.5789 0.8914
5.6134 7.3346 1.1787
5.5914 6.9075 0.1260
5.7916 6.9569 0.8466
0.9378 4.5563 3.5327
1.6917 9.2055 3.6307
1.8186 8.6730 3.6007
5.4489 6.8795 -0.1042
6.0963 10.5206 1.1368
6.9835 10.3150 0.8422
1.4812 4.3216 3.6322
0.9415 4.0051 3.8707
1.8070 4.3370 3.7687
4.6863 5.5071 0.4380
4.8956 4.2807 0.4225
4.7033 4.9373 -0.2759
8.5811 3.0577 0.7897
8.8198 4.3089 1.1366
5.9408 7.1881 1.5042
6.6953 8.7599 2.0575
7.5864 8.8744 1.8304
6.9950 9.4443 1.7033
5.9008 11.1815 0.1220
6.4354 10.8870 0.3135
4.5947 5.7191 -0.3763
6.4328 11.0099 -0.5322
8.9841 5.2351 0.5579
4.5101 11.4874 -0.3825
5.9551 11.2345 -0.5904
5.0441 6.8286 0.3127
4.8839 6.6718 -0.1809
4.5235 5.0721 -0.8177
4.6399 4.4528 -0.9529
8.0450 8.7884 1.5847
5.1899 6.8706 0.0008
3.6230 12.7597 2.4517
3.5965 12.4725 3.0801
3.5487 12.3063 1.5278
0.8160 4.7614 3.2416
7.6881 9.1982 1.5817
1.9871 4.7039 3.4755
1.9380 4.4519 3.5211
3.6177 12.1464 2.7382
3.5700 12.0932 1.5858
3.7235 12.0828 2.1583
2.3904 8.2278 3.3025
4.2845 4.6072 -1.6174
9.0414 5.6848 1.3545
3.5068 12.9962 2.9061
3.5129 13.0220 2.4131
3.3385 13.1908 2.8259
2.1721 6.0123 2.8634
1.4954 5.0864 3.2618
2.4675 5.3213 3.3156
1.4618 6.0318 2.5194
8.0705 9.0661 1.2944
3.5386 12.6662 1.6925
7.6605 9.5486 1.2931
2.8493 8.2839 2.9315
6.2157 9.5963 1.7970
6.4639 9.8964 1.5935
2.3587 1.9024 4.2795
3.9130 11.9666 1.8770
2.1087 8.8562 3.6588
1.7158 9.6976 3.6706
2.0667 9.4949 3.8110
3.3268 1.4681 4.0536
2.4095 9.2263 3.8268
2.4864 8.7349 3.6279
7.0064 9.9713 1.3439
3.9103 5.1585 -2.2331
4.3619 5.9367 -1.1886
4.4277 6.5351 -1.1590
2.7897 9.2317 3.6959
3.7656 1.5701 3.7765
6.8390 2.6660 -0.5761
6.5387 3.1456 -0.4530
3.3210 13.1572 2.4682
3.3832 12.7787 1.6284
3.0528 13.0611 2.1678
2.7912 8.7586 3.4870
3.0854 9.1397 3.4453
7.0819 2.8206 -0.6199
3.8685 11.6108 1.5575
3.5640 11.9718 0.9168
3.6220 11.6067 0.9400
3.1012 1.6924 4.1998
6.4296 3.5703 -0.3082
6.1472 3.1415 -0.2184
3.5510 1.9832 3.9911
1.7829 4.0688 3.9581
2.7164 4.1317 3.9177
8.0415 9.3297 0.8427
6.2279 4.2174 0.2124
6.2421 4.5008 0.5826
6.2534 3.7749 -0.0102
2.4490 4.4519 3.7023
6.6013 5.0516 -0.2232
6.7979 3.5787 -0.6431
6.6440 4.0727 -0.6728
3.5892 11.7326 0.5632
2.9143 4.3962 3.7470
2.5466 2.1086 4.3147
3.4719 11.8345 0.0025
3.3561 12.0401 0.2205
7.3181 3.3863 -0.7317
2.7516 4.5275 3.5751
7.6666 9.8822 0.5083
7.4026 2.6687 -0.5804
2.2955 2.7504 4.2727
7.7754 3.3863 -0.6436
2.8853 2.4621 4.2289
6.1605 5.6704 -0.3359
2.6227 12.1526 0.4222
3.1084 8.6953 3.0928
7.9362 2.2835 -0.3406
7.6553 2.3489 -0.5207
4.9715 3.9821 -0.2170
3.6599 11.3870 0.7575
3.6381 11.5661 0.3058
2.8705 4.9431 3.4653
3.3479 4.1277 3.8317
3.5920 11.5755 -0.0075
3.3763 4.4301 3.5572
3.8736 11.4712 0.2357
3.6976 4.3166 3.6330
3.2694 4.5418 3.4433
3.3079 9.1790 3.0991
3.8008 4.4421 3.2527
6.0335 6.2033 -0.9965
5.7619 6.5126 -0.5627
3.2423 8.8226 2.6762
3.3333 5.0952 3.3622
0.7016 7.3893 2.4169
0.7313 7.4737 3.3982
3.8773 5.8533 -2.2499
4.0531 6.5099 -2.0121
1.2017 7.3883 2.5398
6.5618 4.4994 -0.5358
7.3171 0.8713 2.6143
8.7743 7.8958 0.3362
3.6122 2.6025 3.8951
6.6077 1.1237 2.3500
6.3225 0.7557 2.5600
7.2700 4.6156 -1.0377
0.6900 3.5644 4.0251
0.6171 3.2517 3.9887
1.2460 3.3623 4.0400
8.2289 9.1312 0.2610
4.7737 7.2180 -1.4983
4.4915 7.4777 -2.3445
4.1296 6.8588 -2.1960
7.5680 1.2164 2.3502
3.1861 6.4493 2.8408
1.7738 7.5092 2.4871
5.1527 6.7950 -0.4383
8.1329 0.7479 2.2524
4.8903 6.8389 -0.7229
3.6719 6.4193 2.7775
8.1867 0.5241 1.8371
5.2122 6.8797 -0.8910
5.4960 6.7690 -0.7516
2.2977 3.0474 4.2081
1.7741 3.4176 4.0880
2.2028 3.2699 4.0444
5.0701 7.0046 -1.1262
5.4331 6.8923 -1.1273
7.9289 1.0727 2.3239
8.5539 2.9963 0.4122
8.2059 1.1509 1.8602
7.8052 1.2715 2.3848
8.7240 7.9112 -0.4178
7.9248 1.2837 2.2617
8.8815 4.8268 0.1486
8.4816 3.4060 -0.0640
9.0379 6.7120 -0.0975
8.9945 6.4193 -0.3154
9.0643 6.0248 0.0496
0.5332 3.7409 3.8377
6.4958 1.6775 2.3633
7.2802 1.5871 2.4306
6.5080 1.8008 2.4082
8.8238 5.3977 -0.2826
1.1619 3.7212 4.0426
8.7941 7.2251 -0.6886
7.0259 1.9522 2.5399
6.2811 2.0212 2.3403
7.4637 1.6955 2.5866
7.4997 1.8414 2.6030
7.3050 2.0637 2.5356
8.2465 4.1811 -0.6243
7.8131 1.6132 2.3419
7.8329 1.7313 2.4983
1.7640 6.6981 2.2196
7.7764 1.9489 2.4933
7.7463 2.0895 2.4267
8.1137 1.8570 2.2883
8.1917 1.6978 2.1429
5.9187 6.7242 -1.3894
1.8248 3.7558 4.0424
2.3465 3.4744 3.9800
8.1080 2.0287 2.1948
6.3119 6.6153 -1.7379
6.3422 5.9819 -1.2536
8.5681 5.6019 -0.7123
5.1995 6.9506 -1.0623
1.8434 7.3712 1.8357
7.1996 1.4333 2.1540
5.2527 6.9984 -1.2080
5.1054 7.1489 -1.4089
1.8606 10.6945 -1.8337
3.8419 10.2686 -2.2769
1.9487 10.0712 -2.5778
7.0723 1.5203 2.1911
7.6112 1.5116 2.2016
6.1896 1.6290 2.0903
5.2723 6.9271 -1.0601
6.2189 1.5374 1.9683
1.7450 7.4679 1.8830
2.9398 9.6501 -3.1166
1.3031 7.3720 1.7580
5.4496 7.0791 -1.5315
7.7713 1.4157 2.2126
7.9777 4.8513 -0.9701
7.9458 1.4474 1.9765
1.5850 7.3772 1.7321
7.9254 1.3148 2.1032
8.1388 1.3972 1.7737
6.9187 5.2710 1.8721
6.6933 5.8882 1.9433
8.0057 1.5488 2.0120
2.9127 2.9007 4.0981
5.1792 7.2397 -1.5802
8.2367 1.6026 1.6476
5.2779 7.3415 -1.8617
8.9928 6.0609 1.5935
6.7489 5.5182 -1.2771
2.4303 7.8529 2.4664
2.7868 6.5803 2.7381
8.3495 1.0204 1.4167
6.7343 6.7428 -2.0375
8.3804 1.9919 1.8466
3.0521 3.3133 3.9422
7.1244 6.9764 -2.1420
7.0740 5.6110 -1.4457
3.4891 3.1350 3.8253
8.3742 1.3108 1.1219
3.4973 3.4215 3.8917
8.4088 1.7172 1.6568
2.3104 7.7389 2.1163
9.1051 6.1657 1.1366
8.4920 1.8871 1.5452
5.9790 7.2301 -2.2152
8.2769 1.5548 1.3066
2.5744 3.7806 3.9781
7.4732 5.8609 -1.4964
8.0707 0.3834 1.4380
2.7382 7.5053 2.2991
3.0976 7.3348 2.4763
3.0455 7.8900 2.3196
7.5767 7.2365 -2.0751
8.0099 6.1500 -1.3575
8.0157 0.5550 0.6422
8.1402 0.5380 0.9974
8.1026 0.3413 0.6228
8.0562 0.6972 0.5398
8.0602 0.8211 0.0927
3.2551 3.6735 3.9812
4.9488 7.3577 -1.6548
2.2700 7.1731 2.1682
4.9394 7.4978 -1.9887
8.1893 0.2416 0.9859
9.1023 6.1730 0.5500
3.7170 3.6981 3.8383
4.8185 7.6981 -2.5042
5.2264 7.7123 -2.4844
8.3667 0.8144 0.9087
2.0947 7.5893 1.9238
2.3742 7.5935 2.0661
1.0640 11.0679 -1.1130
4.0796 1.9161 3.5581
0.5572 10.8916 3.6093
8.6262 7.0808 -0.9891
0.7058 11.7628 3.5321
0.9436 12.1066 3.0537
0.7451 12.1235 3.2352
1.0405 11.7461 3.5673
1.0576 12.0225 3.1502
4.0203 2.3584 3.6499
2.7064 8.0339 2.2122
6.6150 5.1715 -0.7624
8.1220 7.6204 -1.7439
0.6987 12.7934 3.0090
3.0356 8.3857 2.6280
2.8086 8.1381 2.5355
8.4929 0.1740 -0.2917
4.4414 2.5302 3.0914
4.1571 1.6395 3.3423
3.8999 4.0132 3.6868
1.2375 12.0511 3.3483
1.1776 12.2830 3.0667
3.1199 8.6733 2.3030
6.8300 4.8312 -0.8227
3.9917 4.2632 3.5093
8.4298 1.0174 0.8442
1.1164 12.2755 2.7720
0.9653 12.3007 2.6387
6.9455 4.7768 -1.0229
4.1999 3.8714 3.4605
4.2167 4.3035 3.1457
8.2639 0.8460 0.5093
3.7555 4.8058 3.2412
2.2715 11.5257 -0.5477
8.3304 1.5423 0.7822
2.9450 8.3310 2.2142
4.3853 4.0711 3.0984
3.9266 3.1284 3.6076
3.6147 8.1811 2.2811
8.4011 1.3283 0.4862
4.1297 4.4763 2.9352
0.6304 12.3767 3.2543
4.2106 2.8921 3.3637
0.8201 12.8805 2.6650
0.8206 12.5841 2.6100
8.4292 1.0568 0.4635
3.3175 8.5832 2.2247
0.8869 12.4148 2.1856
3.2401 8.7718 2.2016
4.5025 4.3517 2.5939
4.7243 3.8798 2.2260
4.0059 3.4022 3.7137
4.2380 3.3107 3.4772
0.7995 12.9178 2.4297
8.3060 1.0676 0.2229
8.2492 1.3411 0.1101
1.3152 12.7817 3.2136
1.3361 12.6262 2.6401
4.4086 4.5158 2.5237
4.1993 4.8571 2.8408
4.5718 4.5547 2.1242
1.0495 12.1607 2.4123
7.9992 1.1268 -0.1682
1.2324 12.2808 2.1028
4.4701 3.0951 2.9872
4.4579 3.2462 3.1550
6.7728 2.1556 2.4157
0.7932 10.1441 3.8170
1.0644 9.8690 3.7512
0.9624 10.1731 3.8288
0.5882 10.2005 3.6884
6.6303 2.2263 2.0941
7.2361 2.1670 2.3690
3.9024 5.7301 2.9334
7.4366 2.2087 2.1212
1.4910 12.8577 2.1946
1.3856 13.2645 3.0950
6.4377 2.5067 1.9736
7.4836 3.4152 2.1978
6.9306 3.3507 2.1148
4.1314 3.5846 3.6341
1.4120 12.5481 2.3585
7.2442 2.4915 2.1445
8.4511 8.6843 -0.1970
7.8875 2.1419 2.0996
0.6234 9.9107 -2.6426
4.3005 5.5279 2.6109
0.6481 12.9713 2.1324
1.4186 9.9374 3.6416
0.7015 12.6586 1.7724
0.8402 12.3843 1.7242
7.3715 2.3074 2.1025
7.7197 2.5978 2.1304
4.4645 5.0191 2.4065
4.5257 3.5253 3.0859
1.8686 10.4702 3.8804
8.0002 3.7201 2.1485
4.7002 3.2118 2.4880
1.1124 12.2959 1.5063
4.4292 5.7841 2.2283
6.5791 2.3351 1.9844
1.3902 12.5221 1.8198
0.9015 10.8760 3.7752
7.8286 2.2644 1.9881
1.5394 12.6073 1.6187
2.2158 12.8867 1.9644
8.1104 2.2699 1.7531
1.1835 10.8027 3.7083
8.2467 8.8328 -1.3263
8.4947 8.1804 -1.1847
1.2698 12.3766 1.3119
3.5130 10.9744 -1.3927
4.1460 6.3254 2.5589
7.8542 9.6776 -0.4262
0.6417 13.3950 2.8433
4.3518 1.7556 2.8695
4.3085 1.4857 2.4883
0.7769 13.2451 2.7583
3.9852 0.7890 2.5504
4.1911 7.1059 2.3344
1.5365 11.1618 3.7876
4.3337 1.2852 2.2958
3.6812 7.4483 2.4458
4.7394 10.5017 -1.9370
7.8228 9.6169 -1.3466
2.5423 10.0618 3.8820
4.3765 6.8465 2.1202
6.9312 8.2494 -2.8019
4.5427 6.0231 1.6528
4.6554 0.8084 2.1742
2.2700 10.5687 3.9044
1.6798 13.1828 2.6841
8.2660 2.2085 1.4463
4.6163 1.5943 2.1780
4.8090 1.5272 2.0927
8.5050 1.8581 0.9534
7.5454 8.5903 -2.5335
0.7643 12.5490 1.3086
8.4526 2.0881 1.0554
2.9473 9.8980 3.7162
6.2693 7.1280 1.8971
6.8097 6.5631 2.1808
2.9494 11.0166 3.8373
4.0926 9.5549 -3.2012
8.3985 2.5928 1.1642
3.3494 10.4240 3.4579
2.0198 13.3275 2.8028
4.5761 2.4393 2.7619
2.9072 13.3211 2.8728
8.2029 8.3620 -1.7380
4.6254 2.3464 2.2940
0.8295 11.4384 3.7020
3.5721 10.8781 3.1541
0.6404 11.4510 3.6217
4.9477 1.5212 1.6757
3.4264 9.1996 2.8073
4.8248 0.8604 1.8353
1.0741 11.5838 3.6947
3.3475 9.0591 2.5849
4.7689 3.0057 1.8161
4.8843 3.2445 1.5626
4.8104 4.1665 1.2089
3.4849 9.8215 2.9645
3.5354 9.5054 2.8793
4.5271 1.9079 2.1520
2.3267 11.3390 3.8723
7.9910 1.4888 -0.1026
7.6622 1.6752 -0.3976
4.9091 2.1989 1.9298
1.8580 11.5161 3.8654
4.6411 4.8368 1.7409
5.4144 0.5200 2.1024
1.4428 12.0493 3.7195
1.2712 11.7180 3.6136
1.7056 11.9777 3.7414
5.5108 1.0154 1.9988
5.4220 0.7397 1.9870
0.5449 11.9607 3.5655
7.8532 9.0742 -2.1316
3.3802 9.0369 2.3642
0.8946 12.2742 0.7016
8.4755 1.7686 0.4356
0.5137 12.3931 3.5859
7.8463 8.6571 -2.2627
4.7778 4.7390 1.2055
5.8764 1.1434 2.1642
1.1076 12.3584 1.1050
8.3644 2.3104 0.5291
8.4843 2.0355 0.4513
8.3413 2.2403 0.3189
4.8110 9.5411 -3.2072
4.8344 10.6538 -1.9437
1.6966 12.3951 3.7983
4.9949 10.4747 -2.2048
1.4435 12.3030 0.9390
6.1356 10.4193 -2.0301
5.4705 9.5510 -3.1501
1.3524 12.1615 3.6428
8.3013 1.6283 0.3180
1.2769 11.8684 3.4694
8.2857 1.9065 0.2128
1.1759 12.0250 0.3706
4.2321 7.7392 2.2241
4.3905 7.4638 2.1142
1.3880 12.5336 3.7153
1.2946 12.6941 3.5845
1.3395 12.5661 3.3998
4.6114 7.8578 2.0494
4.9392 3.2104 1.3681
4.9645 3.3909 1.0744
5.0109 3.6472 0.9284
8.1493 2.2565 -0.0311
5.7184 1.5702 1.7599
7.0083 10.5721 -0.0410
2.3180 11.9542 3.8199
4.8535 7.7820 1.7772
3.4208 11.6286 -0.4838
5.9535 1.6921 2.1841
4.3017 11.4970 -0.6414
5.7225 1.7031 1.8721
5.9950 1.8968 2.2394
2.8359 12.1784 3.7756
5.7476 1.9715 1.9190
7.3755 10.2348 -0.8630
3.2682 11.6459 3.6924
4.2659 8.4563 2.1591
5.5739 1.7105 1.5904
3.5716 8.7536 2.1894
3.5455 8.9630 2.3022
4.8161 11.3520 -0.8723
3.6052 11.5470 3.3214
5.0360 1.2833 1.4058
3.4788 11.9127 3.4803
5.0806 3.2688 1.1281
5.2167 3.0465 0.9963
5.1818 3.4884 0.4984
4.8998 8.2732 2.0314
5.1456 0.7425 1.8238
5.3791 8.2698 1.9300
5.0595 1.0249 1.5430
2.0922 12.6313 3.7424
7.0634 4.7767 2.1229
7.2424 4.7053 2.2225
7.1366 5.3025 2.2094
7.2636 6.0648 2.3476
5.0286 8.6178 2.0662
5.2436 1.5826 1.2891
5.3219 3.0824 -0.3676
3.3210 12.3907 3.5337
5.1102 1.8666 1.4108
5.8787 7.6173 1.7355
6.5221 7.5494 2.0984
2.9316 12.7172 3.6627
5.1918 1.7308 1.2277
8.0714 5.9366 2.3151
7.5850 5.5816 2.3487
5.1979 7.8239 1.6591
0.4727 13.1305 3.4750
5.0078 11.4228 -0.8578
8.5636 5.3911 2.0934
4.9193 11.3410 -1.0724
5.5482 2.6856 -0.7929
5.5412 11.3277 -0.9912
5.1610 11.3574 -1.1665
1.5563 12.8084 3.6950
1.4120 13.0503 3.6280
4.7867 2.6501 1.8202
1.2928 13.0570 3.4194
4.9780 3.6745 -0.8064
8.8151 5.7535 1.9007
4.9778 2.7271 1.7378
5.9121 11.1589 -1.2327
6.8146 10.7281 -1.4274
1.3286 13.2754 3.5135
1.4325 13.3585 3.5716
3.7282 10.8860 2.7063
4.0316 10.8440 2.6275
4.0464 11.0557 2.7556
3.7939 11.2393 2.7860
4.1934 11.3186 2.6428
1.9326 13.2556 3.6036
1.8453 13.4101 3.5167
5.5162 7.9372 1.7762
5.9661 8.1432 1.9810
3.6711 11.8612 2.9255
3.6847 11.6092 2.7923
3.5774 10.8844 2.7844
0.5295 13.4245 3.1770
4.1455 11.1610 2.2875
4.1401 11.6493 2.7298
5.8337 8.5969 2.0523
3.5159 10.2980 2.8657
3.5790 10.6085 2.6649
1.4727 13.4565 3.3856
3.7973 10.6476 2.6377
3.9219 10.4437 2.6603
3.9761 10.4957 2.5573
1.4517 13.3730 3.0666
2.0371 13.4370 3.3469
7.1213 10.2445 -1.9873
2.2912 13.3804 3.0764
3.8426 10.2154 2.1508
6.6416 8.1277 2.2016
6.2387 2.1806 2.2307
5.9904 8.8704 2.0561
5.0534 2.2178 1.6886
7.4087 10.0756 -1.7567
3.9044 10.9902 1.6235
4.1463 11.5369 2.0722
7.6143 9.6657 -2.0287
2.5496 13.3403 3.4172
7.5611 9.1703 -2.4656
7.1869 7.0127 2.3243
3.8644 11.6593 2.7433
2.6778 13.0456 3.5501
7.5222 6.7511 2.3854
3.7060 11.9886 2.6723
5.1519 2.5733 1.5421
5.2773 2.2777 1.3874
5.1346 2.4188 1.4760
4.0169 11.9879 2.5881
4.2269 11.8140 2.4571
3.0379 12.9040 3.4492
3.3588 12.7956 3.3431
5.8970 2.0473 2.1158
5.8918 2.1941 1.9604
3.7052 12.0792 2.5246
7.6528 7.2081 2.2642
5.6838 2.2146 1.5667
6.0834 2.2536 1.7929
4.1161 12.0169 2.3784
3.5657 9.0987 2.5367
3.0353 13.1929 3.3347
3.7394 9.2980 2.7448
3.9611 12.0795 2.4818
2.9995 13.3150 3.1551
3.2902 13.1127 3.1934
3.7907 9.3072 2.5946
4.1325 11.9378 2.1767
6.0848 2.4536 1.8191
7.0253 9.3360 -2.7993
3.6905 9.2679 2.3170
6.0414 2.8048 1.6142
3.7888 9.6240 2.8474
3.6822 9.9305 2.8824
6.6098 3.4959 2.0196
6.2597 2.6976 1.8404
3.9006 9.7475 2.7441
5.8914 2.2940 1.4551
7.2027 9.7505 -2.4924
5.0842 2.8896 1.5123
5.3339 2.6700 1.3164
3.6498 10.2848 2.7813
3.9078 10.1173 2.7874
3.8468 10.5899 1.4066
4.3978 9.8384 1.8167
5.5043 10.1679 1.5153
7.6454 8.2794 2.0288
3.7391 10.0400 1.8284
8.4827 6.3047 2.1310
8.8004 6.3636 1.8520
4.6092 6.1047 1.0679
3.6733 9.3795 2.0820
0.5478 7.6173 3.5219
4.5403 9.0628 2.0503
5.3598 1.8400 1.2810
5.2833 1.9255 1.3010
1.0861 7.5047 3.4740
5.4413 2.1025 1.3351
3.7043 11.1361 1.0265
6.5863 9.5701 -2.9198
3.7856 11.3008 0.6189
5.5242 2.3248 1.2144
-6.9932 0.7205 -1.2731
-6.4766 0.2265 -1.1722
-4.4722 -1.9902 -3.5967
-5.1693 -1.8113 -3.2896
-4.9857 -1.9003 -3.7012
-4.3073 7.9181 -2.2794
-3.8091 7.7525 -1.8081
-1.2842 8.1177 -3.6139
1.9498 7.0397 -3.9407
0.5236 6.5074 -4.0248
-7.6617 1.4840 -0.9063
-7.4757 1.3186 -1.1065
-7.9766 1.2206 -1.0288
-5.1321 -1.6542 -3.6600
-6.6551 4.2989 -0.8144
-6.4664 5.8887 -1.3737
-6.2257 5.3762 -1.2045
-5.1218 -1.7501 -3.8770
-7.9701 0.1387 1.2227
-4.9057 -1.8437 -4.0253
-4.4048 -1.8955 -3.8859
-7.1990 1.7456 -1.1904
-7.0170 1.9326 -1.1273
-5.8765 5.3347 -1.0861
-6.0109 4.5151 -0.8053
-8.4480 0.0586 0.7247
-8.1723 0.3459 0.7946
0.6621 2.7957 -4.7618
-2.6776 0.0925 -4.4539
-2.1114 1.3507 -4.4841
-4.7716 7.5585 -2.0661
-6.9887 1.6167 -1.2762
-7.8397 0.2433 0.8968
-5.0663 -1.6164 -4.1042
-3.4052 7.9528 -2.3051
-5.5330 5.1809 -0.8345
-6.6382 1.6696 -1.2828
-6.9115 1.0714 -1.2271
-8.6862 -0.4766 0.2122
-5.6717 5.6520 -0.9921
-3.6959 0.9208 -4.3818
-8.5486 -0.1283 0.5353
-6.7325 2.1249 -1.0278
-3.6605 -1.9912 -3.6557
-6.7006 1.9587 -1.3161
-1.6526 3.0152 -4.2034
-1.1585 2.2621 -4.6124
-5.1129 7.4622 -2.0827
-4.6004 8.0814 -2.5612
-3.5676 4.1056 -1.7016
-8.5448 0.0501 0.5213
-4.2462 3.6240 -1.3042
-8.2902 0.4173 0.4940
-7.6016 2.8481 0.0817
-7.8935 3.0867 0.0876
-3.1891 -1.9768 -4.2125
-8.5436 0.0153 0.2907
-3.7453 8.2025 -2.5883
-8.5208 -0.1615 0.0199
-8.5783 -0.5247 0.0631
-4.6420 -1.7874 -4.1797
-5.1025 -1.2161 -4.1679
-4.8623 -0.6220 -4.2761
-8.2897 0.3785 0.1141
-7.6688 2.4601 0.1822
-3.5249 -1.8742 -4.2619
-3.5062 -1.4357 -4.3276
-7.4705 2.8941 -0.1197
-7.4688 2.6241 -0.1240
-7.1020 2.8025 -0.3542
-7.2560 2.4324 -0.2494
-8.1012 0.7124 0.1158
-5.1903 7.9132 -2.3644
-7.8001 3.0368 -0.1745
-3.9965 8.5077 -2.9991
-7.5234 3.0923 -0.4221
-7.7653 3.3543 -0.2846
-4.5975 8.7829 -2.9669
-7.2723 3.4998 -0.6940
-4.9298 0.5297 -3.5407
-5.1011 -0.3367 -3.8249
-5.1552 -1.5492 -3.3310
-8.0178 0.7276 0.5455
-7.8832 0.7839 0.2667
-6.9767 3.0561 -0.5147
-5.2068 -1.2511 -4.0328
-3.0671 1.2326 -4.3305
-8.2872 0.7521 -0.1772
-7.0179 2.0450 -0.2754
-8.5341 0.5021 -0.4341
-5.1033 -0.0718 -4.1661
-6.5526 2.6654 -0.5496
-7.8537 0.2067 1.0406
-6.6910 2.2841 -0.4008
-3.0543 5.2659 -1.4406
-6.4780 3.0439 -0.5633
-2.8996 5.5964 -1.5537
-6.4820 2.3200 -0.6823
-7.4151 0.3788 0.9234
-6.8413 7.3067 -1.5549
-7.0485 3.2751 -0.7640
-5.2012 9.7979 -2.8711
-2.8736 6.8022 -2.0316
-7.1803 0.6090 0.8466
-5.5413 8.6661 -2.4773
-6.5363 3.2583 -0.7720
-7.9139 0.7047 0.7831
-7.7759 0.4831 0.8418
-7.6264 0.8275 0.6745
-7.6804 3.6229 -0.1275
-7.3691 0.5137 0.7346
-7.6550 3.7882 -0.1311
-7.4062 0.7628 0.6652
-4.9379 9.4036 -2.9948
-4.0331 3.4301 -2.0533
-7.2718 0.7601 0.7147
-2.2294 3.6039 -3.5754
-2.6634 2.7274 -3.8054
-3.1906 3.2277 -3.0671
-3.1943 4.0411 -2.4195
-2.3133 5.3452 -2.6949
-7.5459 3.5644 -0.4722
-2.6060 4.8179 -2.5827
-7.2673 0.9896 0.8874
-7.3149 1.2602 0.8724
-7.3376 1.1162 0.6739
-7.3713 3.6826 -0.4834
-2.4821 5.8226 -2.4659
-7.7596 0.8991 0.5601
-3.8618 3.2145 -2.4887
-7.5671 1.0059 0.3560
-7.3600 1.0296 0.4782
-7.2355 4.4774 -0.7039
-7.0367 0.5323 1.0615
-5.5618 3.0945 -0.4638
-5.8014 3.0418 -0.6343
-5.9107 3.0985 -0.5292
-6.9271 3.7896 -0.6384
-6.0627 3.1764 -0.6099
-4.9711 2.8087 -0.1049
-6.7308 3.7167 -0.8114
-6.3107 3.8444 -0.6926
-5.2543 3.0278 -0.2469
-4.7408 2.9759 -0.1855
-5.1073 1.3973 -2.9414
-5.2529 -1.0208 -2.9946
-5.4840 -0.1534 -2.2501
-5.0370 2.9270 -0.9256
-4.8958 2.9074 -0.5646
-7.8106 1.0650 0.0462
-1.7164 4.0996 -3.8239
-1.0544 3.5949 -4.3097
-6.8984 3.5312 -0.8812
-7.0626 3.6344 -0.8254
-6.5664 3.4572 -0.8538
-3.3878 8.5257 -3.0728
-5.4102 3.0283 -0.7511
-3.6362 8.7915 -3.2579
-4.2481 9.1020 -3.2066
-6.2151 2.7677 -0.9615
-6.2524 2.8655 -0.6232
-6.5018 2.1549 -1.1889
-3.1724 9.1940 -3.3060
-6.3969 2.0215 -1.2471
-6.1568 2.2225 -1.1760
-6.4240 2.2131 -0.9357
-6.0813 2.4716 -1.2755
-8.7415 -0.0422 -1.0054
-0.6148 3.3578 -4.5633
-6.0788 2.9297 -0.7914
-4.5819 9.7906 -3.1407
-2.3918 6.8683 -2.9552
-8.0636 -0.0024 -0.9509
-5.4314 2.9964 -1.1720
-4.1153 10.1019 -3.1631
-2.2223 4.7850 -3.1566
-5.8683 2.8548 -1.4669
-1.7736 5.1778 -3.5199
-4.8916 1.2046 -3.8202
-1.3067 4.8563 -4.0056
-1.8600 6.0940 -3.5041
-8.7763 0.1406 -0.7023
-8.7176 0.3438 -0.9156
-4.9846 10.3930 -2.8593
-4.8958 0.8895 -4.1254
-5.9213 3.4558 -0.4691
-5.6552 3.8469 -0.3170
-0.9196 4.6606 -4.2456
-2.8646 3.8030 -2.9570
-5.7758 4.0385 -0.5850
-7.5099 5.7480 -0.9379
-7.6744 6.4050 -0.9075
-8.6086 0.6122 -0.7221
0.1606 4.0341 -4.4765
-6.1150 3.6285 -0.6976
-6.2770 3.6382 -0.7980
-4.7840 0.3738 -4.2851
-8.3017 0.7400 -1.0882
-6.2533 3.3837 -0.8004
-6.2659 -0.0993 -1.1355
-6.0677 -0.5882 -1.2998
-1.5622 6.0556 -3.7803
-6.9689 5.9093 -1.2501
-3.3452 10.1303 -3.1622
-3.8601 10.6230 -3.0327
-1.3172 5.9850 -3.9943
-4.6862 3.0609 -0.5560
-5.8686 0.2768 -1.6258
-4.4613 3.5282 -0.6314
-6.0318 7.4109 -1.9462
-4.7628 3.0676 -1.3260
-7.3085 7.2870 -1.2383
-4.5678 0.9953 -4.2108
-6.0832 1.1928 -1.3600
-2.9594 8.4220 -3.1743
-2.9966 8.6414 -3.2949
-4.2702 1.2904 -4.1101
-2.4826 8.3210 -3.3913
-1.0627 6.3882 -3.9959
-0.0818 5.6140 -4.2328
-3.0542 -2.0669 -3.9300
-6.6073 2.0617 -0.5696
-6.2964 1.4928 -1.2345
-2.0318 -2.0830 -4.1559
-8.1873 1.0228 -0.5194
-2.9414 7.4768 -2.2525
-7.4357 1.3399 0.8343
-6.2908 2.1289 -1.1502
-6.1804 1.9606 -1.2268
-7.2976 1.2157 0.3419
-1.3478 -1.9287 -4.3875
-7.4201 1.0814 0.2820
-7.2142 1.3795 0.3515
-7.2916 1.4658 0.1434
-5.5809 0.7984 -2.1628
-6.1372 5.9227 -1.3216
-7.7033 1.9175 0.3323
-5.7317 5.8569 -1.0400
-7.3256 1.6118 0.2717
-5.6236 2.6577 -2.0199
-5.3859 6.6814 -1.5626
-5.8994 1.8467 -1.6454
-2.7473 7.9512 -2.9734
-5.9582 6.4460 -1.5956
-5.5967 2.2190 -2.1548
-1.9468 9.4273 -3.3641
-7.7416 1.2993 -0.2572
-7.3616 1.5409 -0.2174
-4.6365 2.1595 -3.2372
-3.9676 2.7162 -3.0150
-3.9963 2.1565 -3.4796
-7.2972 1.4637 -0.0942
-4.7554 1.6371 -3.6844
-4.9799 2.1545 -3.0150
-2.6822 9.9222 -3.1656
-4.0846 1.6630 -3.8135
-7.2496 1.7327 -0.0430
-5.2195 2.6023 -2.3767
-5.3394 2.0875 -2.3445
-5.7708 7.2002 -1.9433
-5.3925 2.8594 -1.8760
-1.1343 8.9209 -3.5449
-4.7445 1.4256 -3.9176
-4.8936 3.0471 -1.7434
-7.6373 2.1980 0.0670
-7.5244 1.9496 0.0723
-2.2314 7.6578 -3.4660
-0.2948 -2.0638 -4.3919
0.2510 8.5091 -3.6206
-4.6449 2.7740 -2.4666
0.2583 9.0558 -3.5618
-1.6465 7.1774 -3.7102
-4.5276 3.1934 -1.7949
-0.8171 9.2267 -3.4825
-4.4204 3.0236 -2.1784
-3.2639 1.7476 -4.0220
-7.1019 1.7240 -0.2397
-7.0851 1.8059 -0.4739
-6.8233 1.8705 -0.3322
-6.8129 1.8317 -0.4111
-5.3540 -1.6281 -2.9169
-6.6270 2.1068 -0.4443
-6.7504 2.0555 -0.7047
-0.4143 -0.9677 -4.5375
-8.3945 0.9009 -0.8610
-8.5728 0.6705 -0.9603
-2.4978 2.2212 -4.0809
-7.2247 0.7368 -1.1876
6.0793 2.4481 -1.2289
7.4733 -1.2285 -3.9150
6.5883 2.5175 -0.7920
2.1100 2.0464 -4.6136
2.0063 2.3006 -4.4031
2.0975 2.6436 -4.4971
2.3181 6.1251 -4.1582
2.1527 6.2295 -4.1930
8.6023 0.2290 -1.3006
8.9925 -0.6578 -1.8231
2.7925 2.8290 -4.2210
2.4280 2.1357 -4.6546
2.3036 2.8955 -4.5186
4.3458 3.2784 -2.5550
4.0185 3.0110 -3.0958
3.7071 3.3734 -3.1525
4.6910 2.6948 -2.7456
1.2703 8.9374 -3.6512
2.9514 7.1293 -3.8643
2.9484 6.7718 -3.8706
2.6147 6.6384 -4.0377
3.2320 3.3164 -3.6932
3.3445 7.9800 -3.7517
7.9714 -0.1085 -3.1984
8.2367 -0.0940 -2.9005
8.2973 -0.8497 -3.3585
1.1951 -1.9218 -4.0129
8.7675 -0.8116 -2.7382
0.9600 -2.0953 -4.3241
1.0987 -1.9511 -4.1774
1.0091 -1.8484 -4.4260
1.2656 -1.6886 -4.0478
1.3241 1.6464 -4.8161
1.3043 -0.0293 -4.7079
0.6967 1.2930 -4.7358
7.7786 -0.4450 -3.5755
1.1994 -1.4373 -4.2794
0.9860 -1.4435 -4.5788
1.2326 -1.1713 -4.5599
8.5696 -0.2037 -2.3889
4.5380 2.4537 -3.1401
3.8127 2.3730 -3.7293
0.4498 -1.8198 -4.5292
1.1104 3.8737 -4.6089
8.6408 0.0245 -1.8798
7.8962 0.9515 -1.8965
7.3963 -0.0134 -3.5841
8.1063 0.5379 -2.3402
7.5453 -0.7915 -3.8373
0.7890 -2.0263 -4.5055
5.1006 2.7631 -1.9638
5.3716 2.4123 -2.2768
2.3032 8.1369 -3.7418
0.8072 -0.9179 -4.6332
5.1410 2.2175 -2.8876
0.8403 9.2477 -3.5323
6.3449 2.1964 -1.7957
5.9001 2.0991 -2.3681
6.7540 1.7099 -2.2726
2.2041 9.1984 -3.5039
5.8449 1.8368 -2.9630
1.3533 -1.1244 -4.1887
2.2108 8.7603 -3.6859
3.4385 6.2291 -3.0600
5.4292 1.6122 -3.3295
4.8502 1.5853 -3.6890
3.8719 -0.5386 -4.4812
1.9865 9.0731 -3.6518
1.4492 -1.6344 -3.9804
1.7034 -1.9957 -4.2659
1.6189 -1.0604 -4.1844
4.0680 0.8513 -4.5039
2.5815 0.8915 -4.7227
7.8709 1.2934 -0.9427
3.2463 8.8902 -3.6693
3.5236 6.5603 -2.9728
1.7940 -2.1078 -4.4049
1.7559 -1.5302 -4.4954
1.7771 -1.9081 -4.5174
6.2087 0.5775 -3.8191
6.4150 -0.0476 -4.0334
3.9601 7.2201 -3.0066
1.3225 -1.3801 -4.0239
4.2723 1.4927 -4.0449
2.7396 9.1278 -3.6020
1.4785 -1.0986 -4.0726
5.7300 1.2651 -3.4897
6.9457 1.0028 -3.1532
7.4877 1.7831 -0.9590
4.7376 0.7238 -4.3994
2.0166 3.1593 -4.3871
2.0323 2.9144 -4.4282
1.8752 2.8460 -4.4658
3.3201 5.1541 -3.2299
2.9425 5.0846 -3.7082
5.3701 1.3590 -3.6748
3.7249 1.6805 -4.2707
1.7533 2.9726 -4.6347
1.8597 3.3741 -4.4791
4.6291 3.5657 -1.8313
1.4431 3.6400 -4.5910
1.9570 -2.0045 -4.5249
1.8633 4.0035 -4.5061
2.1403 4.4201 -4.3502
6.9760 2.4166 -0.8136
7.2871 2.4593 -0.6953
1.9025 -1.3737 -4.6193
3.0920 6.5338 -3.5414
3.4281 6.8876 -3.3960
6.7616 2.2072 -1.3342
2.5233 3.4095 -4.1884
2.4476 3.1703 -4.3737
2.1699 3.0493 -4.4429
7.2864 1.9048 -1.2950
7.0474 2.1537 -0.9196
2.1504 3.3606 -4.3982
7.4028 2.2416 -0.7018
7.3065 2.1161 -0.7423
6.4126 1.1376 -3.3763
1.5442 -0.6712 -4.2341
1.4593 -0.9217 -4.3607
5.4945 0.0095 -4.3551
4.0917 3.8699 -2.4070
2.3550 4.5742 -4.2772
6.7816 -0.6800 -4.1149
1.7446 -0.4303 -4.3662
5.4172 0.7417 -4.0301
1.4382 3.2596 -4.7432
1.4498 2.7153 -4.7780
1.4164 -0.6482 -4.5650
3.6972 4.3985 -2.7825
2.0728 0.6749 -4.7335
1.8685 -0.2284 -4.5946
1.3363 4.6482 -4.4753
7.3760 1.5969 -1.7837
4.4280 8.6734 -3.6463
4.3269 8.3324 -3.6099
3.8641 8.2133 -3.6901
1.8634 4.7561 -4.4928
4.6606 8.3358 -3.4623
1.7121 0.6763 -4.3907
1.7474 0.4047 -4.4258
1.5806 0.1783 -4.4772
1.8161 0.6563 -4.4067
1.8272 0.9509 -4.3026
1.7674 1.1758 -4.3068
1.5686 1.1879 -4.6667
1.9133 0.8184 -4.4953
4.7265 9.1024 -3.5630
1.3273 5.5710 -4.3513
5.2217 8.8953 -3.5210
3.7691 9.2593 -3.5411
2.7248 3.8128 -4.0248
8.2494 0.7372 -0.6509
5.2397 1.0112 -4.0520
3.3008 9.4720 -3.3850
3.4758 7.6495 -3.7028
3.4860 7.3026 -3.6524
3.2091 7.3045 -3.8109
4.0181 7.8100 -3.5583
3.3447 3.7497 -3.3803
4.6387 1.0548 -4.2091
4.5175 7.9978 -3.2322
3.7604 7.7597 -3.7062
2.5182 5.8806 -4.1720
2.5759 5.2415 -4.1202
2.8474 1.6422 -4.6669
7.5758 0.8615 -2.7457
2.2068 5.7205 -4.3200
2.8878 2.0327 -4.5182
3.1788 4.1504 -3.4483
6.2476 8.7729 -3.2796
6.3416 7.9637 -2.8963
5.4415 8.5670 -3.4537
6.1829 9.2292 -3.2811
4.7913 8.5004 -3.5726
5.1277 8.1845 -3.2155
1.5903 -0.2058 -4.3320
1.6660 -0.2902 -4.2508
1.7671 0.0948 -4.4391
5.6763 7.8555 -2.8925
6.2575 7.6258 -2.6862
1.8676 0.5193 -4.4915
5.3726 2.8459 -1.1635
5.0007 3.2442 -1.3538
5.6046 2.4897 -1.7294
1.8853 1.3446 -4.2999
1.8341 1.5274 -4.4409
1.9918 1.3337 -4.4918
2.0211 1.5224 -4.5887
1.9954 2.0991 -4.3852
1.9190 2.2089 -4.3287
1.9503 1.9339 -4.4229
1.7704 2.3068 -4.4815
1.5823 2.1181 -4.7936
6.8434 8.9263 -3.0375
2.2809 1.5758 -4.7762
6.5361 -0.9042 -4.2334
1.8979 2.4846 -4.4082
8.6591 -0.9911 -3.0727
