28.1196 11.7773 -9.2056
26.9953 13.8488 -8.9724
27.1324 13.9186 -9.2056
25.8491 15.8956 -8.9724
25.9803 15.9759 -9.2056
24.5458 17.8461 -8.9724
24.6703 17.9365 -9.2056
23.0936 19.6883 -8.9724
23.2105 19.7882 -9.2056
21.5012 21.4109 -8.9724
21.6099 21.5197 -9.2056
19.7785 23.0033 -8.9724
19.8784 23.1203 -9.2056
17.9363 24.4556 -8.9724
18.0267 24.5800 -9.2056
15.9858 25.7589 -8.9724
16.0662 25.8900 -9.2056
13.9390 26.9051 -8.9724
14.0089 27.0421 -9.2056
11.8087 27.8873 -8.9724
11.8675 28.0293 -9.2056
9.6078 28.6992 -8.9724
9.6553 28.8455 -9.2056
7.3500 29.3360 -8.9724
7.3859 29.4855 -9.2056
5.0492 29.7936 -8.9724
5.0733 29.9455 -9.2056
2.7196 30.0693 -8.9724
2.7317 30.2227 -9.2056
0.3756 30.1614 -8.9724
0.3756 30.3152 -9.2056
-1.9685 30.0693 -8.9724
-1.9806 30.2227 -9.2056
-4.2981 29.7936 -8.9724
-4.3222 29.9455 -9.2056
-6.5989 29.3360 -8.9724
-6.6348 29.4855 -9.2056
-8.8567 28.6992 -8.9724
-8.9042 28.8455 -9.2056
-11.0575 27.8872 -8.9724
-11.1164 28.0293 -9.2056
-13.1879 26.9051 -8.9724
-13.2577 27.0421 -9.2056
-15.2347 25.7589 -8.9724
-15.3150 25.8900 -9.2056
-17.1852 24.4556 -8.9724
-17.2756 24.5800 -9.2056
-19.0274 23.0033 -8.9724
-19.1273 23.1203 -9.2056
-20.7500 21.4109 -8.9724
-20.8588 21.5197 -9.2056
-22.3424 19.6883 -8.9724
-22.4594 19.7882 -9.2056
-23.7947 17.8460 -8.9724
-23.9191 17.9364 -9.2056
-25.0980 15.8955 -8.9724
-25.2291 15.9759 -9.2056
-26.2442 13.8488 -8.9724
-26.3812 13.9186 -9.2056
-27.2263 11.7184 -8.9724
-27.3684 11.7772 -9.2056
-28.0383 9.5175 -8.9724
-28.1846 9.5651 -9.2056
-28.6751 7.2598 -8.9724
-28.8246 7.2957 -9.2056
-29.1327 4.9590 -8.9724
-29.2847 4.9830 -9.2056
-29.4084 2.6294 -8.9724
-29.5618 2.6414 -9.2056
-29.5005 0.2853 -8.9724
-29.6543 0.2853 -9.2056
-29.4084 -2.0587 -8.9724
-29.5618 -2.0708 -9.2056
-29.1327 -4.3883 -8.9724
-29.2846 -4.4124 -9.2056
-28.6751 -6.6891 -8.9724
-28.8246 -6.7250 -9.2056
-28.0383 -8.9469 -8.9724
-28.1846 -8.9944 -9.2056
-27.2263 -11.1478 -8.9724
-27.3684 -11.2066 -9.2056
-26.2442 -13.2781 -8.9724
-26.3812 -13.3480 -9.2056
-25.0980 -15.3249 -8.9724
-25.2291 -15.4053 -9.2056
-23.7947 -17.2754 -8.9724
-23.9191 -17.3658 -9.2056
-22.3424 -19.1176 -8.9724
-22.4593 -19.2175 -9.2056
-20.7500 -20.8403 -8.9724
-20.8588 -20.9490 -9.2056
-19.0274 -22.4326 -8.9724
-19.1273 -22.5496 -9.2056
-17.1851 -23.8849 -8.9724
-17.2755 -24.0093 -9.2056
-15.2346 -25.1882 -8.9724
-15.3150 -25.3194 -9.2056
-13.1879 -26.3344 -8.9724
-13.2577 -26.4715 -9.2056
-11.0575 -27.3166 -8.9724
-11.1164 -27.4587 -9.2056
-8.8567 -28.1285 -8.9724
-8.9042 -28.2748 -9.2056
-6.5989 -28.7653 -8.9724
-6.6348 -28.9148 -9.2056
-4.2981 -29.2229 -8.9724
-4.3221 -29.3748 -9.2056
-1.9685 -29.4987 -8.9724
-1.9806 -29.6520 -9.2056
0.3756 -29.5908 -8.9724
0.3756 -29.7446 -9.2056
2.7196 -29.4987 -8.9724
2.7317 -29.6520 -9.2056
5.0492 -29.2229 -8.9724
5.0733 -29.3748 -9.2056
7.3500 -28.7653 -8.9724
7.3859 -28.9148 -9.2056
9.6078 -28.1285 -8.9724
9.6553 -28.2748 -9.2056
11.8086 -27.3165 -8.9724
11.8675 -27.4586 -9.2056
13.9390 -26.3344 -8.9724
14.0088 -26.4714 -9.2056
15.9858 -25.1882 -8.9724
16.0661 -25.3193 -9.2056
17.9363 -23.8849 -8.9724
18.0267 -24.0093 -9.2056
19.7785 -22.4326 -8.9724
19.8784 -22.5496 -9.2056
21.5011 -20.8402 -8.9724
21.6099 -20.9490 -9.2056
23.0935 -19.1176 -8.9724
23.2104 -19.2175 -9.2056
24.5458 -17.2754 -8.9724
24.6702 -17.3658 -9.2056
25.8491 -15.3249 -8.9724
25.9802 -15.4052 -9.2056
26.9953 -13.2781 -8.9724
27.1323 -13.3479 -9.2056
27.9774 -11.1477 -8.9724
28.1195 -11.2066 -9.2056
28.7894 -8.9469 -8.9724
28.9357 -8.9944 -9.2056
29.4262 -6.6891 -8.9724
29.5757 -6.7250 -9.2056
29.8837 -4.3883 -8.9724
30.0356 -4.4124 -9.2056
30.1595 -2.0587 -8.9724
30.3129 -2.0708 -9.2056
30.3187 0.2853 9.1463
30.4189 0.2497 9.3603
30.3261 2.6105 9.3603
30.2264 2.6346 9.1463
30.0484 4.9568 9.3603
29.9501 4.9695 9.1463
29.5875 7.2741 9.3603
29.4914 7.2754 9.1463
28.9462 9.5481 9.3603
28.8532 9.5383 9.1463
28.1284 11.7647 9.3603
28.0394 11.7441 9.1463
27.1392 13.9103 9.3603
27.0551 13.8792 9.1463
25.9848 15.9718 9.3603
25.9063 15.9306 9.1463
24.6721 17.9363 9.3603
24.6001 17.8855 9.1463
23.2094 19.7917 9.3603
23.1445 19.7318 9.1463
21.6056 21.5267 9.3603
21.5485 21.4583 9.1463
19.8221 23.0543 9.1463
19.8707 23.1305 9.3603
17.9757 24.5098 9.1463
18.0152 24.5932 9.3603
16.0208 25.8160 9.1463
16.0507 25.9058 9.3603
13.9695 26.9648 9.1463
13.9893 27.0602 9.3603
11.8343 27.9492 9.1463
11.8437 28.0494 9.3603
9.6285 28.7630 9.1463
9.6270 28.8672 9.3603
7.3656 29.4012 9.1463
7.3530 29.5085 9.3603
5.0597 29.8598 9.1463
5.0358 29.9694 9.3603
2.7249 30.1362 9.1463
2.6895 30.2472 9.3603
0.3756 30.2285 9.1463
0.3286 30.3399 9.3603
-1.9738 30.1362 9.1463
-2.0322 30.2472 9.3603
-4.3086 29.8598 9.1463
-4.3785 29.9694 9.3603
-6.6145 29.4012 9.1463
-6.6958 29.5085 9.3603
-8.8774 28.7630 9.1463
-8.9698 28.8672 9.3603
-11.0832 27.9491 9.1463
-11.1864 28.0494 9.3603
-13.2183 26.9648 9.1463
-13.3321 27.0602 9.3603
-15.2697 25.8160 9.1463
-15.3935 25.9058 9.3603
-17.2246 24.5098 9.1463
-17.3580 24.5931 9.3603
-19.0709 23.0543 9.1463
-19.2134 23.1305 9.3603
-20.7974 21.4583 9.1463
-20.9484 21.5267 9.3603
-22.3934 19.7318 9.1463
-22.5522 19.7917 9.3603
-23.8489 17.8854 9.1463
-24.0149 17.9362 9.3603
-25.1551 15.9306 9.1463
-25.3275 15.9718 9.3603
-26.3039 13.8792 9.1463
-26.4820 13.9103 9.3603
-27.2883 11.7440 9.1463
-27.4711 11.7647 9.3603
-28.1021 9.5383 9.1463
-28.2889 9.5480 9.3603
-28.7402 7.2754 9.1463
-28.9302 7.2741 9.3603
-29.1989 4.9695 9.1463
-29.3912 4.9568 9.3603
-29.4753 2.6346 9.1463
-29.6689 2.6105 9.3603
-29.5676 0.2853 9.1463
-29.7616 0.2496 9.3603
-29.4753 -2.0640 9.1463
-29.6689 -2.1112 9.3603
-29.1989 -4.3988 9.1463
-29.3912 -4.4575 9.3603
-28.7402 -6.7048 9.1463
-28.9302 -6.7748 9.3603
-28.1021 -8.9676 9.1463
-28.2889 -9.0487 9.3603
-27.2883 -11.1734 9.1463
-27.4711 -11.2654 9.3603
-26.3039 -13.3086 9.1463
-26.4819 -13.4110 9.3603
-25.1551 -15.3599 9.1463
-25.3275 -15.4725 9.3603
-24.0149 -17.4369 9.3603
-23.8489 -17.3148 9.1463
-22.5522 -19.2924 9.3603
-22.3934 -19.1612 9.1463
-20.9484 -21.0273 9.3603
-20.7974 -20.8876 9.1463
-19.2134 -22.6311 9.3603
-19.0709 -22.4836 9.1463
-17.3580 -24.0938 9.3603
-17.2245 -23.9391 9.1463
-15.3935 -25.4065 9.3603
-15.2697 -25.2454 9.1463
-13.3321 -26.5609 9.3603
-13.2183 -26.3942 9.1463
-11.1864 -27.5501 9.3603
-11.0832 -27.3785 9.1463
-8.9698 -28.3679 9.3603
-8.8774 -28.1923 9.1463
-6.6958 -29.0092 9.3603
-6.6145 -28.8305 9.1463
-4.3785 -29.4700 9.3603
-4.3086 -29.2891 9.1463
-2.0322 -29.7478 9.3603
-1.9737 -29.5655 9.1463
0.3286 -29.8406 9.3603
0.3756 -29.6578 9.1463
2.6895 -29.7478 9.3603
2.7249 -29.5655 9.1463
5.0358 -29.4700 9.3603
5.0597 -29.2891 9.1463
7.3530 -29.0092 9.3603
7.3656 -28.8305 9.1463
9.6270 -28.3679 9.3603
9.6285 -28.1923 9.1463
11.8436 -27.5500 9.3603
11.8343 -27.3785 9.1463
13.9893 -26.5609 9.3603
13.9694 -26.3941 9.1463
16.0507 -25.4064 9.3603
16.0208 -25.2453 9.1463
18.0152 -24.0938 9.3603
17.9757 -23.9391 9.1463
19.8706 -22.6311 9.3603
19.8220 -22.4836 9.1463
21.6056 -21.0273 9.3603
21.5485 -20.8876 9.1463
23.2094 -19.2924 9.3603
23.1444 -19.1612 9.1463
24.6721 -17.4369 9.3603
24.6000 -17.3148 9.1463
25.9847 -15.4724 9.3603
25.9062 -15.3599 9.1463
27.1391 -13.4110 9.3603
27.0550 -13.3085 9.1463
28.1283 -11.2654 9.3603
28.0394 -11.1734 9.1463
28.9461 -9.0487 9.3603
28.8532 -8.9676 9.1463
29.5874 -6.7747 9.3603
29.4913 -6.7047 9.1463
30.0483 -4.4575 9.3603
29.9499 -4.3988 9.1463
30.3261 -2.1112 9.3603
30.2264 -2.0640 9.1463
35.5134 -0.0000 9.2486
35.6129 -0.0000 9.0902
35.5031 2.7941 9.0902
35.4040 2.7863 9.2486
35.1745 5.5711 9.0902
35.0762 5.5555 9.2486
34.6289 8.3137 9.0902
34.5322 8.2904 9.2486
33.8699 11.0050 9.0902
33.7753 10.9742 9.2486
32.9020 13.6285 9.0902
32.8101 13.5904 9.2486
31.7313 16.1679 9.0902
31.6427 16.1227 9.2486
30.3650 18.6077 9.0902
30.2802 18.5557 9.2486
28.8114 20.9327 9.0902
28.7310 20.8743 9.2486
27.0803 23.1287 9.0902
27.0046 23.0641 9.2486
25.1821 25.1821 9.0902
25.1118 25.1118 9.2486
23.1287 27.0803 9.0902
23.0641 27.0046 9.2486
20.9327 28.8114 9.0902
20.8743 28.7310 9.2486
18.6077 30.3650 9.0902
18.5557 30.2802 9.2486
16.1679 31.7313 9.0902
16.1227 31.6427 9.2486
13.6285 32.9020 9.0902
13.5904 32.8101 9.2486
11.0050 33.8699 9.0902
10.9742 33.7753 9.2486
8.3136 34.6289 9.0902
8.2904 34.5322 9.2486
5.5711 35.1744 9.0902
5.5555 35.0762 9.2486
2.7941 35.5031 9.0902
2.7863 35.4039 9.2486
-0.0000 35.6129 9.0902
-0.0000 35.5134 9.2486
-2.7942 35.5031 9.0902
-2.7864 35.4039 9.2486
-5.5711 35.1744 9.0902
-5.5556 35.0762 9.2486
-8.3137 34.6289 9.0902
-8.2905 34.5322 9.2486
-11.0050 33.8699 9.0902
-10.9743 33.7753 9.2486
-13.6285 32.9020 9.0902
-13.5904 32.8101 9.2486
-16.1680 31.7313 9.0902
-16.1228 31.6427 9.2486
-18.6077 30.3650 9.0902
-18.5557 30.2801 9.2486
-20.9328 28.8114 9.0902
-20.8743 28.7309 9.2486
-23.1288 27.0802 9.0902
-23.0641 27.0046 9.2486
-25.1822 25.1821 9.0902
-25.1118 25.1118 9.2486
-27.0803 23.1287 9.0902
-27.0046 23.0641 9.2486
-28.8115 20.9327 9.0902
-28.7310 20.8742 9.2486
-30.3650 18.6077 9.0902
-30.2802 18.5557 9.2486
-31.7314 16.1679 9.0902
-31.6427 16.1227 9.2486
-32.9021 13.6284 9.0902
-32.8101 13.5904 9.2486
-33.8699 11.0050 9.0902
-33.7753 10.9742 9.2486
-34.6289 8.3136 9.0902
-34.5322 8.2904 9.2486
-35.1745 5.5711 9.0902
-35.0762 5.5555 9.2486
-35.5031 2.7941 9.0902
-35.4040 2.7863 9.2486
-35.6129 -0.0000 9.0902
-35.5134 -0.0000 9.2486
-35.5031 -2.7942 9.0902
-35.4040 -2.7864 9.2486
-35.1745 -5.5711 9.0902
-35.0762 -5.5555 9.2486
-34.6289 -8.3137 9.0902
-34.5322 -8.2905 9.2486
-33.8699 -11.0050 9.0902
-33.7753 -10.9743 9.2486
-32.9020 -13.6285 9.0902
-32.8101 -13.5904 9.2486
-31.7313 -16.1679 9.0902
-31.6427 -16.1228 9.2486
-30.3650 -18.6077 9.0902
-30.2802 -18.5557 9.2486
-28.8115 -20.9328 9.0902
-28.7310 -20.8743 9.2486
-27.0803 -23.1288 9.0902
-27.0046 -23.0641 9.2486
-25.1821 -25.1821 9.0902
-25.1118 -25.1118 9.2486
-23.1287 -27.0803 9.0902
-23.0641 -27.0046 9.2486
-20.9327 -28.8115 9.0902
-20.8743 -28.7310 9.2486
-18.6077 -30.3650 9.0902
-18.5557 -30.2802 9.2486
-16.1679 -31.7313 9.0902
-16.1228 -31.6427 9.2486
-13.6285 -32.9020 9.0902
-13.5904 -32.8101 9.2486
-11.0050 -33.8699 9.0902
-10.9743 -33.7753 9.2486
-8.3137 -34.6289 9.0902
-8.2905 -34.5322 9.2486
-5.5711 -35.1745 9.0902
-5.5555 -35.0762 9.2486
-2.7942 -35.5031 9.0902
-2.7864 -35.4039 9.2486
-0.0000 -35.6129 9.0902
-0.0000 -35.5134 9.2486
2.7941 -35.5031 9.0902
2.7863 -35.4039 9.2486
5.5711 -35.1744 9.0902
5.5555 -35.0762 9.2486
8.3136 -34.6289 9.0902
8.2904 -34.5322 9.2486
11.0050 -33.8699 9.0902
10.9742 -33.7752 9.2486
13.6284 -32.9020 9.0902
13.5904 -32.8101 9.2486
16.1679 -31.7313 9.0902
16.1227 -31.6427 9.2486
18.6077 -30.3650 9.0902
18.5557 -30.2801 9.2486
20.9327 -28.8114 9.0902
20.8742 -28.7309 9.2486
23.1287 -27.0803 9.0902
23.0641 -27.0046 9.2486
25.1821 -25.1821 9.0902
25.1117 -25.1118 9.2486
27.0802 -23.1287 9.0902
27.0046 -23.0641 9.2486
28.8114 -20.9327 9.0902
28.7309 -20.8742 9.2486
30.3649 -18.6077 9.0902
30.2801 -18.5557 9.2486
31.7313 -16.1679 9.0902
31.6426 -16.1227 9.2486
32.9020 -13.6285 9.0902
32.8101 -13.5904 9.2486
33.8698 -11.0050 9.0902
33.7752 -10.9742 9.2486
34.6288 -8.3137 9.0902
34.5321 -8.2904 9.2486
35.1744 -5.5711 9.0902
35.0761 -5.5555 9.2486
35.5030 -2.7942 9.0902
35.4039 -2.7864 9.2486
35.4090 2.7867 -9.2223
35.5185 -0.0000 -9.2223
35.3908 0.0356 -9.3672
35.2818 2.8087 -9.3672
35.0812 5.5563 -9.2223
34.9556 5.5646 -9.3672
34.5371 8.2916 -9.2223
34.4142 8.2865 -9.3672
33.7801 10.9758 -9.2223
33.6609 10.9575 -9.3672
32.8148 13.5923 -9.2223
32.7004 13.5611 -9.3672
31.6472 16.1250 -9.2223
31.5385 16.0814 -9.3672
30.2845 18.5584 -9.2223
30.1825 18.5028 -9.3672
28.6407 20.8102 -9.3672
28.7351 20.8772 -9.2223
26.9226 22.9896 -9.3672
27.0085 23.0674 -9.2223
25.0388 25.0275 -9.3672
25.1154 25.1154 -9.2223
23.0009 26.9113 -9.3672
23.0674 27.0085 -9.2223
20.8215 28.6294 -9.3672
20.8772 28.7351 -9.2223
18.5140 30.1712 -9.3672
18.5583 30.2845 -9.2223
16.0927 31.5272 -9.3672
16.1250 31.6472 -9.2223
13.5724 32.6891 -9.3672
13.5923 32.8148 -9.2223
10.9688 33.6496 -9.3672
10.9758 33.7801 -9.2223
8.2978 34.4029 -9.3672
8.2916 34.5371 -9.2223
5.5759 34.9443 -9.3672
5.5563 35.0812 -9.2223
2.8200 35.2705 -9.3672
2.7867 35.4090 -9.2223
0.0469 35.3795 -9.3672
-0.0000 35.5185 -9.2223
-2.7261 35.2705 -9.3672
-2.7868 35.4090 -9.2223
-5.4821 34.9443 -9.3672
-5.5563 35.0812 -9.2223
-8.2039 34.4029 -9.3672
-8.2917 34.5371 -9.2223
-10.8749 33.6496 -9.3672
-10.9758 33.7801 -9.2223
-13.4786 32.6891 -9.3672
-13.5924 32.8148 -9.2223
-15.9988 31.5272 -9.3672
-16.1251 31.6472 -9.2223
-18.4202 30.1712 -9.3672
-18.5584 30.2845 -9.2223
-20.7276 28.6294 -9.3672
-20.8773 28.7350 -9.2223
-22.9071 26.9113 -9.3672
-23.0674 27.0084 -9.2223
-24.9449 25.0275 -9.3672
-25.1154 25.1153 -9.2223
-26.8287 22.9896 -9.3672
-27.0085 23.0674 -9.2223
-28.5468 20.8102 -9.3672
-28.7351 20.8772 -9.2223
-30.0886 18.5027 -9.3672
-30.2845 18.5583 -9.2223
-31.4446 16.0814 -9.3672
-31.6472 16.1250 -9.2223
-32.6065 13.5611 -9.3672
-32.8148 13.5923 -9.2223
-33.5670 10.9575 -9.3672
-33.7801 10.9758 -9.2223
-34.3203 8.2865 -9.3672
-34.5371 8.2916 -9.2223
-34.8617 5.5646 -9.3672
-35.0812 5.5563 -9.2223
-35.1879 2.8087 -9.3672
-35.4090 2.7867 -9.2223
-35.2969 0.0356 -9.3672
-35.5185 -0.0000 -9.2223
-35.1879 -2.7374 -9.3672
-35.4090 -2.7868 -9.2223
-34.8617 -5.4933 -9.3672
-35.0812 -5.5563 -9.2223
-34.3203 -8.2152 -9.3672
-34.5371 -8.2917 -9.2223
-33.5670 -10.8862 -9.3672
-33.7801 -10.9758 -9.2223
-32.6065 -13.4898 -9.3672
-32.8148 -13.5924 -9.2223
-31.4446 -16.0101 -9.3672
-31.6472 -16.1251 -9.2223
-30.0886 -18.4314 -9.3672
-30.2845 -18.5584 -9.2223
-28.5468 -20.7389 -9.3672
-28.7351 -20.8773 -9.2223
-26.8287 -22.9183 -9.3672
-27.0085 -23.0674 -9.2223
-24.9449 -24.9562 -9.3672
-25.1154 -25.1154 -9.2223
-23.0674 -27.0085 -9.2223
-22.9070 -26.8400 -9.3672
-20.8772 -28.7351 -9.2223
-20.7276 -28.5581 -9.3672
-18.5584 -30.2845 -9.2223
-18.4201 -30.0999 -9.3672
-16.1251 -31.6472 -9.2223
-15.9988 -31.4559 -9.3672
-13.5923 -32.8148 -9.2223
-13.4786 -32.6178 -9.3672
-10.9758 -33.7801 -9.2223
-10.8749 -33.5783 -9.3672
-8.2916 -34.5371 -9.2223
-8.2039 -34.3316 -9.3672
-5.5563 -35.0812 -9.2223
-5.4821 -34.8730 -9.3672
-2.7868 -35.4090 -9.2223
-2.7261 -35.1992 -9.3672
-0.0000 -35.5185 -9.2223
0.0469 -35.3081 -9.3672
2.7867 -35.4090 -9.2223
2.8200 -35.1992 -9.3672
5.5563 -35.0812 -9.2223
5.5759 -34.8730 -9.3672
8.2916 -34.5371 -9.2223
8.2978 -34.3316 -9.3672
10.9758 -33.7801 -9.2223
10.9688 -33.5783 -9.3672
13.5923 -32.8148 -9.2223
13.5724 -32.6177 -9.3672
16.1250 -31.6472 -9.2223
16.0927 -31.4559 -9.3672
18.5583 -30.2845 -9.2223
18.5140 -30.0999 -9.3672
20.8772 -28.7350 -9.2223
20.8215 -28.5581 -9.3672
23.0674 -27.0085 -9.2223
23.0009 -26.8400 -9.3672
25.1153 -25.1153 -9.2223
25.0387 -24.9562 -9.3672
27.0084 -23.0674 -9.2223
26.9225 -22.9183 -9.3672
28.7350 -20.8772 -9.2223
28.6406 -20.7389 -9.3672
30.2844 -18.5583 -9.2223
30.1824 -18.4314 -9.3672
31.6471 -16.1250 -9.2223
31.5385 -16.0101 -9.3672
32.8147 -13.5923 -9.2223
32.7003 -13.4898 -9.3672
33.7800 -10.9758 -9.2223
33.6608 -10.8862 -9.3672
34.5370 -8.2916 -9.2223
34.4141 -8.2152 -9.3672
35.0811 -5.5563 -9.2223
34.9555 -5.4933 -9.3672
35.4089 -2.7868 -9.2223
35.2817 -2.7374 -9.3672
19.7785 -22.4326 -0.0000
19.7785 -22.4326 2.3398
21.5011 -20.8402 2.3398
21.5011 -20.8402 -0.0000
23.0935 -19.1176 2.3398
23.0935 -19.1176 -0.0000
24.5458 -17.2754 2.3398
24.5458 -17.2754 -0.0000
25.8491 -15.3249 2.3398
25.8491 -15.3249 -0.0000
26.9953 -13.2781 2.3398
26.9953 -13.2781 -0.0000
27.9774 -11.1477 2.3398
27.9774 -11.1477 -0.0000
28.7894 -8.9469 2.3398
28.7894 -8.9469 -0.0000
29.4262 -6.6891 2.3398
29.4262 -6.6891 -0.0000
29.8837 -4.3883 2.3398
29.8837 -4.3883 -0.0000
30.1595 -2.0587 2.3398
30.1595 -2.0587 0.0000
30.2517 0.2853 2.3398
30.2517 0.2853 0.0000
30.1596 2.6294 2.3398
30.1596 2.6294 0.0000
29.8839 4.9590 2.3398
29.8839 4.9590 0.0000
29.4262 7.2598 2.3398
29.4262 7.2598 0.0000
28.7895 9.5176 2.3398
28.7895 9.5176 0.0000
27.9775 11.7184 2.3398
27.9775 11.7184 0.0000
26.9953 13.8488 2.3398
26.9953 13.8488 0.0000
25.8491 15.8956 2.3398
25.8491 15.8956 0.0000
24.5458 17.8461 2.3398
24.5458 17.8461 0.0000
23.0936 19.6883 2.3398
23.0936 19.6883 0.0000
21.5012 21.4109 2.3398
21.5012 21.4109 0.0000
19.7785 23.0033 2.3398
19.7785 23.0033 0.0000
17.9363 24.4556 2.3398
17.9363 24.4556 0.0000
15.9858 25.7589 2.3398
15.9858 25.7589 0.0000
13.9390 26.9051 2.3398
13.9390 26.9051 0.0000
11.8087 27.8873 2.3398
11.8087 27.8873 0.0000
9.6078 28.6992 2.3398
9.6078 28.6992 0.0000
7.3500 29.3360 2.3398
7.3500 29.3360 0.0000
5.0492 29.7936 2.3398
5.0492 29.7936 0.0000
2.7196 30.0693 2.3398
2.7196 30.0693 0.0000
0.3756 30.1614 2.3398
0.3756 30.1614 0.0000
-1.9685 30.0693 2.3398
-1.9685 30.0693 0.0000
-4.2981 29.7936 2.3398
-4.2981 29.7936 0.0000
-6.5989 29.3360 2.3398
-6.5989 29.3360 0.0000
-8.8567 28.6992 2.3398
-8.8567 28.6992 0.0000
-11.0575 27.8872 2.3398
-11.0575 27.8872 0.0000
-13.1879 26.9051 2.3398
-13.1879 26.9051 0.0000
-15.2347 25.7589 2.3398
-15.2347 25.7589 0.0000
-17.1852 24.4556 2.3398
-17.1852 24.4556 0.0000
-19.0274 23.0033 2.3398
-19.0274 23.0033 0.0000
-20.7500 21.4109 2.3398
-20.7500 21.4109 0.0000
-22.3424 19.6883 2.3398
-22.3424 19.6883 0.0000
-23.7947 17.8460 2.3398
-23.7947 17.8460 0.0000
-25.0980 15.8955 2.3398
-25.0980 15.8955 0.0000
-26.2442 13.8488 2.3398
-26.2442 13.8488 0.0000
-27.2263 11.7184 2.3398
-27.2263 11.7184 0.0000
-28.0383 9.5175 2.3398
-28.0383 9.5175 0.0000
-28.6751 7.2598 2.3398
-28.6751 7.2598 0.0000
-29.1327 4.9590 2.3398
-29.1327 4.9590 0.0000
-29.4084 2.6294 2.3398
-29.4084 2.6294 0.0000
-29.5005 0.2853 2.3398
-29.5005 0.2853 0.0000
-29.4084 -2.0587 2.3398
-29.4084 -2.0587 0.0000
-29.1327 -4.3883 2.3398
-29.1327 -4.3883 -0.0000
-28.6751 -6.6891 2.3398
-28.6751 -6.6891 -0.0000
-28.0383 -8.9469 2.3398
-28.0383 -8.9469 -0.0000
-27.2263 -11.1478 2.3398
-27.2263 -11.1478 -0.0000
-26.2442 -13.2781 2.3398
-26.2442 -13.2781 -0.0000
-25.0980 -15.3249 2.3398
-25.0980 -15.3249 -0.0000
-23.7947 -17.2754 2.3398
-23.7947 -17.2754 -0.0000
-22.3424 -19.1176 2.3398
-22.3424 -19.1176 -0.0000
-20.7500 -20.8403 2.3398
-20.7500 -20.8403 -0.0000
-19.0274 -22.4326 2.3398
-19.0274 -22.4326 -0.0000
-17.1851 -23.8849 2.3398
-17.1851 -23.8849 -0.0000
-15.2346 -25.1882 2.3398
-15.2346 -25.1882 -0.0000
-13.1879 -26.3344 2.3398
-13.1879 -26.3344 -0.0000
-11.0575 -27.3166 2.3398
-11.0575 -27.3166 -0.0000
-8.8567 -28.1285 2.3398
-8.8567 -28.1285 -0.0000
-6.5989 -28.7653 2.3398
-6.5989 -28.7653 -0.0000
-4.2981 -29.2229 2.3398
-4.2981 -29.2229 -0.0000
-1.9685 -29.4987 2.3398
-1.9685 -29.4987 -0.0000
0.3756 -29.5908 2.3398
0.3756 -29.5908 -0.0000
2.7196 -29.4987 2.3398
2.7196 -29.4987 -0.0000
5.0492 -29.2229 2.3398
5.0492 -29.2229 -0.0000
7.3500 -28.7653 2.3398
7.3500 -28.7653 -0.0000
9.6078 -28.1285 2.3398
9.6078 -28.1285 -0.0000
11.8086 -27.3165 2.3398
11.8086 -27.3165 -0.0000
13.9390 -26.3344 2.3398
13.9390 -26.3344 -0.0000
15.9858 -25.1882 2.3398
15.9858 -25.1882 -0.0000
17.9363 -23.8849 2.3398
17.9363 -23.8849 -0.0000
19.7785 -22.4326 4.6796
19.7785 -22.4326 7.0194
21.5011 -20.8402 7.0194
21.5011 -20.8402 4.6796
23.0935 -19.1176 7.0194
23.0935 -19.1176 4.6796
24.5458 -17.2754 7.0194
24.5458 -17.2754 4.6796
25.8491 -15.3249 7.0194
25.8491 -15.3249 4.6796
26.9953 -13.2781 7.0194
26.9953 -13.2781 4.6796
27.9774 -11.1477 7.0194
27.9774 -11.1477 4.6796
28.7894 -8.9469 7.0194
28.7894 -8.9469 4.6796
29.4262 -6.6891 7.0194
29.4262 -6.6891 4.6796
29.8837 -4.3883 7.0194
29.8837 -4.3883 4.6796
30.1595 -2.0587 7.0194
30.1595 -2.0587 4.6796
30.2517 0.2853 7.0194
30.2517 0.2853 4.6796
30.1596 2.6294 7.0194
30.1596 2.6294 4.6796
29.8839 4.9590 7.0194
29.8839 4.9590 4.6796
29.4262 7.2598 7.0194
29.4262 7.2598 4.6796
28.7895 9.5176 7.0194
28.7895 9.5176 4.6796
27.9775 11.7184 7.0194
27.9775 11.7184 4.6796
26.9953 13.8488 7.0194
26.9953 13.8488 4.6796
25.8491 15.8956 7.0194
25.8491 15.8956 4.6796
24.5458 17.8461 7.0194
24.5458 17.8461 4.6796
23.0936 19.6883 7.0194
23.0936 19.6883 4.6796
21.5012 21.4109 7.0194
21.5012 21.4109 4.6796
19.7785 23.0033 7.0194
19.7785 23.0033 4.6796
17.9363 24.4556 7.0194
17.9363 24.4556 4.6796
15.9858 25.7589 7.0194
15.9858 25.7589 4.6796
13.9390 26.9051 7.0194
13.9390 26.9051 4.6796
11.8087 27.8873 7.0194
11.8087 27.8873 4.6796
9.6078 28.6992 7.0194
9.6078 28.6992 4.6796
7.3500 29.3360 7.0194
7.3500 29.3360 4.6796
5.0492 29.7936 7.0194
5.0492 29.7936 4.6796
2.7196 30.0693 7.0194
2.7196 30.0693 4.6796
0.3756 30.1614 7.0194
0.3756 30.1614 4.6796
-1.9685 30.0693 7.0194
-1.9685 30.0693 4.6796
-4.2981 29.7936 7.0194
-4.2981 29.7936 4.6796
-6.5989 29.3360 7.0194
-6.5989 29.3360 4.6796
-8.8567 28.6992 7.0194
-8.8567 28.6992 4.6796
-11.0575 27.8872 7.0194
-11.0575 27.8872 4.6796
-13.1879 26.9051 7.0194
-13.1879 26.9051 4.6796
-15.2347 25.7589 7.0194
-15.2347 25.7589 4.6796
-17.1852 24.4556 7.0194
-17.1852 24.4556 4.6796
-19.0274 23.0033 7.0194
-19.0274 23.0033 4.6796
-20.7500 21.4109 7.0194
-20.7500 21.4109 4.6796
-22.3424 19.6883 7.0194
-22.3424 19.6883 4.6796
-23.7947 17.8460 7.0194
-23.7947 17.8460 4.6796
-25.0980 15.8955 7.0194
-25.0980 15.8955 4.6796
-26.2442 13.8488 7.0194
-26.2442 13.8488 4.6796
-27.2263 11.7184 7.0194
-27.2263 11.7184 4.6796
-28.0383 9.5175 7.0194
-28.0383 9.5175 4.6796
-28.6751 7.2598 7.0194
-28.6751 7.2598 4.6796
-29.1327 4.9590 7.0194
-29.1327 4.9590 4.6796
-29.4084 2.6294 7.0194
-29.4084 2.6294 4.6796
-29.5005 0.2853 7.0194
-29.5005 0.2853 4.6796
-29.4084 -2.0587 7.0194
-29.4084 -2.0587 4.6796
-29.1327 -4.3883 7.0194
-29.1327 -4.3883 4.6796
-28.6751 -6.6891 7.0194
-28.6751 -6.6891 4.6796
-28.0383 -8.9469 7.0194
-28.0383 -8.9469 4.6796
-27.2263 -11.1478 7.0194
-27.2263 -11.1478 4.6796
-26.2442 -13.2781 7.0194
-26.2442 -13.2781 4.6796
-25.0980 -15.3249 7.0194
-25.0980 -15.3249 4.6796
-23.7947 -17.2754 7.0194
-23.7947 -17.2754 4.6796
-22.3424 -19.1176 7.0194
-22.3424 -19.1176 4.6796
-20.7500 -20.8403 7.0194
-20.7500 -20.8403 4.6796
-19.0274 -22.4326 7.0194
-19.0274 -22.4326 4.6796
-17.1851 -23.8849 7.0194
-17.1851 -23.8849 4.6796
-15.2346 -25.1882 7.0194
-15.2346 -25.1882 4.6796
-13.1879 -26.3344 7.0194
-13.1879 -26.3344 4.6796
-11.0575 -27.3166 7.0194
-11.0575 -27.3166 4.6796
-8.8567 -28.1285 7.0194
-8.8567 -28.1285 4.6796
-6.5989 -28.7653 7.0194
-6.5989 -28.7653 4.6796
-4.2981 -29.2229 7.0194
-4.2981 -29.2229 4.6796
-1.9685 -29.4987 7.0194
-1.9685 -29.4987 4.6796
0.3756 -29.5908 7.0194
0.3756 -29.5908 4.6796
2.7196 -29.4987 7.0194
2.7196 -29.4987 4.6796
5.0492 -29.2229 7.0194
5.0492 -29.2229 4.6796
7.3500 -28.7653 7.0194
7.3500 -28.7653 4.6796
9.6078 -28.1285 7.0194
9.6078 -28.1285 4.6796
11.8086 -27.3165 7.0194
11.8086 -27.3165 4.6796
13.9390 -26.3344 7.0194
13.9390 -26.3344 4.6796
15.9858 -25.1882 7.0194
15.9858 -25.1882 4.6796
17.9363 -23.8849 7.0194
17.9363 -23.8849 4.6796
19.7785 -22.4326 -4.6796
19.7785 -22.4326 -2.3398
21.5011 -20.8402 -2.3398
21.5011 -20.8402 -4.6796
23.0935 -19.1176 -2.3398
23.0935 -19.1176 -4.6796
24.5458 -17.2754 -2.3398
24.5458 -17.2754 -4.6796
25.8491 -15.3249 -2.3398
25.8491 -15.3249 -4.6796
26.9953 -13.2781 -2.3398
26.9953 -13.2781 -4.6796
27.9774 -11.1477 -2.3398
27.9774 -11.1477 -4.6796
28.7894 -8.9469 -2.3398
28.7894 -8.9469 -4.6796
29.4262 -6.6891 -2.3398
29.4262 -6.6891 -4.6796
29.8837 -4.3883 -2.3398
29.8837 -4.3883 -4.6796
30.1595 -2.0587 -2.3398
30.1595 -2.0587 -4.6796
30.2517 0.2853 -2.3398
30.2517 0.2853 -4.6796
30.1596 2.6294 -2.3398
30.1596 2.6294 -4.6796
29.8839 4.9590 -2.3398
29.8839 4.9590 -4.6796
29.4262 7.2598 -2.3398
29.4262 7.2598 -4.6796
28.7895 9.5176 -2.3398
28.7895 9.5176 -4.6796
27.9775 11.7184 -2.3398
27.9775 11.7184 -4.6796
26.9953 13.8488 -2.3398
26.9953 13.8488 -4.6796
25.8491 15.8956 -2.3398
25.8491 15.8956 -4.6796
24.5458 17.8461 -2.3398
24.5458 17.8461 -4.6796
23.0936 19.6883 -2.3398
23.0936 19.6883 -4.6796
21.5012 21.4109 -2.3398
21.5012 21.4109 -4.6796
19.7785 23.0033 -2.3398
19.7785 23.0033 -4.6796
17.9363 24.4556 -2.3398
17.9363 24.4556 -4.6796
15.9858 25.7589 -2.3398
15.9858 25.7589 -4.6796
13.9390 26.9051 -2.3398
13.9390 26.9051 -4.6796
11.8087 27.8873 -2.3398
11.8087 27.8873 -4.6796
9.6078 28.6992 -2.3398
9.6078 28.6992 -4.6796
7.3500 29.3360 -2.3398
7.3500 29.3360 -4.6796
5.0492 29.7936 -2.3398
5.0492 29.7936 -4.6796
2.7196 30.0693 -2.3398
2.7196 30.0693 -4.6796
0.3756 30.1614 -2.3398
0.3756 30.1614 -4.6796
-1.9685 30.0693 -2.3398
-1.9685 30.0693 -4.6796
-4.2981 29.7936 -2.3398
-4.2981 29.7936 -4.6796
-6.5989 29.3360 -2.3398
-6.5989 29.3360 -4.6796
-8.8567 28.6992 -2.3398
-8.8567 28.6992 -4.6796
-11.0575 27.8872 -2.3398
-11.0575 27.8872 -4.6796
-13.1879 26.9051 -2.3398
-13.1879 26.9051 -4.6796
-15.2347 25.7589 -2.3398
-15.2347 25.7589 -4.6796
-17.1852 24.4556 -2.3398
-17.1852 24.4556 -4.6796
-19.0274 23.0033 -2.3398
-19.0274 23.0033 -4.6796
-20.7500 21.4109 -2.3398
-20.7500 21.4109 -4.6796
-22.3424 19.6883 -2.3398
-22.3424 19.6883 -4.6796
-23.7947 17.8460 -2.3398
-23.7947 17.8460 -4.6796
-25.0980 15.8955 -2.3398
-25.0980 15.8955 -4.6796
-26.2442 13.8488 -2.3398
-26.2442 13.8488 -4.6796
-27.2263 11.7184 -2.3398
-27.2263 11.7184 -4.6796
-28.0383 9.5175 -2.3398
-28.0383 9.5175 -4.6796
-28.6751 7.2598 -2.3398
-28.6751 7.2598 -4.6796
-29.1327 4.9590 -2.3398
-29.1327 4.9590 -4.6796
-29.4084 2.6294 -2.3398
-29.4084 2.6294 -4.6796
-29.5005 0.2853 -2.3398
-29.5005 0.2853 -4.6796
-29.4084 -2.0587 -2.3398
-29.4084 -2.0587 -4.6796
-29.1327 -4.3883 -2.3398
-29.1327 -4.3883 -4.6796
-28.6751 -6.6891 -2.3398
-28.6751 -6.6891 -4.6796
-28.0383 -8.9469 -2.3398
-28.0383 -8.9469 -4.6796
-27.2263 -11.1478 -2.3398
-27.2263 -11.1478 -4.6796
-26.2442 -13.2781 -2.3398
-26.2442 -13.2781 -4.6796
-25.0980 -15.3249 -2.3398
-25.0980 -15.3249 -4.6796
-23.7947 -17.2754 -2.3398
-23.7947 -17.2754 -4.6796
-22.3424 -19.1176 -2.3398
-22.3424 -19.1176 -4.6796
-20.7500 -20.8403 -2.3398
-20.7500 -20.8403 -4.6796
-19.0274 -22.4326 -2.3398
-19.0274 -22.4326 -4.6796
-17.1851 -23.8849 -2.3398
-17.1851 -23.8849 -4.6796
-15.2346 -25.1882 -2.3398
-15.2346 -25.1882 -4.6796
-13.1879 -26.3344 -2.3398
-13.1879 -26.3344 -4.6796
-11.0575 -27.3166 -2.3398
-11.0575 -27.3166 -4.6796
-8.8567 -28.1285 -2.3398
-8.8567 -28.1285 -4.6796
-6.5989 -28.7653 -2.3398
-6.5989 -28.7653 -4.6796
-4.2981 -29.2229 -2.3398
-4.2981 -29.2229 -4.6796
-1.9685 -29.4987 -2.3398
-1.9685 -29.4987 -4.6796
0.3756 -29.5908 -2.3398
0.3756 -29.5908 -4.6796
2.7196 -29.4987 -2.3398
2.7196 -29.4987 -4.6796
5.0492 -29.2229 -2.3398
5.0492 -29.2229 -4.6796
7.3500 -28.7653 -2.3398
7.3500 -28.7653 -4.6796
9.6078 -28.1285 -2.3398
9.6078 -28.1285 -4.6796
11.8086 -27.3165 -2.3398
11.8086 -27.3165 -4.6796
13.9390 -26.3344 -2.3398
13.9390 -26.3344 -4.6796
15.9858 -25.1882 -2.3398
15.9858 -25.1882 -4.6796
17.9363 -23.8849 -2.3398
17.9363 -23.8849 -4.6796
19.7785 -22.4326 8.1893
21.5011 -20.8402 8.1893
23.0935 -19.1176 8.1893
24.5458 -17.2754 8.1893
25.8491 -15.3249 8.1893
26.9953 -13.2781 8.1893
27.9774 -11.1477 8.1893
28.7894 -8.9469 8.1893
29.4262 -6.6891 8.1893
29.8837 -4.3883 8.1893
30.1595 -2.0587 8.1893
30.2517 0.2853 8.1893
30.1596 2.6294 8.1893
29.8839 4.9590 8.1893
29.4262 7.2598 8.1893
28.7895 9.5176 8.1893
27.9775 11.7184 8.1893
26.9953 13.8488 8.1893
25.8491 15.8956 8.1893
24.5458 17.8461 8.1893
23.0936 19.6883 8.1893
21.5012 21.4109 8.1893
19.7785 23.0033 8.1893
17.9363 24.4556 8.1893
15.9858 25.7589 8.1893
13.9390 26.9051 8.1893
11.8087 27.8873 8.1893
9.6078 28.6992 8.1893
7.3500 29.3360 8.1893
5.0492 29.7936 8.1893
2.7196 30.0693 8.1893
0.3756 30.1614 8.1893
-1.9685 30.0693 8.1893
-4.2981 29.7936 8.1893
-6.5989 29.3360 8.1893
-8.8567 28.6992 8.1893
-11.0575 27.8872 8.1893
-13.1879 26.9051 8.1893
-15.2347 25.7589 8.1893
-17.1852 24.4556 8.1893
-19.0274 23.0033 8.1893
-20.7500 21.4109 8.1893
-22.3424 19.6883 8.1893
-23.7947 17.8460 8.1893
-25.0980 15.8955 8.1893
-26.2442 13.8488 8.1893
-27.2263 11.7184 8.1893
-28.0383 9.5175 8.1893
-28.6751 7.2598 8.1893
-29.1327 4.9590 8.1893
-29.4084 2.6294 8.1893
-29.5005 0.2853 8.1893
-29.4084 -2.0587 8.1893
-29.1327 -4.3883 8.1893
-28.6751 -6.6891 8.1893
-28.0383 -8.9469 8.1893
-27.2263 -11.1478 8.1893
-26.2442 -13.2781 8.1893
-25.0980 -15.3249 8.1893
-23.7947 -17.2754 8.1893
-22.3424 -19.1176 8.1893
-20.7500 -20.8403 8.1893
-19.0274 -22.4326 8.1893
-17.1851 -23.8849 8.1893
-15.2346 -25.1882 8.1893
-13.1879 -26.3344 8.1893
-11.0575 -27.3166 8.1893
-8.8567 -28.1285 8.1893
-6.5989 -28.7653 8.1893
-4.2981 -29.2229 8.1893
-1.9685 -29.4987 8.1893
0.3756 -29.5908 8.1893
2.7196 -29.4987 8.1893
5.0492 -29.2229 8.1893
7.3500 -28.7653 8.1893
9.6078 -28.1285 8.1893
11.8086 -27.3165 8.1893
13.9390 -26.3344 8.1893
15.9858 -25.1882 8.1893
17.9363 -23.8849 8.1893
19.7785 -22.4326 -7.0194
21.5011 -20.8402 -7.0194
23.0935 -19.1176 -7.0194
24.5458 -17.2754 -7.0194
25.8491 -15.3249 -7.0194
26.9953 -13.2781 -7.0194
27.9774 -11.1477 -7.0194
28.7894 -8.9469 -7.0194
29.4262 -6.6891 -7.0194
29.8837 -4.3883 -7.0194
30.1595 -2.0587 -7.0194
30.2517 0.2853 -7.0194
30.1596 2.6294 -7.0194
29.8839 4.9590 -7.0194
29.4262 7.2598 -7.0194
28.7895 9.5176 -7.0194
27.9775 11.7184 -7.0194
26.9953 13.8488 -7.0194
25.8491 15.8956 -7.0194
24.5458 17.8461 -7.0194
23.0936 19.6883 -7.0194
21.5012 21.4109 -7.0194
19.7785 23.0033 -7.0194
17.9363 24.4556 -7.0194
15.9858 25.7589 -7.0194
13.9390 26.9051 -7.0194
11.8087 27.8873 -7.0194
9.6078 28.6992 -7.0194
7.3500 29.3360 -7.0194
5.0492 29.7936 -7.0194
2.7196 30.0693 -7.0194
0.3756 30.1614 -7.0194
-1.9685 30.0693 -7.0194
-4.2981 29.7936 -7.0194
-6.5989 29.3360 -7.0194
-8.8567 28.6992 -7.0194
-11.0575 27.8872 -7.0194
-13.1879 26.9051 -7.0194
-15.2347 25.7589 -7.0194
-17.1852 24.4556 -7.0194
-19.0274 23.0033 -7.0194
-20.7500 21.4109 -7.0194
-22.3424 19.6883 -7.0194
-23.7947 17.8460 -7.0194
-25.0980 15.8955 -7.0194
-26.2442 13.8488 -7.0194
-27.2263 11.7184 -7.0194
-28.0383 9.5175 -7.0194
-28.6751 7.2598 -7.0194
-29.1327 4.9590 -7.0194
-29.4084 2.6294 -7.0194
-29.5005 0.2853 -7.0194
-29.4084 -2.0587 -7.0194
-29.1327 -4.3883 -7.0194
-28.6751 -6.6891 -7.0194
-28.0383 -8.9469 -7.0194
-27.2263 -11.1478 -7.0194
-26.2442 -13.2781 -7.0194
-25.0980 -15.3249 -7.0194
-23.7947 -17.2754 -7.0194
-22.3424 -19.1176 -7.0194
-20.7500 -20.8403 -7.0194
-19.0274 -22.4326 -7.0194
-17.1851 -23.8849 -7.0194
-15.2346 -25.1882 -7.0194
-13.1879 -26.3344 -7.0194
-11.0575 -27.3166 -7.0194
-8.8567 -28.1285 -7.0194
-6.5989 -28.7653 -7.0194
-4.2981 -29.2229 -7.0194
-1.9685 -29.4987 -7.0194
0.3756 -29.5908 -7.0194
2.7196 -29.4987 -7.0194
5.0492 -29.2229 -7.0194
7.3500 -28.7653 -7.0194
9.6078 -28.1285 -7.0194
11.8086 -27.3165 -7.0194
13.9390 -26.3344 -7.0194
15.9858 -25.1882 -7.0194
17.9363 -23.8849 -7.0194
34.6289 8.3137 0.0000
34.6289 8.3137 -2.3421
33.8699 11.0050 -2.3421
33.8699 11.0050 0.0000
32.9020 13.6285 -2.3421
32.9020 13.6285 0.0000
31.7313 16.1679 -2.3421
31.7313 16.1679 0.0000
30.3650 18.6077 -2.3421
30.3650 18.6077 0.0000
28.8114 20.9327 -2.3421
28.8114 20.9327 0.0000
27.0803 23.1287 -2.3421
27.0803 23.1287 0.0000
25.1821 25.1821 -2.3421
25.1821 25.1821 0.0000
23.1287 27.0803 -2.3421
23.1287 27.0803 0.0000
20.9327 28.8114 -2.3421
20.9327 28.8114 0.0000
18.6077 30.3650 -2.3421
18.6077 30.3650 0.0000
16.1679 31.7313 -2.3421
16.1679 31.7313 0.0000
13.6285 32.9020 -2.3421
13.6285 32.9020 0.0000
11.0050 33.8699 -2.3421
11.0050 33.8699 0.0000
8.3136 34.6289 -2.3421
8.3136 34.6289 0.0000
5.5711 35.1744 -2.3421
5.5711 35.1744 0.0000
2.7941 35.5031 -2.3421
2.7941 35.5031 0.0000
-0.0000 35.6129 -2.3421
-0.0000 35.6129 0.0000
-2.7942 35.5031 -2.3421
-2.7942 35.5031 0.0000
-5.5711 35.1744 -2.3421
-5.5711 35.1744 0.0000
-8.3137 34.6289 -2.3421
-8.3137 34.6289 0.0000
-11.0050 33.8699 -2.3421
-11.0050 33.8699 0.0000
-13.6285 32.9020 -2.3421
-13.6285 32.9020 0.0000
-16.1680 31.7313 -2.3421
-16.1680 31.7313 0.0000
-18.6077 30.3650 -2.3421
-18.6077 30.3650 0.0000
-20.9328 28.8114 -2.3421
-20.9328 28.8114 0.0000
-23.1288 27.0802 -2.3421
-23.1288 27.0802 0.0000
-25.1822 25.1821 -2.3421
-25.1822 25.1821 0.0000
-27.0803 23.1287 -2.3421
-27.0803 23.1287 0.0000
-28.8115 20.9327 -2.3421
-28.8115 20.9327 0.0000
-30.3650 18.6077 -2.3421
-30.3650 18.6077 0.0000
-31.7314 16.1679 -2.3421
-31.7314 16.1679 0.0000
-32.9021 13.6284 -2.3421
-32.9021 13.6284 0.0000
-33.8699 11.0050 -2.3421
-33.8699 11.0050 0.0000
-34.6289 8.3136 -2.3421
-34.6289 8.3136 0.0000
-35.1745 5.5711 -2.3421
-35.1745 5.5711 0.0000
-35.5031 2.7941 -2.3421
-35.5031 2.7941 0.0000
-35.6129 -0.0000 -2.3421
-35.6129 -0.0000 0.0000
-35.5031 -2.7942 -2.3421
-35.5031 -2.7942 0.0000
-35.1745 -5.5711 -2.3421
-35.1745 -5.5711 -0.0000
-34.6289 -8.3137 -2.3421
-34.6289 -8.3137 -0.0000
-33.8699 -11.0050 -2.3421
-33.8699 -11.0050 -0.0000
-32.9020 -13.6285 -2.3421
-32.9020 -13.6285 -0.0000
-31.7313 -16.1679 -2.3421
-31.7313 -16.1679 -0.0000
-30.3650 -18.6077 -2.3421
-30.3650 -18.6077 -0.0000
-28.8115 -20.9328 -2.3421
-28.8115 -20.9328 -0.0000
-27.0803 -23.1288 -2.3421
-27.0803 -23.1288 -0.0000
-25.1821 -25.1821 -2.3421
-25.1821 -25.1821 -0.0000
-23.1287 -27.0803 -2.3421
-23.1287 -27.0803 -0.0000
-20.9327 -28.8115 -2.3421
-20.9327 -28.8115 -0.0000
-18.6077 -30.3650 -2.3421
-18.6077 -30.3650 -0.0000
-16.1679 -31.7313 -2.3421
-16.1679 -31.7313 -0.0000
-13.6285 -32.9020 -2.3421
-13.6285 -32.9020 -0.0000
-11.0050 -33.8699 -2.3421
-11.0050 -33.8699 -0.0000
-8.3137 -34.6289 -2.3421
-8.3137 -34.6289 -0.0000
-5.5711 -35.1745 -2.3421
-5.5711 -35.1745 -0.0000
-2.7942 -35.5031 -2.3421
-2.7942 -35.5031 -0.0000
-0.0000 -35.6129 -2.3421
-0.0000 -35.6129 -0.0000
2.7941 -35.5031 -2.3421
2.7941 -35.5031 -0.0000
5.5711 -35.1744 -2.3421
5.5711 -35.1744 -0.0000
8.3136 -34.6289 -2.3421
8.3136 -34.6289 -0.0000
11.0050 -33.8699 -2.3421
11.0050 -33.8699 -0.0000
13.6284 -32.9020 -2.3421
13.6284 -32.9020 -0.0000
16.1679 -31.7313 -2.3421
16.1679 -31.7313 -0.0000
18.6077 -30.3650 -2.3421
18.6077 -30.3650 -0.0000
20.9327 -28.8114 -2.3421
20.9327 -28.8114 -0.0000
23.1287 -27.0803 -2.3421
23.1287 -27.0803 -0.0000
25.1821 -25.1821 -2.3421
25.1821 -25.1821 -0.0000
27.0802 -23.1287 -2.3421
27.0802 -23.1287 -0.0000
28.8114 -20.9327 -2.3421
28.8114 -20.9327 -0.0000
30.3649 -18.6077 -2.3421
30.3649 -18.6077 -0.0000
31.7313 -16.1679 -2.3421
31.7313 -16.1679 -0.0000
32.9020 -13.6285 -2.3421
32.9020 -13.6285 -0.0000
33.8698 -11.0050 -2.3421
33.8698 -11.0050 -0.0000
34.6288 -8.3137 -2.3421
34.6288 -8.3137 -0.0000
35.1744 -5.5711 -2.3421
35.1744 -5.5711 -0.0000
35.5030 -2.7942 -2.3421
35.5030 -2.7942 0.0000
35.6129 -0.0000 -2.3421
35.6129 -0.0000 0.0000
35.5031 2.7941 -2.3421
35.5031 2.7941 0.0000
35.1745 5.5711 -2.3421
35.1745 5.5711 0.0000
34.6289 8.3137 4.6842
34.6289 8.3137 2.3421
33.8699 11.0050 2.3421
33.8699 11.0050 4.6842
32.9020 13.6285 2.3421
32.9020 13.6285 4.6842
31.7313 16.1679 2.3421
31.7313 16.1679 4.6842
30.3650 18.6077 2.3421
30.3650 18.6077 4.6842
28.8114 20.9327 2.3421
28.8114 20.9327 4.6842
27.0803 23.1287 2.3421
27.0803 23.1287 4.6842
25.1821 25.1821 2.3421
25.1821 25.1821 4.6842
23.1287 27.0803 2.3421
23.1287 27.0803 4.6842
20.9327 28.8114 2.3421
20.9327 28.8114 4.6842
18.6077 30.3650 2.3421
18.6077 30.3650 4.6842
16.1679 31.7313 2.3421
16.1679 31.7313 4.6842
13.6285 32.9020 2.3421
13.6285 32.9020 4.6842
11.0050 33.8699 2.3421
11.0050 33.8699 4.6842
8.3136 34.6289 2.3421
8.3136 34.6289 4.6842
5.5711 35.1744 2.3421
5.5711 35.1744 4.6842
2.7941 35.5031 2.3421
2.7941 35.5031 4.6842
-0.0000 35.6129 2.3421
-0.0000 35.6129 4.6842
-2.7942 35.5031 2.3421
-2.7942 35.5031 4.6842
-5.5711 35.1744 2.3421
-5.5711 35.1744 4.6842
-8.3137 34.6289 2.3421
-8.3137 34.6289 4.6842
-11.0050 33.8699 2.3421
-11.0050 33.8699 4.6842
-13.6285 32.9020 2.3421
-13.6285 32.9020 4.6842
-16.1680 31.7313 2.3421
-16.1680 31.7313 4.6842
-18.6077 30.3650 2.3421
-18.6077 30.3650 4.6842
-20.9328 28.8114 2.3421
-20.9328 28.8114 4.6842
-23.1288 27.0802 2.3421
-23.1288 27.0802 4.6842
-25.1822 25.1821 2.3421
-25.1822 25.1821 4.6842
-27.0803 23.1287 2.3421
-27.0803 23.1287 4.6842
-28.8115 20.9327 2.3421
-28.8115 20.9327 4.6842
-30.3650 18.6077 2.3421
-30.3650 18.6077 4.6842
-31.7314 16.1679 2.3421
-31.7314 16.1679 4.6842
-32.9021 13.6284 2.3421
-32.9021 13.6284 4.6842
-33.8699 11.0050 2.3421
-33.8699 11.0050 4.6842
-34.6289 8.3136 2.3421
-34.6289 8.3136 4.6842
-35.1745 5.5711 2.3421
-35.1745 5.5711 4.6842
-35.5031 2.7941 2.3421
-35.5031 2.7941 4.6842
-35.6129 -0.0000 2.3421
-35.6129 -0.0000 4.6842
-35.5031 -2.7942 2.3421
-35.5031 -2.7942 4.6842
-35.1745 -5.5711 2.3421
-35.1745 -5.5711 4.6842
-34.6289 -8.3137 2.3421
-34.6289 -8.3137 4.6842
-33.8699 -11.0050 2.3421
-33.8699 -11.0050 4.6842
-32.9020 -13.6285 2.3421
-32.9020 -13.6285 4.6842
-31.7313 -16.1679 2.3421
-31.7313 -16.1679 4.6842
-30.3650 -18.6077 2.3421
-30.3650 -18.6077 4.6842
-28.8115 -20.9328 2.3421
-28.8115 -20.9328 4.6842
-27.0803 -23.1288 2.3421
-27.0803 -23.1288 4.6842
-25.1821 -25.1821 2.3421
-25.1821 -25.1821 4.6842
-23.1287 -27.0803 2.3421
-23.1287 -27.0803 4.6842
-20.9327 -28.8115 2.3421
-20.9327 -28.8115 4.6842
-18.6077 -30.3650 2.3421
-18.6077 -30.3650 4.6842
-16.1679 -31.7313 2.3421
-16.1679 -31.7313 4.6842
-13.6285 -32.9020 2.3421
-13.6285 -32.9020 4.6842
-11.0050 -33.8699 2.3421
-11.0050 -33.8699 4.6842
-8.3137 -34.6289 2.3421
-8.3137 -34.6289 4.6842
-5.5711 -35.1745 2.3421
-5.5711 -35.1745 4.6842
-2.7942 -35.5031 2.3421
-2.7942 -35.5031 4.6842
-0.0000 -35.6129 2.3421
-0.0000 -35.6129 4.6842
2.7941 -35.5031 2.3421
2.7941 -35.5031 4.6842
5.5711 -35.1744 2.3421
5.5711 -35.1744 4.6842
8.3136 -34.6289 2.3421
8.3136 -34.6289 4.6842
11.0050 -33.8699 2.3421
11.0050 -33.8699 4.6842
13.6284 -32.9020 2.3421
13.6284 -32.9020 4.6842
16.1679 -31.7313 2.3421
16.1679 -31.7313 4.6842
18.6077 -30.3650 2.3421
18.6077 -30.3650 4.6842
20.9327 -28.8114 2.3421
20.9327 -28.8114 4.6842
23.1287 -27.0803 2.3421
23.1287 -27.0803 4.6842
25.1821 -25.1821 2.3421
25.1821 -25.1821 4.6842
27.0802 -23.1287 2.3421
27.0802 -23.1287 4.6842
28.8114 -20.9327 2.3421
28.8114 -20.9327 4.6842
30.3649 -18.6077 2.3421
30.3649 -18.6077 4.6842
31.7313 -16.1679 2.3421
31.7313 -16.1679 4.6842
32.9020 -13.6285 2.3421
32.9020 -13.6285 4.6842
33.8698 -11.0050 2.3421
33.8698 -11.0050 4.6842
34.6288 -8.3137 2.3421
34.6288 -8.3137 4.6842
35.1744 -5.5711 2.3421
35.1744 -5.5711 4.6842
35.5030 -2.7942 2.3421
35.5030 -2.7942 4.6842
35.6129 -0.0000 2.3421
35.6129 -0.0000 4.6842
35.5031 2.7941 2.3421
35.5031 2.7941 4.6842
35.1745 5.5711 2.3421
35.1745 5.5711 4.6842
34.6289 8.3137 -4.6842
34.6289 8.3137 -7.0263
33.8699 11.0050 -7.0263
33.8699 11.0050 -4.6842
32.9020 13.6285 -7.0263
32.9020 13.6285 -4.6842
31.7313 16.1679 -7.0263
31.7313 16.1679 -4.6842
30.3650 18.6077 -7.0263
30.3650 18.6077 -4.6842
28.8114 20.9327 -7.0263
28.8114 20.9327 -4.6842
27.0803 23.1287 -7.0263
27.0803 23.1287 -4.6842
25.1821 25.1821 -7.0263
25.1821 25.1821 -4.6842
23.1287 27.0803 -7.0263
23.1287 27.0803 -4.6842
20.9327 28.8114 -7.0263
20.9327 28.8114 -4.6842
18.6077 30.3650 -7.0263
18.6077 30.3650 -4.6842
16.1679 31.7313 -7.0263
16.1679 31.7313 -4.6842
13.6285 32.9020 -7.0263
13.6285 32.9020 -4.6842
11.0050 33.8699 -7.0263
11.0050 33.8699 -4.6842
8.3136 34.6289 -7.0263
8.3136 34.6289 -4.6842
5.5711 35.1744 -7.0263
5.5711 35.1744 -4.6842
2.7941 35.5031 -7.0263
2.7941 35.5031 -4.6842
-0.0000 35.6129 -7.0263
-0.0000 35.6129 -4.6842
-2.7942 35.5031 -7.0263
-2.7942 35.5031 -4.6842
-5.5711 35.1744 -7.0263
-5.5711 35.1744 -4.6842
-8.3137 34.6289 -7.0263
-8.3137 34.6289 -4.6842
-11.0050 33.8699 -7.0263
-11.0050 33.8699 -4.6842
-13.6285 32.9020 -7.0263
-13.6285 32.9020 -4.6842
-16.1680 31.7313 -7.0263
-16.1680 31.7313 -4.6842
-18.6077 30.3650 -7.0263
-18.6077 30.3650 -4.6842
-20.9328 28.8114 -7.0263
-20.9328 28.8114 -4.6842
-23.1288 27.0802 -7.0263
-23.1288 27.0802 -4.6842
-25.1822 25.1821 -7.0263
-25.1822 25.1821 -4.6842
-27.0803 23.1287 -7.0263
-27.0803 23.1287 -4.6842
-28.8115 20.9327 -7.0263
-28.8115 20.9327 -4.6842
-30.3650 18.6077 -7.0263
-30.3650 18.6077 -4.6842
-31.7314 16.1679 -7.0263
-31.7314 16.1679 -4.6842
-32.9021 13.6284 -7.0263
-32.9021 13.6284 -4.6842
-33.8699 11.0050 -7.0263
-33.8699 11.0050 -4.6842
-34.6289 8.3136 -7.0263
-34.6289 8.3136 -4.6842
-35.1745 5.5711 -7.0263
-35.1745 5.5711 -4.6842
-35.5031 2.7941 -7.0263
-35.5031 2.7941 -4.6842
-35.6129 -0.0000 -7.0263
-35.6129 -0.0000 -4.6842
-35.5031 -2.7942 -7.0263
-35.5031 -2.7942 -4.6842
-35.1745 -5.5711 -7.0263
-35.1745 -5.5711 -4.6842
-34.6289 -8.3137 -7.0263
-34.6289 -8.3137 -4.6842
-33.8699 -11.0050 -7.0263
-33.8699 -11.0050 -4.6842
-32.9020 -13.6285 -7.0263
-32.9020 -13.6285 -4.6842
-31.7313 -16.1679 -7.0263
-31.7313 -16.1679 -4.6842
-30.3650 -18.6077 -7.0263
-30.3650 -18.6077 -4.6842
-28.8115 -20.9328 -7.0263
-28.8115 -20.9328 -4.6842
-27.0803 -23.1288 -7.0263
-27.0803 -23.1288 -4.6842
-25.1821 -25.1821 -7.0263
-25.1821 -25.1821 -4.6842
-23.1287 -27.0803 -7.0263
-23.1287 -27.0803 -4.6842
-20.9327 -28.8115 -7.0263
-20.9327 -28.8115 -4.6842
-18.6077 -30.3650 -7.0263
-18.6077 -30.3650 -4.6842
-16.1679 -31.7313 -7.0263
-16.1679 -31.7313 -4.6842
-13.6285 -32.9020 -7.0263
-13.6285 -32.9020 -4.6842
-11.0050 -33.8699 -7.0263
-11.0050 -33.8699 -4.6842
-8.3137 -34.6289 -7.0263
-8.3137 -34.6289 -4.6842
-5.5711 -35.1745 -7.0263
-5.5711 -35.1745 -4.6842
-2.7942 -35.5031 -7.0263
-2.7942 -35.5031 -4.6842
-0.0000 -35.6129 -7.0263
-0.0000 -35.6129 -4.6842
2.7941 -35.5031 -7.0263
2.7941 -35.5031 -4.6842
5.5711 -35.1744 -7.0263
5.5711 -35.1744 -4.6842
8.3136 -34.6289 -7.0263
8.3136 -34.6289 -4.6842
11.0050 -33.8699 -7.0263
11.0050 -33.8699 -4.6842
13.6284 -32.9020 -7.0263
13.6284 -32.9020 -4.6842
16.1679 -31.7313 -7.0263
16.1679 -31.7313 -4.6842
18.6077 -30.3650 -7.0263
18.6077 -30.3650 -4.6842
20.9327 -28.8114 -7.0263
20.9327 -28.8114 -4.6842
23.1287 -27.0803 -7.0263
23.1287 -27.0803 -4.6842
25.1821 -25.1821 -7.0263
25.1821 -25.1821 -4.6842
27.0802 -23.1287 -7.0263
27.0802 -23.1287 -4.6842
28.8114 -20.9327 -7.0263
28.8114 -20.9327 -4.6842
30.3649 -18.6077 -7.0263
30.3649 -18.6077 -4.6842
31.7313 -16.1679 -7.0263
31.7313 -16.1679 -4.6842
32.9020 -13.6285 -7.0263
32.9020 -13.6285 -4.6842
33.8698 -11.0050 -7.0263
33.8698 -11.0050 -4.6842
34.6288 -8.3137 -7.0263
34.6288 -8.3137 -4.6842
35.1744 -5.5711 -7.0263
35.1744 -5.5711 -4.6842
35.5030 -2.7942 -7.0263
35.5030 -2.7942 -4.6842
35.6129 -0.0000 -7.0263
35.6129 -0.0000 -4.6842
35.5031 2.7941 -7.0263
35.5031 2.7941 -4.6842
35.1745 5.5711 -7.0263
35.1745 5.5711 -4.6842
34.6289 8.3137 7.0263
33.8699 11.0050 7.0263
32.9020 13.6285 7.0263
31.7313 16.1679 7.0263
30.3650 18.6077 7.0263
28.8114 20.9327 7.0263
27.0803 23.1287 7.0263
25.1821 25.1821 7.0263
23.1287 27.0803 7.0263
20.9327 28.8114 7.0263
18.6077 30.3650 7.0263
16.1679 31.7313 7.0263
13.6285 32.9020 7.0263
11.0050 33.8699 7.0263
8.3136 34.6289 7.0263
5.5711 35.1744 7.0263
2.7941 35.5031 7.0263
-0.0000 35.6129 7.0263
-2.7942 35.5031 7.0263
-5.5711 35.1744 7.0263
-8.3137 34.6289 7.0263
-11.0050 33.8699 7.0263
-13.6285 32.9020 7.0263
-16.1680 31.7313 7.0263
-18.6077 30.3650 7.0263
-20.9328 28.8114 7.0263
-23.1288 27.0802 7.0263
-25.1822 25.1821 7.0263
-27.0803 23.1287 7.0263
-28.8115 20.9327 7.0263
-30.3650 18.6077 7.0263
-31.7314 16.1679 7.0263
-32.9021 13.6284 7.0263
-33.8699 11.0050 7.0263
-34.6289 8.3136 7.0263
-35.1745 5.5711 7.0263
-35.5031 2.7941 7.0263
-35.6129 -0.0000 7.0263
-35.5031 -2.7942 7.0263
-35.1745 -5.5711 7.0263
-34.6289 -8.3137 7.0263
-33.8699 -11.0050 7.0263
-32.9020 -13.6285 7.0263
-31.7313 -16.1679 7.0263
-30.3650 -18.6077 7.0263
-28.8115 -20.9328 7.0263
-27.0803 -23.1288 7.0263
-25.1821 -25.1821 7.0263
-23.1287 -27.0803 7.0263
-20.9327 -28.8115 7.0263
-18.6077 -30.3650 7.0263
-16.1679 -31.7313 7.0263
-13.6285 -32.9020 7.0263
-11.0050 -33.8699 7.0263
-8.3137 -34.6289 7.0263
-5.5711 -35.1745 7.0263
-2.7942 -35.5031 7.0263
-0.0000 -35.6129 7.0263
2.7941 -35.5031 7.0263
5.5711 -35.1744 7.0263
8.3136 -34.6289 7.0263
11.0050 -33.8699 7.0263
13.6284 -32.9020 7.0263
16.1679 -31.7313 7.0263
18.6077 -30.3650 7.0263
20.9327 -28.8114 7.0263
23.1287 -27.0803 7.0263
25.1821 -25.1821 7.0263
27.0802 -23.1287 7.0263
28.8114 -20.9327 7.0263
30.3649 -18.6077 7.0263
31.7313 -16.1679 7.0263
32.9020 -13.6285 7.0263
33.8698 -11.0050 7.0263
34.6288 -8.3137 7.0263
35.1744 -5.5711 7.0263
35.5030 -2.7942 7.0263
35.6129 -0.0000 7.0263
35.5031 2.7941 7.0263
35.1745 5.5711 7.0263
34.6289 8.3137 -8.1973
33.8699 11.0050 -8.1973
32.9020 13.6285 -8.1973
31.7313 16.1679 -8.1973
30.3650 18.6077 -8.1973
28.8114 20.9327 -8.1973
27.0803 23.1287 -8.1973
25.1821 25.1821 -8.1973
23.1287 27.0803 -8.1973
20.9327 28.8114 -8.1973
18.6077 30.3650 -8.1973
16.1679 31.7313 -8.1973
13.6285 32.9020 -8.1973
11.0050 33.8699 -8.1973
8.3136 34.6289 -8.1973
5.5711 35.1744 -8.1973
2.7941 35.5031 -8.1973
-0.0000 35.6129 -8.1973
-2.7942 35.5031 -8.1973
-5.5711 35.1744 -8.1973
-8.3137 34.6289 -8.1973
-11.0050 33.8699 -8.1973
-13.6285 32.9020 -8.1973
-16.1680 31.7313 -8.1973
-18.6077 30.3650 -8.1973
-20.9328 28.8114 -8.1973
-23.1288 27.0802 -8.1973
-25.1822 25.1821 -8.1973
-27.0803 23.1287 -8.1973
-28.8115 20.9327 -8.1973
-30.3650 18.6077 -8.1973
-31.7314 16.1679 -8.1973
-32.9021 13.6284 -8.1973
-33.8699 11.0050 -8.1973
-34.6289 8.3136 -8.1973
-35.1745 5.5711 -8.1973
-35.5031 2.7941 -8.1973
-35.6129 -0.0000 -8.1973
-35.5031 -2.7942 -8.1973
-35.1745 -5.5711 -8.1973
-34.6289 -8.3137 -8.1973
-33.8699 -11.0050 -8.1973
-32.9020 -13.6285 -8.1973
-31.7313 -16.1679 -8.1973
-30.3650 -18.6077 -8.1973
-28.8115 -20.9328 -8.1973
-27.0803 -23.1288 -8.1973
-25.1821 -25.1821 -8.1973
-23.1287 -27.0803 -8.1973
-20.9327 -28.8115 -8.1973
-18.6077 -30.3650 -8.1973
-16.1679 -31.7313 -8.1973
-13.6285 -32.9020 -8.1973
-11.0050 -33.8699 -8.1973
-8.3137 -34.6289 -8.1973
-5.5711 -35.1745 -8.1973
-2.7942 -35.5031 -8.1973
-0.0000 -35.6129 -8.1973
2.7941 -35.5031 -8.1973
5.5711 -35.1744 -8.1973
8.3136 -34.6289 -8.1973
11.0050 -33.8699 -8.1973
13.6284 -32.9020 -8.1973
16.1679 -31.7313 -8.1973
18.6077 -30.3650 -8.1973
20.9327 -28.8114 -8.1973
23.1287 -27.0803 -8.1973
25.1821 -25.1821 -8.1973
27.0802 -23.1287 -8.1973
28.8114 -20.9327 -8.1973
30.3649 -18.6077 -8.1973
31.7313 -16.1679 -8.1973
32.9020 -13.6285 -8.1973
33.8698 -11.0050 -8.1973
34.6288 -8.3137 -8.1973
35.1744 -5.5711 -8.1973
35.5030 -2.7942 -8.1973
35.6129 -0.0000 -8.1973
35.5031 2.7941 -8.1973
35.1745 5.5711 -8.1973
31.3297 10.2613 9.3638
32.5998 10.6331 9.3661
31.6709 13.1510 9.3661
30.4398 12.6734 9.3638
30.5473 15.5881 9.3661
29.3633 15.0084 9.3638
29.2360 17.9297 9.3661
28.1071 17.2516 9.3638
27.7450 20.1611 9.3661
26.6786 19.3894 9.3638
26.0836 22.2686 9.3661
25.0869 21.4085 9.3638
23.3416 23.2965 9.3638
24.2619 24.2393 9.3661
21.4536 25.0418 9.3638
22.2912 26.0610 9.3661
19.4345 26.6335 9.3638
20.1836 27.7225 9.3661
17.2967 28.0619 9.3638
17.9522 29.2135 9.3661
15.0535 29.3182 9.3638
15.6107 30.5248 9.3661
12.7186 30.3946 9.3638
13.1735 31.6483 9.3661
10.3064 31.2846 9.3638
10.6557 32.5772 9.3661
7.8318 31.9824 9.3638
8.0727 33.3057 9.3661
5.3101 32.4840 9.3638
5.4406 33.8292 9.3661
2.7569 32.7862 9.3638
2.7755 34.1447 9.3661
0.1878 32.8872 9.3638
0.0939 34.2500 9.3661
-2.3813 32.7862 9.3638
-2.5878 34.1447 9.3661
-4.9346 32.4840 9.3638
-5.2529 33.8292 9.3661
-7.4563 31.9824 9.3638
-7.8850 33.3057 9.3661
-9.9308 31.2845 9.3638
-10.4679 32.5772 9.3661
-12.3430 30.3946 9.3638
-12.9858 31.6483 9.3661
-14.6779 29.3182 9.3638
-15.4229 30.5248 9.3661
-16.9212 28.0619 9.3638
-17.7645 29.2134 9.3661
-19.0590 26.6335 9.3638
-19.9959 27.7225 9.3661
-21.0781 25.0418 9.3638
-22.1034 26.0610 9.3661
-22.9661 23.2965 9.3638
-24.0741 24.2393 9.3661
-24.7114 21.4085 9.3638
-25.8958 22.2686 9.3661
-26.3031 19.3894 9.3638
-27.5573 20.1610 9.3661
-27.7315 17.2516 9.3638
-29.0483 17.9296 9.3661
-28.9878 15.0083 9.3638
-30.3596 15.5881 9.3661
-30.0642 12.6734 9.3638
-31.4831 13.1509 9.3661
-30.9541 10.2613 9.3638
-32.4120 10.6331 9.3661
-31.6520 7.7867 9.3638
-33.1405 8.0502 9.3661
-32.1536 5.2650 9.3638
-33.6640 5.4180 9.3661
-32.4558 2.7117 9.3638
-33.9795 2.7529 9.3661
-32.5567 0.1426 9.3638
-34.0848 0.0713 9.3661
-32.4558 -2.4265 9.3638
-33.9795 -2.6103 9.3661
-32.1536 -4.9797 9.3638
-33.6640 -5.2754 9.3661
-31.6520 -7.5014 9.3638
-33.1405 -7.9075 9.3661
-30.9541 -9.9760 9.3638
-32.4120 -10.4905 9.3661
-30.0642 -12.3881 9.3638
-31.4831 -13.0083 9.3661
-28.9878 -14.7230 9.3638
-30.3596 -15.4455 9.3661
-27.7315 -16.9663 9.3638
-29.0482 -17.7870 9.3661
-27.5573 -20.0184 9.3661
-26.3031 -19.1041 9.3638
-25.8958 -22.1260 9.3661
-24.7113 -21.1232 9.3638
-24.0741 -24.0967 9.3661
-22.9661 -23.0112 9.3638
-22.1034 -25.9184 9.3661
-21.0781 -24.7565 9.3638
-19.9958 -27.5798 9.3661
-19.0589 -26.3482 9.3638
-17.7644 -29.0708 9.3661
-16.9212 -27.7766 9.3638
-15.4229 -30.3821 9.3661
-14.6779 -29.0329 9.3638
-12.9857 -31.5057 9.3661
-12.3430 -30.1093 9.3638
-10.4679 -32.4346 9.3661
-9.9308 -30.9992 9.3638
-7.8850 -33.1630 9.3661
-7.4563 -31.6971 9.3638
-5.2528 -33.6866 9.3661
-4.9346 -32.1987 9.3638
-2.5878 -34.0020 9.3661
-2.3813 -32.5009 9.3638
0.0939 -34.1074 9.3661
0.1878 -32.6018 9.3638
2.7755 -34.0020 9.3661
2.7569 -32.5009 9.3638
5.4406 -33.6866 9.3661
5.3101 -32.1987 9.3638
8.0727 -33.1630 9.3661
7.8318 -31.6971 9.3638
10.6557 -32.4345 9.3661
10.3064 -30.9992 9.3638
13.1735 -31.5056 9.3661
12.7185 -30.1093 9.3638
15.6107 -30.3821 9.3661
15.0534 -29.0329 9.3638
17.9522 -29.0708 9.3661
17.2967 -27.7766 9.3638
20.1836 -27.5798 9.3661
19.4345 -26.3482 9.3638
22.2911 -25.9183 9.3661
21.4536 -24.7564 9.3638
24.2618 -24.0966 9.3661
23.3416 -23.0112 9.3638
26.0835 -22.1259 9.3661
25.0868 -21.1232 9.3638
27.7450 -20.0184 9.3661
26.6786 -19.1040 9.3638
29.2360 -17.7870 9.3661
28.1070 -16.9663 9.3638
30.5473 -15.4455 9.3661
29.3633 -14.7230 9.3638
31.6708 -13.0083 9.3661
30.4397 -12.3881 9.3638
32.5997 -10.4905 9.3661
31.3296 -9.9759 9.3638
33.3282 -7.9075 9.3661
32.0275 -7.5014 9.3638
33.8517 -5.2754 9.3661
32.5291 -4.9797 9.3638
34.1672 -2.6103 9.3661
32.8313 -2.4264 9.3638
34.2726 0.0713 9.3661
32.9323 0.1426 9.3638
34.1673 2.7529 9.3661
32.8314 2.7118 9.3638
33.8518 5.4180 9.3661
32.5292 5.2650 9.3638
33.3283 8.0502 9.3661
32.0276 7.7867 9.3638
29.2086 12.1959 9.3615
28.1793 14.4286 9.3615
26.9781 16.5736 9.3615
25.6122 18.6177 9.3615
24.0902 20.5484 9.3615
22.4214 22.3537 9.3615
20.6161 24.0226 9.3615
18.6854 25.5446 9.3615
16.6413 26.9104 9.3615
14.4963 28.1117 9.3615
12.2636 29.1409 9.3615
9.9571 29.9919 9.3615
7.5909 30.6592 9.3615
5.1797 31.1388 9.3615
2.7382 31.4278 9.3615
0.2817 31.5243 9.3615
-2.1749 31.4278 9.3615
-4.6163 31.1388 9.3615
-7.0276 30.6592 9.3615
-9.3938 29.9919 9.3615
-11.7003 29.1409 9.3615
-13.9329 28.1116 9.3615
-16.0779 26.9104 9.3615
-18.1221 25.5445 9.3615
-20.0528 24.0225 9.3615
-21.8581 22.3537 9.3615
-23.5269 20.5484 9.3615
-25.0489 18.6177 9.3615
-26.4147 16.5736 9.3615
-27.6160 14.4286 9.3615
-28.6453 12.1959 9.3615
-29.4962 9.8894 9.3615
-30.1635 7.5232 9.3615
-30.6432 5.1120 9.3615
-30.9321 2.6706 9.3615
-31.0286 0.2140 9.3615
-30.9321 -2.2426 9.3615
-30.6432 -4.6840 9.3615
-30.1635 -7.0953 9.3615
-29.4962 -9.4614 9.3615
-28.6453 -11.7680 9.3615
-27.6160 -14.0006 9.3615
-26.4147 -16.1456 9.3615
-25.0489 -18.1897 9.3615
-23.5269 -20.1204 9.3615
-21.8580 -21.9257 9.3615
-20.0527 -23.5946 9.3615
-18.1220 -25.1166 9.3615
-16.0779 -26.4824 9.3615
-13.9329 -27.6837 9.3615
-11.7003 -28.7129 9.3615
-9.3937 -29.5639 9.3615
-7.0276 -30.2312 9.3615
-4.6163 -30.7108 9.3615
-2.1749 -30.9998 9.3615
0.2817 -31.0963 9.3615
2.7382 -30.9998 9.3615
5.1797 -30.7108 9.3615
7.5909 -30.2312 9.3615
9.9571 -29.5639 9.3615
12.2636 -28.7129 9.3615
14.4962 -27.6836 9.3615
16.6412 -26.4824 9.3615
18.6854 -25.1165 9.3615
20.6161 -23.5945 9.3615
22.4214 -21.9257 9.3615
24.0902 -20.1204 9.3615
25.6122 -18.1897 9.3615
26.9781 -16.1456 9.3615
28.1793 -14.0006 9.3615
29.2086 -11.7679 9.3615
30.0595 -9.4614 9.3615
30.7268 -7.0952 9.3615
31.2064 -4.6840 9.3615
31.4954 -2.2426 9.3615
31.5920 0.2140 9.3615
31.4955 2.6706 9.3615
31.2065 5.1120 9.3615
30.7269 7.5232 9.3615
30.0596 9.8894 9.3615
32.6545 13.5422 9.3672
31.4943 16.0589 9.3672
30.1402 18.4768 9.3672
28.6005 20.7811 9.3672
26.8848 22.9574 9.3672
25.0037 24.9924 9.3672
22.9687 26.8736 9.3672
20.7923 28.5892 9.3672
18.4881 30.1289 9.3672
16.0702 31.4830 9.3672
13.5534 32.6432 9.3672
10.9534 33.6024 9.3672
8.2862 34.3547 9.3672
5.5681 34.8953 9.3672
2.8161 35.2210 9.3672
0.0469 35.3298 9.3672
-2.7222 35.2210 9.3672
-5.4743 34.8953 9.3672
-8.1923 34.3547 9.3672
-10.8596 33.6024 9.3672
-13.4596 32.6432 9.3672
-15.9763 31.4830 9.3672
-18.3942 30.1289 9.3672
-20.6985 28.5892 9.3672
-22.8748 26.8735 9.3672
-24.9098 24.9924 9.3672
-26.7910 22.9574 9.3672
-28.5067 20.7810 9.3672
-30.0463 18.4768 9.3672
-31.4004 16.0589 9.3672
-32.5606 13.5421 9.3672
-33.5198 10.9421 9.3672
-34.2721 8.2749 9.3672
-34.8127 5.5569 9.3672
-35.1384 2.8048 9.3672
-35.2472 0.0356 9.3672
-35.1384 -2.7335 9.3672
-34.8127 -5.4856 9.3672
-34.2721 -8.2036 9.3672
-33.5198 -10.8709 9.3672
-32.5606 -13.4708 9.3672
-31.4004 -15.9876 9.3672
-30.0463 -18.4055 9.3672
-28.5066 -20.7097 9.3672
-26.7910 -22.8861 9.3672
-24.9098 -24.9211 9.3672
-22.8748 -26.8022 9.3672
-20.6984 -28.5179 9.3672
-18.3942 -30.0576 9.3672
-15.9763 -31.4117 9.3672
-13.4596 -32.5719 9.3672
-10.8596 -33.5311 9.3672
-8.1923 -34.2833 9.3672
-5.4743 -34.8240 9.3672
-2.7222 -35.1497 9.3672
0.0469 -35.2585 9.3672
2.8161 -35.1497 9.3672
5.5681 -34.8240 9.3672
8.2862 -34.2833 9.3672
10.9534 -33.5311 9.3672
13.5534 -32.5719 9.3672
16.0701 -31.4116 9.3672
18.4881 -30.0575 9.3672
20.7923 -28.5179 9.3672
22.9686 -26.8022 9.3672
25.0036 -24.9211 9.3672
26.8848 -22.8860 9.3672
28.6005 -20.7097 9.3672
30.1401 -18.4055 9.3672
31.4942 -15.9875 9.3672
32.6544 -13.4708 9.3672
33.6136 -10.8708 9.3672
34.3659 -8.2036 9.3672
34.9065 -5.4856 9.3672
35.2322 -2.7335 9.3672
35.3411 0.0356 9.3672
35.2323 2.8048 9.3672
34.9066 5.5569 9.3672
34.3659 8.2749 9.3672
33.6137 10.9422 9.3672
32.0276 7.7867 -9.3638
32.5292 5.2650 -9.3638
31.2065 5.1120 -9.3615
30.7269 7.5232 -9.3615
31.3297 10.2613 -9.3638
30.0596 9.8894 -9.3615
30.4398 12.6734 -9.3638
29.2086 12.1959 -9.3615
29.3633 15.0084 -9.3638
28.1793 14.4286 -9.3615
28.1071 17.2516 -9.3638
26.9781 16.5736 -9.3615
25.6122 18.6177 -9.3615
26.6786 19.3894 -9.3638
24.0902 20.5484 -9.3615
25.0869 21.4085 -9.3638
22.4214 22.3537 -9.3615
23.3416 23.2965 -9.3638
20.6161 24.0226 -9.3615
21.4536 25.0418 -9.3638
18.6854 25.5446 -9.3615
19.4345 26.6335 -9.3638
16.6413 26.9104 -9.3615
17.2967 28.0619 -9.3638
14.4963 28.1117 -9.3615
15.0535 29.3182 -9.3638
12.2636 29.1409 -9.3615
12.7186 30.3946 -9.3638
9.9571 29.9919 -9.3615
10.3064 31.2846 -9.3638
7.5909 30.6592 -9.3615
7.8318 31.9824 -9.3638
5.1797 31.1388 -9.3615
5.3101 32.4840 -9.3638
2.7382 31.4278 -9.3615
2.7569 32.7862 -9.3638
0.2817 31.5243 -9.3615
0.1878 32.8872 -9.3638
-2.1749 31.4278 -9.3615
-2.3813 32.7862 -9.3638
-4.6163 31.1388 -9.3615
-4.9346 32.4840 -9.3638
-7.0276 30.6592 -9.3615
-7.4563 31.9824 -9.3638
-9.3938 29.9919 -9.3615
-9.9308 31.2845 -9.3638
-11.7003 29.1409 -9.3615
-12.3430 30.3946 -9.3638
-13.9329 28.1116 -9.3615
-14.6779 29.3182 -9.3638
-16.0779 26.9104 -9.3615
-16.9212 28.0619 -9.3638
-18.1221 25.5445 -9.3615
-19.0590 26.6335 -9.3638
-20.0528 24.0225 -9.3615
-21.0781 25.0418 -9.3638
-21.8581 22.3537 -9.3615
-22.9661 23.2965 -9.3638
-23.5269 20.5484 -9.3615
-24.7114 21.4085 -9.3638
-25.0489 18.6177 -9.3615
-26.3031 19.3894 -9.3638
-26.4147 16.5736 -9.3615
-27.7315 17.2516 -9.3638
-27.6160 14.4286 -9.3615
-28.9878 15.0083 -9.3638
-28.6453 12.1959 -9.3615
-30.0642 12.6734 -9.3638
-29.4962 9.8894 -9.3615
-30.9541 10.2613 -9.3638
-30.1635 7.5232 -9.3615
-31.6520 7.7867 -9.3638
-30.6432 5.1120 -9.3615
-32.1536 5.2650 -9.3638
-30.9321 2.6706 -9.3615
-32.4558 2.7117 -9.3638
-31.0286 0.2140 -9.3615
-32.5567 0.1426 -9.3638
-30.9321 -2.2426 -9.3615
-32.4558 -2.4265 -9.3638
-30.6432 -4.6840 -9.3615
-32.1536 -4.9797 -9.3638
-30.1635 -7.0953 -9.3615
-31.6520 -7.5014 -9.3638
-29.4962 -9.4614 -9.3615
-30.9541 -9.9760 -9.3638
-28.6453 -11.7680 -9.3615
-30.0642 -12.3881 -9.3638
-27.6160 -14.0006 -9.3615
-28.9878 -14.7230 -9.3638
-26.4147 -16.1456 -9.3615
-27.7315 -16.9663 -9.3638
-25.0489 -18.1897 -9.3615
-26.3031 -19.1041 -9.3638
-23.5269 -20.1204 -9.3615
-24.7113 -21.1232 -9.3638
-22.9661 -23.0112 -9.3638
-21.8580 -21.9257 -9.3615
-21.0781 -24.7565 -9.3638
-20.0527 -23.5946 -9.3615
-19.0589 -26.3482 -9.3638
-18.1220 -25.1166 -9.3615
-16.9212 -27.7766 -9.3638
-16.0779 -26.4824 -9.3615
-14.6779 -29.0329 -9.3638
-13.9329 -27.6837 -9.3615
-12.3430 -30.1093 -9.3638
-11.7003 -28.7129 -9.3615
-9.9308 -30.9992 -9.3638
-9.3937 -29.5639 -9.3615
-7.4563 -31.6971 -9.3638
-7.0276 -30.2312 -9.3615
-4.9346 -32.1987 -9.3638
-4.6163 -30.7108 -9.3615
-2.3813 -32.5009 -9.3638
-2.1749 -30.9998 -9.3615
0.1878 -32.6018 -9.3638
0.2817 -31.0963 -9.3615
2.7569 -32.5009 -9.3638
2.7382 -30.9998 -9.3615
5.3101 -32.1987 -9.3638
5.1797 -30.7108 -9.3615
7.8318 -31.6971 -9.3638
7.5909 -30.2312 -9.3615
10.3064 -30.9992 -9.3638
9.9571 -29.5639 -9.3615
12.7185 -30.1093 -9.3638
12.2636 -28.7129 -9.3615
15.0534 -29.0329 -9.3638
14.4962 -27.6836 -9.3615
17.2967 -27.7766 -9.3638
16.6412 -26.4824 -9.3615
19.4345 -26.3482 -9.3638
18.6854 -25.1165 -9.3615
21.4536 -24.7564 -9.3638
20.6161 -23.5945 -9.3615
23.3416 -23.0112 -9.3638
22.4214 -21.9257 -9.3615
25.0868 -21.1232 -9.3638
24.0902 -20.1204 -9.3615
26.6786 -19.1040 -9.3638
25.6122 -18.1897 -9.3615
28.1070 -16.9663 -9.3638
26.9781 -16.1456 -9.3615
29.3633 -14.7230 -9.3638
28.1793 -14.0006 -9.3615
30.4397 -12.3881 -9.3638
29.2086 -11.7679 -9.3615
31.3296 -9.9759 -9.3638
30.0595 -9.4614 -9.3615
32.0275 -7.5014 -9.3638
30.7268 -7.0952 -9.3615
32.5291 -4.9797 -9.3638
31.2064 -4.6840 -9.3615
32.8313 -2.4264 -9.3638
31.4954 -2.2426 -9.3615
32.9323 0.1426 -9.3638
31.5920 0.2140 -9.3615
32.8314 2.7118 -9.3638
31.4955 2.6706 -9.3615
33.3283 8.0502 -9.3661
33.8518 5.4180 -9.3661
32.5998 10.6331 -9.3661
31.6709 13.1510 -9.3661
30.5473 15.5881 -9.3661
29.2360 17.9297 -9.3661
27.7450 20.1611 -9.3661
26.0836 22.2686 -9.3661
24.2619 24.2393 -9.3661
22.2912 26.0610 -9.3661
20.1836 27.7225 -9.3661
17.9522 29.2135 -9.3661
15.6107 30.5248 -9.3661
13.1735 31.6483 -9.3661
10.6557 32.5772 -9.3661
8.0727 33.3057 -9.3661
5.4406 33.8292 -9.3661
2.7755 34.1447 -9.3661
0.0939 34.2500 -9.3661
-2.5878 34.1447 -9.3661
-5.2529 33.8292 -9.3661
-7.8850 33.3057 -9.3661
-10.4679 32.5772 -9.3661
-12.9858 31.6483 -9.3661
-15.4229 30.5248 -9.3661
-17.7645 29.2134 -9.3661
-19.9959 27.7225 -9.3661
-22.1034 26.0610 -9.3661
-24.0741 24.2393 -9.3661
-25.8958 22.2686 -9.3661
-27.5573 20.1610 -9.3661
-29.0483 17.9296 -9.3661
-30.3596 15.5881 -9.3661
-31.4831 13.1509 -9.3661
-32.4120 10.6331 -9.3661
-33.1405 8.0502 -9.3661
-33.6640 5.4180 -9.3661
-33.9795 2.7529 -9.3661
-34.0848 0.0713 -9.3661
-33.9795 -2.6103 -9.3661
-33.6640 -5.2754 -9.3661
-33.1405 -7.9075 -9.3661
-32.4120 -10.4905 -9.3661
-31.4831 -13.0083 -9.3661
-30.3596 -15.4455 -9.3661
-29.0482 -17.7870 -9.3661
-27.5573 -20.0184 -9.3661
-25.8958 -22.1260 -9.3661
-24.0741 -24.0967 -9.3661
-22.1034 -25.9184 -9.3661
-19.9958 -27.5798 -9.3661
-17.7644 -29.0708 -9.3661
-15.4229 -30.3821 -9.3661
-12.9857 -31.5057 -9.3661
-10.4679 -32.4346 -9.3661
-7.8850 -33.1630 -9.3661
-5.2528 -33.6866 -9.3661
-2.5878 -34.0020 -9.3661
0.0939 -34.1074 -9.3661
2.7755 -34.0020 -9.3661
5.4406 -33.6866 -9.3661
8.0727 -33.1630 -9.3661
10.6557 -32.4345 -9.3661
13.1735 -31.5056 -9.3661
15.6107 -30.3821 -9.3661
17.9522 -29.0708 -9.3661
20.1836 -27.5798 -9.3661
22.2911 -25.9183 -9.3661
24.2618 -24.0966 -9.3661
26.0835 -22.1259 -9.3661
27.7450 -20.0184 -9.3661
29.2360 -17.7870 -9.3661
30.5473 -15.4455 -9.3661
31.6708 -13.0083 -9.3661
32.5997 -10.4905 -9.3661
33.3282 -7.9075 -9.3661
33.8517 -5.2754 -9.3661
34.1672 -2.6103 -9.3661
34.2726 0.0713 -9.3661
34.1673 2.7529 -9.3661
30.1098 4.9665 -9.3603
29.6480 7.2886 -9.3603
29.0053 9.5673 -9.3603
28.1858 11.7885 -9.3603
27.1946 13.9386 -9.3603
26.0378 16.0043 -9.3603
24.7224 17.9728 -9.3603
23.2567 19.8321 -9.3603
21.6496 21.5706 -9.3603
19.9111 23.1778 -9.3603
18.0518 24.6435 -9.3603
16.0832 25.9588 -9.3603
14.0175 27.1156 -9.3603
11.8675 28.1069 -9.3603
9.6462 28.9263 -9.3603
7.3676 29.5690 -9.3603
5.0455 30.0308 -9.3603
2.6943 30.3091 -9.3603
0.3286 30.4021 -9.3603
-2.0371 30.3091 -9.3603
-4.3883 30.0308 -9.3603
-6.7103 29.5690 -9.3603
-8.9890 28.9263 -9.3603
-11.2102 28.1068 -9.3603
-13.3603 27.1156 -9.3603
-15.4260 25.9588 -9.3603
-17.3945 24.6435 -9.3603
-19.2538 23.1778 -9.3603
-20.9924 21.5706 -9.3603
-22.5995 19.8321 -9.3603
-24.0652 17.9728 -9.3603
-25.3805 16.0043 -9.3603
-26.5374 13.9386 -9.3603
-27.5286 11.7885 -9.3603
-28.3481 9.5673 -9.3603
-28.9907 7.2886 -9.3603
-29.4526 4.9665 -9.3603
-29.7309 2.6154 -9.3603
-29.8238 0.2496 -9.3603
-29.7309 -2.1161 -9.3603
-29.4526 -4.4672 -9.3603
-28.9907 -6.7893 -9.3603
-28.3480 -9.0680 -9.3603
-27.5286 -11.2892 -9.3603
-26.5373 -13.4393 -9.3603
-25.3805 -15.5049 -9.3603
-24.0652 -17.4735 -9.3603
-22.5995 -19.3328 -9.3603
-20.9923 -21.0713 -9.3603
-19.2538 -22.6784 -9.3603
-17.3945 -24.1441 -9.3603
-15.4260 -25.4595 -9.3603
-13.3603 -26.6163 -9.3603
-11.2102 -27.6075 -9.3603
-8.9890 -28.4270 -9.3603
-6.7103 -29.0696 -9.3603
-4.3883 -29.5315 -9.3603
-2.0371 -29.8098 -9.3603
0.3286 -29.9027 -9.3603
2.6943 -29.8098 -9.3603
5.0455 -29.5315 -9.3603
7.3675 -29.0696 -9.3603
9.6462 -28.4270 -9.3603
11.8674 -27.6075 -9.3603
14.0175 -26.6163 -9.3603
16.0832 -25.4595 -9.3603
18.0517 -24.1441 -9.3603
19.9110 -22.6784 -9.3603
21.6496 -21.0713 -9.3603
23.2566 -19.3327 -9.3603
24.7224 -17.4735 -9.3603
26.0377 -15.5049 -9.3603
27.1946 -13.4392 -9.3603
28.1858 -11.2892 -9.3603
29.0053 -9.0679 -9.3603
29.6479 -6.7893 -9.3603
30.1097 -4.4672 -9.3603
30.3881 -2.1161 -9.3603
30.4811 0.2497 -9.3603
30.3881 2.6154 -9.3603
16.1679 -31.7313 -9.0843
18.6077 -30.3650 -9.0843
20.9327 -28.8114 -9.0843
23.1287 -27.0803 -9.0843
25.1821 -25.1821 -9.0843
27.0802 -23.1287 -9.0843
28.8114 -20.9327 -9.0843
30.3649 -18.6077 -9.0843
31.7313 -16.1679 -9.0843
32.9020 -13.6285 -9.0843
33.8698 -11.0050 -9.0843
34.6288 -8.3137 -9.0843
35.1744 -5.5711 -9.0843
35.5030 -2.7942 -9.0843
35.6129 -0.0000 -9.0843
35.5031 2.7941 -9.0843
35.1745 5.5711 -9.0843
34.6289 8.3137 -9.0843
33.8699 11.0050 -9.0843
32.9020 13.6285 -9.0843
31.7313 16.1679 -9.0843
30.3650 18.6077 -9.0843
28.8114 20.9327 -9.0843
27.0803 23.1287 -9.0843
25.1821 25.1821 -9.0843
23.1287 27.0803 -9.0843
20.9327 28.8114 -9.0843
18.6077 30.3650 -9.0843
16.1679 31.7313 -9.0843
13.6285 32.9020 -9.0843
11.0050 33.8699 -9.0843
8.3136 34.6289 -9.0843
5.5711 35.1744 -9.0843
2.7941 35.5031 -9.0843
-0.0000 35.6129 -9.0843
-2.7942 35.5031 -9.0843
-5.5711 35.1744 -9.0843
-8.3137 34.6289 -9.0843
-11.0050 33.8699 -9.0843
-13.6285 32.9020 -9.0843
-16.1680 31.7313 -9.0843
-18.6077 30.3650 -9.0843
-20.9328 28.8114 -9.0843
-23.1288 27.0802 -9.0843
-25.1822 25.1821 -9.0843
-27.0803 23.1287 -9.0843
-28.8115 20.9327 -9.0843
-30.3650 18.6077 -9.0843
-31.7314 16.1679 -9.0843
-32.9021 13.6284 -9.0843
-33.8699 11.0050 -9.0843
-34.6289 8.3136 -9.0843
-35.1745 5.5711 -9.0843
-35.5031 2.7941 -9.0843
-35.6129 -0.0000 -9.0843
-35.5031 -2.7942 -9.0843
-35.1745 -5.5711 -9.0843
-34.6289 -8.3137 -9.0843
-33.8699 -11.0050 -9.0843
-32.9020 -13.6285 -9.0843
-31.7313 -16.1679 -9.0843
-30.3650 -18.6077 -9.0843
-28.8115 -20.9328 -9.0843
-27.0803 -23.1288 -9.0843
-25.1821 -25.1821 -9.0843
-23.1287 -27.0803 -9.0843
-20.9327 -28.8115 -9.0843
-18.6077 -30.3650 -9.0843
-16.1679 -31.7313 -9.0843
-13.6285 -32.9020 -9.0843
-11.0050 -33.8699 -9.0843
-8.3137 -34.6289 -9.0843
-5.5711 -35.1745 -9.0843
-2.7942 -35.5031 -9.0843
-0.0000 -35.6129 -9.0843
2.7941 -35.5031 -9.0843
5.5711 -35.1744 -9.0843
8.3136 -34.6289 -9.0843
11.0050 -33.8699 -9.0843
13.6284 -32.9020 -9.0843
13.6284 -32.9020 8.1973
16.1679 -31.7313 8.1973
18.6077 -30.3650 8.1973
20.9327 -28.8114 8.1973
23.1287 -27.0803 8.1973
25.1821 -25.1821 8.1973
27.0802 -23.1287 8.1973
28.8114 -20.9327 8.1973
30.3649 -18.6077 8.1973
31.7313 -16.1679 8.1973
32.9020 -13.6285 8.1973
33.8698 -11.0050 8.1973
34.6288 -8.3137 8.1973
35.1744 -5.5711 8.1973
35.5030 -2.7942 8.1973
35.6129 -0.0000 8.1973
35.5031 2.7941 8.1973
35.1745 5.5711 8.1973
34.6289 8.3137 8.1973
33.8699 11.0050 8.1973
32.9020 13.6285 8.1973
31.7313 16.1679 8.1973
30.3650 18.6077 8.1973
28.8114 20.9327 8.1973
27.0803 23.1287 8.1973
25.1821 25.1821 8.1973
23.1287 27.0803 8.1973
20.9327 28.8114 8.1973
18.6077 30.3650 8.1973
16.1679 31.7313 8.1973
13.6285 32.9020 8.1973
11.0050 33.8699 8.1973
8.3136 34.6289 8.1973
5.5711 35.1744 8.1973
2.7941 35.5031 8.1973
-0.0000 35.6129 8.1973
-2.7942 35.5031 8.1973
-5.5711 35.1744 8.1973
-8.3137 34.6289 8.1973
-11.0050 33.8699 8.1973
-13.6285 32.9020 8.1973
-16.1680 31.7313 8.1973
-18.6077 30.3650 8.1973
-20.9328 28.8114 8.1973
-23.1288 27.0802 8.1973
-25.1822 25.1821 8.1973
-27.0803 23.1287 8.1973
-28.8115 20.9327 8.1973
-30.3650 18.6077 8.1973
-31.7314 16.1679 8.1973
-32.9021 13.6284 8.1973
-33.8699 11.0050 8.1973
-34.6289 8.3136 8.1973
-35.1745 5.5711 8.1973
-35.5031 2.7941 8.1973
-35.6129 -0.0000 8.1973
-35.5031 -2.7942 8.1973
-35.1745 -5.5711 8.1973
-34.6289 -8.3137 8.1973
-33.8699 -11.0050 8.1973
-32.9020 -13.6285 8.1973
-31.7313 -16.1679 8.1973
-30.3650 -18.6077 8.1973
-28.8115 -20.9328 8.1973
-27.0803 -23.1288 8.1973
-25.1821 -25.1821 8.1973
-23.1287 -27.0803 8.1973
-20.9327 -28.8115 8.1973
-18.6077 -30.3650 8.1973
-16.1679 -31.7313 8.1973
-13.6285 -32.9020 8.1973
-11.0050 -33.8699 8.1973
-8.3137 -34.6289 8.1973
-5.5711 -35.1745 8.1973
-2.7942 -35.5031 8.1973
-0.0000 -35.6129 8.1973
2.7941 -35.5031 8.1973
5.5711 -35.1744 8.1973
8.3136 -34.6289 8.1973
11.0050 -33.8699 8.1973
11.8086 -27.3165 -8.1893
13.9390 -26.3344 -8.1893
15.9858 -25.1882 -8.1893
17.9363 -23.8849 -8.1893
19.7785 -22.4326 -8.1893
21.5011 -20.8402 -8.1893
23.0935 -19.1176 -8.1893
24.5458 -17.2754 -8.1893
25.8491 -15.3249 -8.1893
26.9953 -13.2781 -8.1893
27.9774 -11.1477 -8.1893
28.7894 -8.9469 -8.1893
29.4262 -6.6891 -8.1893
29.8837 -4.3883 -8.1893
30.1595 -2.0587 -8.1893
30.2517 0.2853 -8.1893
30.1596 2.6294 -8.1893
29.8839 4.9590 -8.1893
29.4262 7.2598 -8.1893
28.7895 9.5176 -8.1893
27.9775 11.7184 -8.1893
26.9953 13.8488 -8.1893
25.8491 15.8956 -8.1893
24.5458 17.8461 -8.1893
23.0936 19.6883 -8.1893
21.5012 21.4109 -8.1893
19.7785 23.0033 -8.1893
17.9363 24.4556 -8.1893
15.9858 25.7589 -8.1893
13.9390 26.9051 -8.1893
11.8087 27.8873 -8.1893
9.6078 28.6992 -8.1893
7.3500 29.3360 -8.1893
5.0492 29.7936 -8.1893
2.7196 30.0693 -8.1893
0.3756 30.1614 -8.1893
-1.9685 30.0693 -8.1893
-4.2981 29.7936 -8.1893
-6.5989 29.3360 -8.1893
-8.8567 28.6992 -8.1893
-11.0575 27.8872 -8.1893
-13.1879 26.9051 -8.1893
-15.2347 25.7589 -8.1893
-17.1852 24.4556 -8.1893
-19.0274 23.0033 -8.1893
-20.7500 21.4109 -8.1893
-22.3424 19.6883 -8.1893
-23.7947 17.8460 -8.1893
-25.0980 15.8955 -8.1893
-26.2442 13.8488 -8.1893
-27.2263 11.7184 -8.1893
-28.0383 9.5175 -8.1893
-28.6751 7.2598 -8.1893
-29.1327 4.9590 -8.1893
-29.4084 2.6294 -8.1893
-29.5005 0.2853 -8.1893
-29.4084 -2.0587 -8.1893
-29.1327 -4.3883 -8.1893
-28.6751 -6.6891 -8.1893
-28.0383 -8.9469 -8.1893
-27.2263 -11.1478 -8.1893
-26.2442 -13.2781 -8.1893
-25.0980 -15.3249 -8.1893
-23.7947 -17.2754 -8.1893
-22.3424 -19.1176 -8.1893
-20.7500 -20.8403 -8.1893
-19.0274 -22.4326 -8.1893
-17.1851 -23.8849 -8.1893
-15.2346 -25.1882 -8.1893
-13.1879 -26.3344 -8.1893
-11.0575 -27.3166 -8.1893
-8.8567 -28.1285 -8.1893
-6.5989 -28.7653 -8.1893
-4.2981 -29.2229 -8.1893
-1.9685 -29.4987 -8.1893
0.3756 -29.5908 -8.1893
2.7196 -29.4987 -8.1893
5.0492 -29.2229 -8.1893
7.3500 -28.7653 -8.1893
9.6078 -28.1285 -8.1893
19.7785 -22.4326 8.9345
21.5011 -20.8402 8.9345
23.0935 -19.1176 8.9345
24.5458 -17.2754 8.9345
25.8491 -15.3249 8.9345
26.9953 -13.2781 8.9345
27.9774 -11.1477 8.9345
28.7894 -8.9469 8.9345
29.4262 -6.6891 8.9345
29.8837 -4.3883 8.9345
30.1595 -2.0587 8.9345
30.2517 0.2853 8.9345
30.1596 2.6294 8.9345
29.8839 4.9590 8.9345
29.4262 7.2598 8.9345
28.7895 9.5176 8.9345
27.9775 11.7184 8.9345
26.9953 13.8488 8.9345
25.8491 15.8956 8.9345
24.5458 17.8461 8.9345
23.0936 19.6883 8.9345
21.5012 21.4109 8.9345
19.7785 23.0033 8.9345
17.9363 24.4556 8.9345
15.9858 25.7589 8.9345
13.9390 26.9051 8.9345
11.8087 27.8873 8.9345
9.6078 28.6992 8.9345
7.3500 29.3360 8.9345
5.0492 29.7936 8.9345
2.7196 30.0693 8.9345
0.3756 30.1614 8.9345
-1.9685 30.0693 8.9345
-4.2981 29.7936 8.9345
-6.5989 29.3360 8.9345
-8.8567 28.6992 8.9345
-11.0575 27.8872 8.9345
-13.1879 26.9051 8.9345
-15.2347 25.7589 8.9345
-17.1852 24.4556 8.9345
-19.0274 23.0033 8.9345
-20.7500 21.4109 8.9345
-22.3424 19.6883 8.9345
-23.7947 17.8460 8.9345
-25.0980 15.8955 8.9345
-26.2442 13.8488 8.9345
-27.2263 11.7184 8.9345
-28.0383 9.5175 8.9345
-28.6751 7.2598 8.9345
-29.1327 4.9590 8.9345
-29.4084 2.6294 8.9345
-29.5005 0.2853 8.9345
-29.4084 -2.0587 8.9345
-29.1327 -4.3883 8.9345
-28.6751 -6.6891 8.9345
-28.0383 -8.9469 8.9345
-27.2263 -11.1478 8.9345
-26.2442 -13.2781 8.9345
-25.0980 -15.3249 8.9345
-23.7947 -17.2754 8.9345
-22.3424 -19.1176 8.9345
-20.7500 -20.8403 8.9345
-19.0274 -22.4326 8.9345
-17.1851 -23.8849 8.9345
-15.2346 -25.1882 8.9345
-13.1879 -26.3344 8.9345
-11.0575 -27.3166 8.9345
-8.8567 -28.1285 8.9345
-6.5989 -28.7653 8.9345
-4.2981 -29.2229 8.9345
-1.9685 -29.4987 8.9345
0.3756 -29.5908 8.9345
2.7196 -29.4987 8.9345
5.0492 -29.2229 8.9345
7.3500 -28.7653 8.9345
9.6078 -28.1285 8.9345
11.8086 -27.3165 8.9345
13.9390 -26.3344 8.9345
15.9858 -25.1882 8.9345
17.9363 -23.8849 8.9345
