1.2221348285675049 8.121430397033691 1.320568323135376
1.2970490455627441 8.121430397033691 1.2140884399414062
1.2221348285675049 8.121430397033691 1.2140884399414062
-0.3503999412059784 8.121430397033691 1.7803890705108643
-0.035892996937036514 8.121430397033691 1.8565280437469482
-0.035892996937036514 8.121430397033691 1.5400466918945312
-0.3503999412059784 8.121430397033691 1.5400466918945312
-0.3503999412059784 8.121430397033691 0.2362138330936432
-0.035892996937036514 8.121430397033691 0.2362138330936432
-0.035892996937036514 8.121430397033691 -0.08974433690309525
-0.3503999412059784 8.121430397033691 -0.08974433690309525
-0.9794138669967651 8.121430397033691 0.2362138330936432
-0.6649068593978882 8.121430397033691 0.2362138330936432
-0.6649068593978882 8.121430397033691 -0.08974433690309525
-0.9794138669967651 8.121430397033691 -0.08974433690309525
-0.767646074295044 8.121430397033691 -0.7416607141494751
-0.9794138669967651 8.121430397033691 -0.5221824049949646
-0.9794138669967651 8.121430397033691 -0.41570255160331726
-0.6649068593978882 8.121430397033691 -0.41570255160331726
-0.6649068593978882 8.121430397033691 -0.7416607141494751
-1.0543280839920044 8.121430397033691 -0.41570255160331726
-0.6649068593978882 8.121430397033691 -0.8193026185035706
-1.2113128900527954 8.121430397033691 -0.08974433690309525
-1.2847769260406494 8.121430397033691 0.2362138330936432
-0.3503999412059784 8.121430397033691 -0.7416607141494751
-0.3503999412059784 8.121430397033691 -0.41570255160331726
-0.035892996937036514 8.121430397033691 -0.41570255160331726
-0.035892996937036514 8.121430397033691 -0.7416607141494751
-0.3503999412059784 8.121430397033691 -0.9820032715797424
-0.035892996937036514 8.121430397033691 -1.0581421852111816
-0.3503999412059784 8.121430397033691 0.8881301879882812
-0.035892996937036514 8.121430397033691 0.8881301879882812
-0.035892996937036514 8.121430397033691 0.5621720552444458
-0.3503999412059784 8.121430397033691 0.5621720552444458
-0.9794138669967651 8.121430397033691 0.8881301879882812
-0.6649068593978882 8.121430397033691 0.8881301879882812
-0.6649068593978882 8.121430397033691 0.5621720552444458
-0.9794138669967651 8.121430397033691 0.5621720552444458
-1.2847769260406494 8.121430397033691 0.5621720552444458
-1.2113128900527954 8.121430397033691 0.8881301879882812
-1.2939207553863525 8.121430397033691 0.3991929292678833
-0.767646074295044 8.121430397033691 1.5400466918945312
-0.6649068593978882 8.121430397033691 1.617688536643982
-0.6649068593978882 8.121430397033691 1.5400466918945312
-0.9794138669967651 8.121430397033691 1.2140884399414062
-0.6649068593978882 8.121430397033691 1.2140884399414062
-1.0543280839920044 8.121430397033691 1.2140884399414062
-0.9794138669967651 8.121430397033691 1.320568323135376
-0.035892996937036514 8.121430397033691 1.2140884399414062
-0.3503999412059784 8.121430397033691 1.2140884399414062
1.5274977684020996 8.121430397033691 0.2362138330936432
1.4540338516235352 8.121430397033691 -0.08974433690309525
1.2221348285675049 8.121430397033691 -0.08974433690309525
1.2221348285675049 8.121430397033691 0.2362138330936432
0.2786139249801636 8.121430397033691 0.2362138330936432
0.5931208729743958 8.121430397033691 0.2362138330936432
0.5931208729743958 8.121430397033691 -0.08974433690309525
0.2786139249801636 8.121430397033691 -0.08974433690309525
0.2786139249801636 8.121430397033691 -0.7416607141494751
0.2786139249801636 8.121430397033691 -0.41570255160331726
0.5931208729743958 8.121430397033691 -0.41570255160331726
0.5931208729743958 8.121430397033691 -0.7416607141494751
0.2786139249801636 8.121430397033691 -1.0581421852111816
0.12136047333478928 8.121430397033691 -1.0676188468933105
0.5931208729743958 8.121430397033691 -0.9820032715797424
1.2970490455627441 8.121430397033691 -0.41570255160331726
1.2221348285675049 8.121430397033691 -0.5221824049949646
1.2221348285675049 8.121430397033691 -0.41570255160331726
0.9076278209686279 8.121430397033691 -0.41570255160331726
0.9076278209686279 8.121430397033691 -0.7416607141494751
0.9076278209686279 8.121430397033691 -0.8193026185035706
1.0103670358657837 8.121430397033691 -0.7416607141494751
0.9076278209686279 8.121430397033691 0.2362138330936432
0.9076278209686279 8.121430397033691 -0.08974433690309525
0.2786139249801636 8.121430397033691 1.8565280437469482
0.5931208729743958 8.121430397033691 1.7803890705108643
0.5931208729743958 8.121430397033691 1.5400466918945312
0.2786139249801636 8.121430397033691 1.5400466918945312
0.5931208729743958 8.121430397033691 0.8881301879882812
0.5931208729743958 8.121430397033691 0.5621720552444458
0.2786139249801636 8.121430397033691 0.5621720552444458
0.2786139249801636 8.121430397033691 0.8881301879882812
0.5931208729743958 8.121430397033691 1.2140884399414062
0.2786139249801636 8.121430397033691 1.2140884399414062
0.12136047333478928 8.121430397033691 1.8660047054290771
1.4540338516235352 8.121430397033691 0.8881301879882812
1.5274977684020996 8.121430397033691 0.5621720552444458
1.2221348285675049 8.121430397033691 0.5621720552444458
1.2221348285675049 8.121430397033691 0.8881301879882812
0.9076278209686279 8.121430397033691 0.8881301879882812
0.9076278209686279 8.121430397033691 0.5621720552444458
1.5366417169570923 8.121430397033691 0.3991929292678833
0.9076278209686279 8.121430397033691 1.617688536643982
0.9076278209686279 8.121430397033691 1.5400466918945312
0.9076278209686279 8.121430397033691 1.2140884399414062
1.0103670358657837 8.121430397033691 1.5400466918945312
