-3.114758 0.000000 -2.275004
-2.868799 0.000000 -2.868799
-2.868799 19.627583 -2.868799
-2.275004 19.627583 -3.114759
-3.114758 19.627583 -2.275004
-2.275003 -0.000000 3.114756
-2.868798 -0.000000 2.868798
-3.114758 -0.000000 2.275002
-2.868798 19.627583 2.868798
-3.114758 19.627583 2.275002
-2.275003 19.627583 3.114756
2.868798 19.627583 -2.868800
3.114758 19.627583 -2.275005
2.275003 19.627583 -3.114759
2.275003 0.000000 -3.114759
2.868798 0.000000 -2.868800
3.114758 0.000000 -2.275005
2.868799 19.627583 2.868798
2.275004 19.627583 3.114756
3.114758 19.627583 2.275002
3.114758 -0.000000 2.275002
2.868799 -0.000000 2.868798
2.275004 -0.000000 3.114756
3.114758 19.627583 -0.000001
3.114758 0.000000 -0.000001
-3.114758 0.000000 -0.000000
-3.114758 19.627583 -0.000000
-0.000000 19.627583 -3.114759
-0.000000 0.000000 -3.114759
0.000000 -0.000000 3.114756
0.000000 19.627583 3.114756
-2.199604 19.627583 -2.199606
-1.190416 19.627583 -2.849685
-3.110711 19.627583 -0.000000
-2.873922 19.627583 -1.190418
-0.000000 19.627583 -3.110712
1.199633 19.627583 -2.849685
-2.199605 19.627583 2.199603
-2.873922 19.627583 1.190417
0.000000 19.627583 3.110710
-1.199633 19.627583 2.849683
3.110711 19.627583 -0.000001
2.873921 19.627583 1.190418
2.199603 19.627583 2.199604
1.199633 19.627583 2.849683
2.199605 19.627583 -2.199605
2.873922 19.627583 -1.190417
-2.199604 20.163551 -2.199606
-1.190416 20.163551 -2.849685
-2.873922 20.163551 -1.190418
-2.199605 20.163551 2.199603
-2.873922 20.163551 1.190417
-1.199633 20.163551 2.849683
2.199605 20.163551 -2.199605
2.873922 20.163551 -1.190417
1.199633 20.163551 -2.849685
2.199603 20.163551 2.199604
1.199633 20.163551 2.849683
2.873921 20.163551 1.190418
3.110711 20.163551 -0.000001
-3.110711 20.163551 -0.000000
-0.000000 20.163551 -3.110712
0.000000 20.163551 3.110710
-1.258191 20.163551 -1.258193
-0.680928 20.163551 -1.630043
-1.643906 20.163551 -0.680930
-1.258192 20.163551 1.258190
-1.643907 20.163551 0.680927
-0.686199 20.163551 1.630041
1.258192 20.163551 -1.258192
1.643907 20.163551 -0.680929
0.686199 20.163551 -1.630043
1.258191 20.163551 1.258191
0.686199 20.163551 1.630041
1.643906 20.163551 0.680928
1.779351 20.163551 -0.000001
-1.779351 20.163551 -0.000001
-0.000000 20.163551 -1.779352
0.000000 20.163551 1.779350
-1.258191 0.000000 -1.258193
-0.680928 0.000000 -1.630043
-1.643906 0.000000 -0.680930
-1.258192 -0.000000 1.258190
-1.643907 -0.000000 0.680927
-0.686199 -0.000000 1.630041
1.258192 0.000000 -1.258192
1.643907 0.000000 -0.680929
0.686199 0.000000 -1.630043
1.258191 -0.000000 1.258191
0.686199 -0.000000 1.630041
1.643906 -0.000000 0.680928
1.779351 0.000000 -0.000001
-1.779351 0.000000 -0.000001
-0.000000 0.000000 -1.779352
0.000000 -0.000000 1.779350
-2.868798 19.478653 2.868798
-3.114758 19.478653 2.275002
-3.114758 19.478653 -0.000000
-3.114758 19.478653 -2.275004
-2.868799 19.478653 -2.868799
-2.275004 19.478653 -3.114759
-0.000000 19.478653 -3.114759
2.275003 19.478653 -3.114759
2.868798 19.478653 -2.868800
3.114758 19.478653 -2.275005
3.114758 19.478653 -0.000001
3.114758 19.478653 2.275002
2.868799 19.478653 2.868798
2.275004 19.478653 3.114756
0.000000 19.478653 3.114756
-2.275003 19.478653 3.114756
2.868799 0.112296 2.868798
3.114758 0.112296 2.275002
3.114758 0.112296 -0.000001
3.114758 0.112296 -2.275005
2.868798 0.112296 -2.868800
2.275003 0.112296 -3.114759
-0.000000 0.112296 -3.114759
-2.275004 0.112296 -3.114759
-2.868799 0.112296 -2.868799
-3.114758 0.112296 -2.275004
-3.114758 0.112296 -0.000000
-3.114758 0.112296 2.275002
-2.868798 0.112296 2.868798
-2.275003 0.112296 3.114756
0.000000 0.112296 3.114756
2.275004 0.112296 3.114756
2.690567 -0.000000 2.690566
2.951991 -0.000000 2.098600
2.966980 0.000000 -0.000001
2.951991 0.000000 -2.098603
2.690567 0.000000 -2.690568
2.099185 0.000000 -2.950458
-0.000000 0.000000 -2.966981
-2.098602 0.000000 -2.950458
-2.690567 0.000000 -2.690567
-2.951991 0.000000 -2.098602
-2.966980 0.000000 -0.000001
-2.951991 -0.000000 2.098601
-2.690567 -0.000000 2.690567
-2.099185 -0.000000 2.950456
0.000000 -0.000000 2.966979
2.099185 -0.000000 2.950456
1.308460 -0.000000 1.308461
1.689814 -0.000000 0.730682
1.821032 0.000000 -0.000001
1.689814 0.000000 -0.730683
1.308462 0.000000 -1.308462
0.735789 0.000000 -1.676383
-0.000000 0.000000 -1.821033
-0.730682 0.000000 -1.676383
-1.308461 0.000000 -1.308463
-1.689814 0.000000 -0.730684
-1.821032 0.000000 -0.000001
-1.689814 -0.000000 0.730681
-1.308462 -0.000000 1.308460
-0.735789 -0.000000 1.676381
0.000000 -0.000000 1.821030
0.735789 -0.000000 1.676381
-1.643907 0.116543 0.680927
-1.779351 0.116543 -0.000001
-1.643906 0.116543 -0.680930
-1.258191 0.116543 -1.258193
-0.680928 0.116543 -1.630043
-0.000000 0.116543 -1.779352
0.686199 0.116543 -1.630043
1.258192 0.116543 -1.258192
1.643907 0.116543 -0.680929
1.779351 0.116543 -0.000001
1.643906 0.116543 0.680928
1.258191 0.116543 1.258191
0.686199 0.116543 1.630041
0.000000 0.116543 1.779350
-0.686199 0.116543 1.630041
-1.258192 0.116543 1.258190
-1.258192 19.968922 1.258190
-1.643907 19.968922 0.680927
-1.779351 19.968922 -0.000001
-1.643906 19.968922 -0.680930
-1.258191 19.968922 -1.258193
-0.680928 19.968922 -1.630043
-0.000000 19.968922 -1.779352
0.686199 19.968922 -1.630043
1.258192 19.968922 -1.258192
1.643907 19.968922 -0.680929
1.779351 19.968922 -0.000001
1.643906 19.968922 0.680928
1.258191 19.968922 1.258191
0.686199 19.968922 1.630041
0.000000 19.968922 1.779350
-0.686199 19.968922 1.630041
-1.323256 20.163551 1.323255
-1.728917 20.163551 0.716140
-1.871366 20.163551 -0.000001
-1.728917 20.163551 -0.716142
-1.323256 20.163551 -1.323257
-0.716140 20.163551 -1.714337
-0.000000 20.163551 -1.871367
0.721685 20.163551 -1.714337
1.323257 20.163551 -1.323256
1.728917 20.163551 -0.716141
1.871366 20.163551 -0.000001
1.728917 20.163551 0.716141
1.323255 20.163551 1.323256
0.721685 20.163551 1.714335
0.000000 20.163551 1.871365
-0.721685 20.163551 1.714335
-2.103333 20.163551 2.103332
-2.748138 20.163551 1.138315
-2.974563 20.163551 -0.000001
-2.748137 20.163551 -1.138318
-2.103333 20.163551 -2.103335
-1.138315 20.163551 -2.724961
-0.000000 20.163551 -2.974564
1.147128 20.163551 -2.724961
2.103334 20.163551 -2.103334
2.748138 20.163551 -1.138316
2.974563 20.163551 -0.000001
2.748137 20.163551 1.138316
2.103332 20.163551 2.103333
1.147128 20.163551 2.724959
0.000000 20.163551 2.974562
-1.147128 20.163551 2.724959
0.000000 19.711063 3.110710
-1.199633 19.711063 2.849683
-2.199605 19.711063 2.199603
-2.873922 19.711063 1.190417
-3.110711 19.711063 -0.000000
-2.873922 19.711063 -1.190418
-2.199604 19.711063 -2.199606
-1.190416 19.711063 -2.849685
-0.000000 19.711063 -3.110712
1.199633 19.711063 -2.849685
2.199605 19.711063 -2.199605
2.873922 19.711063 -1.190417
3.110711 19.711063 -0.000001
2.873921 19.711063 1.190418
2.199603 19.711063 2.199604
1.199633 19.711063 2.849683
0.000000 20.060001 3.110710
-1.199633 20.060001 2.849683
-2.199605 20.060001 2.199603
-2.873922 20.060001 1.190417
-3.110711 20.060001 -0.000000
-2.873922 20.060001 -1.190418
-2.199604 20.060001 -2.199606
-1.190416 20.060001 -2.849685
-0.000000 20.060001 -3.110712
1.199633 20.060001 -2.849685
2.199605 20.060001 -2.199605
2.873922 20.060001 -1.190417
3.110711 20.060001 -0.000001
2.873921 20.060001 1.190418
2.199603 20.060001 2.199604
1.199633 20.060001 2.849683
-3.114758 19.120071 2.275002
-3.114758 19.120079 -0.000000
-3.114758 19.120079 -2.275004
-2.868799 19.120079 -2.868799
-2.275004 19.120071 -3.114759
-0.000000 19.120071 -3.114759
2.275003 19.120079 -3.114759
2.868798 19.120071 -2.868800
3.114758 19.120071 -2.275005
3.114758 19.120071 -0.000001
3.114758 19.120079 2.275002
2.868799 19.120071 2.868798
2.275004 19.120071 3.114756
0.000000 19.120079 3.114756
-2.275003 19.120079 3.114756
-2.868798 19.120079 2.868798
3.114758 0.630710 2.275002
3.114758 0.630710 -0.000001
3.114758 0.630710 -2.275005
2.868798 0.630710 -2.868800
2.275003 0.630710 -3.114759
-0.000000 0.630710 -3.114759
-2.275004 0.630710 -3.114759
-2.868799 0.630710 -2.868799
-3.114758 0.630710 -2.275004
-3.114758 0.630710 -0.000000
-3.114758 0.630710 2.275002
-2.868798 0.630710 2.868798
-2.275003 0.630710 3.114756
0.000000 0.630710 3.114756
2.275004 0.630710 3.114756
2.868799 0.630710 2.868798
1.999515 0.000000 -1.999515
1.417487 0.000000 -2.313421
-0.000000 0.000000 -2.394007
-1.414641 0.000000 -2.313421
-1.999514 0.000000 -1.999516
-2.320903 0.000000 -1.414643
-2.394006 0.000000 -0.000001
-2.320903 -0.000000 1.414640
-1.999515 -0.000000 1.999513
-1.417487 -0.000000 2.313418
0.000000 -0.000000 2.394005
1.417487 -0.000000 2.313418
1.999514 -0.000000 1.999514
2.320903 -0.000000 1.414641
2.394006 0.000000 -0.000001
2.320903 0.000000 -1.414642
0.000000 10.042732 1.779350
-0.686199 10.042732 1.630041
-1.258192 10.042732 1.258190
-1.643907 10.042732 0.680927
-1.779351 10.042732 -0.000001
-1.643906 10.042732 -0.680930
-1.258191 10.042732 -1.258193
-0.680928 10.042732 -1.630043
-0.000000 10.042732 -1.779352
0.686199 10.042732 -1.630043
1.258192 10.042732 -1.258192
1.643907 10.042732 -0.680929
1.779351 10.042732 -0.000001
1.643906 10.042732 0.680928
1.258191 10.042732 1.258191
0.686199 10.042732 1.630041
0.000000 19.849951 1.779350
-0.686199 19.849951 1.630041
-1.258192 19.849951 1.258190
-1.643907 19.849951 0.680927
-1.779351 19.849951 -0.000001
-1.643906 19.849951 -0.680930
-1.258191 19.849951 -1.258193
-0.680928 19.849951 -1.630043
-0.000000 19.849951 -1.779352
0.686199 19.849951 -1.630043
1.258192 19.849951 -1.258192
1.643907 19.849951 -0.680929
1.779351 19.849951 -0.000001
1.643906 19.849951 0.680928
1.258191 19.849951 1.258191
0.686199 19.849951 1.630041
0.000000 0.590582 1.779350
-0.686199 0.590582 1.630041
-1.258192 0.590582 1.258190
-1.643907 0.590582 0.680927
-1.779351 0.590582 -0.000001
-1.643906 0.590582 -0.680930
-1.258191 0.590582 -1.258193
-0.680928 0.590582 -1.630043
-0.000000 0.590582 -1.779352
0.686199 0.590582 -1.630043
1.258192 0.590582 -1.258192
1.643907 0.590582 -0.680929
1.779351 0.590582 -0.000001
1.643906 0.590582 0.680928
1.258191 0.590582 1.258191
0.686199 0.590582 1.630041
0.912975 20.163551 -2.168740
1.674000 20.163551 -1.674000
2.187186 20.163551 -0.905962
2.367393 20.163551 -0.000001
2.187185 20.163551 0.905962
1.673998 20.163551 1.673999
0.912975 20.163551 2.168738
0.000000 20.163551 2.367392
-0.912975 20.163551 2.168738
-1.673999 20.163551 1.673998
-2.187186 20.163551 0.905961
-2.367393 20.163551 -0.000001
-2.187185 20.163551 -0.905963
-1.673999 20.163551 -1.674001
-0.905961 20.163551 -2.168740
-0.000000 20.163551 -2.367394
-2.868800 5.492105 -2.868800
-2.275004 5.492103 -3.114759
-0.000000 5.492103 -3.114759
2.275003 5.492105 -3.114759
2.868799 5.492103 -2.868801
3.114758 5.492103 -2.275005
3.114758 5.492103 -0.000001
3.114758 5.492105 2.275002
2.868800 5.492103 2.868798
2.275004 5.492103 3.114756
0.000000 5.492105 3.114756
-2.275003 5.492105 3.114756
-2.868799 5.492105 2.868798
-3.114758 5.492103 2.275002
-3.114758 5.492105 -0.000000
-3.114758 5.492105 -2.275004
-2.868800 4.928692 -2.868800
-2.275004 4.928690 -3.114759
-0.000000 4.928690 -3.114759
2.275003 4.928692 -3.114759
2.868799 4.928690 -2.868801
3.114758 4.928690 -2.275005
3.114758 4.928690 -0.000001
3.114758 4.928692 2.275002
2.868800 4.928690 2.868798
2.275004 4.928690 3.114756
0.000000 4.928692 3.114756
-2.275003 4.928692 3.114756
-2.868799 4.928692 2.868798
-3.114758 4.928690 2.275002
-3.114758 4.928692 -0.000000
-3.114758 4.928692 -2.275004
-3.114758 10.148234 2.275002
-2.868799 10.148239 2.868798
-2.275003 10.148239 3.114756
0.000000 10.148239 3.114756
2.275004 10.148234 3.114756
2.868800 10.148234 2.868798
3.114758 10.148239 2.275002
3.114758 10.148234 -0.000001
3.114758 10.148234 -2.275005
2.868799 10.148234 -2.868801
2.275003 10.148239 -3.114759
-0.000000 10.148234 -3.114759
-2.275004 10.148234 -3.114759
-2.868800 10.148239 -2.868800
-3.114758 10.148239 -2.275004
-3.114758 10.148239 -0.000000
-3.114758 9.584822 2.275002
-2.868799 9.584826 2.868798
-2.275003 9.584826 3.114756
0.000000 9.584826 3.114756
2.275004 9.584822 3.114756
2.868800 9.584822 2.868798
3.114758 9.584826 2.275002
3.114758 9.584822 -0.000001
3.114758 9.584822 -2.275005
2.868799 9.584822 -2.868801
2.275003 9.584826 -3.114759
-0.000000 9.584822 -3.114759
-2.275004 9.584822 -3.114759
-2.868800 9.584826 -2.868800
-3.114758 9.584826 -2.275004
-3.114758 9.584826 -0.000000
-3.114758 14.900039 -0.000000
-3.114758 14.900039 -2.275004
-2.868800 14.900039 -2.868800
-2.275004 14.900033 -3.114759
-0.000000 14.900033 -3.114759
2.275003 14.900039 -3.114759
2.868799 14.900033 -2.868801
3.114758 14.900033 -2.275005
3.114758 14.900033 -0.000001
3.114758 14.900039 2.275002
2.868800 14.900033 2.868798
2.275004 14.900033 3.114756
0.000000 14.900039 3.114756
-2.275003 14.900039 3.114756
-2.868799 14.900039 2.868798
-3.114758 14.900033 2.275002
-3.114758 14.357887 -0.000000
-3.114758 14.357887 -2.275004
-2.868800 14.357887 -2.868800
-2.275004 14.357881 -3.114759
-0.000000 14.357881 -3.114759
2.275003 14.357887 -3.114759
2.868799 14.357881 -2.868801
3.114758 14.357881 -2.275005
3.114758 14.357881 -0.000001
3.114758 14.357887 2.275002
2.868800 14.357881 2.868798
2.275004 14.357881 3.114756
0.000000 14.357887 3.114756
-2.275003 14.357887 3.114756
-2.868799 14.357887 2.868798
-3.114758 14.357881 2.275002
-2.806422 4.928692 -2.806422
-2.256733 4.928690 -3.022907
-2.806422 5.492105 -2.806422
-2.256733 5.492103 -3.022907
-0.000000 5.492103 -3.019273
-0.000000 4.928690 -3.019273
2.256732 4.928692 -3.022907
2.256732 5.492105 -3.022907
2.806421 5.492103 -2.806422
2.806421 4.928690 -2.806422
3.022906 5.492103 -2.256734
3.022906 4.928690 -2.256734
3.019272 5.492103 -0.000001
3.019272 4.928690 -0.000001
3.022906 4.928692 2.256732
3.022906 5.492105 2.256732
2.806422 5.492103 2.806419
2.806422 4.928690 2.806419
2.256733 5.492103 3.022905
2.256733 4.928690 3.022905
0.000000 5.492105 3.019270
0.000000 4.928692 3.019270
-2.256732 4.928692 3.022905
-2.256732 5.492105 3.022905
-2.806421 4.928692 2.806420
-2.806421 5.492105 2.806420
-3.022906 4.928690 2.256732
-3.022906 5.492103 2.256732
-3.019272 5.492105 -0.000001
-3.019272 4.928692 -0.000001
-3.022906 4.928692 -2.256733
-3.022906 5.492105 -2.256733
-3.022906 9.584822 2.256732
-2.806421 9.584826 2.806420
-2.806421 10.148239 2.806420
-3.022906 10.148234 2.256732
-2.256732 9.584826 3.022905
-2.256732 10.148239 3.022905
0.000000 9.584826 3.019270
0.000000 10.148239 3.019270
2.256733 10.148234 3.022905
2.256733 9.584822 3.022905
2.806422 10.148234 2.806419
2.806422 9.584822 2.806419
3.022906 10.148239 2.256732
3.022906 9.584826 2.256732
3.019272 9.584822 -0.000001
3.019272 10.148234 -0.000001
3.022906 10.148234 -2.256734
3.022906 9.584822 -2.256734
2.806421 10.148234 -2.806422
2.806421 9.584822 -2.806422
2.256732 10.148239 -3.022907
2.256732 9.584826 -3.022907
-0.000000 9.584822 -3.019273
-0.000000 10.148234 -3.019273
-2.256733 10.148234 -3.022907
-2.256733 9.584822 -3.022907
-2.806422 9.584826 -2.806422
-2.806422 10.148239 -2.806422
-3.022906 9.584826 -2.256733
-3.022906 10.148239 -2.256733
-3.019272 9.584826 -0.000001
-3.019272 10.148239 -0.000001
-3.019272 14.357887 -0.000001
-3.022906 14.357887 -2.256733
-3.019272 14.900039 -0.000001
-3.022906 14.900039 -2.256733
-2.806422 14.357887 -2.806422
-2.806422 14.900039 -2.806422
-2.256733 14.357881 -3.022907
-2.256733 14.900033 -3.022907
-0.000000 14.900033 -3.019273
-0.000000 14.357881 -3.019273
2.256732 14.357887 -3.022907
2.256732 14.900039 -3.022907
2.806421 14.900033 -2.806422
2.806421 14.357881 -2.806422
3.022906 14.900033 -2.256734
3.022906 14.357881 -2.256734
3.019272 14.900033 -0.000001
3.019272 14.357881 -0.000001
3.022906 14.357887 2.256732
3.022906 14.900039 2.256732
2.806422 14.900033 2.806419
2.806422 14.357881 2.806419
2.256733 14.900033 3.022905
2.256733 14.357881 3.022905
0.000000 14.900039 3.019270
0.000000 14.357887 3.019270
-2.256732 14.357887 3.022905
-2.256732 14.900039 3.022905
-2.806421 14.357887 2.806420
-2.806421 14.900039 2.806420
-3.022906 14.357881 2.256732
-3.022906 14.900033 2.256732
-2.868800 9.380005 -2.868800
-2.868800 5.696926 -2.868800
-2.275004 5.696923 -3.114759
-2.275003 9.380002 -3.114759
0.000001 5.696923 -3.114759
-0.000001 9.380002 -3.114759
2.275003 5.696926 -3.114759
2.275003 9.380005 -3.114759
2.868799 5.696923 -2.868801
2.868799 9.380002 -2.868801
3.114758 5.696923 -2.275005
3.114758 9.380002 -2.275005
3.114758 5.696923 -0.000000
3.114758 9.380002 -0.000002
3.114758 5.696926 2.275002
3.114758 9.380005 2.275002
2.868800 5.696923 2.868798
2.868800 9.380002 2.868798
2.275004 5.696923 3.114756
2.275004 9.380002 3.114756
-0.000001 5.696926 3.114756
0.000001 9.380005 3.114756
-2.275003 5.696926 3.114756
-2.275003 9.380005 3.114756
-2.868799 5.696926 2.868798
-2.868799 9.380005 2.868798
-3.114758 5.696923 2.275002
-3.114758 9.380002 2.275002
-3.114758 5.696926 -0.000001
-3.114758 9.380005 0.000001
-3.114758 5.696926 -2.275004
-3.114758 9.380005 -2.275004
-2.868800 4.621241 -2.868800
-2.868800 0.938162 -2.868800
-2.275003 0.938160 -3.114759
-2.275004 4.621239 -3.114759
0.000001 0.938160 -3.114759
-0.000001 4.621239 -3.114759
2.275002 0.938162 -3.114759
2.275003 4.621241 -3.114759
2.868799 0.938160 -2.868801
2.868799 4.621239 -2.868801
3.114758 0.938160 -2.275004
3.114758 4.621239 -2.275005
3.114758 0.938160 -0.000000
3.114758 4.621239 -0.000002
3.114758 0.938162 2.275002
3.114758 4.621241 2.275002
2.868800 0.938160 2.868798
2.868800 4.621239 2.868798
2.275004 0.938160 3.114756
2.275004 4.621239 3.114756
-0.000001 0.938162 3.114756
0.000001 4.621241 3.114756
-2.275003 0.938162 3.114756
-2.275003 4.621241 3.114756
-2.868799 0.938162 2.868798
-2.868799 4.621241 2.868798
-3.114758 0.938160 2.275002
-3.114758 4.621239 2.275002
-3.114758 0.938162 -0.000001
-3.114758 4.621241 0.000001
-3.114758 0.938162 -2.275003
-3.114758 4.621241 -2.275004
-3.114758 14.094603 -2.275004
-3.114758 10.411523 -2.275004
-2.868800 10.411523 -2.868800
-2.868800 14.094603 -2.868800
-2.275004 10.411518 -3.114759
-2.275004 14.094598 -3.114759
0.000002 10.411518 -3.114759
-0.000002 14.094598 -3.114759
2.275003 10.411523 -3.114759
2.275003 14.094603 -3.114759
2.868799 10.411518 -2.868801
2.868799 14.094598 -2.868801
3.114758 10.411518 -2.275005
3.114758 14.094598 -2.275005
3.114758 10.411518 0.000001
3.114758 14.094598 -0.000003
3.114758 10.411523 2.275002
3.114758 14.094603 2.275002
2.868800 10.411518 2.868798
2.868800 14.094598 2.868798
2.275004 10.411518 3.114756
2.275004 14.094598 3.114756
-0.000002 10.411523 3.114756
0.000002 14.094603 3.114756
-2.275003 10.411523 3.114756
-2.275003 14.094603 3.114756
-2.868799 10.411523 2.868798
-2.868799 14.094603 2.868798
-3.114758 10.411518 2.275002
-3.114758 14.094598 2.275002
-3.114758 10.411523 -0.000002
-3.114758 14.094603 0.000002
-2.868800 15.233200 -2.868800
-2.275004 15.233194 -3.114759
-0.000000 15.233194 -3.114759
2.275003 15.233200 -3.114759
2.868799 15.233194 -2.868801
3.114758 15.233194 -2.275005
3.114758 15.233194 -0.000001
3.114758 15.233200 2.275002
2.868800 15.233194 2.868798
2.275004 15.233194 3.114756
0.000000 15.233200 3.114756
-2.275003 15.233200 3.114756
-2.868799 15.233200 2.868798
-3.114758 15.233194 2.275002
-3.114758 15.233200 -0.000000
-3.114758 15.233200 -2.275004
-3.022906 14.764488 -2.256733
-3.022906 14.493439 -2.256733
-2.806422 14.493439 -2.806422
-2.806422 14.764488 -2.806422
-2.256733 14.493433 -3.022907
-2.256733 14.764482 -3.022907
-0.000000 14.493433 -3.019273
-0.000000 14.764482 -3.019273
2.256732 14.493439 -3.022907
2.256732 14.764488 -3.022907
2.806421 14.493433 -2.806422
2.806421 14.764482 -2.806422
3.022906 14.493433 -2.256734
3.022906 14.764482 -2.256734
3.019272 14.493433 -0.000001
3.019272 14.764482 -0.000001
3.022906 14.493439 2.256732
3.022906 14.764488 2.256732
2.806422 14.493433 2.806419
2.806422 14.764482 2.806419
2.256733 14.493433 3.022905
2.256733 14.764482 3.022905
0.000000 14.493439 3.019270
0.000000 14.764488 3.019270
-2.256732 14.493439 3.022905
-2.256732 14.764488 3.022905
-2.806421 14.493439 2.806420
-2.806421 14.764488 2.806420
-3.022906 14.493433 2.256732
-3.022906 14.764482 2.256732
-3.019272 14.493439 -0.000001
-3.019272 14.764488 -0.000001
-3.022906 5.345923 -2.256733
-3.022906 5.074875 -2.256733
-2.806422 5.074875 -2.806422
-2.806422 5.345923 -2.806422
-2.256733 5.074872 -3.022907
-2.256733 5.345921 -3.022907
-0.000000 5.074872 -3.019273
-0.000000 5.345921 -3.019273
2.256732 5.074875 -3.022907
2.256732 5.345923 -3.022907
2.806421 5.074872 -2.806422
2.806421 5.345921 -2.806422
3.022906 5.074872 -2.256734
3.022906 5.345921 -2.256734
3.019272 5.074872 -0.000001
3.019272 5.345921 -0.000001
3.022906 5.074875 2.256732
3.022906 5.345923 2.256732
2.806422 5.074872 2.806419
2.806422 5.345921 2.806419
2.256733 5.074872 3.022905
2.256733 5.345921 3.022905
0.000000 5.074875 3.019270
0.000000 5.345923 3.019270
-2.256732 5.074875 3.022905
-2.256732 5.345923 3.022905
-2.806421 5.074875 2.806420
-2.806421 5.345923 2.806420
-3.022906 5.074872 2.256732
-3.022906 5.345921 2.256732
-3.019272 5.074875 -0.000001
-3.019272 5.345923 -0.000001
-3.022906 10.002057 -2.256733
-3.022906 9.731008 -2.256733
-2.806422 9.731008 -2.806422
-2.806422 10.002057 -2.806422
-2.256733 9.731004 -3.022907
-2.256733 10.002052 -3.022907
-0.000000 9.731004 -3.019273
-0.000000 10.002052 -3.019273
2.256732 9.731008 -3.022907
2.256732 10.002057 -3.022907
2.806421 9.731004 -2.806422
2.806421 10.002052 -2.806422
3.022906 9.731004 -2.256734
3.022906 10.002052 -2.256734
3.019272 9.731004 -0.000001
3.019272 10.002052 -0.000001
3.022906 9.731008 2.256732
3.022906 10.002057 2.256732
2.806422 9.731004 2.806419
2.806422 10.002052 2.806419
2.256733 9.731004 3.022905
2.256733 10.002052 3.022905
0.000000 9.731008 3.019270
0.000000 10.002057 3.019270
-2.256732 9.731008 3.022905
-2.256732 10.002057 3.022905
-2.806421 9.731008 2.806420
-2.806421 10.002057 2.806420
-3.022906 9.731004 2.256732
-3.022906 10.002052 2.256732
-3.019272 9.731008 -0.000001
-3.019272 10.002057 -0.000001
