-2.0928 -1.8298 2.6779
-1.9832 -1.8329 2.6686
-1.8109 -1.8361 2.9069
-1.8682 -1.7856 2.5940
-1.7377 -1.8292 2.8547
-2.0594 -1.7892 2.5173
-1.5502 -1.7675 2.8153
-1.5164 -1.7881 3.0257
-1.6834 -1.8243 3.0433
-1.5083 -1.7861 2.9571
-1.6055 -1.7705 3.1476
-1.4989 -1.7512 3.0972
-1.3897 -1.7153 3.0884
-1.7502 -1.7462 3.1938
-1.7256 -1.8034 3.1248
-1.8552 -1.8056 3.1047
-1.5868 -1.6979 3.2103
-1.9292 -1.8294 2.9894
-0.2855 -0.2085 0.0199
-1.2225 -0.1351 1.2730
0.5115 -0.1824 1.4684
-1.4051 -1.6054 3.1673
-1.3551 -1.6588 3.1242
-1.2605 -1.5432 3.1288
-1.5854 -1.6236 3.2342
-1.5104 -1.5108 3.1941
-1.3481 -1.4019 3.1458
-1.3482 -1.7363 2.9043
-1.6379 -1.6962 2.6390
-0.3135 -0.5051 0.3721
-0.7792 -0.5205 0.6227
-1.4674 -0.4894 -0.4832
-1.3692 -1.7008 2.8085
-1.3932 -1.6158 2.7343
-1.3325 -1.7383 2.9948
-1.1230 -1.6080 2.9784
-1.1593 -1.6280 3.0301
-1.1832 -1.6220 2.9054
-1.1534 -1.5773 3.0879
0.9692 -0.5310 1.7852
-0.1378 -0.5548 2.1814
-0.5395 -0.5253 1.2547
-1.1663 -1.5480 2.8437
-1.1962 -1.4424 3.1353
-0.9926 -1.5206 3.0481
-0.9204 -1.4410 3.0006
-1.0143 -1.4876 3.1214
-1.0973 -1.4615 3.1412
-0.9239 -1.4218 3.1252
-0.8779 -1.3783 3.0637
-1.0171 -1.3606 3.1806
-0.9387 -1.3002 3.2134
-0.9302 -1.3748 2.9245
-0.8403 -1.3005 2.9750
-1.0955 -1.3940 3.1452
-1.1798 -1.3675 3.1164
-1.2608 -1.3242 3.1076
-1.1908 -1.2726 3.1308
-1.0904 -1.3105 3.1529
-1.0076 -1.2663 3.2344
-1.1103 -1.2584 3.1939
-1.0870 -1.2099 3.2628
-0.8742 -1.2930 3.1667
-0.1014 -0.1365 2.0866
-0.7834 -1.2203 3.0047
-0.8078 -1.2119 3.0785
0.6597 -0.4458 -1.2968
1.5230 -0.4720 -0.1035
0.0738 -0.4712 -0.5057
-0.7549 -1.1374 3.0923
-0.8265 -1.1107 3.1813
-0.6023 -1.0624 3.1867
-0.7310 -1.1528 2.9867
-0.9000 -1.1891 3.2501
-0.8601 -1.1817 3.1854
-0.9794 -1.1486 3.2901
-0.8905 -1.1188 3.2352
-0.9479 -1.0906 3.2689
-0.7124 -1.0428 3.3006
-0.8208 -1.0543 3.2561
-0.6406 -1.1003 3.0185
-0.4568 -1.0142 3.1707
-0.4502 -0.9626 3.2971
-0.8234 -0.9957 3.3523
-0.7381 -0.9711 3.3873
-0.6284 -1.0084 3.3358
-0.5218 -0.9387 3.3746
-0.6158 -0.9207 3.4016
-0.1700 -0.9279 3.2237
-0.2706 -0.9112 3.3306
0.1299 -0.8267 3.2739
0.0516 -0.8193 3.3409
-0.2580 -0.8709 3.3757
-0.3095 -0.8054 3.4074
0.0489 -0.7704 3.3793
-0.4228 -0.8971 3.3648
-0.5037 -0.7072 3.4190
0.1445 -0.6178 3.4044
-2.0003 -1.7547 2.4574
-2.0296 -1.6825 2.3509
-2.0193 -1.6191 2.3063
-1.8517 -1.5648 2.4091
1.0550 -0.5056 1.0056
-0.8617 -0.4679 -1.2806
-1.4933 -1.4860 2.6406
-1.8029 -1.3899 2.4030
-1.7907 -0.5017 -1.0218
-0.9563 -1.2705 2.8558
-1.2152 -1.2839 2.7286
-1.5286 -1.1743 2.5324
-0.7755 -1.1867 2.9421
-0.6570 -1.0023 2.8923
-0.5744 -1.0407 2.9798
-0.9822 -0.9704 2.7338
-0.7582 -0.7818 2.7529
-0.0323 -0.8851 3.0933
-0.2765 -0.9591 3.1243
-0.4375 -0.9915 3.0601
-0.3982 -0.9439 2.9927
-0.3503 -0.8496 2.9338
-0.4277 -0.7541 2.8686
-0.1504 -0.8719 3.0014
0.0488 -0.7903 2.9591
-0.0310 -0.7583 2.9279
-0.4670 -0.6379 2.7952
-0.0707 -0.6938 2.9051
-0.2996 -0.5984 2.7533
0.1081 -0.6206 2.8687
-0.1570 -0.6431 2.8762
0.1648 -0.6014 2.8062
1.0902 -0.2424 -0.3097
2.3820 0.3515 3.1499
2.6102 0.4613 3.0731
2.8454 0.3785 2.7506
3.3671 -1.7976 -0.0514
3.3557 -1.7687 0.0748
3.3166 -1.8242 0.0684
3.3967 -1.6786 0.0006
3.4208 -1.7041 -0.1467
3.2343 -1.8226 -0.3791
3.1693 -1.8359 -0.1092
3.1166 -1.8290 -0.2947
3.0776 -1.7996 -0.4255
3.4643 -0.1635 1.7177
3.3646 -0.2865 1.3736
3.7163 -0.1198 1.2446
3.3279 -1.8257 -0.1744
3.2409 -1.8379 0.0964
3.3978 -1.7647 -0.2441
3.7109 -0.0272 1.5940
1.6091 0.4102 4.0911
1.3880 0.5635 4.2244
1.3893 0.2878 4.1085
3.3201 -1.8080 -0.3389
3.3655 -1.7744 -0.3373
1.6474 0.6337 4.1829
1.7410 0.5204 4.0953
3.4242 -1.6798 -0.2993
3.4859 -0.2917 1.0771
0.3739 -0.7923 3.0927
0.6498 -0.7704 3.0314
0.7522 -0.7649 3.1041
3.0030 0.0414 1.6352
2.6890 0.0523 2.2120
2.9646 0.0918 1.9785
3.4248 -1.5795 -0.2826
3.4214 -1.5873 -0.1231
3.2452 -1.7849 -0.4832
3.3236 -1.7430 -0.4534
3.9006 -0.0392 0.9721
3.1527 -1.7820 -0.4937
0.9130 -0.7392 2.8848
0.4495 -0.7482 2.9778
3.1833 -1.7178 -0.5658
3.2410 -1.6796 -0.5709
0.5175 -0.6877 2.8892
3.3107 -1.6504 -0.5220
2.9186 -0.0323 1.1368
2.4345 -0.0673 1.8507
3.3934 -1.6736 -0.3957
0.8795 -0.6711 2.7741
3.9476 0.1391 1.3965
0.6031 -0.6160 2.8055
4.0501 0.1375 1.0476
3.3869 -1.5851 -0.4231
2.3224 0.6935 3.4767
2.6425 0.6630 3.2063
2.3032 0.5097 3.3633
2.7844 -1.6243 0.5576
2.8207 -1.5699 0.7417
2.7634 -1.5407 0.7540
2.9681 -1.4826 0.7415
2.8958 -1.4824 0.8229
2.8849 -1.5979 0.6649
2.7547 -1.4716 0.8499
2.7972 -1.4571 0.8798
2.7352 -1.5525 0.6057
2.4707 0.6340 3.7148
2.5548 0.3988 3.5566
2.8966 0.4450 3.3057
2.6958 -1.4019 0.8499
2.6748 -1.3834 0.7187
1.1936 -0.6282 3.1338
1.4227 -0.7093 2.9775
1.6905 -0.6463 2.8779
3.0049 -1.3665 0.8292
2.8772 -1.3516 0.9309
1.1529 -0.7110 3.1057
1.4865 -0.7327 2.8630
2.9085 0.7254 3.4100
1.3500 -0.7497 2.7790
2.5953 -1.1903 0.8971
2.7181 -1.3364 0.9496
2.7665 -1.2947 0.9874
2.6688 -1.2540 0.9866
2.7191 -1.1914 1.1014
3.3478 0.1577 1.4992
3.5864 -0.2538 0.8980
3.8491 -0.1058 0.8134
2.6146 -1.1470 1.1448
2.6069 -1.1979 0.9831
0.8447 -0.7093 3.2197
3.4243 0.1307 1.1353
3.5830 0.2347 1.1607
3.5555 0.1441 0.6154
2.5287 -1.0721 1.1706
0.7758 -0.6069 3.3187
2.9543 -1.2835 0.9175
1.0302 -0.4361 3.3232
1.2776 -0.4260 3.2252
1.1132 -0.3487 3.4555
2.8709 0.5882 2.9366
4.1330 0.3640 1.3118
2.5664 -1.0521 0.7992
2.4315 -0.8504 1.0820
2.5516 -0.8862 0.4156
2.9355 0.7507 2.9837
3.0852 -1.2058 0.8222
2.8128 -1.2293 1.0270
0.9368 -0.1479 2.2410
1.5902 -0.1728 1.8630
0.6220 -0.7453 3.2271
2.9252 -1.1703 0.9943
3.0245 -1.1481 0.8851
2.4483 -0.7235 0.6140
2.9012 0.8873 3.0818
3.0362 -1.0826 0.8837
2.7328 -1.1328 1.1994
2.6295 -1.0785 1.2889
1.5997 -0.1562 2.1511
1.4873 -0.1255 2.4142
1.2116 -0.7262 2.7478
2.7836 -1.0601 1.2797
2.5678 0.8034 3.3497
2.8236 -0.9126 1.4396
2.9490 -1.0101 1.2004
2.8908 -0.8415 1.4939
2.6810 0.9623 3.3105
2.4491 -0.6586 0.1463
3.2879 0.6288 3.0055
3.4823 0.3175 1.7028
2.8515 -1.1494 1.0888
0.9403 -0.5225 3.2947
1.3314 -0.5043 3.1281
3.1918 0.4348 3.0168
1.0859 -0.1196 2.5474
2.3497 -0.5704 0.5478
2.3178 -0.7031 1.2180
0.9711 -0.5956 2.6223
0.9367 -0.6202 2.7054
3.6196 0.3450 1.4319
2.9991 -1.0587 1.0152
2.2738 -0.5705 1.0445
3.0946 -1.0244 0.8483
3.7036 0.4622 1.4656
3.2275 0.8351 3.1469
2.2670 -0.5354 0.7626
2.9789 -0.8345 1.3640
3.0603 -0.9610 1.1000
2.2113 -0.5136 0.5152
2.1050 -0.5326 1.3396
3.1461 -0.8907 0.9679
3.7725 0.3978 1.0885
1.9723 -0.5092 1.0202
2.1659 -0.4960 0.2680
1.4071 -0.1750 1.6043
2.6752 0.8758 3.6561
2.9560 0.9065 3.4597
3.1009 -0.6984 1.1260
2.3193 -0.5289 0.2294
3.1700 -1.8203 0.2529
2.9598 -1.7866 0.3659
2.9678 -1.7967 0.2675
3.0076 -1.7616 0.4250
3.1530 -1.7888 0.3221
3.1190 -1.7278 0.4016
3.2586 0.9218 3.1964
1.2760 -0.6728 2.6178
1.2482 -0.6092 2.5651
3.7426 0.2952 0.8105
3.1216 0.9906 3.3961
3.1111 -1.8340 0.1980
3.0124 -1.8238 -0.0246
2.9931 1.0169 3.5169
3.3517 1.1405 3.2156
2.8951 -1.7605 0.2076
3.2219 1.1698 3.2964
2.7591 1.1835 3.6558
2.8572 1.0798 3.6169
3.2958 -1.8026 0.1615
3.8939 0.5721 1.0737
3.3149 -1.6720 0.2046
3.2624 -1.7468 0.2554
2.5455 -0.8296 -0.0293
2.1447 0.5084 3.8732
1.9040 0.6609 4.0600
1.4490 -0.6296 2.4749
1.5687 -0.6694 2.4277
3.3542 -1.5992 0.1142
3.1597 -1.6097 0.4082
2.3889 -0.5695 -0.0782
1.4801 -0.6000 2.4160
1.3199 -0.5685 2.2503
1.8088 -0.5656 1.9893
3.2257 -1.5573 0.3246
3.9632 0.2821 1.6440
2.8596 -1.7424 0.3845
2.8983 -1.7184 0.4779
4.0304 0.4452 1.7119
2.7967 -1.6748 0.3679
2.8328 -1.6878 0.0203
2.8345 -1.6448 0.5622
2.3485 -0.5417 -0.5199
2.4310 -0.6621 -0.5144
2.2673 -0.5037 -0.2893
2.7691 -1.5770 0.2324
2.7273 -1.5388 0.4749
2.9509 -1.6781 0.5268
2.9773 -1.5988 0.5860
3.0333 -1.5980 0.5319
0.6582 -0.5569 2.2440
4.2323 0.3040 0.7503
2.1321 -0.4866 -0.2473
4.2344 0.4359 1.0822
3.1707 -1.4327 0.4129
2.4033 0.8468 3.8298
4.2437 0.6530 1.3214
2.4885 0.9235 3.8330
3.0198 -1.4427 0.6529
3.0757 -1.4397 0.5467
1.8884 -0.4734 -0.9089
3.0910 -1.3540 0.5329
0.2545 -0.8136 3.1928
4.3232 0.6631 1.0352
2.8875 -1.7122 -0.3249
1.7540 0.7881 4.1547
2.7868 -1.5659 -0.1643
2.7608 -1.4880 0.1273
2.1133 0.8194 3.9910
0.2017 -0.7976 3.0286
1.1473 -0.2084 1.0940
4.1129 0.6112 1.6609
2.8945 -1.6341 -0.7580
3.0638 -1.6948 -0.6638
2.9701 -1.7090 -0.6513
0.4021 -0.7378 3.3174
0.5161 -0.6504 3.3449
2.9106 -1.6887 -0.6130
2.2051 0.8335 3.6200
1.9705 0.6418 3.6657
1.8182 0.7836 3.8209
2.7875 -1.5797 -0.5380
2.7000 -1.2848 -0.2105
2.5881 -1.1980 -0.8535
2.7327 -1.4972 -0.8126
2.6754 -1.4104 -0.8067
2.5880 -1.0817 -0.5724
2.9813 -1.7862 -0.3342
0.2871 -0.4910 3.4226
1.7400 0.9413 3.9117
2.1887 1.0159 3.6849
0.2669 -0.7271 2.9439
0.2400 -0.6689 2.9043
3.7992 0.6616 1.5299
3.9824 0.7440 1.0469
2.0128 0.8875 4.0751
0.3580 -0.6204 2.8658
2.4102 0.9631 3.9211
2.0074 0.9448 4.1335
2.0554 0.9983 4.1400
2.1337 1.0659 4.1139
2.3692 1.0562 3.9725
2.3214 1.1810 4.0298
2.2430 1.1601 4.0795
2.6122 1.0178 3.8074
2.7214 0.9507 3.6977
3.3616 -1.4107 -0.2473
3.3725 -1.4793 -0.0564
1.4479 -0.1943 1.1201
3.0607 -1.7439 -0.5565
3.1375 -1.6060 -0.6866
-0.2149 -0.5354 3.4395
2.4152 1.3024 3.9106
2.3534 1.2737 4.0174
4.1595 0.8224 1.6852
1.7856 -0.1765 1.3977
3.2145 -1.5355 -0.6244
4.2961 0.8966 1.4052
2.0221 0.4294 3.4851
4.1736 0.9032 1.7627
3.3595 -1.4519 -0.3499
3.3128 -1.4528 -0.4693
0.6345 -0.5261 3.3893
0.7620 -0.4859 3.4962
0.7094 -0.5107 3.4174
0.8049 -0.5142 3.3999
3.2681 -1.4719 -0.5538
4.4334 0.9326 0.9742
4.3621 0.9616 1.4202
0.5962 -0.4142 3.5121
3.3249 -1.3258 -0.3709
3.3511 -1.2898 -0.1634
0.6975 -0.4072 3.5766
3.2780 -1.3611 -0.5086
0.8069 -0.4448 3.5585
0.8428 -0.4802 3.4782
0.9638 -0.3867 3.4942
0.8965 -0.3697 3.5792
3.3051 -1.2474 -0.4993
0.9293 -0.4506 3.3872
3.8799 0.4187 0.6495
2.7289 -1.3301 0.0682
0.7847 -0.3805 3.6129
2.4417 1.1148 3.5304
0.8810 -0.2970 3.6629
3.7599 0.2461 0.1608
3.8158 0.3174 0.4638
0.4718 -0.4034 3.4956
0.1763 -0.4268 3.4763
0.2255 -0.3316 3.6756
0.6288 -0.3164 3.6598
3.3598 -1.1820 -0.3538
3.3308 -1.0449 -0.5833
2.6688 -1.2238 0.4550
3.9494 0.4724 0.3444
4.0329 0.6621 0.5369
2.0181 1.1294 3.8031
0.6424 0.0707 3.5318
1.3063 -0.0258 3.0633
0.5614 -0.0030 3.3151
2.6337 -1.0374 0.1544
2.7666 1.2451 3.2917
2.9715 1.1617 3.0875
4.3137 0.4723 0.7699
2.3633 -0.1231 0.5370
2.0350 -0.1554 0.0280
1.8221 -0.1816 0.5074
4.3915 0.6444 0.6412
3.0158 1.2923 3.4397
2.5274 -0.8621 -0.4578
2.6569 1.3408 3.7282
2.8661 1.4256 3.5842
-0.2173 -0.0689 2.8938
0.4346 -0.0631 3.0205
2.5013 1.4053 3.8439
4.4275 0.8442 0.7306
4.3785 0.8764 1.0539
2.6664 1.4945 3.7720
4.4533 0.7816 0.3443
4.4869 0.9049 0.4132
2.3687 1.4262 3.6035
1.8465 -0.1565 1.0739
2.1170 -0.1442 1.2024
2.6644 1.4642 3.3834
1.2690 -0.0872 2.7916
3.0798 1.4861 3.4309
3.2515 -1.4752 0.2748
3.0653 1.5273 3.4921
3.3138 -1.4418 0.1250
3.1580 -1.3287 0.4737
1.6795 -0.1237 2.2933
1.7011 -0.1065 2.4813
3.1007 -1.2728 0.5718
3.1501 -1.1890 0.5582
2.8663 1.5524 3.6698
1.8703 -0.1231 2.2118
4.4821 0.9959 1.0376
2.8021 1.6780 3.6743
2.8517 1.6046 3.6847
3.1342 1.6464 3.4189
3.2658 -1.3794 0.2683
3.2273 -1.2541 0.4564
3.2787 -1.2321 0.3944
1.5812 -0.2299 0.5055
3.3249 -1.3351 0.0617
3.1074 1.5910 3.4726
3.2777 1.5482 3.3026
3.3221 -1.2188 0.2647
4.5203 0.9770 0.7178
2.7854 1.7370 3.5907
3.1721 1.6931 3.3257
2.1047 -0.0570 2.3839
2.3981 -0.9096 1.3670
3.2698 -1.0141 0.5945
4.1228 0.9619 0.6858
3.3852 -1.1251 0.0057
3.3316 -1.0146 0.3879
4.0290 0.9284 1.1306
3.3503 -1.3860 -0.1207
2.1588 -0.5646 1.3963
4.1137 1.1898 0.9581
1.8630 -0.1628 1.9528
1.9144 -0.6081 2.0275
1.9088 -0.5767 1.9584
1.6925 -0.6268 2.2662
4.5345 1.0450 0.7927
3.4078 -0.9621 0.0375
3.5504 0.4804 1.8506
1.6440 -0.2500 -0.2046
1.7654 -0.5207 1.5075
3.4027 -1.0824 -0.2542
3.7395 0.7962 1.8216
3.3967 -0.9887 -0.3486
3.4218 -0.9201 -0.0970
1.6949 -0.5263 2.9563
1.6280 -0.4582 3.0343
1.5808 -0.4026 3.1280
1.7435 -0.4357 3.0390
3.4056 -0.7899 -0.1839
1.8705 -0.3485 3.1456
1.9406 -0.4190 3.0685
2.0215 -0.2865 3.1694
1.8035 -0.3138 3.2149
3.3731 -0.8588 -0.4349
1.5434 -0.3105 3.3766
3.0566 -1.3414 0.7254
3.1205 -1.2682 0.7434
3.1407 -1.2772 0.6719
3.1588 -1.1816 0.7090
3.8605 0.9613 1.6715
3.9231 0.8443 1.4105
3.1139 -1.1319 0.7803
3.1100 -1.2810 0.6314
1.4684 -0.2185 3.5892
1.2885 -0.3372 3.4190
4.0314 0.8403 2.0080
3.1617 -1.2294 0.6540
3.1461 -1.2004 0.6211
3.1394 -1.1315 0.6841
3.1625 -1.0758 0.6570
3.1153 -1.0709 0.7458
1.9089 -0.0939 3.5368
1.4331 -0.1107 3.7571
3.1807 -0.9669 0.8110
3.2264 -1.0956 0.5772
1.7754 -0.2187 -0.4461
1.7556 -0.2426 -0.1117
3.2610 -0.8852 0.6876
3.3334 -0.8407 0.3987
1.8977 -0.2094 3.3707
2.3727 -0.0700 3.2577
3.9923 1.1492 1.4038
2.2517 -0.2081 3.1309
3.2167 -0.6697 0.8170
3.6650 1.0445 2.1229
2.1507 0.1246 3.6185
3.7142 1.2239 2.0786
3.8905 1.1901 1.6944
3.3014 -0.6104 0.3764
3.2654 -0.5566 0.5894
3.2492 -0.5095 0.7803
3.7469 1.4813 2.0101
3.1491 -0.5320 1.0479
3.2497 -0.4893 0.8811
3.3275 -0.4557 0.8704
3.2586 -0.4299 1.0239
3.4253 -0.3949 0.9261
3.3338 -0.4316 0.9884
3.2980 -0.4417 0.7819
3.3874 -0.3997 0.8062
3.3316 -0.3935 0.6192
3.4844 -0.3243 0.7708
1.8403 0.0119 3.6939
3.4175 -0.3559 0.7498
3.2929 -0.4394 0.5314
3.9634 1.5181 1.5249
3.3192 -0.4504 0.2837
2.1105 0.3666 3.8228
1.8500 0.2303 3.8744
3.6182 -0.2627 0.3774
1.8521 -0.5875 2.8251
1.8169 -0.4997 2.9503
1.8697 -0.4625 3.0263
1.9017 -0.4950 2.9371
3.3941 -0.8181 0.1101
2.0723 -0.3468 3.0620
1.7346 -0.0422 2.7933
3.3508 -0.6437 0.1287
3.2966 -0.1585 2.0663
3.1920 -0.0575 2.4500
2.9855 -0.1522 2.5243
3.4346 -0.0254 2.1506
2.1680 0.0054 2.6273
3.3613 -0.6181 -0.1709
1.4541 0.0896 3.3402
1.8201 0.1167 3.2056
1.7804 0.0386 3.0469
3.3386 -0.4963 -0.0389
2.4859 -0.7850 1.9661
2.5625 -0.9313 1.6070
2.7171 -0.9060 1.5804
2.7050 -0.8227 1.7646
2.7686 -0.7739 1.7500
2.3220 -0.8242 1.7787
2.4168 -0.8558 1.7782
2.2811 -0.7557 2.0369
2.2891 -0.7372 2.1940
2.5000 -0.7257 2.1018
4.1420 1.6219 0.9124
4.0855 1.4903 1.1405
2.2344 -0.6597 2.4359
2.6131 -0.6481 2.0565
4.1874 1.2862 0.6021
3.3584 -0.4131 -0.0450
3.3632 -0.3815 0.2801
2.3824 -0.5593 2.3408
3.7264 0.0925 1.8292
3.3536 -0.4910 -0.2093
3.3903 -0.3739 -0.0335
3.1876 -0.2697 1.8585
2.2507 -0.7819 1.7040
2.1311 -0.7330 1.9812
4.4144 1.0134 1.3274
4.2384 0.9710 1.7878
2.2208 -0.7017 1.5333
2.1346 -0.7215 1.8535
2.1989 -0.3321 2.9100
3.5184 0.2201 2.3961
2.7702 -0.6483 1.8326
4.3920 1.0704 1.3948
4.4874 1.1522 0.9377
3.4715 -0.3401 -0.0785
4.3839 1.2034 1.3055
2.7631 0.1860 3.2213
2.6441 -0.4936 2.1585
2.7342 -0.4653 2.1889
2.7150 -0.3952 2.2684
3.7734 0.2858 2.0484
2.8170 -0.4447 2.2002
2.8247 -0.3643 2.2679
2.9039 -0.3197 2.2483
2.7255 -0.5381 1.9982
2.8088 -0.5086 1.8402
2.5728 -0.5332 2.1702
2.4636 0.1040 2.6565
2.2152 -0.1253 -0.7801
2.7971 -0.4772 1.9658
2.8638 -0.4565 2.0539
2.8132 -0.4897 2.0887
2.7464 -0.5047 2.0939
4.4682 1.3244 0.9448
2.2762 0.1707 2.9824
2.8858 -0.4327 2.1477
4.5250 1.2877 0.6412
2.9293 -0.3820 2.0864
4.0410 0.9550 2.1697
2.9255 -0.3805 1.9976
2.9351 -0.3772 1.8849
2.9548 -0.3243 2.1703
4.2736 1.1361 1.7446
4.2289 1.0759 1.8792
3.0041 -0.3000 2.1021
4.0969 1.0177 2.1262
3.0206 -0.2337 2.2545
3.7889 0.5137 2.2465
3.8977 0.3905 1.9430
2.6214 0.2358 2.7757
4.2531 1.1921 1.8768
4.1956 1.1697 1.9775
2.4832 -0.9752 1.4179
4.2663 1.3011 1.9282
4.1181 0.1265 0.6733
2.6815 -0.9828 1.4363
4.2827 1.2680 1.8331
4.2694 1.2283 1.7421
2.9793 -0.0502 0.3158
2.5893 -0.1012 0.9050
3.8716 -0.1288 0.2230
3.9504 0.6227 2.0337
4.0221 -0.0156 0.3916
1.9936 0.2302 3.2831
3.1710 -0.4048 1.1547
3.1463 -0.4581 1.1118
4.3025 1.2918 1.5357
3.3286 -0.3507 1.1397
4.2655 1.3653 1.7236
4.2888 1.4382 1.6263
3.0712 -0.3972 1.4157
3.0814 -0.3612 1.6321
2.9289 -0.0183 2.8191
4.1586 1.2755 2.0200
4.0863 1.2666 2.0911
2.9308 -0.7107 1.5243
4.2094 1.3126 1.9956
3.3150 0.1450 2.5928
4.1955 1.4132 1.9780
4.2845 1.3408 1.8393
3.9509 1.2902 2.2964
4.0948 1.4393 2.0722
0.9265 -0.2022 3.7950
3.9837 1.4172 2.2596
3.1311 0.1638 2.8384
4.1131 1.5001 2.0930
2.9559 -0.5808 1.4814
4.2596 1.3996 1.8940
4.2603 1.4187 1.8302
3.2766 0.0600 1.0398
4.1975 1.4612 1.9498
4.2397 1.4884 1.8581
4.1686 1.5680 2.0764
3.2503 0.3165 2.8605
4.3063 1.5759 1.7861
3.5265 0.4493 2.6059
1.0950 -0.1022 3.8884
4.2433 0.2555 0.3668
4.2211 1.6441 1.9572
4.3766 1.3706 1.3273
4.3332 1.4909 1.5624
4.3882 0.5340 0.3292
4.4137 1.5459 1.4576
4.4097 1.6031 1.5250
1.8983 -0.7345 2.4794
1.1724 0.0532 3.3629
2.9552 0.2579 2.4368
2.9229 0.1689 2.2903
1.6916 -0.7230 2.4867
3.0662 0.4389 2.5629
4.3618 1.6447 1.6380
1.5526 0.2149 3.5122
3.2485 0.0165 0.4782
4.1875 1.7105 1.8901
4.3753 1.6941 1.4942
1.0974 0.1873 3.6463
3.0004 -0.4679 1.4379
4.2913 1.7586 1.4088
1.8319 -0.6898 2.2501
0.8634 0.1283 3.6164
1.0960 0.3355 3.8217
1.4095 0.3073 3.6834
4.4696 1.4766 1.0655
3.2286 0.3001 2.1304
1.9857 -0.6896 2.6265
2.1111 -0.7092 2.4873
3.2927 0.5165 2.3474
2.3620 -0.4648 2.4184
2.8791 -0.4318 1.7560
1.9887 -0.5496 2.7377
3.1231 0.6345 2.6889
3.3195 0.7016 2.4804
1.4107 0.0822 3.9549
4.5634 1.5657 0.9451
4.5428 1.5294 0.9092
4.5290 1.6023 1.1226
1.9907 -0.4599 2.9826
1.9257 -0.5164 2.8433
4.4716 1.6551 1.2920
4.5823 1.6632 0.7870
2.0092 -0.4546 2.8875
2.0808 -0.3841 2.9790
4.4802 1.6988 1.1387
4.4540 1.7455 0.9458
4.5605 1.7228 0.5909
2.0908 -0.4540 2.7279
2.1484 -0.3955 2.7801
3.6104 0.7010 2.6355
4.0412 1.6633 1.3209
4.0257 1.7171 1.4685
4.1645 1.7248 0.9921
2.1533 -0.7304 2.1032
1.9723 -0.7216 2.2281
2.0025 -0.6716 2.0192
1.7338 0.3602 3.5822
2.3622 -0.4149 2.4923
2.4686 -0.3557 2.5629
3.5323 0.8318 2.8018
4.4434 1.7753 0.5695
4.2017 1.7689 1.2146
4.1572 1.6952 0.9193
2.7388 -0.0854 -0.2766
2.6401 -0.1420 2.9259
2.5121 -0.2577 2.7938
2.0673 -0.6209 1.7899
3.7164 0.8673 2.5716
4.3354 1.7743 0.5208
1.3158 0.4859 3.8690
3.9067 0.8866 2.2874
3.7909 0.9595 2.5855
3.5254 0.9212 2.8957
2.6618 -0.0283 3.0712
2.0164 -0.5629 1.7383
3.4610 0.0818 0.0257
3.2134 0.1738 1.8457
3.3997 0.4438 2.0874
1.5926 0.5698 3.8110
3.0822 -0.0243 -0.3623
3.5847 0.7370 2.0757
2.5739 -0.3998 2.3156
3.6280 0.1617 0.0084
1.4755 0.7970 3.9737
2.6815 -0.3375 2.3807
2.8455 -0.2812 2.3579
3.1462 0.8184 2.7835
0.3853 -0.2119 3.8945
0.5959 -0.0875 4.0181
2.2562 -0.1220 1.5378
1.0228 -0.0015 4.0106
2.9724 0.3051 3.1453
3.4321 1.0256 3.0983
3.6712 0.9935 2.7899
3.5027 1.0880 3.0212
3.4471 1.1725 3.1164
0.7418 0.1138 4.1710
1.1129 0.1955 4.1447
2.3887 0.2358 3.5589
3.4366 0.8818 2.4279
1.0179 0.3641 4.2603
3.1953 1.0453 2.8153
3.4343 1.0858 2.5154
3.7386 1.0471 2.7070
1.9253 -0.1867 1.5079
3.9593 1.1188 2.3429
3.9156 1.0111 2.4427
3.7024 1.1756 2.7094
3.4924 1.2343 3.0217
3.2869 1.2233 3.2618
3.2449 1.3413 3.2754
3.3378 1.3748 2.6754
3.1732 1.4560 2.8872
3.5451 1.2963 2.3781
3.5009 1.5735 2.4339
2.9398 1.4369 3.1351
3.1779 1.3857 3.3092
3.3423 1.3123 3.2567
3.3049 1.4388 3.2386
3.2187 1.6559 2.8267
3.3674 1.6386 2.6291
2.9752 1.6452 3.1004
3.2082 1.7055 2.8817
2.7349 1.6175 3.3145
2.6723 1.6709 3.3830
2.7597 1.7114 3.3467
3.0492 1.7328 3.1091
3.6050 1.2983 2.8206
3.4299 1.2731 3.1971
3.4740 1.2841 3.1315
3.4816 1.3437 3.0788
3.3483 1.3955 3.2398
3.4274 1.3707 3.1906
3.4597 1.4335 3.0723
3.4070 1.4580 3.1598
3.5206 1.3780 2.9424
3.6193 1.4643 2.8316
3.7871 1.3757 2.5739
3.4362 1.5045 3.1100
3.5127 1.5541 3.0503
3.6340 1.5143 2.8683
3.7163 1.5597 2.8010
3.6759 1.6329 2.8395
3.4233 1.6167 3.1460
3.8382 1.4878 2.5477
4.0482 1.5267 2.2604
3.8935 1.5632 2.5472
4.0497 1.5956 2.3027
4.0214 1.6756 2.2889
3.8623 1.6341 2.5839
3.8426 1.6859 2.5504
3.5322 1.6798 2.9633
3.5134 1.7356 2.8663
3.6142 1.6665 2.2653
3.9434 1.7677 1.9104
3.6561 1.7680 2.4417
4.0030 1.7665 2.0112
3.5306 1.7122 2.4527
3.7210 1.7479 2.2240
3.4047 1.7474 2.7113
3.2495 1.7567 3.0849
3.7958 1.7537 2.4303
3.8233 1.7165 1.9354
3.3168 1.4852 3.2290
3.0016 1.7581 3.2351
3.8628 1.6579 1.7857
-1.3404 0.2142 -3.6141
-0.7272 0.2144 -3.7781
-1.1463 0.3557 -3.8196
1.4677 0.9250 -3.8978
1.4961 1.2280 -3.9352
1.2030 1.1267 -4.0335
-0.3892 -0.5695 -3.3848
-0.3966 -0.7373 -3.3907
-0.8972 -0.7943 -3.3418
-1.2376 -0.9558 -3.2684
-0.9736 -0.9305 -3.3092
-1.1444 -1.0873 -3.2603
2.1964 -0.6346 -1.6766
2.0347 -0.5952 -1.9746
2.0938 -0.6765 -1.9155
-0.0872 -0.6697 -3.3990
1.8362 -0.6276 -2.2285
2.0663 -0.7123 -2.1667
1.9751 -0.6515 -2.0896
-1.0605 -0.7287 -3.3082
2.1259 -0.7188 -1.9707
-0.7640 -0.6231 -3.3428
-0.9672 0.4551 -3.9350
-0.6412 0.3446 -3.9152
1.9540 -0.5601 -2.0575
-0.9347 -0.5672 -3.3319
-1.5000 -0.7438 -3.1455
-1.3000 0.1331 -3.5152
-1.7472 0.1784 -3.3902
-1.4809 -0.5699 -3.1328
-0.4521 -0.4276 -3.4124
-0.1092 -0.4465 -3.4415
-0.0739 -0.5317 -3.4138
-1.1052 -0.5927 -3.2929
-0.9937 -0.5270 -3.3407
-0.6011 -0.3751 -3.4710
-0.2275 -0.3588 -3.5433
1.2977 1.2688 -4.4231
1.6880 1.2113 -4.3371
1.3484 1.0613 -4.4411
-1.6442 0.3040 -3.6012
-0.6888 -0.5098 -3.3516
2.1884 -0.7235 -2.2632
2.2710 -0.7598 -2.0883
1.1225 1.1009 -4.5096
-1.4342 0.3473 -3.7258
-0.1472 -0.3985 -3.4717
1.8339 -0.7091 -2.4260
0.4699 -0.7144 -2.8902
0.4035 -0.6567 -2.8341
0.1194 -0.8332 -2.9294
-1.7891 0.3910 -3.6110
-0.7270 -0.3989 -3.4085
-0.7951 -0.4548 -3.3659
0.1546 -0.6289 -2.7928
1.7696 1.0896 -4.2887
1.5637 1.0179 -4.3395
1.5741 -0.7217 -2.6688
1.8166 -0.7124 -2.6224
-1.0816 -0.4837 -3.3704
-0.9694 -0.4732 -3.4062
1.8046 1.1994 -4.2760
-1.0341 -0.4517 -3.4749
-0.9302 -0.3959 -3.5118
-0.8445 -0.4010 -3.4379
2.0533 -0.6803 -2.5522
2.4279 -0.6840 -2.2158
1.5047 1.2870 -4.3638
1.6066 1.2826 -4.3591
2.2026 -0.6475 -2.4751
-1.6372 0.5167 -3.7593
-1.0583 -0.3751 -3.5565
1.8015 -0.6699 -2.3393
0.3917 -0.5480 -2.7641
1.8538 1.2628 -4.2117
1.8868 1.2240 -4.2031
1.8532 1.3295 -4.2464
0.6626 -0.5305 -2.7407
0.7161 -0.6145 -2.8003
1.8190 1.3762 -4.2966
1.7134 1.3340 -4.3566
-0.3459 -0.3286 -3.6325
-0.8466 -0.3298 -3.5991
-0.9244 -0.4698 -1.8692
-1.3523 0.5431 -3.8807
0.2573 -0.5104 -2.7080
1.5294 1.4004 -4.3538
0.5995 -0.5261 -3.3342
0.6702 -0.6100 -3.3088
0.2143 -0.6721 -3.3804
0.3047 -0.5364 -3.4031
-1.3929 -0.4900 -3.1785
-1.1544 0.6683 -3.9942
-1.1755 -0.4815 -3.2948
1.6160 1.4438 -4.3611
1.0703 -0.7328 -2.9975
1.6866 1.4707 -4.3524
1.7721 1.4515 -4.3232
0.4724 -0.4482 -3.3911
-1.5088 -0.4210 -3.1544
1.6984 -0.6842 -2.8153
1.9590 -0.6504 -2.6700
1.6069 -0.6637 -2.8993
-1.2956 -0.3991 -3.3031
1.7813 -0.5694 -2.8229
-1.1471 -0.4142 -3.4701
-1.2776 -0.3618 -3.4282
-1.3038 0.2348 -4.1875
-0.8556 0.0966 -4.1950
-1.4016 0.0404 -4.0091
-0.8275 0.2343 -4.2922
-1.2038 -0.2925 -3.6134
2.2947 -0.5583 -2.4249
-1.4337 -0.3019 -3.4840
-0.0928 0.0195 -3.5094
-0.5705 -0.0109 -3.3968
-0.2843 -0.0606 -3.2369
-1.4765 -0.1494 -3.7482
-1.0432 0.3966 -4.3398
-1.3927 0.4108 -4.2529
0.2197 -0.1630 -2.6854
0.7778 -0.1549 -2.2066
0.4642 -0.1166 -2.9084
1.9087 -0.4726 -2.7541
-2.2401 -0.8491 -2.6635
-1.9533 -1.0489 -2.9093
-1.9843 -1.1863 -2.8380
-2.1207 -1.0232 -2.7276
-2.1856 -0.9718 -2.6209
-2.0977 -1.0935 -2.6518
1.9344 -0.4101 -2.7724
2.1757 -0.4098 -2.5962
-0.0371 -0.1291 -2.9020
-2.0279 -0.7609 -2.8305
1.9322 -0.3570 -2.8442
-0.1250 0.1359 -3.7350
-0.5727 0.0815 -3.6153
2.2368 -0.3643 -2.6145
-2.2711 -0.8716 -2.6089
1.9379 -0.2677 -3.1126
2.2724 -0.2938 -2.7620
-0.5395 -0.1511 -3.9694
-0.1562 -0.2412 -3.8333
-0.5259 -0.2837 -3.7420
2.3595 -0.1621 -3.0221
1.8452 -0.1838 -3.3656
-1.0127 0.6095 -4.4201
-0.8063 0.4992 -4.4256
1.1546 -0.0568 -2.9583
0.2682 -0.0516 -3.2622
-1.8278 -0.5385 -2.9571
-1.7945 -0.8312 -3.0160
2.0107 -0.0504 -3.4869
-1.6653 0.3327 -4.1225
-1.4541 -1.8086 -2.8140
-1.6933 -1.7789 -2.6581
-1.7759 -1.8265 -2.7386
-1.5930 -1.8367 -2.8213
-2.0719 -0.5522 -2.8229
-2.0806 -0.6220 -2.7942
-1.6564 -1.8461 -2.9203
-1.8300 -0.4497 -2.9789
-1.9012 -0.4149 -2.9818
-1.9940 -1.7699 -2.7266
-1.8656 -1.8311 -2.8644
-1.9239 -1.8145 -2.7500
-1.9388 -1.7784 -2.6500
-1.7739 0.5142 -4.1489
1.1499 -0.6083 -2.6617
1.4852 -0.6784 -2.5900
1.4365 -0.5982 -2.5007
-2.2700 -0.6033 -2.6313
-0.2623 0.2718 -3.8929
-1.5686 0.5991 -4.2559
-1.9252 -1.6967 -2.4903
-2.2089 -0.5165 -2.7156
0.1129 0.2684 -3.8821
-2.5031 -0.6854 -2.4143
-1.9630 -1.7666 -2.8564
-1.8326 -1.8196 -2.9689
-1.9038 -1.7485 -2.9540
-1.4169 -1.8378 -2.9544
-2.3949 -0.4799 -2.5256
1.2892 -0.5039 -2.4884
0.5060 -0.4850 -2.4975
0.9616 -0.5163 -2.6639
-2.2788 -0.4352 -2.7419
-2.1649 -0.5049 -2.7934
-2.2201 -0.4648 -2.8453
-1.2961 -1.7774 -2.8789
-1.2438 -1.7143 -2.7998
-2.3528 -0.4359 -2.6030
-2.1065 -0.4964 -2.8714
-2.0133 -0.4977 -2.8864
-1.5315 -1.7328 -2.6532
-1.5746 -1.5846 -2.5342
-1.8382 -1.6565 -2.4537
-2.0576 -0.4415 -2.9607
-1.3080 0.6870 -4.3630
-2.1669 -0.4540 -2.9445
1.2594 -0.5408 -2.5612
-1.1658 0.0279 -3.3566
-2.2810 -0.3681 -2.9723
-2.2961 -0.4064 -2.8719
-2.1651 -0.3663 -3.0446
1.4747 -0.4723 -1.9379
-1.3285 -1.7065 -2.7259
-1.9835 -0.3701 -3.0516
-2.3074 -0.2821 -3.0803
-0.8647 0.1067 -3.6025
-1.6297 -0.3793 -3.1659
-1.6180 0.8709 -4.3097
-1.2814 0.8847 -4.4286
-1.0801 -1.5579 -2.7822
-0.8310 0.8718 -4.5282
1.7964 -0.5534 -2.2096
-0.9749 -1.4371 -2.7683
1.8838 -0.5118 -2.0847
2.0738 -0.5204 -1.8259
-1.1543 -1.3240 -2.6709
1.8670 -0.4962 -2.0392
-1.3643 -1.2277 -2.5442
2.0263 -0.4873 -1.6079
1.1231 -0.3724 -3.3161
0.9455 -0.4433 -3.2842
0.7757 -0.3702 -3.4029
0.5367 -0.3868 -3.4281
-1.6991 -0.0859 -2.6590
-2.1256 -0.0801 -2.3324
-1.6638 -0.1321 -2.3205
-1.5091 -1.8395 -3.0724
-1.6578 -1.8411 -3.0435
-1.6074 -1.8020 -3.1200
-1.5021 -1.7668 -3.1449
-1.7497 -1.8006 -3.0586
0.6078 -0.1911 -3.8447
1.1901 -0.1432 -3.7610
0.8937 -0.3075 -3.5383
-1.0153 -0.1713 -2.5754
-1.4402 -0.1161 -2.5750
-1.6923 -1.7173 -3.1262
0.5685 -0.0825 -4.0142
-1.5841 -1.6477 -3.1691
1.6665 -0.6065 -2.3461
-1.8588 -1.6821 -3.0181
0.2240 -0.5054 -3.4522
0.1161 -0.4758 -3.4921
0.1979 -0.4739 -3.5329
0.1702 -0.4100 -3.6322
-1.4713 -0.0856 -2.7845
-1.6127 -0.0597 -2.8760
0.2625 -0.4477 -3.5741
0.0111 -0.3545 -3.6400
0.3362 -0.3308 -3.6739
-1.6845 -1.5541 -3.1284
-1.5219 -1.5750 -3.1783
0.2008 -0.2780 -3.7662
1.5680 -0.5148 -2.3450
-1.8660 -1.5995 -3.0298
0.0608 -0.3055 -3.7273
-1.3437 -1.8274 -3.0205
-1.2891 -1.7902 -3.0601
-1.3722 -1.7984 -3.0993
-1.2008 -1.7555 -2.9646
-1.1250 -1.6982 -3.0064
0.0284 -0.4423 -3.4872
-0.0516 -0.3762 -3.5461
-1.3635 -1.7086 -3.1630
0.4559 0.0929 -3.6156
-1.1075 -1.6531 -3.0520
-1.2294 -1.7191 -3.1012
-1.2081 -1.6170 -3.1307
-1.1276 -1.6980 -2.9073
-0.9529 -1.5828 -2.9374
-0.9680 -1.5847 -2.9982
-0.8452 -1.5414 -2.9624
0.2950 0.1929 -3.7854
-1.0047 -1.5940 -2.8796
0.0192 -0.1089 -4.0426
-0.2603 0.0051 -4.1858
-1.0412 -1.5586 -3.0656
-0.8629 -1.4895 -3.0738
-1.3829 -1.6285 -3.1874
0.4691 -0.2881 -3.6699
-1.3123 -1.5247 -3.1639
-1.7847 -0.3163 -3.2871
-1.9560 -0.1420 -3.5429
-0.4314 0.1553 -4.2928
0.0569 0.1531 -4.2948
-1.0984 -1.4610 -3.1167
-0.5929 -0.0014 -4.1532
-2.0842 -0.3131 -3.1447
-0.9401 -1.3901 -3.1208
0.3712 -0.4308 -3.4542
-1.0291 -1.3621 -3.1314
-0.9926 -1.2926 -3.1015
0.3479 -0.3951 -3.5785
0.3176 -0.4415 -3.4968
0.4132 -0.3505 -3.5716
2.2412 -0.0663 -1.8919
0.9855 -0.1324 -2.4207
2.0413 -0.1171 -1.4596
-1.3725 -1.4167 -3.1533
-1.2390 -1.3531 -3.1594
-1.5560 -1.4260 -3.1218
0.0110 0.3983 -3.9889
-1.5423 -1.3161 -3.1071
-1.3322 -1.2513 -3.1882
-0.5681 0.3035 -4.3670
-0.0552 0.2831 -4.3769
-1.1164 -1.2765 -3.1722
-1.0753 -1.2886 -3.1432
0.9439 -0.6405 -2.7655
1.2233 -0.7027 -2.7790
-1.0736 -1.1895 -3.1497
-1.0229 -1.2151 -3.1131
0.9333 -0.6839 -2.8470
0.9101 -0.7317 -2.9567
0.7718 -0.7617 -3.1068
-1.1125 -1.1537 -3.2179
-1.0578 -1.0748 -3.2291
-0.8200 -1.4726 -2.8689
-0.7433 -1.4740 -3.0578
-0.0637 0.4760 -4.4659
0.2490 0.4310 -4.4389
-0.7231 -1.4832 -2.9880
-0.6660 -1.4214 -2.9422
-0.5818 -1.3035 -2.9361
-0.6659 -1.2176 -2.8421
-0.3831 0.4959 -4.4650
1.2960 -0.7065 -3.0015
-0.9672 -0.0766 -3.0401
-1.3457 -0.0090 -3.2059
-1.3794 -0.0458 -3.0327
1.1224 -0.6826 -3.1371
-0.6499 -1.3454 -3.1314
0.6658 -0.7622 -3.2147
-0.7398 -1.3447 -3.1533
-0.6618 -1.4369 -3.0418
-0.5919 -1.3603 -3.0134
1.2708 -0.5793 -3.1277
0.8696 -0.6819 -3.2372
-0.5747 -1.3210 -3.0817
-0.2711 0.5173 -4.0585
1.0439 -0.5365 -3.2233
-0.8486 -1.3826 -3.1257
-0.9002 -1.3154 -3.1007
1.3540 -0.5066 -3.1362
1.2944 -0.4568 -3.2006
-0.7981 -1.3169 -3.1413
-0.9417 -1.2293 -3.1072
-0.8619 -1.2399 -3.1519
0.6458 0.0034 -3.3833
1.4590 -0.5500 -3.0421
-0.7494 -1.2273 -3.2161
-0.6597 -1.1996 -3.2198
-0.8294 -1.2177 -3.2129
-0.5100 -1.2298 -3.0281
1.6454 -0.4079 -2.9880
-0.5030 -1.1681 -3.1103
1.4718 -0.4663 -3.1179
-0.5777 -1.1890 -3.1812
-1.7081 0.0049 -3.0553
1.4294 -0.4520 -3.2352
1.5330 -0.4093 -3.2210
-0.6631 0.5438 -4.0395
1.5763 -0.3799 -3.1643
-0.4785 -1.1655 -2.9233
1.4062 -0.4731 -3.1649
-0.4514 -1.1496 -3.0087
1.3403 -0.4353 -3.2507
-0.3841 -1.0467 -2.8993
-0.3045 -1.0446 -3.0157
0.7323 0.1963 -3.7169
-0.3972 -1.0744 -3.0796
0.8971 -0.6020 -2.7442
-1.0290 -1.0991 -2.6637
0.8689 -0.5476 -2.7302
-1.4460 0.0289 -3.2806
0.4665 -0.4981 -2.6633
0.2511 0.0256 -4.1788
-1.8212 0.0898 -3.1993
-0.8487 -0.9417 -2.6806
-0.4870 -0.9796 -2.8141
-0.6056 0.6912 -4.5065
1.6645 -0.3507 -3.0763
-0.9396 -1.1934 -3.1523
-0.9122 -1.1843 -3.2356
-0.9962 -1.1245 -3.1618
-0.9438 -1.1381 -3.2073
-0.9235 -1.0495 -3.2237
-0.9674 -1.0181 -3.2355
-0.7460 -1.0986 -3.2677
1.0815 -0.1016 -2.7282
1.5799 -0.4573 -1.5697
-0.6164 -1.0805 -3.2269
-0.4907 -1.0491 -3.1821
1.9088 -0.0232 -2.5777
-0.6005 -0.9739 -3.2620
-0.3058 -0.9937 -3.1481
0.8534 -0.4581 -2.0183
1.0102 -0.0289 -3.9815
0.6816 0.1057 -4.1827
-0.4271 -0.9317 -3.2957
-0.2784 -0.8667 -3.3151
-0.5193 -0.8630 -3.3525
-0.2986 -0.8135 -3.3715
-0.8858 -1.1470 -3.2659
-0.9004 -1.0651 -3.2531
-0.8552 -1.0833 -3.2814
-0.7573 -1.0226 -3.2660
-0.8464 -0.9849 -3.2606
0.3063 0.6801 -4.1145
0.6242 0.3640 -3.8909
0.4363 0.4656 -3.9929
0.7686 0.3435 -4.3207
0.9944 0.1672 -4.1525
0.4667 0.3331 -4.3674
-0.7247 -0.8646 -3.3368
1.8784 0.0411 -2.8974
1.1816 0.0105 -3.2167
0.8529 0.6271 -3.9931
-0.5456 -0.2207 -1.5725
0.1554 -0.2517 -1.8642
0.3204 0.8823 -4.1831
0.6859 0.7988 -4.1005
-2.2822 -1.3105 -2.0863
-2.2584 -1.4439 -2.1980
-2.1490 -1.4932 -2.2221
-2.2243 -1.2755 -2.0660
-2.0816 -1.6363 -2.4459
-2.0439 -1.6899 -2.5766
-2.0427 -1.6467 -2.4312
-0.0564 0.7494 -4.1644
-2.1272 -1.5786 -2.4537
-2.0815 -1.6279 -2.6298
-2.0236 -1.7385 -2.7649
-2.0330 -1.6734 -2.8165
-1.9681 -1.6282 -2.9335
-2.0199 -1.5497 -2.8478
-0.3128 0.8808 -4.2029
1.4546 -0.3982 -3.3087
-2.0819 -1.5240 -2.6870
1.5239 -0.3016 -3.3760
1.6449 -0.2880 -3.2886
1.3685 -0.3376 -3.3751
0.0700 0.9828 -4.2258
-2.0154 -1.3539 -2.7648
1.2782 -0.3282 -3.3852
-2.2415 -1.4800 -2.2654
1.4447 -0.2319 -3.5011
-2.1432 -1.4984 -2.5052
-2.2287 -1.4491 -2.3603
-2.1302 -1.3924 -2.5445
-2.3683 -1.3014 -2.1948
-2.2320 -1.3537 -2.4058
1.5862 -0.0840 -3.6837
-2.3567 -1.2257 -2.3209
-2.1309 -1.2760 -2.5006
-2.2729 -1.2786 -2.3785
-2.1570 -1.2419 -2.4659
-1.9324 -1.3932 -2.8881
-2.0747 -1.3050 -2.6289
-2.0477 -1.2148 -2.7234
-2.0708 -1.2091 -2.6073
-2.3453 -1.2453 -2.0682
-2.3433 -1.3567 -2.1647
-2.4022 -1.2421 -2.1340
-2.4015 -1.1492 -2.0596
-2.5415 -1.0198 -2.0170
-2.4413 -1.0690 -2.0398
-2.4858 -1.0368 -1.9372
-2.7271 -0.9353 -1.8446
-2.5257 -1.0024 -1.8724
-2.6818 -0.9416 -1.7664
-2.6386 -0.9564 -2.0583
-2.2638 -1.2051 -2.4157
-2.4219 -1.1290 -2.2387
-2.4152 -1.1450 -2.1438
-2.3327 -1.1092 -2.4464
-2.4072 -1.0430 -2.3473
-2.1868 -1.1942 -2.4742
-2.2538 -1.1549 -2.4973
-2.1614 -1.1179 -2.5377
-2.2402 -1.1055 -2.5389
-0.8593 0.7552 -4.0964
-0.5592 0.8177 -4.1631
-2.3432 -1.0266 -2.4563
-2.2515 -1.0027 -2.5238
-2.3749 -0.9623 -2.3913
-2.2058 -1.0577 -2.5528
-2.4361 -1.0693 -2.1645
-2.4949 -1.0113 -2.1544
-2.4427 -1.0003 -2.2637
-2.5102 -0.9582 -2.2319
-2.4290 -0.9013 -2.3758
-2.5801 -0.9244 -2.2261
-2.6847 -0.8984 -2.1114
-2.6618 -0.8459 -2.2075
-2.4460 -0.8393 -2.4430
-2.6309 -0.7948 -2.2667
-2.3151 -0.9141 -2.4835
-2.0394 -1.3622 -2.1752
-2.0516 -1.4682 -2.2189
-1.8095 -1.2462 -2.2789
0.3464 -0.4483 -1.7734
1.8711 0.0365 -3.6773
2.3680 0.0485 -3.3611
-0.2334 1.0892 -4.2433
2.2184 0.2278 -3.6326
1.6096 0.0840 -3.1899
0.8075 -0.2593 -1.5314
0.2673 -0.2558 -2.1895
-0.9647 0.9221 -4.1257
2.0119 0.1463 -3.0530
-0.9799 -0.6335 -2.4637
-0.8750 -0.7633 -2.5906
-0.5584 -0.6401 -2.6415
1.7879 0.1798 -3.2612
-1.0696 -0.5620 -2.3656
-0.4112 -0.5527 -2.6195
-0.5559 -0.5107 -2.5121
1.7988 0.2634 -3.3570
2.1711 0.2777 -3.1325
1.2994 0.1956 -3.5255
1.1045 0.0871 -3.4358
-0.8628 -0.4671 -2.1853
-0.2211 -0.4872 -2.5195
-0.1328 -0.4595 -2.1742
-0.6144 1.0860 -4.2131
1.3944 0.3164 -3.6168
1.5830 0.4883 -3.6548
-0.8891 -0.4856 -2.2998
-1.0639 1.0987 -4.1253
-2.1008 -1.1478 -2.5600
-0.4513 -0.7935 -2.7530
1.9476 0.3906 -3.3836
2.2179 0.3873 -3.2000
-0.8124 1.3677 -4.1862
-0.2779 1.2715 -4.2479
-0.2133 -0.6466 -2.7367
1.3784 -0.0102 -3.8738
1.8285 0.1765 -3.8221
1.2587 0.1002 -4.0155
-1.8302 -0.8052 -2.1031
-1.1248 -0.5203 -2.2917
-1.2203 -0.8625 -2.4863
-1.2818 -0.7174 -2.3695
1.1306 0.8162 -3.9894
-2.3596 -1.1224 -1.9763
0.6634 0.9840 -4.1535
-2.2583 -1.0607 -1.9439
-2.3487 -1.0785 -1.9280
1.1676 0.3344 -4.2068
1.5684 0.2733 -4.0161
-2.4048 -0.9262 -1.8081
0.9758 0.9568 -4.0759
-2.5163 -0.9559 -1.7999
-2.2669 -0.7838 -1.8366
-2.6270 -0.9214 -1.6936
1.4957 0.4701 -4.1619
-2.5177 -0.8728 -1.6989
-2.3955 -0.7140 -1.7158
-0.1369 -0.2411 -2.4776
-0.4528 -0.2110 -2.6312
-0.9808 -0.2000 -2.2855
0.1075 0.6569 -4.5159
-0.3776 0.8921 -4.5856
1.9930 0.4680 -3.9368
1.9780 0.5569 -3.4774
1.7987 0.4883 -4.0497
0.1030 0.8892 -4.5877
0.4722 0.7462 -4.5095
0.5864 0.5258 -4.4369
1.6562 -0.1327 -1.5038
1.5701 0.6815 -4.2005
0.4538 0.9131 -4.5641
2.0540 0.6112 -3.9609
0.7734 0.8987 -4.5044
0.4756 0.9845 -4.6164
-2.1626 -1.0282 -2.5689
2.1079 0.7148 -3.9623
1.8127 0.7389 -4.1146
2.1631 0.7798 -3.9374
0.4030 1.0978 -4.6495
0.6918 1.0433 -4.6069
-2.0839 -0.6380 -1.8775
-2.1846 -0.5665 -1.7901
-1.8724 -0.5670 -1.9624
0.4436 1.0874 -4.2056
1.3336 -0.1850 -1.3174
1.6079 -0.1485 -1.1689
0.1652 1.2426 -4.2431
0.9714 0.1401 -3.5751
1.4188 -0.2403 -0.7043
0.1380 1.0520 -4.6723
-0.1552 0.9671 -4.6474
-0.1181 1.0543 -4.6708
0.1043 1.2106 -4.6708
0.1276 -0.2317 -2.4636
1.1552 -0.2427 -1.2770
0.2747 1.1922 -4.6772
-1.6049 -0.4991 -1.9517
0.1450 1.3076 -4.6995
0.2576 1.2827 -4.7016
0.9204 0.2990 -3.7741
0.3790 1.2737 -4.6458
0.4872 1.3150 -4.6010
-1.6882 -0.5271 -2.0137
0.3540 1.3498 -4.6671
0.2805 1.4011 -4.6915
1.1612 0.4302 -3.7939
-2.0768 -0.5164 -1.7462
0.0071 -0.9325 -3.1196
0.1836 -0.9241 -3.1360
0.0425 -0.9327 -3.0544
0.2738 -0.8982 -3.0837
0.0672 -0.9015 -2.9855
0.4501 -0.8272 -3.0291
0.1743 -0.9036 -3.2102
0.8720 0.4790 -4.3632
0.0076 -0.8820 -3.2417
0.1458 -0.8667 -3.2796
0.3855 -0.8631 -3.1794
-0.4898 -0.1371 -2.8944
-0.6096 0.9928 -4.6332
0.3246 -0.8218 -3.2849
1.2117 0.6253 -4.3142
0.1111 -0.7954 -3.3498
0.4991 -0.7307 -3.3128
-0.6069 1.0485 -4.6360
-0.6115 1.1329 -4.6030
-0.2084 1.1939 -4.6284
0.6496 -0.7880 -3.0694
0.5738 -0.7446 -2.9458
-1.0393 0.9321 -4.5241
-1.0193 0.9802 -4.5625
-1.9007 -1.5122 -2.9798
-1.7728 -1.4819 -3.0558
0.7495 -0.6898 -2.8847
-1.7844 -1.3481 -2.9965
-1.0192 1.0577 -4.5677
-1.2951 0.9905 -4.4902
1.2305 0.6063 -3.8700
-0.8715 1.2307 -4.5448
-1.9162 -1.2836 -2.8820
-1.7112 -1.1898 -3.0476
-0.5447 1.2788 -4.5770
-1.3666 -1.1271 -3.2166
1.6552 0.6897 -3.7288
-1.6323 -1.0540 -3.1191
-1.5739 -0.9325 -3.1472
2.0785 0.7690 -3.5303
-0.2520 -0.9988 -2.9619
-0.1786 -0.9339 -2.9268
-0.1672 -0.9537 -2.9827
-0.2345 -0.8803 -2.8534
-1.8257 -0.9894 -3.0129
1.7997 0.8909 -3.7378
-0.0055 -0.7509 -2.8348
-0.0095 1.3075 -4.6363
-0.4055 1.3676 -4.5985
1.7241 1.1147 -3.8224
0.0593 1.4255 -4.6540
0.1533 1.4153 -4.6899
0.2283 1.4482 -4.6853
-0.0188 -0.5252 -2.6946
-0.1899 1.4849 -4.6408
0.8014 0.6482 -4.4306
0.1522 1.5054 -4.6683
0.0171 1.5622 -4.6878
1.7666 0.8982 -4.1667
-0.4578 1.5587 -4.2367
-0.0595 1.5493 -4.2479
-0.3336 1.6422 -4.2701
-1.6975 -0.1690 -1.3485
0.1036 1.6477 -4.2670
0.1139 1.6820 -4.3097
-0.8011 1.4562 -4.5743
1.3858 0.9109 -4.3292
-0.3697 1.5426 -4.6708
1.0001 0.8839 -4.4436
1.0109 1.0067 -4.5221
0.7979 0.9718 -4.5521
-0.3066 1.6030 -4.6935
-0.6414 1.6298 -4.6545
-0.1655 1.6560 -4.6906
-0.5404 1.6740 -4.6427
-0.1723 1.6959 -4.6594
-0.4637 1.7105 -4.5936
0.2015 1.7199 -4.6232
0.2955 1.7329 -4.5449
0.3265 1.4960 -4.6529
0.1501 1.6362 -4.6893
0.3952 1.5742 -4.6655
1.9931 0.9922 -4.1130
-0.1483 -0.9533 -3.0771
-0.1380 -0.9074 -3.1886
0.2883 1.6951 -4.6557
-0.1476 -0.7915 -3.3376
-0.0573 -0.7997 -3.3394
2.0500 0.9438 -4.0399
1.9870 1.0496 -4.1666
-0.9606 -0.2866 -3.6759
1.9408 1.1283 -4.2034
0.8827 1.2617 -4.1315
-1.0360 -0.1807 -3.8342
-0.1074 -0.7387 -3.3847
-1.0046 -0.0649 -4.0053
0.1340 -0.5310 -3.4353
0.9876 1.1790 -4.5242
0.7659 1.2048 -4.5558
0.9457 1.3689 -4.5049
0.5299 1.4275 -4.2027
-1.7488 -0.0236 -3.8175
0.7941 1.5924 -4.1536
0.5043 1.4593 -4.5986
0.6874 1.4940 -4.5791
-2.2923 -0.0097 -3.5380
-1.9609 0.0516 -3.7966
-1.7653 0.1731 -3.9813
-2.0058 0.3256 -3.9632
1.2230 1.4291 -4.0344
1.7250 1.4892 -3.8337
1.4241 1.4790 -4.3774
1.1417 1.5095 -4.4737
1.0647 1.5845 -4.5418
1.4349 1.6036 -4.4391
1.6646 1.5409 -4.3286
1.1875 1.6218 -4.0504
0.9290 1.6645 -4.1488
1.4664 1.6224 -3.9488
1.4088 1.6904 -4.0060
1.2379 1.7291 -4.1560
0.7839 1.7133 -4.2624
1.1320 1.7533 -4.3679
1.8854 1.7441 -3.8868
0.6385 1.6205 -4.6457
1.0498 1.6450 -4.5645
0.6557 1.6752 -4.6319
1.4984 1.7482 -4.3661
1.5139 1.6749 -4.4197
1.1527 1.7018 -4.5176
1.6540 1.6234 -4.3624
0.9991 1.7498 -4.4906
0.7204 1.7282 -4.5814
0.3904 1.6186 -4.2262
0.5625 1.6687 -4.2343
0.0546 1.7125 -4.3869
0.6491 1.7348 -4.3855
2.8659 -1.4997 -0.9256
2.9545 -1.5876 -0.8157
3.2492 0.0270 -0.6093
2.6478 1.7663 -3.3996
2.1023 1.7109 -3.6763
2.5106 1.7225 -3.4115
2.4173 1.6674 -3.4352
2.7567 1.7046 -3.1839
2.7771 -1.5250 -0.8631
2.6248 -0.0322 -3.0368
2.2933 -0.7930 -1.9066
2.7825 -1.4513 -0.9835
3.3763 0.6415 -2.1716
3.1112 0.7412 -2.6165
3.0126 0.5317 -2.5723
2.9454 -1.3954 -0.9757
2.7752 -0.0706 -2.8121
3.0556 0.0519 -2.7020
4.6221 1.6947 0.3407
4.5512 1.7566 0.0918
2.6879 -1.3493 -1.0303
4.6268 1.7051 -0.0911
2.5435 -0.6863 -2.1002
2.6696 0.1086 -3.1758
4.6534 1.6513 0.1904
2.9826 0.2219 -2.9760
2.3762 -0.4811 -2.3997
2.6300 -0.4703 -2.0622
2.5389 -0.4260 -2.2175
2.5653 -0.3754 -2.3269
3.8372 0.3135 -0.0179
2.6757 -0.5163 -1.9987
2.6207 -0.6392 -2.0421
2.5680 -1.1643 -1.0688
2.7922 -0.3776 -1.8984
2.9726 0.8645 -2.8352
3.2412 0.9839 -2.5807
4.3447 1.7935 -0.9438
2.5987 -0.3576 -2.2233
2.7836 -1.3572 -1.0712
3.5623 0.1482 -0.5437
2.8870 -1.3322 -1.0669
2.7448 -0.3388 -2.0497
2.6543 0.2600 -3.3267
4.5688 1.7370 -0.5313
2.9108 -0.2971 -1.9762
2.7134 -0.2731 -2.3733
3.7057 0.7174 -2.4147
3.4302 0.6964 -2.7961
3.6245 0.9357 -2.6343
4.4843 1.7746 -0.5899
2.6545 -1.2369 -1.1134
2.8936 -0.7621 -1.6242
2.7841 -0.7875 -1.7844
2.7962 -0.6932 -1.8187
2.8099 -1.2591 -1.1185
2.8605 -0.5704 -1.7192
2.9167 -1.1949 -1.1188
3.0633 0.0131 -1.1410
2.6048 -0.0820 -1.0726
3.9047 0.8239 -1.2605
3.8817 0.6182 -1.0147
4.0188 0.9355 -1.0081
3.4166 0.8700 -2.2947
3.5241 1.1385 -2.2407
2.7116 -1.1689 -1.1456
2.9986 -0.4821 -1.5312
2.9250 -0.4133 -1.6760
2.9608 -0.3468 -1.7186
2.7252 -1.1022 -1.1658
2.8939 -1.1090 -1.1267
3.0224 -1.5706 -0.7855
3.2097 -0.3400 -1.5894
3.2498 -0.3786 -1.5234
3.1283 -0.4152 -1.5438
3.0952 -1.4962 -0.7440
3.0468 -0.4100 -1.5586
3.1108 -0.3203 -1.6639
3.1306 -1.4099 -0.7077
3.3167 -0.2656 -1.5540
3.2390 -0.2691 -1.6427
3.0835 -1.3181 -0.7335
3.1791 -1.3195 -0.6545
3.3163 0.9448 -3.0187
3.1764 0.6105 -3.0599
2.9961 -1.4345 -0.8836
3.0437 -1.4039 -0.8198
3.8761 1.0240 -1.5101
3.0365 -1.3029 -0.8211
3.0363 -1.2747 -0.9183
3.0160 -1.3124 -0.9567
3.9695 1.2370 -1.3735
3.2378 -0.2095 -1.7968
4.0535 1.2708 -1.1288
3.2401 -1.2391 -0.6126
3.2518 0.2413 -2.6903
3.7955 0.4144 -0.8992
4.0071 0.6301 -0.4272
4.3761 1.0455 -1.3403
4.4806 1.0882 -1.0263
4.5041 1.0170 -0.7831
2.9981 -0.2077 -2.1904
3.9007 0.9710 -2.2413
3.6841 1.0075 -2.6255
4.4988 1.1581 -0.8999
4.4836 1.2446 -1.0220
4.4731 1.2209 -1.1482
3.1270 -1.2193 -0.6981
4.3910 1.1372 -1.3387
3.0662 -1.2411 -0.8070
3.0812 -1.2339 -0.8706
3.1139 -1.2282 -0.8275
4.2788 1.0632 -1.6346
3.1406 -1.1874 -0.8038
3.1069 -1.1887 -0.7373
4.3278 1.3259 -1.4249
4.4168 1.2180 -1.2718
3.4605 1.0501 -2.9760
3.3823 -0.0965 -1.9180
2.0435 -0.4832 -1.7509
3.2971 1.0253 -3.1314
3.2855 -1.0670 -0.6668
4.4453 1.2989 -1.2566
4.3976 1.3207 -1.3137
2.9914 0.4635 -3.1710
3.3354 0.4771 -2.8017
3.2004 -1.1134 -0.7154
3.1589 -1.2013 -0.8514
3.1486 -1.0976 -0.7633
3.5482 1.0942 -2.9031
3.7580 1.0890 -2.6203
3.1393 -1.1067 -0.7996
3.4706 1.1459 -2.9941
3.8147 1.1774 -2.5484
3.4962 1.2548 -2.9199
3.2284 -0.9182 -0.8460
4.1481 1.4164 -0.7622
4.0907 1.0730 -0.8608
2.9982 -1.2530 -1.0331
2.6208 0.4345 -3.4825
3.1008 -1.2113 -0.9262
2.9021 0.7466 -3.3691
2.9946 -1.1468 -1.1001
2.8750 0.0578 -1.8567
3.1818 0.0912 -1.4473
3.1266 0.1624 -1.8444
3.0609 -1.0965 -1.0570
3.1331 -1.1319 -0.9553
3.1018 -1.0569 -0.9888
2.4842 -0.0068 -2.0665
2.9752 -1.0572 -1.0873
3.3405 1.2606 -2.5225
2.8881 -1.0656 -1.1313
2.7980 -1.0531 -1.2201
2.8882 -1.0371 -1.1716
2.9699 -0.9970 -1.1229
3.0766 -1.0024 -0.9604
3.0364 -1.0302 -1.0402
2.3670 -0.4235 -2.4999
2.4934 -0.4282 -2.4629
2.4317 -0.4484 -2.4014
2.5547 -0.4018 -2.4020
3.0250 -0.9798 -1.0241
3.0673 -0.9335 -1.0213
3.0700 -0.9178 -1.1500
3.1771 -1.1560 -0.8434
2.4859 -0.4006 -2.5452
3.1553 -1.0949 -0.9179
3.1668 -1.1040 -0.8531
2.4205 -0.3620 -2.5994
2.5690 -0.3708 -2.5270
3.1312 -1.0343 -0.8756
2.4891 -0.2972 -2.6601
3.1936 -0.9877 -0.8223
3.9752 1.5061 -1.3828
3.1212 -0.9898 -0.8865
2.3497 -0.3321 -2.6328
3.5192 0.2858 -2.3746
2.9182 1.1415 -2.9782
3.1436 -0.9186 -0.9406
3.2766 -0.8779 -0.7699
3.6639 0.5063 -2.3594
3.1617 1.1902 -2.7309
2.6507 -0.3171 -2.4314
3.1501 -0.8539 -1.0270
3.1624 -0.7284 -1.0396
2.7311 -0.2094 -2.5576
2.5933 -0.2413 -2.6554
4.5576 1.0509 -0.5333
2.9120 -1.0117 -1.2870
2.9875 -0.9751 -1.2625
3.0566 1.3914 -2.8579
2.9831 -0.9443 -1.3447
2.8911 -0.9863 -1.3692
2.9148 -0.8722 -1.4963
2.7371 -0.9977 -1.3737
2.7941 -0.8998 -1.5167
4.4799 1.3652 -0.8490
4.5345 1.2237 -0.5003
4.5306 1.3418 -0.4300
3.0157 -0.8604 -1.3663
3.0805 -0.8296 -1.2257
4.5329 1.4354 -0.5425
3.3485 1.4739 -2.5107
4.5121 1.3085 -1.0961
4.4933 1.3077 -1.2002
4.4929 1.3624 -1.2172
4.4828 1.4380 -0.9757
4.5003 1.3563 -1.0173
4.5110 1.4243 -1.0629
4.5125 1.4144 -1.1490
4.4566 1.4556 -1.2311
4.4772 1.4848 -1.1523
4.4969 1.5085 -0.8990
3.9781 1.0333 -2.2279
3.9677 0.8446 -2.0241
2.7994 -0.0175 -1.4950
3.0665 -0.0642 -2.4845
2.2303 -0.4983 -1.1060
2.2974 -0.5594 -1.1928
3.9554 1.1169 -2.3269
4.6017 1.5941 -0.6597
4.6064 1.5375 -0.3620
4.5683 1.4821 -0.3316
4.5436 1.5610 -0.8417
2.1269 -0.4803 -0.8870
2.5808 -1.1100 -1.1699
4.6077 1.6788 -0.5949
4.6466 1.6230 -0.3621
2.6496 -1.0771 -1.2208
2.5692 -1.0248 -1.2889
4.1508 1.0393 -1.9031
3.4218 0.0405 -2.1892
4.5302 1.6554 -1.0328
4.0031 1.2041 -2.2158
4.1333 1.1220 -1.9729
4.2155 1.2272 -1.7278
4.5049 1.7398 -0.9463
2.4423 -0.9099 -1.2253
2.3820 -0.6961 -1.0200
3.9778 1.2783 -2.2986
3.9051 1.2305 -2.4406
3.3525 0.1435 -2.4526
4.4794 1.5259 -1.1071
4.4914 1.5834 -1.1342
4.0262 1.4086 -2.1174
4.4236 1.6153 -1.3931
4.2699 1.7942 -1.4970
3.9858 1.3250 -2.3543
4.3911 1.7577 -1.3315
3.9354 1.2993 -2.4508
3.9790 1.3638 -2.4142
2.9563 0.1873 -2.1763
3.9889 1.4087 -2.2302
3.9927 1.3941 -2.2964
4.4634 1.7090 -1.2264
2.5268 0.0767 -2.3989
3.9784 1.4835 -2.3085
3.9829 1.4588 -2.3673
2.7334 0.1931 -2.4708
3.0592 0.3198 -2.2755
3.7336 1.3191 -2.6134
3.8288 1.2928 -2.5320
3.3169 -0.3150 -1.4618
3.3919 -0.2130 -1.5073
3.7949 1.4368 -2.5513
4.4188 1.4157 -1.2829
4.3714 1.4856 -1.3465
4.1707 1.3616 -1.7954
2.5047 -0.9749 -1.2978
2.6262 -0.9492 -1.4887
3.7930 -0.0082 -1.3114
3.6584 -0.1465 -1.1574
3.6081 -0.0890 -1.5010
4.1938 1.4819 -1.7761
3.8909 1.3471 -2.5190
3.9564 1.4176 -2.4536
3.6305 0.0089 -1.7374
2.5508 -0.9404 -1.4938
3.8571 1.3935 -2.5389
3.9010 1.4380 -2.5131
3.9099 1.5128 -2.4586
3.7481 0.1148 -1.7204
2.3449 -0.8392 -1.6317
2.4605 -0.9243 -1.4333
2.3257 -0.7993 -1.5134
2.2739 0.1355 -2.8251
2.4557 -0.8460 -1.8386
2.4660 -0.8924 -1.6945
2.4240 0.2256 -2.8516
2.5907 -0.8834 -1.7269
3.5880 1.4400 -2.1677
2.8217 -0.8296 -1.6291
2.7206 -0.8773 -1.6336
3.7381 0.3182 -2.0500
3.8882 0.2336 -1.6300
3.7871 1.2409 -1.8002
3.8012 1.4537 -1.7894
2.6862 -0.8160 -1.8247
2.7808 -0.8389 -1.7055
4.0082 1.5633 -2.2231
2.3338 -0.7167 -1.3564
3.4016 0.1744 -1.3103
3.4488 1.4223 -2.9566
4.3627 1.5445 -1.4292
3.5575 0.2609 -1.2338
3.3449 0.2753 -1.7474
3.7124 1.4812 -2.6291
3.6649 0.3706 -1.2225
3.7178 1.5609 -2.6539
3.4012 1.5264 -3.0287
2.2144 -0.5506 -1.5279
3.8442 1.4924 -2.5194
2.2656 -0.7757 -1.7081
3.9385 1.5781 -2.3881
4.1694 1.5456 -1.8850
4.2595 1.5947 -1.7831
3.8392 1.5631 -2.5097
2.7775 0.3454 -2.6549
4.0315 1.6305 -2.2553
3.5283 0.4962 -1.7506
3.6471 0.4648 -1.4409
4.2333 1.6660 -1.8937
4.3583 1.6738 -1.5976
3.6571 1.6268 -2.8098
3.8387 1.6464 -2.5694
4.3161 1.7366 -1.6357
3.3545 0.3862 -1.9234
3.7477 1.7086 -2.7037
4.0095 1.7189 -2.2926
4.1695 1.7730 -1.8892
4.0922 1.7451 -2.1148
3.6998 1.7532 -2.7331
4.1514 1.8025 -1.6639
3.0210 0.8939 -3.3029
3.9564 0.1608 -1.3065
4.1318 0.4005 -1.2445
3.0713 -0.6215 -1.2784
3.2188 -0.5137 -0.8009
4.0888 0.1936 -0.9152
3.2458 1.1122 -3.2488
3.7560 0.7343 -1.5453
3.1029 -0.4946 -1.2366
3.2318 -0.4078 -0.8619
3.0043 0.9911 -3.3837
3.0624 1.0626 -3.4107
3.1645 -0.3933 -1.1397
3.0073 -0.6201 -1.4519
4.1155 1.6574 -0.9387
4.1107 1.7284 -1.0862
4.1848 1.7007 -0.6942
3.9962 1.6746 -1.3545
3.9876 0.4163 -1.6609
3.2299 -0.4143 -1.4412
3.1530 -0.4380 -1.4932
4.2086 1.6512 -0.4624
3.7364 0.8986 -1.7403
3.1852 1.3375 -3.2603
3.0599 -0.5116 -1.3960
3.1147 -0.4469 -1.3312
3.0727 -0.4710 -1.4404
3.1450 -0.4418 -1.3909
3.2073 -0.3641 -1.2614
4.2210 1.7468 -0.7433
4.2580 1.7289 -0.3563
3.1960 0.4210 -2.2167
4.2903 1.7851 -0.8895
4.3064 1.7732 -0.3644
3.2801 -0.3510 -1.3744
3.5497 0.7575 -1.9910
3.2990 -0.7341 -0.6310
4.2755 0.6396 -1.0760
4.1831 0.6330 -1.3878
4.1214 1.7778 -1.3070
3.0739 1.2184 -3.4231
3.3376 -0.6139 -0.4153
4.0892 0.6961 -1.6727
3.1102 1.3617 -3.3504
3.0691 1.3191 -3.4504
3.0103 1.2615 -3.5109
3.0863 1.4341 -3.4246
3.3418 -0.5416 -0.3767
3.0563 1.5329 -3.4490
3.9501 1.7525 -1.6089
3.1378 1.5350 -3.3215
3.3920 -0.4403 -0.2410
3.3684 -0.4709 -0.3341
3.8488 1.7048 -1.7184
3.0630 1.4420 -3.5027
3.4282 -0.4371 -0.3496
3.4516 -0.4063 -0.2178
3.0237 1.3527 -3.5513
3.3295 -0.4572 -0.4824
3.6610 1.0320 -1.9742
3.4231 -0.3936 -0.4527
3.4773 -0.3910 -0.4263
3.3778 -0.3650 -0.5691
2.1923 -0.5128 -1.4438
3.5372 -0.3582 -0.2332
3.5099 -0.3984 -0.3615
3.8064 1.6412 -1.7654
3.6361 -0.2820 -0.3026
3.5896 -0.3105 -0.4001
3.7447 1.7768 -2.1155
3.6146 1.7303 -2.1809
3.2343 -0.5953 -0.7429
3.4151 1.5887 -3.0632
3.3003 -0.3888 -0.6536
3.2674 -0.3569 -0.9208
3.3896 1.6533 -3.1531
3.4206 1.6985 -3.1222
3.5784 -0.2833 -0.5021
3.4333 -0.2987 -0.8696
3.9382 1.7899 -2.2786
3.5861 1.7851 -2.8359
3.6114 -0.2272 -0.8134
2.4635 0.3116 -2.9320
3.6436 -0.2606 -0.1688
3.7784 -0.1721 -0.3791
2.5008 0.4321 -3.0097
3.9791 -0.0567 -0.1043
3.9052 0.5227 -1.9495
3.0734 1.6129 -2.8345
3.3560 1.6696 -2.5128
3.0467 1.6804 -2.8801
3.1436 1.7260 -2.8157
3.5819 1.6556 -2.1740
3.8791 -0.0874 -0.6166
4.0871 0.0827 -0.4796
2.3828 0.6763 -3.2720
2.6694 0.6878 -3.0376
4.2263 0.9443 -1.5270
4.1162 0.0710 -0.0123
3.3750 0.0898 -0.8753
3.9236 0.4228 -0.0337
3.7256 0.2382 -0.4199
2.7869 0.5713 -2.8553
4.0535 0.6592 0.0586
3.7913 0.3205 -0.5804
3.3747 1.7568 -2.6042
3.8886 0.4336 -0.4897
4.1055 0.9767 -1.8685
3.2947 -0.3104 -1.2052
3.4545 1.7942 -2.6902
4.1598 0.1396 -0.2462
3.8725 1.8062 -2.2471
4.2529 0.3280 -0.5425
4.2923 0.3269 -0.0564
3.5368 1.8080 -2.7758
3.3464 -0.2811 -1.3410
2.4952 0.8913 -3.2820
3.4625 -0.2212 -1.2923
2.7683 1.3650 -3.1340
4.1525 0.9120 0.1913
4.1611 0.9612 -0.1988
4.3922 0.5443 -0.0254
2.8197 1.0123 -3.0434
4.3636 0.5056 -0.3438
4.5287 0.9511 0.3972
2.7414 1.6366 -3.1626
2.3079 0.5268 -3.7633
4.5975 1.0720 0.3887
4.5938 1.0318 0.2272
4.5636 1.1443 0.5647
4.6072 1.2002 0.4299
2.9718 1.7603 -3.0792
4.5093 0.9167 -0.0118
4.4764 0.8966 -0.3560
4.5483 0.9813 -0.2791
4.5778 0.9994 -0.0306
2.5099 0.6614 -3.6666
2.7689 0.5914 -3.4392
3.6525 0.2470 -0.8534
4.2972 0.4733 -0.7144
4.5987 1.0646 -0.0550
2.9963 1.5644 -3.5146
3.0243 1.6030 -3.4835
2.2632 0.7005 -3.8692
4.6218 1.1780 0.3254
3.1701 1.6190 -3.3613
3.1291 1.6720 -3.4189
4.6017 1.1784 0.1853
4.6242 1.2436 0.2244
4.5803 1.1688 -0.1145
3.9431 -0.0013 -0.8131
3.1395 1.7528 -3.3774
4.4166 0.6972 -0.4203
3.3727 1.7649 -3.1284
4.1942 1.1164 0.3521
2.2692 0.8145 -3.8782
4.3810 0.7307 -0.7220
4.5739 1.2287 0.5076
3.1840 1.8027 -3.2326
4.2135 1.1868 -0.0603
4.4412 0.9423 -0.7683
4.2214 1.3625 0.2365
2.4729 0.9392 -3.7774
4.6416 1.2598 0.4070
4.6674 1.2799 0.3137
4.6014 1.3451 0.1662
2.4182 1.7754 -3.7259
2.7877 1.7930 -3.5903
4.3055 0.8692 -1.1809
4.3942 0.9739 -1.0956
4.1309 0.9598 -0.5001
4.0558 0.7904 -0.6174
2.4960 -0.7876 -1.9527
2.4954 -0.7258 -2.0727
2.4673 1.1024 -3.3619
2.7228 0.9695 -3.6078
4.1789 1.1559 -0.4488
2.4787 1.0204 -3.8454
2.8322 1.0635 -3.6141
2.3324 1.0566 -3.9742
2.6454 1.1012 -3.7695
2.9562 1.1545 -3.5392
2.2966 1.1055 -4.0035
2.3700 1.2076 -3.9379
2.6295 1.2715 -3.7460
2.7258 1.4149 -3.6638
2.8364 1.2687 -3.6183
2.8474 1.4741 -3.6103
2.8869 1.4062 -3.6203
2.9263 1.2775 -3.5837
2.9580 1.3890 -3.6049
2.9961 1.4858 -3.5623
1.7091 -0.1732 -0.7096
1.9238 -0.1512 -0.6490
2.0904 1.0172 -3.6054
2.0185 1.2699 -4.1234
2.4538 1.4012 -3.8519
2.1994 1.3888 -4.0110
2.1904 1.2698 -3.5727
4.2342 1.6054 0.0884
1.9836 1.3310 -3.7013
4.2136 1.5204 -0.3611
4.5617 1.3398 -0.0024
4.5991 1.4769 0.1574
2.0914 1.5948 -3.6384
1.8984 1.3508 -4.1860
4.6030 1.5134 -0.0123
1.8407 1.4641 -4.2512
1.9764 1.4490 -4.1372
1.8954 1.5324 -4.2024
2.0461 -0.1497 -0.4146
2.2659 1.5205 -3.9885
1.7797 1.5246 -4.2843
1.8393 1.6098 -4.2751
2.1618 1.5858 -4.0897
2.4984 1.3463 -3.3571
1.8147 1.6998 -4.2917
2.1890 1.6556 -4.1143
4.6448 1.5686 -0.1940
2.4775 1.6170 -3.9194
4.1930 1.6290 0.6259
2.2284 1.7132 -4.0795
2.4624 1.5875 -3.3895
2.0981 1.6701 -3.6474
4.2351 1.7076 0.5031
4.3055 1.7521 0.1900
4.2596 1.7126 0.0874
2.6729 1.5489 -3.7251
2.9382 1.4838 -3.5960
2.9053 1.5658 -3.5790
4.2433 1.6764 -0.1603
2.7612 1.6369 -3.7276
2.8616 1.6993 -3.6537
2.4858 1.6847 -3.9339
4.5803 1.3882 0.5087
4.6103 1.3227 0.4799
2.6355 1.7383 -3.8084
2.1343 1.7764 -4.0155
4.5320 1.4080 0.6342
2.3229 1.7682 -3.9701
2.8169 1.7749 -3.6322
4.6698 1.3262 0.3956
4.6782 1.3608 0.3383
4.6395 1.4242 0.4231
4.6568 1.3436 0.2485
4.6401 1.4650 0.3110
4.6181 1.4290 0.2226
4.6162 1.4862 0.4209
4.5703 1.5026 0.5818
4.6325 1.5466 0.3830
4.6555 1.5799 0.1168
4.6340 1.6092 0.4942
4.6158 1.5645 0.6049
1.8116 1.6435 -3.7972
1.9001 1.7554 -4.2079
-2.4194 -1.5097 2.1410
-2.3714 -1.5400 2.1314
-2.3615 -1.5617 2.2247
-2.4394 -1.4586 2.0806
-2.4419 -1.4399 2.2353
-2.4927 -1.4039 2.1138
-2.3637 -1.4857 2.0680
-4.0229 -0.1400 0.2047
-3.8870 -0.2434 0.3338
-3.9400 -0.1736 0.6174
-2.4394 -1.3102 1.9764
-2.5002 -1.3332 2.0454
-2.5539 -1.2620 2.2125
-2.5578 -1.2330 2.1099
-3.0721 1.6327 3.5662
-2.8639 1.5623 3.7240
-2.6222 1.6255 3.9076
-1.2691 -0.6046 2.3351
-0.6011 -0.5994 2.6895
-1.0347 -0.6292 2.5146
-2.5014 -1.2225 1.9465
-2.5620 -1.1818 2.0089
-2.9469 1.7238 3.6305
-4.1222 -0.0376 0.4249
-2.5912 -1.1315 1.8627
-2.5624 -1.0650 1.7186
-4.2577 0.1119 0.1974
-4.1691 0.0527 0.6693
-2.7294 -1.0221 1.8242
-2.6828 -1.0430 2.0206
-2.6108 -1.0933 2.0872
-1.2085 -0.6822 2.4722
-2.9037 1.4589 3.2953
-2.9446 1.1944 3.2483
-3.2088 1.3087 3.0033
-1.6587 0.1375 3.2483
-1.4544 0.1442 3.3709
-1.4280 0.1002 3.2360
-1.5424 0.0860 3.1377
-2.8305 -0.9035 1.9794
-2.7925 -0.9570 1.9077
-1.0056 -0.5835 2.4180
-2.7514 -0.9522 2.1255
-3.7465 0.2258 0.7486
-3.6472 0.1330 0.5017
-3.7194 0.1578 0.1123
-2.1975 0.4302 3.4115
-1.9748 0.3164 3.4164
-2.5234 0.3290 3.0524
-2.8799 -0.8579 1.7834
-2.7557 -0.9785 1.6649
-2.6893 -0.9826 1.6094
-2.7780 -0.9079 1.4060
-2.5977 -0.9587 1.5813
-2.4592 -1.0896 1.7738
-3.1817 1.5594 3.0200
-2.7989 1.6479 3.3694
-2.7268 -0.8482 1.3330
-2.5530 -0.8656 1.5124
-2.8544 -0.9331 1.5614
-3.0430 1.7242 3.1623
-2.8887 -0.8949 1.6657
-2.9054 -0.8967 1.3826
-4.2876 0.2153 0.6293
-4.2062 0.2140 1.0636
-2.6935 0.5137 3.1146
-2.3234 0.5455 3.4292
-2.8141 -0.8476 2.0935
-2.9270 -0.7446 1.9030
-3.9161 0.3683 0.7144
-3.8359 0.3860 1.1095
-2.8388 1.8050 3.4582
-2.6659 1.7838 3.5564
-2.9192 -0.7888 1.8579
-1.8196 -0.5224 0.6090
-2.8022 -0.7262 2.1189
-2.7175 0.7340 3.2681
-3.0368 -0.7831 1.6212
-3.0515 -0.7072 1.6783
-4.0508 0.5935 0.8737
-2.4221 0.7713 3.5178
-2.6757 1.7272 3.4897
-2.7801 0.9215 3.3212
-1.0284 -0.5685 2.2553
-1.1969 -0.5293 1.4057
-3.2273 1.7495 2.9864
-1.6424 -0.5540 1.6851
-3.0253 -0.8449 1.3424
-2.9983 -0.8535 1.5490
-2.0037 0.6274 3.6927
-3.1425 1.5682 3.4963
-3.3268 1.5798 3.3257
-3.1144 -0.7862 1.3700
-4.4243 0.4093 0.3235
-3.2139 -0.7008 1.3148
-3.8728 0.2742 0.2302
-2.8368 1.7948 3.6931
-3.0629 1.7908 3.5150
-4.0205 0.4181 0.0776
-3.0704 1.8222 3.4545
-2.6359 1.8216 3.7374
-4.0157 0.4432 0.4785
-3.0904 -0.5816 1.6631
-3.1260 -0.7784 1.0508
-3.3106 -0.7472 0.7000
-3.1951 -0.7571 0.7444
-3.2275 -0.7471 1.0379
-3.3636 -0.6989 0.8425
-1.6455 -0.6505 2.1699
-3.3684 -0.7236 0.6959
-3.3565 1.6440 3.3009
-3.2121 1.7243 3.4004
-3.4274 1.7305 3.1709
-3.2303 -0.5297 1.4871
-3.1526 -0.5021 1.6295
-3.2294 -0.4909 1.5759
-3.3039 -0.4800 1.5053
-3.2662 -0.3966 1.7025
-3.3012 -0.4353 1.6536
-3.3475 -0.4479 1.5974
-1.7521 -0.5702 1.8807
-2.9696 -0.8026 1.1164
-3.4351 0.0435 0.5874
-2.8484 -0.7352 1.0300
-3.4846 0.0970 0.9483
-2.8399 -0.5587 2.0553
-3.2222 1.7931 3.0504
-3.5750 0.2105 1.2777
-2.8942 -0.4441 2.0145
-2.7183 -0.7397 1.1963
-2.4284 -0.7668 1.5649
-3.3719 1.8080 3.1895
-3.1179 -0.4127 1.7609
-2.9308 -0.3915 2.0621
-3.1876 -0.3591 1.8186
-2.5984 -0.6242 1.2003
-2.3400 -0.6471 1.5486
-3.3894 1.8358 3.0704
-3.2976 -0.1753 2.2399
-3.3391 -0.2873 1.8386
-3.0977 -0.3055 2.1498
-3.3804 -0.3480 1.7078
-3.4417 -0.3509 1.6222
-3.4108 -0.4150 1.5247
-3.6132 -0.4014 -0.6285
-3.5788 -0.3937 -0.4862
-3.7280 -0.3181 -0.5981
-3.6232 -0.3687 -0.3672
-3.5358 -0.2942 1.4721
-3.5126 -0.2528 1.6778
-3.5243 -0.1488 1.9332
-3.2945 1.8181 3.0316
-3.7679 -0.3083 -0.1986
-2.4005 1.7101 3.6790
-2.4585 1.4205 3.6361
-2.3147 1.7699 3.7807
-3.0247 -0.7595 0.9204
-4.0105 -0.1603 -0.1159
-3.8575 -0.2611 0.1303
-2.9276 -0.7138 0.8830
-3.4662 -0.0010 2.3598
-2.6077 1.7225 3.8800
-3.0996 -0.7324 0.5956
-2.9725 -0.6922 0.7023
-2.8170 -0.6276 0.9156
-3.9196 -0.2017 -0.5480
-2.9168 -0.6368 0.7157
-2.4867 1.7905 3.9172
-2.5436 -0.5888 1.1146
-4.0278 -0.1167 -0.5766
-4.1291 -0.0468 -0.1391
-2.8260 -0.5928 0.7464
-3.6817 -0.0066 1.9877
-2.3171 1.8017 3.8368
-1.9859 1.8079 4.0875
-3.0727 -0.6757 -0.0179
-3.0230 -0.6784 0.3875
-3.1689 -0.7294 0.0715
-3.8094 -0.0524 1.5992
-3.8340 -0.1358 1.2698
-4.1787 0.0258 -0.3772
-3.0284 -0.6298 0.0851
-2.9314 -0.6051 0.3834
-2.9728 -0.5906 0.0061
-3.7883 -0.2829 -0.7364
-3.7290 -0.3371 -0.8066
-3.6380 -0.4358 -0.7539
-3.5983 -0.4469 -0.6964
-2.8780 -0.5668 -0.1666
-3.4218 -0.7257 0.3337
-3.3747 -0.7472 0.1488
-3.4562 -0.6898 0.3023
-3.4256 -0.5916 0.7346
-3.5122 -0.5755 0.4113
-3.7413 -0.2785 -0.9387
-3.6575 -0.3763 -0.8869
-3.2560 -0.7493 -0.1888
-1.8304 1.7984 4.1106
-2.0919 1.7875 4.1212
-1.5649 -0.1653 -0.0632
-3.8949 -0.1562 -1.0163
-3.7562 0.1141 2.0478
-3.6205 -0.3166 -1.0523
-3.5021 -0.4075 -0.9807
-3.6270 -0.2354 -1.4694
-3.4801 -0.3245 -1.4004
-3.6499 0.2204 2.3775
-1.9062 -0.6070 2.9781
-1.7544 -0.6820 3.1033
-1.5995 -0.5518 3.1700
-2.0074 -0.4908 2.8767
-1.7072 -0.4814 3.1049
-1.7810 -0.4186 3.0838
-1.6301 -0.4754 3.1998
-3.8781 0.2758 2.0455
-3.4486 -0.6981 -0.1153
-2.1759 -0.4512 2.7636
-1.9029 -0.3593 3.0982
-2.1453 -0.3966 2.8278
-1.7825 -0.3831 3.1408
-3.9331 0.1118 1.6703
-1.7279 -0.3711 3.2913
-3.3409 -0.7413 -0.3639
-3.3554 1.6390 2.8155
-1.3332 0.0265 3.0202
-3.5034 -0.6094 0.2040
-1.5806 -0.0036 2.7715
-1.3946 -0.0333 2.7070
-4.1324 0.0310 -0.7954
-1.8787 -1.7439 3.1578
-2.0301 -1.7893 3.0296
-1.9746 -1.7123 3.1242
-1.7362 0.0465 2.8909
-3.9424 -0.0190 -1.3934
-2.0451 -1.8249 2.9012
-1.6680 0.1105 3.1327
-2.1480 -1.7677 2.8967
-2.0719 -1.6997 3.0498
-4.0600 1.6137 2.3684
-3.8777 1.6180 2.6688
-3.8694 1.6735 2.6580
-2.1250 -1.8146 2.8266
-4.1004 0.0976 -1.1955
-4.2756 0.3012 -0.9977
-4.0016 1.7212 2.3988
-3.7005 1.7475 2.8261
-4.1866 1.6432 2.1222
-2.1510 -1.6722 2.9584
-2.2083 -1.6669 2.8363
-2.0613 -1.5450 3.0657
-2.1248 -1.5337 2.9832
-2.1898 -1.5551 2.8712
-1.9728 -1.5550 3.1465
-3.8503 1.8107 2.5880
-4.0471 1.8109 2.2685
-2.1641 -1.8059 2.6448
-2.1768 -1.7946 2.7109
-2.2071 -1.7463 2.7646
-3.9175 1.8439 2.3952
-2.1488 -1.7725 2.4922
-2.2040 -1.7532 2.5076
-2.2641 -1.6812 2.4523
-2.2709 -1.5903 2.6340
-2.2696 -1.6523 2.5805
-3.5952 1.8026 2.9341
-0.9033 0.0393 3.2751
-0.9016 -0.0114 3.0317
-3.7340 1.8320 2.7153
-2.7993 -0.5742 0.3934
-2.2464 -1.5541 2.7316
-0.7858 -0.0708 2.5974
-2.3533 -0.5315 -0.4012
-3.8051 1.8404 2.3936
-4.3896 0.3215 -0.0558
-2.1329 -1.4425 2.8815
-2.0107 -1.3917 2.9971
-2.1056 -1.3350 2.8718
-2.2073 -1.3850 2.7488
-4.3130 0.2256 -0.4658
-2.2306 -1.1160 2.8300
-2.3515 -1.0956 2.6988
-2.1982 -1.2885 2.7828
-1.9575 -1.2593 3.0052
-1.9771 -1.1127 3.0377
-1.1484 0.1075 3.4064
-1.3031 0.1890 3.5485
-2.3985 -0.5593 0.7403
-2.9458 -0.6163 0.5267
-1.8306 -1.6452 3.2125
-1.7303 -1.6572 3.2365
-4.4267 0.3906 -0.3780
-1.6831 -1.5857 3.2471
-4.0573 0.1245 1.3679
-4.1802 0.3500 1.4292
-1.7690 -1.5485 3.2281
-1.6733 -1.4715 3.2016
-0.5582 0.0911 3.5511
-4.2813 0.3706 1.1246
-1.8748 -1.5431 3.1940
-4.0568 0.2876 1.6635
-1.9353 -1.4599 3.1112
-0.8128 0.1857 3.7005
-3.1143 -0.7599 -1.2105
-2.9957 -0.7566 -1.2147
-3.1015 -0.7279 -0.8902
-1.7811 -1.4213 3.1557
-1.8947 -1.3416 3.0598
-2.9416 -0.8238 -1.4492
-1.7461 -1.3355 3.1330
-4.2668 0.5462 1.4207
-1.5772 -1.3551 3.1817
-4.3842 0.5524 0.9975
-1.4650 -1.3854 3.1748
-3.4229 -0.6908 -0.4645
-3.3652 -0.7122 -0.6977
-1.4840 -1.1312 3.2560
-1.7236 -1.2385 3.1510
-3.4308 -0.6003 -0.7122
-3.4909 -0.5709 -0.2188
-1.4610 -1.2640 3.2040
-1.3589 -1.3171 3.1399
-3.5030 -0.4843 -0.4502
-3.5042 -0.4971 -0.6445
-1.3622 -1.2061 3.1810
-2.5040 -0.1227 -0.4257
-4.3583 0.3041 -0.6107
-4.4401 0.4929 -0.7419
-4.4781 0.5239 -0.5309
-1.5232 -0.0546 2.4284
-3.2018 -0.7367 -0.9211
-3.2935 -0.7251 -0.9547
-4.4272 0.7987 1.0545
-3.2696 -0.7068 -1.1269
-1.9752 -0.0726 1.7775
-3.3053 -0.6038 -1.1185
-4.3402 0.8476 1.4242
-3.1009 -0.7775 -1.3795
-3.1311 -0.6670 -1.5215
-4.3954 0.5600 -0.9711
-1.5840 -1.0829 3.2459
-1.7465 -1.0453 3.1847
-3.3940 -0.5327 -0.9402
-3.1780 -0.5400 -1.4602
-4.0592 0.4316 1.8531
-1.9162 -0.9091 3.0859
-3.3047 -0.4364 -1.2803
-4.1203 0.6960 -0.7470
-3.9328 0.4448 -0.8955
-3.9829 0.6033 -1.1123
-1.6018 -0.7846 3.2119
-1.4840 -0.9165 3.2944
-4.2088 0.6357 1.6632
-3.4745 -0.5088 -0.8126
-3.5615 -0.4282 -0.1074
-3.5483 -0.4976 0.1489
-3.3931 -0.4568 -1.0415
-3.5269 -0.4920 -0.7410
-3.7453 0.6522 1.8757
-3.6085 0.4519 1.8421
-3.8330 0.5888 1.5872
-3.6845 -0.3524 0.0926
-3.6178 -0.4190 0.1753
-2.0387 -0.9745 3.0119
-2.2979 -0.9132 2.7780
-3.5708 -0.4554 -0.8415
-2.2004 -0.7619 2.8221
-3.4536 -0.3824 -1.1022
-1.8775 -0.0324 2.4407
-3.2804 -0.3900 -1.4879
-2.0421 0.0023 2.5323
-3.9325 0.8222 1.6745
-3.9977 0.7112 1.3345
-1.3138 -1.2561 3.1268
-1.2102 -1.2042 3.2175
-1.1869 -1.2465 3.1835
-1.2544 -1.2113 3.1408
-1.2668 -1.1137 3.1814
-1.2187 -1.0944 3.1917
-1.2086 -1.1465 3.1975
-1.1728 -1.2285 3.2424
-3.3277 -0.0095 0.1617
-3.1156 -0.0558 -0.1359
-3.0964 -0.0448 -0.7596
-1.1790 -1.1618 3.2680
-1.1065 -1.1150 3.2962
-1.1357 -1.0497 3.2546
-3.8557 0.4966 1.3499
-1.3366 -1.0613 3.2761
-3.3877 0.0141 -0.3918
-2.3614 -0.1024 0.6361
-1.2492 -1.0414 3.2409
-1.0319 -1.0897 3.2936
-0.9980 -1.0192 3.2666
-1.0778 -1.0254 3.2633
-0.9407 -0.9993 3.2837
-3.5654 0.0771 0.0194
-1.0231 -0.9357 3.3361
-0.9018 -0.9372 3.3771
-1.0973 -0.9728 3.2728
-1.1360 -0.9368 3.3285
-1.0537 -0.8886 3.3745
-0.8171 -0.8940 3.4055
-0.8305 -0.8234 3.4041
-1.3265 -0.9658 3.3249
-2.5412 -0.2166 2.9946
-2.1168 -0.2590 3.2349
-2.2198 -0.1361 3.3866
-1.2754 -0.8476 3.3463
-3.5910 0.1050 -0.5041
-3.7674 0.2101 -0.4676
-2.5380 -0.0903 3.2234
-2.2704 0.0477 3.5670
-4.1559 0.9086 1.9546
-4.0833 0.6598 1.9776
-1.4043 -0.6692 3.2572
-1.0936 -0.7356 3.3498
-2.7306 0.0262 3.2193
-3.0119 0.1576 3.0997
-2.7733 0.2406 3.3808
-3.0167 0.3108 3.2208
-1.2674 -0.6004 3.2644
-2.7207 -0.7511 -1.4055
-2.9221 -0.6997 -1.0913
-2.8710 -0.7576 -1.2902
-0.8596 -0.6131 3.3516
-2.5455 0.1283 3.4627
-3.8755 0.8620 1.8482
-2.9740 -0.6746 -0.8424
-1.1804 -0.5019 3.2711
-2.5198 0.3891 3.6614
-2.8392 -0.6176 -1.0954
-3.8859 1.0517 1.9405
-3.7755 0.8788 2.0444
-2.9393 -0.6150 -0.7728
-2.7965 -0.5757 -1.0430
-2.8819 -0.5709 -0.6448
-4.0258 1.0484 1.6177
-3.2063 -0.0258 0.6135
-3.0333 -0.0517 0.3540
-2.7885 0.4563 3.5054
-2.6794 -0.6393 -1.3556
-2.6033 -0.5789 -1.3603
-4.1500 0.8966 1.0797
-4.0877 0.9607 1.3850
-2.8231 -0.0894 -0.0520
-2.7851 -0.0271 1.4293
-2.6596 -0.0082 1.7902
-2.2843 -0.0271 2.0155
-2.4781 -0.5418 -1.1259
-1.9330 -0.0738 3.6310
-1.8320 -0.2165 3.4700
-1.5939 -0.1783 3.6493
-0.9177 -0.4790 3.3404
-0.3975 -0.6052 3.4310
-0.5976 -0.5039 3.4245
-1.6245 -0.0102 3.8535
-0.4235 -0.5508 3.4513
-0.4578 -0.5039 3.5107
-0.3741 -0.5169 3.4836
-0.5677 -0.4631 3.4745
-2.6311 -0.0635 1.1115
-1.9167 0.1377 3.8460
-2.5789 -0.5611 -1.2898
-2.9620 -0.0265 1.1315
-3.2687 0.0142 -1.0336
-4.3929 0.4482 0.7586
-0.8358 -0.4182 3.4004
-0.5416 -0.4423 3.5839
-0.6888 -0.3841 3.5152
-0.6207 -0.3685 3.6126
-0.9488 -0.3515 3.5272
-0.7120 -0.2611 3.7667
-3.4778 0.0911 -0.9664
-3.0146 0.0273 1.5928
-3.0218 -0.0109 1.2839
-3.2108 0.1521 1.8296
-2.8641 0.0644 2.0209
-2.2138 0.2974 3.7995
-1.5410 -0.6170 3.1989
-1.3910 -0.5524 3.2412
-1.4401 -0.5128 3.2486
-1.5589 -0.4971 3.2387
-1.5024 -0.4905 3.2752
-1.5971 -0.4410 3.3440
-1.6608 -0.4357 3.2813
-1.2853 -0.4600 3.2729
-1.1500 -0.4181 3.3115
-1.3895 -0.4132 3.3561
-1.2734 -0.3946 3.3421
-1.4677 -0.4263 3.3700
-1.5516 -0.3887 3.4126
-4.4867 0.6581 0.5532
-1.2854 -0.3434 3.4498
-3.7226 0.2402 -0.9507
-1.3312 -0.1456 3.8084
-1.6617 -0.3181 3.4295
-1.2829 -0.0341 3.9547
-1.3604 0.0979 4.0386
-4.5253 0.7005 0.1002
-1.6520 0.1996 4.0123
-4.1234 0.5925 0.3558
-2.1619 -0.3402 2.9906
-1.7876 -0.3088 3.3384
-3.3980 0.1339 1.3940
-1.5982 -0.2699 3.5052
-1.4501 -0.3012 3.5097
-4.1983 0.7988 0.6428
-3.7726 0.4337 2.3979
-1.1562 -0.2752 3.6411
-3.9270 0.3256 -0.2029
-1.2281 0.2205 4.1660
-3.9698 0.4889 2.0980
-1.4579 0.3625 4.1772
-1.2208 0.4316 4.2754
-4.2065 0.7339 0.1286
-3.9067 0.6329 2.3076
-1.6381 0.2569 3.5240
-4.4734 0.7586 0.7905
-1.3137 0.3991 3.8353
-1.0174 0.3404 3.8675
-1.2949 0.2722 3.6970
-3.1402 -0.7121 -0.3701
-1.9080 0.3761 4.0094
-3.0373 -0.6534 -0.4289
-3.0110 -0.6075 -0.2539
-1.7685 0.4531 4.1022
-4.0793 0.5073 -0.1362
-1.5901 0.6027 4.2152
-4.0060 0.8497 2.2104
-4.5237 0.9223 0.7625
-4.5725 0.9095 0.2332
-4.1500 0.6369 -0.3047
-3.8447 0.9001 2.5126
-4.0375 0.9695 2.2793
-3.9115 0.3593 -0.6425
-1.6320 0.3877 3.6960
-4.2511 1.0156 1.9054
-4.2627 0.9369 1.7446
-4.1039 1.0403 2.2231
-1.6119 0.5559 3.8358
-4.0303 0.4854 -0.5129
-0.9857 -0.1354 3.9222
-0.8609 -0.0375 4.0546
-4.2667 1.0007 0.6593
-4.2691 0.9149 0.4118
-4.1646 1.0918 2.0963
-4.1605 1.1890 1.9932
-4.3530 1.1391 1.5776
-3.1082 0.5788 3.2859
-2.9040 0.6787 3.5049
-1.2053 0.5116 3.9538
-2.9612 -0.5930 -0.5133
-2.9620 0.8772 3.5235
-2.6007 0.6957 3.7369
-2.6625 0.8744 3.7496
-2.2954 0.5319 3.8757
-4.2130 0.8456 -0.5786
-2.9290 0.9480 3.6094
-2.4322 0.8995 3.9172
-2.6829 0.9728 3.8225
-2.2486 -1.6484 2.2625
-2.1437 -1.7027 2.3269
-2.2505 -1.6725 2.3327
-2.1796 0.6932 3.9866
-2.5508 1.0541 3.9358
-2.3522 0.9769 4.0355
-2.2215 -1.5877 2.1755
-2.3103 -1.5934 2.3926
-2.3172 -1.4886 2.4422
-2.8286 1.1097 3.7172
-3.0208 1.0321 3.5881
-2.7836 1.0496 3.7755
-4.1632 1.0991 1.2486
-4.2581 1.1158 0.8399
-2.3401 1.1593 4.0189
-2.5364 1.2503 3.8646
-2.2429 -1.5014 2.1007
-2.2004 -1.4086 2.0839
-4.4198 0.9428 1.2902
-2.8548 1.2231 3.6600
-4.4029 1.0072 1.4956
-4.5160 1.0058 1.1115
-2.3527 -1.3569 1.9934
-2.0704 0.9046 4.1216
-4.4848 1.0817 1.2866
-2.0426 0.9740 4.1988
-2.1937 1.0438 4.1488
-1.9558 1.0377 4.2629
-1.9765 1.1519 4.2437
-4.3359 1.0790 1.7175
-2.2574 0.8857 3.6824
-2.1058 1.2200 4.1388
-1.8493 1.1657 4.3166
-1.9122 1.2492 4.3154
-1.9883 1.3003 4.2238
-1.9568 1.3436 4.2858
-3.9786 1.3733 1.7872
-2.2687 -1.4102 2.6108
-2.2951 -1.3889 2.5116
-2.2864 1.0737 3.7190
-2.0366 1.2987 3.8840
-1.9680 1.0594 3.8916
-2.3609 -1.4731 2.3516
-2.3870 -1.3889 2.3331
-2.3180 -1.3519 2.4216
-1.9809 0.8161 4.1171
-2.2872 -1.3070 2.4904
-2.3065 -1.2378 2.4831
-2.3852 -1.2947 2.3853
-2.3419 -1.2166 2.4630
-2.4589 -1.2467 2.4192
-2.4633 -1.2888 2.3382
-2.3922 -1.2215 2.4550
-2.2848 -1.2895 2.6448
-2.2863 -1.2972 2.5756
-2.4184 -1.0796 2.5956
-2.3615 -1.1442 2.5700
-1.6721 0.8740 4.2679
-2.3947 -1.1101 2.5027
-2.2593 1.3646 4.0391
-2.0417 1.3682 4.1645
-1.8756 0.7657 3.8329
-1.9529 1.4439 4.2483
-2.0403 1.4698 4.1811
-2.4936 -1.3302 2.2632
-2.5215 -1.2053 2.3774
-2.5870 1.4058 3.8392
-1.5983 0.8158 3.9781
-4.3795 1.2785 1.3740
-1.2242 0.8051 4.0994
-2.8437 1.4969 3.6881
-2.3615 1.4771 4.0032
-1.6287 0.9561 4.0168
-2.2992 1.5705 4.1028
-2.5156 1.5681 3.9728
-2.1271 1.5161 4.1586
-2.0098 1.6420 4.2445
-1.9971 1.5629 4.2559
-2.2422 1.6600 4.1242
-1.8668 1.7333 4.2477
-4.1044 1.3293 1.4581
-1.8786 -1.1351 2.2743
-1.5463 -0.9798 2.4517
-1.6575 0.9783 4.3524
-4.2505 1.2960 1.7079
-1.7128 1.0713 4.3553
-1.3875 -0.8287 2.4727
-3.2295 0.4273 3.0950
-3.4949 0.4745 2.8219
-3.2388 0.2471 2.9437
-3.4109 0.6483 3.0023
-1.8973 -0.9474 2.1798
-4.1062 1.2792 2.0765
-4.2766 1.4258 1.6803
-4.1019 1.4410 2.1134
-1.5507 -0.7890 2.3442
-4.2037 1.5724 2.0568
-4.3384 1.5154 1.6006
-4.1320 1.5010 2.0895
-3.5458 0.3248 2.6360
-3.7182 0.6380 2.6063
-1.6121 1.1824 4.0658
-2.6266 -0.1098 -1.0233
-2.6850 -0.0821 -1.4681
-2.3100 -1.2032 1.9409
-2.4120 -1.2083 1.9006
-2.5384 -0.4036 2.7017
-2.6450 -0.2994 2.7713
-2.6411 -0.4006 2.6588
-2.7861 -0.3453 2.4285
-2.4634 -0.4574 2.6307
-2.5936 -0.4584 2.6128
-2.5508 -0.4870 2.5454
-2.4848 -0.5144 2.5490
-2.5818 -0.4982 2.4419
-2.2379 -0.9827 1.8989
-2.4024 -1.0055 1.7508
-2.6629 -0.4321 2.5577
-2.6472 -0.4390 2.4953
-2.7355 -0.3998 2.3002
-2.6613 -0.4250 2.4021
-2.6731 -0.5044 2.2852
-2.7786 -0.3243 2.5689
-2.7733 -0.2700 2.6933
-4.3701 1.5819 1.6569
-3.5898 0.7520 2.8177
-2.8609 -0.1252 2.8850
-1.9425 -0.7792 2.0460
-2.9663 -0.2565 2.4637
-4.5748 1.0257 0.8755
-4.5391 1.1204 1.0789
-4.4951 1.1871 1.1719
-4.5806 1.1253 0.8275
-4.5607 1.2394 1.0490
-4.5628 1.2132 0.9662
-4.6214 1.0044 0.4915
-2.4563 -0.3152 2.8596
-2.3642 -0.3687 2.7711
-4.5787 1.2202 0.4097
-4.6293 1.1296 0.2564
-4.6342 1.0698 0.5261
-1.9137 -0.6206 1.9231
-3.2815 0.8800 3.2192
-4.5451 1.3262 0.8490
-4.5691 1.3017 0.9154
-4.5450 1.2809 0.6864
-4.5412 1.2868 1.1112
-3.0586 0.8513 3.0214
-3.0273 0.6581 2.9229
-3.3295 0.9009 2.7477
-4.5878 1.3331 1.0170
-4.5374 1.3767 1.1114
-2.3193 -0.4307 2.6869
-4.5743 1.3786 0.9411
-3.1307 0.9970 3.0236
-4.5665 1.4169 1.0193
-2.4419 -1.1905 2.4693
-2.4857 -1.1581 2.4481
-4.5399 1.4276 0.6907
-2.3994 -1.1440 2.4759
-2.1439 0.1068 2.8722
-1.9795 0.0652 2.8435
-2.3542 0.0383 2.4734
-4.5435 1.4500 0.9194
-2.5516 -1.1513 2.3363
-2.5130 -1.1069 2.3986
-2.4668 -1.0836 2.4388
-2.5214 -1.0367 2.3785
-2.5200 -1.0019 2.4452
-4.2265 1.2499 1.0367
-3.3084 -0.6438 1.1234
-2.8968 -0.0083 3.0338
-2.4785 -0.9113 2.5835
-2.6307 -0.9140 2.3536
-3.2839 0.9472 3.2788
-2.6650 0.2204 2.7342
-2.3623 0.1379 2.7991
-2.7326 0.1273 2.4184
-2.5627 -1.1172 2.2586
-3.3364 1.0342 3.2955
-3.1144 1.1686 3.5217
-3.2150 1.1512 3.3890
-3.1703 1.2096 3.4688
-2.5866 -1.0584 2.2149
-4.1656 1.5366 1.2031
-3.3358 1.1062 3.2777
-3.2033 1.2636 3.3997
-2.6498 -0.9740 2.2348
-2.3349 0.2487 3.0692
-3.1903 1.1080 2.9963
-2.5081 -0.7188 2.5054
-3.5788 0.9138 2.9063
-3.6290 -0.2964 1.0934
-3.7788 -0.2298 1.0259
-3.7564 -0.2986 0.6425
-3.5449 0.9966 3.0475
-2.1308 -0.5931 1.6594
-4.2886 1.3605 0.6764
-3.2476 -0.5599 1.3861
-2.1733 -0.5586 1.3181
-3.3296 -0.4477 1.3023
-3.3958 -0.4739 0.9779
-3.3915 -0.4060 1.4250
-3.3920 -0.3898 1.2875
-4.4630 1.3709 1.1885
-3.4323 -0.4024 1.0213
-4.4326 1.4762 1.2638
-2.5345 -0.5852 2.4648
-2.4139 -0.5742 2.5770
-3.4846 -0.3348 1.3028
-3.5494 0.6960 2.2792
-3.2542 0.5973 2.6098
-3.4562 0.5394 2.2452
-4.5152 1.4701 1.0860
-3.4473 0.8168 2.5530
-3.5527 -0.3556 0.8895
-4.4910 1.6033 1.2852
-4.5147 1.5378 1.0996
-3.6159 0.9242 2.3548
-3.1283 -0.0129 0.9351
-3.2674 0.0369 1.1324
-2.1925 -0.5857 2.7516
-4.5524 1.5102 0.7466
-3.5109 -0.5037 0.5485
-4.5447 1.5246 0.9433
-3.5720 -0.4951 0.4180
-3.6024 -0.4191 0.5564
-3.6871 -0.4233 0.4616
-2.2682 -0.0154 2.2404
-4.5799 1.5866 0.8732
-3.5144 -0.4185 0.7004
-3.6049 -0.3656 0.6708
-2.1485 -0.7237 1.8225
-3.4461 0.9797 2.6438
-4.2523 1.7104 0.7182
-4.1316 1.7032 1.2885
-3.5729 -0.5008 0.2898
-3.6832 -0.4156 0.2681
-3.6398 -0.4693 0.3481
-3.7526 -0.3843 0.3590
-3.5209 1.1499 2.5916
-3.7803 -0.3231 0.2324
-4.1748 1.7530 1.1754
-4.3093 1.7847 0.5827
-4.2300 1.8096 1.1866
-4.3668 1.8164 0.5374
-3.8075 -0.3128 0.4606
-4.4932 0.5562 -0.0692
-3.7575 1.1670 2.2122
-3.3881 1.3831 2.8001
-3.1099 -0.0177 2.8007
-4.5271 0.7500 -0.4282
-3.6749 1.0412 2.9065
-3.7974 0.9878 2.6932
-3.3528 0.0752 2.6289
-4.5641 0.9071 -0.4514
-3.6343 1.0896 2.9399
-3.8668 1.0916 2.6235
-3.4825 1.0620 3.1425
-3.0471 -0.0310 0.7270
-4.5728 0.8953 -0.1417
-3.5244 1.1989 2.9934
-3.2234 -0.0820 2.5703
-3.2339 1.3435 3.3336
-4.6315 0.9819 -0.2248
-4.6481 1.0103 0.1406
-4.6594 1.0437 -0.1087
-3.1853 1.3418 3.4756
-4.5068 0.6976 -0.6887
-3.6927 1.2967 2.7608
-3.4683 1.3381 3.0523
-4.5134 0.8945 -0.7573
-4.4782 0.8007 -0.8095
-4.3793 0.6684 -1.1547
-3.2075 1.4679 3.3742
-3.3413 1.4471 3.2112
-3.3161 1.5136 3.2751
-3.5339 1.5744 3.0981
-4.5333 0.9566 -0.9141
-3.5664 1.4997 2.9882
-3.6403 1.6501 2.9827
-4.6107 1.0115 -0.6404
-4.6460 1.0782 -0.4483
-3.9099 1.0198 2.5566
-4.6427 1.1285 -0.2407
-4.6490 1.1824 -0.4474
-2.7421 0.4060 2.9560
-3.9530 1.1231 2.4843
-3.8178 1.2106 2.6132
-3.9583 1.2511 2.4898
-4.0101 1.2074 2.4267
-4.5468 1.0931 -0.9901
-4.5783 1.0511 -0.9098
-4.6073 1.1229 -0.6476
-4.6349 1.2093 -0.5319
-4.5795 1.2322 -0.6496
-4.4705 1.2455 -1.0344
-3.8494 1.3265 2.5660
-2.8775 0.3068 2.6743
-3.9268 1.3441 2.5142
-4.6581 1.0845 0.0881
-4.6347 1.2096 -0.3008
-4.6680 1.2623 -0.3959
-4.6178 1.3146 -0.5813
-4.6767 1.3000 -0.4912
-4.6645 1.3552 -0.5188
-4.0435 1.1637 2.3347
-3.9807 -0.1097 0.8720
-4.0740 1.2881 2.1946
-4.0667 1.2591 2.3047
-4.0430 0.0129 1.1070
-3.5490 1.4084 2.5784
-3.7622 1.4276 2.2357
-3.0038 0.4925 2.7945
-4.2739 0.8871 0.0040
-3.8374 1.4694 2.6006
-3.7615 1.4963 2.7301
-4.0695 1.3016 2.3956
-4.0386 1.3256 2.4471
-4.2548 0.8713 -0.2701
-4.0818 1.3535 2.3333
-3.9902 1.4051 2.4716
-4.0525 1.4067 2.4059
-4.0682 1.3997 2.2469
-4.0531 1.4553 2.3372
-4.0101 1.4879 2.4062
-4.0545 1.5198 2.3098
-3.9718 1.5239 2.4617
-3.0290 0.2281 2.3233
-3.1313 0.4002 2.5212
-3.8250 1.5741 2.7234
-3.2817 0.2434 1.9907
-3.3566 0.3723 2.1445
-4.3170 1.0863 0.2846
-3.5959 0.3358 1.6142
-4.3015 1.0344 -0.2504
-4.3271 1.1928 -0.1493
-4.3284 1.3885 0.2073
-3.5053 1.6978 2.6203
-1.8501 0.1687 3.2205
-3.4884 1.7572 2.6742
-1.7972 0.0943 3.0369
-3.6821 1.8147 2.4909
-4.0816 0.8247 -1.1501
-4.2667 1.0922 -0.6314
-3.6729 1.6927 2.3726
-4.1749 1.0006 -1.0038
-3.6504 1.7698 2.4521
-2.6573 0.9861 3.4458
-2.4985 1.1226 3.5891
-2.6937 1.2713 3.4611
-4.3038 1.3738 -0.4418
-3.0344 1.1749 3.5795
-2.9366 1.2906 3.6162
-3.0655 1.3064 3.5939
-4.3065 1.4788 0.4648
-2.8391 1.3898 3.6597
-4.5781 1.3245 0.1472
-4.6019 1.2408 -0.1384
-1.8342 1.5955 3.9790
-2.1971 1.6026 3.7941
-4.5948 1.4904 0.3258
-4.6404 1.5823 0.4000
-4.6304 1.6430 0.5541
-4.5956 1.6774 0.7463
-4.6221 1.7235 0.2755
-4.5373 1.7486 0.8163
-1.9580 1.7549 3.9647
-2.0609 1.7064 3.8773
-4.5933 1.4466 0.0787
-4.6602 1.5800 0.0179
-4.6306 1.5347 -0.1959
-3.1467 1.2779 3.5452
-3.1416 1.3731 3.5414
-3.0638 1.4056 3.5766
-2.9896 1.4412 3.5911
-4.6691 1.6480 -0.0148
-3.1595 1.4275 3.4738
-3.0831 1.4730 3.5314
-3.1046 1.5139 3.5070
-4.5969 1.7956 0.0653
-4.5467 1.8073 0.5158
-4.2787 1.6851 0.4711
-4.3214 1.7606 0.1346
-4.3485 1.8373 0.9470
-4.3013 1.6953 0.0665
-4.4578 1.8387 0.6484
-4.4606 1.8244 -0.3382
-4.6013 1.3684 -0.2159
-4.6662 1.3475 -0.3496
-4.6048 1.4890 -0.1775
-4.6277 1.4657 -0.3318
-4.3206 1.5028 -0.1177
-4.2917 1.6840 -0.2526
-4.6782 1.3846 -0.4334
-4.5465 1.3346 -0.7022
-4.6165 1.4297 -0.5606
-4.5717 1.4602 -0.6439
-4.6393 1.4677 -0.4572
-4.6269 1.5257 -0.4918
-4.5550 1.5150 -0.8249
-4.6542 1.6001 -0.4089
-4.6017 1.5664 -0.7922
-4.2695 1.6467 -0.4977
-4.2480 1.4452 -0.7786
-4.3124 1.7538 -0.4003
-4.6297 1.7495 -0.0650
-4.5394 1.8287 0.0168
-4.6555 1.6494 -0.3828
-4.6156 1.7393 -0.4163
-4.5204 1.8179 -0.4796
-4.5605 1.7909 -0.6143
-4.3988 1.8082 -0.1319
-4.3196 1.7876 -0.7653
-4.3208 1.6725 1.7949
-4.4514 1.6573 1.4271
-4.4309 1.7276 1.3875
-4.2458 1.7724 1.8550
-4.5335 1.6661 1.1022
-4.3504 1.8170 1.4932
-4.4833 1.8026 0.9733
-4.4135 1.8337 1.1310
-4.1946 1.8461 1.7543
-4.1865 1.8374 1.5396
-3.8489 1.5867 2.0606
-3.8147 1.7360 2.1365
-3.9507 1.8065 1.9796
-3.9940 1.7528 1.7447
-3.9991 1.6849 1.6978
-4.0877 1.7990 1.6105
-4.1267 1.7452 2.1446
-4.1701 1.8295 1.9587
-0.1824 -0.4615 3.4718
0.3750 1.4679 4.6068
0.6426 1.3946 4.5627
0.6468 1.4985 4.5781
0.8479 1.4854 4.5655
0.7774 1.5450 4.5832
0.5323 1.5649 4.5891
0.6388 1.6007 4.5404
2.4760 1.5348 3.9391
2.3741 1.4657 3.9647
0.7929 0.3113 4.2891
-0.1353 -0.3943 3.5548
0.9399 1.5730 4.5765
-0.2492 -0.4188 3.5683
-0.0574 0.1685 3.7725
0.4462 0.1893 3.7841
-0.3506 -0.4556 3.6123
-0.4069 -0.4937 3.5756
0.8926 1.6114 4.5770
0.8166 1.6356 4.5563
-0.4708 -0.4724 3.6147
-0.4340 -0.4276 3.6736
-0.3236 -0.3895 3.6811
2.0049 1.4052 3.8235
2.2169 1.6312 3.6985
0.9494 1.6847 4.5353
0.8521 1.6720 4.5228
-0.1900 -0.3471 3.6741
0.5588 0.3831 3.9848
0.9370 0.4738 3.9740
-0.2775 1.4192 4.3443
-0.1062 1.1382 4.3403
-0.5889 1.1253 4.3103
0.0082 -0.0143 3.2645
0.5624 1.6913 4.4919
0.6689 1.6798 4.5126
0.7535 1.7084 4.4845
2.5782 1.6057 3.8846
2.5288 1.6584 3.8915
0.7280 1.6883 4.5316
0.4496 0.2378 4.3026
0.6440 0.4597 4.3755
0.2137 1.5642 4.6697
0.0096 1.4977 4.6408
2.2597 1.5795 4.0817
2.2483 1.6350 4.0769
0.0733 0.2990 4.3621
0.3358 1.6071 4.6592
0.4515 1.5367 4.6353
0.4366 1.6337 4.5948
0.3653 1.6687 4.5783
0.1543 1.6580 4.6584
2.3821 1.7361 3.8895
-0.2487 -0.2717 3.7938
0.4967 1.7196 4.4376
0.3663 1.7062 4.5150
0.2932 1.6888 4.5919
-0.2190 -0.1980 3.9210
-1.3077 0.7836 4.3553
-0.0059 1.6519 4.6740
-1.3056 0.9103 4.4145
0.1918 1.6917 4.6023
0.1011 1.7195 4.5686
0.0600 1.6953 4.6341
0.3216 0.2935 3.9313
0.6773 0.2575 3.8408
-0.8111 0.8641 4.4960
-0.1993 1.7319 4.5640
2.4746 1.6223 3.5258
-0.4804 -0.2873 3.7822
-0.5251 1.3267 4.7016
-0.5120 1.2573 4.6889
-0.4341 1.3151 4.6861
-1.3060 1.0073 4.4838
0.4017 0.5156 4.0974
-0.4195 1.3700 4.6720
-1.0184 0.9253 4.4997
-0.5718 1.4075 4.6673
-0.4933 1.4465 4.6605
-1.2917 1.0491 4.4893
-0.8360 1.0179 4.5891
-0.3232 1.3340 4.6159
-0.4218 1.4391 4.6484
2.3832 1.6915 3.6189
-0.4208 1.4926 4.6395
-0.2219 1.3393 4.5982
-0.2285 1.4764 4.6251
-0.1812 1.5581 4.6756
1.0810 0.6821 4.3551
-0.6559 1.4051 4.6132
-0.5905 1.5022 4.6272
-1.2971 1.0115 4.1457
-0.5188 -0.1004 4.0374
-0.0733 -0.1360 4.0246
-0.3140 1.6046 4.6716
-0.8294 1.5539 4.6047
-0.9063 1.4823 4.5425
0.8859 0.6836 4.1090
-0.5470 -0.3561 3.6911
-0.3793 -0.3516 3.7304
2.4526 1.7565 3.6773
2.5368 1.7612 3.6969
-0.4413 1.7127 4.6055
-0.4872 1.6517 4.6472
-0.3118 1.6946 4.6435
0.5437 0.6835 4.1705
2.4041 1.7361 3.6560
-0.8296 0.9319 4.2353
-0.9479 1.1855 4.2585
-1.3266 1.3271 4.1707
-0.4982 1.6632 4.3325
-0.1876 1.6627 4.3538
-1.0622 1.4363 4.2384
2.0373 1.7516 3.9135
-0.4407 1.7483 4.5353
-0.7116 1.5273 4.3019
-0.5676 1.7446 4.3724
-0.0085 1.7116 4.3748
-0.4499 1.7722 4.4686
-0.1715 1.7345 4.4342
0.2871 0.0516 4.1867
0.2357 -0.0848 4.0690
2.0277 1.7056 4.1316
-1.0778 1.1176 4.5114
1.9404 1.7527 4.1085
-0.1511 1.7071 4.6440
-1.4276 1.1749 4.3997
-1.7562 1.2000 4.3448
-1.6497 1.1890 4.3480
2.0883 1.6747 3.7903
1.9159 1.7004 3.8992
-1.5733 1.2690 4.3491
1.5451 0.8633 4.2690
1.8632 1.7641 4.0915
-0.3964 1.7560 4.4141
0.2242 1.7250 4.3960
0.7902 0.7465 4.4368
-1.0155 1.2552 4.4960
-1.2307 1.3464 4.4462
-1.6409 1.3870 4.3414
1.1750 0.8666 4.3887
-0.0330 0.0042 4.1664
-0.8045 1.6309 4.6181
-0.8768 1.7073 4.5756
-0.6406 1.7355 4.5916
-0.3945 0.0239 3.3668
-0.5224 1.7654 4.5605
1.6039 0.9391 4.3080
-0.6010 1.7703 4.5683
-0.4477 0.0398 4.1785
-0.7026 1.7824 4.5045
-1.1496 1.7869 4.3260
1.2103 0.9284 4.4280
-0.9260 1.7460 4.3088
1.0551 1.0164 4.5201
1.5055 0.9958 4.3801
-0.8507 1.7704 4.5447
-1.4814 1.5500 4.1167
0.3512 0.5979 4.4587
-0.1008 0.5826 4.4736
0.7249 1.6281 4.2769
0.5140 1.1826 4.3059
0.3629 1.3944 4.3323
1.1904 1.2696 4.4446
1.6591 1.2417 4.2745
1.4878 1.3443 4.3379
1.1024 1.4213 4.4864
0.4147 1.6612 4.3253
0.2363 1.6841 4.3486
0.7809 1.7060 4.2910
0.7681 1.7198 4.3156
0.8974 1.6996 4.4862
0.9910 1.7255 4.3482
-0.6925 1.0946 4.6085
0.3790 0.8683 4.5367
1.2001 1.7044 4.1876
1.2136 1.7353 4.2183
-0.1641 0.3219 3.9669
1.8971 1.5865 4.2716
1.6488 1.6563 4.3537
1.5224 1.6096 4.4162
1.4854 1.5397 4.4141
1.7450 1.4752 4.2732
1.9366 1.5406 4.2371
0.0739 0.4203 4.0518
1.4284 1.4604 4.3806
-0.0163 0.6219 4.1806
-0.7503 1.3401 4.5621
-0.6478 1.1900 4.6120
0.1098 1.5069 4.3481
0.2168 0.7925 4.2529
-0.6603 1.2931 4.6245
-0.5609 1.2052 4.6558
-0.6019 1.3167 4.6763
0.5309 0.9069 4.2574
0.8141 0.8968 4.2045
1.2335 0.6602 3.9990
-0.7706 1.4245 4.5565
1.2405 1.0606 4.4695
1.7570 1.0468 4.2832
1.4187 1.1444 4.3855
1.7316 1.4820 3.9616
1.3780 1.3712 4.1060
1.6747 1.6505 3.9891
-0.0726 0.8547 4.5566
1.4180 1.6544 4.0962
1.0835 1.3063 4.5081
1.0378 1.4989 4.5310
1.1262 1.4828 4.4866
1.1852 1.5616 4.5176
1.1130 1.6317 4.5367
0.9686 1.6521 4.5465
1.0384 1.6783 4.5397
0.7736 0.8876 4.4918
0.6779 0.9625 4.5660
1.6589 1.7236 4.0436
0.0215 0.9541 4.6179
1.5475 1.7595 4.1768
0.4094 1.0292 4.6263
1.4229 1.0404 4.0675
-0.4862 0.2060 3.8002
1.5356 1.7634 4.2771
1.5956 1.7275 4.3069
-0.6408 0.3239 3.9287
1.0802 0.8632 4.1323
0.2045 0.9644 4.3049
-0.1276 0.8290 4.2735
1.0178 1.1165 4.2053
2.0218 1.1853 4.1437
-1.3373 1.4915 4.4514
-0.8256 0.2068 4.2445
-1.0922 1.5519 4.5532
1.1388 1.6855 4.5103
1.3674 1.6838 4.4366
0.9845 1.4100 4.2258
1.1806 1.6630 4.1747
1.4359 1.7219 4.3902
1.2750 1.7279 4.3719
1.1355 1.7122 4.4596
-0.3461 0.2018 4.3028
0.9241 1.1431 4.5665
0.7043 1.1469 4.5741
0.7450 1.0074 4.5823
-1.2806 1.6081 4.5152
1.2254 1.7562 4.2826
-0.4065 0.3658 4.3879
-0.6912 0.4161 4.3771
1.6485 1.1785 3.9973
2.1438 1.1957 4.1209
2.0839 1.2892 4.1338
1.4701 1.7459 4.3448
1.9913 1.3602 4.1399
-0.7131 0.4267 4.0082
-0.8217 1.6895 4.2940
-1.1145 1.6801 4.2269
-1.2565 1.7303 4.2123
1.0574 1.1627 4.5166
1.0347 1.2247 4.5485
-0.5066 0.5182 4.0931
-1.1882 1.7913 4.4162
0.3754 1.1478 4.6006
0.8622 1.2025 4.5877
0.7846 1.2827 4.5830
0.7402 1.3360 4.5652
1.9419 1.6373 4.2415
0.5249 1.2630 4.5669
-0.1311 1.0073 4.6528
0.0374 1.0539 4.6483
-0.3939 0.9963 4.6349
-0.4219 1.0825 4.6421
-0.1217 1.1722 4.6116
0.9624 1.2659 4.6042
0.8396 1.3068 4.6060
0.9182 1.3370 4.6152
1.0409 1.3174 4.5629
1.0143 1.3719 4.5687
0.9483 1.4346 4.5642
2.1393 1.4363 4.1149
1.9989 1.4756 4.1579
0.8358 1.4214 4.5825
-0.9163 0.6322 4.4075
0.0328 1.2656 4.5956
0.1615 1.3546 4.5978
2.2866 1.2861 4.1084
2.2134 1.2719 4.1371
2.3124 1.3508 4.0842
2.3578 1.3725 3.9927
-1.8692 1.2832 4.3612
-1.8004 1.3067 4.3776
2.1731 1.3767 4.1365
2.2499 1.3684 4.1206
-1.7159 1.2936 4.3569
2.2338 1.4743 4.0820
2.2968 1.4361 4.0552
-1.7391 1.3894 4.3592
-1.9092 1.3669 4.3342
-0.9735 0.6465 4.0886
-1.8401 1.3827 4.3644
2.2046 1.5268 4.0993
-1.8634 1.4785 4.3107
-1.7511 1.4612 4.3382
-0.4603 0.5960 4.4639
-0.4971 0.7308 4.2099
0.1546 0.0616 3.5481
-1.7032 1.5087 4.3497
-1.4390 1.5615 4.4661
-1.7622 1.6088 4.3569
-0.4400 1.1477 4.6421
-0.3020 1.2170 4.6139
-1.4865 1.6818 4.4271
-0.3864 1.2508 4.6425
-1.4981 1.6636 4.1105
-1.5733 1.7603 4.1373
-0.3951 0.8593 4.5495
-0.3879 0.8813 4.2810
-1.5583 1.7932 4.3208
-1.4941 1.7725 4.3756
-0.6465 0.9685 4.5975
-1.2001 1.6819 4.5126
-1.1237 1.7631 4.4908
-1.7614 1.7161 4.0219
-2.8306 -0.9003 -1.6385
-1.1347 1.4878 -4.5434
-0.7707 1.5246 -4.6168
-0.9360 1.5616 -4.6123
-3.0212 1.4179 -3.0670
-2.9523 1.1863 -3.1247
-2.7393 1.1146 -3.2997
-2.7437 -0.8259 -1.4882
-3.2908 0.3101 -2.1508
-3.5300 0.4152 -1.9145
-3.4954 0.2535 -1.6556
-2.8851 -0.8813 -1.6904
-2.4338 0.8311 -3.8872
-2.7171 0.8679 -3.7141
-2.4786 0.9606 -3.9376
-2.9220 0.9661 -3.6383
-2.7162 1.0010 -3.8085
-3.0051 -0.1689 -2.6948
-2.6657 -0.1856 -2.9965
-2.7927 -0.2822 -2.6548
-2.4821 1.1428 -3.9868
-2.8926 1.0293 -3.6747
-0.6694 1.5807 -4.6575
-3.5104 1.2722 -2.4997
-3.1969 0.9982 -2.8434
-3.2330 1.1756 -2.8370
-2.9566 1.0896 -3.5893
-2.5798 1.1241 -3.8946
-2.7644 -0.8820 -1.9305
-2.8671 -0.8672 -1.8016
-3.5569 0.0955 -2.3926
-3.7839 0.1824 -2.1309
-3.7546 0.3401 -2.3558
-2.7837 -0.8262 -2.0221
-3.0723 -0.7476 -1.5864
-2.8900 -0.8192 -1.8591
-2.8732 -0.7350 -1.9554
-2.9809 1.2269 -3.5220
-2.6924 1.2804 -3.7596
-3.3969 0.4975 -2.2541
-2.5652 1.3299 -3.9050
-2.3643 0.9023 -3.5249
-1.9768 0.7177 -3.6826
-1.8720 0.8921 -3.7996
-3.4042 1.0858 -3.2049
-3.2790 1.2298 -3.2618
-1.0933 1.6748 -4.5357
-1.2311 1.3674 -4.5571
-1.2382 1.2873 -4.5642
-1.2955 1.3018 -4.5343
-3.3962 1.2808 -3.1755
-3.4168 1.4088 -3.1611
-1.2631 1.4587 -4.5179
-3.1820 1.3737 -3.3588
-3.5102 1.2476 -3.1294
-3.4936 1.1571 -3.1166
-1.1627 1.4227 -4.5453
-1.1116 1.3596 -4.5631
-2.9445 -0.0651 -2.9416
-2.2583 1.1122 -3.6325
-1.8677 1.2649 -3.8508
-2.7905 0.0230 -3.1950
-1.3497 1.3581 -4.4675
-1.0036 1.4085 -4.5409
-3.9735 0.4773 -2.0845
-3.9239 0.2152 -1.8949
-4.1411 0.2883 -1.4715
-2.4155 -0.1234 -3.3001
-1.5381 1.4371 -4.3838
-1.4211 1.5135 -4.4679
-1.2529 1.5706 -4.5412
-2.9917 -0.6191 -1.8366
-1.5358 1.5465 -4.4535
-1.4205 1.6232 -4.4872
-1.0704 1.6216 -4.5819
-2.8115 -0.6630 -2.0620
-3.6916 0.5841 -1.8379
-3.7871 0.4030 -1.2965
-1.2311 1.5685 -4.0917
-0.7643 1.5661 -4.1937
-2.3261 1.4130 -3.6085
-3.8798 0.6529 -1.5069
-2.6470 0.1708 -3.4498
-0.7791 1.6335 -4.2141
-3.0637 -0.5145 -1.7777
-3.1712 -0.4625 -1.5402
-2.9968 -0.5350 -1.9133
-0.5169 1.6779 -4.3077
-1.0075 1.6996 -4.3072
-1.1419 1.6412 -4.1484
-3.1195 -0.4692 -1.8953
-3.1439 -0.4332 -1.7019
-3.0796 -0.4923 -1.9577
-3.7370 1.1060 -2.1359
-3.7377 0.9112 -2.0552
-3.5193 1.0110 -2.4497
-1.2414 1.7139 -4.3747
-0.5810 1.7035 -4.4019
-3.8153 0.5728 -2.4279
-2.0817 0.8839 -4.1071
-1.9652 0.7468 -4.1184
-3.2606 -0.1831 -2.3333
-3.2411 -0.0593 -2.6108
-1.9694 0.9576 -4.2182
-2.2999 1.0044 -4.0701
-2.0976 1.0109 -4.1744
-3.3576 1.4299 -2.7031
-3.5482 0.7118 -2.2233
-3.2588 0.0917 -2.7864
-2.6444 -0.5486 -2.2576
-2.7986 -0.5143 -2.1090
-2.3838 1.1393 -4.0310
-2.1210 1.0884 -4.1414
-3.7187 1.4435 -2.1836
-2.9263 -0.5351 -1.9899
-3.0684 0.1557 -3.0654
-2.7861 -0.4574 -2.1509
-2.9091 -0.4608 -2.0682
-2.2586 1.2042 -4.0619
-2.1272 1.2138 -4.1045
-2.8828 -0.4006 -2.1588
-3.1691 -0.4359 -1.9683
-3.0729 -0.4717 -2.0352
-2.4404 1.2293 -4.0386
-3.0028 -0.4773 -2.0328
-3.9723 0.1014 -1.5926
-3.1151 -0.4116 -2.0840
-2.3550 1.2599 -4.0549
-2.2952 1.3479 -4.0554
-3.8332 1.2802 -1.9828
-3.0499 -0.3684 -2.1634
-2.4179 1.3263 -4.0507
-4.2447 0.4920 -1.4458
-2.5415 1.2499 -3.9612
-2.5084 1.3109 -3.9988
-0.6918 1.7158 -4.5280
-1.0919 1.7073 -4.4782
-2.4708 1.3699 -4.0168
-2.3814 1.4308 -4.0333
-3.4890 0.2745 -2.6816
-2.4790 1.4361 -3.9819
-2.9930 -0.3319 -2.2643
-2.6577 -0.4020 -2.3660
-2.7635 -0.3497 -2.4646
-1.6225 1.0518 -4.3765
-3.2093 0.3933 -3.1034
-3.5265 0.4743 -2.7843
-4.1368 0.4743 -1.7276
-3.0074 0.2827 -3.2307
-1.5608 1.2934 -3.9839
-1.6288 1.5751 -3.9646
-3.6400 1.6341 -2.3085
-3.7900 1.6443 -2.0513
-3.4240 1.6154 -2.6174
-3.6634 1.7064 -2.3527
-2.8109 0.3713 -3.4540
-1.7249 1.2055 -4.2812
-3.3073 -0.3143 -1.9207
-3.1866 -0.4081 -1.8248
-1.9082 1.3321 -4.2090
-1.5761 1.3286 -4.3434
-2.1943 1.3968 -4.0864
-3.3108 -0.3345 -1.7714
-3.2345 1.5629 -2.8404
-1.7855 1.5454 -4.3574
-2.0321 1.4667 -4.1911
-2.0819 1.5391 -4.2240
-3.0248 0.5710 -3.3699
-2.6171 0.5629 -3.6814
-3.5142 1.3430 -3.1215
-3.3417 1.4736 -3.2542
-3.5140 1.4721 -3.0934
-3.6055 1.4536 -2.9856
-3.6085 1.3640 -3.0234
-3.6640 1.3522 -2.8392
-3.6343 1.3192 -2.9504
-2.3491 1.4824 -4.0491
-3.6863 1.4527 -2.8349
-3.5518 1.4236 -3.0653
-3.6640 1.5480 -2.9613
-4.2697 0.7686 -1.5818
-3.5052 1.5375 -3.1442
-2.1963 1.5727 -3.6887
-1.9270 1.5931 -3.8368
-3.5293 1.6008 -3.1278
-3.3637 1.5426 -3.3069
-1.5039 1.6462 -4.0466
-3.6619 -0.1267 -1.7875
-3.4292 -0.1826 -2.0740
-3.3096 0.6557 -3.1229
-3.0852 0.7649 -3.3783
-3.0251 1.5831 -3.0619
-2.1268 1.6349 -3.7559
-3.1061 1.6691 -3.0344
-2.8411 1.6241 -3.2519
-4.0047 0.9091 -1.4729
-2.3785 -0.4040 -2.6308
-2.4286 -0.3648 -2.7436
-3.3755 1.6811 -2.7324
-2.5761 -0.4516 -2.3669
-3.2177 1.7157 -3.0155
-3.9221 1.3606 -2.4222
-3.8166 1.3027 -2.5830
-3.9097 1.4710 -2.5099
-3.2233 -0.3281 -2.0726
-3.8091 1.5299 -2.7471
-3.1435 -0.2911 -2.2302
-2.1423 1.5912 -4.1980
-2.3664 1.5421 -4.0754
-3.8749 1.6032 -2.6865
-3.7783 1.6645 -2.7842
-4.0489 0.6755 -2.0636
-1.9335 1.7047 -4.0238
-1.5869 1.6795 -4.0876
-3.6136 1.7482 -2.6977
-3.6871 1.7426 -2.4435
-1.9088 1.6552 -4.2772
-2.2281 1.6421 -4.1306
-2.1541 1.7010 -4.0590
-1.7522 1.6943 -4.2745
-2.4356 -0.3180 -2.8941
-2.1132 1.6668 -3.8087
-3.8384 0.7616 -1.7456
-1.5651 1.6617 -4.4121
-3.9217 0.9795 -1.7320
-2.1208 0.0722 -2.9662
-2.2000 -0.0077 -2.6492
-2.3200 1.7122 -3.8746
-3.4923 1.6518 -3.1390
-1.2861 1.1579 -4.5044
-1.4055 1.0280 -4.4629
-1.1579 1.1460 -4.5447
-3.7420 0.0016 -1.9260
-3.5193 -0.0533 -2.2241
-3.6654 1.7378 -2.7522
-3.2637 1.7092 -3.2664
-3.3425 1.6855 -3.2479
-3.8379 1.7177 -2.6208
-1.3976 1.1846 -4.4336
-1.2339 1.1941 -4.5410
-4.4379 0.8961 -1.1617
-1.3386 1.2747 -4.4897
-4.4815 0.9973 -1.2464
-3.0017 1.7209 -3.3908
-2.4523 0.1062 -2.7709
-2.5467 0.2416 -2.9314
-2.7957 0.1410 -2.4926
-4.2733 0.8824 -1.6773
-1.7037 1.6156 -4.3906
-4.2177 0.9723 -1.9740
-4.1246 0.9072 -2.0577
-4.4128 1.0559 -1.5285
-4.5030 1.0737 -1.2218
-2.6038 0.0303 -2.4012
-4.3344 1.0186 -1.7323
-4.4187 1.1179 -1.4197
-4.0362 0.8435 -2.1760
-3.2349 0.9521 -3.3550
-2.9171 0.8472 -3.5547
-3.2000 0.8811 -3.3224
-2.5852 -0.6802 -1.4994
-3.2295 1.0061 -3.3917
-4.3128 1.0843 -1.7949
-4.2149 1.1510 -1.9943
-4.1549 1.0298 -2.1644
-2.3254 -0.6117 -1.7304
-2.3612 -0.5542 -1.6119
-4.0858 1.0591 -2.2876
-3.9565 1.1603 -2.4106
-3.2786 0.0621 -1.3886
-2.4343 -0.6022 -1.6283
-4.5092 1.4167 -0.8801
-4.4344 1.3762 -1.1921
-2.6062 1.3784 -3.4204
-2.5410 1.0643 -3.4422
-3.5111 0.1718 -1.3467
-2.2270 0.1505 -3.7273
-4.3217 1.2822 -1.5881
-3.3074 0.1682 -1.7881
-4.3579 1.4783 -1.5435
-4.4587 1.5059 -1.2563
-2.2321 0.2043 -3.1338
-3.6425 0.2877 -1.3987
-4.3384 1.1725 -1.6132
-2.9184 1.3748 -3.5901
-2.6085 1.4354 -3.8558
-4.3098 1.1924 -1.7927
-2.3405 0.3535 -3.7828
-2.7638 1.4737 -3.7528
-4.0965 1.2544 -1.3664
-4.3098 1.3217 -1.7413
-3.9434 1.1224 -1.7350
-2.1548 0.5102 -3.9578
-4.3135 1.4121 -1.6365
-2.0446 0.3064 -3.3890
-4.2838 1.2041 -1.8977
-4.3157 1.2733 -1.8770
-4.2016 1.2423 -2.0084
-4.0588 1.2784 -2.1835
-4.2772 1.2732 -1.9499
-4.2216 1.3293 -1.9980
-2.4815 0.3652 -3.1316
-4.3220 1.3390 -1.8033
-2.6728 1.5530 -3.3716
-3.9627 1.4125 -1.7038
-4.3174 1.3740 -1.8520
-2.7424 1.6733 -3.3933
-4.2849 1.3577 -1.9314
-3.0963 1.4972 -3.5106
-2.9262 1.5260 -3.6848
-3.1707 1.5618 -3.4964
-2.0403 0.4903 -3.5373
-4.2544 1.4356 -1.9123
-2.9968 1.6104 -3.6348
-3.2305 1.6205 -3.4276
-4.2868 1.4747 -1.8227
-2.6792 1.6124 -3.8698
-2.8762 1.5592 -3.7394
-2.9556 1.6487 -3.6393
-3.1515 0.4290 -2.5167
-2.4459 0.4911 -3.2636
-3.2706 0.6581 -2.5736
-4.4136 1.5590 -1.5480
-4.4983 1.6153 -1.3235
-4.3467 1.5934 -1.7670
-4.4324 1.6999 -1.4752
-2.3387 0.6306 -3.4254
-4.1801 1.5474 -2.1266
-4.1999 1.4923 -2.0105
-4.2496 1.6910 -1.9839
-2.4402 1.5897 -3.5554
-3.5936 0.6843 -2.8004
-2.9492 0.0963 -2.1591
-2.5460 1.5364 -3.4808
-4.5589 1.5859 -1.0634
-2.5982 1.5910 -3.4378
-2.5719 1.5991 -3.5018
-2.5188 1.6152 -3.5442
-2.5915 1.6317 -3.4686
-3.0762 0.2049 -2.2658
-2.4878 1.6690 -3.5847
-2.8168 0.2578 -2.6852
-3.4893 0.8562 -2.4223
-2.5969 1.6806 -3.5324
-2.5590 1.7042 -3.6131
-1.5228 0.7264 -3.8974
-4.1797 1.3282 -1.0943
-2.9341 1.7169 -3.3455
-2.1336 -0.1217 -1.8696
-2.8916 0.3651 -2.7495
-3.8438 0.8843 -2.5436
-3.6275 0.8648 -2.8337
-3.7731 0.9692 -2.7499
-3.5864 0.9405 -2.9602
-2.6373 1.5305 -3.9016
-2.5304 1.5746 -3.9788
-2.9750 0.5605 -2.8412
-2.8647 1.6906 -3.6485
-2.5232 1.6705 -3.9161
-3.4193 0.8665 -3.0886
-1.5326 1.0206 -3.9736
-2.5943 -0.0439 -2.0400
-2.7930 0.6935 -3.1070
-2.6015 0.8066 -3.3227
-3.6808 1.0268 -2.8898
-3.4757 1.0180 -3.1459
-3.5981 1.1390 -3.0019
-4.1790 1.6581 -1.0040
-3.5534 1.1992 -3.0870
-3.0382 0.8184 -2.9402
-4.1051 1.5456 -1.2960
-4.2389 1.7292 -0.8350
-4.1015 1.6756 -1.2943
-4.1353 1.7380 -1.3244
-2.8520 0.9312 -3.1655
-1.3135 0.9166 -4.0307
-4.0164 0.9740 -2.3807
-3.8028 -0.1489 -1.3742
-3.8790 1.0281 -2.6283
-3.7416 1.1028 -2.7864
-1.6588 0.9833 -4.3661
-1.3492 1.3834 -4.0570
-3.9384 1.6242 -1.7145
-3.9652 1.6901 -1.7021
-3.9353 1.7320 -1.8742
-4.0330 1.7771 -1.9531
-4.2769 1.7947 -1.2165
-3.6804 1.2135 -2.8268
-3.6199 1.2190 -2.9844
-4.3564 1.7397 -1.6298
-3.6034 1.2819 -3.0591
-2.9573 -0.0212 -1.5259
-3.9758 1.5581 -2.5156
-1.0490 1.2253 -4.5447
-4.6200 1.6346 -0.7558
-1.1324 1.2759 -4.5704
-4.5629 1.6509 -1.0567
-4.5667 1.7280 -0.8720
-4.5276 1.7197 -1.1184
-3.2487 0.8603 -2.7329
-2.9884 0.0370 -1.8498
-4.4393 1.7899 -1.1775
-4.2799 1.7885 -1.5428
-4.4950 1.7708 -1.1300
-4.2518 1.7545 -1.8507
-4.1548 1.3553 -2.0597
-4.1514 1.4320 -2.0966
-4.0538 1.3921 -2.2071
-4.0877 1.4755 -2.2031
-4.1093 1.6173 -2.3013
-4.0480 1.6799 -2.3862
-4.1309 1.7237 -2.1837
-3.9826 1.7575 -2.2885
0.6251 -0.2223 -2.0211
0.6748 1.6395 4.5224
