10.272795 11.336031 0.000000
9.922755 11.336031 2.658794
8.896499 11.336031 5.136397
7.263960 11.336031 7.263960
5.136396 11.336031 8.896499
2.658793 11.336031 9.922753
-0.000001 11.336031 10.272793
-2.658795 11.336031 9.922753
-5.136397 11.336031 8.896497
-7.263964 11.336031 7.263958
-8.896499 11.336031 5.136395
-9.922755 11.336031 2.658793
-10.272794 11.336031 0.000000
-5.430136 17.004045 5.430136
-6.650531 17.004045 3.839685
-7.417703 17.004045 1.987566
-7.679371 17.004045 0.000000
7.679373 17.004045 0.000000
7.417705 17.004045 1.987568
6.650532 17.004045 3.839685
5.430138 17.004045 5.430138
3.839685 17.004045 6.650531
1.987567 17.004045 7.417703
-0.000001 17.004045 7.679371
-1.987569 17.004045 7.417703
-3.839685 17.004045 6.650531
-3.542627 3.864870 6.136009
-5.010031 3.864870 5.010030
-6.136009 3.864870 3.542626
-6.843829 3.864870 1.833797
-7.085254 3.864870 0.000000
7.085254 3.864870 0.000000
6.843830 3.864870 1.833798
6.136011 3.864870 3.542627
5.010031 3.864870 5.010031
3.542626 3.864870 6.136009
1.833798 3.864870 6.843829
-0.000001 3.864870 7.085252
-1.833799 3.864870 6.843829
4.397826 19.838053 0.000000
4.247973 19.838053 1.138241
3.808629 19.838053 2.198913
3.109731 19.838053 3.109732
2.198913 19.838053 3.808628
1.138241 19.838053 4.247973
0.000000 19.838053 4.397825
-1.138241 19.838053 4.247972
-2.198913 19.838053 3.808628
-3.109731 19.838053 3.109731
-3.808628 19.838053 2.198912
-4.247972 19.838053 1.138241
-4.397824 19.838053 0.000000
-2.452546 7.600450 9.153022
-4.737955 7.600450 8.206376
-6.700480 7.600450 6.700477
-8.206377 7.600450 4.737953
-9.153022 7.600450 2.452544
-9.475907 7.600450 0.000000
9.475909 7.600450 0.000000
9.153024 7.600450 2.452545
8.206377 7.600450 4.737954
6.700478 7.600450 6.700478
4.737954 7.600450 8.206377
2.452544 7.600450 9.153022
-0.000001 7.600450 9.475907
9.774741 14.170036 0.000000
9.441672 14.170036 2.529888
8.465174 14.170036 4.887370
6.911785 14.170036 6.911785
4.887370 14.170036 8.465172
2.529888 14.170036 9.441672
-0.000001 14.170036 9.774739
-2.529890 14.170036 9.441672
-4.887371 14.170036 8.465172
-6.911785 14.170036 6.911783
-8.465172 14.170036 4.887368
-9.441672 14.170036 2.529887
-9.774740 14.170036 0.000000
3.918599 20.462275 0.000000
3.785077 20.462275 1.014208
3.393606 20.462275 1.959300
2.770867 20.462275 2.770868
1.959299 20.462275 3.393606
1.014208 20.462275 3.785076
0.000000 20.462275 3.918599
-1.014208 20.462275 3.785076
-1.959299 20.462275 3.393606
-2.770867 20.462275 2.770867
-3.393605 20.462275 1.959299
-3.785076 20.462275 1.014208
-3.918598 20.462275 0.000000
3.605710 22.800989 0.000000
3.482849 22.800989 0.933227
3.122637 22.800989 1.802855
2.549621 22.800989 2.549623
1.802855 22.800989 3.122637
0.933226 22.800989 3.482849
0.000000 22.800989 3.605710
-0.933226 22.800989 3.482848
-1.802855 22.800989 3.122637
-2.549621 22.800989 2.549621
-3.122635 22.800989 1.802855
-3.482848 22.800989 0.933226
-3.605709 22.800989 0.000000
-0.933226 21.478868 3.482848
-1.802855 21.478868 3.122637
-2.549621 21.478868 2.549621
-3.122635 21.478868 1.802855
-3.482848 21.478868 0.933226
-3.605709 21.478868 0.000000
3.605710 21.478868 0.000000
3.482849 21.478868 0.933227
3.122637 21.478868 1.802855
2.549621 21.478868 2.549623
1.802855 21.478868 3.122637
0.933226 21.478868 3.482849
0.000000 21.478868 3.605710
3.915556 22.800989 0.000000
3.782138 22.800989 1.013421
3.390972 22.800989 1.957779
2.768716 22.800989 2.768717
1.957778 22.800989 3.390972
1.013420 22.800989 3.782137
0.000000 22.800989 3.915556
-1.013420 22.800989 3.782137
-1.957778 22.800989 3.390972
-2.768716 22.800989 2.768716
-3.390969 22.800989 1.957778
-3.782137 22.800989 1.013420
-3.915555 22.800989 0.000000
4.440096 25.031919 0.000000
4.288803 25.031919 1.149181
3.845235 25.031919 2.220048
3.139621 25.031919 3.139622
2.220048 25.031919 3.845236
1.149181 25.031919 4.288803
0.000000 25.031919 4.440096
-1.149181 25.031919 4.288803
-2.220048 25.031919 3.845235
-3.139621 25.031919 3.139621
-3.845233 25.031919 2.220047
-4.288803 25.031919 1.149181
-4.440094 25.031919 0.000000
4.053278 23.964413 0.000000
3.915165 23.964413 1.049066
3.510240 23.964413 2.026639
2.866100 23.964413 2.866101
2.026639 23.964413 3.510242
1.049065 23.964413 3.915165
0.000000 23.964413 4.053278
-1.049065 23.964413 3.915165
-2.026639 23.964413 3.510240
-2.866100 23.964413 2.866100
-3.510239 23.964413 2.026639
-3.915164 23.964413 1.049065
-4.053276 23.964413 0.000000
4.493400 25.357540 0.000000
4.340291 25.357540 1.162978
3.891398 25.357540 2.246701
3.177313 25.357540 3.177314
2.246700 25.357540 3.891398
1.162977 25.357540 4.340291
0.000000 25.357540 4.493399
-1.162977 25.357540 4.340291
-2.246700 25.357540 3.891398
-3.177312 25.357540 3.177313
-3.891395 25.357540 2.246700
-4.340291 25.357540 1.162977
-4.493398 25.357540 0.000000
4.576708 25.067417 0.000000
4.631930 25.275305 0.000000
4.420759 25.067417 1.184539
4.474100 25.275305 1.198832
3.963544 25.067417 2.288355
4.011367 25.275305 2.315966
3.236219 25.067417 3.236221
3.275267 25.275305 3.275269
2.288353 25.067417 3.963545
2.315964 25.275305 4.011369
1.184538 25.067417 4.420759
1.198831 25.275305 4.474100
0.000000 25.067417 4.576706
0.000000 25.275305 4.631928
-1.184538 25.067417 4.420759
-1.198831 25.275305 4.474100
-2.288354 25.067417 3.963544
-2.315965 25.275305 4.011367
-3.236220 25.067417 3.236219
-3.275268 25.275305 3.275267
-3.963542 25.067417 2.288353
-4.011366 25.275305 2.315964
-4.420758 25.067417 1.184538
-4.474099 25.275305 1.198831
-4.576706 25.067417 0.000000
-4.631928 25.275305 0.000000
4.367776 25.275305 0.000000
4.218946 25.275305 1.130463
3.782605 25.275305 2.183888
3.088483 25.275305 3.088484
2.183888 25.275305 3.782605
1.130463 25.275305 4.218946
0.000000 25.275305 4.367775
-1.130463 25.275305 4.218946
-2.183888 25.275305 3.782605
-3.088483 25.275305 3.088483
-3.782602 25.275305 2.183888
-4.218946 25.275305 1.130463
-4.367774 25.275305 0.000000
-1.984068 23.044844 3.436508
-2.805895 23.044844 2.805896
-3.436506 23.044844 1.984068
-3.832926 23.044844 1.027029
-3.968135 23.044844 0.000000
3.968137 23.044844 0.000000
3.832926 23.044844 1.027030
3.436508 23.044844 1.984069
2.805895 23.044844 2.805897
1.984068 23.044844 3.436508
1.027029 23.044844 3.832926
0.000000 23.044844 3.968137
-1.027029 23.044844 3.832926
4.038833 22.769035 0.000000
4.091413 22.949694 0.000000
3.905135 22.769035 1.017427
3.955924 22.949694 1.031036
3.510603 22.769035 1.981700
3.556139 22.949694 2.007990
2.878670 22.769035 2.818902
2.915850 22.949694 2.856081
2.051259 22.769035 3.466092
2.077549 22.949694 3.511628
1.084434 22.769035 3.877738
1.098043 22.949694 3.928527
0.043976 22.769035 4.025345
0.043976 22.949694 4.077926
-0.999237 22.769035 3.898632
-1.012846 22.949694 3.949421
-1.974086 22.769035 3.506012
-2.000376 22.949694 3.551548
-2.814026 22.769035 2.873796
-2.851206 22.949694 2.910976
-3.461498 22.769035 2.043646
-3.507034 22.949694 2.069937
-3.871235 22.769035 1.066245
-3.922024 22.949694 1.079854
-4.011856 22.769035 0.000000
-4.064436 22.949694 0.000000
3.869135 23.964413 0.000000
3.737296 23.964413 1.001406
3.350769 23.964413 1.934568
2.735891 23.964413 2.735892
1.934567 23.964413 3.350769
1.001405 23.964413 3.737296
0.000000 23.964413 3.869133
-1.001405 23.964413 3.737296
-1.934567 23.964413 3.350769
-2.735891 23.964413 2.735891
-3.350766 23.964413 1.934567
-3.737295 23.964413 1.001405
-3.869132 23.964413 0.000000
6.120973 3.864870 0.000000
5.912405 3.864870 1.584224
5.300916 3.864870 3.060487
4.328180 3.864870 4.328181
3.060486 3.864870 5.300916
1.584223 3.864870 5.912405
-0.000001 3.864870 6.120973
-1.584224 3.864870 5.912405
-3.060486 3.864870 5.300916
-4.328181 3.864870 4.328180
-5.300914 3.864870 3.060486
-5.912404 3.864870 1.584223
-6.120969 3.864870 0.000000
-0.905819 22.839306 3.380565
-1.749909 22.839306 3.030932
-2.474745 22.839306 2.474746
-3.030930 22.839306 1.749910
-3.380564 22.839306 0.905820
-3.499817 22.839306 0.000000
3.499819 22.839306 0.000000
3.380565 22.839306 0.905820
3.030932 22.839306 1.749910
2.474746 22.839306 2.474747
1.749910 22.839306 3.030932
0.905820 22.839306 3.380565
0.000000 22.839306 3.499818
3.323007 21.478868 0.000000
3.209778 21.478868 0.860058
2.877808 21.478868 1.661504
2.349720 21.478868 2.349721
1.661503 21.478868 2.877808
0.860057 21.478868 3.209778
0.000000 21.478868 3.323006
-0.860057 21.478868 3.209778
-1.661503 21.478868 2.877808
-2.349720 21.478868 2.349720
-2.877806 21.478868 1.661503
-3.209776 21.478868 0.860057
-3.323004 21.478868 0.000000
8.911081 11.336031 0.000000
8.607439 11.336031 2.306356
7.717219 11.336031 4.455541
6.301084 11.336031 6.301086
4.455537 11.336031 7.717219
2.306355 11.336031 8.607439
-0.000002 11.336031 8.911079
-2.306358 11.336031 8.607439
-4.455542 11.336031 7.717219
-6.301084 11.336031 6.301084
-7.717216 11.336031 4.455538
-8.607443 11.336031 2.306355
-8.911077 11.336031 0.000000
6.908612 17.075369 0.000000
6.673197 17.075369 1.788078
5.983028 17.075369 3.454306
4.885119 17.075369 4.885123
3.454304 17.075369 5.983028
1.788077 17.075369 6.673197
-0.000001 17.075369 6.908610
-1.788080 17.075369 6.673197
-3.454306 17.075369 5.983028
-4.885122 17.075369 4.885119
-5.983026 17.075369 3.454304
-6.673200 17.075369 1.788077
-6.908610 17.075369 0.000000
8.250361 7.600450 0.000000
7.969239 7.600450 2.135350
7.145024 7.600450 4.125181
5.833886 7.600450 5.833887
4.125180 7.600450 7.145024
2.135349 7.600450 7.969239
-0.000001 7.600450 8.250361
-2.135351 7.600450 7.969239
-4.125182 7.600450 7.145024
-5.833886 7.600450 5.833886
-7.145021 7.600450 4.125180
-7.969239 7.600450 2.135349
-8.250359 7.600450 0.000000
-8.616926 14.170036 0.000000
8.616929 14.170036 0.000000
8.323309 14.170036 2.230224
7.462474 14.170036 4.308465
6.093087 14.170036 6.093089
4.308461 14.170036 7.462476
2.230222 14.170036 8.323311
-0.000002 14.170036 8.616929
-2.230226 14.170036 8.323311
-4.308466 14.170036 7.462476
-6.093087 14.170036 6.093087
-7.462473 14.170036 4.308461
-8.323312 14.170036 2.230222
3.755442 19.838051 0.000000
3.627476 19.838051 0.971980
3.252308 19.838051 1.877721
2.655497 19.838051 2.655498
1.877720 19.838051 3.252308
0.971979 19.838051 3.627476
0.000000 19.838051 3.755441
-0.971979 19.838051 3.627476
-1.877720 19.838051 3.252308
-2.655497 19.838051 2.655497
-3.252305 19.838051 1.877720
-3.627475 19.838051 0.971979
-3.755439 19.838051 0.000000
4.060899 1.510451 0.000000
3.922527 1.510451 1.051038
3.516842 1.510451 2.030450
2.871489 1.510451 2.871490
2.030449 1.510451 3.516842
1.051038 1.510451 3.922527
0.000000 1.510451 4.060899
-1.051037 1.510451 3.922527
-2.030449 1.510451 3.516842
-2.871489 1.510451 2.871489
-3.516840 1.510451 2.030449
-3.922526 1.510451 1.051038
-4.060897 1.510451 0.000000
0.000000 1.510451 0.000000
-1.198831 25.166971 4.474100
-2.315965 25.166971 4.011367
-3.275268 25.166971 3.275267
-4.011366 25.166971 2.315964
-4.474099 25.166971 1.198831
-4.631928 25.166971 0.000000
4.631930 25.166971 0.000000
4.474100 25.166971 1.198832
4.011367 25.166971 2.315966
3.275267 25.166971 3.275269
2.315964 25.166971 4.011369
1.198831 25.166971 4.474100
0.000000 25.166971 4.631928
-3.446587 0.029221 0.000000
-3.564563 0.112071 0.000000
-3.305051 0.000000 0.000000
-3.329149 0.029221 0.892043
-3.443105 0.112071 0.922577
-3.192435 -0.000000 0.855411
-2.984832 0.029221 1.723294
-3.087003 0.112071 1.782282
-2.862258 -0.000000 1.652526
-2.437106 0.029221 2.437106
-2.520528 0.112071 2.520528
-2.337024 -0.000000 2.337024
-1.723294 0.029221 2.984833
-1.782282 0.112071 3.087004
-1.652526 -0.000000 2.862259
-0.892043 0.029221 3.329149
-0.922577 0.112071 3.443105
-0.855410 -0.000000 3.192436
0.000000 0.029221 3.446588
0.000000 0.112071 3.564564
0.000000 -0.000000 3.305052
0.892043 0.029221 3.329150
0.922577 0.112071 3.443106
0.855411 -0.000000 3.192436
1.723295 0.029221 2.984833
1.782283 0.112071 3.087004
1.652526 -0.000000 2.862259
2.437107 0.029221 2.437107
2.520528 0.112071 2.520528
2.337025 -0.000000 2.337025
2.984833 0.029221 1.723295
3.087004 0.112071 1.782283
2.862259 -0.000000 1.652526
3.329150 0.029221 0.892043
3.443106 0.112071 0.922578
3.192436 -0.000000 0.855411
3.446589 0.029221 0.000000
3.564565 0.112071 0.000000
3.305053 0.000000 0.000000
7.152775 18.204744 0.456788
7.182341 18.170115 0.352467
7.081396 18.288347 0.500000
7.553791 18.332670 0.456545
7.571330 18.448185 0.500000
7.546526 18.284822 0.351636
6.533266 19.117750 0.455873
6.612454 19.025000 0.500000
6.500464 19.156168 0.349340
7.370298 19.099520 0.456545
7.380686 19.142822 0.351636
7.345219 18.994978 0.500000
7.815815 18.150898 0.456545
7.888756 18.227980 0.500000
7.785602 18.118971 0.351636
8.308132 18.639853 0.456545
8.339502 18.672873 0.351636
8.232397 18.560143 0.500000
8.104765 17.779877 0.456545
8.217916 17.805326 0.500000
8.057897 17.769333 0.351636
8.794989 17.763096 0.456545
8.841229 17.769333 0.351636
8.683352 17.748035 0.500000
7.989673 17.274261 0.455756
8.076463 17.207981 0.500000
7.953723 17.301718 0.348942
8.595628 16.937912 0.454861
8.632109 16.910051 0.345886
8.507556 17.005173 0.500000
7.748647 17.077181 0.594631
7.674942 17.073118 0.503865
7.821900 17.001358 0.644600
8.247530 16.625618 0.576421
8.209579 16.733940 0.602086
8.234660 16.554686 0.485058
6.979867 17.895836 0.591845
6.912309 17.977207 0.631753
6.982970 17.821522 0.504317
5.908205 19.006451 0.583747
5.836548 19.030128 0.493059
6.018715 18.933062 0.613475
5.383811 18.824469 0.966047
5.299941 18.893196 0.923793
5.265201 18.921663 0.821785
6.899777 17.528646 0.761351
6.867838 17.554817 0.906093
6.790730 17.618002 0.966047
7.624100 16.827545 0.966047
7.567609 16.925390 0.889914
7.544210 16.965919 0.706112
7.935875 16.287533 0.792396
7.915084 16.323544 0.915186
7.864891 16.410482 0.966047
7.544210 16.965919 0.000000
7.674942 17.073118 0.000000
7.953723 17.301718 0.000000
8.057897 17.769333 0.000000
7.785602 18.118971 0.000000
7.546526 18.284822 0.000000
7.182341 18.170115 0.000000
6.982970 17.821522 0.000000
6.899777 17.528646 0.000000
7.935875 16.287533 0.000000
8.234660 16.554686 0.000000
8.632109 16.910051 0.000000
8.841229 17.769333 0.000000
8.339502 18.672873 0.000000
7.380686 19.142822 0.000000
6.500464 19.156168 0.000000
5.836548 19.030128 0.000000
5.265201 18.921663 0.000000
9.922755 11.336031 -2.658794
8.896499 11.336031 -5.136397
7.263960 11.336031 -7.263960
5.136396 11.336031 -8.896499
2.658793 11.336031 -9.922753
-0.000001 11.336031 -10.272793
-2.658795 11.336031 -9.922753
-5.136397 11.336031 -8.896497
-7.263964 11.336031 -7.263958
-8.896499 11.336031 -5.136395
-9.922755 11.336031 -2.658793
-5.430136 17.004045 -5.430136
-6.650531 17.004045 -3.839685
-7.417703 17.004045 -1.987566
7.417705 17.004045 -1.987568
6.650532 17.004045 -3.839685
5.430138 17.004045 -5.430138
3.839685 17.004045 -6.650531
1.987567 17.004045 -7.417703
-0.000001 17.004045 -7.679371
-1.987569 17.004045 -7.417703
-3.839685 17.004045 -6.650531
-3.542627 3.864870 -6.136009
-5.010031 3.864870 -5.010030
-6.136009 3.864870 -3.542626
-6.843829 3.864870 -1.833797
6.843830 3.864870 -1.833798
6.136011 3.864870 -3.542627
5.010031 3.864870 -5.010031
3.542626 3.864870 -6.136009
1.833798 3.864870 -6.843829
-0.000001 3.864870 -7.085252
-1.833799 3.864870 -6.843829
4.247973 19.838053 -1.138241
3.808629 19.838053 -2.198913
3.109731 19.838053 -3.109732
2.198913 19.838053 -3.808628
1.138241 19.838053 -4.247973
0.000000 19.838053 -4.397825
-1.138241 19.838053 -4.247972
-2.198913 19.838053 -3.808628
-3.109731 19.838053 -3.109731
-3.808628 19.838053 -2.198912
-4.247972 19.838053 -1.138241
-2.452546 7.600450 -9.153022
-4.737955 7.600450 -8.206376
-6.700480 7.600450 -6.700477
-8.206377 7.600450 -4.737953
-9.153022 7.600450 -2.452544
9.153024 7.600450 -2.452545
8.206377 7.600450 -4.737954
6.700478 7.600450 -6.700478
4.737954 7.600450 -8.206377
2.452544 7.600450 -9.153022
-0.000001 7.600450 -9.475907
9.441672 14.170036 -2.529888
8.465174 14.170036 -4.887370
6.911785 14.170036 -6.911785
4.887370 14.170036 -8.465172
2.529888 14.170036 -9.441672
-0.000001 14.170036 -9.774739
-2.529890 14.170036 -9.441672
-4.887371 14.170036 -8.465172
-6.911785 14.170036 -6.911783
-8.465172 14.170036 -4.887368
-9.441672 14.170036 -2.529887
3.785077 20.462275 -1.014208
3.393606 20.462275 -1.959300
2.770867 20.462275 -2.770868
1.959299 20.462275 -3.393606
1.014208 20.462275 -3.785076
0.000000 20.462275 -3.918599
-1.014208 20.462275 -3.785076
-1.959299 20.462275 -3.393606
-2.770867 20.462275 -2.770867
-3.393605 20.462275 -1.959299
-3.785076 20.462275 -1.014208
3.482849 22.800989 -0.933227
3.122637 22.800989 -1.802855
2.549621 22.800989 -2.549623
1.802855 22.800989 -3.122637
0.933226 22.800989 -3.482849
0.000000 22.800989 -3.605710
-0.933226 22.800989 -3.482848
-1.802855 22.800989 -3.122637
-2.549621 22.800989 -2.549621
-3.122635 22.800989 -1.802855
-3.482848 22.800989 -0.933226
-0.933226 21.478868 -3.482848
-1.802855 21.478868 -3.122637
-2.549621 21.478868 -2.549621
-3.122635 21.478868 -1.802855
-3.482848 21.478868 -0.933226
3.482849 21.478868 -0.933227
3.122637 21.478868 -1.802855
2.549621 21.478868 -2.549623
1.802855 21.478868 -3.122637
0.933226 21.478868 -3.482849
0.000000 21.478868 -3.605710
3.782138 22.800989 -1.013421
3.390972 22.800989 -1.957779
2.768716 22.800989 -2.768717
1.957778 22.800989 -3.390972
1.013420 22.800989 -3.782137
0.000000 22.800989 -3.915556
-1.013420 22.800989 -3.782137
-1.957778 22.800989 -3.390972
-2.768716 22.800989 -2.768716
-3.390969 22.800989 -1.957778
-3.782137 22.800989 -1.013420
4.288803 25.031919 -1.149181
3.845235 25.031919 -2.220048
3.139621 25.031919 -3.139622
2.220048 25.031919 -3.845236
1.149181 25.031919 -4.288803
0.000000 25.031919 -4.440096
-1.149181 25.031919 -4.288803
-2.220048 25.031919 -3.845235
-3.139621 25.031919 -3.139621
-3.845233 25.031919 -2.220047
-4.288803 25.031919 -1.149181
3.915165 23.964413 -1.049066
3.510240 23.964413 -2.026639
2.866100 23.964413 -2.866101
2.026639 23.964413 -3.510242
1.049065 23.964413 -3.915165
0.000000 23.964413 -4.053278
-1.049065 23.964413 -3.915165
-2.026639 23.964413 -3.510240
-2.866100 23.964413 -2.866100
-3.510239 23.964413 -2.026639
-3.915164 23.964413 -1.049065
4.340291 25.357540 -1.162978
3.891398 25.357540 -2.246701
3.177313 25.357540 -3.177314
2.246700 25.357540 -3.891398
1.162977 25.357540 -4.340291
0.000000 25.357540 -4.493399
-1.162977 25.357540 -4.340291
-2.246700 25.357540 -3.891398
-3.177312 25.357540 -3.177313
-3.891395 25.357540 -2.246700
-4.340291 25.357540 -1.162977
4.420759 25.067417 -1.184539
4.474100 25.275305 -1.198832
3.963544 25.067417 -2.288355
4.011367 25.275305 -2.315966
3.236219 25.067417 -3.236221
3.275267 25.275305 -3.275269
2.288353 25.067417 -3.963545
2.315964 25.275305 -4.011369
1.184538 25.067417 -4.420759
1.198831 25.275305 -4.474100
0.000000 25.067417 -4.576706
0.000000 25.275305 -4.631928
-1.184538 25.067417 -4.420759
-1.198831 25.275305 -4.474100
-2.288354 25.067417 -3.963544
-2.315965 25.275305 -4.011367
-3.236220 25.067417 -3.236219
-3.275268 25.275305 -3.275267
-3.963542 25.067417 -2.288353
-4.011366 25.275305 -2.315964
-4.420758 25.067417 -1.184538
-4.474099 25.275305 -1.198831
4.218946 25.275305 -1.130463
3.782605 25.275305 -2.183888
3.088483 25.275305 -3.088484
2.183888 25.275305 -3.782605
1.130463 25.275305 -4.218946
0.000000 25.275305 -4.367775
-1.130463 25.275305 -4.218946
-2.183888 25.275305 -3.782605
-3.088483 25.275305 -3.088483
-3.782602 25.275305 -2.183888
-4.218946 25.275305 -1.130463
-1.984068 23.044844 -3.436508
-2.805895 23.044844 -2.805896
-3.436506 23.044844 -1.984068
-3.832926 23.044844 -1.027029
3.832926 23.044844 -1.027030
3.436508 23.044844 -1.984069
2.805895 23.044844 -2.805897
1.984068 23.044844 -3.436508
1.027029 23.044844 -3.832926
0.000000 23.044844 -3.968137
-1.027029 23.044844 -3.832926
3.905135 22.769035 -1.017427
3.955924 22.949694 -1.031036
3.510603 22.769035 -1.981700
3.556139 22.949694 -2.007990
2.878670 22.769035 -2.818902
2.915850 22.949694 -2.856081
2.051259 22.769035 -3.466092
2.077549 22.949694 -3.511628
1.084434 22.769035 -3.877738
1.098043 22.949694 -3.928527
0.043976 22.769035 -4.025345
0.043976 22.949694 -4.077926
-0.999237 22.769035 -3.898632
-1.012846 22.949694 -3.949421
-1.974086 22.769035 -3.506012
-2.000376 22.949694 -3.551548
-2.814026 22.769035 -2.873796
-2.851206 22.949694 -2.910976
-3.461498 22.769035 -2.043646
-3.507034 22.949694 -2.069937
-3.871235 22.769035 -1.066245
-3.922024 22.949694 -1.079854
3.737296 23.964413 -1.001406
3.350769 23.964413 -1.934568
2.735891 23.964413 -2.735892
1.934567 23.964413 -3.350769
1.001405 23.964413 -3.737296
0.000000 23.964413 -3.869133
-1.001405 23.964413 -3.737296
-1.934567 23.964413 -3.350769
-2.735891 23.964413 -2.735891
-3.350766 23.964413 -1.934567
-3.737295 23.964413 -1.001405
5.912405 3.864870 -1.584224
5.300916 3.864870 -3.060487
4.328180 3.864870 -4.328181
3.060486 3.864870 -5.300916
1.584223 3.864870 -5.912405
-0.000001 3.864870 -6.120973
-1.584224 3.864870 -5.912405
-3.060486 3.864870 -5.300916
-4.328181 3.864870 -4.328180
-5.300914 3.864870 -3.060486
-5.912404 3.864870 -1.584223
-0.905819 22.839306 -3.380565
-1.749909 22.839306 -3.030932
-2.474745 22.839306 -2.474746
-3.030930 22.839306 -1.749910
-3.380564 22.839306 -0.905820
3.380565 22.839306 -0.905820
3.030932 22.839306 -1.749910
2.474746 22.839306 -2.474747
1.749910 22.839306 -3.030932
0.905820 22.839306 -3.380565
0.000000 22.839306 -3.499818
3.209778 21.478868 -0.860058
2.877808 21.478868 -1.661504
2.349720 21.478868 -2.349721
1.661503 21.478868 -2.877808
0.860057 21.478868 -3.209778
0.000000 21.478868 -3.323006
-0.860057 21.478868 -3.209778
-1.661503 21.478868 -2.877808
-2.349720 21.478868 -2.349720
-2.877806 21.478868 -1.661503
-3.209776 21.478868 -0.860057
8.607439 11.336031 -2.306356
7.717219 11.336031 -4.455541
6.301084 11.336031 -6.301086
4.455537 11.336031 -7.717219
2.306355 11.336031 -8.607439
-0.000002 11.336031 -8.911079
-2.306358 11.336031 -8.607439
-4.455542 11.336031 -7.717219
-6.301084 11.336031 -6.301084
-7.717216 11.336031 -4.455538
-8.607443 11.336031 -2.306355
6.673197 17.075369 -1.788078
5.983028 17.075369 -3.454306
4.885119 17.075369 -4.885123
3.454304 17.075369 -5.983028
1.788077 17.075369 -6.673197
-0.000001 17.075369 -6.908610
-1.788080 17.075369 -6.673197
-3.454306 17.075369 -5.983028
-4.885122 17.075369 -4.885119
-5.983026 17.075369 -3.454304
-6.673200 17.075369 -1.788077
7.969239 7.600450 -2.135350
7.145024 7.600450 -4.125181
5.833886 7.600450 -5.833887
4.125180 7.600450 -7.145024
2.135349 7.600450 -7.969239
-0.000001 7.600450 -8.250361
-2.135351 7.600450 -7.969239
-4.125182 7.600450 -7.145024
-5.833886 7.600450 -5.833886
-7.145021 7.600450 -4.125180
-7.969239 7.600450 -2.135349
8.323309 14.170036 -2.230224
7.462474 14.170036 -4.308465
6.093087 14.170036 -6.093089
4.308461 14.170036 -7.462476
2.230222 14.170036 -8.323311
-0.000002 14.170036 -8.616929
-2.230226 14.170036 -8.323311
-4.308466 14.170036 -7.462476
-6.093087 14.170036 -6.093087
-7.462473 14.170036 -4.308461
-8.323312 14.170036 -2.230222
3.627476 19.838051 -0.971980
3.252308 19.838051 -1.877721
2.655497 19.838051 -2.655498
1.877720 19.838051 -3.252308
0.971979 19.838051 -3.627476
0.000000 19.838051 -3.755441
-0.971979 19.838051 -3.627476
-1.877720 19.838051 -3.252308
-2.655497 19.838051 -2.655497
-3.252305 19.838051 -1.877720
-3.627475 19.838051 -0.971979
3.922527 1.510451 -1.051038
3.516842 1.510451 -2.030450
2.871489 1.510451 -2.871490
2.030449 1.510451 -3.516842
1.051038 1.510451 -3.922527
0.000000 1.510451 -4.060899
-1.051037 1.510451 -3.922527
-2.030449 1.510451 -3.516842
-2.871489 1.510451 -2.871489
-3.516840 1.510451 -2.030449
-3.922526 1.510451 -1.051038
-1.198831 25.166971 -4.474100
-2.315965 25.166971 -4.011367
-3.275268 25.166971 -3.275267
-4.011366 25.166971 -2.315964
-4.474099 25.166971 -1.198831
4.474100 25.166971 -1.198832
4.011367 25.166971 -2.315966
3.275267 25.166971 -3.275269
2.315964 25.166971 -4.011369
1.198831 25.166971 -4.474100
0.000000 25.166971 -4.631928
-3.329149 0.029221 -0.892043
-3.443105 0.112071 -0.922577
-3.192435 0.000000 -0.855411
-2.984832 0.029221 -1.723294
-3.087003 0.112071 -1.782282
-2.862258 0.000000 -1.652526
-2.437106 0.029221 -2.437106
-2.520528 0.112071 -2.520528
-2.337024 0.000000 -2.337024
-1.723294 0.029221 -2.984833
-1.782282 0.112071 -3.087004
-1.652526 0.000000 -2.862259
-0.892043 0.029221 -3.329149
-0.922577 0.112071 -3.443105
-0.855410 0.000000 -3.192436
0.000000 0.029221 -3.446588
0.000000 0.112071 -3.564564
0.000000 0.000000 -3.305052
0.892043 0.029221 -3.329150
0.922577 0.112071 -3.443106
0.855411 0.000000 -3.192436
1.723295 0.029221 -2.984833
1.782283 0.112071 -3.087004
1.652526 0.000000 -2.862259
2.437107 0.029221 -2.437107
2.520528 0.112071 -2.520528
2.337025 0.000000 -2.337025
2.984833 0.029221 -1.723295
3.087004 0.112071 -1.782283
2.862259 0.000000 -1.652526
3.329150 0.029221 -0.892043
3.443106 0.112071 -0.922578
3.192436 0.000000 -0.855411
7.152775 18.204744 -0.456788
7.182341 18.170115 -0.352467
7.081396 18.288347 -0.500000
7.553791 18.332670 -0.456545
7.571330 18.448185 -0.500000
7.546526 18.284822 -0.351636
6.533266 19.117750 -0.455873
6.612454 19.025000 -0.500000
6.500464 19.156168 -0.349340
7.370298 19.099520 -0.456545
7.380686 19.142822 -0.351636
7.345219 18.994978 -0.500000
7.815815 18.150898 -0.456545
7.888756 18.227980 -0.500000
7.785602 18.118971 -0.351636
8.308132 18.639853 -0.456545
8.339502 18.672873 -0.351636
8.232397 18.560143 -0.500000
8.104765 17.779877 -0.456545
8.217916 17.805326 -0.500000
8.057897 17.769333 -0.351636
8.794989 17.763096 -0.456545
8.841229 17.769333 -0.351636
8.683352 17.748035 -0.500000
7.989673 17.274261 -0.455756
8.076463 17.207981 -0.500000
7.953723 17.301718 -0.348942
8.595628 16.937912 -0.454861
8.632109 16.910051 -0.345886
8.507556 17.005173 -0.500000
7.748647 17.077181 -0.594631
7.674942 17.073118 -0.503865
7.821900 17.001358 -0.644600
8.247530 16.625618 -0.576421
8.209579 16.733940 -0.602086
8.234660 16.554686 -0.485058
6.979867 17.895836 -0.591845
6.912309 17.977207 -0.631753
6.982970 17.821522 -0.504317
5.908205 19.006451 -0.583747
5.836548 19.030128 -0.493059
6.018715 18.933062 -0.613475
5.383811 18.824469 -0.966047
5.299941 18.893196 -0.923793
5.265201 18.921663 -0.821785
6.899777 17.528646 -0.761351
6.867838 17.554817 -0.906093
6.790730 17.618002 -0.966047
7.624100 16.827545 -0.966047
7.567609 16.925390 -0.889914
7.544210 16.965919 -0.706112
7.935875 16.287533 -0.792396
7.915084 16.323544 -0.915186
7.864891 16.410482 -0.966047
-7.182341 18.170115 0.352467
-7.152775 18.204744 0.456788
-6.979867 17.895836 0.591845
-6.982970 17.821522 0.504317
-7.081396 18.288347 0.500000
-6.912309 17.977207 0.631753
-7.553791 18.332670 0.456545
-7.571330 18.448185 0.500000
-7.546526 18.284822 0.351636
-7.815815 18.150898 0.456545
-7.888756 18.227980 0.500000
-7.785602 18.118971 0.351636
-6.612454 19.025000 0.500000
-6.533266 19.117750 0.455873
-5.908205 19.006451 0.583747
-6.018715 18.933062 0.613475
-6.500464 19.156168 0.349340
-5.836548 19.030128 0.493059
-7.370298 19.099520 0.456545
-7.380686 19.142822 0.351636
-7.345219 18.994978 0.500000
-8.308132 18.639853 0.456545
-8.339502 18.672873 0.351636
-8.232397 18.560143 0.500000
-8.104765 17.779877 0.456545
-8.217916 17.805326 0.500000
-8.057897 17.769333 0.351636
-8.794989 17.763096 0.456545
-8.841229 17.769333 0.351636
-8.683352 17.748035 0.500000
-7.989673 17.274261 0.455756
-8.076463 17.207981 0.500000
-7.953723 17.301718 0.348942
-8.595628 16.937912 0.454861
-8.632109 16.910051 0.345886
-8.507556 17.005173 0.500000
-7.748647 17.077181 0.594631
-7.821900 17.001358 0.644600
-7.674942 17.073118 0.503865
-8.247530 16.625618 0.576421
-8.234660 16.554686 0.485058
-8.209579 16.733940 0.602086
-7.567609 16.925390 0.889914
-7.624100 16.827545 0.966047
-7.544210 16.965919 0.706112
-7.915084 16.323544 0.915186
-7.935875 16.287533 0.792396
-7.864891 16.410482 0.966047
-6.867838 17.554817 0.906093
-6.899777 17.528646 0.761351
-6.790730 17.618002 0.966047
-5.299941 18.893196 0.923793
-5.383811 18.824469 0.966047
-5.265201 18.921663 0.821785
-7.380686 19.142822 0.000000
-6.500464 19.156168 0.000000
-8.339502 18.672873 0.000000
-8.841229 17.769333 0.000000
-8.632109 16.910051 0.000000
-8.234660 16.554686 0.000000
-5.836548 19.030128 0.000000
-5.265201 18.921663 0.000000
-7.935875 16.287533 0.000000
-7.674942 17.073118 0.000000
-7.544210 16.965919 0.000000
-7.953723 17.301718 0.000000
-8.057897 17.769333 0.000000
-7.785602 18.118971 0.000000
-7.546526 18.284822 0.000000
-7.182341 18.170115 0.000000
-6.982970 17.821522 0.000000
-6.899777 17.528646 0.000000
-7.182341 18.170115 -0.352467
-6.982970 17.821522 -0.504317
-6.979867 17.895836 -0.591845
-7.152775 18.204744 -0.456788
-6.912309 17.977207 -0.631753
-7.081396 18.288347 -0.500000
-7.571330 18.448185 -0.500000
-7.553791 18.332670 -0.456545
-7.546526 18.284822 -0.351636
-7.888756 18.227980 -0.500000
-7.815815 18.150898 -0.456545
-7.785602 18.118971 -0.351636
-6.612454 19.025000 -0.500000
-6.018715 18.933062 -0.613475
-5.908205 19.006451 -0.583747
-6.533266 19.117750 -0.455873
-5.836548 19.030128 -0.493059
-6.500464 19.156168 -0.349340
-7.380686 19.142822 -0.351636
-7.370298 19.099520 -0.456545
-7.345219 18.994978 -0.500000
-8.339502 18.672873 -0.351636
-8.308132 18.639853 -0.456545
-8.232397 18.560143 -0.500000
-8.217916 17.805326 -0.500000
-8.104765 17.779877 -0.456545
-8.057897 17.769333 -0.351636
-8.841229 17.769333 -0.351636
-8.794989 17.763096 -0.456545
-8.683352 17.748035 -0.500000
-8.076463 17.207981 -0.500000
-7.989673 17.274261 -0.455756
-7.953723 17.301718 -0.348942
-8.632109 16.910051 -0.345886
-8.595628 16.937912 -0.454861
-8.507556 17.005173 -0.500000
-7.821900 17.001358 -0.644600
-7.748647 17.077181 -0.594631
-7.674942 17.073118 -0.503865
-8.234660 16.554686 -0.485058
-8.247530 16.625618 -0.576421
-8.209579 16.733940 -0.602086
-7.624100 16.827545 -0.966047
-7.567609 16.925390 -0.889914
-7.544210 16.965919 -0.706112
-7.935875 16.287533 -0.792396
-7.915084 16.323544 -0.915186
-7.864891 16.410482 -0.966047
-6.899777 17.528646 -0.761351
-6.867838 17.554817 -0.906093
-6.790730 17.618002 -0.966047
-5.383811 18.824469 -0.966047
-5.299941 18.893196 -0.923793
-5.265201 18.921663 -0.821785
