-7.735575 0.469378 0.138326
-5.664361 10.603114 0.138326
-12.995131 10.656398 0.138326
0.000000 10.458881 0.138326
-0.266492 11.205781 0.138326
-0.891144 0.028812 0.138326
-0.847918 10.487172 0.138326
0.000000 10.782638 0.138326
-0.531290 10.782638 0.138326
-0.656726 10.621830 0.138326
0.000000 10.621830 0.138326
-0.408794 11.027764 0.138326
0.000000 11.027764 0.138326
-5.490799 10.455074 0.138326
-4.725297 0.255338 0.138326
-5.100887 10.458881 0.138326
-2.218955 0.109898 0.138326
-10.086832 0.799021 0.138326
-9.884410 10.689866 0.138326
-9.811069 11.064580 0.138326
0.000000 0.697127 0.138326
-0.878864 0.739723 0.138326
-2.415611 0.816087 0.138326
-4.774871 0.951826 0.138326
-7.594240 1.159534 0.138326
-10.432402 1.417806 0.138326
-11.768564 1.693880 0.138326
-10.960735 1.566323 0.138326
-11.056827 10.650973 0.138326
-11.039683 11.026283 0.138326
-10.672467 1.513242 0.138326
-10.417135 10.672194 0.138326
-10.369328 11.047179 0.138326
-10.289316 1.066975 0.138326
-7.666628 0.806055 0.138326
-4.749481 0.595103 0.138326
-2.314889 0.454395 0.138326
-0.885154 0.375613 0.138326
0.000000 0.329695 0.138326
-11.914427 10.999017 0.138326
-11.891562 10.623281 0.138326
-11.342720 1.580166 0.138326
-9.616691 0.636809 0.138326
-9.764901 0.918504 0.138326
-9.864902 1.370106 0.138326
-9.040598 10.715876 0.138326
-8.989442 11.090190 0.138326
-7.144593 11.147695 0.138326
-7.145936 10.774276 0.138326
-8.535939 1.249849 0.138326
-8.587400 0.866466 0.138326
-8.561054 0.553916 0.138326
-6.423114 11.170184 0.138326
-6.404976 10.797116 0.138326
-8.130415 1.249849 0.138326
-8.126907 0.846115 0.138326
-8.148219 0.521499 0.138326
-6.408012 0.362985 0.138326
-6.362611 0.700520 0.138326
-6.314943 1.059308 0.138326
-5.553165 10.465952 0.138326
0.000000 1.019835 0.138326
-0.873340 1.059513 0.138326
-2.504073 1.133752 0.138326
-4.797171 1.265128 0.138326
-6.270458 1.370328 0.138326
-7.530663 1.471362 0.138326
-8.130415 1.483979 0.138326
-8.535939 1.483979 0.138326
-9.837747 1.670844 0.138326
-10.414350 1.716115 0.138326
-10.664055 1.807826 0.138326
-10.963901 1.858458 0.138326
-11.360992 1.870873 0.138326
-11.888442 2.018038 0.138326
-11.853555 1.861609 0.138326
-11.351855 1.725520 0.138326
-10.962317 1.712390 0.138326
-10.668261 1.660534 0.138326
-10.423376 1.566960 0.138326
-9.851325 1.520474 0.138326
-8.567307 1.366915 0.138326
-8.099047 1.366915 0.138326
-7.562452 1.315448 0.138326
-6.292700 1.214818 0.138326
-4.786021 1.108478 0.138326
-2.459842 0.974920 0.138326
-0.876102 0.899619 0.138326
0.000000 0.858480 0.138326
-6.783854 11.158940 0.138326
-6.775456 10.785696 0.138326
-8.333177 1.601044 0.138326
-8.333177 1.132785 0.138326
-8.357154 0.856290 0.138326
-8.354636 0.537708 0.138326
-0.878864 0.739723 -0.138326
-2.415611 0.816087 -0.138326
-2.314889 0.454395 -0.138326
-0.885154 0.375613 -0.138326
-12.976092 10.911700 -0.138326
-11.914427 10.999017 -0.138326
-12.995131 10.656398 -0.138326
-11.891562 10.623281 -0.138326
0.000000 0.697127 -0.138326
0.000000 0.329695 -0.138326
-0.656726 10.621830 -0.138326
-0.531290 10.782638 -0.138326
0.000000 10.621830 -0.138326
0.000000 10.782638 -0.138326
-0.408794 11.027764 -0.138326
-0.266492 11.205781 -0.138326
0.000000 11.027764 -0.138326
0.000000 11.205781 -0.138326
-0.847918 10.487172 -0.138326
0.000000 10.458881 -0.138326
-6.362611 0.700520 -0.138326
-6.314943 1.059308 -0.138326
-4.749481 0.595103 -0.138326
-4.774871 0.951826 -0.138326
-7.594240 1.159534 -0.138326
-7.666628 0.806055 -0.138326
-10.289316 1.066975 -0.138326
-9.764901 0.918504 -0.138326
-9.864902 1.370106 -0.138326
-10.432402 1.417806 -0.138326
-9.884410 10.689866 -0.138326
-9.811069 11.064580 -0.138326
-9.040598 10.715876 -0.138326
-8.989442 11.090190 -0.138326
-0.876102 0.899619 -0.138326
0.000000 0.858480 -0.138326
0.000000 1.019835 -0.138326
-0.873340 1.059513 -0.138326
-2.459842 0.974920 -0.138326
-2.504073 1.133752 -0.138326
-4.786021 1.108478 -0.138326
-4.797171 1.265128 -0.138326
-6.292700 1.214818 -0.138326
-6.270458 1.370328 -0.138326
-7.562452 1.315448 -0.138326
-7.530663 1.471362 -0.138326
-10.423376 1.566960 -0.138326
-10.414350 1.716115 -0.138326
-9.851325 1.520474 -0.138326
-9.837747 1.670844 -0.138326
-11.853555 1.861609 -0.138326
-11.888442 2.018038 -0.138326
-11.351855 1.725520 -0.138326
-11.360992 1.870873 -0.138326
-10.962317 1.712390 -0.138326
-10.963901 1.858458 -0.138326
-11.056827 10.650973 -0.138326
-11.039683 11.026283 -0.138326
-10.668261 1.660534 -0.138326
-10.664055 1.807826 -0.138326
-10.417135 10.672194 -0.138326
-10.369328 11.047179 -0.138326
-10.086832 0.799021 -0.138326
-9.616691 0.636809 -0.138326
-7.735575 0.469378 -0.138326
-6.408012 0.362985 -0.138326
-4.725297 0.255338 -0.138326
-2.218955 0.109898 -0.138326
-0.891144 0.028812 -0.138326
0.000000 0.000000 -0.138326
-8.148219 0.521499 -0.138326
-8.126907 0.846115 -0.138326
-8.130415 1.249849 -0.138326
-8.130415 1.483979 -0.138326
-8.099047 1.366915 -0.138326
-6.423114 11.170184 -0.138326
-6.404976 10.797116 -0.138326
-5.664361 10.603114 -0.138326
-5.753043 11.101272 -0.138326
-7.145936 10.774276 -0.138326
-7.144593 11.147695 -0.138326
-8.567307 1.366915 -0.138326
-8.535939 1.483979 -0.138326
-8.587400 0.866466 -0.138326
-8.535939 1.249849 -0.138326
-8.561054 0.553916 -0.138326
-6.783854 11.158940 -0.138326
-6.775456 10.785696 -0.138326
-8.333177 1.132785 -0.138326
-8.357154 0.856290 -0.138326
-8.354636 0.537708 -0.138326
-5.100887 10.458881 -0.138326
-5.490799 10.455074 -0.138326
-5.553165 10.465952 -0.138326
-8.333177 1.601044 -0.138326
-11.768564 1.693880 -0.138326
-11.342720 1.580166 -0.138326
-10.960735 1.566323 -0.138326
-10.672467 1.513242 -0.138326
0.000000 -0.000000 0.108079
-0.891144 0.028812 0.108079
-2.218955 0.109898 0.108079
-4.725297 0.255338 0.108079
-6.408012 0.362985 0.108079
-7.735576 0.469378 0.108079
-8.148219 0.521498 0.108079
-8.354636 0.537708 0.108079
-8.561054 0.553916 0.108079
-9.616691 0.636809 0.108079
-10.086832 0.799021 0.108079
-10.289316 1.066975 0.108079
-10.432402 1.417806 0.108079
-10.672467 1.513242 0.108079
-10.960735 1.566322 0.108079
-11.342720 1.580166 0.108079
-11.768564 1.693879 0.108079
-11.853555 1.861609 0.108079
-11.888442 2.018038 0.108079
-12.995131 10.656398 0.108079
-12.976092 10.911700 0.108079
-11.914427 10.999017 0.108079
-11.039683 11.026283 0.108079
-10.369328 11.047179 0.108079
-9.811069 11.064580 0.108079
-8.989442 11.090190 0.108079
-7.144593 11.147696 0.108079
-6.783854 11.158940 0.108079
-6.423114 11.170184 0.108079
-5.753043 11.101272 0.108079
-5.664361 10.603114 0.108079
-5.553165 10.465952 0.108079
-5.490799 10.455074 0.108079
-5.100887 10.458881 0.108079
-0.847918 10.487172 0.108079
-0.656726 10.621830 0.108079
-0.531290 10.782638 0.108079
-0.408794 11.027764 0.108079
-0.266492 11.205781 0.108079
0.000000 11.205781 0.108079
0.000000 0.000000 -0.101492
-0.891144 0.028812 -0.101492
-2.218955 0.109898 -0.101492
-4.725297 0.255338 -0.101492
-6.408012 0.362985 -0.101492
-7.735575 0.469378 -0.101492
-8.148219 0.521499 -0.101492
-8.354636 0.537708 -0.101492
-8.561054 0.553916 -0.101492
-9.616691 0.636809 -0.101492
-10.086832 0.799021 -0.101492
-10.289316 1.066975 -0.101492
-10.432402 1.417806 -0.101492
-10.672467 1.513242 -0.101492
-10.960735 1.566323 -0.101492
-11.342720 1.580166 -0.101492
-11.768564 1.693880 -0.101492
-11.853555 1.861609 -0.101492
-11.888442 2.018038 -0.101492
-12.995131 10.656398 -0.101492
-12.976092 10.911700 -0.101492
-11.914427 10.999017 -0.101492
-11.039683 11.026283 -0.101492
-10.369328 11.047179 -0.101492
-9.811069 11.064580 -0.101492
-8.989442 11.090190 -0.101492
-7.144593 11.147695 -0.101492
-6.783854 11.158940 -0.101492
-6.423114 11.170184 -0.101492
-5.753043 11.101272 -0.101492
-5.664361 10.603114 -0.101492
-5.553165 10.465952 -0.101492
-5.490799 10.455074 -0.101492
-5.100887 10.458881 -0.101492
-0.847918 10.487172 -0.101492
-0.656726 10.621830 -0.101492
-0.531290 10.782638 -0.101492
-0.408794 11.027764 -0.101492
-0.266492 11.205781 -0.101492
0.000000 11.205781 -0.101492
-5.613481 10.505637 0.138326
-5.613481 10.505637 0.108079
-5.613481 10.505637 -0.101492
-5.613481 10.505637 -0.138326
-6.699854 1.397256 -0.138326
-6.725348 1.241610 -0.138327
-6.750844 1.085961 -0.138326
-6.806934 0.728982 -0.138327
-6.860359 0.391740 -0.138327
-6.860359 0.391740 -0.101491
-6.860359 0.391740 0.108079
-6.860359 0.391740 0.138326
-6.806934 0.728982 0.138326
-6.750844 1.085961 0.138326
-6.725348 1.241610 0.138326
-6.699854 1.397256 0.138326
-11.602651 1.767691 0.138326
-11.574842 1.617778 0.138326
-11.574842 1.617778 0.108079
-11.574842 1.617778 -0.101492
-11.574842 1.617778 -0.138326
-11.602651 1.767691 -0.138326
-11.614957 1.917603 -0.138326
-12.745164 10.585992 -0.138326
-12.827877 10.939683 -0.138326
-12.827877 10.939683 -0.101492
-12.827877 10.939683 0.108079
-12.827877 10.939683 0.138326
-12.745164 10.585992 0.138326
-11.614957 1.917603 0.138326
-5.675869 10.952048 0.138326
-5.675869 10.952048 0.108079
-5.675869 10.952048 -0.101492
-5.675869 10.952048 -0.138326
-6.415711 11.017923 -0.138326
-6.780426 11.006607 -0.138326
-7.145141 10.995291 -0.138326
-9.010321 10.937420 -0.138326
-9.841002 10.911646 -0.138326
-10.388840 10.894135 -0.138326
-11.046679 10.873106 -0.138326
-11.905094 10.845667 -0.138326
-12.791990 10.806021 -0.138326
-12.995227 10.802100 -0.138326
-12.995227 10.802100 -0.101492
-12.995227 10.802100 0.108079
-12.995227 10.802100 0.138326
-12.791990 10.806021 0.138326
-11.905094 10.845667 0.138326
-11.046679 10.873106 0.138326
-10.388840 10.894135 0.138326
-9.841002 10.911646 0.138326
-9.010321 10.937420 0.138326
-7.145141 10.995291 0.138326
-6.780426 11.006607 0.138326
-6.415711 11.017923 0.138326
-5.876751 10.969227 0.138326
-5.857497 10.653705 0.138326
-7.693520 1.487942 0.138326
-7.697940 1.326630 0.138326
-7.740517 1.165317 0.138326
-7.786659 0.816502 0.138326
-7.843183 0.482970 0.138326
-7.843184 0.482970 0.108079
-7.843183 0.482970 -0.101492
-7.843183 0.482970 -0.138326
-7.786659 0.816502 -0.138326
-7.740517 1.165317 -0.138326
-7.697940 1.326630 -0.138326
-7.693520 1.487942 -0.138326
-5.857497 10.653705 -0.138326
-5.876751 10.969227 -0.138326
-5.890029 11.186801 -0.138326
-5.890029 11.186801 -0.101492
-5.890029 11.186801 0.108079
-5.890029 11.186801 0.138326
0.000000 10.905201 -0.138326
-0.461521 10.905201 -0.138326
-0.461521 10.905201 -0.101492
-0.461521 10.905201 0.108079
-0.461521 10.905201 0.138326
0.000000 10.905201 0.138326
-8.099047 1.366915 0.123458
-8.130415 1.483979 0.123458
-8.333177 1.601044 0.123458
-8.535939 1.483979 0.123458
-8.567307 1.366915 0.123458
-8.535939 1.249849 0.123458
-8.333177 1.132785 0.123458
-8.130415 1.249849 0.123458
-8.099047 1.366915 -0.124739
-8.130415 1.483979 -0.124739
-8.333177 1.601044 -0.124739
-8.535939 1.483979 -0.124739
-8.567307 1.366915 -0.124739
-8.535939 1.249849 -0.124739
-8.333177 1.132785 -0.124739
-8.130415 1.249849 -0.124739
-8.216112 1.569677 0.138326
-6.590216 10.791406 0.138326
-6.598068 11.012265 0.138326
-6.603484 11.164562 0.138326
-6.603484 11.164562 0.108079
-6.603484 11.164562 -0.101492
-6.603484 11.164562 -0.138326
-6.598068 11.012265 -0.138326
-6.590216 10.791406 -0.138326
-8.216112 1.569677 -0.138326
-8.216112 1.569677 -0.124739
-8.216112 1.569677 0.123458
-8.450242 1.569677 0.138326
-6.960696 10.779986 0.138326
-6.962783 11.000949 0.138326
-6.964223 11.153318 0.138326
-6.964223 11.153318 0.108079
-6.964223 11.153318 -0.101492
-6.964223 11.153318 -0.138326
-6.962783 11.000949 -0.138326
-6.960696 10.779986 -0.138326
-8.450242 1.569677 -0.138326
-8.450242 1.569677 -0.124739
-8.450241 1.569677 0.123458
-8.450242 1.164152 0.138326
-8.450241 1.164152 0.123458
-8.450242 1.164152 -0.124739
-8.450242 1.164152 -0.138326
-8.472277 0.861378 -0.138326
-8.457846 0.545813 -0.138326
-8.457846 0.545813 -0.101492
-8.457846 0.545813 0.108079
-8.457846 0.545813 0.138326
-8.472277 0.861378 0.138326
-8.216112 1.164152 0.138326
-8.216112 1.164152 0.123458
-8.216112 1.164152 -0.124739
-8.216112 1.164152 -0.138326
-8.242030 0.851202 -0.138326
-8.251428 0.529604 -0.138326
-8.251428 0.529604 -0.101492
-8.251428 0.529603 0.108079
-8.251428 0.529604 0.138326
-8.242030 0.851202 0.138326
-1.152056 10.458881 0.138326
-1.152056 10.458881 0.108079
-1.152056 10.458881 -0.101492
-1.152056 10.458881 -0.138326
-1.414158 1.087752 -0.138326
-1.413559 0.927934 -0.138326
-1.412961 0.768114 -0.138326
-1.411598 0.404177 -0.138326
-1.410299 0.057541 -0.138326
-1.410299 0.057541 -0.101492
-1.410299 0.057541 0.108079
-1.410299 0.057541 0.138326
-1.411598 0.404177 0.138326
-1.412961 0.768114 0.138326
-1.413559 0.927934 0.138326
-1.414158 1.087752 0.138326
12.976333 10.911700 0.138326
5.753150 11.101272 0.138326
7.735718 0.469378 0.138326
5.664466 10.603114 0.138326
12.995371 10.656398 0.138326
0.266497 11.205781 0.138326
0.891160 0.028812 0.138326
0.847934 10.588668 0.138326
0.508705 10.782638 0.138326
0.636653 10.636894 0.138326
0.408801 11.027764 0.138326
5.490901 10.455074 0.138326
4.725385 0.255338 0.138326
5.100982 10.458881 0.138326
2.218996 0.109898 0.138326
10.087019 0.799021 0.138326
9.884593 10.689866 0.138326
9.811251 11.064580 0.138326
0.878880 0.739723 0.138326
2.415656 0.816087 0.138326
4.774960 0.951826 0.138326
7.594380 1.159534 0.138326
10.432595 1.417806 0.138326
11.768783 1.693880 0.138326
10.960938 1.566323 0.138326
11.057031 10.650973 0.138326
11.039887 11.026283 0.138326
10.672665 1.513242 0.138326
10.417328 10.672194 0.138326
10.369521 11.047179 0.138326
10.289506 1.066975 0.138326
7.666770 0.806055 0.138326
4.749568 0.595103 0.138326
2.314932 0.454395 0.138326
0.885170 0.375613 0.138326
11.914647 10.999017 0.138326
11.891782 10.623281 0.138326
11.342931 1.580166 0.138326
9.616869 0.636809 0.138326
9.765082 0.918504 0.138326
9.865085 1.370106 0.138326
9.040765 10.715876 0.138326
8.989608 11.090190 0.138326
7.144725 11.147695 0.138326
7.146069 10.774276 0.138326
8.536098 1.249849 0.138326
8.587559 0.866466 0.138326
8.561213 0.553916 0.138326
6.423233 11.170184 0.138326
6.405095 10.797116 0.138326
8.130566 1.249849 0.138326
8.127058 0.846115 0.138326
8.148370 0.521499 0.138326
6.408131 0.362985 0.138326
6.362729 0.700520 0.138326
6.315060 1.059308 0.138326
5.553268 10.465952 0.138326
0.873356 1.059513 0.138326
2.504119 1.133752 0.138326
4.797259 1.265128 0.138326
6.270574 1.370328 0.138326
7.530803 1.471362 0.138326
8.130566 1.483979 0.138326
8.536098 1.483979 0.138326
9.837929 1.670844 0.138326
10.414542 1.716115 0.138326
10.664252 1.807826 0.138326
10.964104 1.858458 0.138326
11.361203 1.870873 0.138326
11.888662 2.018038 0.138326
11.853774 1.861609 0.138326
11.352066 1.725520 0.138326
10.962521 1.712390 0.138326
10.668458 1.660534 0.138326
10.423569 1.566960 0.138326
9.851507 1.520474 0.138326
8.567466 1.366915 0.138326
8.099196 1.366915 0.138326
7.562592 1.315448 0.138326
6.292817 1.214818 0.138326
4.786110 1.108478 0.138326
2.459888 0.974920 0.138326
0.876118 0.899619 0.138326
6.783979 11.158940 0.138326
6.775582 10.785696 0.138326
8.333331 1.601044 0.138326
8.333331 1.132785 0.138326
8.357309 0.856290 0.138326
8.354791 0.537708 0.138326
0.878880 0.739723 -0.138326
2.415656 0.816087 -0.138326
2.314932 0.454395 -0.138326
0.885170 0.375613 -0.138326
12.976333 10.911700 -0.138326
11.914647 10.999017 -0.138326
12.995371 10.656398 -0.138326
11.891782 10.623281 -0.138326
0.636653 10.636894 -0.138326
0.508705 10.782638 -0.138326
0.408801 11.027764 -0.138326
0.266497 11.205781 -0.138326
0.847934 10.588668 -0.138326
6.362729 0.700520 -0.138326
6.315060 1.059308 -0.138326
4.749568 0.595103 -0.138326
4.774960 0.951826 -0.138326
7.594380 1.159534 -0.138326
7.666770 0.806055 -0.138326
10.289506 1.066975 -0.138326
9.765082 0.918504 -0.138326
9.865085 1.370106 -0.138326
10.432595 1.417806 -0.138326
9.884593 10.689866 -0.138326
9.811251 11.064580 -0.138326
9.040765 10.715876 -0.138326
8.989608 11.090190 -0.138326
0.876118 0.899619 -0.138326
0.873356 1.059513 -0.138326
2.459888 0.974920 -0.138326
2.504119 1.133752 -0.138326
4.786110 1.108478 -0.138326
4.797259 1.265128 -0.138326
6.292817 1.214818 -0.138326
6.270574 1.370328 -0.138326
7.562592 1.315448 -0.138326
7.530803 1.471362 -0.138326
10.423569 1.566960 -0.138326
10.414542 1.716115 -0.138326
9.851507 1.520474 -0.138326
9.837929 1.670844 -0.138326
11.853774 1.861609 -0.138326
11.888662 2.018038 -0.138326
11.352066 1.725520 -0.138326
11.361203 1.870873 -0.138326
10.962521 1.712390 -0.138326
10.964104 1.858458 -0.138326
11.057031 10.650973 -0.138326
11.039887 11.026283 -0.138326
10.668458 1.660534 -0.138326
10.664252 1.807826 -0.138326
10.417328 10.672194 -0.138326
10.369521 11.047179 -0.138326
10.087019 0.799021 -0.138326
9.616869 0.636809 -0.138326
7.735718 0.469378 -0.138326
6.408131 0.362985 -0.138326
4.725385 0.255338 -0.138326
2.218996 0.109898 -0.138326
0.891160 0.028812 -0.138326
8.148370 0.521499 -0.138326
8.127058 0.846115 -0.138326
8.130566 1.249849 -0.138326
8.130566 1.483979 -0.138326
8.099196 1.366915 -0.138326
6.423233 11.170184 -0.138326
6.405095 10.797116 -0.138326
5.664466 10.603114 -0.138326
5.753150 11.101272 -0.138326
7.146069 10.774276 -0.138326
7.144725 11.147695 -0.138326
8.567466 1.366915 -0.138326
8.536098 1.483979 -0.138326
8.587559 0.866466 -0.138326
8.536098 1.249849 -0.138326
8.561213 0.553916 -0.138326
6.783979 11.158940 -0.138326
6.775582 10.785696 -0.138326
8.333331 1.132785 -0.138326
8.357309 0.856290 -0.138326
8.354791 0.537708 -0.138326
5.100982 10.458881 -0.138326
5.490901 10.455074 -0.138326
5.553268 10.465952 -0.138326
8.333331 1.601044 -0.138326
11.768783 1.693880 -0.138326
11.342931 1.580166 -0.138326
10.960938 1.566323 -0.138326
10.672665 1.513242 -0.138326
0.891160 0.028812 0.108079
2.218996 0.109898 0.108079
4.725385 0.255338 0.108079
6.408131 0.362985 0.108079
7.735719 0.469378 0.108079
8.148371 0.521498 0.108079
8.354791 0.537708 0.108079
8.561213 0.553916 0.108079
9.616869 0.636809 0.108079
10.087019 0.799021 0.108079
10.289507 1.066975 0.108079
10.432595 1.417806 0.108079
10.672665 1.513242 0.108079
10.960938 1.566322 0.108079
11.342931 1.580166 0.108079
11.768783 1.693879 0.108079
11.853774 1.861609 0.108079
11.888662 2.018038 0.108079
12.995371 10.656398 0.108079
12.976333 10.911700 0.108079
11.914647 10.999017 0.108079
11.039887 11.026283 0.108079
10.369521 11.047179 0.108079
9.811251 11.064580 0.108079
8.989608 11.090190 0.108079
7.144725 11.147696 0.108079
6.783979 11.158940 0.108079
6.423233 11.170184 0.108079
5.753150 11.101272 0.108079
5.664466 10.603114 0.108079
5.553268 10.465952 0.108079
5.490901 10.455074 0.108079
5.100982 10.458881 0.108079
0.847934 10.588668 0.108079
0.636653 10.636894 0.108079
0.508705 10.782638 0.108079
0.408801 11.027764 0.108079
0.266497 11.205781 0.108079
0.891160 0.028812 -0.101492
2.218996 0.109898 -0.101492
4.725385 0.255338 -0.101492
6.408131 0.362985 -0.101492
7.735718 0.469378 -0.101492
8.148370 0.521499 -0.101492
8.354791 0.537708 -0.101492
8.561213 0.553916 -0.101492
9.616869 0.636809 -0.101492
10.087019 0.799021 -0.101492
10.289506 1.066975 -0.101492
10.432595 1.417806 -0.101492
10.672665 1.513242 -0.101492
10.960938 1.566323 -0.101492
11.342931 1.580166 -0.101492
11.768783 1.693880 -0.101492
11.853774 1.861609 -0.101492
11.888662 2.018038 -0.101492
12.995371 10.656398 -0.101492
12.976333 10.911700 -0.101492
11.914647 10.999017 -0.101492
11.039887 11.026283 -0.101492
10.369521 11.047179 -0.101492
9.811251 11.064580 -0.101492
8.989608 11.090190 -0.101492
7.144725 11.147695 -0.101492
6.783979 11.158940 -0.101492
6.423233 11.170184 -0.101492
5.753150 11.101272 -0.101492
5.664466 10.603114 -0.101492
5.553268 10.465952 -0.101492
5.490901 10.455074 -0.101492
5.100982 10.458881 -0.101492
0.847934 10.588668 -0.101492
0.636653 10.636894 -0.101492
0.508705 10.782638 -0.101492
0.408801 11.027764 -0.101492
0.266497 11.205781 -0.101492
5.613585 10.505637 0.138326
5.613585 10.505637 0.108079
5.613585 10.505637 -0.101492
5.613585 10.505637 -0.138326
6.699978 1.397256 -0.138326
6.725473 1.241610 -0.138327
6.750969 1.085961 -0.138326
6.807061 0.728982 -0.138327
6.860486 0.391740 -0.138327
6.860486 0.391740 -0.101491
6.860486 0.391740 0.108079
6.860486 0.391740 0.138326
6.807061 0.728982 0.138326
6.750969 1.085961 0.138326
6.725473 1.241610 0.138326
6.699978 1.397256 0.138326
11.602865 1.767691 0.138326
11.575057 1.617778 0.138326
11.575057 1.617778 0.108079
11.575057 1.617778 -0.101492
11.575057 1.617778 -0.138326
11.602865 1.767691 -0.138326
11.615171 1.917603 -0.138326
12.745399 10.585992 -0.138326
12.828115 10.939683 -0.138326
12.828115 10.939683 -0.101492
12.828115 10.939683 0.108079
12.828115 10.939683 0.138326
12.745399 10.585992 0.138326
11.615171 1.917603 0.138326
5.675974 10.952048 0.138326
5.675974 10.952048 0.108079
5.675974 10.952048 -0.101492
5.675974 10.952048 -0.138326
6.415830 11.017923 -0.138326
6.780551 11.006607 -0.138326
7.145273 10.995291 -0.138326
9.010488 10.937420 -0.138326
9.841185 10.911646 -0.138326
10.389031 10.894135 -0.138326
11.046885 10.873106 -0.138326
11.905314 10.845667 -0.138326
12.792227 10.806021 -0.138326
12.995468 10.802100 -0.138326
12.995468 10.802100 -0.101492
12.995468 10.802100 0.108079
12.995468 10.802100 0.138326
12.792227 10.806021 0.138326
11.905314 10.845667 0.138326
11.046885 10.873106 0.138326
10.389031 10.894135 0.138326
9.841185 10.911646 0.138326
9.010488 10.937420 0.138326
7.145273 10.995291 0.138326
6.780551 11.006607 0.138326
6.415830 11.017923 0.138326
5.876860 10.969227 0.138326
5.857605 10.653705 0.138326
7.693662 1.487942 0.138326
7.698083 1.326630 0.138326
7.740660 1.165317 0.138326
7.786803 0.816502 0.138326
7.843328 0.482970 0.138326
7.843329 0.482970 0.108079
7.843328 0.482970 -0.101492
7.843328 0.482970 -0.138326
7.786803 0.816502 -0.138326
7.740660 1.165317 -0.138326
7.698083 1.326630 -0.138326
7.693662 1.487942 -0.138326
5.857605 10.653705 -0.138326
5.876860 10.969227 -0.138326
5.890138 11.186801 -0.138326
5.890138 11.186801 -0.101492
5.890138 11.186801 0.108079
5.890138 11.186801 0.138326
0.446466 10.905201 -0.138326
0.446466 10.905201 -0.101492
0.446466 10.905201 0.108079
0.446466 10.905201 0.138326
8.099196 1.366915 0.123458
8.130566 1.483979 0.123458
8.333331 1.601044 0.123458
8.536097 1.483979 0.123458
8.567465 1.366915 0.123458
8.536097 1.249849 0.123458
8.333331 1.132785 0.123458
8.130566 1.249849 0.123458
8.099196 1.366915 -0.124739
8.130566 1.483979 -0.124739
8.333331 1.601044 -0.124739
8.536098 1.483979 -0.124739
8.567466 1.366915 -0.124739
8.536098 1.249849 -0.124739
8.333331 1.132785 -0.124739
8.130566 1.249849 -0.124739
8.216264 1.569677 0.138326
6.590338 10.791406 0.138326
6.598190 11.012265 0.138326
6.603606 11.164562 0.138326
6.603606 11.164562 0.108079
6.603606 11.164562 -0.101492
6.603606 11.164562 -0.138326
6.598190 11.012265 -0.138326
6.590338 10.791406 -0.138326
8.216264 1.569677 -0.138326
8.216264 1.569677 -0.124739
8.216264 1.569677 0.123458
8.450398 1.569677 0.138326
6.960825 10.779986 0.138326
6.962912 11.000949 0.138326
6.964352 11.153318 0.138326
6.964352 11.153318 0.108079
6.964352 11.153318 -0.101492
6.964352 11.153318 -0.138326
6.962912 11.000949 -0.138326
6.960825 10.779986 -0.138326
8.450398 1.569677 -0.138326
8.450398 1.569677 -0.124739
8.450397 1.569677 0.123458
8.450398 1.164152 0.138326
8.450397 1.164152 0.123458
8.450398 1.164152 -0.124739
8.450398 1.164152 -0.138326
8.472434 0.861378 -0.138326
8.458002 0.545813 -0.138326
8.458002 0.545813 -0.101492
8.458002 0.545813 0.108079
8.458002 0.545813 0.138326
8.472434 0.861378 0.138326
8.216264 1.164152 0.138326
8.216264 1.164152 0.123458
8.216264 1.164152 -0.124739
8.216264 1.164152 -0.138326
8.242183 0.851202 -0.138326
8.251580 0.529604 -0.138326
8.251580 0.529604 -0.101492
8.251580 0.529603 0.108079
8.251580 0.529604 0.138326
8.242183 0.851202 0.138326
1.152077 10.560377 0.138326
1.152077 10.560377 0.108079
1.152077 10.560377 -0.101492
1.152077 10.560377 -0.138326
1.414184 1.087752 -0.138326
1.413586 0.927934 -0.138326
1.412987 0.768114 -0.138326
1.411624 0.404177 -0.138326
1.410325 0.057541 -0.138326
1.410325 0.057541 -0.101492
1.410326 0.057541 0.108079
1.410325 0.057541 0.138326
1.411624 0.404177 0.138326
1.412987 0.768114 0.138326
1.413586 0.927934 0.138326
1.414184 1.087752 0.138326
0.000000 10.053844 0.138326
0.865517 10.082624 0.138326
1.179817 10.056758 0.138326
4.989548 10.058733 0.138326
5.461136 10.060726 0.138326
5.584048 10.075652 0.138326
5.660203 10.114789 0.138326
5.744552 10.211263 0.138326
5.936392 10.260395 0.138326
6.479136 10.397482 0.138326
6.660108 10.395694 0.138326
6.842426 10.391575 0.138326
7.024744 10.384764 0.138326
7.205716 10.375622 0.138326
9.074972 10.327746 0.138326
9.907333 10.304795 0.138326
10.427924 10.291816 0.138326
11.053043 10.273679 0.138326
11.869014 10.247708 0.138326
12.696901 10.214024 0.138326
12.947881 10.285719 0.138326
12.947881 10.285719 0.108079
12.947881 10.285719 -0.101492
12.947881 10.285719 -0.138326
12.696901 10.214024 -0.138326
11.869014 10.247708 -0.138326
11.053043 10.273679 -0.138326
10.427924 10.291816 -0.138326
9.907333 10.304795 -0.138326
9.074972 10.327746 -0.138326
7.205716 10.375622 -0.138326
7.024744 10.384764 -0.138326
6.842426 10.391575 -0.138326
6.660108 10.395694 -0.138326
6.479136 10.397482 -0.138326
5.936392 10.260395 -0.138326
5.744552 10.211263 -0.138326
5.660203 10.114789 -0.138326
5.584048 10.075652 -0.138326
5.461136 10.060726 -0.138326
4.989548 10.058733 -0.138326
1.179817 10.056758 -0.138326
0.865517 10.082624 -0.138326
0.000000 10.053844 -0.138326
-0.560394 9.921528 -0.138326
-1.163303 10.056758 -0.138326
-4.989456 10.058733 -0.138326
-5.461035 10.060726 -0.138326
-5.583945 10.075652 -0.138326
-5.660098 10.114789 -0.138326
-5.744445 10.211263 -0.138326
-5.936283 10.260395 -0.138326
-6.479016 10.397482 -0.138326
-6.659985 10.395694 -0.138326
-6.842299 10.391575 -0.138326
-7.024613 10.384764 -0.138326
-7.205582 10.375622 -0.138326
-9.074804 10.327746 -0.138326
-9.907150 10.304795 -0.138326
-10.427731 10.291816 -0.138326
-11.052838 10.273679 -0.138326
-11.868794 10.247708 -0.138326
-12.696666 10.214024 -0.138326
-12.947641 10.285719 -0.138326
-12.947641 10.285719 -0.101492
-12.947641 10.285719 0.108079
-12.947641 10.285719 0.138326
-12.696666 10.214024 0.138326
-11.868794 10.247708 0.138326
-11.052838 10.273679 0.138326
-10.427731 10.291816 0.138326
-9.907150 10.304795 0.138326
-9.074804 10.327746 0.138326
-7.205582 10.375622 0.138326
-7.024613 10.384764 0.138326
-6.842299 10.391575 0.138326
-6.659985 10.395694 0.138326
-6.479016 10.397482 0.138326
-5.936283 10.260395 0.138326
-5.744445 10.211263 0.138326
-5.660098 10.114789 0.138326
-5.583945 10.075652 0.138326
-5.461035 10.060726 0.138326
-4.989456 10.058733 0.138326
-1.163303 10.056758 0.138326
-0.560394 9.921528 0.138326
0.000000 9.314351 0.138326
0.850991 9.423645 0.138326
1.183592 9.332121 0.138326
4.788742 9.337652 0.138326
5.407500 9.350099 0.138326
5.639515 9.372318 0.138326
5.744210 9.410469 0.138326
5.888870 9.505136 0.138326
6.078368 9.551638 0.138326
6.612560 9.677329 0.138326
6.785835 9.682609 0.138326
6.962882 9.681357 0.138326
7.139928 9.672563 0.138326
7.313202 9.657235 0.138326
9.136614 9.628324 0.138326
9.948313 9.610885 0.138326
10.447018 9.606365 0.138326
11.045857 9.593783 0.138326
11.827986 9.570915 0.138326
12.609505 9.543728 0.138326
12.862303 9.617744 0.138326
12.862303 9.617744 0.108079
12.862303 9.617744 -0.101492
12.862303 9.617744 -0.138326
12.609505 9.543728 -0.138326
11.827986 9.570915 -0.138326
11.045857 9.593783 -0.138326
10.447018 9.606365 -0.138326
9.948313 9.610885 -0.138326
9.136614 9.628324 -0.138326
7.313202 9.657235 -0.138326
7.139928 9.672563 -0.138326
6.962882 9.681357 -0.138326
6.785835 9.682609 -0.138326
6.612560 9.677329 -0.138326
6.078368 9.551638 -0.138326
5.888870 9.505136 -0.138326
5.744210 9.410469 -0.138326
5.639515 9.372318 -0.138326
5.407500 9.350099 -0.138326
4.788742 9.337652 -0.138326
1.183592 9.332121 -0.138326
0.850991 9.423645 -0.138326
0.000000 9.314351 -0.138326
-0.912647 9.584630 -0.138326
-1.183570 9.510475 -0.138326
-4.788653 9.337652 -0.138326
-5.407400 9.350099 -0.138326
-5.639411 9.372318 -0.138326
-5.744103 9.410469 -0.138326
-5.888760 9.505136 -0.138326
-6.078256 9.551638 -0.138326
-6.612439 9.677329 -0.138326
-6.785709 9.682609 -0.138326
-6.962752 9.681357 -0.138326
-7.139795 9.672563 -0.138326
-7.313066 9.657235 -0.138326
-9.136445 9.628324 -0.138326
-9.948129 9.610885 -0.138326
-10.446824 9.606365 -0.138326
-11.045652 9.593783 -0.138326
-11.827767 9.570915 -0.138326
-12.609270 9.543728 -0.138326
-12.862064 9.617744 -0.138326
-12.862064 9.617744 -0.101492
-12.862064 9.617744 0.108079
-12.862064 9.617744 0.138326
-12.609270 9.543728 0.138326
-11.827767 9.570915 0.138326
-11.045652 9.593783 0.138326
-10.446824 9.606365 0.138326
-9.948129 9.610885 0.138326
-9.136445 9.628324 0.138326
-7.313066 9.657235 0.138326
-7.139795 9.672563 0.138326
-6.962752 9.681357 0.138326
-6.785709 9.682609 0.138326
-6.612439 9.677329 0.138326
-6.078256 9.551638 0.138326
-5.888760 9.505136 0.138326
-5.744103 9.410469 0.138326
-5.639411 9.372318 0.138326
-5.407400 9.350099 0.138326
-4.788653 9.337652 0.138326
-1.183570 9.510475 0.138326
-0.912647 9.584630 0.138326
1.192558 9.745090 0.138326
1.515331 9.721249 0.138326
4.896574 9.724870 0.138326
5.436302 9.731704 0.138326
5.609730 9.750006 0.138326
5.699099 9.788686 0.138326
5.811372 9.884324 0.138326
6.002127 9.932238 0.138326
6.540912 10.064049 0.138326
6.718320 10.065534 0.138326
6.898197 10.062742 0.138326
7.078074 10.055013 0.138326
7.255483 10.043007 0.138326
9.103512 10.003912 0.138326
9.926308 9.983513 0.138326
10.436764 9.974450 0.138326
11.049716 9.958885 0.138326
11.850018 9.934351 0.138326
12.656437 9.903675 0.138326
12.908257 9.976445 0.138326
12.908257 9.976445 0.108079
12.908257 9.976445 -0.101492
12.908257 9.976445 -0.138326
12.656437 9.903675 -0.138326
11.850018 9.934351 -0.138326
11.049716 9.958885 -0.138326
10.436764 9.974450 -0.138326
9.926308 9.983513 -0.138326
9.103512 10.003912 -0.138326
7.255483 10.043007 -0.138326
7.078074 10.055013 -0.138326
6.898197 10.062742 -0.138326
6.718320 10.065534 -0.138326
6.540912 10.064049 -0.138326
6.002127 9.932238 -0.138326
5.811372 9.884324 -0.138326
5.699099 9.788686 -0.138326
5.609730 9.750006 -0.138326
5.436302 9.731704 -0.138326
4.896574 9.724870 -0.138326
1.515331 9.721249 -0.138326
1.192558 9.745090 -0.138326
-0.849919 9.745090 -0.138326
-1.172687 9.721249 -0.138326
-4.896484 9.724870 -0.138326
-5.436202 9.731704 -0.138326
-5.609626 9.750006 -0.138326
-5.698993 9.788686 -0.138326
-5.811264 9.884324 -0.138326
-6.002017 9.932238 -0.138326
-6.540792 10.064049 -0.138326
-6.718195 10.065534 -0.138326
-6.898069 10.062742 -0.138326
-7.077943 10.055013 -0.138326
-7.255348 10.043007 -0.138326
-9.103344 10.003912 -0.138326
-9.926123 9.983513 -0.138326
-10.436571 9.974450 -0.138326
-11.049511 9.958885 -0.138326
-11.849798 9.934351 -0.138326
-12.656201 9.903675 -0.138326
-12.908019 9.976445 -0.138326
-12.908019 9.976445 -0.101492
-12.908019 9.976445 0.108079
-12.908019 9.976445 0.138326
-12.656201 9.903675 0.138326
-11.849798 9.934351 0.138326
-11.049511 9.958885 0.138326
-10.436571 9.974450 0.138326
-9.926123 9.983513 0.138326
-9.103344 10.003912 0.138326
-7.255348 10.043007 0.138326
-7.077943 10.055013 0.138326
-6.898069 10.062742 0.138326
-6.718195 10.065534 0.138326
-6.540792 10.064049 0.138326
-6.002017 9.932238 0.138326
-5.811264 9.884324 0.138326
-5.698993 9.788686 0.138326
-5.609626 9.750006 0.138326
-5.436202 9.731704 0.138326
-4.896484 9.724870 0.138326
-1.172687 9.721249 0.138326
-0.849919 9.745090 0.138326
-0.280197 10.009511 -0.138326
-0.423959 10.473027 -0.138326
-0.328363 10.621830 -0.138326
-0.265645 10.782638 -0.138326
-0.230761 10.905201 -0.138326
-0.204397 11.027764 -0.138326
-0.133246 11.205781 -0.138326
-0.133246 11.205781 -0.101492
-0.133246 11.205781 0.108079
-0.133246 11.205781 0.138326
-0.204397 11.027764 0.138326
-0.230761 10.905201 0.138326
-0.265645 10.782638 0.138326
-0.328363 10.621830 0.138326
-0.423959 10.473027 0.138326
-0.280197 10.009511 0.138326
0.432759 10.074949 -0.138326
0.423967 10.473027 -0.138326
0.328369 10.621830 -0.138326
0.265650 10.782638 -0.138326
0.230765 10.905201 -0.138326
0.204401 11.027764 -0.138326
0.133248 11.205781 -0.138326
0.133248 11.205781 -0.101492
0.133248 11.205781 0.108079
0.133248 11.205781 0.138326
0.204401 11.027764 0.138326
0.230765 10.905201 0.138326
0.265650 10.782638 0.138326
0.328369 10.621830 0.138326
0.423967 10.473027 0.138326
0.432759 10.074949 0.138326
0.425495 9.242315 0.138326
0.436678 1.039674 0.138326
0.438059 0.879050 0.138326
0.439440 0.718425 0.138326
0.442585 0.352654 0.138326
0.445580 0.008962 0.138326
0.445580 0.008962 0.108079
0.445580 0.008962 -0.101492
0.445580 0.008962 -0.138326
0.442585 0.352654 -0.138326
0.439440 0.718425 -0.138326
0.438059 0.879050 -0.138326
0.436678 1.039674 -0.138326
0.425495 9.242315 -0.138326
-0.561924 9.401878 0.138326
-0.436670 1.039674 0.138326
-0.438051 0.879050 0.138326
-0.439432 0.718425 0.138326
-0.442577 0.352654 0.138326
-0.445572 0.008962 0.138326
-0.445572 0.008962 0.108079
-0.445572 0.008962 -0.101492
-0.445572 0.008962 -0.138326
-0.442577 0.352654 -0.138326
-0.439432 0.718425 -0.138326
-0.438051 0.879050 -0.138326
-0.436670 1.039674 -0.138326
-0.561924 9.401878 -0.138326
1.124584 9.913857 0.138326
1.443121 9.889004 0.138326
4.943061 9.891801 0.138326
5.448719 9.896215 0.138326
5.596889 9.912829 0.138326
5.679651 9.951738 0.138326
5.777962 10.047794 0.138326
5.969259 10.096317 0.138326
6.510024 10.230765 0.138326
6.689214 10.230614 0.138326
6.870312 10.227159 0.138326
7.051409 10.219889 0.138326
7.230599 10.209314 0.138326
9.089242 10.165829 0.138326
9.916821 10.144154 0.138326
10.432344 10.133133 0.138326
11.051380 10.116282 0.138326
11.859516 10.091030 0.138326
12.676669 10.058850 0.138326
12.928069 10.131082 0.138326
12.928069 10.131082 0.108079
12.928069 10.131082 -0.101492
12.928069 10.131082 -0.138326
12.676669 10.058850 -0.138326
11.859516 10.091030 -0.138326
11.051380 10.116282 -0.138326
10.432344 10.133133 -0.138326
9.916821 10.144154 -0.138326
9.089242 10.165829 -0.138326
7.230599 10.209314 -0.138326
7.051409 10.219889 -0.138326
6.870312 10.227159 -0.138326
6.689214 10.230614 -0.138326
6.510024 10.230765 -0.138326
5.969259 10.096317 -0.138326
5.777962 10.047794 -0.138326
5.679651 9.951738 -0.138326
5.596889 9.912829 -0.138326
5.448719 9.896215 -0.138326
4.943061 9.891801 -0.138326
1.443121 9.889004 -0.138326
1.124584 9.913857 -0.138326
1.089693 9.571968 0.138326
1.417381 9.499824 0.138326
4.842658 9.531261 0.138326
5.421901 9.540901 0.138326
5.624622 9.561162 0.138326
5.721654 9.599578 0.138326
5.850121 9.694730 0.138326
6.040247 9.741938 0.138326
6.576736 9.870689 0.138326
6.752078 9.874071 0.138326
6.930539 9.872050 0.138326
7.109001 9.863788 0.138326
7.284342 9.850121 0.138326
9.120063 9.816118 0.138326
9.937310 9.797199 0.138326
10.441891 9.790408 0.138326
11.047787 9.776334 0.138326
11.839002 9.752633 0.138326
12.632971 9.723701 0.138326
12.885281 9.797095 0.138326
12.885281 9.797095 0.108079
12.885281 9.797095 -0.101492
12.885281 9.797095 -0.138326
12.632971 9.723701 -0.138326
11.839002 9.752633 -0.138326
11.047787 9.776334 -0.138326
10.441891 9.790408 -0.138326
9.937310 9.797199 -0.138326
9.120063 9.816118 -0.138326
7.284342 9.850121 -0.138326
7.109001 9.863788 -0.138326
6.930539 9.872050 -0.138326
6.752078 9.874071 -0.138326
6.576736 9.870689 -0.138326
6.040247 9.741938 -0.138326
5.850121 9.694730 -0.138326
5.721654 9.599578 -0.138326
5.624622 9.561162 -0.138326
5.421901 9.540901 -0.138326
4.842658 9.531261 -0.138326
1.417381 9.499824 -0.138326
1.089693 9.571968 -0.138326
-0.774564 9.473481 0.138327
-0.603711 1.047263 0.138327
-0.605620 0.886918 0.138327
-0.607529 0.726572 0.138327
-0.611877 0.361437 0.138327
-0.616018 0.013659 0.138327
-0.616018 0.013659 0.108079
-0.616018 0.013659 -0.101492
-0.616018 0.013659 -0.138326
-0.611877 0.361437 -0.138326
-0.607529 0.726572 -0.138326
-0.605620 0.886918 -0.138326
-0.603711 1.047263 -0.138326
-0.774564 9.473481 -0.138325
0.190995 9.241093 0.138326
0.196015 1.028740 0.138326
0.196634 0.867714 0.138326
0.197254 0.706687 0.138326
0.198666 0.340001 0.138326
0.200011 0.004908 0.138326
0.200011 0.004908 0.108079
0.200011 0.004908 -0.101492
0.200011 0.004908 -0.138326
0.198666 0.340001 -0.138326
0.197254 0.706687 -0.138326
0.196634 0.867714 -0.138326
0.196015 1.028740 -0.138326
0.190995 9.241093 -0.138326
0.627823 9.317128 0.138326
0.644323 1.049108 0.138326
0.646361 0.888831 0.138326
0.648398 0.728553 0.138326
0.653039 0.363572 0.138326
0.657458 0.015941 0.138326
0.657458 0.015941 0.108079
0.657458 0.015941 -0.101492
0.657458 0.015941 -0.138326
0.653039 0.363572 -0.138326
0.648398 0.728553 -0.138326
0.646361 0.888831 -0.138326
0.644323 1.049108 -0.138326
0.627823 9.317128 -0.138326
-0.236519 9.371334 0.138325
-0.136451 1.026034 0.138325
-0.136883 0.864908 0.138325
-0.137314 0.703782 0.138325
-0.138297 0.336869 0.138325
-0.139233 0.001560 0.138325
-0.139233 0.001560 0.108079
-0.139233 0.001560 -0.101492
-0.139233 0.001560 -0.138326
-0.138297 0.336869 -0.138326
-0.137314 0.703782 -0.138326
-0.136883 0.864908 -0.138326
-0.136451 1.026034 -0.138326
-0.236519 9.371334 -0.138327
0.627823 9.317128 0.131115
0.850991 9.423645 0.131115
1.089693 9.571968 0.131115
1.192558 9.745090 0.131115
1.124584 9.913857 0.131115
0.865517 10.082624 0.131115
0.432759 10.074949 0.131115
0.000000 10.053844 0.131115
-0.280197 10.009511 0.131115
-0.560394 9.921528 0.131115
-0.849919 9.745090 0.131115
-0.912647 9.584630 0.131115
-0.774564 9.473481 0.131116
-0.561924 9.401878 0.131115
-0.236519 9.371334 0.131114
0.000000 9.314351 0.131115
0.190995 9.241093 0.131115
0.425495 9.242315 0.131115
0.627823 9.317128 -0.119117
0.850991 9.423645 -0.119117
1.089693 9.571968 -0.119117
1.192558 9.745090 -0.119117
1.124584 9.913857 -0.119117
0.865517 10.082624 -0.119117
0.432759 10.074949 -0.119117
0.000000 10.053844 -0.119117
-0.280197 10.009511 -0.119117
-0.560394 9.921528 -0.119117
-0.849919 9.745090 -0.119117
-0.912647 9.584630 -0.119117
-0.774564 9.473481 -0.119116
-0.561924 9.401878 -0.119117
-0.236519 9.371334 -0.119118
0.000000 9.314351 -0.119117
0.190995 9.241093 -0.119117
0.425495 9.242315 -0.119117
-8.331078 1.613419 -0.138326
-8.213922 1.582101 -0.138326
-8.128090 1.496527 -0.138326
-7.691046 1.500291 -0.138326
-7.528149 1.483665 -0.138326
-6.698390 1.409528 -0.138326
-6.269492 1.382583 -0.138326
-4.798105 1.277510 -0.138326
-2.507572 1.146316 -0.138326
-1.413805 1.100651 -0.138326
-0.873400 1.072569 -0.138326
-0.603972 1.060166 -0.138326
-0.436862 1.052480 -0.138326
-0.136604 1.038815 -0.138326
0.000000 1.032537 -0.138326
0.196007 1.041316 -0.138326
0.436661 1.052236 -0.138326
0.644298 1.061769 -0.138326
0.873322 1.072322 -0.138326
1.413831 1.100377 -0.138326
2.507618 1.146316 -0.138326
4.798194 1.277510 -0.138326
6.269608 1.382583 -0.138326
6.698514 1.409528 -0.138326
7.528288 1.483665 -0.138326
7.691188 1.500291 -0.138326
8.128242 1.496527 -0.138326
8.214073 1.582101 -0.138326
8.331232 1.613419 -0.138326
8.448391 1.582086 -0.138326
8.534225 1.496496 -0.138326
9.836855 1.683030 -0.138326
10.413828 1.728205 -0.138326
10.663919 1.819768 -0.138326
10.964230 1.870304 -0.138326
11.361918 1.882665 -0.138326
11.616693 1.929282 -0.138326
11.890153 2.029676 -0.138326
11.890153 2.029676 -0.101492
11.890153 2.029676 0.108079
11.890153 2.029676 0.138326
11.616693 1.929282 0.138326
11.361918 1.882665 0.138326
10.964230 1.870304 0.138326
10.663919 1.819768 0.138326
10.413828 1.728205 0.138326
9.836855 1.683030 0.138326
8.534225 1.496496 0.138326
8.448391 1.582086 0.138326
8.331232 1.613419 0.138326
8.214073 1.582101 0.138326
8.128242 1.496527 0.138326
7.691188 1.500291 0.138326
7.528288 1.483665 0.138326
6.698514 1.409528 0.138326
6.269608 1.382583 0.138326
4.798194 1.277510 0.138326
2.507618 1.146316 0.138326
1.413831 1.100377 0.138326
0.873322 1.072322 0.138326
0.644298 1.061769 0.138326
0.436661 1.052236 0.138326
0.196007 1.041316 0.138326
0.000000 1.032537 0.138326
-0.136604 1.038815 0.138325
-0.436862 1.052480 0.138326
-0.603972 1.060166 0.138327
-0.873400 1.072569 0.138326
-1.413805 1.100651 0.138326
-2.507572 1.146316 0.138326
-4.798105 1.277510 0.138326
-6.269492 1.382583 0.138326
-6.698390 1.409528 0.138326
-7.528149 1.483665 0.138326
-7.691046 1.500291 0.138326
-8.128090 1.496527 0.138326
-8.213922 1.582101 0.138326
-8.331078 1.613419 0.138326
-8.448235 1.582086 0.138326
-8.534066 1.496496 0.138326
-9.836672 1.683030 0.138326
-10.413636 1.728205 0.138326
-10.663723 1.819768 0.138326
-10.964025 1.870304 0.138326
-11.361707 1.882665 0.138326
-11.616480 1.929282 0.138326
-11.889933 2.029676 0.138326
-11.889933 2.029676 0.108079
-11.889933 2.029676 -0.101492
-11.889933 2.029676 -0.138326
-11.616480 1.929282 -0.138326
-11.361707 1.882665 -0.138326
-10.964025 1.870304 -0.138326
-10.663723 1.819768 -0.138326
-10.413636 1.728205 -0.138326
-9.836672 1.683030 -0.138326
-8.534066 1.496496 -0.138326
-8.448235 1.582086 -0.138326
-8.333737 1.126325 0.138326
-8.450757 1.157078 0.138326
-8.537142 1.240892 0.138326
-9.862566 1.359555 0.138326
-10.429059 1.409609 0.138326
-10.429059 1.409609 0.108079
-10.429059 1.409609 -0.101492
-10.429059 1.409609 -0.138326
-9.862566 1.359555 -0.138326
-8.537142 1.240892 -0.138326
-8.450757 1.157078 -0.138326
-8.333737 1.126325 -0.138326
-8.216717 1.156840 -0.138326
-8.130333 1.240417 -0.138326
-7.741595 1.157166 -0.138326
-7.595931 1.151276 -0.138326
-6.752154 1.077621 -0.138326
-6.316057 1.050925 -0.138326
-4.774278 0.943491 -0.138326
-2.413258 0.807636 -0.138326
-1.412929 0.759611 -0.138326
-0.879011 0.731216 -0.138326
-0.607631 0.718041 -0.138326
-0.439505 0.709879 -0.138326
-0.137337 0.695210 -0.138326
0.000000 0.688542 -0.138326
0.197287 0.698120 -0.138326
0.439514 0.709879 -0.138326
0.648507 0.720025 -0.138326
0.879027 0.731216 -0.138326
1.412955 0.759611 -0.138326
2.413303 0.807636 -0.138326
4.774366 0.943491 -0.138326
6.316173 1.050925 -0.138326
6.752280 1.077621 -0.138326
7.596071 1.151276 -0.138326
7.741738 1.157166 -0.138326
8.130484 1.240417 -0.138326
8.216869 1.156840 -0.138326
8.333892 1.126325 -0.138326
8.450913 1.157078 -0.138326
8.537299 1.240892 -0.138326
9.862749 1.359555 -0.138326
10.429252 1.409609 -0.138326
10.429252 1.409609 -0.101492
10.429252 1.409609 0.108079
10.429252 1.409609 0.138326
9.862749 1.359555 0.138326
8.537299 1.240892 0.138326
8.450913 1.157078 0.138326
8.333892 1.126325 0.138326
8.216869 1.156840 0.138326
8.130484 1.240417 0.138326
7.741738 1.157166 0.138326
7.596071 1.151276 0.138326
6.752280 1.077621 0.138326
6.316173 1.050925 0.138326
4.774366 0.943491 0.138326
2.413303 0.807636 0.138326
1.412955 0.759611 0.138326
0.879027 0.731216 0.138326
0.648507 0.720025 0.138326
0.439514 0.709879 0.138326
0.197287 0.698120 0.138326
0.000000 0.688542 0.138326
-0.137337 0.695210 0.138325
-0.439505 0.709879 0.138326
-0.607631 0.718041 0.138327
-0.879011 0.731216 0.138326
-1.412929 0.759611 0.138326
-2.413258 0.807636 0.138326
-4.774278 0.943491 0.138326
-6.316057 1.050925 0.138326
-6.752154 1.077621 0.138326
-7.595931 1.151276 0.138326
-7.741595 1.157166 0.138326
-8.130333 1.240417 0.138326
-8.216717 1.156840 0.138326
-8.574552 1.367781 0.138326
-8.543437 1.250528 0.138326
-8.544620 1.241562 0.138326
-8.594044 0.866759 0.138326
-8.567010 0.554384 0.138326
-8.567010 0.554384 0.108079
-8.567010 0.554384 -0.101492
-8.567010 0.554384 -0.138326
-8.594044 0.866759 -0.138326
-8.544620 1.241562 -0.138326
-8.543437 1.250528 -0.138326
-8.574552 1.367781 -0.138326
-8.543283 1.485034 -0.138326
-8.541415 1.497548 -0.138326
-7.323354 9.657072 -0.138326
-7.265774 10.042786 -0.138326
-7.216128 10.375352 -0.138326
-7.156625 10.773947 -0.138326
-7.155664 10.994964 -0.138326
-7.155001 11.147371 -0.138326
-7.155001 11.147371 -0.101492
-7.155001 11.147371 0.108079
-7.155001 11.147371 0.138326
-7.155664 10.994964 0.138326
-7.156625 10.773947 0.138326
-7.216128 10.375352 0.138326
-7.265774 10.042786 0.138326
-7.323354 9.657072 0.138326
-8.541415 1.497548 0.138326
-8.543283 1.485034 0.138326
-8.092395 1.366247 0.138326
-8.123949 1.248447 0.138326
-8.123886 1.239036 0.138326
-8.121265 0.845624 0.138326
-8.143161 0.520860 0.138326
-8.143161 0.520859 0.108079
-8.143161 0.520860 -0.101492
-8.143161 0.520860 -0.138326
-8.121265 0.845624 -0.138326
-8.123886 1.239036 -0.138326
-8.123949 1.248447 -0.138326
-8.092395 1.366247 -0.138326
-8.123170 1.484045 -0.138326
-8.120842 1.496589 -0.138326
-6.603580 9.675244 -0.138326
-6.531857 10.061863 -0.138326
-6.470016 10.395208 -0.138326
-6.395898 10.794738 -0.138326
-6.406773 11.017115 -0.138326
-6.414274 11.170460 -0.138326
-6.414274 11.170460 -0.101493
-6.414274 11.170460 0.108079
-6.414274 11.170460 0.138326
-6.406773 11.017115 0.138326
-6.395898 10.794738 0.138326
-6.470016 10.395208 0.138326
-6.531857 10.061863 0.138326
-6.603580 9.675244 0.138326
-8.120842 1.496589 0.138326
-8.123170 1.484045 0.138326
8.577945 1.368168 0.138326
8.546721 1.485505 0.138326
8.544855 1.498018 0.138326
7.328083 9.656999 0.138326
7.299323 9.849844 0.138326
7.270564 10.042688 0.138326
7.245768 10.208960 0.138326
7.220971 10.375231 0.138326
7.161531 10.773800 0.138326
7.160495 10.994818 0.138326
7.159781 11.147226 0.138326
7.159781 11.147226 0.108079
7.159781 11.147226 -0.101492
7.159781 11.147226 -0.138326
7.160495 10.994818 -0.138326
7.161531 10.773800 -0.138326
7.220971 10.375231 -0.138326
7.245768 10.208960 -0.138326
7.270564 10.042688 -0.138326
7.299323 9.849844 -0.138326
7.328083 9.656999 -0.138326
8.544855 1.498018 -0.138326
8.546721 1.485505 -0.138326
8.577945 1.368168 -0.138326
8.546943 1.250831 -0.138326
8.548116 1.241860 -0.138326
8.597168 0.866890 -0.138326
8.569829 0.554592 -0.138326
8.569829 0.554592 -0.101492
8.569829 0.554592 0.108079
8.569829 0.554592 0.138326
8.597168 0.866890 0.138326
8.548116 1.241860 0.138326
8.546943 1.250831 0.138326
8.092320 1.366224 0.138326
8.123075 1.484047 0.138326
8.120749 1.496591 0.138326
6.603403 9.675174 0.138326
6.567539 9.868481 0.138326
6.531675 10.061789 0.138326
6.500753 10.228460 0.138326
6.469831 10.395131 0.138326
6.395709 10.794657 0.138326
6.406590 11.017088 0.138326
6.414093 11.170469 0.138326
6.414093 11.170469 0.108079
6.414093 11.170469 -0.101492
6.414093 11.170469 -0.138326
6.406590 11.017088 -0.138326
6.395709 10.794657 -0.138326
6.469831 10.395131 -0.138326
6.500753 10.228460 -0.138326
6.531675 10.061789 -0.138326
6.567539 9.868481 -0.138326
6.603403 9.675174 -0.138326
8.120749 1.496591 -0.138326
8.123075 1.484047 -0.138326
8.092320 1.366224 -0.138326
8.123881 1.248401 -0.138326
8.123819 1.238990 -0.138326
8.121224 0.845608 -0.138326
8.143140 0.520838 -0.138326
8.143140 0.520838 -0.101492
8.143141 0.520837 0.108079
8.143140 0.520838 0.138326
8.121224 0.845608 0.138326
8.123819 1.238990 0.138326
8.123881 1.248401 0.138326
