4.940009 9.702131 -1.079444
4.940011 9.710846 1.080598
2.591555 13.054512 0.717842
3.569500 15.665796 0.941910
3.569500 15.665793 -0.940750
2.764514 15.671536 -2.680102
1.980499 13.052641 -2.042011
3.949930 9.712079 -3.073093
4.199134 16.392455 1.080186
4.199135 16.392453 -1.079026
3.278192 16.394077 -3.073877
4.548894 16.442650 1.145439
4.548895 16.442650 -1.144280
3.576427 16.444040 -3.259703
4.645401 16.131976 1.151655
4.645401 16.131975 -1.150494
3.672154 16.137312 -3.277401
4.127403 15.489700 1.036684
4.127403 15.489700 -1.035523
3.249608 15.499092 -2.949992
3.443114 13.965999 0.878210
3.443116 13.956912 -0.877051
2.698656 13.969038 -2.498701
3.522796 12.066259 0.852129
3.522796 12.031897 -0.850972
2.803247 12.029675 -2.427478
4.346706 11.095355 0.971917
4.347287 11.043496 -1.001160
3.523576 11.015720 -2.815413
6.029926 10.593954 1.280899
6.030507 10.562009 -1.310140
4.959198 10.543023 -3.695159
7.617782 9.960411 1.595087
7.617782 9.953548 -1.593927
6.300335 9.977138 -4.541909
8.452036 9.324038 1.768623
8.452036 9.322536 -1.767463
6.992039 9.380280 -5.029930
8.983192 8.560609 1.885110
8.983192 8.560609 -1.883951
7.441797 8.632473 -5.359958
9.154007 7.789931 -1.934009
9.154007 7.789931 1.935166
9.067153 6.979308 1.928108
9.067153 6.979309 -1.926952
7.505781 7.039511 -5.490498
7.592185 7.860152 -5.505785
8.828034 6.086601 1.881657
8.828034 6.086602 -1.880501
7.277383 6.139050 -5.361196
8.162621 4.877814 -1.755649
8.162621 4.877813 1.756804
6.871210 3.443829 1.530945
6.871211 3.443829 -1.529791
5.667949 3.469339 -4.356450
6.720299 4.918013 -5.005014
5.445881 2.208178 -1.279316
5.445910 2.208179 1.283870
4.018465 1.199182 1.017356
4.018436 1.199181 -1.012800
3.234791 1.201100 -2.885807
4.463513 2.219811 -3.642384
2.396616 0.440569 -0.696494
2.396616 0.440569 0.697648
0.637116 0.067014 0.346596
0.637117 0.067015 -0.345441
0.371791 0.067026 -0.984799
1.860712 0.440818 -1.984512
0.371793 0.067026 0.985957
-0.118433 0.067043 1.475302
-0.758865 0.067059 1.740135
-1.451925 0.067069 1.740136
-2.092065 0.067068 1.475305
-2.581882 0.067060 0.985960
-2.846917 0.067052 0.346599
-2.846917 0.067052 -0.345438
-2.581884 0.067059 -0.984798
-2.092068 0.067068 -1.474144
-1.451927 0.067069 -1.738976
-0.758868 0.067059 -1.738977
-0.118436 0.067043 -1.474145
1.262747 15.677994 -4.011344
0.844331 13.058904 -3.056373
2.150067 9.718585 -4.557386
1.557155 16.396053 -4.600670
1.755008 16.445808 -4.878780
1.845095 16.144060 -4.905266
1.604124 15.510399 -4.415265
1.307612 13.982503 -3.739860
1.450644 12.032108 -3.635112
1.929870 10.998363 -4.198958
2.836203 10.540379 -5.480443
3.739491 10.024304 -6.721268
4.246748 9.466928 -7.433820
4.569344 8.737703 -7.916663
4.609287 7.132102 -8.112281
4.678246 7.965046 -8.132095
4.431727 6.219634 -7.924330
3.316619 3.502801 -6.446893
4.023790 4.977065 -7.401660
1.781643 1.203008 -4.301822
2.564699 2.232936 -5.402832
0.870468 0.441168 -2.969107
-0.704075 15.677116 -4.731807
-0.641606 13.053242 -3.605342
-0.070133 9.701881 -5.383821
-0.698394 16.396268 -5.426965
-0.636187 16.446222 -5.755017
-0.558723 16.145486 -5.786261
-0.559539 15.511229 -5.208265
-0.518371 13.980141 -4.411570
-0.309061 12.032468 -4.290069
-0.093293 11.004816 -4.960751
0.188671 10.558348 -6.477942
0.511717 10.059695 -7.947270
0.722556 9.513979 -8.793433
0.855564 8.792850 -9.363416
0.890432 7.185813 -9.587245
0.909428 8.022502 -9.613937
0.821521 6.266459 -9.364462
0.403652 3.518036 -7.617623
0.662172 5.009448 -8.747387
-0.112447 1.203087 -5.076649
0.150301 2.236826 -6.380228
-0.423057 0.441361 -3.502622
-2.799912 15.662276 -4.731808
-2.231168 13.027148 -3.605342
-2.448831 9.648308 -5.434022
-3.096986 16.392860 -5.426966
-3.177952 16.443668 -5.755017
-3.115904 16.135423 -5.786261
-2.865168 15.490793 -5.208265
-2.469400 13.947961 -4.411570
-2.195345 11.993468 -4.293029
-2.266854 10.957855 -4.979777
-2.657627 10.494324 -6.542203
-2.969893 9.980758 -8.046420
-3.097178 9.425937 -8.898241
-3.179489 8.700594 -9.472878
-3.151978 7.109925 -9.694704
-3.189269 7.934836 -9.724442
-3.095975 6.203071 -9.467804
-2.737831 3.490888 -7.703074
-2.973178 4.963404 -8.846190
-2.158383 1.200336 -5.094762
-2.454202 2.224343 -6.434554
-1.822237 0.441170 -3.503836
-4.740995 15.633736 -4.011345
-3.735992 12.982301 -3.056373
-4.706472 9.562698 -4.682648
-5.221837 16.385736 -4.600672
-5.422325 16.437956 -4.878780
-5.371194 16.113225 -4.905267
-4.982211 15.448680 -4.415266
-4.360896 13.886726 -3.739861
-3.997633 11.919070 -3.646175
-4.255257 10.863395 -4.256510
-5.210809 10.334782 -5.656540
-6.088186 9.754393 -6.981969
-6.507484 9.168313 -7.697902
-6.772280 8.426578 -8.182109
-6.785755 6.871255 -8.361436
-6.847016 7.666119 -8.392542
-6.657575 6.004490 -8.162796
-5.687374 3.411844 -6.638400
-6.341285 4.822107 -7.634113
-4.043554 1.194025 -4.323272
-4.876526 2.191151 -5.499422
-3.113510 0.440558 -2.970320
-6.175580 15.601070 -2.680104
-4.868094 12.933145 -2.042011
-6.565084 9.471753 -3.148924
-6.758033 16.377341 -3.073879
-7.036104 16.431065 -3.259705
-6.988200 16.086565 -3.277402
-6.530985 15.399261 -2.949994
-5.782996 13.816939 -2.498704
-5.393335 11.866148 -2.437845
-6.005528 10.834613 -2.859644
-7.532187 10.226768 -3.822491
-8.668661 9.505043 -4.737578
-9.141312 8.825191 -5.230653
-9.500148 8.054365 -5.542776
-9.596191 6.548973 -5.627693
-9.629875 7.305596 -5.663476
-9.478403 5.726702 -5.484756
-8.200002 3.295139 -4.446516
-9.104951 4.616460 -5.124635
-5.536393 1.187958 -2.886324
-6.913728 2.145213 -3.673106
-4.101334 0.439771 -1.984510
-6.880522 15.579147 -0.940751
-5.423734 12.900801 -0.716683
-7.688190 9.412794 -1.080214
-7.548274 16.371629 -1.079027
-7.861749 16.426332 -1.144280
-7.812919 16.068277 -1.150494
-7.287856 15.365717 -1.035524
-6.444272 13.770197 -0.877052
-6.103169 11.842046 -0.853236
-7.102148 10.841753 -0.996733
-9.094035 10.178848 -1.315501
-10.333278 9.338329 -1.628043
-10.767831 8.571699 -1.808910
-11.158547 7.780267 -1.910785
-11.312453 6.317600 -1.922447
-11.313966 7.045229 -1.941757
-11.224895 5.525736 -1.868936
-9.882302 3.206647 -1.513800
-10.843719 4.464614 -1.741618
-6.563428 1.184046 -1.009976
-8.401115 2.110149 -1.267771
-4.665604 0.439217 -0.696489
-6.880522 15.579149 0.941909
-5.423734 12.900803 0.717841
-7.688028 9.412796 1.081563
-7.548274 16.371632 1.080184
-7.861749 16.426332 1.145439
-7.812919 16.068277 1.151653
-7.287856 15.365717 1.036683
-6.444272 13.770197 0.878211
-6.103169 11.842047 0.854395
-7.101606 10.841753 0.998640
-9.093307 10.178848 1.317616
-10.383690 9.349991 1.628145
-10.817627 8.583360 1.809851
-11.157322 7.780267 1.913527
-11.312384 6.317600 1.923677
-11.313472 7.045230 1.943521
-11.224895 5.525736 1.870098
-9.882096 3.206648 1.515249
-10.843633 4.464614 1.742898
-6.562975 1.184047 1.014540
-8.400541 2.110150 1.272501
-4.665604 0.439219 0.697653
-6.175580 15.601070 2.681260
-4.868094 12.933145 2.043169
-6.549741 9.471757 3.170586
-6.758033 16.377345 3.075036
-7.036102 16.431070 3.260864
-6.988203 16.086566 3.278561
-6.530986 15.399263 2.951151
-5.782996 13.816940 2.499861
-5.392226 11.866149 2.440720
-5.998427 10.834613 2.871302
-7.510515 10.226769 3.852952
-8.684467 9.516704 4.778304
-9.157838 8.836854 5.272219
-9.470599 8.054366 5.586143
-9.567798 6.548973 5.669549
-9.601056 7.305597 5.705866
-9.450075 5.726702 5.526543
-8.177344 3.295140 4.480173
-9.076543 4.616460 5.166540
-5.535365 1.187959 2.891808
-6.904288 2.145214 3.690652
-4.101332 0.439773 1.985674
-4.740995 15.633736 4.012503
-3.735992 12.990869 3.057532
-4.690126 9.571281 4.706468
-5.221837 16.385739 4.601831
-5.422325 16.437958 4.879940
-5.371194 16.113226 4.906425
-4.982212 15.448680 4.416422
-4.360895 13.893703 3.741018
-3.996523 11.950404 3.649050
-4.248002 10.913880 4.268570
-5.186737 10.367490 5.690905
-6.050103 9.763187 7.029574
-6.472733 9.170521 7.742550
-6.743240 8.426579 8.225043
-6.756956 6.871257 8.403901
-6.818225 7.666120 8.434993
-6.628610 6.004491 8.205494
-5.663226 3.411845 6.674191
-6.311497 4.822108 7.677993
-4.042974 1.194026 4.328754
-4.867074 2.191152 5.517630
-3.113506 0.440561 2.971482
-2.799915 15.662277 4.732967
-2.231169 13.054373 3.606501
-2.447665 9.713830 5.437409
-3.096989 16.392859 5.428125
-3.177954 16.443666 5.756176
-3.115907 16.135422 5.787418
-2.865170 15.490793 5.209422
-2.469400 13.977582 4.412728
-2.195343 12.105190 4.294188
-2.266159 11.156208 4.982034
-2.654500 10.709511 6.547988
-2.966417 10.143501 8.053149
-3.095699 9.520853 8.902190
-3.178773 8.745514 9.475185
-3.151503 7.113220 9.696540
-3.188803 7.951940 9.726265
-3.095335 6.203073 9.469872
-2.736136 3.490889 7.713469
-2.971714 4.963405 8.849303
-2.158377 1.200336 5.103196
-2.453616 2.224345 6.450768
-1.822234 0.441170 3.504996
-0.704079 15.677116 4.732967
-0.641607 13.090479 3.606501
-0.070132 9.817863 5.382242
-0.698399 16.396265 5.428123
-0.636192 16.446222 5.756176
-0.558725 16.145488 5.787419
-0.559542 15.511230 5.209423
-0.518373 14.025153 4.412727
-0.309061 12.195724 4.291029
-0.093293 11.305186 4.960619
0.188671 10.926987 6.475212
0.511718 10.370663 7.942948
0.722558 9.700989 8.789290
0.855566 8.883247 9.359339
0.890433 7.192569 9.583168
0.909430 8.057100 9.609858
0.821521 6.266460 9.360382
0.403653 3.518037 7.638632
0.662172 5.009447 8.743172
-0.112444 1.203087 5.103603
0.150302 2.236827 6.428573
-0.423054 0.441361 3.504995
1.262745 15.677994 4.012503
0.844331 13.093259 3.057532
2.150082 9.833411 4.555770
1.557153 16.396053 4.601830
1.755007 16.445808 4.879939
1.845094 16.144060 4.906426
1.604123 15.510402 4.416424
1.307611 14.025214 3.741017
1.450644 12.192151 3.636071
1.929872 11.295729 4.198757
2.836231 10.904971 5.477553
3.739524 10.331944 6.716821
4.246757 9.652370 7.429630
4.569345 8.827662 7.912574
4.609286 7.138990 8.108195
4.678245 7.999531 8.128015
4.431728 6.219633 7.920226
3.316485 3.502801 6.465604
4.023804 4.977065 7.397396
1.781646 1.203009 4.327665
2.564552 2.232936 5.447799
0.870472 0.441169 2.971478
2.764512 15.671536 2.681261
1.980499 13.077132 2.043169
3.949945 9.776579 3.074090
3.278191 16.394078 3.075037
3.576426 16.444038 3.260864
3.672154 16.137312 3.278562
3.249608 15.499095 2.951153
2.698654 13.998470 2.499860
2.803246 12.141213 2.428635
3.522998 11.212445 2.806314
4.958644 10.753402 3.685791
6.300368 10.134622 4.542694
6.992047 9.472922 5.030974
7.441797 8.676955 5.361103
7.505780 7.042936 5.491648
7.592184 7.877142 5.506940
7.277384 6.139048 5.362327
5.667815 3.469340 4.362121
6.720313 4.918011 5.005983
3.234821 1.201102 2.893131
4.463394 2.219812 3.654389
1.860714 0.440820 1.985670
4.069595 5.351484 -3.139375
5.080540 5.341308 -1.100104
5.080542 5.341311 1.109321
2.231045 5.358139 -4.658586
-0.039691 5.341054 -5.503919
-2.472616 5.286255 -5.554120
-4.779465 5.198687 -4.783848
-6.711827 5.111069 -3.229750
-7.910956 5.055927 -1.114470
-7.873849 5.050524 1.111233
-6.659543 5.105666 3.244931
-4.763118 5.198701 4.815732
-2.471449 5.324552 5.565570
-0.039689 5.419801 5.510403
2.231060 5.438607 4.665034
4.069611 5.391495 3.148436
1.205314 2.284620 -1.740089
0.114057 2.287847 -2.926826
-2.548503 2.226218 -2.926825
-3.681794 2.179065 -1.753684
-1.254102 2.238945 0.009589
1.205315 2.284621 1.757372
5.183047 10.478400 0.020641
4.475644 10.452135 0.048798
4.599006 10.675556 -1.602704
4.725041 10.956905 -0.007516
4.601680 10.733483 1.643987
3.873445 11.250040 -1.543444
4.263522 11.635870 -0.007516
3.873869 11.321803 1.556569
3.586882 12.117328 -1.484183
4.015572 12.526266 -1.484183
4.193674 12.244827 -0.007516
4.015209 12.558616 1.469152
3.586648 12.167242 1.469152
4.314789 13.350873 -1.484183
4.584119 13.064001 -1.484183
4.537602 12.672201 -0.007516
5.135367 13.421553 1.469152
4.561583 13.523468 1.469152
4.194017 13.194446 1.469152
5.241611 13.755521 -1.484183
6.010872 13.314259 -1.484183
5.663554 12.879546 -0.007516
6.010692 13.317471 1.469152
6.682481 13.699284 -1.484183
7.218660 13.529018 -1.484183
8.259899 13.118048 -1.484183
7.375429 12.825249 -0.007516
8.259899 13.118047 1.469152
7.218660 13.529018 1.469152
6.682481 13.699283 1.469152
9.702081 12.651453 -1.484183
8.955061 12.543565 -0.007516
9.702081 12.651453 1.469152
10.305872 12.235242 -1.484183
9.997188 12.165516 -0.007516
10.305872 12.235241 1.469152
10.938168 12.106916 -1.484183
10.986794 11.309343 -1.484184
10.501254 11.498370 -0.007516
10.986794 11.309342 1.469151
10.938168 12.106915 1.469152
10.890430 10.397577 -1.484184
10.523492 10.608844 -0.007516
10.890428 10.397577 1.469151
10.679161 9.378329 -1.484184
9.574581 9.207999 -1.590590
9.589407 9.704652 -0.007516
9.574581 9.207999 1.556383
10.679163 9.378329 1.469151
8.855466 9.008017 -0.026691
9.401590 8.419833 -1.767935
8.996307 8.098722 -1.767935
8.951830 8.229681 -0.026691
8.996307 8.098722 1.701770
9.401590 8.419833 1.701770
9.040784 7.747853 -0.026691
9.648708 8.229520 -0.026691
10.656921 8.748249 -0.007516
11.086864 9.432689 -1.484184
11.185695 9.383273 -1.484184
11.416725 9.344975 -1.484184
11.353716 9.044758 -0.007516
11.416725 9.344973 1.469151
11.185695 9.383273 1.469151
11.086864 9.432688 1.469151
11.620574 9.415395 -0.007516
11.479733 9.645189 -0.007516
11.227699 9.637777 -0.007516
11.079453 9.711900 -0.007516
11.257365 10.186310 -0.007516
11.472334 11.120314 -0.007516
11.249335 12.040093 -0.007516
10.982200 12.381892 -0.007516
10.449102 12.759341 -0.007516
9.144370 13.410846 -0.007516
7.575814 13.832718 -0.007516
6.771545 14.088116 -0.007516
5.733378 14.160875 -0.007516
4.703061 13.971967 -1.484183
4.716261 14.024117 -0.007516
4.164913 13.526329 -0.007516
3.443854 12.643365 -0.007516
3.276668 11.724369 -0.007516
3.483792 10.935973 0.020641
-4.449112 2.139999 1.225815
-3.167456 2.200624 2.211191
0.114058 2.287847 2.944110
2.670518 13.046864 0.000579
2.908288 11.190150 -0.744281
3.106421 14.720528 -0.835793
2.359826 13.048622 -1.406647
3.673238 15.664906 0.000580
3.945502 16.137724 -1.024259
3.264517 15.668117 -1.846253
4.317645 16.392209 0.000580
4.388772 16.519215 -1.118178
3.850389 16.393105 -2.117541
4.673826 16.442444 0.000579
4.688758 16.337213 -1.165658
4.180848 16.443202 -2.245565
4.770233 16.131180 0.000580
4.485498 15.864034 -1.112429
4.277258 16.134103 -2.257758
4.240129 15.488277 0.000581
3.727736 14.892737 -0.947741
3.795229 15.493471 -2.032192
3.538967 13.957301 0.000579
3.349487 12.923030 -0.839459
3.161149 13.961826 -1.721279
3.609408 12.038842 0.000578
3.846450 11.264230 -0.893282
3.256298 12.032987 -1.670873
4.424756 11.055184 -0.017155
5.026948 10.838802 -1.135467
4.063745 11.037828 -1.945459
6.108778 10.566376 -0.017154
7.010081 10.253473 -1.478515
5.684264 10.560882 -2.551621
7.726679 9.948196 0.000581
8.037228 9.647987 -1.681776
7.179523 9.966515 -3.128176
8.599034 9.313873 0.000580
8.791068 8.964358 -1.838888
7.940038 9.346012 -3.467102
9.319324 7.780665 0.000579
9.085230 8.154674 -1.912406
9.158367 7.415203 -1.941333
8.598235 7.816753 -3.794246
9.232597 6.971226 0.000578
8.937872 6.522893 -1.902722
8.511365 7.002442 -3.781603
8.299685 4.872242 0.000577
8.611623 5.571292 -1.838679
7.557121 4.128038 -1.647367
7.664977 4.893435 -3.446103
5.541837 2.206281 0.002276
6.151821 2.809203 -1.406060
4.739412 1.663816 -1.148561
5.104340 2.212984 -2.510879
2.466249 0.440533 0.000577
3.248866 0.797141 -0.864591
1.509946 0.180260 -0.519709
2.193008 0.440667 -1.367033
0.446498 0.057085 0.000578
0.328449 0.057090 -0.591785
2.258260 11.197070 -2.120107
2.391100 14.727794 -2.381210
1.469893 13.056514 -2.599634
3.070344 16.141188 -2.917915
2.090316 15.675133 -3.411923
3.435492 16.519458 -3.185373
2.505971 16.395137 -3.913198
3.701162 16.340085 -3.320584
2.759769 16.444969 -4.149755
3.544693 15.871664 -3.169003
2.853597 16.140872 -4.172284
2.922422 14.903563 -2.700012
2.512066 15.505194 -3.755494
2.638775 12.932187 -2.392408
2.074516 13.976585 -3.181001
3.093257 11.246871 -2.547344
2.191932 12.027525 -3.091864
4.104323 10.808241 -3.176441
2.790909 10.996218 -3.577689
5.790452 10.254510 -4.205628
3.971210 10.529250 -4.688763
6.647861 9.692022 -4.788507
5.110299 9.993655 -5.763485
7.275732 9.030800 -5.231855
5.722718 9.421774 -6.378114
7.533020 8.228017 -5.442011
7.592152 7.480206 -5.529280
6.248106 7.912218 -6.980957
7.383910 6.578860 -5.423212
6.166415 7.084677 -6.963952
7.088685 5.619095 -5.242460
6.228097 4.160020 -4.694472
5.462074 4.947303 -6.350745
5.069781 2.828444 -4.002052
3.851174 1.668883 -3.272088
3.593575 2.227011 -4.623235
2.582069 0.797926 -2.463347
1.110645 0.180333 -1.481073
1.414832 0.440994 -2.526136
-0.007715 0.057104 -1.093966
1.061182 11.202044 -3.162722
1.058518 14.735457 -3.564019
0.131327 13.058311 -3.396764
1.435975 16.145273 -4.367257
0.318915 15.679022 -4.458070
1.652915 16.519757 -4.767537
0.474710 16.396529 -5.113018
1.848479 16.343739 -4.969893
0.607803 16.446307 -5.422095
1.778547 15.881157 -4.743036
0.692403 16.145915 -5.451531
1.415815 14.916084 -4.041143
0.566638 15.512985 -4.906968
1.309295 12.943298 -3.581242
0.431973 13.984465 -4.156357
1.666376 11.237775 -3.814716
0.607580 12.036172 -4.040190
2.290474 10.790588 -4.721196
0.961467 11.006463 -4.664789
3.381170 10.275647 -6.229526
1.570062 10.556660 -6.075177
3.998804 9.762635 -7.080942
2.201951 10.052009 -7.440711
4.448526 9.128258 -7.729271
2.576053 9.502182 -8.228455
4.636738 8.336290 -8.037202
4.675288 7.578730 -8.168176
2.894666 8.006013 -8.997117
4.516136 6.665594 -8.014353
2.846568 7.169807 -8.973906
4.289725 5.691149 -7.750629
3.683046 4.205058 -6.944669
2.419229 5.000159 -8.189845
2.939005 2.851645 -5.926795
2.182609 1.674212 -4.864632
1.406927 2.236553 -5.986667
1.348647 0.798826 -3.681085
0.372857 0.180439 -2.216567
0.250283 0.441302 -3.299308
-0.510775 0.057119 -1.429514
-0.470238 11.191882 -3.732768
-0.685723 14.732732 -4.204153
-1.440445 13.043063 -3.676678
-0.705390 16.145322 -5.151636
-1.759319 15.671721 -4.825429
-0.684052 16.519809 -5.623797
-1.907260 16.395100 -5.534339
-0.587103 16.344580 -5.862494
-1.917820 16.445393 -5.868880
-0.545723 15.882736 -5.594897
-1.848189 16.142184 -5.900742
-0.562860 14.915514 -4.766957
-1.721208 15.504156 -5.311312
-0.431847 12.940620 -4.224981
-1.499977 13.968362 -4.498856
-0.173431 11.242583 -4.504102
-1.257348 12.018925 -4.376949
0.014623 10.800607 -5.579926
-1.185652 10.989818 -5.071021
0.372989 10.303042 -7.363992
-1.242410 10.539539 -6.647398
0.622393 9.804582 -8.374757
-1.241976 10.038799 -8.172117
0.803261 9.179524 -9.143063
-1.204827 9.492003 -9.044709
0.888081 8.393873 -9.503901
0.912560 7.634547 -9.654668
-1.158280 8.002710 -9.887922
0.855825 6.716414 -9.470801
-1.146593 7.169419 -9.858709
0.764608 5.732092 -9.159550
0.534943 4.228204 -8.207052
-1.163318 4.999129 -8.993198
0.273653 2.860418 -7.001287
0.024599 1.675102 -5.742624
-1.153852 2.233007 -6.543022
-0.261458 0.799074 -4.343062
-0.590956 0.180503 -2.614777
-1.122812 0.441325 -3.572860
-1.104076 0.057130 -1.547342
-2.111380 11.157304 -3.745317
-2.547558 14.711064 -4.204153
-3.000707 13.006544 -3.396763
-2.984348 16.137352 -5.151636
-3.801817 15.649406 -4.458071
-3.167924 16.519331 -5.623798
-4.218277 16.389690 -5.113019
-3.176539 16.339279 -5.862494
-4.363736 16.441151 -5.422095
-3.020083 15.867603 -5.594898
-4.308147 16.125627 -5.451531
-2.673995 14.889435 -4.766958
-3.961981 15.472011 -4.906969
-2.295234 12.903572 -4.225721
-3.423940 13.920297 -4.156357
-2.148358 11.202528 -4.510835
-3.112345 11.959160 -4.046657
-2.431676 10.745648 -5.616813
-3.301765 10.914018 -4.702960
-2.863952 10.230492 -7.453040
-3.999565 10.425231 -6.199527
-3.029588 9.720711 -8.476701
-4.606980 9.885860 -7.629823
-3.153524 9.088533 -9.250483
-4.887173 9.317474 -8.425485
-3.187321 8.302552 -9.614504
-3.179449 7.552332 -9.764053
-5.110020 7.821700 -9.200360
-3.119829 6.647032 -9.576063
-5.055204 7.009736 -9.170516
-3.055422 5.675906 -9.260866
-2.862796 4.192690 -8.301139
-4.716228 4.903865 -8.371462
-2.600796 2.840579 -7.073657
-2.304561 1.668740 -5.777632
-3.709007 2.210501 -6.078720
-2.002123 0.798141 -4.349109
-1.633810 0.180464 -2.615080
-2.494687 0.440910 -3.301130
-1.697242 0.057134 -1.429513
-3.640983 11.101264 -3.194037
-4.324872 14.671298 -3.564021
-4.378096 12.956982 -2.599635
-5.026077 16.121315 -4.367259
-5.553549 15.617035 -3.411925
-5.364799 16.518301 -4.767538
-6.078234 16.381465 -3.913200
-5.459722 16.327454 -4.969894
-6.323265 16.434465 -4.149756
-5.223688 15.835036 -4.743037
-6.274670 16.099707 -4.172285
-4.682652 14.837971 -4.041144
-5.860373 15.423521 -3.755495
-4.103654 12.834056 -3.584008
-5.180503 13.851019 -3.181003
-3.992699 11.123856 -3.838791
-4.781276 11.884348 -3.105324
-4.638161 10.626477 -4.826096
-5.149216 10.829192 -3.641660
-5.763913 10.030143 -6.468334
-6.364103 10.257214 -4.876457
-6.297937 9.477221 -7.343230
-7.434936 9.617180 -6.039130
-6.678404 8.820491 -7.994642
-7.933675 8.997777 -6.653591
-6.818640 8.027984 -8.301132
-6.841392 7.295654 -8.423567
-8.365289 7.487588 -7.235432
-6.713390 6.428882 -8.257423
-8.310470 6.711873 -7.202238
-6.554734 5.501194 -7.985659
-6.043431 4.086050 -7.165811
-7.815231 4.724262 -6.572414
-5.292082 2.785031 -6.075172
-4.455439 1.653165 -4.914378
-5.947766 2.168615 -4.697327
-3.607401 0.795801 -3.687965
-2.596770 0.180311 -2.216869
-3.656472 0.440164 -2.526438
-2.199971 0.057130 -1.093965
-4.829246 11.041352 -2.139063
-5.658060 14.626572 -2.381211
-5.213975 12.913513 -1.406647
-6.511842 16.102654 -2.917917
-6.615201 15.587790 -1.846255
-6.949252 16.517078 -3.185374
-7.251346 16.373886 -2.117542
-7.096876 16.313197 -3.320584
-7.551907 16.428204 -2.245566
-6.811490 15.796245 -3.169003
-7.503659 16.075514 -2.257758
-6.177787 14.778523 -2.700014
-7.003621 15.378969 -2.032194
-5.477786 12.763237 -2.395001
-6.195283 13.788620 -1.721281
-5.464091 11.095847 -2.569128
-5.833927 11.855152 -1.676296
-6.680324 10.576276 -3.253196
-6.698428 10.849014 -1.961116
-8.286503 9.848792 -4.379845
-8.510389 10.211346 -2.600289
-8.884861 9.171762 -4.989808
-9.673420 9.413564 -3.219740
-9.369307 8.455878 -5.426261
-10.097121 8.675014 -3.569092
-9.573710 7.658367 -5.611435
-9.645187 6.950862 -5.676396
-10.619767 7.148643 -3.843356
-9.526170 6.130673 -5.552201
-10.608369 6.408801 -3.810273
-9.366719 5.250739 -5.363014
-8.710310 3.929411 -4.806756
-10.138448 4.522108 -3.458471
-7.594363 2.703716 -4.062454
-6.210328 1.634878 -3.280415
-7.742238 2.124530 -2.504130
-4.848029 0.793305 -2.463475
-3.333541 0.180106 -1.481070
-4.440308 0.439437 -1.367030
-2.535805 0.057121 -0.591783
-5.482779 11.002393 -0.744472
-6.294999 14.596794 -0.835794
-5.494582 12.896176 0.000579
-7.268786 16.090034 -1.024260
-6.969608 15.575986 0.000579
-7.762440 16.516245 -1.118179
-7.647643 16.370802 0.000579
-7.932075 16.303398 -1.165659
-7.965177 16.425641 0.000579
-7.613053 15.769734 -1.112429
-7.915998 16.065611 0.000580
-6.883028 14.738458 -0.947743
-7.382874 15.360851 0.000580
-6.131135 12.718776 -0.840025
-6.527941 13.763458 0.000579
-6.279370 11.098942 -0.896913
-6.194952 11.834966 0.000580
-8.042297 10.570571 -1.129008
-7.231577 10.832707 0.000767
-9.957609 9.742721 -1.500438
-9.287035 10.158330 0.000819
-10.507774 8.952411 -1.722730
-10.589584 9.307689 0.000316
-11.016927 8.184786 -1.875341
-11.044360 8.534672 0.000527
-11.241343 7.389845 -1.928502
-11.347356 6.702466 -1.942441
-11.587016 7.006908 0.000732
-11.256039 5.916674 -1.893903
-11.587454 6.284241 0.000598
-11.120348 5.067483 -1.825516
-10.422028 3.812534 -1.632594
-11.114277 4.445081 0.000610
-9.212631 2.641127 -1.390453
-7.500472 1.621769 -1.142147
-8.688000 2.104534 0.002322
-5.611350 0.791641 -0.863882
-3.739642 0.179960 -0.519705
-4.749833 0.439138 0.000582
-2.653717 0.057119 0.000581
-5.482739 11.002394 0.745678
-6.294999 14.596794 0.836952
-5.213975 12.913513 1.407804
-7.268786 16.090036 1.025417
-6.615201 15.587790 1.847411
-7.762440 16.516246 1.119338
-7.251346 16.373889 2.118700
-7.932075 16.303401 1.166817
-7.551907 16.428209 2.246725
-7.613053 15.769734 1.113589
-7.503660 16.075514 2.258916
-6.883028 14.738460 0.948902
-7.003622 15.378969 2.033351
-6.131135 12.718776 0.841184
-6.195283 13.788620 1.722439
-6.279327 11.098942 0.898132
-5.833650 11.855154 1.677884
-8.041438 10.570573 1.131342
-6.695975 10.849015 1.965836
-9.969847 9.745636 1.501779
-8.504063 10.211346 2.609968
-10.583421 8.969902 1.722305
-9.740388 9.431055 3.229466
-11.028272 8.187702 1.877889
-10.163499 8.692506 3.580077
-11.240487 7.389845 1.930744
-11.347147 6.702466 1.943838
-10.611947 7.148645 3.855577
-11.256021 5.916674 1.895082
-10.601185 6.408801 3.821693
-11.120326 5.067482 1.826707
-10.421872 3.812534 1.633976
-10.131237 4.522108 3.469968
-9.212316 2.641128 1.392747
-7.499763 1.621770 1.148452
-7.739161 2.124531 2.512150
-5.611237 0.791642 0.865897
-3.739642 0.179961 0.520867
-4.440306 0.439438 1.368194
-2.535805 0.057122 0.592944
-4.825410 11.041354 2.145347
-5.658060 14.626570 2.382368
-4.378096 12.959123 2.600793
-6.511842 16.102657 2.919073
-5.553549 15.617035 3.413081
-6.949252 16.517084 3.186534
-6.078234 16.381471 3.914358
-7.096877 16.313197 3.321745
-6.323265 16.434470 4.150916
-6.811491 15.796245 3.170161
-6.274671 16.099710 4.173444
-6.177787 14.778525 2.701171
-5.860373 15.423523 3.756651
-5.477509 12.763239 2.396588
-5.180502 13.852763 3.182160
-5.461570 11.095849 2.574147
-4.779612 11.892184 3.109057
-6.667139 10.576276 3.273088
-5.139066 10.841814 3.657919
-8.269357 9.851707 4.418742
-6.331720 10.265392 4.921591
-8.924429 9.189255 5.030007
-7.394760 9.622295 6.102420
-9.351090 8.458794 5.469434
-7.895847 9.001245 6.716352
-9.544530 7.658368 5.654303
-9.616654 6.950862 5.718419
-8.322561 7.487588 7.297850
-9.497826 6.130673 5.594006
-8.267847 6.711874 7.264523
-9.338371 5.250739 5.404831
-8.683297 3.929412 4.846658
-7.772358 4.724263 6.635065
-7.577926 2.703716 4.087900
-6.206682 1.634879 3.291074
-5.934175 2.168615 4.721362
-4.847770 0.793306 2.465720
-3.333540 0.180107 1.482233
-3.656469 0.440166 2.527601
-2.199969 0.057130 1.095127
-3.636897 11.114121 3.200863
-4.324872 14.673439 3.565178
-3.000708 13.024060 3.397923
-5.026077 16.121318 4.368417
-3.801818 15.649406 4.459230
-5.364799 16.518306 4.768697
-4.218277 16.389690 5.114178
-5.459722 16.327455 4.971054
-4.363736 16.441151 5.423254
-5.223688 15.835036 4.744194
-4.308147 16.125627 5.452689
-4.682652 14.839719 4.042300
-3.961982 15.472014 4.908125
-4.103375 12.850607 3.585595
-3.423939 13.936420 4.157515
-3.990165 11.171327 3.843842
-3.112064 12.026258 4.048245
-4.624186 10.673398 4.847467
-3.299084 11.026711 4.708270
-5.730445 10.047105 6.513428
-3.989639 10.519913 6.215002
-6.259577 9.482179 7.389297
-4.593116 9.937537 7.649804
-6.647858 8.821044 8.038182
-4.876637 9.343964 8.441074
-6.789742 8.027985 8.343769
-6.812645 7.295655 8.465956
-5.102242 7.825977 9.212672
-6.684499 6.428883 8.300017
-5.047412 7.010561 9.182850
-6.525531 5.501195 8.028698
-6.014674 4.086051 7.208213
-4.706952 4.903866 8.385885
-5.274808 2.785031 6.101979
-4.452354 1.653166 4.925201
-3.705914 2.210503 6.090438
-3.607253 0.795803 3.690207
-2.596766 0.180312 2.218030
-2.494681 0.440910 3.302289
-1.697240 0.057134 1.430673
-2.111088 11.207716 3.747034
-2.547561 14.717871 4.205311
-1.440446 13.077835 3.677837
-2.984352 16.137352 5.152795
-1.759323 15.671721 4.826588
-3.167926 16.519330 5.624956
-1.907265 16.395099 5.535497
-3.176542 16.339279 5.863651
-1.917825 16.445392 5.870038
-3.020085 15.867601 5.596054
-1.848192 16.142184 5.901900
-2.673996 14.896841 4.768115
-1.721211 15.504155 5.312469
-2.295231 12.968529 4.226880
-1.499978 14.009668 4.500013
-2.148300 11.365268 4.512082
-1.257346 12.168059 4.378057
-2.430027 10.965283 5.620501
-1.185478 11.262366 5.072079
-2.859867 10.423911 7.460276
-1.241629 10.867973 6.648508
-3.027307 9.848931 8.481991
-1.241106 10.311177 8.173049
-3.152539 9.154601 9.253377
-1.204457 9.655193 9.045170
-3.186747 8.331868 9.616512
-3.179027 7.560725 9.765815
-1.158162 8.032738 9.887937
-3.119262 6.647858 9.578030
-1.146473 7.175227 9.858728
-3.054546 5.675908 9.263239
-2.860895 4.192690 8.306550
-1.162951 4.999131 8.993361
-2.599643 2.840581 7.088671
-2.304409 1.668742 5.791648
-1.153704 2.233008 6.572265
-2.002118 0.798142 4.352088
-1.633807 0.180465 2.616240
-1.122809 0.441325 3.574325
-1.104074 0.057130 1.548502
-0.470238 11.267420 3.733242
-0.685725 14.742039 4.205312
0.131327 13.094789 3.397923
-0.705394 16.145319 5.152795
0.318913 15.679019 4.459230
-0.684056 16.519807 5.624956
0.474708 16.396526 5.114177
-0.587107 16.344580 5.863651
0.607800 16.446307 5.423253
-0.545725 15.882736 5.596056
0.692401 16.145917 5.452689
-0.562863 14.926767 4.768115
0.566636 15.512987 4.908127
-0.431848 13.037700 4.226088
0.431971 14.028761 4.157513
-0.173431 11.478323 4.504810
0.607580 12.199863 4.041051
0.014623 11.149986 5.578698
0.961467 11.308397 4.664048
0.372990 10.659457 7.360013
1.570069 10.926129 6.070695
0.622395 10.053530 8.370535
2.201961 10.363679 7.433865
0.803263 9.311430 9.138972
2.576058 9.689597 8.221719
0.888083 8.452962 9.499824
0.912561 7.651641 9.650591
2.894667 8.040779 8.990420
0.855826 6.718102 9.466722
2.846568 7.176680 8.967208
0.764608 5.732091 9.155436
0.534944 4.228205 8.209074
2.419232 5.000159 8.183071
0.273654 2.860418 7.041810
0.024601 1.675102 5.786609
1.406891 2.236553 6.045237
-0.261456 0.799075 4.352188
-0.590953 0.180503 2.616239
0.250287 0.441301 3.302286
-0.510772 0.057118 1.430671
1.061187 11.273695 3.163187
1.058517 14.744046 3.565178
1.469893 13.087003 2.600792
1.435973 16.145271 4.368417
2.090314 15.675133 3.413082
1.652913 16.519759 4.768696
2.505970 16.395139 3.914358
1.848479 16.343738 4.971053
2.759768 16.444969 4.150915
1.778547 15.881158 4.744195
2.853597 16.140872 4.173444
1.415814 14.926762 4.042301
2.512066 15.505196 3.756653
1.309294 13.036697 3.582348
2.074515 14.014964 3.182159
1.666376 11.471487 3.815417
2.191932 12.172598 3.092971
2.290484 11.136109 4.719839
2.790767 11.264605 3.575820
3.381211 10.628267 6.225384
3.971106 10.851426 4.685884
3.998823 10.008985 7.076642
5.110348 10.260559 5.762777
4.448530 9.259471 7.725152
5.722729 9.582436 6.377792
4.636738 8.394997 8.033121
4.675288 7.595962 8.164095
6.248104 7.942077 6.980802
4.516135 6.667315 8.010259
6.166414 7.090681 6.963789
4.289729 5.691148 7.746477
3.683030 4.205058 6.946073
5.462096 4.947303 6.350312
2.938786 2.851644 5.963633
2.182574 1.674212 4.906384
3.593361 2.227012 4.647203
1.348650 0.798827 3.689933
0.372861 0.180439 2.218026
1.414835 0.440996 2.527596
-0.007713 0.057104 1.095124
2.258265 11.243809 2.121224
2.391099 14.733917 2.382368
2.359827 13.065637 1.407805
3.070342 16.141191 2.919076
3.264516 15.668118 1.847413
3.435490 16.519458 3.186534
3.850388 16.393105 2.118702
3.701161 16.340083 3.321745
4.180845 16.443202 2.246726
3.544694 15.871667 3.170164
4.277258 16.134105 2.258919
2.922421 14.910919 2.701171
3.795229 15.493471 2.033354
2.638774 12.996860 2.393565
3.161147 13.980542 1.722438
3.093211 11.409470 2.547680
3.256297 12.103825 1.672031
4.103461 11.024633 3.162147
4.062873 11.151833 1.926319
5.790346 10.442237 4.203791
5.683399 10.653408 2.532415
6.647878 9.816279 4.789441
7.179530 10.014464 3.129243
7.275734 9.095998 5.232969
7.940040 9.371049 3.468232
7.533018 8.256949 5.443163
7.592152 7.488736 5.530435
8.598235 7.821000 3.795404
7.383910 6.579715 5.424354
8.511365 7.003297 3.782758
7.088689 5.619093 5.243544
6.228080 4.160021 4.696542
7.664980 4.893434 3.447212
5.069569 2.828444 4.011732
3.851181 1.668884 3.283664
5.104345 2.212985 2.517297
2.582078 0.797927 2.466048
1.110647 0.180335 1.482229
2.193008 0.440668 1.368190
0.328449 0.057090 0.592942
2.908289 11.203221 0.745437
3.106421 14.722708 0.836953
3.945502 16.137726 1.025420
4.388770 16.519215 1.119338
4.688758 16.337213 1.166818
4.485499 15.864034 1.113591
3.727735 14.895010 0.948902
3.349486 12.942978 0.840616
3.846403 11.313589 0.892007
5.026076 10.886337 1.091024
7.009935 10.268536 1.472076
8.037228 9.651578 1.682936
8.791068 8.964733 1.840048
9.085230 8.154673 1.913564
9.158367 7.415203 1.942490
8.937872 6.522893 1.903879
8.611623 5.571291 1.839835
7.557121 4.128037 1.648522
6.151828 2.809204 1.408065
4.739454 1.663818 1.154816
3.248873 0.797142 0.866598
1.509946 0.180260 0.520863
5.047963 9.702592 0.000577
4.584536 9.706335 -2.117867
6.419749 7.959822 -1.329082
3.112877 9.716962 -3.900979
5.179158 7.972079 -3.784880
1.082172 9.714407 -5.049329
2.932762 7.980096 -5.602097
-1.262063 9.680140 -5.524256
0.194714 7.959516 -6.620279
-3.605334 9.608466 -5.143395
-2.737813 7.893509 -6.695582
-5.707852 9.515595 -4.026313
-5.547589 7.788029 -5.789991
-7.238438 9.435908 -2.137788
-7.913360 7.677332 -3.902262
-7.857124 9.404420 0.000626
-9.383178 7.605981 -1.333637
-7.234399 9.435911 2.144311
-9.373698 7.604631 1.333935
-5.684749 9.517742 4.058576
-7.881109 7.675983 3.932557
-3.599791 9.635576 5.153125
-5.523070 7.790194 5.827157
-1.261771 9.782457 5.525166
-2.736063 7.957761 6.702097
1.082177 9.831149 5.046493
0.194716 8.086944 6.619347
3.112899 9.817577 3.901246
2.932784 8.109387 5.601110
4.584542 9.733356 2.118982
5.179181 8.038216 3.787813
6.419751 7.962006 1.332251
1.926127 2.534984 -1.915146
2.461628 2.529214 -0.757941
0.369228 2.285391 -2.590909
0.297799 2.270215 -1.265101
9.146563 8.550839 0.000580
8.434473 8.588345 -3.695218
6.116357 8.684942 -6.794873
2.812000 8.777944 -8.760966
-1.181190 8.770906 -9.631543
-5.067222 8.584843 -8.964156
-8.261108 8.243764 -7.062920
-10.471821 7.889494 -3.774466
-11.430369 7.739563 0.000977
-10.462902 7.889495 3.788153
-8.218135 8.243765 7.125705
-5.059069 8.596072 8.977193
-1.181010 8.849655 9.631679
2.812002 8.868510 8.754269
6.116357 8.763033 6.794701
8.434473 8.599466 3.696373
6.964879 3.440009 0.000577
6.476728 3.454026 -3.001639
4.572153 3.486641 -5.527207
1.920675 3.514405 -7.136652
-1.170501 3.511071 -7.827275
-4.257177 3.457730 -7.291341
-7.008342 3.356542 -5.703656
-9.184080 3.240789 -3.004169
-10.159896 3.194628 0.000651
-9.178159 3.240791 3.013815
-6.974185 3.356542 5.753804
-4.249023 3.457731 7.305892
-1.170076 3.511072 7.842516
1.920642 3.514405 7.160200
4.571952 3.486640 5.538395
6.476694 3.454026 3.003924
4.118443 1.198853 0.002277
3.722524 1.199990 -1.988590
2.579682 1.202209 -3.668777
0.873369 1.203349 -4.774570
-1.136223 1.202116 -5.189550
-3.140350 1.197664 -4.802574
-4.848675 1.190446 -3.677606
-6.107661 1.186010 -1.985192
-6.762323 1.183061 0.002282
-6.106839 1.186010 1.989987
-4.847697 1.190447 3.683549
-3.140200 1.197666 4.808332
-1.136220 1.202117 5.204551
0.873371 1.203350 4.808569
2.579692 1.202210 3.682112
3.722567 1.199990 1.993840
5.134630 10.479211 -1.472837
5.231544 10.353323 0.046546
5.005993 10.671226 -0.000477
5.138232 10.513766 1.514119
4.715538 10.916000 -1.375532
4.443212 11.292699 -0.007516
4.714594 10.957430 1.365005
4.232679 11.582905 -1.370791
4.181750 11.961539 -0.007516
4.231986 11.632845 1.358012
4.179655 12.250535 -1.366050
4.309043 12.482718 -0.007516
4.179168 12.286736 1.351018
4.541530 12.695118 -1.366050
4.961667 12.806676 -0.007516
4.585217 12.740576 1.351019
5.691453 12.912300 -1.366050
6.511922 12.887006 -0.007516
5.691212 12.916603 1.351019
7.446186 12.848672 -1.366050
8.205875 12.706644 -0.007516
7.446186 12.848672 1.351019
9.014822 12.552197 -1.366050
9.569870 12.356393 -0.007516
9.014822 12.552195 1.351018
10.021883 12.171094 -1.366050
10.289990 11.902364 -0.007516
10.021883 12.171094 1.351018
10.540097 11.483248 -1.366050
10.592059 11.038781 -0.007516
10.540097 11.483248 1.351018
10.552847 10.591943 -1.366050
10.215843 10.175240 -0.007516
10.552847 10.591942 1.351018
9.588221 9.664920 -1.374563
8.870595 9.238095 -0.009050
9.588221 9.664919 1.357997
8.912995 9.024016 -1.554860
8.905502 8.709654 -0.036278
8.912995 9.024014 1.503012
8.955389 8.219204 -1.569048
8.996307 7.711679 -0.010585
8.955389 8.219203 1.514643
9.037226 7.775923 -1.569048
9.215002 7.912746 -0.036279
9.037226 7.775922 1.514643
9.628938 8.244745 -1.569048
10.182486 8.555559 -0.012310
9.628938 8.244744 1.514643
10.658700 8.798656 -1.366051
11.053502 8.885385 -0.007516
10.658700 8.798656 1.351018
11.358758 9.068775 -1.366051
11.586774 9.217622 -0.007516
11.358758 9.068775 1.351018
11.604267 9.409761 -1.366050
11.621761 9.601899 -0.007516
11.604267 9.409761 1.351018
11.474693 9.621172 -1.366050
11.338890 9.658162 -0.007516
11.474693 9.621172 1.351018
11.224340 9.617416 -1.366050
11.134894 9.612572 -0.007516
11.224340 9.617416 1.351018
11.080046 9.689563 -1.366050
11.050105 9.843250 -0.007516
11.080046 9.689563 1.351018
11.228011 10.203213 -1.366050
11.426005 10.601424 -0.007516
11.228011 10.203211 1.351018
11.433491 11.135436 -1.366050
11.409172 11.635648 -0.007516
11.433491 11.135435 1.351018
11.224442 12.045438 -1.366050
11.053097 12.360595 -0.007516
11.224442 12.045438 1.351018
10.389340 12.750710 -1.366050
10.890026 12.406041 -0.007516
9.885851 13.114540 -0.007516
10.389340 12.750709 1.351019
9.073612 13.387422 -1.366050
8.336933 13.649744 -0.007516
9.073612 13.387422 1.351019
7.547242 13.808423 -1.366050
6.891586 13.983362 -0.007516
7.547242 13.808421 1.351019
5.694037 14.128447 -1.366050
6.632793 14.178262 -0.007516
4.993169 14.112871 -0.007516
5.685537 14.101730 1.351019
4.715205 14.019945 -1.366050
4.555796 13.845105 -0.007516
4.703887 13.984065 1.351019
3.455296 12.585938 -1.366050
3.731603 13.111259 -0.007516
3.294573 12.166464 -0.007516
3.455278 12.620621 1.351019
3.301545 11.727855 -1.366050
3.352340 11.314925 -0.000477
3.301406 11.787750 1.351018
3.514245 10.922917 -1.468096
3.696987 10.591755 0.046546
3.515718 11.005022 1.507126
4.482687 10.439747 -1.570142
4.488552 10.504904 1.663233
10.210284 9.350573 -1.510785
9.523920 8.762632 -1.688130
10.743099 9.948180 1.469151
11.009032 10.820102 1.469151
4.126603 10.926661 -1.587889
3.730036 11.646622 -1.498999
3.849125 12.432680 -1.484183
4.591378 13.776373 -1.484183
4.845712 13.932101 -1.484183
4.831354 13.379962 -1.484183
5.695187 13.522736 -1.484183
6.475735 13.530914 -1.484183
6.810837 13.534412 -1.484183
6.764421 14.057011 -1.366050
9.045863 12.910593 -1.484183
7.574171 13.311595 -1.484183
10.148703 12.404909 -1.484183
10.624509 12.172409 -1.484183
10.928307 11.770034 -1.484184
10.978678 12.359894 -1.366050
11.009032 10.820102 -1.484184
10.743100 9.948180 -1.484184
11.257043 9.319338 -1.484184
10.973820 9.377093 -1.484184
11.126395 9.322735 -1.484184
9.097627 8.288956 -1.838873
9.097627 8.288955 1.759925
10.210284 9.350573 1.490959
9.523920 8.762631 1.636346
11.257043 9.319338 1.469151
11.126395 9.322734 1.469151
10.973820 9.377093 1.469151
4.128035 10.999200 1.622132
3.729851 11.708686 1.491006
3.848814 12.469884 1.469152
4.030069 12.855353 1.469152
5.668446 13.442456 1.469152
4.677673 13.400110 1.469152
7.574171 13.311595 1.469152
6.810836 13.534410 1.469152
9.045863 12.910591 1.469152
10.148703 12.404908 1.469152
10.928308 11.770034 1.469151
10.978678 12.359893 1.351018
10.624509 12.172408 1.469152
4.060464 12.874495 -1.484183
4.419707 13.288768 1.469152
4.167242 13.503351 1.351019
8.993554 6.079572 0.000578
8.274853 6.106745 -3.691214
5.956163 6.178389 -6.801788
2.716154 6.252439 -8.766122
-1.149935 6.252927 -9.628604
-4.953041 6.119418 -8.954916
-8.176916 5.869761 -7.027418
-10.511305 5.602848 -3.707648
-11.501862 5.498864 0.000581
-10.504222 5.602848 3.718967
-8.134267 5.869762 7.089745
-4.945002 6.119420 8.967600
-1.149774 6.252927 9.628678
2.716154 6.252439 8.759418
5.956164 6.178387 6.801596
8.274853 6.106743 3.692365
6.764420 14.057011 1.351019
0.848791 2.539016 -2.892444
-0.433977 2.529329 -3.371826
-2.798072 2.204124 -1.267552
-2.669487 2.209514 1.397260
0.297799 2.270216 1.282858
6.475690 13.531717 1.469152
-2.023167 2.493328 -3.375842
-2.811805 2.213258 -2.594308
-3.279881 2.443678 -2.902464
-4.389219 2.396675 -1.947896
-5.005728 2.371572 -0.783018
-5.002079 2.358935 0.733798
-4.106434 2.159394 1.456224
-4.384358 2.384039 1.896966
-3.328090 2.441631 2.862285
-2.072589 2.494343 3.334027
0.369230 2.285391 2.608193
1.926131 2.538187 1.931772
2.461629 2.529216 0.774579
-0.433976 2.535629 3.388247
0.848793 2.545454 2.908862
4.176904 13.508719 -1.366050
4.457059 13.193555 -1.484183
4.717148 5.345609 -2.162278
5.191196 5.339551 0.004609
3.215141 5.356479 -3.986457
1.138903 5.353864 -5.162246
-1.258833 5.318814 -5.646809
-3.654881 5.245502 -5.256313
-5.810427 5.151859 -4.115427
-7.429919 5.078399 -2.203777
-8.082933 5.045891 0.002443
-7.370467 5.070293 2.197021
-5.778089 5.150513 4.152117
-3.649337 5.255093 5.274107
-1.258540 5.386360 5.655783
1.138908 5.434130 5.167474
3.215163 5.426605 3.994787
4.717155 5.355617 2.171455
2.987365 11.192240 0.000578
3.198712 14.719931 0.000579
2.835299 14.723488 -1.640334
2.666705 11.193059 -1.460667
4.058184 16.137196 0.000580
3.614031 16.139119 -2.010093
4.129618 15.867085 2.184239
3.422826 14.901782 1.861131
3.081776 12.968355 1.648873
4.720560 10.946582 2.169227
4.606178 15.862891 0.000581
4.129617 15.867085 -2.183077
3.831316 14.891644 0.000580
3.422828 14.897104 -1.859970
3.439518 12.926085 0.000579
3.081777 12.927249 -1.647714
6.615140 10.325105 2.893285
7.560015 9.702705 3.300740
5.101156 10.848782 -0.026021
4.721865 10.833064 -2.198533
7.099869 10.251627 -0.003852
6.615348 10.259344 -2.897308
8.167103 9.640730 0.000581
7.560011 9.667151 -3.299636
8.949758 8.954839 0.000580
8.253545 8.990582 -3.606864
9.249674 8.145055 0.000579
9.324101 7.406459 0.000578
8.601080 7.440199 -3.809275
8.532733 8.182629 -3.751300
9.103014 6.515439 0.000578
8.384241 6.544338 -3.734494
8.770387 5.564785 0.000577
7.668749 4.123473 0.000577
7.113236 4.140598 -3.233115
8.072124 5.589748 -3.609252
6.238950 2.806170 0.001002
4.844637 1.662968 0.003126
4.412138 1.665934 -2.255286
5.794184 2.817047 -2.758589
3.335049 0.797015 0.001002
1.505559 0.177768 0.000576
1.306270 0.177807 -0.998567
2.995985 0.797464 -1.697076
-1.096334 -0.000000 0.000580
1.792586 14.732199 -3.031433
1.713053 11.200597 -2.696244
2.336854 16.143414 -3.714659
8.253545 9.007350 3.608012
8.601080 7.442331 3.810432
2.753433 15.876712 -4.034293
2.246694 14.910445 -3.437269
2.041080 12.937613 -3.046072
8.532733 8.189860 3.752457
3.263974 10.786644 -4.030294
4.668142 10.254700 -5.338144
5.420788 9.723538 -6.073803
5.969952 9.078772 -6.632957
6.245564 7.528593 -7.012022
6.197288 8.282138 -6.899118
6.055127 6.621074 -6.879592
5.038950 4.182709 -5.956603
5.786240 5.654504 -6.651765
3.095128 1.671897 -4.156144
4.083193 2.840831 -5.077703
0.738743 0.177903 -1.845525
2.026497 0.798416 -3.134364
0.221536 14.736118 -3.960937
0.325726 11.199707 -3.511058
0.408346 16.146123 -4.853614
8.384240 6.544551 3.735648
7.113232 4.140596 3.234500
0.664131 15.883624 -5.271236
0.466921 14.918449 -4.491187
0.474594 12.945537 -3.980138
8.072125 5.589747 3.610391
1.201473 10.801449 -5.240592
1.944473 10.298158 -6.898550
2.394981 9.794566 -7.838425
2.722586 9.166196 -8.554678
2.893547 7.618190 -9.036228
2.863094 8.377769 -8.893164
2.779011 6.701134 -8.865440
2.176380 4.221933 -7.685781
2.611670 5.720015 -8.574680
1.147730 1.675416 -5.394482
1.661172 2.858851 -6.563325
-0.110552 0.177997 -2.411117
0.576626 0.799071 -4.088865
-1.622380 14.724611 -4.287335
-1.293632 11.177953 -3.815104
-1.853525 16.142514 -5.253563
4.412193 1.665934 2.262873
5.794140 2.817047 2.762514
-1.793098 15.877669 -5.705593
-1.625754 14.906201 -4.861274
-1.368848 12.927112 -4.309075
1.306270 0.177808 0.999722
-1.214839 10.783521 -5.713800
-1.255685 10.282940 -7.568080
-1.219088 9.783144 -8.613122
-1.193943 9.157287 -9.404856
-1.150747 7.616396 -9.928831
-1.168618 8.372750 -9.775614
-1.146197 6.701642 -9.738364
-1.168902 4.219809 -8.436248
-1.156183 5.719885 -9.417519
-1.141318 1.672976 -5.880020
-1.166142 2.854832 -7.188720
-1.112110 0.178016 -2.610238
-1.132183 0.798781 -4.433276
-3.451606 14.692993 -3.960937
-2.901241 11.131290 -3.534575
-4.055865 16.130173 -4.853615
2.995996 0.797465 1.699258
5.979343 7.965003 -2.608366
-4.179378 15.853175 -5.271238
-3.696615 14.866321 -4.491189
-3.207878 12.871915 -3.981755
6.550007 7.958251 0.001585
-3.588560 10.691723 -5.312926
-4.387975 10.146095 -7.069561
-4.744182 9.618373 -8.031427
-5.005129 8.975515 -8.755296
-5.100635 7.444652 -9.236808
-5.095002 8.186542 -9.097400
-4.997937 6.555231 -9.057787
-4.502415 4.147788 -7.858677
-4.874482 5.602296 -8.760083
-3.423233 1.662202 -5.450678
-3.989661 2.817399 -6.690881
-2.113211 0.177917 -2.411571
-2.838217 0.797149 -4.098145
-5.087106 14.648361 -3.031435
-4.295390 11.070268 -2.727576
-5.857298 16.111803 -3.714661
4.127522 7.978096 -4.801748
1.615089 7.974947 -6.202686
-6.114046 15.815340 -4.034294
-5.540307 14.807625 -3.437271
-4.890859 12.795870 -3.049438
-1.274282 7.932728 -6.802151
-5.646683 10.578473 -4.143721
-7.045510 9.918941 -5.591162
-7.681339 9.320577 -6.350045
-8.143185 8.641324 -6.905854
-8.367610 7.124627 -7.258656
-8.323215 7.845663 -7.160783
-8.233646 6.282520 -7.110413
-7.456010 4.011813 -6.167013
-8.063154 5.381156 -6.874377
-5.388649 1.643449 -4.185401
-6.497253 2.746219 -5.205906
-2.961448 0.177725 -1.845599
-4.285424 0.794415 -3.136950
-6.054951 14.608519 -1.640335
-5.229420 11.017673 -1.465646
-6.984180 16.095016 -2.010094
-4.170657 7.844421 -6.343788
-6.813522 7.730334 -4.990659
-7.312376 15.780219 -2.183078
-6.617795 14.754268 -1.859973
-5.884517 12.737193 -1.649072
-8.789211 7.634165 -2.643641
-7.543919 10.585201 -2.224849
-9.314629 9.797461 -2.970799
-9.847382 9.044475 -3.401156
-10.334611 8.293810 -3.701033
-10.647355 6.801195 -3.847441
-10.552344 7.496345 -3.813778
-10.547964 5.999879 -3.755719
-9.725819 3.856951 -3.242722
-10.405696 5.137121 -3.622939
-6.915820 1.627602 -2.249352
-8.520470 2.665895 -2.754182
-3.530021 0.177535 -0.998564
-5.291308 0.792404 -1.696225
-6.375813 14.592514 0.000579
-5.572744 10.996852 0.000591
-7.364155 16.088210 0.000579
-9.607322 7.595296 0.001104
-8.769298 7.632142 2.649528
-7.713342 15.765875 0.000580
-6.971956 14.732666 0.000579
-6.214414 12.711473 0.000580
-6.776558 7.730540 5.039581
-8.199969 10.557368 0.000873
-10.185874 9.715226 0.000626
-10.781350 8.919558 0.000185
-11.290178 8.144263 0.000928
-11.621761 6.665836 0.000640
-11.513218 7.350476 0.000851
-11.531639 5.886969 0.000585
-10.690266 3.797337 0.000635
-11.396585 5.043658 0.000588
-7.762411 1.619216 0.003141
-9.500146 2.632009 0.001075
-3.738226 0.177457 0.000581
-5.740532 0.791295 0.001007
-6.054951 14.608519 1.641492
-5.228412 11.017676 1.468145
-6.984179 16.095018 2.011250
-4.162341 7.863187 6.359819
-1.273843 8.042738 6.804953
-7.312375 15.780219 2.184236
-6.617793 14.754268 1.861130
-5.884449 12.737194 1.650337
1.615096 8.104464 6.199869
-7.539550 10.585202 2.232159
-9.325638 9.801834 2.981618
-9.951834 9.070712 3.410092
-10.344234 8.298184 3.714428
-10.639962 6.801196 3.859113
-10.543981 7.496346 3.826715
-10.540857 5.999879 3.767065
-9.718871 3.856951 3.253845
-10.398580 5.137121 3.634302
-6.914024 1.627602 2.256769
-8.515968 2.665895 2.762408
-3.530018 0.177535 0.999726
-5.291101 0.792404 1.698298
-5.087106 14.648897 3.032592
-4.289613 11.073484 2.736512
-5.857299 16.111804 3.715818
4.127554 8.090907 4.803586
5.979352 7.984267 2.611474
-6.114047 15.815340 4.035451
-5.540308 14.808063 3.438426
-4.890442 12.800009 3.051240
4.672818 13.653517 -1.484183
-5.627565 10.590205 4.172175
-7.003471 9.923911 5.650296
-7.645561 9.326190 6.412820
-8.101433 8.642192 6.968740
-8.324966 7.124628 7.320966
-8.280373 7.845664 7.223367
-8.191012 6.282520 7.172720
-7.415211 4.011812 6.226689
-8.020441 5.381157 6.936796
-5.384031 1.643449 4.198255
-6.472701 2.746218 5.243125
-2.961444 0.177726 1.846762
-4.285176 0.794415 3.139308
-3.451608 14.697371 3.962096
-2.899855 11.159965 3.537878
-4.055866 16.130176 4.854774
-4.179380 15.853175 5.272394
-3.696616 14.870355 4.492344
-3.207804 12.908842 3.983021
-3.583005 10.805283 5.322423
-4.374503 10.215649 7.089600
-4.731739 9.656625 8.049126
-4.996261 8.992723 8.769235
-5.092921 7.446752 9.249027
-5.087061 8.193872 9.109992
-4.990008 6.555437 9.070315
-4.492849 4.147790 7.873932
-4.866086 5.602298 8.773269
-3.422274 1.662203 5.460226
-3.983901 2.817400 6.703988
-2.113207 0.177917 2.412731
-2.838174 0.797149 4.100455
-1.622383 14.733302 4.288494
-1.293559 11.246996 3.816200
-1.853530 16.142513 5.254721
-1.793101 15.877669 5.706751
-1.625758 14.916528 4.862432
-1.368848 13.016028 4.310220
-1.214426 11.098488 5.714870
-1.254664 10.596857 7.569175
-1.218517 10.000699 8.613820
-1.193696 9.272298 9.405119
-1.150640 7.631161 9.928831
-1.168473 8.424167 9.775675
-1.146054 6.703095 9.738416
-1.168426 4.219809 8.440215
-1.155962 5.719886 9.417625
-1.141279 1.672976 5.905198
-1.165851 2.854834 7.214967
-1.112107 0.178016 2.611474
-1.132180 0.798783 4.438276
0.221534 14.745238 3.962096
0.325728 11.274489 3.511219
0.408343 16.146124 4.854774
0.664129 15.883626 5.272395
0.466918 14.929524 4.492345
0.474593 13.041830 3.981219
1.201475 11.151839 5.238260
1.944484 10.655373 6.892261
2.394988 10.044075 7.831641
2.722589 9.298365 8.547971
2.893547 7.635472 9.029533
2.863095 8.436993 8.886469
2.779010 6.702852 8.858741
2.176375 4.221934 7.686552
2.611671 5.720015 8.567958
1.147722 1.675416 5.449222
1.661118 2.858851 6.610825
-0.110548 0.177998 2.412728
0.576630 0.799072 4.100512
1.792584 14.739821 3.032592
1.713058 11.263860 2.697179
2.336852 16.143414 3.715819
2.753433 15.876712 4.035453
2.246693 14.920039 3.438427
2.041080 13.021855 3.047216
3.263772 11.095981 4.026708
4.668166 10.562450 5.336767
5.420814 9.936854 6.073316
5.969955 9.192698 6.632742
6.245562 7.543565 7.011867
6.197287 8.332980 6.898959
6.055127 6.622574 6.879416
5.038926 4.182708 5.958961
5.786247 5.654503 6.651503
3.095085 1.671900 4.177923
4.082867 2.840831 5.098010
0.738746 0.177903 1.846757
2.026501 0.798417 3.138946
2.835298 14.727744 1.641493
2.666707 11.221080 1.461813
3.614029 16.139119 2.011254
5.184583 10.391905 1.547435
5.177100 10.355445 -1.457847
8.920348 9.245333 -1.293768
8.920348 9.245333 1.273962
8.996307 7.744910 -1.315889
8.996307 7.744910 1.290856
11.573727 9.223026 -1.274169
11.573727 9.223026 1.259136
11.609439 9.587733 -1.274169
11.609439 9.587732 1.259136
11.133609 9.587370 -1.366050
11.133609 9.587369 1.351018
11.025530 9.822028 -1.408579
11.025530 9.822028 1.393546
11.053414 12.341064 -1.274169
11.053414 12.341064 1.259137
10.860247 12.382715 -1.408578
10.860247 12.382715 1.393546
6.875992 13.948189 -1.366050
6.875992 13.948189 1.351019
6.615887 14.127022 -1.408578
6.614518 14.122911 1.393546
3.720621 10.572163 -1.564779
3.723896 10.664111 1.653928
-7.618861 16.307277 -2.287509
-5.969865 11.104890 -1.763713
-7.864532 16.516124 0.000580
-8.036485 16.301970 0.000579
-6.385042 11.092220 0.000594
-7.457048 16.516577 2.195516
-7.618861 16.307278 2.288668
-5.969181 11.104891 1.765912
-6.248638 16.517685 4.056293
-6.374401 16.320232 4.228416
-4.790546 11.106449 3.280803
2.870923 16.342006 4.228415
-1.936250 16.519647 5.736223
0.785554 11.482180 4.240322
-1.892984 16.342857 5.979640
2.443955 11.446999 3.245926
-4.327853 16.518875 5.299625
-3.097169 11.265820 4.256518
0.531413 16.519836 5.299623
0.680309 16.344768 5.524512
4.027840 16.519312 2.195516
4.315128 16.338358 2.288669
-4.383536 16.334070 5.524513
-1.166180 11.444492 4.598767
2.635816 16.519617 4.056292
2.452881 2.722134 -1.391977
1.411717 2.537878 -2.469224
-1.231080 2.349485 -3.247620
2.381481 2.439250 0.008447
4.984098 10.662984 -1.305959
4.984265 10.695042 1.308508
4.418346 11.241596 -1.374347
4.417534 11.291039 1.363256
4.145897 11.948519 -1.409337
4.145296 11.994267 1.394665
4.299680 12.516907 -1.408578
4.307692 12.557944 1.416648
4.978501 12.858223 -1.408578
5.018016 12.862173 1.351018
6.550317 12.938943 -1.431680
6.550265 12.939876 1.416648
8.273074 12.722961 -1.366050
8.273074 12.722960 1.351018
9.616176 12.360275 -1.366050
9.616176 12.360275 1.351018
10.334634 11.912205 -1.408578
10.334634 11.912205 1.393546
10.625417 11.021288 -1.366050
10.625417 11.021287 1.351018
10.248866 10.133012 -1.409940
10.248866 10.133011 1.394662
4.511381 16.519179 0.000579
4.027842 16.519312 -2.194355
8.940794 8.701511 -1.717467
8.940794 8.701511 1.644093
4.815488 16.336787 0.000580
4.315129 16.338359 -2.287508
9.205612 7.942844 -1.664872
9.205612 7.942843 1.591803
10.160250 8.603635 -1.460892
10.160250 8.603635 1.435986
11.065022 8.923174 -1.431680
11.065022 8.923173 1.416647
3.930465 11.275333 -0.000840
3.574126 11.261127 -1.752917
2.635817 16.519617 -4.055132
2.870923 16.342007 -4.227255
11.332343 9.631055 -1.366050
11.332343 9.631055 1.351018
2.443967 11.234680 -3.245098
0.531415 16.519836 -5.298464
0.680311 16.344766 -5.523354
0.785554 11.244345 -4.239836
11.392648 10.618918 -1.366050
11.392648 10.618917 1.351018
11.370703 11.646400 -1.366050
11.370703 11.646400 1.351018
-1.936245 16.519649 -5.735065
-1.892980 16.342857 -5.978483
-1.166194 11.229606 -4.597704
9.818651 13.098225 -1.366050
9.818651 13.098225 1.351018
-4.327853 16.518875 -5.298465
8.275912 13.622691 -1.366050
8.275912 13.622691 1.351019
-4.383535 16.334070 -5.523354
-3.097874 11.165797 -4.254272
-6.248638 16.517679 -4.055134
4.981372 14.098410 -1.366050
4.967929 14.055850 1.351019
-6.374401 16.320229 -4.227256
4.558643 13.838713 -1.366050
4.544909 13.801491 1.351019
3.745234 13.065523 -1.408578
3.314326 12.145235 -1.274169
3.314283 12.190924 1.259137
3.743666 13.082808 1.393546
3.382451 11.308749 -1.391562
3.382646 11.379137 1.390045
-4.794287 11.094580 -3.273906
-7.457048 16.516574 -2.194357
3.574055 11.363476 1.752450
0.292315 2.726941 -3.317027
-4.910154 2.235077 0.041446
-1.192364 2.381173 3.263789
-2.742737 2.657786 -3.330404
-3.842258 2.417702 -2.485920
-4.972652 2.564049 -1.431709
-4.905606 2.548945 1.393298
-3.927726 2.411016 2.406220
-2.763956 2.658239 3.321704
1.411721 2.543490 2.485791
2.452884 2.723560 1.408106
0.292317 2.738358 3.332597
