-13.402493 2.823518 -1.191557
-12.733298 4.417992 4.119029
-13.871121 0.360892 4.942601
-11.090724 2.823518 10.430490
-13.871120 0.360894 -1.284773
-12.508008 -3.171148 -1.013634
-12.508008 -3.171148 4.671461
-10.332415 -3.171148 9.923805
-11.488007 0.360892 10.695947
-10.103689 -6.228659 4.193213
-10.103689 -6.228658 -0.535386
-7.724147 -8.385952 3.719892
-8.294132 -6.228659 8.561868
-7.724147 -8.385952 -0.062067
-5.509525 -9.253098 0.378448
-5.509525 -9.253099 3.279377
-4.399388 -9.253099 5.959484
-6.276854 -8.385952 7.213966
-10.418067 4.515513 9.981034
-9.986876 5.403812 9.692921
-6.369675 4.515513 14.029425
-6.819130 2.823518 14.702083
-6.312444 -3.171148 13.943776
-7.084586 0.360892 15.099367
-4.950507 -6.228659 11.905492
-2.348123 -9.253099 8.010748
-3.602605 -8.385953 9.888213
-6.081563 5.403812 13.598235
-1.080200 4.515514 16.220398
-1.238027 2.823518 17.013850
-1.060103 -3.171149 16.119366
-1.331243 0.360892 17.482478
-0.581854 -6.228659 13.715047
0.331982 -9.253099 9.120882
-0.108533 -8.385953 11.335504
-0.979029 5.403812 15.711774
4.645086 4.515514 16.220396
4.802914 2.823518 17.013850
4.624991 -3.171149 16.119365
4.896130 0.360892 17.482477
4.146742 -6.228659 13.715045
3.232907 -9.253099 9.120881
3.673422 -8.385953 11.335501
4.543914 5.403812 15.711772
9.934564 4.515513 14.029422
10.384020 2.823518 14.702078
9.877335 -3.171148 13.943770
10.649477 0.360892 15.099361
8.515398 -6.228659 11.905487
5.913013 -9.253099 8.010744
7.167495 -8.385953 9.888208
9.646452 5.403812 13.598231
13.982954 4.515513 9.981033
14.655611 2.823518 10.430488
13.897303 -3.171148 9.923801
15.052895 0.360892 10.695944
11.859019 -6.228659 8.561864
7.964276 -9.253099 5.959480
9.841740 -8.385952 7.213961
13.551762 5.403812 9.692920
16.173924 4.515514 4.691558
16.967378 2.823518 4.849386
16.072893 -3.171148 4.671461
17.436006 0.360892 4.942602
13.668573 -6.228659 4.193212
9.074410 -9.253099 3.279375
11.289030 -8.385952 3.719891
15.665300 5.403812 4.590387
16.173924 4.515514 -1.033729
16.967378 2.823519 -1.191557
16.072893 -3.171147 -1.013634
17.436006 0.360894 -1.284773
13.668572 -6.228658 -0.535386
9.074410 -9.253098 0.378450
11.289030 -8.385952 -0.062066
-12.733298 4.417994 -0.461200
-12.100417 5.403812 4.590386
-11.090724 2.823521 -6.772661
-11.488007 0.360896 -7.038119
-10.332415 -3.171146 -6.265979
-8.294132 -6.228657 -4.904042
-10.418067 4.515516 -6.323205
-9.986876 5.403814 -6.035092
-6.369675 4.515517 -10.371596
-6.819130 2.823522 -11.044255
-7.084586 0.360897 -11.441539
-6.312444 -3.171144 -10.285949
-6.276854 -8.385950 -3.556141
-4.950507 -6.228656 -8.247666
-6.081563 5.403815 -9.940405
-1.080200 4.515517 -12.562569
-1.238027 2.823522 -13.356023
-1.331243 0.360899 -13.824652
-1.060103 -3.171144 -12.461539
-3.602605 -8.385950 -6.230388
-0.581854 -6.228656 -10.057221
-0.979029 5.403815 -12.053943
4.645086 4.515517 -12.562569
4.802914 2.823523 -13.356021
4.896130 0.360898 -13.824651
4.624991 -3.171144 -12.461537
-0.108533 -8.385950 -7.677679
4.146742 -6.228656 -10.057219
4.543914 5.403815 -12.053941
9.934564 4.515517 -10.371592
10.384020 2.823522 -11.044249
10.649477 0.360897 -11.441533
9.877335 -3.171144 -10.285943
3.673422 -8.385950 -7.677678
8.515398 -6.228656 -8.247661
9.646452 5.403815 -9.940401
13.982954 4.515516 -6.323203
14.655611 2.823521 -6.772659
15.052895 0.360896 -7.038116
13.897303 -3.171146 -6.265975
7.167495 -8.385950 -6.230385
11.859019 -6.228657 -4.904038
13.551762 5.403814 -6.035091
9.841740 -8.385950 -3.556136
15.665300 5.403812 -0.932557
-12.100417 5.403812 -0.932557
-4.399388 -9.253097 -2.301659
-2.348123 -9.253097 -4.352924
0.331982 -9.253097 -5.463060
3.232907 -9.253097 -5.463058
5.913013 -9.253097 -4.352920
7.964276 -9.253098 -2.301655
15.314537 -4.366246 4.553093
15.891315 -4.262349 4.802225
14.837320 -4.828614 3.666347
15.945491 -4.665552 3.656950
16.675946 -4.416488 3.885792
15.040340 -5.333826 1.918660
16.532253 -4.802673 2.847600
16.955388 -4.861637 1.504656
15.040340 -5.333825 -0.865607
16.955388 -4.861637 -0.451603
16.268758 -3.573353 3.805334
15.991667 -4.020949 4.742962
16.719765 -4.038951 3.745762
17.056534 -3.547826 1.877956
18.001405 -4.575717 1.504656
18.001405 -4.575717 -0.451602
17.458937 -4.504428 2.907662
17.056534 -3.547825 -0.824902
17.273839 -4.082169 2.934586
15.314537 -4.366244 -3.500040
15.891316 -4.262347 -3.749172
16.675946 -4.416487 -2.832738
15.945491 -4.665551 -2.603897
14.837321 -4.828613 -2.613293
16.532254 -4.802673 -1.794547
16.268758 -3.573352 -2.752280
15.991667 -4.020947 -3.689908
16.719765 -4.038950 -2.692709
17.458936 -4.504427 -1.854609
17.273839 -4.082168 -1.881532
-9.575027 0.562212 4.088055
-7.845956 0.562211 8.262405
-3.439176 -4.173639 5.317890
-4.651045 0.562211 11.457314
-1.706531 -4.173639 7.050536
-0.476698 0.562211 13.186385
0.557279 -4.173639 7.988236
4.041584 0.562211 13.186385
3.007609 -4.173639 7.988235
8.215935 0.562211 11.457311
5.271420 -4.173639 7.050533
11.410841 0.562211 8.262403
7.004064 -4.173639 5.317888
13.139912 0.562211 4.088055
7.941764 -4.173639 3.054079
13.139912 0.562212 -0.430227
-9.575027 0.562212 -0.430227
-7.845955 0.562213 -4.604576
-4.376878 -4.173638 0.603748
-3.439176 -4.173638 -1.660063
-4.651045 0.562214 -7.799486
-1.706531 -4.173637 -3.392709
-0.476698 0.562215 -9.528557
0.557279 -4.173637 -4.330409
4.041584 0.562215 -9.528555
3.007609 -4.173637 -4.330408
8.215935 0.562214 -7.799482
5.271420 -4.173637 -3.392707
11.410841 0.562213 -4.604575
7.004064 -4.173638 -1.660061
7.941764 -4.173638 0.603748
-4.376878 -4.173639 3.054079
-2.345945 -9.253098 1.007724
-1.717435 -9.253098 -0.509635
-0.556100 -9.253098 -1.670969
0.961256 -9.253098 -2.299479
2.603631 -9.253098 -2.299477
4.120989 -9.253098 -1.670966
5.282323 -9.253098 -0.509632
5.910831 -9.253098 1.007725
-2.345945 -9.253099 2.650101
5.910831 -9.253099 2.650100
5.282323 -9.253099 4.167456
4.120989 -9.253099 5.328791
2.603631 -9.253099 5.957302
0.961256 -9.253099 5.957303
-0.556100 -9.253099 5.328794
-1.717435 -9.253099 4.167459
-11.077553 -4.366245 -3.500040
-11.554161 -4.262347 -3.749171
-10.700506 -4.828613 -2.613293
-11.808678 -4.665551 -2.603896
-12.539133 -4.416487 -2.832738
-10.903526 -5.333825 -0.865607
-12.395442 -4.802673 -1.794546
-12.818576 -4.861637 -0.451602
-10.903526 -5.333825 1.918661
-12.818576 -4.861638 1.504657
-12.031773 -3.573352 -2.752280
-11.654512 -4.020948 -3.689908
-12.582951 -4.038950 -2.692709
-12.919720 -3.547826 -0.824902
-13.864594 -4.575717 -0.451602
-13.864594 -4.575717 1.504657
-13.322124 -4.504427 -1.854609
-12.919720 -3.547826 1.877957
-13.137025 -4.082169 -1.881532
-11.177724 -4.366246 4.553094
-11.754503 -4.262349 4.802226
-12.539133 -4.416488 3.885793
-11.808678 -4.665552 3.656951
-10.700506 -4.828614 3.666348
-12.395442 -4.802673 2.847601
-12.131944 -3.573353 3.805335
-11.854854 -4.020949 4.742963
-12.582951 -4.038951 3.745763
-13.322124 -4.504428 2.907663
-13.137025 -4.082169 2.934587
-13.702899 2.823518 1.828915
-12.710765 3.521467 4.711792
-14.094221 2.125570 4.986979
-12.524147 2.823518 7.754898
-14.180797 0.360892 1.828914
-13.418791 -1.404456 4.852628
-12.965666 0.360893 7.937782
-10.338834 -6.228659 1.828913
-11.367995 -4.938512 4.444699
-8.839383 -7.518806 3.941726
-9.416155 -6.228659 6.467526
-7.912217 -8.385952 1.828913
-6.612874 -9.036312 3.498846
-7.174254 -8.385952 5.538900
-11.807654 4.491134 7.302116
-10.331829 5.509562 9.923412
-10.504305 3.521466 10.038657
-8.595190 4.515513 12.206549
-11.677144 2.125570 10.822323
-9.167345 2.823518 12.778705
-11.104539 -1.404456 10.439723
-9.505270 0.360893 13.116631
-9.365959 -4.938512 9.278040
-7.222305 -7.518806 7.845695
-6.788593 -6.228659 10.399952
-5.334761 -9.036312 6.584480
-5.072714 -8.385952 8.684074
-6.312053 5.509562 13.943187
-6.427297 3.521465 14.115663
-3.833889 4.515514 15.387949
-7.210963 2.125570 15.288503
-4.143538 2.823518 16.135506
-6.828362 -1.404456 14.715901
-4.326421 0.360892 16.577026
-5.666679 -4.938512 12.977319
-4.234335 -7.518806 10.833664
-2.856166 -6.228659 13.027515
-2.973119 -9.036313 8.946121
-1.927539 -8.385953 10.785612
-1.059966 5.509562 16.118674
-1.100434 3.521466 16.322122
1.782442 4.515514 16.505104
-1.375620 2.125570 17.705580
1.782442 2.823518 17.314255
-1.241269 -1.404456 17.030151
1.782443 0.360892 17.792154
-0.833340 -4.938512 14.979353
-0.330367 -7.518806 12.450740
1.782444 -6.228659 13.950189
0.112513 -9.036313 10.224230
1.782444 -8.385953 11.523572
4.624852 5.509562 16.118672
4.665321 3.521466 16.322121
7.398779 4.515513 15.387946
4.940508 2.125570 17.705577
7.708427 2.823518 16.135501
4.806157 -1.404456 17.030150
7.891311 0.360892 16.577022
4.398228 -4.938512 14.979352
3.895256 -7.518806 12.450737
6.421056 -6.228659 13.027512
3.452376 -9.036313 10.224228
5.492429 -8.385953 10.785608
9.876942 5.509562 13.943184
9.992188 3.521465 14.115660
12.160078 4.515513 12.206544
10.775853 2.125570 15.288496
12.732234 2.823518 12.778700
10.393253 -1.404456 14.715895
13.070160 0.360892 13.116624
9.231570 -4.938512 12.977315
7.799225 -7.518806 10.833659
10.353481 -6.228659 10.399947
6.538009 -9.036313 8.946117
8.637604 -8.385952 8.684069
13.896716 5.509562 9.923410
14.069191 3.521466 10.038655
15.341475 4.515514 7.445249
15.242030 2.125570 10.822321
16.089030 2.823518 7.754898
14.669429 -1.404456 10.439720
16.530553 0.360892 7.937781
12.930847 -4.938512 9.278036
10.787191 -7.518806 7.845691
12.981041 -6.228659 6.467524
8.899649 -9.036312 6.584476
10.739139 -8.385952 5.538897
16.072200 5.509562 4.671324
16.275648 3.521467 4.711793
16.458632 4.515514 1.828915
17.659106 2.125570 4.986979
17.267783 2.823518 1.828915
16.983678 -1.404456 4.852628
17.745682 0.360892 1.828914
14.932881 -4.938512 4.444698
12.404265 -7.518806 3.941725
13.903716 -6.228659 1.828913
10.177758 -9.036312 3.498845
11.477100 -8.385952 1.828913
-12.942409 4.593363 1.828915
-12.507317 5.509562 4.671324
-12.995284 4.096339 1.828915
-14.094221 2.125571 -1.329150
-12.710765 3.521467 -1.053963
-12.524147 2.823520 -4.097068
-12.790717 -3.171148 1.828913
-11.367995 -4.938512 -0.786872
-13.418791 -1.404455 -1.194800
-11.681400 -3.171146 -3.747995
-8.839383 -7.518805 -0.283901
-9.416155 -6.228658 -2.809700
-11.807654 4.491135 -3.644287
-10.504305 3.521469 -6.380827
-10.331829 5.509565 -6.265582
-8.595190 4.515517 -8.548719
-11.677144 2.125573 -7.164494
-9.167345 2.823522 -9.120876
-9.365959 -4.938510 -5.620214
-11.104541 -1.404453 -6.781896
-8.522335 -3.171145 -8.475870
-7.222305 -7.518803 -4.187870
-6.788593 -6.228656 -6.742126
-6.427297 3.521470 -10.457835
-6.312053 5.509565 -10.285358
-3.833889 4.515517 -11.730118
-7.210963 2.125574 -11.630675
-4.143538 2.823522 -12.477678
-5.666679 -4.938509 -9.319493
-6.828362 -1.404452 -11.058073
-3.794460 -3.171144 -11.634933
-4.234335 -7.518803 -7.175839
-2.856166 -6.228656 -9.369689
-1.100434 3.521471 -12.664294
-1.059966 5.509565 -12.460843
1.782442 4.515517 -12.847276
-1.375620 2.125574 -14.047752
1.782442 2.823523 -13.656427
-0.833340 -4.938509 -11.321529
-1.241269 -1.404450 -13.372324
1.782443 -3.171143 -12.744246
-0.330367 -7.518803 -8.792915
1.782444 -6.228656 -10.292365
4.665321 3.521471 -12.664293
4.624852 5.509565 -12.460841
7.398779 4.515517 -11.730115
4.940508 2.125574 -14.047749
7.708427 2.823522 -12.477673
4.398228 -4.938509 -11.321526
4.806157 -1.404451 -13.372322
7.359351 -3.171144 -11.634929
3.895256 -7.518803 -8.792912
6.421056 -6.228656 -9.369685
9.992188 3.521470 -10.457831
9.876942 5.509565 -10.285353
12.160078 4.515517 -8.548716
10.775853 2.125574 -11.630669
12.732234 2.823521 -9.120871
9.231570 -4.938509 -9.319489
10.393253 -1.404452 -11.058067
12.087225 -3.171145 -8.475864
7.799225 -7.518803 -7.175834
10.353481 -6.228656 -6.742121
14.069191 3.521469 -6.380826
13.896716 5.509565 -6.265581
15.341475 4.515516 -3.787420
15.242030 2.125573 -7.164491
16.089030 2.823521 -4.097068
12.930847 -4.938510 -5.620210
14.669429 -1.404453 -6.781892
15.246288 -3.171146 -3.747993
10.787191 -7.518803 -4.187866
12.981040 -6.228658 -2.809698
16.275648 3.521467 -1.053963
16.072200 5.509562 -1.013495
17.659106 2.125571 -1.329151
14.932881 -4.938512 -0.786872
16.983678 -1.404455 -1.194800
16.355602 -3.171148 1.828914
12.404265 -7.518805 -0.283899
-12.507317 5.509562 -1.013494
-6.612874 -9.036312 0.158979
-7.174254 -8.385951 -1.881075
-5.334762 -9.036310 -2.926656
-5.072715 -8.385950 -5.026250
-2.973119 -9.036310 -5.288297
-1.927539 -8.385950 -7.127788
0.112513 -9.036310 -6.566408
1.782444 -8.385950 -7.865749
3.452377 -9.036310 -6.566406
5.492430 -8.385950 -7.127785
6.538010 -9.036310 -5.288293
8.637604 -8.385950 -5.026245
8.899649 -9.036311 -2.926651
10.739139 -8.385951 -1.881072
10.177758 -9.036312 0.158980
-11.681400 -3.171148 7.405821
-8.522335 -3.171148 12.133696
-3.794460 -3.171148 15.292761
1.782443 -3.171149 16.402074
7.359351 -3.171148 15.292757
12.087225 -3.171148 12.133691
15.246288 -3.171148 7.405820
-12.965666 0.360895 -4.279953
-9.505270 0.360897 -9.458803
-4.326421 0.360898 -12.919199
1.782443 0.360899 -14.134326
7.891311 0.360897 -12.919194
13.070160 0.360897 -9.458797
16.530553 0.360896 -4.279953
14.758388 -4.216081 5.004701
15.718358 -4.325656 4.739942
14.795284 -4.395476 4.303962
15.750349 -4.516154 4.103254
15.649757 -4.937477 2.787537
15.974376 -5.018534 1.608157
14.909093 -5.171486 2.910618
13.975646 -5.856432 1.745850
14.893195 -5.503977 0.526527
16.034494 -3.854216 4.683698
15.823454 -3.376268 4.004935
16.714061 -3.770438 3.605733
16.582834 -3.426540 2.884308
17.044214 -4.790652 2.482785
17.719142 -4.751308 1.504656
16.910976 -4.897130 0.526527
18.179057 -4.575717 2.482785
17.785947 -4.214634 1.597981
17.912579 -4.575717 0.526527
17.517924 -3.966016 2.735609
17.434755 -4.317142 2.914393
16.898634 -4.000033 3.250330
15.169553 -4.124860 5.165407
15.945168 -4.164666 4.787409
16.448355 -4.369628 4.391526
15.264557 -4.805593 3.428109
16.129582 -4.774403 3.232345
16.468571 -4.533266 3.828581
16.497389 -4.084174 4.287701
15.344275 -3.903501 5.154884
16.903128 -4.446798 3.364633
16.711662 -4.267592 3.850784
17.205173 -4.660710 2.892647
17.042278 -3.470576 0.526527
16.190773 -2.719802 1.696018
14.410083 -4.851634 3.904585
15.718358 -4.325655 -3.686889
14.758388 -4.216080 -3.951648
15.750349 -4.516153 -3.050201
14.795284 -4.395475 -3.250908
15.974376 -5.018534 -0.555104
15.649757 -4.937477 -1.734484
13.975646 -5.856432 -0.692797
14.909093 -5.171485 -1.857565
15.823454 -3.376267 -2.951881
16.034494 -3.854214 -3.630645
16.582834 -3.426539 -1.831254
16.714061 -3.770437 -2.552680
17.719142 -4.751308 -0.451603
17.044214 -4.790652 -1.429732
17.785947 -4.214633 -0.544927
18.179057 -4.575717 -1.429732
17.434755 -4.317142 -1.861340
17.517924 -3.966015 -1.682555
16.898634 -4.000032 -2.197277
15.945168 -4.164664 -3.734356
15.169553 -4.124858 -4.112354
16.448355 -4.369627 -3.338473
15.264557 -4.805592 -2.375055
16.468571 -4.533265 -2.775528
16.129584 -4.774403 -2.179292
16.497389 -4.084172 -3.234647
15.344275 -3.903500 -4.101831
16.711662 -4.267591 -2.797731
16.903128 -4.446797 -2.311580
17.205173 -4.660709 -1.839594
16.190773 -2.719801 -0.642963
14.410083 -4.851633 -2.851532
-12.375063 5.403812 1.828915
-11.693517 5.298061 4.509449
-11.297386 5.403812 7.246756
-8.918074 0.562211 6.261213
-6.049986 -4.173639 7.062378
-9.641924 5.298061 9.462431
-6.407378 0.562211 10.018736
-8.228423 5.403812 11.839782
-3.451018 -4.173639 9.661346
-5.851073 5.298061 13.253282
-2.649854 0.562211 12.529433
-3.635397 5.403812 14.908743
-0.055304 -4.173639 11.067897
-0.898092 5.298061 15.304875
1.782442 0.562211 13.411070
1.782442 5.403812 15.986418
3.620191 -4.173639 11.067896
4.462977 5.298061 15.304872
6.214743 0.562211 12.529430
7.200285 5.403812 14.908740
7.015907 -4.173639 9.661343
9.415961 5.298061 13.253279
9.972266 0.562211 10.018733
11.793311 5.403812 11.839778
9.614874 -4.173639 7.062375
13.206810 5.298061 9.462430
12.482959 0.562211 6.261213
14.862270 5.403812 7.246756
11.021423 -4.173639 3.666661
15.258400 5.298061 4.509450
13.364598 0.562211 1.828914
15.939946 5.403812 1.828915
-11.693517 5.298063 -0.851619
-8.918073 0.562212 -2.603385
-9.799713 0.562212 1.828914
-7.456538 -4.173638 -0.008835
-11.297386 5.403812 -3.588926
-9.641924 5.298063 -5.804602
-6.049986 -4.173637 -3.404551
-6.407377 0.562214 -6.360908
-8.228423 5.403815 -8.181952
-5.851073 5.298066 -9.595452
-3.451018 -4.173637 -6.003520
-2.649854 0.562214 -8.871604
-3.635397 5.403815 -11.250912
-0.898092 5.298066 -11.647044
-0.055304 -4.173636 -7.410071
1.782442 0.562215 -9.753241
1.782442 5.403815 -12.328587
4.462977 5.298066 -11.647041
3.620191 -4.173636 -7.410069
6.214743 0.562215 -8.871601
7.200286 5.403815 -11.250911
9.415961 5.298066 -9.595448
7.015907 -4.173637 -6.003517
9.972266 0.562214 -6.360905
11.793311 5.403815 -8.181949
13.206810 5.298063 -5.804601
9.614874 -4.173637 -3.404549
12.482959 0.562212 -2.603385
14.862270 5.403812 -3.588927
15.258400 5.298063 -0.851620
11.021423 -4.173638 -0.008834
-3.281149 -4.173639 3.926323
-2.093062 -4.173639 5.704421
-0.314964 -4.173639 6.892508
1.782443 -4.173639 7.309708
3.879853 -4.173639 6.892506
5.657951 -4.173639 5.704419
6.846037 -4.173639 3.926322
7.263237 -4.173639 1.828913
6.846037 -4.173638 -0.268495
5.657951 -4.173637 -2.046592
3.879853 -4.173637 -3.234680
1.782443 -4.173637 -3.651881
-0.314964 -4.173637 -3.234681
-2.093062 -4.173638 -2.046594
-3.281149 -4.173638 -0.268496
-3.698351 -4.173639 1.828913
-7.456538 -4.173639 3.666662
-5.653783 -9.253099 1.828913
-4.410139 -9.253098 0.597130
-5.087733 -9.253098 -1.016811
-3.467374 -9.253098 -1.678908
-3.475761 -9.253097 -3.429297
-1.725372 -9.253098 -3.420910
-1.063275 -9.253097 -5.041269
0.550663 -9.253098 -4.363674
1.782444 -9.253097 -5.607317
3.014225 -9.253098 -4.363672
4.628165 -9.253097 -5.041266
5.290261 -9.253098 -3.420906
7.040651 -9.253097 -3.429292
7.032262 -9.253098 -1.678904
8.652619 -9.253098 -1.016808
7.975025 -9.253098 0.597131
9.218668 -9.253099 1.828912
-1.891151 -9.253099 1.828912
-1.611515 -9.253098 0.423087
-0.815179 -9.253098 -0.768713
0.376621 -9.253098 -1.565048
1.782444 -9.253098 -1.844683
3.188268 -9.253098 -1.565047
4.380067 -9.253098 -0.768711
5.176402 -9.253098 0.423089
5.456037 -9.253099 1.828912
7.975025 -9.253099 3.060694
5.176402 -9.253099 3.234736
7.032262 -9.253099 5.336728
4.380067 -9.253099 4.426535
5.290261 -9.253099 7.078731
3.188268 -9.253099 5.222871
3.014225 -9.253099 8.021497
1.782444 -9.253099 5.502508
0.550663 -9.253099 8.021498
0.376621 -9.253099 5.222873
-1.725372 -9.253099 7.078735
-0.815179 -9.253099 4.426538
-3.467374 -9.253099 5.336732
-1.611515 -9.253099 3.234738
-4.410139 -9.253099 3.060695
-5.087733 -9.253099 4.674636
-3.475761 -9.253099 7.087122
-1.063275 -9.253099 8.699092
1.782444 -9.253099 9.265139
4.628165 -9.253099 8.699089
7.040651 -9.253099 7.087117
8.652619 -9.253099 4.674633
-10.421231 -4.216080 -3.951648
-11.406245 -4.325655 -3.686889
-10.658470 -4.395475 -3.250908
-11.588493 -4.516153 -3.050200
-11.512946 -4.937477 -1.734484
-11.837564 -5.018534 -0.555103
-10.772279 -5.171485 -1.857564
-9.838832 -5.856432 -0.692797
-10.756381 -5.503976 0.526527
-11.697339 -3.854214 -3.630644
-11.486299 -3.376267 -2.951881
-12.577248 -3.770437 -2.552679
-12.420978 -3.426539 -1.831253
-12.907402 -4.790652 -1.429732
-13.582330 -4.751308 -0.451602
-12.774164 -4.897130 0.526527
-14.042245 -4.575717 -1.429732
-13.649133 -4.214634 -0.544927
-13.775768 -4.575717 0.526527
-13.381110 -3.966015 -1.682555
-13.297942 -4.317142 -1.861339
-12.761821 -4.000032 -2.197276
-10.632056 -4.124858 -4.112353
-11.608012 -4.164664 -3.734356
-12.261456 -4.369626 -3.338472
-11.127744 -4.805592 -2.375055
-11.992770 -4.774403 -2.179291
-12.331758 -4.533265 -2.775527
-12.310490 -4.084172 -3.234647
-10.806778 -3.903500 -4.101830
-12.766315 -4.446797 -2.311579
-12.574849 -4.267591 -2.797730
-13.068361 -4.660709 -1.839593
-12.905464 -3.470576 0.526527
-12.053960 -2.719801 -0.642963
-10.273268 -4.851633 -2.851532
-11.581544 -4.325656 4.739943
-10.621573 -4.216081 5.004702
-11.613536 -4.516154 4.103255
-10.658470 -4.395476 4.303963
-11.837564 -5.018534 1.608158
-11.512946 -4.937477 2.787538
-9.838832 -5.856432 1.745851
-10.772279 -5.171486 2.910618
-11.686641 -3.376268 4.004936
-11.897681 -3.854216 4.683699
-12.446021 -3.426540 2.884308
-12.577248 -3.770438 3.605734
-13.582330 -4.751308 1.504657
-12.907402 -4.790652 2.482786
-13.649133 -4.214634 1.597982
-14.042245 -4.575717 2.482786
-13.297942 -4.317142 2.914394
-13.381110 -3.966016 2.735610
-12.761821 -4.000033 3.250331
-11.808354 -4.164665 4.787410
-11.032739 -4.124860 5.165408
-12.311542 -4.369628 4.391527
-11.127744 -4.805593 3.428109
-12.331758 -4.533266 3.828582
-11.992770 -4.774403 3.232346
-12.360576 -4.084174 4.287702
-11.207462 -3.903501 5.154885
-12.574849 -4.267592 3.850785
-12.766315 -4.446798 3.364634
-13.068361 -4.660710 2.892647
-12.053960 -2.719802 1.696018
-10.273268 -4.851634 3.904586
1.782443 -1.404456 17.330878
7.714788 -1.404456 16.150859
-12.955876 4.466753 1.828915
-6.127260 -9.036311 -1.447397
-13.719521 -1.404455 1.828914
-12.539502 -1.404456 7.761259
5.058751 -9.036313 9.738614
-4.271381 -9.036310 -4.224916
-12.539505 -1.404453 -4.103431
12.743987 -1.404452 -9.132625
-6.778960 -9.036312 1.828913
-6.127260 -9.036312 5.105222
12.743988 -1.404456 12.790453
-1.493861 -9.036310 -6.080795
1.782443 -1.404450 -13.673050
7.836269 -9.036312 7.882736
-9.179097 -1.404456 12.790459
1.782444 -9.036310 -6.732491
5.058751 -9.036310 -6.080792
-4.271380 -9.036312 7.882742
7.836270 -9.036311 -4.224911
16.104388 -1.404456 7.761258
-9.179098 -1.404453 -9.132632
-4.149898 -1.404456 16.150862
9.692146 -9.036311 -1.447394
9.692146 -9.036312 5.105219
-1.493860 -9.036313 9.738619
16.487041 -4.250455 -3.312517
7.714788 -1.404451 -12.493030
16.104388 -1.404454 -4.103430
-12.549501 -4.592423 3.331562
17.284406 -1.404456 1.828914
16.247424 -4.454067 4.319458
1.782444 -9.036313 10.390314
-4.149898 -1.404451 -12.493034
10.343843 -9.036312 1.828913
15.926486 -5.105438 0.526527
17.641422 -4.760181 0.526527
17.715764 -4.195322 0.526527
16.925430 -4.271384 3.336057
16.487042 -4.250456 4.365570
16.686314 -4.592423 3.331561
16.247426 -4.454065 -3.266405
16.925432 -4.271383 -2.283004
16.686314 -4.592422 -2.278508
-11.789674 -5.105438 0.526527
1.782444 -4.173635 1.828914
1.782443 -9.253098 1.828912
-12.066785 -4.454066 -3.266405
-13.504608 -4.760181 0.526527
-13.578952 -4.195322 0.526527
-12.788618 -4.271382 -2.283003
-12.300143 -4.250455 -3.312516
-12.549501 -4.592422 -2.278507
-12.110611 -4.454067 4.319459
-12.788618 -4.271384 3.336058
-12.350229 -4.250456 4.365571
14.410083 -4.257354 4.843996
-10.273268 -4.257352 -3.790942
15.456136 -3.732091 5.144362
-10.918639 -3.732089 -4.091308
-10.273268 -4.257354 4.843997
-11.319322 -3.732091 5.144363
14.410083 -4.257352 -3.790942
15.456136 -3.732089 -4.091309
12.233432 3.521465 12.279898
12.086725 5.509562 12.133192
13.231036 2.125570 13.277502
9.441794 -7.518806 9.488260
11.265167 -4.938512 11.311633
15.437314 3.521467 7.484948
15.245634 5.509562 7.405550
16.740749 2.125570 8.024847
11.789865 -7.518806 5.974123
14.172217 -4.938512 6.960925
16.562369 3.521466 1.828915
16.354895 5.509562 1.828915
17.973195 2.125570 1.828914
12.614398 -7.518806 1.828913
15.193036 -4.938512 1.828913
-12.790012 5.509562 1.828915
-11.872429 3.521468 -3.827118
-13.175862 2.125571 -4.367019
-10.607330 -4.938511 -3.303101
-8.224981 -7.518804 -2.316300
-11.680750 5.509563 -3.747720
-8.521837 5.509565 -8.475365
-8.668543 3.521470 -8.622073
-9.666148 2.125573 -9.619679
-7.700278 -4.938509 -7.653812
-5.876907 -7.518803 -5.830441
-3.794191 5.509565 -11.634277
-3.873588 3.521471 -11.825960
-4.413487 2.125574 -13.129395
-3.349566 -4.938509 -10.560864
-2.362765 -7.518803 -8.178514
1.782442 5.509565 -12.743538
1.782442 3.521471 -12.951013
1.782443 2.125575 -14.361841
1.782443 -4.938509 -11.581685
1.782444 -7.518803 -9.003046
7.359080 5.509565 -11.634273
7.438477 3.521471 -11.825957
6.914457 -4.938509 -10.560860
5.927655 -7.518803 -8.178510
12.086725 5.509563 -8.475362
12.233432 3.521470 -8.622070
13.231036 2.125573 -9.619675
11.265167 -4.938509 -7.653807
9.441794 -7.518803 -5.830435
15.245634 5.509563 -3.747721
15.437314 3.521469 -3.827118
16.740749 2.125571 -4.367019
14.172217 -4.938511 -3.303099
11.789865 -7.518804 -2.316297
15.035330 -4.172639 5.125230
15.105203 -4.567066 3.814981
16.148938 -4.830716 2.558973
15.402893 -4.974562 3.100056
14.301473 -5.399974 2.895196
-12.997485 3.521466 1.828915
-14.408311 2.125570 1.828914
-13.175862 2.125570 8.024847
16.493565 -3.894334 4.183875
16.965631 -3.716381 3.079552
16.098943 -3.034240 2.857992
17.874588 -4.733562 2.482785
-11.872429 3.521467 7.484947
18.034534 -4.319181 2.545991
-11.628152 -4.938512 1.828913
-9.049516 -7.518806 1.828913
15.244664 -4.044546 5.162776
-8.224981 -7.518806 5.974125
-10.607330 -4.938512 6.960927
16.190773 -2.569480 0.526527
15.035330 -4.172638 -4.072177
-11.680750 5.509562 7.405550
15.105203 -4.567065 -2.761928
-8.668543 3.521465 12.279902
16.148938 -4.830715 -1.505920
14.301474 -5.399973 -1.842142
15.402893 -4.974561 -2.047003
-8.521837 5.509562 12.133195
16.098943 -3.034239 -1.804938
16.965631 -3.716380 -2.026498
16.493564 -3.894333 -3.130821
17.874588 -4.733561 -1.429732
18.034534 -4.319181 -1.492937
-9.666148 2.125570 13.277507
15.244664 -4.044545 -4.109723
13.758428 -6.061691 0.526527
-5.876907 -7.518806 9.488266
-11.960114 5.298061 1.828915
-10.914023 5.298061 7.087961
-6.922124 -4.173639 5.434465
-7.935011 5.298061 11.546368
-4.879744 -4.173639 8.491103
-3.476603 5.298061 14.525381
-1.823105 -4.173639 10.533485
1.782442 5.298061 15.571471
1.782443 -4.173639 11.250671
7.041491 5.298061 14.525378
5.387994 -4.173639 10.533482
11.499898 5.298061 11.546365
8.444632 -4.173639 8.491100
14.478907 5.298061 7.087962
10.487011 -4.173639 5.434464
15.524997 5.298061 1.828915
11.204199 -4.173639 1.828913
-10.914023 5.298063 -3.430132
-7.639314 -4.173639 1.828913
-6.922125 -4.173638 -1.776638
-4.879744 -4.173637 -4.833277
-7.935011 5.298063 -7.888539
-1.823105 -4.173636 -6.875658
-3.476603 5.298066 -10.867551
1.782443 -4.173636 -7.592844
1.782442 5.298066 -11.913638
5.387994 -4.173636 -6.875656
7.041491 5.298066 -10.867548
-7.700278 -4.938512 11.311638
11.499898 5.298064 -7.888536
10.487011 -4.173638 -1.776637
14.478907 5.298063 -3.430133
-3.873588 3.521466 15.483788
-4.532648 -9.253099 1.828913
-4.051939 -9.253098 -0.587771
-2.682999 -9.253098 -2.636536
-0.634236 -9.253098 -4.005475
1.782444 -9.253098 -4.486181
4.199125 -9.253098 -4.005472
6.247889 -9.253098 -2.636531
7.616826 -9.253098 -0.587768
8.097533 -9.253099 1.828913
-3.794191 5.509562 15.292107
7.616827 -9.253099 4.245593
6.247889 -9.253099 6.294356
4.199125 -9.253099 7.663297
1.782444 -9.253099 8.144005
-0.634236 -9.253099 7.663299
-2.682999 -9.253099 6.294360
-4.051939 -9.253099 4.245596
-10.547919 -4.172638 -4.072176
-4.413487 2.125570 16.787222
-10.968389 -4.567065 -2.761927
-2.362765 -7.518806 11.836339
-12.012125 -4.830715 -1.505920
-11.266080 -4.974561 -2.047002
-10.164659 -5.399973 -1.842142
-9.621614 -6.061691 0.526527
7.978378 2.125574 -13.129390
-3.349566 -4.938512 14.218690
-12.306667 -3.894333 -3.130821
-12.828816 -3.716380 -2.026498
-11.912044 -3.034239 -1.804938
-13.737776 -4.733561 -1.429732
1.782442 3.521466 16.608841
-13.897720 -4.319181 -1.492937
1.782442 5.509562 16.401367
1.782443 2.125570 18.019669
-10.707167 -4.044545 -4.109722
1.782444 -7.518806 12.660870
1.782443 -4.938513 15.239508
-12.053960 -2.569480 0.526528
-10.898517 -4.172639 5.125231
7.438477 3.521466 15.483784
-10.968389 -4.567066 3.814982
7.359080 5.509562 15.292105
-12.012125 -4.830716 2.558974
-10.164659 -5.399974 2.895197
-11.266080 -4.974562 3.100057
7.978378 2.125570 16.787218
-11.962129 -3.034240 2.857993
-12.828816 -3.716381 3.079553
-12.356752 -3.894334 4.183876
-13.737776 -4.733562 2.482786
-13.897720 -4.319181 2.545992
5.927655 -7.518806 11.836336
-11.107851 -4.044546 5.162777
6.914457 -4.938512 14.218686
8.444632 -4.173637 -4.833274
