-13.605252 15.962541 0.000000
15.754869 15.569519 0.214080
1.300246 10.966631 0.000000
7.713248 16.183851 0.214080
8.395065 11.429910 0.214080
5.076757 1.643793 0.000000
6.638231 0.892644 0.000000
5.782209 11.385070 0.214080
5.003608 16.351147 0.000000
15.705956 13.056141 0.214080
8.073258 13.906152 0.214080
5.326201 14.000192 0.214080
-15.948134 14.198273 0.000000
8.826823 7.682106 0.214080
5.970394 7.760187 0.214080
3.455580 7.655657 0.000000
-8.446744 16.459070 0.000000
-5.520174 14.083301 0.214080
-2.823214 11.954118 0.000000
5.891949 9.938316 0.214080
2.749543 9.390184 0.000000
6.461571 16.241308 0.214080
6.509234 13.940734 0.214080
5.627291 16.316811 0.214080
5.969066 13.952677 0.214080
8.544497 0.927861 0.000000
3.831690 6.387112 0.000000
6.085204 6.182772 0.214080
9.066786 6.072061 0.214080
4.457851 3.809921 0.000000
6.303064 2.978077 0.214080
9.525263 3.381137 0.214080
9.200059 0.168292 0.214080
9.948782 0.555970 0.214080
8.813578 0.000000 0.000000
-0.621950 16.525436 0.000000
1.011586 14.034296 0.214080
1.524762 11.521706 0.214080
3.385419 9.473125 0.214080
4.044233 7.690406 0.214080
4.425772 6.319184 0.214080
5.062963 3.533394 0.214080
14.663634 11.674589 0.214080
8.307366 12.181093 0.214080
6.788178 12.150443 0.214080
6.263495 12.139858 0.214080
5.557535 12.120570 0.214080
2.131254 12.192325 0.214080
-3.321307 12.509087 0.214080
-8.036880 16.013037 0.214080
-0.294216 16.025642 0.214080
5.128274 15.808820 0.214080
5.678554 15.835351 0.214080
6.362011 15.807505 0.214080
7.785478 15.726879 0.214080
15.889203 15.304440 0.214080
5.609881 16.757647 0.214080
6.129946 16.395601 0.214080
6.447790 16.340223 0.214080
5.755535 16.609612 0.214080
5.668055 16.783377 0.214080
5.881844 16.492947 0.214080
-15.405467 14.189669 0.214080
-13.422362 15.543249 0.214080
-13.290146 12.424756 0.214080
-2.472148 16.559055 0.000000
-1.966358 16.020239 0.214080
-0.432100 14.045126 0.214080
15.948134 14.144228 0.214080
7.925250 14.842578 0.214080
6.433515 14.900840 0.214080
5.819652 14.920963 0.214080
5.230898 14.986971 0.214080
0.339994 15.058473 0.214080
-1.221190 15.060954 0.214080
-6.723367 15.069700 0.214080
-14.377715 15.042998 0.214080
-14.837024 15.282256 0.000000
-15.116057 13.041108 0.000000
-14.678187 13.223580 0.214080
-4.292624 13.217763 0.214080
0.698405 12.905496 0.214080
1.667277 12.890260 0.214080
5.382552 12.910792 0.214080
6.137666 12.914601 0.214080
6.668966 12.915559 0.214080
8.207317 12.918331 0.214080
15.371993 12.389566 0.214080
-4.967235 16.545416 0.000000
-4.495439 16.044300 0.214080
-3.582451 15.064708 0.214080
-2.615647 14.061509 0.214080
-1.435199 13.003500 0.214080
-0.874425 12.242807 0.214080
-0.616623 11.638520 0.000000
14.018782 11.720784 0.214080
8.355357 11.827473 0.214080
6.845360 11.783451 0.214080
6.323850 11.768247 0.214080
5.721819 11.707761 0.214080
1.822769 11.810740 0.214080
1.137099 12.898598 0.214080
0.221584 14.040222 0.214080
-0.514304 15.059831 0.214080
-1.209231 16.022684 0.214080
-1.568341 16.541553 0.000000
14.249330 11.414475 0.214080
14.081483 11.603478 0.214080
14.166031 11.497900 0.214080
14.175445 11.398759 0.214080
14.508790 11.913580 0.214080
14.857241 12.428895 0.214080
15.138248 13.119363 0.214080
15.351404 14.196171 0.214080
15.490431 15.335860 0.214080
15.544304 15.716549 0.214080
14.351853 11.652565 0.214080
15.067396 11.938683 0.214080
14.999945 15.771432 0.214080
14.994238 15.346920 0.214080
14.920410 14.214455 0.214080
14.801948 13.141618 0.214080
14.520345 12.442739 0.214080
14.136751 11.921146 0.214080
14.397961 15.805503 0.214080
14.398693 15.378310 0.214080
14.342507 14.266346 0.214080
14.246063 13.204779 0.214080
13.998798 12.482029 0.214080
13.655162 11.942622 0.214080
13.550903 11.729598 0.214080
13.633046 11.511144 0.214080
6.571495 10.169915 0.214080
-11.986924 16.207317 0.000000
-11.803317 15.750010 0.214080
-12.169975 15.055101 0.214080
-12.247632 14.158711 0.214080
-12.039156 13.158404 0.214080
-11.633941 12.342563 0.214080
-11.557772 11.954261 0.000000
10.003044 1.005829 0.214080
8.742801 1.350779 0.214080
8.414593 1.283697 0.214080
6.711292 1.277869 0.214080
5.826390 1.391857 0.214080
5.501209 1.115503 0.000000
9.710829 2.495850 0.214080
8.523173 2.032314 0.214080
8.159256 1.983124 0.214080
6.550100 1.973025 0.214080
5.471169 1.788503 0.214080
-0.874425 12.242807 -0.214080
1.524762 11.521706 -0.214080
5.721819 11.707761 -0.214080
1.822769 11.810740 -0.214080
5.782209 11.385070 -0.214080
13.550903 11.729598 -0.214080
13.633046 11.511144 -0.214080
14.018782 11.720784 -0.214080
13.938135 11.471605 -0.214080
6.085204 6.182772 -0.214080
5.970394 7.760187 -0.214080
4.425772 6.319184 -0.214080
4.044233 7.690406 -0.214080
8.826823 7.682106 -0.214080
9.066786 6.072061 -0.214080
8.355357 11.827473 -0.214080
6.845360 11.783451 -0.214080
8.395065 11.429910 -0.214080
14.999945 15.771432 -0.214080
15.544304 15.716549 -0.214080
15.490431 15.335860 -0.214080
14.994238 15.346920 -0.214080
6.461571 16.241308 -0.214080
7.713248 16.183851 -0.214080
7.785478 15.726879 -0.214080
6.362011 15.807505 -0.214080
5.128274 15.808820 -0.214080
-0.294216 16.025642 -0.214080
-1.209231 16.022684 -0.214080
-1.966358 16.020239 -0.214080
5.891949 9.938316 -0.214080
3.385419 9.473125 -0.214080
-14.377715 15.042998 -0.214080
-15.405467 14.189669 -0.214080
-11.633941 12.342563 -0.214080
-3.321307 12.509087 -0.214080
5.627291 16.316811 -0.214080
5.678554 15.835351 -0.214080
6.323850 11.768247 -0.214080
6.571495 10.169915 -0.214080
6.303064 2.978077 -0.214080
5.062963 3.533394 -0.214080
9.525263 3.381137 -0.214080
6.711292 1.277869 -0.214080
5.826390 1.391857 -0.214080
8.414593 1.283697 -0.214080
8.742801 1.350779 -0.214080
10.003044 1.005829 -0.214080
9.948782 0.555970 -0.214080
9.200059 0.168292 -0.214080
15.138248 13.119363 -0.214080
14.801948 13.141618 -0.214080
14.857241 12.428895 -0.214080
14.520345 12.442739 -0.214080
8.073258 13.906152 -0.214080
6.509234 13.940734 -0.214080
8.207317 12.918331 -0.214080
6.668966 12.915559 -0.214080
5.969066 13.952677 -0.214080
6.137666 12.914601 -0.214080
5.326201 14.000192 -0.214080
5.382552 12.910792 -0.214080
1.011586 14.034296 -0.214080
1.667277 12.890260 -0.214080
1.137099 12.898598 -0.214080
0.221584 14.040222 -0.214080
0.698405 12.905496 -0.214080
-0.432100 14.045126 -0.214080
-5.520174 14.083301 -0.214080
-12.247632 14.158711 -0.214080
-4.292624 13.217763 -0.214080
-12.039156 13.158404 -0.214080
-12.169975 15.055101 -0.214080
-6.723367 15.069700 -0.214080
-0.514304 15.059831 -0.214080
-1.221190 15.060954 -0.214080
5.230898 14.986971 -0.214080
0.339994 15.058473 -0.214080
5.819652 14.920963 -0.214080
6.433515 14.900840 -0.214080
7.925250 14.842578 -0.214080
15.351404 14.196171 -0.214080
14.920410 14.214455 -0.214080
5.609881 16.757647 -0.214080
5.668055 16.783377 -0.214080
5.755535 16.609612 -0.214080
5.881844 16.492947 -0.214080
6.129946 16.395601 -0.214080
6.447790 16.340223 -0.214080
-8.036880 16.013037 -0.214080
-11.803317 15.750010 -0.214080
-14.678187 13.223580 -0.214080
-4.495439 16.044300 -0.214080
-3.582451 15.064708 -0.214080
-2.615647 14.061509 -0.214080
-1.435199 13.003500 -0.214080
-13.422362 15.543249 -0.214080
-13.290146 12.424756 -0.214080
5.557535 12.120570 -0.214080
2.131254 12.192325 -0.214080
6.263495 12.139858 -0.214080
6.788178 12.150443 -0.214080
8.307366 12.181093 -0.214080
14.508790 11.913580 -0.214080
14.136751 11.921146 -0.214080
15.067396 11.938683 -0.214080
14.663634 11.674589 -0.214080
14.351853 11.652565 -0.214080
14.081483 11.603478 -0.214080
14.166031 11.497900 -0.214080
14.249330 11.414475 -0.214080
14.175445 11.398759 -0.214080
15.371993 12.389566 -0.214080
15.705956 13.056141 -0.214080
15.948134 14.144228 -0.214080
15.889203 15.304440 -0.214080
15.754869 15.569519 -0.214080
14.398693 15.378310 -0.214080
14.397961 15.805503 -0.214080
14.342507 14.266346 -0.214080
14.246063 13.204779 -0.214080
13.998798 12.482029 -0.214080
13.655162 11.942622 -0.214080
9.710829 2.495850 -0.214080
8.523173 2.032314 -0.214080
8.159256 1.983124 -0.214080
6.550100 1.973025 -0.214080
5.471169 1.788503 -0.214080
2.638172 10.578195 0.214080
5.842346 10.592245 0.214080
6.490499 10.697068 0.214080
6.490499 10.697068 -0.214080
5.842346 10.592245 -0.214080
2.638172 10.578195 -0.214080
2.188230 10.281850 0.000000
0.566402 11.935908 0.214080
0.545392 11.360069 0.000000
0.566402 11.935908 -0.214080
-0.193435 12.893772 -0.214080
-1.353416 14.052039 -0.214080
-2.217488 15.062538 -0.214080
-3.033466 16.030392 -0.214080
-3.524912 16.553301 0.000000
-3.033466 16.030392 0.214080
-2.217488 15.062538 0.214080
-1.353416 14.052039 0.214080
-0.193435 12.893772 0.214080
8.101158 0.919671 0.000000
7.645360 6.004257 0.214080
7.678031 6.044790 0.214080
7.632934 6.084233 0.214080
7.597194 6.040438 0.214080
7.645360 6.004257 -0.214080
7.597194 6.040438 -0.214080
7.632934 6.084233 -0.214080
7.678031 6.044790 -0.214080
7.398804 7.774676 0.214080
7.443826 7.737017 0.214080
7.479628 7.774485 0.214080
7.432877 7.817255 0.214080
7.398804 7.774676 -0.214080
7.432877 7.817255 -0.214080
7.479628 7.774485 -0.214080
7.443826 7.737017 -0.214080
6.874105 11.340128 0.214080
6.908239 11.381448 0.214080
6.865514 11.420567 0.214080
6.827432 11.376402 0.214080
6.827432 11.376402 -0.214080
6.865514 11.420567 -0.214080
6.908239 11.381448 -0.214080
6.874105 11.340128 -0.214080
6.432628 11.339917 0.214080
6.385962 11.376191 0.214080
6.351928 11.339424 0.214080
6.398450 11.296159 0.214080
6.398450 11.296159 -0.214080
6.351928 11.339424 -0.214080
6.385962 11.376191 -0.214080
6.432628 11.339917 -0.214080
7.252280 6.010030 0.214080
7.205768 6.046502 0.214080
7.171922 6.012734 0.214080
7.220032 5.966791 0.214080
7.220032 5.966791 -0.214080
7.171922 6.012734 -0.214080
7.205768 6.046502 -0.214080
7.252280 6.010030 -0.214080
6.937827 7.785679 0.214080
6.903482 7.746253 0.214080
6.950145 7.705620 0.214080
6.984396 7.748228 0.214080
6.937827 7.785679 -0.214080
6.984396 7.748228 -0.214080
6.950145 7.705620 -0.214080
6.903482 7.746253 -0.214080
7.864524 2.807968 0.214080
7.832477 2.773651 0.214080
7.886510 2.730240 0.214080
7.913017 2.771195 0.214080
7.913017 2.771195 -0.214080
7.886510 2.730240 -0.214080
7.832477 2.773651 -0.214080
7.864524 2.807968 -0.214080
8.236224 2.794478 0.214080
8.289043 2.758839 0.214080
8.313309 2.814539 0.214080
8.268798 2.837125 0.214080
8.236224 2.794478 -0.214080
8.268798 2.837125 -0.214080
8.313309 2.814539 -0.214080
8.289043 2.758839 -0.214080
9.948782 0.555970 0.000000
10.003044 1.005829 0.000000
9.710829 2.495850 0.000000
9.525263 3.381137 0.000000
9.066786 6.072061 0.000000
8.826823 7.682106 0.000000
8.395065 11.429910 0.000000
13.633046 11.511144 0.000000
13.938135 11.471605 0.000000
14.175445 11.398759 0.000000
14.249330 11.414475 0.000000
9.200059 0.168292 -0.023224
14.018782 11.720784 0.000000
14.351853 11.652565 0.000000
14.663634 11.674589 0.000000
15.067396 11.938683 0.000000
15.371993 12.389566 0.000000
15.705956 13.056141 0.000000
15.948134 14.144228 0.000000
15.889203 15.304440 0.000000
15.754869 15.569519 0.000000
15.544304 15.716549 0.000000
14.999945 15.771432 0.000000
14.397961 15.805503 0.000000
7.713248 16.183851 0.000000
6.461571 16.241308 0.000000
6.447790 16.340223 0.000000
6.129946 16.395601 0.000000
5.881844 16.492947 0.000000
5.755535 16.609612 0.000000
5.668055 16.783377 0.000000
5.609881 16.757647 0.000000
5.627291 16.316811 0.000000
