3.375979 17.036606 -2.452793
2.452793 17.036606 -3.375978
1.289510 17.036606 -3.968702
0.000001 17.036606 -4.172940
-1.289508 17.036606 -3.968702
-2.452790 17.036606 -3.375978
-3.375976 17.036606 -2.452792
-3.968700 17.036606 -1.289509
-4.172937 17.036606 0.000000
-10.541882 6.433777 0.000000
-10.025925 6.433777 -3.257621
-8.528562 6.433777 -6.196362
-6.196363 6.433777 -8.528563
-3.257621 6.433777 -10.025927
0.000000 6.433777 -10.541882
3.257621 6.433777 -10.025927
6.196363 6.433777 -8.528563
8.528563 6.433777 -6.196364
10.025928 6.433777 -3.257622
10.541885 6.433777 0.000000
-10.483135 11.538073 0.000000
-9.970053 11.538073 -3.239467
-8.481033 11.538073 -6.161831
-6.161831 11.538073 -8.481033
-3.239467 11.538073 -9.970055
0.000000 11.538073 -10.483136
3.239467 11.538073 -9.970055
6.161832 11.538073 -8.481033
8.481034 11.538073 -6.161833
9.970056 11.538073 -3.239468
10.483138 11.538073 0.000000
-9.474710 4.451051 0.000000
-9.010985 4.451051 -2.927847
-7.665201 4.451051 -5.569095
-5.569095 4.451051 -7.665202
-2.927847 4.451051 -9.010986
0.000000 4.451051 -9.474711
2.927847 4.451051 -9.010986
5.569096 4.451051 -7.665202
7.665203 4.451051 -5.569096
9.010987 4.451051 -2.927848
9.474713 4.451051 0.000000
-7.789238 2.788978 0.000000
-7.408005 2.788978 -2.407008
-6.301632 2.788978 -4.578401
-4.578402 2.788978 -6.301633
-2.407008 2.788978 -7.408006
0.000000 2.788978 -7.789240
2.407008 2.788978 -7.408006
4.578402 2.788978 -6.301633
6.301633 2.788978 -4.578403
7.408007 2.788978 -2.407009
7.789241 2.788978 0.000000
-8.804866 13.624492 -2.860874
-7.489864 13.624492 -5.441705
-5.441706 13.624492 -7.489865
-2.860874 13.624492 -8.804868
0.000000 13.624492 -9.257984
2.860875 13.624492 -8.804868
5.441706 13.624492 -7.489865
7.489867 13.624492 -5.441707
8.804869 13.624492 -2.860875
9.257987 13.624492 0.000000
-9.257982 13.624492 0.000000
-10.998749 8.790968 0.000000
-10.460432 8.790968 -3.398801
-8.898175 8.790968 -6.464902
-6.464903 8.790968 -8.898176
-3.398801 8.790968 -10.460434
0.000000 8.790968 -10.998750
3.398800 8.790968 -10.460434
6.464903 8.790968 -8.898176
8.898177 8.790968 -6.464904
10.460435 8.790968 -3.398802
10.998754 8.790968 0.000000
-7.743455 15.161423 0.000000
-7.364463 15.161423 -2.392859
-6.264585 15.161423 -4.551488
-4.551488 15.161423 -6.264586
-2.392859 15.161423 -7.364465
0.000000 15.161423 -7.743456
2.392859 15.161423 -7.364465
4.551489 15.161423 -6.264586
6.264587 15.161423 -4.551490
7.364466 15.161423 -2.392860
7.743458 15.161423 0.000000
-6.110996 1.617745 0.000000
-5.811901 1.617745 -1.888402
-4.943900 1.617745 -3.591955
-3.591953 1.617745 -4.943902
-1.888401 1.617745 -5.811903
0.000001 1.617745 -6.110998
1.888402 1.617745 -5.811903
3.591956 1.617745 -4.943902
4.943903 1.617745 -3.591955
5.811903 1.617745 -1.888403
6.110998 1.617745 0.000000
-5.848011 16.348761 0.000000
-5.561789 16.348761 -1.807135
-4.731140 16.348761 -3.437375
-3.437374 16.348761 -4.731141
-1.807134 16.348761 -5.561791
0.000001 16.348761 -5.848014
1.807135 16.348761 -5.561791
3.437376 16.348761 -4.731141
4.731142 16.348761 -3.437376
5.561792 16.348761 -1.807136
5.848015 16.348761 0.000000
4.172941 17.226536 0.000000
3.968703 17.226536 -1.289510
3.375979 17.226536 -2.452793
2.452793 17.226536 -3.375978
1.289510 17.226536 -3.968702
0.000001 17.226536 -4.172940
-1.289508 17.226536 -3.968702
-2.452790 17.226536 -3.375978
-3.375976 17.226536 -2.452792
-3.968700 17.226536 -1.289509
-4.172937 17.226536 0.000000
4.247984 16.937654 -1.380254
3.613550 16.937654 -2.625398
2.625399 16.937654 -3.613550
1.380254 16.937654 -4.247983
0.000001 16.937654 -4.466594
-1.380252 16.937654 -4.247983
-2.625396 16.937654 -3.613549
-3.613547 16.937654 -2.625398
-4.247982 16.937654 -1.380253
-4.466592 16.937654 0.000000
4.466595 16.937654 0.000000
3.932441 17.280525 0.000000
3.739974 17.280525 -1.215191
3.181410 17.280525 -2.311430
2.311430 17.280525 -3.181409
1.215191 17.280525 -3.739973
0.000001 17.280525 -3.932440
-1.215189 17.280525 -3.739973
-2.311427 17.280525 -3.181409
-3.181407 17.280525 -2.311430
-3.739970 17.280525 -1.215191
-3.932437 17.280525 0.000000
3.968703 17.036606 1.289510
3.375979 17.036606 2.452793
2.452793 17.036606 3.375978
1.289510 17.036606 3.968702
0.000001 17.036606 4.172940
-1.289508 17.036606 3.968702
-2.452790 17.036606 3.375978
-3.375976 17.036606 2.452792
-3.968700 17.036606 1.289509
-10.025925 6.433777 3.257621
-8.528562 6.433777 6.196362
-6.196363 6.433777 8.528563
-3.257621 6.433777 10.025927
0.000000 6.433777 10.541882
3.257621 6.433777 10.025927
6.196363 6.433777 8.528563
8.528563 6.433777 6.196364
10.025928 6.433777 3.257622
-9.970053 11.538072 3.239467
-8.481033 11.538072 6.161831
-6.161831 11.538072 8.481033
-3.239467 11.538072 9.970055
0.000000 11.538072 10.483136
3.239467 11.538072 9.970055
6.161832 11.538072 8.481033
8.481034 11.538072 6.161833
9.970056 11.538072 3.239468
-9.010985 4.451051 2.927847
-7.665201 4.451051 5.569095
-5.569095 4.451051 7.665202
-2.927847 4.451051 9.010986
0.000000 4.451051 9.474711
2.927847 4.451051 9.010986
5.569096 4.451051 7.665202
7.665203 4.451051 5.569096
9.010987 4.451051 2.927848
-7.408005 2.788978 2.407008
-6.301632 2.788978 4.578401
-4.578402 2.788978 6.301633
-2.407008 2.788978 7.408006
0.000000 2.788978 7.789240
2.407008 2.788978 7.408006
4.578402 2.788978 6.301633
6.301633 2.788978 4.578403
7.408007 2.788978 2.407009
-8.804866 13.624492 2.860874
-7.489864 13.624492 5.441705
-5.441706 13.624492 7.489865
-2.860874 13.624492 8.804868
0.000000 13.624492 9.257984
2.860875 13.624492 8.804868
5.441706 13.624492 7.489865
7.489867 13.624492 5.441707
8.804869 13.624492 2.860875
-10.460432 8.790968 3.398801
-8.898175 8.790968 6.464902
-6.464903 8.790968 8.898176
-3.398801 8.790968 10.460434
0.000000 8.790968 10.998750
3.398800 8.790968 10.460434
6.464903 8.790968 8.898176
8.898177 8.790968 6.464904
10.460435 8.790968 3.398802
-7.364463 15.161423 2.392859
-6.264585 15.161423 4.551488
-4.551488 15.161423 6.264586
-2.392859 15.161423 7.364465
0.000000 15.161423 7.743456
2.392859 15.161423 7.364465
4.551489 15.161423 6.264586
6.264587 15.161423 4.551490
7.364466 15.161423 2.392860
-5.811901 1.617745 1.888402
-4.943900 1.617745 3.591955
-3.591953 1.617745 4.943902
-1.888401 1.617745 5.811903
0.000001 1.617745 6.110998
1.888402 1.617745 5.811903
3.591956 1.617745 4.943902
4.943903 1.617745 3.591955
5.811903 1.617745 1.888403
-5.561789 16.348761 1.807135
-4.731140 16.348761 3.437375
-3.437374 16.348761 4.731141
-1.807134 16.348761 5.561791
0.000001 16.348761 5.848014
1.807135 16.348761 5.561791
3.437376 16.348761 4.731141
4.731142 16.348761 3.437376
5.561792 16.348761 1.807136
3.968703 17.226536 1.289510
3.375979 17.226536 2.452793
2.452793 17.226536 3.375978
1.289510 17.226536 3.968702
0.000001 17.226536 4.172940
-1.289508 17.226536 3.968702
-2.452790 17.226536 3.375978
-3.375976 17.226536 2.452792
-3.968700 17.226536 1.289509
4.247984 16.937654 1.380254
3.613550 16.937654 2.625398
2.625399 16.937654 3.613550
1.380254 16.937654 4.247983
0.000001 16.937654 4.466594
-1.380252 16.937654 4.247983
-2.625396 16.937654 3.613549
-3.613547 16.937654 2.625398
-4.247982 16.937654 1.380253
3.739974 17.280525 1.215191
3.181410 17.280525 2.311430
2.311430 17.280525 3.181409
1.215191 17.280525 3.739973
0.000001 17.280525 3.932440
-1.215189 17.280525 3.739973
-2.311427 17.280525 3.181409
-3.181407 17.280525 2.311430
-3.739970 17.280525 1.215191
-5.968854 1.533750 0.000000
-5.676716 1.533750 -1.844478
-4.828904 1.533750 -3.508406
-3.508404 1.533750 -4.828907
-1.844477 1.533750 -5.676719
0.000001 1.533750 -5.968856
1.844478 1.533750 -5.676719
3.508407 1.533750 -4.828907
4.828908 1.533750 -3.508406
5.676719 1.533750 -1.844478
5.968857 1.533750 0.000000
3.691941 17.226536 0.000000
3.511244 17.226536 -1.140872
2.986841 17.226536 -2.170067
2.170068 17.226536 -2.986841
1.140872 17.226536 -3.511243
0.000001 17.226536 -3.691939
-1.140870 17.226536 -3.511243
-2.170065 17.226536 -2.986840
-2.986839 17.226536 -2.170067
-3.511241 17.226536 -1.140872
-3.691937 17.226536 0.000000
-5.676716 1.533750 1.844478
-4.828904 1.533750 3.508406
-3.508404 1.533750 4.828907
-1.844477 1.533750 5.676719
0.000001 1.533750 5.968856
1.844478 1.533750 5.676719
3.508407 1.533750 4.828907
4.828908 1.533750 3.508406
5.676719 1.533750 1.844478
3.511244 17.226536 1.140872
2.986841 17.226536 2.170067
2.170068 17.226536 2.986841
1.140872 17.226536 3.511243
0.000001 17.226536 3.691939
-1.140870 17.226536 3.511243
-2.170065 17.226536 2.986840
-2.986839 17.226536 2.170067
-3.511241 17.226536 1.140872
-5.908840 1.929909 0.000000
-5.619640 1.929909 -1.825933
-4.780354 1.929909 -3.473132
-3.473130 1.929909 -4.780356
-1.825932 1.929909 -5.619643
0.000001 1.929909 -5.908843
1.825933 1.929909 -5.619643
3.473132 1.929909 -4.780356
4.780356 1.929909 -3.473132
5.619643 1.929909 -1.825933
5.908844 1.929909 0.000000
-10.190979 6.556984 0.000000
-9.692197 6.556984 -3.149186
-10.626846 8.792047 0.000000
-10.106732 8.792047 -3.283877
-8.244676 6.556984 -5.990108
-8.597300 8.792047 -6.246304
-5.990108 6.556984 -8.244677
-6.246304 8.792047 -8.597301
-3.149187 6.556984 -9.692199
-3.283877 8.792047 -10.106734
0.000000 6.556984 -10.190979
0.000000 8.792047 -10.626847
3.149186 6.556984 -9.692199
3.283877 8.792047 -10.106734
5.990108 6.556984 -8.244677
6.246305 8.792047 -8.597301
8.244678 6.556984 -5.990109
8.597302 8.792047 -6.246305
9.692200 6.556984 -3.149187
10.106735 8.792047 -3.283878
10.190983 6.556984 0.000000
10.626851 8.792047 0.000000
-10.134084 11.409716 0.000000
-9.638084 11.409716 -3.131604
-8.961271 13.400272 0.000000
-8.522676 13.400272 -2.769186
-8.198645 11.409716 -5.956664
-7.249820 13.400272 -5.267303
-5.956664 11.409716 -8.198645
-5.267303 13.400272 -7.249821
-3.131604 11.409716 -9.638086
-2.769185 13.400272 -8.522678
0.000000 11.409716 -10.134085
0.000000 13.400272 -8.961273
3.131604 11.409716 -9.638086
2.769186 13.400272 -8.522678
5.956665 11.409716 -8.198645
5.267303 13.400272 -7.249821
8.198646 11.409716 -5.956665
7.249822 13.400272 -5.267304
9.638087 11.409716 -3.131605
8.522679 13.400272 -2.769186
10.134087 11.409716 0.000000
8.961276 13.400272 0.000000
-9.175153 4.671456 0.000000
-8.726090 4.671456 -2.835279
-7.422855 4.671456 -5.393020
-5.393020 4.671456 -7.422856
-2.835279 4.671456 -8.726091
0.000000 4.671456 -9.175155
2.835279 4.671456 -8.726091
5.393020 4.671456 -7.422856
7.422857 4.671456 -5.393020
8.726092 4.671456 -2.835280
9.175157 4.671456 0.000000
-7.549569 3.073357 0.000000
-7.180066 3.073356 -2.332946
-6.107735 3.073356 -4.437527
-4.437528 3.073356 -6.107736
-2.332946 3.073356 -7.180068
0.000000 3.073356 -7.549571
2.332946 3.073356 -7.180068
4.437528 3.073356 -6.107736
6.107737 3.073356 -4.437529
7.180068 3.073356 -2.332947
7.549572 3.073357 0.000000
-7.142631 14.871755 -2.320781
-6.075882 14.871755 -4.414388
-4.414388 14.871755 -6.075885
-2.320781 14.871755 -7.142632
0.000000 14.871755 -7.510209
2.320782 14.871755 -7.142632
4.414389 14.871755 -6.075884
6.075886 14.871755 -4.414390
7.142633 14.871755 -2.320782
7.510209 14.871755 0.000000
-7.510207 14.871755 0.000000
-5.616660 16.014612 0.000000
-5.341763 16.014612 -1.735644
-4.543973 16.014612 -3.301390
-3.301389 16.014612 -4.543974
-1.735643 16.014612 -5.341763
0.000001 16.014612 -5.616663
1.735644 16.014612 -5.341763
3.301391 16.014612 -4.543974
4.543975 16.014612 -3.301392
5.341764 16.014612 -1.735645
5.616664 16.014612 0.000000
-3.502883 16.519136 0.000000
-3.331440 16.519138 -1.082451
-2.833891 16.519138 -2.058944
-2.058942 16.519138 -2.833893
-1.082450 16.519138 -3.331443
0.000001 16.519138 -3.502886
1.082452 16.519138 -3.331443
2.058945 16.519138 -2.833894
2.833894 16.519138 -2.058945
3.331444 16.519138 -1.082452
3.502887 16.519136 0.000000
3.862703 16.400726 -1.255068
4.061485 16.400726 0.000000
-4.061482 16.400726 0.000000
-3.862700 16.400726 -1.255068
-3.285807 16.400726 -2.387280
-2.387278 16.400726 -3.285809
-1.255066 16.400726 -3.862702
0.000001 16.400726 -4.061485
1.255068 16.400726 -3.862702
2.387281 16.400726 -3.285809
3.285810 16.400726 -2.387281
-3.683752 16.896927 0.000000
-3.503457 16.896927 -1.138343
-2.980217 16.896927 -2.165256
-2.165254 16.896927 -2.980219
-1.138341 16.896927 -3.503459
0.000001 16.896927 -3.683754
1.138343 16.896927 -3.503459
2.165257 16.896927 -2.980219
2.980220 16.896927 -2.165257
3.503460 16.896927 -1.138343
3.683755 16.896927 0.000000
-5.374194 1.726443 -1.746183
-5.650764 1.726443 0.000000
-4.571563 1.726443 -3.321438
-3.321435 1.726443 -4.571567
-1.746182 1.726443 -5.374197
0.000001 1.726443 -5.650766
1.746183 1.726443 -5.374197
3.321438 1.726443 -4.571567
4.571568 1.726443 -3.321438
5.374197 1.726443 -1.746183
5.650766 1.726443 0.000000
5.968857 0.000000 0.000000
5.676720 0.000000 -1.844478
4.828908 0.000000 -3.508406
3.508407 0.000000 -4.828907
1.844478 0.000000 -5.676719
0.000001 0.000000 -5.968856
-1.844477 0.000000 -5.676719
-3.508404 0.000000 -4.828907
-4.828904 0.000000 -3.508406
-5.676716 0.000000 -1.844478
-5.968854 0.000000 0.000000
5.287400 0.000000 0.000000
5.028615 0.000000 -1.633897
4.277597 0.000000 -3.107856
3.107857 0.000000 -4.277596
1.633897 0.000000 -5.028615
0.000001 0.000000 -5.287400
-1.633895 0.000000 -5.028615
-3.107854 0.000000 -4.277596
-4.277594 0.000000 -3.107856
-5.028612 0.000000 -1.633896
-5.287397 0.000000 0.000000
0.000001 0.000000 0.000000
5.693962 0.250488 0.000000
5.596953 1.437947 0.000000
5.415279 0.250488 -1.759531
5.323017 1.437947 -1.729554
4.606513 0.250488 -3.346827
4.528031 1.437947 -3.289807
3.346828 0.250488 -4.606512
3.289807 1.437947 -4.528030
1.759531 0.250488 -5.415278
1.729554 1.437947 -5.323017
0.000001 0.250488 -5.693961
0.000001 1.437947 -5.596952
-1.759530 0.250488 -5.415278
-1.729553 1.437947 -5.323017
-3.346825 0.250488 -4.606512
-3.289804 1.437947 -4.528031
-4.606509 0.250488 -3.346827
-4.528028 1.437947 -3.289807
-5.415276 0.250488 -1.759531
-5.323015 1.437947 -1.729553
-5.693958 0.250488 0.000000
-5.596950 1.437947 0.000000
5.287400 0.371902 0.000000
5.028615 0.371902 -1.633897
4.277597 0.371902 -3.107856
3.107857 0.371902 -4.277596
1.633897 0.371902 -5.028615
0.000001 0.371902 -5.287400
-1.633895 0.371902 -5.028615
-3.107854 0.371902 -4.277596
-4.277594 0.371902 -3.107856
-5.028612 0.371902 -1.633896
-5.287397 0.371902 0.000000
0.000001 0.371902 0.000000
-5.730606 0.000000 0.000000
-5.450129 0.000000 -1.770855
-4.636157 0.000000 -3.368367
-3.368366 0.000000 -4.636160
-1.770854 0.000000 -5.450131
0.000001 0.000000 -5.730608
1.770856 0.000000 -5.450131
3.368368 0.000000 -4.636160
4.636161 0.000000 -3.368367
5.450132 0.000000 -1.770856
5.730609 0.000000 0.000000
5.968857 0.226053 0.000000
5.676719 0.226052 -1.844478
4.828908 0.226052 -3.508406
3.508407 0.226052 -4.828907
1.844478 0.226052 -5.676718
0.000001 0.226052 -5.968856
-1.844477 0.226052 -5.676718
-3.508404 0.226052 -4.828907
-4.828904 0.226052 -3.508406
-5.676716 0.226052 -1.844478
-5.968854 0.226053 0.000000
5.968857 1.323929 0.000000
5.676719 1.323929 -1.844478
4.828908 1.323929 -3.508406
3.508407 1.323929 -4.828907
1.844478 1.323929 -5.676719
0.000001 1.323929 -5.968856
-1.844477 1.323929 -5.676719
-3.508404 1.323929 -4.828907
-4.828904 1.323929 -3.508406
-5.676716 1.323929 -1.844478
-5.968854 1.323929 0.000000
1.750372 0.613315 -5.387088
3.329405 0.613315 -4.582532
4.582533 0.613315 -3.329405
5.387089 0.613315 -1.750372
5.664321 0.613315 0.000000
-5.664317 0.613315 0.000000
-5.387085 0.613315 -1.750371
-4.582530 0.613315 -3.329405
-3.329402 0.613315 -4.582532
-1.750370 0.613315 -5.387088
0.000001 0.613315 -5.664320
-5.619640 1.929909 1.825933
-4.780354 1.929909 3.473132
-3.473130 1.929909 4.780356
-1.825932 1.929909 5.619643
0.000001 1.929909 5.908843
1.825933 1.929909 5.619643
3.473132 1.929909 4.780356
4.780356 1.929909 3.473132
5.619643 1.929909 1.825933
-9.692197 6.556984 3.149186
-10.106732 8.792047 3.283877
-8.244676 6.556984 5.990108
-8.597300 8.792047 6.246304
-5.990108 6.556984 8.244677
-6.246304 8.792047 8.597301
-3.149187 6.556984 9.692199
-3.283877 8.792047 10.106734
0.000000 6.556984 10.190979
0.000000 8.792047 10.626847
3.149186 6.556984 9.692199
3.283877 8.792047 10.106734
5.990108 6.556984 8.244677
6.246305 8.792047 8.597301
8.244678 6.556984 5.990109
8.597302 8.792047 6.246305
9.692200 6.556984 3.149187
10.106735 8.792047 3.283878
-9.638084 11.409716 3.131604
-8.522676 13.400272 2.769186
-8.198645 11.409716 5.956664
-7.249820 13.400272 5.267303
-5.956664 11.409716 8.198645
-5.267303 13.400272 7.249821
-3.131604 11.409716 9.638086
-2.769185 13.400272 8.522678
0.000000 11.409716 10.134085
0.000000 13.400272 8.961273
3.131604 11.409716 9.638086
2.769186 13.400272 8.522678
5.956665 11.409716 8.198645
5.267303 13.400272 7.249821
8.198646 11.409716 5.956665
7.249822 13.400272 5.267304
9.638087 11.409716 3.131605
8.522679 13.400272 2.769186
-8.726090 4.671456 2.835279
-7.422855 4.671456 5.393020
-5.393020 4.671456 7.422856
-2.835279 4.671456 8.726091
0.000000 4.671456 9.175155
2.835279 4.671456 8.726091
5.393020 4.671456 7.422856
7.422857 4.671456 5.393020
8.726092 4.671456 2.835280
-7.180066 3.073356 2.332946
-6.107735 3.073356 4.437527
-4.437528 3.073356 6.107736
-2.332946 3.073356 7.180068
0.000000 3.073356 7.549571
2.332946 3.073356 7.180068
4.437528 3.073356 6.107736
6.107737 3.073356 4.437529
7.180068 3.073356 2.332947
-7.142631 14.871755 2.320781
-6.075882 14.871755 4.414388
-4.414388 14.871755 6.075885
-2.320781 14.871755 7.142632
0.000000 14.871755 7.510209
2.320782 14.871755 7.142632
4.414389 14.871755 6.075884
6.075886 14.871755 4.414390
7.142633 14.871755 2.320782
-5.341763 16.014612 1.735644
-4.543973 16.014612 3.301390
-3.301389 16.014612 4.543974
-1.735643 16.014612 5.341763
0.000001 16.014612 5.616663
1.735644 16.014612 5.341763
3.301391 16.014612 4.543974
4.543975 16.014612 3.301392
5.341764 16.014612 1.735645
-3.331440 16.519138 1.082451
-2.833891 16.519138 2.058944
-2.058942 16.519138 2.833893
-1.082450 16.519138 3.331443
0.000001 16.519138 3.502886
1.082452 16.519138 3.331443
2.058945 16.519138 2.833894
2.833894 16.519138 2.058945
3.331444 16.519138 1.082452
3.862703 16.400726 1.255068
-3.862700 16.400726 1.255068
-3.285807 16.400726 2.387280
-2.387278 16.400726 3.285809
-1.255066 16.400726 3.862702
0.000001 16.400726 4.061485
1.255068 16.400726 3.862702
2.387281 16.400726 3.285809
3.285810 16.400726 2.387281
-3.503457 16.896927 1.138343
-2.980217 16.896927 2.165256
-2.165254 16.896927 2.980219
-1.138341 16.896927 3.503459
0.000001 16.896927 3.683754
1.138343 16.896927 3.503459
2.165257 16.896927 2.980219
2.980220 16.896927 2.165257
3.503460 16.896927 1.138343
-5.374194 1.726443 1.746183
-4.571563 1.726443 3.321438
-3.321435 1.726443 4.571567
-1.746182 1.726443 5.374197
0.000001 1.726443 5.650766
1.746183 1.726443 5.374197
3.321438 1.726443 4.571567
4.571568 1.726443 3.321438
5.374197 1.726443 1.746183
5.676720 -0.000000 1.844478
4.828908 -0.000000 3.508406
3.508407 -0.000000 4.828907
1.844478 -0.000000 5.676719
0.000001 -0.000000 5.968856
-1.844477 -0.000000 5.676719
-3.508404 -0.000000 4.828907
-4.828904 -0.000000 3.508406
-5.676716 -0.000000 1.844478
5.028615 -0.000000 1.633897
4.277597 -0.000000 3.107856
3.107857 -0.000000 4.277596
1.633897 -0.000000 5.028615
0.000001 -0.000000 5.287400
-1.633895 -0.000000 5.028615
-3.107854 -0.000000 4.277596
-4.277594 -0.000000 3.107856
-5.028612 -0.000000 1.633896
5.415279 0.250488 1.759531
5.323017 1.437947 1.729554
4.606513 0.250488 3.346827
4.528031 1.437947 3.289807
3.346828 0.250488 4.606512
3.289807 1.437947 4.528030
1.759531 0.250488 5.415278
1.729554 1.437947 5.323017
0.000001 0.250488 5.693961
0.000001 1.437947 5.596952
-1.759530 0.250488 5.415278
-1.729553 1.437947 5.323017
-3.346825 0.250488 4.606512
-3.289804 1.437947 4.528031
-4.606509 0.250488 3.346827
-4.528028 1.437947 3.289807
-5.415276 0.250488 1.759531
-5.323015 1.437947 1.729553
5.028615 0.371902 1.633897
4.277597 0.371902 3.107856
3.107857 0.371902 4.277596
1.633897 0.371902 5.028615
0.000001 0.371902 5.287400
-1.633895 0.371902 5.028615
-3.107854 0.371902 4.277596
-4.277594 0.371902 3.107856
-5.028612 0.371902 1.633896
-5.450129 -0.000000 1.770855
-4.636157 -0.000000 3.368367
-3.368366 -0.000000 4.636160
-1.770854 -0.000000 5.450131
0.000001 -0.000000 5.730608
1.770856 -0.000000 5.450131
3.368368 -0.000000 4.636160
4.636161 -0.000000 3.368367
5.450132 -0.000000 1.770856
5.676719 0.226052 1.844478
4.828908 0.226052 3.508406
3.508407 0.226052 4.828907
1.844478 0.226052 5.676718
0.000001 0.226052 5.968856
-1.844477 0.226052 5.676718
-3.508404 0.226052 4.828907
-4.828904 0.226052 3.508406
-5.676716 0.226052 1.844478
5.676719 1.323929 1.844478
4.828908 1.323929 3.508406
3.508407 1.323929 4.828907
1.844478 1.323929 5.676719
0.000001 1.323929 5.968856
-1.844477 1.323929 5.676719
-3.508404 1.323929 4.828907
-4.828904 1.323929 3.508406
-5.676716 1.323929 1.844478
1.750372 0.613315 5.387088
3.329405 0.613315 4.582532
4.582533 0.613315 3.329405
5.387089 0.613315 1.750372
-5.387085 0.613315 1.750371
-4.582530 0.613315 3.329405
-3.329402 0.613315 4.582532
-1.750370 0.613315 5.387088
0.000001 0.613315 5.664320
