-16.432533 0.488707 0.985156
-16.383526 0.535787 0.969387
-16.418180 0.435013 0.442075
-16.432533 0.399899 0.442075
-16.383526 0.449558 0.442075
-16.418179 0.774398 1.453805
-16.432533 0.746309 1.474842
-16.383526 0.786033 1.445091
-16.418179 1.167428 1.834476
-16.432533 1.147222 1.863147
-16.383526 1.175799 1.822600
-16.418180 1.662566 2.078831
-16.432533 1.652026 2.112273
-16.383526 1.666932 2.064980
-16.418180 2.211357 2.163026
-16.432533 2.211357 2.198084
-16.383526 2.211357 2.148503
-16.418180 2.760150 2.078831
-16.432533 2.770691 2.112273
-16.383526 2.755784 2.064980
-16.418180 3.255287 1.834476
-16.432533 3.275494 1.863147
-16.383526 3.246917 1.822600
-16.418180 3.648319 1.453805
-16.432535 3.676407 1.474842
-16.383526 3.636684 1.445091
-16.418180 3.900719 0.974005
-16.432533 3.934008 0.985156
-16.383526 3.886929 0.969387
-16.418180 3.987703 0.442075
-16.432533 4.022816 0.442075
-16.383526 3.973159 0.442075
-16.418180 3.900719 -0.089855
-16.432533 3.934008 -0.101004
-16.383526 3.886929 -0.085236
-16.418180 3.648319 -0.569656
-16.432535 3.676407 -0.590693
-16.383526 3.636684 -0.560941
-16.418180 3.255287 -0.950328
-16.432533 3.275494 -0.978999
-16.383526 3.246917 -0.938452
-16.418180 2.760150 -1.194683
-16.432533 2.770691 -1.228124
-16.383526 2.755784 -1.180830
-16.418180 2.211357 -1.278875
-16.432533 2.211357 -1.313934
-16.383526 2.211357 -1.264353
-16.418180 1.662566 -1.194683
-16.432533 1.652026 -1.228124
-16.383526 1.666932 -1.180830
-16.418179 1.167428 -0.950328
-16.432533 1.147222 -0.978999
-16.383526 1.175799 -0.938452
-16.418180 0.774396 -0.569656
-16.432533 0.746307 -0.590693
-16.383526 0.786031 -0.560941
-16.418180 0.521995 -0.089855
-16.432533 0.488704 -0.101005
-16.383526 0.535784 -0.085236
16.418180 0.521995 -0.089855
16.432533 0.488704 -0.101005
16.383526 0.535784 -0.085236
16.418180 0.435013 0.442075
16.432533 0.399899 0.442075
16.383526 0.449558 0.442075
16.418180 0.774396 -0.569656
16.432533 0.746306 -0.590693
16.383526 0.786030 -0.560941
16.418180 1.167428 -0.950328
16.432533 1.147222 -0.978999
16.383526 1.175799 -0.938452
16.418180 1.662566 -1.194683
16.432533 1.652026 -1.228124
16.383526 1.666932 -1.180830
16.418180 2.211357 -1.278875
16.432533 2.211357 -1.313934
16.383526 2.211357 -1.264353
16.418180 2.760150 -1.194683
16.432533 2.770691 -1.228124
16.383526 2.755783 -1.180830
16.418180 3.255287 -0.950328
16.432535 3.275493 -0.978999
16.383526 3.246917 -0.938452
16.418179 3.648318 -0.569656
16.432533 3.676408 -0.590693
16.383526 3.636684 -0.560941
16.418179 3.900719 -0.089855
16.432533 3.934008 -0.101004
16.383526 3.886929 -0.085236
16.418180 3.987703 0.442075
16.432533 4.022816 0.442075
16.383526 3.973158 0.442075
16.418179 3.900719 0.974005
16.432533 3.934008 0.985156
16.383526 3.886929 0.969387
16.418179 3.648318 1.453805
16.432533 3.676408 1.474842
16.383526 3.636684 1.445091
16.418180 3.255287 1.834476
16.432535 3.275493 1.863147
16.383526 3.246917 1.822600
16.418180 2.760150 2.078831
16.432533 2.770691 2.112273
16.383526 2.755783 2.064980
16.418180 2.211357 2.163026
16.432533 2.211357 2.198084
16.383526 2.211357 2.148503
16.418180 1.662566 2.078831
16.432533 1.652026 2.112273
16.383526 1.666932 2.064980
16.418180 1.167428 1.834476
16.432533 1.147222 1.863147
16.383526 1.175799 1.822600
16.418180 0.774399 1.453805
16.432533 0.746309 1.474842
16.383526 0.786033 1.445091
16.418180 0.521996 0.974005
16.432533 0.488707 0.985156
16.383526 0.535787 0.969387
-16.414589 0.248654 -0.944139
-16.371269 0.231167 -0.948827
-16.432533 0.290870 -0.932821
-16.414589 0.603551 -1.795448
-16.371269 0.588000 -1.804777
-16.432535 0.641095 -1.772925
-16.414589 1.155786 -2.470402
-16.371269 1.143779 -2.484064
-16.432533 1.184772 -2.437420
-16.414589 1.850770 -2.903205
-16.371269 1.844102 -2.920191
-16.432533 1.866870 -2.862197
-16.414589 2.620415 -3.052194
-16.371269 2.620415 -3.070472
-16.432533 2.620415 -3.008070
-16.414589 3.390060 -2.903205
-16.371269 3.396729 -2.920191
-16.432533 3.373961 -2.862197
-16.414589 4.085044 -2.470402
-16.371269 4.097051 -2.484064
-16.432533 4.056056 -2.437420
-16.414589 4.637279 -1.795447
-16.371269 4.652830 -1.804776
-16.432533 4.599734 -1.772924
-16.414589 4.992177 -0.944139
-16.371269 5.009663 -0.948827
-16.432533 4.949961 -0.932821
-16.414589 5.114526 0.000001
-16.371269 5.132620 0.000001
-16.432533 5.070843 0.000001
-16.414589 4.992177 0.944142
-16.371269 5.009663 0.948829
-16.432533 4.949961 0.932825
-16.414589 4.637279 1.795450
-16.371269 4.652830 1.804779
-16.432533 4.599734 1.772927
-16.414589 4.085044 2.470403
-16.371269 4.097051 2.484065
-16.432533 4.056056 2.437421
-16.414589 3.390060 2.903208
-16.371269 3.396729 2.920194
-16.432533 3.373961 2.862200
-16.414589 2.620415 3.052196
-16.371269 2.620415 3.070472
-16.432533 2.620415 3.008071
-16.414589 1.850770 2.903208
-16.371269 1.844102 2.920194
-16.432533 1.866870 2.862200
-16.414589 1.155786 2.470403
-16.371269 1.143779 2.484065
-16.432533 1.184772 2.437421
-16.414589 0.603551 1.795450
-16.371269 0.588000 1.804779
-16.432535 0.641095 1.772927
-16.414589 0.248655 0.944142
-16.371269 0.231168 0.948829
-16.432533 0.290870 0.932824
-16.414589 0.126305 0.000001
-16.371269 0.108211 0.000001
-16.432533 0.169987 0.000001
16.414589 0.248654 -0.944139
16.371269 0.231167 -0.948827
16.432533 0.290870 -0.932821
16.414589 0.603552 -1.795448
16.371269 0.588000 -1.804777
16.432533 0.641095 -1.772925
16.414589 1.155785 -2.470402
16.371269 1.143779 -2.484064
16.432533 1.184772 -2.437420
16.414589 1.850770 -2.903205
16.371269 1.844102 -2.920191
16.432535 1.866870 -2.862197
16.414589 2.620416 -3.052194
16.371269 2.620415 -3.070472
16.432533 2.620416 -3.008070
16.414589 3.390060 -2.903205
16.371267 3.396729 -2.920191
16.432533 3.373961 -2.862197
16.414589 4.085044 -2.470402
16.371267 4.097051 -2.484064
16.432533 4.056057 -2.437420
16.414589 4.637279 -1.795447
16.371267 4.652830 -1.804776
16.432533 4.599734 -1.772924
16.414589 4.992177 -0.944139
16.371269 5.009663 -0.948827
16.432533 4.949961 -0.932821
16.414589 5.114526 0.000001
16.371269 5.132620 0.000001
16.432533 5.070843 0.000001
16.414589 4.992177 0.944142
16.371269 5.009663 0.948829
16.432533 4.949961 0.932825
16.414589 4.637279 1.795450
16.371267 4.652830 1.804779
16.432533 4.599734 1.772927
16.414589 4.085044 2.470403
16.371267 4.097051 2.484065
16.432533 4.056057 2.437421
16.414589 3.390060 2.903208
16.371267 3.396729 2.920194
16.432533 3.373961 2.862200
16.414589 2.620416 3.052196
16.371269 2.620415 3.070472
16.432533 2.620416 3.008071
16.414589 1.850770 2.903208
16.371269 1.844102 2.920194
16.432535 1.866870 2.862200
16.414589 1.155785 2.470403
16.371269 1.143779 2.484065
16.432533 1.184772 2.437421
16.414589 0.603552 1.795450
16.371269 0.588000 1.804779
16.432533 0.641095 1.772927
16.414589 0.248654 0.944142
16.371269 0.231168 0.948829
16.432533 0.290870 0.932824
16.414589 0.126305 0.000001
16.371269 0.108211 0.000001
16.432533 0.169987 0.000001
