-0.0575 -32.5764 -3.9526
0.4506 -32.5386 -3.9476
-1.3046 -32.1472 -3.6672
-0.9687 -32.4810 -3.7140
-1.2034 -32.8060 -2.9381
-0.5799 -32.4259 -4.0564
-0.6676 -33.0354 -3.1611
-0.4581 -33.4525 -2.6949
-0.7540 -33.6781 -2.2561
-1.0540 -33.2956 -2.4930
-1.3552 -33.1578 -2.1025
-1.0045 -33.8291 -1.8092
-1.5348 -32.3627 -2.6778
-1.5231 -33.3404 -1.2847
-1.2842 -33.7695 -1.3979
-1.7157 -32.5523 -1.5252
-1.7966 -33.0694 -0.2717
-1.8607 -31.1771 -2.2693
-1.9638 -32.7328 0.8290
1.2053 -0.3678 -35.6803
1.6679 -0.4864 -35.6098
1.5284 -0.6430 -35.4351
1.2366 -0.6760 -35.0256
0.8910 -0.3717 -35.2884
0.7448 -0.3919 -34.6278
1.9580 -0.5285 -35.1487
1.6336 -0.8176 -34.7388
2.0770 -0.4889 -34.4512
1.3513 -0.7584 -34.3292
1.7581 -0.8073 -34.0424
2.0838 -0.5301 -33.7058
0.6959 -0.3590 -33.7544
1.4782 -0.7264 -33.6328
1.1107 -0.4692 -33.0200
1.8964 -0.6651 -33.3460
2.0514 -0.4086 -32.9517
1.6128 -0.6197 -32.9365
1.8236 -0.4664 -32.4957
1.1903 -0.4064 -32.3044
1.4993 -0.4304 -32.1139
-1.2445 -0.1622 -22.6601
-0.6288 -0.1840 -22.9307
-0.6577 -0.6282 -22.3158
0.7967 -0.3642 -23.4228
1.5900 -0.5158 -23.2996
1.2336 -0.6881 -22.8190
0.7046 -0.7441 -22.5119
0.3870 0.0772 -24.1443
1.9338 -0.5104 -22.9482
1.6375 -0.7641 -22.5322
2.0900 -0.5655 -22.2477
1.2782 -0.9549 -22.1740
1.8211 -1.0187 -21.7947
-0.1297 -1.5127 -21.5136
0.9556 -1.3517 -21.6516
0.4566 -2.0531 -21.0476
1.2063 -1.6974 -21.2406
0.4288 -0.9374 -22.1302
-0.5422 -2.4287 -20.7690
-0.4581 -2.8968 -20.3102
0.6273 -2.6582 -20.3765
-1.6059 -2.6561 -20.3796
-1.1424 -2.2756 -20.7896
-1.4936 -3.0842 -20.1748
-1.2805 -3.1930 -20.1137
-1.7821 -1.8566 -20.5608
0.5707 -3.3821 -19.4117
-0.5877 -3.6664 -19.3691
-1.1448 -0.7185 -22.1180
-0.9147 -1.4065 -21.4845
-1.5742 -0.2286 -22.3664
-1.7239 -0.6326 -21.8307
-1.4178 -1.0962 -21.5836
-1.8631 -0.2511 -21.9555
-1.3897 -1.7088 -21.0284
-1.7544 -1.0976 -21.2075
-1.9794 -0.8768 -20.7622
-1.9472 -0.6092 -21.3775
-2.0428 0.0972 -21.5196
-2.1057 0.0359 -20.5597
2.2102 -0.6478 -21.5543
1.8021 -1.4931 -21.1315
1.4912 -2.0405 -20.7715
2.0997 -1.5373 -20.6891
1.9654 -2.0512 -20.3971
2.3106 -1.5594 -20.1536
2.0586 -1.0302 -21.4268
2.2630 -0.9456 -20.8512
2.3355 -0.3052 -21.2167
2.3725 -1.0632 -20.1525
2.4090 -0.7528 -19.8141
1.5835 -2.5958 -20.1140
2.0281 -2.5675 -19.7143
1.6478 -3.0741 -19.4050
1.2096 -2.7815 -20.0464
2.2189 -2.5553 -19.2668
1.9687 -3.0138 -19.0675
0.3129 -3.8278 -18.9077
1.2943 -3.5127 -18.9683
0.7136 -4.2114 -18.4797
1.7796 -3.5392 -18.5865
1.3909 -4.2230 -18.3258
2.3054 -2.5644 -18.6458
1.8779 -4.0277 -18.1306
1.7055 -4.6009 -17.9714
2.0270 -4.5462 -17.6773
2.1931 -3.7999 -17.6592
2.1297 -3.2210 -18.3345
2.3035 -3.4425 -17.3141
2.3881 -2.3217 -18.1787
2.2001 -2.0506 -20.0364
2.3481 -2.0661 -19.4484
2.4066 -1.5695 -19.4445
2.4044 -1.7577 -16.7450
2.3956 2.3275 -21.7135
2.3202 7.4872 -16.3064
0.0559 -28.4816 -8.8027
0.6054 -28.5289 -8.6485
0.2510 -29.0172 -8.2179
0.9892 -28.5693 -8.3280
0.8062 -28.9290 -8.1217
1.2809 -28.5809 -7.9183
-0.2233 -29.4664 -7.7210
0.4790 -29.4581 -7.7359
0.1136 -29.9017 -7.2830
0.9029 -29.5264 -7.4763
0.5738 -30.0282 -7.0840
-0.2164 -28.9221 -8.2902
-0.4538 -28.2826 -8.8507
-0.6386 -29.0048 -8.0113
-0.9535 -28.4519 -8.2710
1.1121 -29.0849 -7.7077
1.2095 -29.5979 -7.0508
0.9804 -30.0654 -6.7953
1.4410 -29.6037 -6.5156
1.3812 -29.1430 -7.2122
1.5612 -28.5037 -7.3009
1.5935 -29.1355 -6.5274
1.7395 -28.2082 -6.6929
-0.4374 -26.8933 -10.3732
-0.7351 -26.3334 -10.7155
-0.1111 -26.4629 -10.9092
0.6011 -26.3216 -10.9281
0.2511 -26.9208 -10.5202
1.0006 -26.3126 -10.6082
0.7070 -27.0314 -10.2707
-0.1776 -27.3515 -9.9989
0.3089 -27.5025 -9.9164
-0.5305 -24.4019 -12.5681
0.1556 -24.3923 -12.6225
-0.1370 -24.9208 -12.2192
-0.7831 -24.7716 -12.0840
-0.4270 -25.3290 -11.7952
-0.9785 -24.3404 -12.2517
-0.5733 -25.6819 -11.4170
-1.0942 -24.7484 -11.6920
-0.8272 -25.4228 -11.4567
-1.2724 -24.0582 -11.8667
-1.2821 -25.0440 -10.9314
-1.0361 -25.6315 -10.9765
-1.4636 -23.5343 -11.5814
0.0566 -25.4547 -11.7688
-0.2106 -25.8122 -11.4426
0.5822 -25.4185 -11.6381
0.2119 -25.9908 -11.3187
0.9963 -25.3111 -11.3338
1.2815 -25.3321 -10.8750
0.2774 -25.0800 -12.0264
0.8137 -24.7802 -11.8716
0.6546 -24.2347 -12.4360
1.3365 -24.4581 -11.2064
0.0674 -27.9494 -9.3927
-0.5864 -27.8008 -9.2838
-0.7906 -27.1550 -9.7785
-1.1153 -26.0703 -10.3892
-1.1152 -26.6233 -9.7383
-0.9374 -27.8224 -8.9162
-1.1584 -27.5445 -8.7854
-1.2954 -26.9313 -8.9021
-1.5456 -25.8363 -8.7806
-1.6064 -24.2513 -10.2544
-1.3793 -25.7205 -9.8841
1.0760 -26.9637 -9.9548
1.2433 -26.5850 -9.9929
0.7720 -27.5857 -9.6161
1.0643 -27.5220 -9.3473
1.4068 -27.1049 -9.0559
1.4777 -26.6096 -9.2508
1.4555 -25.4761 -10.3500
1.8384 -23.5544 -10.4207
1.6211 -25.4976 -9.7057
1.6993 -26.1301 -8.6513
1.8682 -24.7218 -9.1028
0.4459 -28.0628 -9.2242
0.8480 -28.1183 -8.9316
1.3966 -27.6066 -8.6055
1.1636 -28.0449 -8.6362
1.4694 -28.1170 -7.9087
1.5812 -27.3746 -8.2067
1.7076 -27.3879 -7.5987
1.8678 -26.4149 -7.2587
1.7726 -29.2680 -4.6996
1.9894 -24.0009 -8.4609
-0.8429 -21.4686 -14.2100
-1.1616 -20.0018 -14.5279
-0.4819 -20.9942 -14.5847
-1.3051 -20.6393 -13.9708
-0.8766 -19.4363 -14.9574
-0.2961 -20.1387 -14.8328
-0.6062 -19.1006 -15.1091
-0.1449 -19.4005 -14.9373
-0.0097 -18.7291 -15.0291
-1.1104 -18.0343 -15.2281
-0.3390 -18.3451 -15.2883
-1.4174 -18.1821 -14.8393
-1.6178 -18.4946 -14.3344
-1.3043 -17.0528 -15.4535
-0.5965 -17.6025 -15.5402
-0.8614 -17.8169 -15.4266
-0.2143 -17.6336 -15.4466
0.4681 -17.7053 -15.1189
-1.0719 -16.7451 -15.7893
-0.4069 -16.6135 -15.9394
-1.2064 -15.6654 -16.1706
-0.7587 -16.0906 -16.2433
-1.5263 -15.8909 -15.6932
0.1768 -16.9206 -15.4600
0.3500 -16.3941 -15.5587
-1.6376 -16.7391 -15.0613
-1.7874 -16.8490 -14.5664
-1.2886 -22.0322 -13.2581
-1.5755 -20.1160 -13.6209
-1.6499 -20.4774 -12.9861
-1.8620 -18.1453 -13.7799
-1.8951 -18.7745 -13.2018
-1.8834 -19.7662 -12.2184
-2.2325 -17.4475 -11.8232
-1.9570 -16.7511 -13.9203
-2.1898 -16.9518 -12.7307
-2.2734 -15.9089 -12.3834
-2.1130 -15.9257 -13.3584
-2.3512 -16.9139 -10.6205
-0.2241 -23.9416 -13.0031
0.3607 -23.9784 -12.8521
-0.5178 -23.4230 -13.3223
0.1491 -23.4167 -13.3392
0.6301 -23.2463 -13.1253
-0.2516 -22.9412 -13.7099
-0.5392 -22.4044 -13.9853
0.2057 -22.1648 -14.1046
-0.9316 -22.5658 -13.5697
0.3339 -22.9701 -13.5352
0.5480 -22.2852 -13.7370
0.7941 -22.2643 -13.3665
0.9015 -23.2811 -12.7601
1.1513 -23.8662 -11.9670
1.1611 -22.4286 -12.5012
1.4008 -22.7052 -11.9767
-0.2158 -21.9073 -14.3404
0.0155 -21.1770 -14.5585
0.4921 -21.2271 -14.3714
0.8333 -21.2630 -13.9895
1.0992 -21.2286 -13.4788
0.1909 -20.1899 -14.6604
0.6063 -20.2336 -14.3853
0.9480 -20.2695 -14.0041
1.2409 -20.5517 -13.4752
1.2356 -21.7692 -12.6602
1.5651 -21.3399 -12.1873
1.6436 -20.7294 -12.2686
0.4288 -19.4608 -14.4534
1.3367 -20.0589 -13.2172
1.0342 -19.5244 -13.6815
0.5090 -18.9665 -14.4935
0.6499 -18.5505 -14.6318
1.3651 -19.0437 -13.3340
1.1419 -18.5006 -14.2314
1.6213 -18.5699 -13.4317
1.6173 -19.7114 -12.6062
1.9526 -19.4953 -11.8029
1.9054 -18.8135 -12.5013
2.1054 -18.2545 -12.2972
1.0686 -18.0198 -14.7114
1.1999 -17.5308 -14.8248
1.4329 -18.0581 -14.3628
1.7177 -18.1062 -13.8880
1.5770 -17.5705 -14.4947
1.9329 -17.6079 -13.8059
0.8607 -16.7410 -15.0968
1.2743 -16.7845 -14.8189
1.6453 -16.8235 -14.4802
1.9582 -16.8564 -13.9642
1.9765 -18.1152 -13.2047
2.1478 -16.8763 -13.2664
2.1793 -17.7595 -12.0031
-1.0265 -23.3299 -12.9695
-0.8546 -23.8235 -12.8136
-1.1972 -23.5503 -12.4619
-1.4757 -22.0332 -12.7488
-1.6623 -21.5033 -12.3252
-1.8270 -21.9209 -10.9526
1.7556 -22.9962 -11.1038
1.9403 -21.5050 -11.1101
2.0500 -20.6367 -10.7668
-1.9988 -23.1155 -8.9989
-2.0352 -19.5802 -11.0307
-2.1830 -20.9722 -9.3257
2.0110 -22.2666 -10.4353
2.1220 -19.9595 -10.0438
2.0604 -22.8051 -6.4345
2.0607 -19.4005 -11.1021
-2.2142 -18.6916 -10.4097
-2.3597 -19.0768 -8.6530
2.1478 -19.0049 -9.8154
2.2553 -16.2473 -10.8963
2.1493 -19.8135 -4.9884
-1.0449 -30.2430 -6.3724
-0.3568 -30.2351 -6.8088
-0.7645 -30.6491 -6.1475
0.0675 -30.5815 -6.4475
-0.2769 -31.1798 -5.6681
-0.6115 -31.3391 -5.3800
-1.0365 -30.8244 -5.7137
-1.2687 -30.3430 -5.9106
1.0275 -31.0614 -5.4599
0.7959 -30.8190 -5.9730
1.1540 -30.3322 -6.2099
1.3770 -30.6210 -5.3483
0.3876 -31.5167 -5.2732
-0.1341 -32.0468 -4.6362
0.8551 -31.5805 -4.9612
0.4141 -32.0329 -4.6218
1.1701 -31.4982 -4.6635
0.8799 -32.0811 -4.2912
0.4857 -30.7730 -6.1731
1.3653 -31.1226 -4.7193
-0.5703 -29.8622 -7.1777
-0.9141 -29.3625 -7.4685
-0.8731 -29.9512 -6.8845
-1.2410 -29.3511 -7.0321
-1.1606 -28.6444 -7.7908
-1.3796 -28.9878 -7.0026
-1.3998 -27.9954 -7.7405
-1.2348 -29.8438 -6.5339
-1.4470 -30.0880 -5.6966
-1.5618 -29.4456 -5.8698
-1.6198 -27.3529 -7.3354
1.5105 -29.9364 -5.8181
1.6457 -30.0440 -4.9422
-1.3230 -30.7746 -5.3064
-0.9815 -31.3869 -5.0917
-1.5086 -30.9792 -4.5051
-1.3608 -31.3527 -4.5491
-1.6885 -30.0006 -4.6443
-0.6663 -31.8984 -4.6872
-1.0012 -31.9480 -4.3860
-1.6293 -31.7100 -3.0789
-1.9398 -25.7347 -6.9327
-2.0339 -28.0284 -3.9273
1.7828 -30.0362 -2.3867
-2.2980 -22.6645 -6.4158
-2.1899 -27.4116 -2.2438
-2.3518 -22.9072 -3.9119
-2.1426 -30.3108 2.1802
-2.2672 -24.2418 6.9282
-2.4090 -16.3001 -9.2568
-2.3930 -19.7766 -3.8059
-1.0885 -14.5251 -16.7091
-0.5889 -14.1308 -16.9891
-0.8840 -14.9934 -16.6718
0.0022 -15.6453 -16.3290
-0.3521 -14.9544 -16.8020
0.3886 -15.6577 -16.0081
0.7148 -15.7202 -15.6091
0.2917 -14.9216 -16.6322
-0.0210 -14.1346 -16.9424
0.4386 -14.1829 -16.7305
0.6665 -14.9610 -16.2988
0.9683 -15.0034 -15.8546
0.8137 -14.2223 -16.3976
1.1343 -14.5074 -15.8444
-1.1893 -13.5060 -16.8533
-0.5086 -13.4244 -16.9872
-1.2685 -12.4952 -16.9830
-0.9873 -12.5248 -17.0731
-0.4645 -12.5654 -17.0586
0.0134 -13.1327 -16.8417
0.4601 -13.1797 -16.6115
1.1776 -13.6321 -15.8993
0.8593 -13.2216 -16.3130
-0.0638 -12.1191 -17.0167
0.3562 -12.1632 -16.7481
0.9291 -12.4748 -16.3006
1.3997 -12.5243 -15.6218
-1.4467 -14.4875 -16.3508
-1.7012 -14.4607 -15.9197
-1.8122 -15.4458 -15.3335
-1.9558 -13.7070 -15.4278
-1.9791 -15.4371 -14.8209
-1.6023 -12.9612 -16.5709
-1.8226 -13.1537 -16.0482
-2.0880 -11.0098 -15.7563
-2.0744 -13.1332 -14.7850
-0.7616 -11.8134 -17.3021
-0.7500 -11.2928 -17.3605
-0.2079 -10.9712 -17.0700
-1.5140 -11.0716 -17.2581
-1.2787 -11.2373 -17.3386
-1.1093 -10.5009 -17.4692
-1.6865 -9.8776 -17.4656
-0.7074 -10.6669 -17.3506
0.1228 -11.0531 -16.7411
0.4857 -11.6741 -16.5082
0.8419 -11.8322 -16.1926
1.2442 -12.1146 -15.8226
1.2042 -11.5110 -15.4700
1.0768 -10.9821 -15.5167
0.3386 -10.4017 -16.4598
1.2619 -10.4988 -15.4441
-1.4868 -9.4558 -17.6488
-0.9983 -9.7585 -17.5162
-1.7819 -9.1734 -17.5836
-0.8533 -9.0021 -17.6090
-0.4177 -9.4328 -17.2299
0.0396 -9.8676 -16.8273
-1.6810 -8.2950 -18.1880
-1.5424 -8.1930 -18.2530
-1.0865 -8.2409 -18.0360
-1.4335 -8.7072 -17.9855
-1.2480 -8.8127 -17.8920
-0.2173 -8.2066 -17.3586
-1.9852 -8.3807 -17.7832
0.7952 -9.9470 -16.1689
0.5778 -9.1653 -16.5778
1.5284 -10.0681 -15.3715
1.2894 -9.4962 -15.9316
1.0360 -8.2126 -16.2956
1.3711 -8.9653 -15.9684
1.6079 -8.2728 -15.7656
-1.8181 -11.0510 -16.8610
-1.9442 -11.2873 -16.3285
-1.9759 -9.8642 -17.0577
-2.0867 -9.8954 -16.6050
-2.0202 -8.8969 -17.1594
-2.1028 -8.7484 -16.6483
-2.1450 -7.7405 -17.3223
-2.1821 -9.3827 -15.8538
-2.1786 -10.3410 -14.5128
-2.1341 -8.3822 -15.8143
-2.1001 -15.4098 -13.9703
-2.1499 -14.3682 -14.1278
-2.2126 -14.7155 -12.8348
-2.2231 -12.9462 -12.9434
-2.3208 -13.7277 -11.4470
-2.3932 -15.2678 -11.1650
-2.2993 -11.8747 -11.3277
-2.2485 -8.6233 -13.9984
-2.1632 -7.8764 -14.7940
-2.3489 -10.5263 -11.3798
-2.3571 -8.7631 -12.2562
-2.3830 -9.8921 -9.6375
-2.3404 -6.3035 -13.8678
1.0481 -15.7332 -15.1556
1.2483 -14.7708 -15.3532
1.3861 -14.7853 -14.8628
1.3641 -13.6517 -15.4728
1.5851 -13.4236 -14.8678
1.7334 -12.5594 -14.8718
1.3226 -15.7841 -14.7383
1.6211 -15.8154 -14.2488
1.8876 -15.8475 -13.8189
1.7258 -15.1199 -13.9132
1.7832 -13.7714 -14.0026
1.9922 -14.1891 -13.3728
2.1624 -16.1237 -13.2079
2.0986 -15.3442 -13.1900
2.2538 -15.2491 -12.4670
2.2184 -13.2074 -12.7780
1.9994 -12.4616 -13.8327
2.3236 -11.9114 -11.7978
1.6171 -12.0444 -15.1000
1.8372 -9.3024 -15.3733
2.1048 -9.2930 -14.8724
1.9331 -8.3069 -15.3609
2.1769 -8.3124 -14.8715
1.7475 -11.3040 -14.6731
1.9725 -11.6811 -14.1762
2.2054 -11.3521 -13.4919
1.8996 -10.3144 -14.7414
2.1391 -10.2139 -14.1772
2.2548 -9.9982 -13.4731
2.2847 -11.3388 -12.7891
2.2717 -9.0967 -14.1831
2.3002 -7.9475 -14.1605
2.3322 -8.2546 -13.2446
2.3105 -9.6663 -12.3001
2.3042 -12.9395 -9.4114
-2.3995 -13.2224 -9.6982
2.1261 -18.5472 -0.8378
2.2863 -11.2074 -7.3891
2.3552 -7.9263 -11.8534
2.3265 -8.8745 -10.0791
2.2619 -9.9929 -7.7632
2.2349 -9.0389 -8.4149
2.2699 -8.3423 -9.3294
2.1841 -9.5902 -7.4665
2.0496 -8.7776 -7.9250
-1.8123 -7.6619 -18.3258
-1.4062 -7.4532 -18.3360
-1.7439 -7.1663 -18.3144
-2.0834 -7.3820 -17.9247
-1.4922 -6.6900 -18.2350
-2.0233 -6.3828 -17.9559
-1.4310 -6.1937 -18.2083
-1.5245 -5.4297 -18.2888
-1.2509 -5.4585 -18.2588
-2.0555 -5.3435 -18.0544
-1.8011 -5.1493 -18.3029
-1.6299 -4.7682 -18.4892
-0.4103 -4.7928 -18.2639
-1.7937 -4.6473 -18.5335
-2.0400 -4.1718 -18.7398
-1.7837 -4.0865 -19.0406
-1.3907 -4.2031 -18.9186
-0.5618 -4.2805 -18.6260
-2.1968 -4.6050 -18.2069
-2.2438 -4.0973 -18.3465
-2.1774 -6.3666 -17.4541
-2.2187 -6.6390 -16.2532
-2.2318 -5.3422 -17.5796
-2.3082 -4.3419 -17.6488
-2.2967 -1.4389 -16.5704
-0.9804 -7.4980 -18.0757
-0.5419 -7.0413 -17.7586
0.3829 -7.3899 -16.9449
-0.9348 -6.7486 -18.0286
-0.8392 -6.0045 -18.0533
-0.0640 -6.5888 -17.4982
1.5202 -7.5122 -15.9606
0.8808 -6.9395 -16.7133
0.8000 -6.1211 -17.2390
1.3848 -6.1772 -16.8794
1.5989 -6.6577 -16.3835
1.8934 -6.6805 -16.0340
-0.4577 -5.3129 -18.0743
0.7076 -5.1407 -17.9412
-0.0710 -5.8197 -17.7796
1.4269 -5.2367 -17.6704
1.7113 -5.5101 -17.2437
2.0107 -5.5500 -16.8031
2.1434 -5.8153 -16.1938
1.9243 -5.0381 -17.4757
2.1718 -5.0496 -16.9611
2.2631 -4.5710 -16.9684
2.2907 -5.2023 -15.9285
2.3614 -3.5208 -16.1954
-1.8141 -3.2613 -19.8699
-1.4546 -3.6965 -19.6190
-1.9678 -3.6235 -19.3401
-2.0532 -3.1760 -19.4079
-1.9401 -2.6209 -20.0045
-1.9919 -1.8698 -20.0848
-2.0919 -2.2279 -19.5286
-2.1327 -3.6062 -18.8458
-2.1895 -2.8438 -18.6234
-2.0566 -0.8490 -20.1496
-2.1504 -0.4126 -19.2961
-2.2725 -2.6844 -17.7431
-2.2594 1.5062 -18.4738
-2.2404 -7.3451 -14.3591
-2.2976 -6.6106 -14.6529
-2.3063 -4.3702 -12.9309
-2.2219 -2.7170 -11.2135
-2.2664 -5.1632 -10.1577
-2.2402 -0.7990 -13.2177
-2.1550 0.0052 -11.0401
1.9804 -7.5578 -15.3163
2.1504 -7.5757 -14.8635
2.1049 -6.8167 -15.4569
2.1979 -6.8265 -14.9839
2.2567 -6.0786 -15.5585
2.3284 -5.9604 -14.7950
2.3695 -4.7805 -14.3878
2.2898 -6.7855 -14.1091
2.3435 -1.7386 -12.9008
2.3256 -4.9693 -11.9202
2.3019 -5.8477 -11.0984
2.2803 -7.4636 -9.9719
2.2303 -5.8247 -10.6717
2.1731 -6.3800 -10.1508
2.2138 -3.8186 -11.5306
1.9415 -5.3016 -10.3911
1.9796 -3.9236 -11.0757
1.6443 -4.2623 -10.6817
1.9071 -6.3484 -9.7279
2.1890 -7.3973 -9.5028
1.8533 -7.1456 -9.0967
1.4787 -6.1164 -9.5771
0.8685 -6.7468 -8.8573
1.4680 -7.6887 -8.3869
-0.6090 -4.0083 -9.6608
-0.4071 -5.0790 -9.2683
0.3911 -4.6010 -9.9747
1.1964 -4.7362 -10.2701
0.5053 -5.7144 -9.3974
2.1722 -8.2096 -8.7967
1.9568 -7.8273 -8.6695
1.7148 -8.4026 -7.8804
2.2797 -2.1191 -12.2549
2.0919 -1.9135 -11.7550
1.0316 -3.5479 -10.6947
1.7899 -2.6359 -11.3021
0.9174 -2.7872 -10.8882
2.2842 1.6350 -12.4401
2.0594 -0.2817 -11.8970
1.6878 -1.4685 -11.4837
0.1935 -2.1232 -10.7042
0.6773 -0.9513 -11.1344
1.6292 -0.1052 -11.5992
1.1993 0.1913 -11.4414
-0.5252 -3.0052 -10.0990
-0.2928 -1.1985 -10.6522
-1.1186 -1.9302 -10.0632
-0.9894 -0.9612 -10.3081
-0.2635 -0.0642 -10.7810
-1.0997 0.6843 -10.3754
-2.4070 -15.1768 -3.5344
2.1915 -13.9641 -1.7605
2.1906 -12.5856 -2.7921
2.1643 -13.1231 -0.7668
2.2281 -12.2319 -4.3554
-2.3309 -9.5288 -6.0826
-2.3045 -7.4256 -8.7917
-2.3802 -11.5830 -2.9952
-2.3089 -9.3693 -5.5847
-2.2102 -8.6256 -5.7143
-2.2630 -8.3687 -6.5373
-1.8689 -8.2262 -5.5901
-2.1591 -8.1282 -6.2216
-1.1794 -8.8050 -5.1359
-0.4930 -8.4499 -6.3202
-1.2756 -8.3024 -5.6974
-1.5251 -8.4943 -5.2467
2.2440 -11.3561 -5.7764
2.2164 -10.5991 -6.4058
2.1817 -11.5722 -4.5848
2.1129 -10.6929 -5.6043
2.1176 -11.0915 -4.9614
1.8788 -10.5669 -5.1662
2.1801 -10.0925 -6.8222
2.0187 -9.5720 -6.9533
2.0612 -10.1363 -6.2914
1.7376 -9.5478 -6.5598
1.7166 -8.9904 -7.2256
1.0079 -8.4620 -7.3685
1.4243 -9.0309 -6.9567
1.3127 -9.5156 -6.2477
1.7944 -10.0678 -5.8718
1.3760 -10.0999 -5.3978
0.4173 -9.1243 -6.1879
2.1393 -12.0558 -3.0633
2.0665 -11.5322 -3.7944
1.9737 -11.0583 -4.4840
1.5694 -10.5519 -4.7723
1.2069 -10.5574 -4.4140
1.7144 -11.0093 -4.0275
1.9013 -11.5840 -2.9398
1.0648 -10.8592 -3.6006
0.2607 -10.1898 -4.3334
1.6210 -11.2792 -3.1572
0.5679 -9.8810 -5.1855
-0.3957 -9.3251 -5.2455
-0.7831 -9.5968 -4.3341
-2.2957 -9.8735 -4.0456
-2.1473 -9.2554 -4.4766
-2.2411 -9.1251 -5.1358
-2.0955 -8.6376 -5.3297
-1.8012 -8.7088 -4.8865
-1.4551 -9.0030 -4.5504
-1.9460 -9.1561 -4.2706
-1.7260 -9.1743 -4.1057
-2.1310 -9.5643 -3.7249
-2.3554 -10.6213 -2.9308
-2.2841 -10.1261 -2.9356
-0.2643 -10.3871 -3.3146
0.2149 -10.9069 -2.4851
0.9462 -11.2320 -2.4098
1.6181 -11.6647 -1.9103
1.0291 -11.4501 -1.7258
-0.8841 -10.2932 -2.5323
-0.3636 -10.8808 -1.5165
0.3076 -11.3180 -0.8625
-1.1791 -9.5637 -3.8593
-1.6712 -9.4905 -3.4444
-1.4516 -9.7677 -2.9660
-1.9728 -9.6608 -3.0415
-2.3248 -10.6246 -1.6342
-2.1765 -10.1799 -1.9318
-2.3375 -11.1314 0.2791
-2.0475 -10.1799 -1.2695
-1.3280 -10.2463 -1.5478
-1.8715 -10.1694 -1.0927
-1.6104 -10.2618 -0.5937
-2.2787 -10.6294 -0.7125
-1.8991 -10.2829 -0.1880
-0.9662 -10.6750 -0.5791
-0.0719 -11.2964 0.5242
-0.9249 -10.8303 0.5281
-1.8749 -9.8591 -2.3385
-1.4814 -10.0335 -2.0517
-1.7699 -10.0354 -1.6421
-2.2356 -4.8523 -9.6947
-2.1462 -3.8561 -9.7520
-2.1740 -2.9420 -10.4051
-1.9853 -2.9932 -9.8122
-2.1004 -1.8034 -10.4083
-1.7971 -1.8818 -9.9753
-2.0160 -0.7276 -10.4148
-1.6067 -1.0671 -10.0883
-1.5458 -0.4000 -10.1686
-2.2390 -5.8574 -9.0264
-2.2501 -6.8617 -8.3222
-2.1526 -6.1179 -8.3209
0.4619 -7.3885 -8.1086
0.1776 -7.8462 -7.5235
-0.4823 -6.1267 -8.5361
-0.5313 -7.0519 -7.7666
-0.9062 -7.2223 -7.2741
-1.1793 -5.9498 -8.1546
-1.4021 -6.2543 -7.7666
-1.1672 -4.9421 -8.8468
-1.4917 -3.9205 -9.2123
-2.1542 -5.1122 -9.0193
-2.0440 -5.6265 -8.4403
-1.8784 -5.1412 -8.6030
-1.4526 -5.2877 -8.4829
-1.6825 -5.7546 -8.1010
-2.0148 -4.3727 -9.1662
-1.7149 -4.7490 -8.7767
-2.2348 -7.3661 -7.6124
-2.1759 -7.6237 -6.9141
-2.0218 -7.2334 -6.9682
-2.1033 -6.7233 -7.6480
-1.8877 -6.1457 -7.8681
-1.9963 -6.6370 -7.5420
-1.6893 -6.6641 -7.3203
-1.6489 -7.3230 -6.6395
-1.3894 -7.1714 -6.9297
-1.2359 -7.7340 -6.4308
-1.9454 -7.7300 -6.2791
-1.5870 -7.9086 -5.9431
-1.1641 -3.2052 -9.6552
-1.6925 -3.3563 -9.4722
-1.3734 -2.6238 -9.7752
-1.4169 -1.9218 -9.9251
0.8280 -32.5592 -3.6633
0.5797 -33.0342 -3.1825
1.1660 -32.6099 -3.0802
0.9664 -33.0023 -2.8553
1.3331 -32.6274 -2.6149
0.0778 -33.6004 -2.5540
0.6398 -33.5174 -2.4682
0.2900 -33.9715 -2.0391
0.9365 -33.5913 -2.0289
0.6984 -33.9955 -1.7512
1.1799 -33.5921 -1.5184
1.1811 -33.1529 -2.1970
1.4466 -32.8908 -1.7249
-0.3338 -34.4733 -1.3246
0.3398 -34.4548 -1.3104
0.1115 -34.8474 -0.6545
0.5664 -34.6462 -0.7889
-0.7583 -34.6964 -0.6585
-0.9347 -34.3423 -1.1126
-1.2900 -34.3211 -0.4460
-0.2793 -34.9314 -0.5023
-0.2361 -35.4226 0.5151
-0.7204 -35.0684 0.0055
0.5371 -35.0546 -0.0309
0.9218 -34.5970 -0.4124
1.1529 -34.6195 0.1255
0.9469 -34.9894 0.3626
0.2641 -35.3524 0.4066
0.6759 -35.3529 0.6934
1.3393 -34.3615 0.2281
1.1251 -35.1412 0.9804
1.4686 -34.6527 1.2863
-0.4061 -33.9698 -2.0284
0.0074 -34.2714 -1.6825
-0.6866 -34.2116 -1.5597
0.8862 -34.1921 -1.1754
-1.4825 -33.8628 -0.5952
1.3309 -33.7346 -0.8252
1.1251 -34.1139 -0.8232
1.5700 -33.0923 -0.6528
1.5459 -34.0230 0.7449
1.6638 -33.5106 1.3255
-1.2017 -34.8292 0.2631
-1.5590 -34.3675 0.6215
-1.0892 -35.4098 1.1469
-0.8127 -35.4695 0.8861
-1.5317 -34.8083 1.3212
-1.3410 -35.4144 1.7349
-1.7316 -34.0949 1.0487
-0.2536 -35.8821 1.4986
0.4049 -35.8045 1.4467
0.8604 -35.7693 1.7561
1.3604 -35.1441 1.6655
1.1467 -35.5126 1.7442
-0.6866 -35.9226 1.7243
-0.4865 -36.3758 2.6275
-0.9797 -35.9284 2.0242
0.0182 -36.4461 2.7719
0.6170 -36.3555 2.8066
-1.8838 -34.0657 2.1498
1.3016 -35.6316 2.3732
1.5795 -34.7901 2.3869
1.4976 -35.1585 2.3449
1.1438 -36.1367 3.0294
1.4151 -35.9285 3.4236
0.9852 -36.5222 3.5666
1.5720 -35.5820 4.1297
1.6156 -35.2720 4.8036
1.7001 -33.3594 4.0751
1.3316 -31.6917 -4.0181
1.5763 -30.9562 -4.0221
1.1564 -32.1061 -3.8630
1.3749 -32.0786 -3.3200
1.5741 -31.6473 -2.9883
1.5096 -32.1626 -2.6251
1.6461 -32.0547 -1.7464
1.8426 -29.1546 -0.2019
1.8579 -28.0266 4.3233
2.0783 -12.4467 -1.3400
2.0858 -12.6211 -0.2864
2.0549 -12.6163 1.0496
2.0823 -12.9851 3.6229
1.9884 -12.4659 2.1888
1.9847 -12.0187 -1.9958
1.8631 -12.0536 -1.1266
1.4440 -11.7837 -0.8019
1.0923 -11.7010 -0.2900
1.8186 -12.1233 -0.2110
0.9176 -11.6966 0.5036
1.9763 -12.4010 0.5294
1.6542 -12.0205 0.2185
1.6189 -12.0304 1.1904
0.4056 -11.4883 1.8099
1.1699 -11.7426 2.2087
1.8321 -12.2042 1.6353
1.6321 -12.0059 2.0243
0.9496 0.0919 -35.8920
1.3441 0.0504 -35.9417
1.7917 0.0034 -35.7127
0.8363 0.6088 -36.0086
1.3774 0.5497 -35.9144
1.7703 0.5084 -35.6068
0.6075 1.1333 -36.0759
0.2522 1.6900 -36.3084
1.0213 1.5926 -36.1247
1.3843 1.0517 -35.8492
1.7835 1.2611 -35.5132
1.4649 1.5460 -35.8899
0.5171 3.1539 -37.5561
0.4932 3.6263 -37.6918
1.0351 3.6022 -37.5876
0.8670 3.0510 -37.4312
-0.5906 2.7585 -37.1756
0.1039 2.6923 -37.2842
-0.1808 2.2428 -36.7972
0.5671 2.5282 -37.0832
0.2231 2.1031 -36.6582
-0.8075 3.5445 -37.3683
-0.2463 3.2364 -37.5647
-0.2088 3.7329 -37.6484
1.4306 3.5606 -37.2839
1.2763 2.9782 -37.1517
1.5548 3.0448 -36.8436
1.6609 3.5364 -36.8234
1.0942 2.5904 -36.9510
0.8360 2.1898 -36.6441
1.4547 2.5526 -36.5968
1.2610 2.1302 -36.3848
1.7403 2.6112 -36.1316
1.6037 2.0341 -36.0143
1.8917 1.8782 -35.4325
1.9232 2.7743 -35.4397
1.8061 3.4483 -36.1247
1.9483 3.9618 -34.8717
-0.8482 1.3709 -36.0168
-0.2989 1.5136 -36.2430
-0.5880 0.7823 -35.6477
-1.0598 2.0627 -36.2147
-0.6090 1.8679 -36.3831
-1.1501 1.3118 -35.7042
-0.8755 0.7490 -35.3798
-1.3301 2.0911 -35.7947
-1.1799 0.7470 -34.9813
-1.4888 1.4180 -34.9404
-1.3395 1.3380 -35.4246
-1.4738 2.5296 -35.3835
0.1454 0.6741 -35.8969
0.5167 0.1294 -35.6427
-0.0152 0.2807 -35.3569
-0.4021 0.2327 -34.8532
0.3011 -0.1708 -34.4932
-0.5234 0.0184 -34.1656
-0.1244 -0.1045 -33.8788
-0.9924 2.8098 -36.8328
-0.8202 2.4166 -36.6841
-1.2006 2.7087 -36.3601
-1.1095 3.5762 -36.9705
-1.2948 3.0929 -36.2691
-1.2625 4.6034 -36.6176
-1.5531 4.7023 -35.3092
2.0468 -0.0235 -35.1529
1.9613 0.8421 -35.1805
2.1619 0.0141 -34.0924
2.0873 1.1454 -34.4032
2.1917 0.2127 -32.6225
2.1652 2.1776 -32.9720
0.5596 4.2694 -37.6948
1.0907 4.0991 -37.5925
0.6574 5.1501 -37.5967
1.1040 5.2066 -37.4459
-0.7692 4.9789 -37.4174
-0.1314 4.4789 -37.6411
-0.0183 5.4790 -37.5907
-0.6765 5.8069 -37.4436
1.4708 4.8144 -37.1517
1.6278 4.2940 -36.9048
1.7016 4.9883 -36.3985
1.7810 6.0722 -35.2627
-0.6333 6.2913 -37.3282
0.3444 6.1885 -37.4459
-0.1654 6.7172 -37.1262
1.0858 6.1106 -37.2851
0.5450 6.5898 -37.2159
0.9602 6.6685 -37.0236
0.4562 7.0244 -36.6905
1.4368 6.0737 -36.9176
1.6028 6.3076 -36.2979
1.3706 6.5923 -36.6925
1.6913 6.8011 -35.5885
1.0269 7.1294 -36.3641
1.4338 7.0546 -36.0438
-1.1001 4.9713 -37.0661
-1.0820 5.8357 -37.1167
-1.3289 5.8617 -36.5600
-0.9391 6.4269 -37.0605
-0.5426 6.8656 -36.8165
-1.2112 6.4511 -36.6414
-1.1219 6.8454 -36.3029
-0.7082 7.0747 -36.3367
0.2019 7.2760 -36.2520
-0.3303 7.3133 -36.0910
-0.1657 7.7192 -35.6782
-1.3820 6.3700 -36.2857
-1.5910 6.3978 -35.3771
-1.4682 6.8818 -35.6311
-0.9296 7.2712 -35.8949
-1.2255 7.3669 -35.5653
-0.8644 8.0671 -35.2945
0.9079 7.6200 -35.8378
1.2510 7.8791 -35.5124
1.5856 7.4968 -35.3470
1.7116 7.7582 -34.6859
2.0741 5.6992 -32.2245
1.7287 9.6311 -33.2306
-1.5309 0.8448 -34.2677
-1.7258 1.5417 -33.7508
-1.1059 0.2623 -34.2839
-1.3906 0.2721 -33.8725
-1.1093 -0.0697 -33.3465
0.4025 -0.1843 -32.8957
-0.7028 -0.1202 -33.0597
-0.4031 -0.1081 -32.3940
-1.5952 0.3939 -33.4417
-1.7411 0.8774 -33.2948
-1.7059 0.4000 -32.5929
-1.5214 0.1249 -32.7321
-1.1312 -0.0804 -32.4453
-1.8691 3.2794 -33.0326
-1.8786 0.8919 -32.0446
-1.4091 0.0187 -32.0357
-0.8036 -0.0964 -31.6056
-1.7011 0.3253 -31.6158
-1.2831 0.0434 -31.3394
-1.9540 1.8287 -31.7590
-1.5469 0.3525 -30.9327
-1.8914 0.9000 -31.2171
-1.7192 0.8641 -30.1704
-1.9540 1.5821 -30.4106
-1.8954 5.0375 -32.6791
-2.0143 2.9094 -29.6480
-2.0301 5.5747 -28.7348
0.1777 -0.1655 -32.1379
0.4390 -0.2258 -31.6463
1.1920 -0.3120 -31.4209
0.5399 -0.1470 -31.1241
2.0736 -0.0263 -31.6786
1.9031 -0.2074 -31.5437
2.1965 0.4636 -30.9860
2.2508 1.7019 -30.8771
1.6091 -0.2615 -31.1342
2.0060 0.0442 -30.8174
1.3327 -0.1474 -30.7246
1.7240 0.0044 -30.3724
2.0958 0.4742 -30.2387
2.2385 1.2133 -30.4998
2.1876 0.9673 -30.1067
2.2916 3.8707 -28.5040
-0.9623 0.1645 -30.8115
0.2065 0.3599 -30.1453
0.7228 0.0679 -30.5433
-1.3227 0.6483 -29.8852
-0.7718 0.5998 -29.8032
0.3926 0.8719 -29.0285
1.4918 0.1920 -30.0282
1.1245 0.6646 -29.3879
1.9043 0.5709 -29.7687
2.1054 0.9759 -29.6583
2.2461 1.7152 -29.3376
1.5749 0.8794 -29.1051
1.9015 0.9973 -29.1915
2.1013 1.4724 -28.7848
1.8509 1.2586 -28.6355
1.1634 1.0819 -28.5903
1.5642 1.2742 -28.2259
-1.7420 6.9947 -34.3003
-1.6368 6.8995 -35.0788
-1.5947 7.6575 -34.8559
-1.4039 7.8806 -35.0491
-1.7867 9.4238 -32.6930
2.2111 8.6946 -27.7193
-0.0492 8.2763 -35.3676
-0.2364 9.0526 -35.0656
0.6421 8.1721 -35.4782
0.9996 9.2591 -34.9278
1.5198 8.3179 -34.9766
0.5044 8.9361 -35.1640
1.6758 8.7280 -34.2267
-0.2754 10.0250 -34.6710
0.3375 9.9384 -34.7017
1.3863 9.3497 -34.5936
1.5732 9.8498 -33.8928
0.6950 10.4857 -34.3335
1.1876 10.3642 -34.1796
-1.1851 8.6117 -34.9502
-0.8680 9.4656 -34.8195
-1.5420 8.6492 -34.5911
-1.3569 9.6353 -34.5344
-1.7163 8.7304 -34.0111
-1.6346 9.6644 -34.1195
-1.7115 10.0207 -33.5938
-1.1018 10.3542 -34.4007
-0.7090 11.1000 -34.0579
-1.4995 10.4044 -34.0796
-1.3302 10.8587 -33.9949
-1.6256 10.8422 -33.5891
-0.9611 11.5499 -33.7355
-1.3624 11.6469 -33.4647
0.0866 11.6741 -33.7083
1.4219 10.9485 -33.5535
0.9727 11.3510 -33.7272
-0.5630 12.4446 -33.2732
-1.6991 11.1795 -33.0546
-1.7156 11.5541 -32.4889
-1.5059 12.1647 -32.9921
-1.8088 12.4703 -29.8315
-1.7086 12.5945 -31.5950
1.9671 12.3428 -28.5638
1.6453 11.0726 -32.7901
1.5231 11.7014 -32.8609
1.7317 11.9537 -31.4907
-1.0471 12.3378 -33.2591
0.6276 12.5535 -33.1105
1.1746 12.3182 -32.9978
0.0280 13.6418 -32.4942
0.9017 13.1800 -32.6205
0.6821 14.1094 -32.0307
-1.2724 12.8130 -32.8770
-1.5906 12.7065 -32.4785
-0.8602 13.3952 -32.6771
-1.4081 13.4113 -32.4048
-1.0832 13.9331 -32.2804
-1.6697 12.9360 -31.9419
-1.6161 13.4332 -31.9409
-1.5119 13.9250 -31.9044
-1.6625 13.7002 -31.3787
-0.7117 14.4965 -31.9503
-0.0069 15.2109 -31.3345
-1.2614 14.4232 -31.8570
-0.9158 14.9873 -31.5669
-1.5881 14.3442 -31.3822
-1.4306 14.9219 -31.3103
-1.0875 15.4301 -31.1742
-0.7513 16.1280 -30.6482
1.6104 12.4604 -32.0101
1.3919 12.8605 -32.3796
1.5432 13.3316 -31.5971
1.1920 13.8457 -31.9228
1.5728 14.2834 -30.6733
1.6550 15.3563 -29.2180
1.3836 14.3478 -31.2483
0.8351 14.9750 -31.3015
1.1479 15.2077 -30.8939
1.4261 15.3455 -30.3501
0.5314 16.1629 -30.4899
1.5084 16.0058 -29.5328
-1.5201 0.8573 -29.1377
-0.9056 0.7886 -28.9973
-1.9159 1.3316 -29.2634
-1.8383 1.2707 -28.6241
-1.9994 1.9173 -28.6767
-1.3939 0.9520 -28.4311
-0.4895 0.9363 -28.4105
-0.9790 0.9826 -28.1443
-1.7861 1.3849 -27.9995
-1.6534 1.2273 -28.0215
-1.2533 1.1150 -27.7348
0.5064 1.0605 -28.3365
-0.2805 1.0649 -27.8165
1.2701 1.2194 -27.8163
0.7972 1.1043 -27.5889
-0.1883 1.0614 -27.2943
0.8694 0.9361 -26.8538
-0.1318 0.9136 -26.6338
-1.9765 2.7296 -27.3454
-2.0145 3.7216 -27.3403
-1.6056 1.3144 -27.3843
-1.9163 1.8060 -27.6002
-1.9591 1.9059 -26.7941
-1.7359 1.3973 -26.9762
-1.1334 1.0813 -27.0384
-1.3673 1.0125 -26.2806
-0.8980 0.8745 -26.0962
0.0802 0.6719 -25.6192
-0.1023 0.5600 -24.9850
-1.1290 0.8338 -25.1861
-1.7934 1.3450 -26.0644
-1.5101 0.9807 -25.1570
-1.9679 1.8606 -25.3937
-1.9457 2.6586 -25.5250
-2.0961 4.5780 -26.3406
-1.9126 10.6395 -28.4348
-2.0656 10.1142 -23.0785
-0.9634 0.5150 -24.2844
-1.6833 0.9602 -24.3606
-1.3272 0.4787 -23.8074
-1.8917 1.3879 -24.8358
-1.7218 0.7922 -23.7647
-1.9915 1.4354 -24.0120
-2.0578 1.9162 -23.8721
-2.0090 1.4084 -23.1763
-1.8999 0.9541 -23.3294
-2.0272 3.1765 -24.5469
-2.0018 3.6464 -25.2706
-2.1024 2.8191 -23.7344
-2.1502 4.2196 -23.9745
-2.0765 2.1914 -22.2851
-2.1640 3.1911 -22.3753
-2.2148 4.3688 -21.6524
-2.1622 5.8975 -23.5057
-1.6767 14.2408 -30.6890
-1.5985 14.9396 -30.8181
-1.6332 15.1946 -30.2881
-1.4875 15.4307 -30.7768
-1.2904 15.8743 -30.6720
-1.5209 15.9369 -30.2267
-1.6719 15.5836 -29.3408
-1.6216 15.9475 -29.6872
1.8327 16.0577 -26.8641
-1.7860 16.0266 -25.9125
-1.9190 16.2447 -20.8083
1.9580 1.5538 -27.9721
2.2266 1.9687 -28.0665
2.2996 2.4637 -27.9270
2.3116 6.5812 -25.3610
1.7893 1.4304 -27.6506
1.3464 1.0847 -27.0732
1.8939 1.3610 -26.9773
1.5556 0.9429 -26.5198
1.0507 0.6266 -26.0573
2.1390 1.4751 -26.3973
1.9259 0.9645 -26.1333
2.2466 1.4638 -25.8282
1.5795 0.5140 -25.7460
1.8909 0.5076 -25.4857
2.2246 0.9634 -25.4581
2.3198 1.7075 -25.4928
2.1899 1.8755 -27.2505
2.2764 1.9634 -26.5405
2.3467 2.3945 -25.6505
1.2607 0.3499 -25.3177
1.6595 0.2263 -25.0309
1.2013 -0.0188 -24.4151
2.1313 0.3941 -24.7498
1.7861 -0.0308 -24.3773
2.0180 -0.0204 -24.0523
2.2319 0.3484 -24.0550
2.3181 0.9536 -24.7949
2.3611 1.0888 -22.8904
1.4416 -0.2779 -23.9249
1.8488 -0.3227 -23.6381
2.1999 -0.0395 -23.3339
2.3569 0.3485 -21.8715
2.2749 -0.0474 -22.5260
2.2213 11.6443 -24.2016
-1.5992 0.3413 -23.0359
-1.8203 0.3957 -22.6661
-2.0003 0.9047 -22.4834
-1.9913 0.4010 -22.0925
-2.0788 1.1023 -21.5568
-2.1923 2.2101 -20.0487
2.2611 11.8396 -19.9701
-2.1446 9.7257 -17.9715
2.1003 14.2265 -24.9229
2.0805 18.5456 -19.1376
0.0440 16.4720 -30.3270
0.8350 16.4487 -30.1553
1.3301 16.3466 -29.7662
1.0851 16.9533 -29.5635
-0.4685 17.1803 -29.7497
-1.3258 16.4192 -30.1261
-1.1264 16.8709 -29.8811
-1.5399 16.4417 -29.6665
-1.3928 17.1854 -29.2767
-1.5625 16.8840 -28.8654
-0.9838 17.5249 -29.3585
-1.1257 17.9096 -28.8994
-1.4173 17.8542 -28.4749
0.4284 17.2611 -29.6024
0.1355 18.0231 -28.9181
1.3634 17.1742 -28.9436
0.8647 17.5754 -29.1577
1.1332 17.8745 -28.6227
-0.5925 18.1247 -28.8601
1.5598 16.8700 -28.4746
1.6633 18.2615 -25.9393
1.4392 17.6108 -28.2734
1.5513 17.8620 -27.3820
0.5927 18.1616 -28.6839
-0.3790 18.9069 -28.0642
0.8390 18.6400 -28.0905
0.0346 19.0602 -27.8744
0.4506 19.4368 -27.4199
1.3827 18.1455 -27.8611
1.2287 18.5412 -27.7871
1.3698 18.9106 -27.0556
0.9227 19.4208 -27.2211
-1.5689 17.6231 -27.5632
-1.4987 17.9456 -27.9167
-1.6630 17.3894 -26.2749
-1.1633 18.4131 -28.3278
-0.8380 18.7884 -28.1287
-1.3795 18.4358 -27.8696
-1.1814 18.8761 -27.7638
-0.7436 19.3879 -27.5235
-0.4078 19.9666 -26.9662
-1.4144 18.6909 -27.3389
-1.5060 18.7005 -26.5333
-1.1612 19.4184 -27.1791
-0.9014 19.7855 -27.0250
-1.3196 19.5192 -26.6559
-1.1579 19.9208 -26.6032
1.4804 19.0227 -26.4279
1.1966 19.6037 -26.7112
1.3362 19.9431 -25.9699
1.4509 20.0755 -25.2367
-0.2440 20.5791 -26.2983
-0.7740 20.3932 -26.4266
0.5658 20.2090 -26.5963
0.8765 20.4608 -26.1413
0.2879 21.1069 -25.6319
0.9512 20.9506 -25.5082
1.1491 20.6372 -25.6176
1.2786 20.9620 -24.8589
-1.5523 19.7902 -23.5632
-1.3994 20.0090 -25.3180
-1.2912 20.1862 -25.8626
-1.8210 18.9442 -19.4331
-1.7069 20.0728 -20.3622
-1.0989 20.7018 -25.7037
-0.6962 20.9731 -25.7483
-0.7971 21.3167 -25.2333
-1.2743 20.9385 -24.8159
-1.1050 21.3088 -24.8368
-0.2889 21.4726 -25.1971
-0.1244 21.9804 -24.5208
0.6700 21.6953 -24.7791
1.0678 21.6202 -24.4837
-1.3177 21.1684 -24.0614
-0.6981 21.8742 -24.5346
-1.2151 21.4351 -24.3123
-1.0047 21.9229 -24.1189
0.3026 22.1626 -24.2375
0.7174 22.3086 -23.8833
-0.5072 22.3740 -23.9138
-0.2038 22.7593 -23.4227
0.2182 22.9626 -23.1324
-1.1583 21.9319 -23.6987
-1.2813 21.8191 -22.9855
-1.3583 22.1971 -21.4030
-0.8346 22.4839 -23.5137
-1.0835 22.4516 -23.0564
-0.8098 22.9007 -22.9166
-0.5877 23.1296 -22.7786
-0.1863 23.3583 -22.5713
-1.1977 22.4388 -22.5425
-1.0335 22.9242 -22.4637
-1.1855 22.8739 -21.7630
-0.7931 23.3024 -22.3239
-0.4093 23.6533 -22.0823
-0.9587 23.4191 -21.8374
-0.6305 23.8346 -21.6392
2.0028 18.5112 -21.4460
1.8559 18.8407 -23.1861
1.6522 21.6559 -21.0950
1.4035 21.0802 -24.0942
1.2797 21.6996 -23.8344
1.3987 21.7574 -23.1518
1.4478 22.1056 -22.2949
1.0681 22.3006 -23.5107
1.2798 22.1783 -23.1343
0.8320 22.8042 -23.1001
1.1714 22.6895 -22.7395
1.7889 22.7135 -17.6808
1.2756 22.9638 -21.9470
1.3871 23.0589 -21.1886
0.4057 23.4312 -22.4158
0.9836 23.2217 -22.3101
0.6794 23.7159 -21.8758
1.0639 23.6227 -21.5640
-0.1244 23.9713 -21.6200
1.2477 23.6986 -20.9354
1.3923 23.9400 -19.7465
0.3272 24.1553 -21.2967
0.7666 24.1687 -21.0601
1.0920 24.2304 -20.4978
-2.2412 3.8958 -16.5736
-2.2314 3.0655 -13.2374
-2.1800 3.2941 -11.1363
-2.1181 11.8555 -11.8699
2.3326 5.3493 -14.1023
2.3241 3.4266 -12.9647
2.1531 2.1649 -12.0110
1.6106 1.4678 -11.5867
0.3877 1.5335 -11.1044
2.2626 4.0701 -12.1126
1.8933 2.7578 -11.6248
0.5900 2.2923 -11.1270
1.5525 3.1384 -11.3467
0.8250 2.9958 -11.1114
0.1696 0.6980 -11.0298
-0.8005 2.3497 -10.4712
1.1358 4.0911 -10.9547
-0.3928 3.7559 -10.4235
2.2442 7.2308 -11.2086
2.1216 4.2421 -11.5745
1.7899 4.2770 -11.1976
2.2204 5.2372 -11.5785
2.0292 5.2573 -11.1027
2.1919 6.9684 -10.8230
2.1651 6.2486 -10.9668
1.6544 5.2967 -10.7562
0.0877 4.9349 -10.2600
1.1631 5.3082 -10.5405
0.5702 5.9222 -10.0398
1.8137 6.3080 -10.4033
1.3592 6.3332 -10.1220
0.4211 6.8240 -9.4703
1.3514 7.3207 -9.5554
1.9680 6.7720 -10.3406
2.0848 7.7652 -10.0268
1.7353 7.5506 -9.6440
2.1778 15.8768 -13.9388
-2.0883 14.3005 -14.1574
2.1871 12.2196 -8.7004
2.1992 9.7837 -9.5882
2.1792 8.8865 -9.6389
1.9733 8.0890 -9.5178
2.1218 8.5155 -9.5636
1.6575 8.1637 -9.1327
1.8648 8.5425 -9.0162
2.0910 9.2729 -8.9120
2.1613 10.2710 -8.5869
-2.0378 1.0343 -10.5739
-1.4538 1.5385 -10.2041
-1.8483 1.1401 -10.3232
-2.1222 2.4968 -10.7100
-1.2284 3.0859 -10.1604
-1.7799 2.6412 -10.1963
-2.1023 3.6806 -10.4550
-1.0962 4.0223 -10.0124
-1.7781 3.3951 -10.0863
-2.0011 3.9213 -10.1493
-1.8234 4.1282 -9.9125
-1.5508 4.1253 -9.8506
-2.1474 7.0478 -10.1475
-2.1303 4.7058 -10.2497
-2.1468 5.7277 -10.0471
-1.2951 4.8045 -9.6613
-1.9207 5.1272 -9.6251
-2.0296 5.6839 -9.5407
-1.5308 5.4127 -9.3491
-1.6163 6.1338 -8.9864
-2.0392 6.5044 -9.1705
-2.0989 7.1995 -9.1611
-2.1237 9.6788 -9.8823
-1.8338 6.9202 -8.6093
-1.9556 7.3857 -8.5101
-2.0846 8.1406 -8.7392
-1.9927 7.9424 -8.2310
-0.7827 5.6852 -9.5099
-1.1327 6.0996 -9.1148
-0.2970 7.1406 -8.9061
-1.2267 6.8484 -8.5926
-0.8915 7.6805 -8.1400
-1.4406 7.3656 -8.1613
-1.6897 7.9207 -7.7928
-2.0683 11.5672 -7.5181
-2.0498 8.7120 -8.0625
-2.0680 9.6006 -7.6936
-1.9747 19.2505 -10.4119
-2.0476 15.8663 -7.1591
0.7915 8.4139 -8.5147
-0.0736 8.2013 -8.2520
0.4602 9.0631 -7.7649
1.3760 8.7969 -8.4602
1.7250 9.3095 -8.2364
1.9854 9.5300 -8.4114
1.5145 9.8757 -7.5265
2.1048 10.0255 -8.3471
1.9454 10.0423 -7.8491
2.1176 10.7783 -7.7165
2.1563 11.5949 -7.5131
1.2284 10.3620 -6.7687
1.9594 10.5228 -7.3415
1.6542 10.5341 -6.8670
2.0983 11.0317 -7.2046
1.9729 11.0449 -6.6825
2.0985 11.5345 -6.5725
-1.2983 8.3028 -7.4200
-0.9138 8.3318 -7.5786
-0.4064 9.0234 -7.2646
-1.8348 8.4286 -7.5109
-1.9665 8.8854 -7.3979
-1.4970 8.6211 -7.0903
-1.6802 9.0283 -6.7692
-1.1159 8.9572 -6.8495
-2.0065 9.4522 -6.9899
-2.0523 9.9779 -6.9683
-0.8399 9.6909 -6.2031
-1.2771 9.3603 -6.3491
0.2631 9.7829 -6.9029
0.2537 10.4218 -6.0682
1.7813 11.1159 -6.2107
1.4720 11.1590 -5.8188
0.2144 10.9681 -5.2266
1.0928 11.4599 -5.0368
2.0041 11.5444 -6.0869
1.8160 11.5642 -5.6089
1.4843 11.7248 -4.9361
2.1236 12.0346 -6.3126
2.0326 12.0675 -5.4897
2.0831 12.5416 -5.2031
2.1057 13.6465 -4.0287
1.7995 11.9393 -5.0375
1.6321 12.1904 -4.2568
1.8867 12.5358 -4.1210
2.0899 13.0436 -4.4396
2.0481 19.5364 -1.4040
2.0930 15.6493 -1.4143
-1.8306 9.4337 -6.4951
-1.9659 9.9282 -6.2764
-1.5527 9.6596 -5.9843
-1.1425 9.9058 -5.7167
-1.7423 10.0277 -5.6601
-2.0214 10.4592 -5.9845
-2.0456 11.2159 -5.3805
-1.3770 10.1568 -5.2880
-2.0613 12.6081 -4.6104
-1.9053 10.4470 -5.3660
-1.6207 10.4334 -4.9005
-2.0057 10.9258 -5.1630
-1.8836 10.9302 -4.4671
-0.7056 10.5121 -5.1515
-1.0634 10.3585 -5.0843
0.2006 11.4895 -4.2869
-1.2074 10.5954 -4.5916
-0.8910 10.9169 -4.2421
-1.4772 10.7726 -4.1820
-1.1964 10.8753 -3.9940
-0.2317 11.5399 -3.6760
-1.9839 11.5394 -3.7252
-1.6777 10.9945 -3.8640
-1.3202 11.0915 -3.4856
-1.9016 11.4521 -3.3758
-1.5899 11.2692 -3.0761
-2.0474 12.4641 -2.1264
-0.8985 11.3679 -3.2121
0.0491 12.0595 -2.6029
-1.1759 11.3870 -2.7964
-1.7894 11.5194 -2.7554
-1.9844 11.9636 -2.5499
-1.4455 11.4682 -2.3797
-1.0127 11.6692 -2.0929
-1.7136 11.6617 -1.9701
-1.3016 11.6630 -1.6833
-0.8441 11.8744 -1.6091
-2.0512 18.6603 -1.6082
1.0504 12.0230 -3.9248
1.1731 12.2827 -3.3624
1.6127 12.6171 -3.1051
2.0057 13.0525 -3.4122
1.2793 12.7110 -2.0992
1.9185 13.1082 -2.5724
2.0539 13.5502 -2.6117
1.7101 12.9812 -2.1240
1.9561 13.5863 -1.1228
2.0407 14.0543 -0.4316
-0.1115 12.3183 -1.3522
0.7031 12.6632 -1.3524
0.5406 12.7913 -0.1697
1.6355 13.1217 -1.3207
1.4592 13.1654 -0.4811
1.2145 13.1114 0.2806
1.8093 13.5310 0.3095
2.0460 14.5565 1.4636
-1.5587 21.7461 -19.5689
-1.0453 23.5585 -21.2356
2.0317 21.1904 -13.0127
-0.8542 23.9109 -21.1902
-1.1231 23.7684 -20.3155
-1.0073 23.9270 -20.6876
-1.3459 23.7297 -17.7752
-1.1344 24.2151 -18.9885
-1.7193 21.9908 -16.3928
-1.9032 21.3448 -13.7830
-1.8127 22.4406 -14.6657
-1.5656 23.8534 -15.3167
-1.9296 21.2297 -11.2909
-1.6788 24.6014 -12.5192
-1.8771 22.9815 -12.4894
1.7955 25.6593 -11.7257
-0.4429 24.3170 -20.9335
-0.2059 24.6110 -20.4848
-0.7535 24.3461 -20.5416
0.3566 24.6718 -20.4028
0.7585 24.7293 -20.0934
0.0399 24.8430 -20.0964
0.4157 25.1432 -19.4540
-0.9017 24.4187 -20.0397
-0.5650 24.8338 -19.8357
-0.9759 24.5285 -19.4374
-0.7608 24.9066 -19.3669
-0.3148 25.1438 -19.3788
-0.1993 25.4634 -18.7115
1.2143 24.3465 -19.9261
1.0006 24.8459 -19.5481
1.2819 24.6515 -19.1303
1.4665 24.5971 -18.0248
0.6893 25.2766 -19.0416
1.0299 25.2137 -18.7418
0.2701 25.6158 -18.3957
0.6844 25.6561 -18.1106
1.2461 25.2597 -18.0322
-0.9490 24.9264 -18.6262
-0.6403 25.2804 -18.7000
-0.6571 25.4892 -18.1165
-1.1383 24.9917 -16.8276
-0.9101 25.4114 -17.3798
-0.1397 25.8435 -17.7669
1.3766 25.2871 -17.3392
0.9734 25.7313 -17.6122
1.1605 25.7974 -17.0180
-0.4821 25.8881 -17.2997
-0.7324 25.8853 -16.6720
0.1477 26.0195 -17.2897
0.7614 26.1109 -16.8402
-0.2333 26.2934 -16.3542
0.3072 26.2553 -16.6238
0.5806 26.4168 -16.1018
1.4146 25.4782 -16.6272
1.6581 25.1958 -14.9621
1.5241 25.6920 -15.4786
1.1841 26.1189 -16.1318
1.3439 26.1521 -15.5259
0.9894 26.3889 -15.8150
-1.1478 25.4332 -15.6545
-0.9926 25.9682 -15.1627
-1.4221 25.0336 -14.5674
-0.5087 26.3038 -15.9365
0.1709 26.6351 -15.4874
-0.7468 26.4090 -14.8949
-0.1933 26.8953 -14.3867
-0.5422 26.7086 -14.4635
-1.2628 25.9405 -13.0731
-1.5261 25.4948 -12.0128
-0.9278 26.4499 -13.7844
0.5880 26.7107 -15.2055
1.1733 26.6221 -14.7787
0.9134 26.7750 -14.7777
1.5238 26.1583 -14.4740
0.0706 26.8768 -14.6594
1.4584 26.6910 -13.3786
0.4610 27.0459 -14.0947
1.0080 26.9598 -14.0127
0.7403 27.1570 -13.6031
1.1434 27.0733 -13.3163
1.6464 26.2615 -12.9438
1.9063 25.2966 -8.9480
-0.4500 26.9336 -13.8053
-0.6610 26.8774 -13.3767
-0.1003 27.1926 -13.2755
0.3011 27.3188 -13.0001
1.0160 27.2450 -12.8483
0.6039 27.4274 -12.4972
-1.1170 26.5049 -11.9619
-0.7963 26.9154 -12.5236
-0.5395 27.1292 -12.6612
-0.2452 27.3745 -12.2018
0.1820 27.5292 -11.8828
1.6269 26.6667 -11.9640
1.2395 27.1737 -12.5660
1.3686 27.1673 -11.9179
0.8747 27.4577 -12.0056
1.6942 26.7453 -10.5039
1.1394 27.4294 -11.5140
0.3945 27.7056 -10.8322
0.8829 27.6965 -10.3607
1.5100 27.1569 -10.7287
1.3241 27.4244 -10.4695
-1.9542 23.8011 -7.1804
-1.8556 24.6553 -8.8405
-1.9679 22.8125 -4.0552
-1.9832 22.4364 -6.6770
1.9874 23.9064 -5.7024
-1.5439 26.0222 -9.4848
-1.7814 25.5422 -7.7268
-0.9448 26.9370 -11.4267
-0.6941 27.2272 -11.5552
-0.5557 27.4190 -11.1333
-0.2898 27.6465 -10.5414
-0.9553 27.1032 -10.3842
-1.2885 26.7802 -8.3570
1.0258 27.7219 -9.5655
-0.7952 27.4539 -9.6687
-0.0741 27.8342 -9.6420
-0.5583 27.7376 -9.0566
-0.9080 27.4702 -8.5039
-0.2123 27.9028 -8.8276
-0.3677 27.9296 -7.8706
-0.7258 27.7138 -7.9506
-0.9767 27.4830 -7.1341
-0.5183 27.8943 -6.9100
0.3028 27.8967 -9.3841
0.5736 27.9280 -8.8926
0.1479 27.9929 -8.2782
-1.7921 26.0205 -5.7470
-1.3574 26.9702 -5.7483
-1.6146 26.5062 -5.3457
1.8606 26.1812 -8.1201
1.7691 26.7241 -8.0710
1.5728 27.2069 -9.0850
1.1762 27.6757 -9.0009
1.2469 27.6378 -8.2593
1.5351 27.2838 -7.6850
1.8972 25.8919 -5.1070
1.5596 27.1825 -6.6307
1.0834 27.7355 -6.9720
1.3843 27.3713 -6.1814
0.8835 27.7537 -5.8479
1.7217 26.7237 -5.7718
0.8273 27.8936 -7.9504
0.2740 28.0184 -7.5818
0.3949 27.9935 -6.8855
-0.1594 28.0106 -6.9675
0.5111 27.9243 -6.1891
-1.9211 25.2799 -5.5530
1.9396 24.9914 -2.8770
-0.7023 27.7437 -5.8001
-0.2985 27.8841 -5.5127
-1.0198 27.4388 -5.3920
-0.4625 27.6770 -4.4074
-0.1048 27.7484 -4.4688
0.3791 27.8084 -5.0803
1.8298 26.1597 -4.5381
1.5642 26.6825 -4.1531
1.3758 27.1650 -4.9662
1.1473 27.5118 -5.4107
0.7283 27.6418 -4.7964
1.7271 26.2475 -3.7572
1.2860 26.7200 -3.0730
0.9687 27.3818 -4.3048
0.2966 27.6501 -4.1820
0.5431 27.4486 -3.6904
1.2311 27.0903 -4.1007
0.8707 27.2043 -3.4444
-1.8954 24.9443 -3.8566
-1.8200 25.8304 -4.9219
-1.5966 26.2457 -3.8748
-1.8384 25.1424 -2.1177
-1.6321 25.8355 -1.8991
-1.2621 27.0263 -4.2771
-0.7946 27.4414 -3.9951
-1.0983 27.0270 -3.2307
-1.3511 26.5285 -2.4760
-0.1470 27.5453 -3.5676
-0.0264 27.3789 -2.8918
0.7371 26.9453 -2.2977
0.3232 27.2400 -2.6075
-0.9013 26.9657 -2.1916
-0.5207 27.2700 -2.6420
-0.0845 27.1616 -1.9701
0.3106 27.0016 -1.6833
1.8461 25.7146 -3.1914
1.5628 26.1261 -2.3823
1.9578 24.1266 -0.5380
1.7088 25.6089 -1.6394
1.8658 25.0948 -1.3628
1.9162 24.6252 -0.6619
1.7161 25.1505 -0.2651
1.4474 25.6586 -0.4882
1.0303 26.6443 -2.0715
1.1896 26.2243 -1.2728
0.5262 26.7631 -1.2104
0.0205 27.9585 -5.9229
-0.9988 34.3046 -3.1296
-0.4997 34.1773 -3.3890
-0.7033 33.4811 -2.7059
0.3188 33.8052 -3.4391
0.9464 33.7767 -3.3186
0.7140 33.3259 -3.0558
1.2781 33.7419 -2.9231
1.1290 33.2742 -2.7812
1.3991 33.7292 -2.6384
-0.1176 33.1463 -2.7197
0.4247 32.8463 -2.6121
-0.0960 32.4752 -2.0862
0.8256 32.7071 -2.4349
0.2695 32.0802 -1.7910
1.2163 32.6635 -2.1247
0.9251 32.1201 -1.7922
1.3754 32.9775 -2.1431
1.5022 33.7183 -2.1329
0.3515 34.8026 -4.1306
-0.1664 35.6477 -4.4258
0.6220 35.3191 -4.3710
0.1895 35.8673 -4.5466
0.7307 35.8104 -4.4521
-0.7625 35.7268 -4.2620
-0.1469 34.6126 -3.8714
-1.0293 35.3000 -3.8341
-1.3137 35.3203 -3.4233
-1.2178 36.0152 -4.0178
-1.4083 36.0353 -3.5415
0.6776 34.2981 -3.8007
0.9194 34.7851 -4.0013
1.2513 34.7502 -3.4850
1.1251 34.2538 -3.4806
1.3614 34.2359 -2.9678
1.4209 34.4810 -2.7300
1.0387 35.2753 -4.0977
1.2810 35.2498 -3.4929
1.0883 35.7729 -4.0937
1.2750 36.0585 -3.2253
1.5165 34.4305 -1.6827
1.3029 36.9735 -2.0394
1.3683 32.2241 -1.5343
1.1960 31.8250 -1.3492
1.5398 32.2061 -1.0990
1.5026 32.9642 -1.7786
1.5820 32.9558 -1.3275
1.4498 36.0817 -0.5827
-0.8824 36.4827 -4.4288
-0.2874 36.4202 -4.5676
-0.8161 36.9785 -4.4189
-0.2088 36.9147 -4.5053
0.2642 36.3622 -4.5789
0.7518 36.5623 -4.3698
0.2350 37.1129 -4.4073
-0.4529 37.6674 -4.2434
0.6539 37.5217 -4.0876
0.0802 38.1280 -4.0062
-1.3064 36.8076 -4.0171
-1.1896 37.0642 -4.1587
-1.4534 36.5535 -3.2963
-1.0364 37.7558 -4.0188
-1.2958 37.7831 -3.5911
1.0733 36.5286 -3.9597
1.1344 37.2226 -3.3670
0.9794 37.5395 -3.6852
0.4342 38.6641 -3.6049
-0.6676 38.4732 -3.8166
-1.0864 38.5152 -3.4988
-0.8841 38.9480 -3.3896
-0.2292 38.9481 -3.5635
0.3189 39.3559 -3.1742
-0.4570 39.4744 -3.1596
0.0450 39.8918 -2.7961
0.9085 38.3418 -3.3384
1.0993 38.2855 -2.6911
0.7376 39.0794 -3.0773
0.9731 39.0521 -2.5701
1.0589 39.1629 -1.9374
0.4655 39.9197 -2.5902
0.8056 39.8111 -2.2652
-2.3293 -14.6369 5.3043
-1.3876 -10.5089 0.7951
-2.1877 -10.5731 0.5809
-1.7209 -10.3490 0.8565
-0.7667 -10.9242 1.4356
-2.2150 -10.6361 1.1438
-2.0140 -10.3945 1.2661
-2.2172 -10.6359 1.6331
-1.6004 -10.3774 1.5529
-0.5944 -10.9257 2.4620
-1.8825 -10.3179 1.9625
-1.4769 -10.3768 2.2493
-2.3049 -11.0230 4.0633
-2.2143 -10.5920 2.3778
-1.7487 -10.2193 2.6588
-2.2687 -10.6305 3.1953
-1.9868 -10.1904 3.1013
-0.5449 -41.0145 9.3928
0.1276 -40.9316 9.3567
-0.1599 -41.3331 9.7049
-0.8842 -40.4385 9.2675
-0.3139 -40.4984 9.1767
0.1581 -40.5480 9.1929
-0.8567 -41.3019 9.8277
-1.1267 -40.9157 9.6114
-0.5100 -41.4921 10.0452
-1.2225 -40.5396 9.5172
-1.3405 -40.8933 10.0713
-1.1405 -41.2581 10.2373
-0.8631 -41.4959 10.4479
-1.4517 -40.3679 9.9455
-1.3552 -41.0473 11.1428
-1.0790 -41.4475 10.9584
-1.5207 -40.3716 10.7747
-1.4304 -40.8838 12.0757
-1.5070 -40.3888 12.6678
0.7687 -40.6122 9.3653
0.5617 -41.0839 9.5889
0.9424 -41.0466 9.9255
1.1536 -40.6527 9.8715
0.2416 -41.4317 9.9917
0.7159 -41.4246 10.6267
0.0000 -41.5696 10.3144
0.4422 -41.5948 11.0355
1.0841 -41.1194 10.5683
1.2670 -40.6646 10.5319
1.1414 -41.1541 11.5569
1.2821 -40.7204 11.7488
-0.5044 -41.6711 11.0156
0.0379 -41.7023 11.5482
0.4948 -41.6074 12.3152
0.8998 -41.4371 11.6712
-1.1804 -41.4108 11.7445
-0.9296 -41.6004 11.6300
-0.6705 -41.6818 12.1216
-0.2598 -41.6920 12.4084
0.1260 -41.5881 12.9745
1.0899 -41.2190 12.3472
0.7316 -41.4687 12.7772
1.0658 -41.1462 12.9863
1.2312 -40.7287 13.0590
0.4416 -41.4835 13.1867
0.9309 -41.1376 13.4229
1.1278 -40.6499 13.6035
-0.7803 -36.6646 3.4376
-1.1270 -36.3584 3.1737
-0.7893 -36.3813 2.8003
-0.5535 -36.9044 3.8919
-1.3777 -36.2693 3.6031
-1.0499 -36.9223 4.3370
-1.4195 -36.4853 4.2002
-1.3188 -36.9364 4.9137
-1.6615 -36.3353 4.9366
-1.5738 -36.8368 5.6320
-1.8229 -36.3291 6.1857
0.3209 -36.7678 3.6016
0.7637 -36.9290 4.2561
-0.1560 -37.0731 4.2334
0.2569 -37.1480 4.5074
1.1709 -36.6487 4.1754
1.3476 -36.8111 5.2160
-0.5983 -37.2817 4.8304
-0.1244 -37.5045 5.4318
0.5416 -37.4177 5.3703
0.9859 -37.1854 5.2098
1.1215 -37.2846 5.7758
1.3723 -37.1564 6.2838
1.5214 -36.4150 5.5919
0.3567 -37.7936 6.4485
-0.7012 -37.5241 5.6921
-0.1967 -37.7689 6.3665
-1.0094 -37.3502 5.4647
-1.1702 -37.4550 6.2759
-0.8295 -37.7160 6.8375
-0.1136 -37.9424 7.0943
-1.3879 -37.3910 6.7809
-0.4356 -37.9594 7.4348
-1.4504 -37.1593 6.0591
-1.7904 -36.7943 7.1572
0.7848 -37.6579 6.2967
1.0822 -37.6131 6.6575
0.6649 -37.9705 7.2920
1.2593 -37.6502 7.3699
1.4579 -37.1654 6.9998
1.5494 -36.5465 7.1459
1.4943 -37.1692 7.7682
0.2081 -38.2262 7.9026
0.8949 -38.0763 7.8212
1.3820 -37.6699 8.0660
0.6068 -38.3515 8.1894
1.1495 -38.1385 8.3222
0.9461 -38.4871 8.5590
1.4598 -37.4651 11.0610
-1.5001 -35.3073 2.0855
-1.6835 -35.0601 2.5297
-1.2829 -35.8803 2.5105
-1.4680 -35.7773 2.8938
-1.5632 -35.8423 3.4427
-1.7447 -35.5620 3.9002
-1.9848 -34.1652 3.8579
-1.8807 -35.4534 4.8411
-2.0296 -34.1808 6.5785
1.5022 -36.1645 4.4928
1.5961 -34.1603 9.9702
-0.1045 -39.7668 9.0544
0.4428 -39.8238 9.0743
0.6444 -39.0945 8.8785
0.3431 -38.6543 8.5189
-0.4236 -38.8702 8.7920
0.1020 -39.0339 8.8045
-0.4180 -38.4335 8.4358
-1.2811 -39.6426 9.4107
-0.7976 -39.6494 9.1369
-0.9184 -38.9266 9.0006
-1.0524 -38.4345 8.7564
-1.4390 -38.5746 9.2226
-1.5709 -37.2784 7.2047
-1.2532 -37.6321 7.4518
-1.0436 -37.9128 7.9753
-1.5807 -37.4247 7.8190
-1.9173 -36.1185 7.2517
-1.5202 -37.8691 8.6496
-1.7507 -37.2512 8.2492
-1.7492 -37.5494 8.9316
-1.8688 -36.8157 8.4023
-1.8971 -36.5399 9.6815
-0.4853 -38.1615 8.0254
-1.6218 -38.8008 9.7416
-1.6934 -38.7812 10.2190
-1.6908 -39.0051 11.0142
-1.6359 -39.4343 12.5706
-1.8075 -37.5763 9.4381
-2.1753 -29.2880 6.6101
-1.9434 -34.9800 13.3956
-2.0633 -32.6146 11.9158
1.3209 -38.1565 8.7729
1.4628 -37.6686 8.7764
0.9241 -39.8744 9.2548
1.2562 -40.0350 9.8563
1.2081 -38.6474 9.0348
1.0925 -39.1664 9.1904
1.3309 -38.7860 9.4964
1.3568 -39.3543 10.2404
1.3327 -39.9883 12.0923
1.4498 -37.9186 9.3552
1.3141 -39.7889 13.0672
1.2313 -39.9067 13.6212
1.3435 -38.5359 13.5991
1.4129 -37.7891 13.3926
-1.1091 -41.4423 12.7419
-0.6817 -41.5906 13.0227
-0.2825 -41.5156 13.3882
-0.9276 -41.4190 13.3977
-1.3584 -40.9723 13.1553
-0.5333 -41.3549 13.7191
-1.1775 -40.8893 13.8319
-0.7528 -40.7861 14.1157
-1.4447 -40.3795 13.6234
-1.3258 -39.7788 14.1446
0.1641 -41.3804 13.5963
0.6544 -41.0792 13.7802
-0.0869 -41.0393 14.0155
0.3517 -40.5684 14.1791
0.8825 -40.3728 14.0228
-0.3730 -40.4922 14.2573
-1.7838 -37.4961 13.9931
-1.5671 -39.4981 13.7076
-0.8837 -39.6589 14.4239
1.0653 -39.3865 14.0779
0.4297 -39.6934 14.3589
1.2274 -38.3980 14.1184
0.7522 -38.8508 14.4311
-0.1826 -39.3501 14.5011
0.2985 -38.5040 14.6857
-0.8126 -38.9377 14.6424
-0.3953 -38.4690 14.8203
1.3400 -37.6557 14.1950
1.0254 -38.0359 14.5616
1.2607 -37.3960 14.6786
1.4118 -36.7835 14.7804
0.3115 -38.0405 14.9428
0.8397 -37.6704 15.0160
0.5205 -37.5700 15.4032
1.2295 -37.0593 15.3113
1.0104 -37.1597 15.7079
-1.6895 -38.3428 14.0675
-1.3946 -38.8766 14.4407
-1.5523 -38.1005 14.7805
-1.0625 -38.3638 14.9172
-1.7180 -37.5551 14.9221
-1.3084 -37.8661 15.3408
-1.5995 -37.3983 15.7730
-1.7962 -36.8141 15.8118
-1.8036 -36.1257 17.6845
-0.6410 -37.9601 15.2733
0.0069 -37.6170 15.6528
-0.8982 -37.7705 15.6442
-0.2828 -37.5429 16.0561
0.7934 -37.1833 16.1689
0.1251 -37.3543 16.6315
-1.1698 -37.6109 16.0538
-0.8937 -37.5291 16.5453
-1.4742 -37.3870 16.4724
-0.6889 -37.4509 17.2411
-0.1318 -37.3328 17.6719
1.3279 -36.6489 16.0269
1.1284 -36.9045 16.3818
1.2900 -36.6459 16.7800
0.7310 -37.1239 17.0353
0.8267 -37.0328 17.6739
1.2401 -36.6397 18.0465
0.9460 -36.8738 18.3889
1.4699 -35.7703 15.4650
1.6975 -27.3622 15.5102
-2.1038 -27.6183 17.2923
1.4408 -36.1581 16.3923
1.4841 -32.2136 22.0545
1.4050 -36.1543 18.5565
1.4292 -35.6541 19.3560
-1.3449 -37.3880 17.1639
-1.1630 -37.3870 17.8210
-1.7088 -36.9230 17.0209
-1.5131 -37.1517 17.9175
-0.6013 -37.2932 18.5627
-1.6532 -36.7907 18.4815
-1.0550 -37.2975 18.5524
-1.3231 -37.1059 18.9620
-1.5294 -36.7877 19.3673
-1.6572 -36.3352 19.7934
0.4610 -37.0759 18.6763
-0.0728 -37.1613 18.9212
1.2034 -36.5618 18.9028
1.0082 -36.6857 19.3340
-0.9185 -37.1739 19.2488
-0.3713 -37.0405 19.7727
0.4569 -36.8810 19.7274
0.9327 -36.5752 20.1476
-1.1900 -37.0142 19.6584
-0.7802 -37.0335 19.9452
-1.3902 -36.7925 19.9758
-1.0745 -36.8999 20.3436
-0.0751 -36.7895 20.7235
-0.7516 -36.8992 20.5656
-1.3170 -36.6536 20.7643
-1.4701 -36.3549 21.1585
-0.9166 -36.7612 21.0511
-0.6363 -36.6421 21.5427
-1.1824 -36.5478 21.4607
0.4401 -36.6041 21.0687
0.0310 -36.4650 21.9944
-1.9528 -32.0389 19.1760
-1.7756 -35.3000 20.1167
-1.8126 -32.7107 22.9560
1.3168 -36.1450 19.8586
1.3866 -34.7796 22.5203
1.2001 -36.1206 20.9579
-1.5764 -35.9454 21.4995
-1.6144 -35.0052 22.9917
0.7873 -36.4208 21.2971
1.3305 -35.6437 21.6602
1.0700 -36.0985 21.8014
0.8520 -36.1530 22.2381
1.2066 -35.6115 22.7554
0.6072 -36.1444 22.6775
0.9441 -35.9064 22.8946
1.3401 -35.1420 22.8503
-1.3805 -36.2674 21.7838
-1.0827 -36.3973 22.1345
-0.5697 -36.4310 22.3512
-1.3682 -35.9850 22.6803
-1.4572 -35.4952 23.5034
-0.3493 -36.2608 22.9354
-0.9056 -36.2626 22.8534
0.1836 -36.0817 23.2934
0.5072 -35.9474 23.5090
-1.3131 -35.8686 23.2684
-1.1679 -36.0158 23.2630
-0.7628 -36.0784 23.5498
-1.0067 -35.8830 23.9254
-0.4883 -35.9198 24.0674
-0.0556 -35.8146 24.3281
-1.3205 -35.4304 24.3759
-0.8871 -35.6919 24.6557
-0.4010 -35.5586 25.2553
-1.1602 -35.3947 25.0654
-0.8027 -35.4596 25.4424
-1.4300 -34.8336 25.1254
-1.0070 -35.2643 25.7617
-1.4777 -34.0747 25.9055
-1.2401 -34.8538 26.1698
-1.5117 -30.4161 29.7671
-1.3559 -34.1490 26.9192
1.0671 -35.5681 23.6156
0.8506 -35.6382 24.0307
1.2840 -35.1361 23.6854
1.1740 -35.1245 24.5593
1.2782 -34.6878 25.0644
0.6030 -35.6292 24.4679
0.1566 -35.5545 25.0672
0.9608 -35.3534 24.6969
0.5236 -35.3975 25.3113
1.0719 -35.0238 25.3606
1.3504 -34.0133 25.4919
-0.0385 -35.2576 26.1304
0.8662 -35.0992 25.7547
1.1669 -34.6210 26.1565
0.5701 -35.0891 26.2366
0.9856 -34.6370 26.7982
-0.5996 -35.3059 26.0484
-0.8659 -35.0962 26.4580
-0.4526 -35.0822 26.7448
0.0682 -35.0020 26.8616
0.5453 -34.7968 27.1136
0.7958 -34.5352 27.5741
1.3315 -33.2636 27.5828
1.2814 -34.1303 26.6619
1.1653 -34.1573 27.4814
1.2618 -33.6255 28.1737
-1.0757 -34.8171 26.7978
-0.7038 -34.9141 27.1269
-1.2379 -34.3682 27.2572
-1.0399 -34.4889 27.6675
-0.4394 -34.7595 27.6460
-0.0161 -34.6507 27.9327
-0.8794 -34.4124 28.2429
-0.4089 -34.4582 28.5715
0.5171 -34.5262 27.9898
0.0973 -34.4154 28.6049
-1.2385 -33.9589 27.9803
-1.2601 -33.2468 28.9211
-1.1094 -33.9359 28.6747
-0.6945 -34.2464 28.9567
1.0152 -34.1098 28.2969
0.7757 -34.1389 28.7519
1.1169 -33.5853 29.2615
1.2791 -32.8807 29.6808
0.5135 -34.1087 29.1774
-0.2800 -34.2208 29.2435
0.0373 -34.0130 29.7408
0.8727 -33.8344 29.4075
0.4401 -33.8339 30.0218
0.9758 -33.5038 30.0655
1.2129 -33.1176 29.9652
-0.9318 -33.8940 29.3713
-1.1071 -33.3765 29.7613
-1.0863 -33.0927 30.3036
-1.1281 -32.1850 31.4307
-0.5978 -33.9782 29.7311
-0.8046 -33.7253 30.0626
-0.3995 -33.7897 30.3494
0.7245 -33.5580 30.5048
0.0228 -33.6891 30.6362
0.4271 -33.5213 30.9055
-0.9277 -33.3953 30.4716
-0.6976 -33.4700 30.8206
-0.4046 -33.3936 31.2873
-0.0147 -33.3332 31.4996
-0.9509 -32.9838 31.1755
1.0693 -33.1025 30.8824
0.9293 -33.1228 31.2260
1.1861 -32.6120 31.3674
0.6651 -33.1065 31.6512
1.0783 -32.5769 31.9122
0.1963 -32.9473 32.2485
0.8405 -32.6453 32.3500
-0.7718 -32.9116 31.8608
-0.2439 -32.8055 32.5340
-0.9695 -32.3411 32.2721
-0.6825 -32.5354 32.6819
0.5608 -32.5921 32.7617
0.0918 -32.3793 33.3156
-0.4220 -32.4013 33.2036
1.9105 -21.8911 9.0464
2.0628 -13.6855 5.9543
-2.2895 -18.9992 10.9196
1.8221 -21.6662 15.4226
1.6755 -24.5399 22.4022
-2.2464 -9.7583 17.0574
-2.2434 -15.8248 16.2143
-2.2264 -21.2162 15.4495
-2.2129 -20.8799 16.0379
-2.2151 -18.3507 16.1702
1.8263 -20.6132 14.9607
1.7672 -20.3550 17.9920
1.8976 -18.4532 13.8768
1.7909 -19.3234 14.9507
1.7110 -19.8627 15.5186
1.8830 -16.4157 15.5604
1.7284 -20.1539 16.6319
1.4366 -18.8126 16.4482
1.7281 -17.9320 15.7908
1.4347 -19.3138 16.8315
1.5749 -19.6407 17.3698
1.4213 -17.9312 16.7229
1.7230 -16.3289 16.6917
1.4396 -16.9860 17.1181
-2.1661 -21.3285 18.5326
-2.0783 -20.4741 17.0680
-2.1168 -19.5396 16.5509
-2.0737 -20.7060 18.3632
-1.8309 -19.9583 17.9339
-1.7732 -20.0117 18.6369
-1.9179 -20.1294 19.4416
-2.1279 -20.7003 19.8733
-2.0646 -20.1534 20.4347
1.7694 -20.2932 19.6373
1.7315 -19.2457 22.8610
-1.9384 -19.7147 17.2392
-1.9299 -18.9679 17.2402
-2.1215 -17.6177 17.0231
1.1080 -18.7781 17.7876
1.3578 -19.1720 18.1161
1.0271 -18.2561 17.5763
0.7677 -18.3843 18.7571
0.8821 -17.4660 18.0018
0.9302 -16.9997 18.1440
1.2039 -16.0931 18.2374
0.5748 -17.9679 18.5778
0.4257 -17.4495 18.7412
0.5233 -16.9570 18.7731
0.7964 -15.7306 19.1787
-1.5700 -19.2507 18.1546
-1.7845 -18.0899 17.7702
-1.5169 -18.7535 18.1441
-1.2307 -18.2809 18.5900
-1.2806 -19.2193 18.9252
-1.0714 -18.8004 18.9407
-0.7076 -18.3772 19.2125
-1.6290 -19.7326 19.3569
-1.1932 -19.1984 19.5730
-1.8974 -19.7190 20.4512
-1.5090 -19.3255 20.2250
-0.9030 -18.8181 19.3518
-0.7488 -18.7484 19.8495
-0.3730 -18.2804 19.5511
-0.2925 -18.3598 20.2469
-1.0641 -18.8374 20.5141
-0.4624 -18.4081 20.6344
-2.0127 -17.0689 17.6247
-1.4427 -17.5063 18.5626
-1.7814 -16.9593 18.2362
-2.1867 -14.9645 17.8122
-1.9876 -15.5204 18.3410
-1.4904 -16.3682 19.0343
-1.0775 -17.6066 18.9088
-0.6471 -17.8395 19.1345
-0.6319 -17.3477 19.2229
0.3873 -18.0883 19.3716
0.1924 -17.9277 19.2241
0.0421 -17.4091 19.1140
-0.1540 -17.8913 19.2981
0.0951 -18.1242 19.7812
0.0670 -16.9090 19.2169
0.2757 -16.1768 19.4591
-0.2325 -16.6522 19.4956
-1.3196 -16.0333 19.4614
-0.7601 -16.5817 19.5389
1.6467 -19.5470 18.7568
1.7404 -19.4920 20.2779
1.3466 -18.9833 18.8313
1.5721 -19.0782 19.5059
0.8983 -18.3899 19.4500
1.4498 -18.7018 19.8692
1.2266 -18.4676 19.8664
1.6508 -18.7937 20.6394
1.7073 -18.3461 22.3229
0.5095 -18.1014 20.0680
0.9210 -18.1038 20.3547
1.2591 -18.1179 20.7443
0.1434 -18.0427 20.7244
0.6685 -17.9656 20.6610
0.5874 -17.7490 21.3173
1.4628 -18.0589 21.3378
1.1406 -17.7756 21.3993
1.6083 -18.0342 22.0293
2.0454 -12.5867 3.3981
2.0125 -12.1725 4.9155
0.6079 -11.3574 3.4451
1.7621 -12.0389 2.7510
1.4901 -11.7313 3.4990
1.8818 -12.0571 3.7816
1.1924 -11.3788 4.4751
1.7256 -11.5799 4.9279
-1.4159 -10.2766 3.0494
-1.0159 -10.3981 3.7868
-1.2714 -10.2325 3.6630
-0.4239 -10.7911 3.7914
-2.1022 -10.1452 3.6281
-2.2914 -10.6281 4.1935
-2.1933 -10.1353 4.1744
-0.5195 -10.3208 5.0579
0.2919 -10.9889 4.4226
1.4976 -11.2661 5.3013
0.8171 -10.8782 5.4542
0.2155 -10.2593 6.1830
-1.6142 -10.1146 3.3552
-1.8892 -9.9867 3.7648
-1.4789 -10.0022 4.0516
-1.7416 -9.7574 4.4611
-1.3938 -9.7817 4.8352
2.0226 -11.7825 6.4530
1.9431 -11.5687 5.9354
2.0283 -11.3286 7.8081
1.4060 -10.7470 6.3808
1.7417 -11.0419 6.3566
0.7492 -10.0840 7.0311
1.8936 -10.9671 7.0319
-2.2576 -10.1289 4.9973
-2.2886 -10.1266 8.4972
-2.2839 -10.2204 6.3961
-2.0093 -9.6623 4.8781
-0.7834 -9.7749 5.9471
-1.5955 -9.5424 5.1575
-2.1548 -9.6369 5.3853
-1.8605 -9.3197 5.5671
-1.4784 -9.2542 5.9060
-2.2358 -9.6284 6.0009
-2.1553 -9.3809 5.9767
-2.0201 -9.1483 6.0538
-2.2616 -9.6257 6.7519
-2.1735 -9.1322 6.5561
-1.6989 -8.9569 6.2635
-1.8953 -8.7084 6.7188
-0.9525 -9.2944 6.6204
-0.1755 -9.5906 7.0560
-1.5075 -8.6522 6.9088
-0.9632 -8.7924 7.4219
-0.3259 -8.6695 8.2789
-2.2348 -9.1258 7.0607
-2.2515 -9.1240 7.8124
-2.1264 -8.6344 7.1629
-1.8120 -8.2019 7.4086
-1.3805 -8.2214 7.6644
-2.2251 -8.6240 7.8282
-2.0778 -8.1207 7.7908
-1.1206 -8.0495 8.1927
-2.2443 -8.3095 8.8127
-2.2029 -8.1236 8.2930
1.6659 -10.4437 7.3643
1.9925 -10.6988 8.0460
1.9046 -10.5663 7.7450
2.0239 -10.0941 9.7196
1.3996 -9.9681 7.8136
1.6325 -9.7968 8.3574
0.6767 -9.3509 8.1697
1.1469 -8.7830 9.2213
1.9374 -9.9769 8.8368
1.7432 -9.3282 9.1647
1.9745 -9.4425 9.8174
2.0246 -10.4247 11.4597
0.3693 -8.1206 9.4437
1.8801 -8.9484 9.8987
1.3383 -8.2814 9.8958
1.7094 -8.2965 10.2383
1.9837 -8.6387 10.6499
2.0174 -8.1901 11.3766
2.0423 -7.9116 12.3805
-1.6294 -7.7121 8.0940
-0.8935 -7.5163 9.0393
-2.0524 -7.6367 8.3622
-1.8623 -7.3736 8.4753
-2.1790 -7.5407 8.8907
-1.4392 -7.2108 8.7705
-2.0551 -7.1336 8.9339
-1.6663 -6.6711 9.1700
-1.3096 -6.4456 9.5724
-0.0619 -7.4382 9.8311
0.4622 -7.0113 10.5164
-0.6947 -6.8002 9.8799
1.3478 -7.1118 10.9288
1.8637 -7.7994 10.9528
1.9809 -7.3308 11.7400
1.6573 -6.8146 11.4052
-2.2399 -7.5487 10.0390
-2.2580 -7.0842 12.2570
1.9594 -10.6586 16.7558
1.8585 -14.9920 16.9537
1.9274 -13.6172 17.0401
2.0178 -5.6709 15.2265
1.5761 -15.5245 17.8561
1.7711 -14.3858 17.9834
1.8839 -13.3293 17.9755
1.8830 -11.1297 19.4643
-1.7130 -15.3706 19.1907
-2.0597 -14.3644 18.9665
0.6114 -14.7096 20.1959
-1.0601 -15.4816 20.0730
-0.3453 -15.8905 19.9559
0.1677 -15.2544 20.1662
-0.5778 -15.3489 20.3455
-0.2508 -14.6276 20.8324
-2.2098 -13.4263 18.6197
-2.1464 -13.4084 19.3615
-2.2181 -11.2247 19.4649
1.4875 -14.7959 18.6759
1.2816 -14.7743 19.1414
1.6226 -13.7833 18.9919
1.8013 -12.5037 19.0940
1.0730 -14.3331 19.8794
0.1507 -14.1446 21.0239
1.2962 -13.6446 19.9845
1.5759 -12.7942 19.8118
1.4189 -11.8208 20.8823
0.9568 -13.2346 20.8944
0.3273 -13.2681 21.5712
0.6916 -12.6369 21.6845
1.1775 -11.0573 21.9882
1.9103 -9.8454 19.7260
1.7374 -10.8001 20.5962
1.8066 -8.5136 21.8299
-2.1937 -7.1190 9.4467
-2.0895 -6.6272 9.4832
-1.8745 -6.1922 9.6011
-2.2011 -6.6155 9.9771
-2.1376 -6.1194 10.0230
-2.1961 -5.8619 10.5737
-2.2313 -5.7954 11.0272
-1.4882 -5.7874 9.9242
-1.9850 -5.6327 10.0936
-1.6729 -5.1610 10.2749
-2.0927 -5.1187 10.5914
-2.1953 -4.8565 11.0920
-1.9036 -4.6136 10.6590
-0.5784 -6.0198 10.5586
0.4230 -6.0582 11.1899
1.8556 -6.2883 12.0710
-1.2729 -4.9172 10.6200
-0.7347 -5.1365 10.9991
-0.1176 -5.1933 11.4289
-1.6201 -4.1628 10.8505
-1.4641 -3.7576 11.0647
-0.8089 -4.3490 11.3456
-2.0995 -4.1124 11.1234
-0.2345 -4.2981 11.8201
0.6479 -4.8984 11.9793
1.3994 -5.7018 11.9376
1.7026 -4.9980 12.5705
1.2115 -4.6893 12.3559
0.5245 -3.9161 12.3774
-2.2293 -3.5274 12.4683
-2.2049 -3.8500 11.6412
-1.9790 -3.6223 11.1715
-1.0988 -3.4635 11.4615
-1.7844 -3.1400 11.2717
-0.5497 -3.1917 12.0296
-1.6088 -2.7524 11.4203
-1.1970 -2.4612 11.7507
1.5118 -3.7760 12.9373
0.5656 -2.8325 12.7750
1.4268 -2.7234 13.2152
0.8781 -1.3460 13.2372
1.3889 -1.1986 13.4965
-2.1488 -3.1017 11.6254
-2.2297 -3.3056 12.2088
-2.0468 -2.6097 11.6605
-1.8122 -2.0997 11.7571
-2.2191 -2.5916 12.2389
-2.1057 -1.8448 12.1991
-0.6297 -2.0045 12.3206
-2.2024 -1.0301 12.9430
-1.5680 -1.6545 11.9240
-1.2754 -1.4380 12.0287
-1.9477 -1.3632 12.1665
-0.8498 -0.6223 12.4036
-0.2336 -0.7536 12.8126
-1.8732 -0.3558 12.2268
-1.2968 -0.6775 12.1587
-1.2477 0.0715 12.2007
-0.1939 0.2121 12.9041
-2.1515 -0.8391 12.6788
-2.1510 0.3214 12.6232
0.2246 -1.5916 12.9123
0.7516 0.2220 13.3525
-2.2399 0.3307 15.0085
2.0049 -6.8062 12.3476
2.0209 -4.8540 14.0862
1.9818 -5.6804 12.8876
1.9921 -4.2446 13.6957
1.8781 -4.1525 13.2343
1.7511 -2.3273 13.6131
1.9401 -2.4340 14.0741
1.9731 0.2736 15.1785
1.7861 -0.1462 14.0628
1.9443 -0.0127 14.6779
1.9733 1.8695 16.7645
1.9370 -1.8714 19.5426
1.8298 -7.1211 22.2805
1.8486 -4.7168 22.3328
-1.9536 -27.2848 25.6335
-1.7463 -28.4716 29.1946
-2.0538 -22.7335 24.5119
-1.8379 -24.3593 31.2375
-2.1239 -19.9796 22.2446
-1.8096 -19.1553 21.2769
-0.8665 -18.4032 21.2682
-1.5565 -18.7992 21.4271
-2.0908 -19.6987 21.6706
-1.9868 -19.2069 21.8141
-1.4445 -18.3530 22.0828
-1.9152 -18.7060 22.3935
-2.0808 -18.9456 22.9372
-0.0650 -17.8912 21.4838
-0.5553 -17.8588 22.0556
0.4374 -17.4620 22.0580
1.0122 -17.4582 22.0651
0.6882 -17.1809 22.5666
-1.1256 -17.5706 23.1632
-0.2290 -17.1254 23.1828
0.3279 -16.9480 23.1517
1.4013 -17.5073 22.4454
1.6236 -17.5754 23.1084
1.7011 -17.8461 24.2749
1.0678 -17.0535 22.9182
1.4472 -17.1608 23.2349
1.6565 -17.4082 23.8235
0.7141 -16.7368 23.4678
1.2613 -16.8205 23.5498
0.8715 -16.3906 24.1678
1.5779 -17.0678 23.8428
1.6646 -17.0769 24.6680
1.3959 -16.5679 24.2682
-1.7652 -18.1032 23.0620
-1.9530 -18.2049 23.4877
-2.0817 -18.6841 24.3490
-2.0375 -17.9447 24.7416
-1.4917 -17.4617 23.8159
-1.8668 -17.6964 24.1898
-1.7260 -17.1744 24.8525
-1.2948 -16.8234 24.8218
0.2197 -16.4248 24.2270
1.5642 -16.5156 24.9380
-0.3250 -16.2939 24.8481
-0.9972 -16.2800 25.5997
-2.0553 -17.9428 25.5861
-1.9473 -19.7631 30.2401
-1.9231 -17.2026 25.4914
-1.6233 -16.6304 25.7997
-2.0110 -17.1933 26.3892
-1.8495 -16.7269 26.2463
-2.0123 -17.1932 27.8954
-1.4464 -16.1708 26.4997
-1.9559 -16.6964 27.0758
-1.7044 -16.2129 26.9729
-1.8676 -16.2029 27.7734
-1.9692 -16.4436 28.4802
-1.9262 -15.9454 30.2121
1.3715 -30.4410 29.5553
1.4952 -25.9060 28.6248
1.2699 -31.8667 31.3566
1.2161 -32.1124 31.8668
1.1290 -32.1032 32.5112
1.1743 -31.6053 32.8762
1.2240 -30.9820 32.9371
1.3081 -27.7469 32.8307
1.5048 -21.4366 30.0026
1.6385 -19.3606 26.7987
1.6484 -16.6045 25.6411
1.6228 -16.3184 27.0981
1.3374 -19.6860 32.8852
1.3003 -23.9435 33.5263
1.5093 -16.7524 30.0483
1.1944 -16.9374 34.1348
-1.1582 -31.0739 32.6426
-1.0318 -31.8761 32.6486
-0.8884 -32.0266 33.0503
-1.0358 -31.3557 33.3814
-1.2344 -29.4513 34.1987
-1.3390 -27.5690 35.4128
0.9829 -32.1033 33.0028
0.7164 -32.1064 33.4449
1.0358 -31.5907 33.6296
1.0995 -31.0946 33.9801
1.1643 -30.4730 34.0522
-0.7354 -31.9156 33.6518
-0.2445 -31.9682 34.0064
0.4038 -32.0268 33.8295
0.8588 -31.5613 34.1145
0.1349 -31.8344 34.2408
0.5680 -31.5287 34.5200
0.9003 -31.0737 34.7182
1.0540 -30.5871 34.8357
1.1207 -29.7771 34.9935
1.1151 -25.6704 35.4979
-0.9052 -31.3710 34.0816
-0.6022 -31.5221 34.4626
-0.0483 -31.5038 34.7573
-1.0368 -30.8701 34.1147
-0.9566 -30.8785 34.6316
-0.8193 -31.0074 34.8478
-1.1235 -30.0969 34.6328
0.3103 -31.3399 34.9372
-0.3784 -31.2308 35.0600
0.0934 -31.0103 35.4215
-1.0469 -30.1175 35.3713
-0.5854 -30.8506 35.4107
-0.3131 -30.5641 35.9385
-0.8978 -30.0898 35.9680
0.7029 -30.9476 35.1818
0.9147 -30.5725 35.3019
0.5774 -30.6419 35.6825
0.2328 -30.4999 36.0406
-1.1989 -29.4250 35.5995
-1.2365 -28.6662 35.9125
1.0502 -30.0839 35.3605
0.9059 -30.0688 35.8693
1.0036 -29.5763 35.9351
1.0249 -28.7930 36.0707
0.6773 -30.0025 36.3157
0.1017 -30.0865 36.5313
0.5139 -29.6588 36.7870
0.8657 -29.5618 36.4146
0.9534 -29.0683 36.4395
0.7796 -29.0500 36.9275
0.8697 -28.1796 36.9266
-1.5991 -24.9150 35.1641
0.9588 -25.9217 36.7105
-0.6847 -29.8914 36.5667
-1.1313 -29.4090 36.2745
-0.8858 -29.2836 36.9429
-1.1401 -28.8482 36.6864
-1.2082 -27.5905 36.7986
-0.9465 -28.6172 37.1288
-0.2239 -29.8788 36.7859
0.1896 -29.4706 37.1053
-0.4284 -29.4258 37.1439
-0.5101 -29.0423 37.3171
-0.1040 -28.9571 37.4000
0.4026 -29.0104 37.2725
0.5625 -28.1474 37.3207
-0.0211 -28.4631 37.4951
-0.5192 -28.0337 37.4806
-1.4213 -25.9818 36.4559
-0.9462 -27.2331 37.3351
-1.2768 -26.2877 37.1162
-0.9035 -25.6052 37.5172
0.1239 -27.2126 37.5493
0.7253 -26.2791 37.2973
-0.5084 -26.3380 37.5980
-1.4675 -24.7380 36.9331
-1.2840 -25.0624 37.2671
-0.7935 -23.7314 37.6407
0.2859 -25.7302 37.6050
0.8498 -24.0927 37.2240
0.4701 -23.9271 37.5922
-0.3086 -24.6492 37.6735
-1.7236 -22.3955 35.5255
-1.8047 -20.0651 34.8485
1.1217 -20.6097 35.4533
0.9957 -23.4167 36.7693
0.9920 -22.1280 36.4365
1.0316 -20.7182 35.9793
0.8858 -21.0891 36.4189
-1.8638 -15.9501 32.8913
-1.8198 -17.1820 34.5060
-1.8197 -15.8940 34.1595
1.0450 -18.7066 35.7447
0.7777 -19.6231 36.2362
0.8140 -18.2050 36.1615
1.0217 -17.2607 35.6229
0.7661 -17.2338 36.0532
1.0633 -16.2596 35.0717
0.9295 -16.3625 35.4929
0.6001 -16.4660 35.8713
-1.7507 -21.4456 35.8407
-1.7468 -20.4890 35.9322
-1.7818 -19.0399 35.6259
-1.6375 -23.1400 36.6429
-1.5482 -23.0237 37.0749
-1.2547 -23.5573 37.4502
-1.6683 -21.9352 36.5332
-1.4867 -22.2760 37.0993
-1.1515 -22.5626 37.4521
-0.7037 -22.8610 37.6433
-0.5071 -22.1399 37.4504
0.8761 -22.7572 37.0944
0.4769 -22.4824 37.4568
0.5959 -23.0404 37.5032
-0.1445 -23.1655 37.6948
-0.1087 -22.4208 37.5707
-0.1869 -21.0171 36.9050
0.3223 -20.4040 36.6108
-0.3769 -20.1228 36.6525
-1.5817 -21.0706 36.5296
-1.3175 -21.5396 36.9688
-0.8821 -21.6015 37.1656
-1.4270 -20.0199 36.4795
-1.1314 -20.8640 36.8053
-0.9324 -20.0719 36.6409
0.7575 -22.0091 37.0071
0.5366 -21.2221 36.8199
0.2633 -21.9439 37.2951
-1.6926 -19.4892 36.0643
-1.6396 -18.4893 36.1383
-1.7396 -17.5015 35.5515
-1.7291 -15.9661 34.8575
-1.7939 -16.8141 34.8562
-1.5485 -16.4878 35.4962
-1.4795 -17.5006 36.0585
-1.0658 -16.7913 35.9736
0.2941 -19.6980 36.4819
-0.3023 -19.1326 36.5348
0.4536 -18.9606 36.3734
-0.0242 -18.1563 36.5086
-0.6514 -18.7188 36.5499
-1.3116 -19.0265 36.4640
-1.1800 -18.0348 36.4250
0.3563 -17.9449 36.4304
0.2446 -17.3682 36.3430
-0.5156 -17.6249 36.4284
-0.1989 -16.6426 36.0666
-0.7549 -15.8061 35.5846
0.2336 -16.9265 36.1819
-1.8933 -13.4780 20.2525
-1.6061 -14.4916 20.0596
-1.3752 -14.0138 20.8549
-0.9186 -14.4849 20.8926
-2.0449 -12.4051 20.5748
-2.1927 -12.2122 19.7159
-2.1079 -11.3113 20.9162
-1.6556 -12.5655 21.5091
-0.5760 -13.8464 21.4690
-1.2054 -13.5322 21.4423
-0.8098 -13.3100 21.8628
-1.4650 -12.2972 22.0919
-1.0523 -12.7333 22.2156
-1.2354 -12.0331 22.5804
-0.2439 -13.1378 21.9719
0.3560 -11.7551 22.7012
-0.0165 -12.1693 22.6318
-0.6638 -12.1082 22.8371
-0.3919 -12.0302 22.8842
0.6168 -15.8749 25.1681
1.0498 -16.0866 24.8316
1.3778 -16.0238 25.3747
0.1836 -15.9202 25.2285
-0.2641 -15.8317 25.7723
1.0553 -15.6433 25.7617
0.2474 -15.5063 26.1047
0.7052 -15.4022 26.2100
-2.1575 -9.9612 21.1833
-1.8034 -11.1821 22.1077
-2.1938 -1.3878 21.8208
-2.1685 -7.5408 21.8924
-1.4566 -10.9889 22.9808
-1.8737 -10.1546 22.4586
-1.5738 -9.9451 23.3821
-2.0230 -8.1631 22.8166
-1.8016 -7.3763 23.9938
-1.5954 -7.9050 24.3922
0.9166 -10.5643 22.8476
0.5977 -10.6804 23.2486
1.6350 -9.0406 22.2942
1.4282 -8.2539 23.4784
0.9412 -8.6612 24.2700
-0.8814 -11.8451 22.9772
-1.1219 -10.9879 23.4469
-0.6861 -10.9968 23.6984
-0.1913 -10.9370 23.7160
0.1051 -10.9608 23.5365
0.5054 -10.2010 23.7596
0.1514 -10.1389 24.1748
-1.3300 -9.9833 23.8565
-0.9014 -10.3703 24.0975
-0.4662 -10.2994 24.2883
-1.1034 -9.3479 24.6065
-1.3434 -8.6267 24.6169
-0.0199 -9.7875 24.5844
-0.6451 -9.7409 24.6993
-0.2190 -9.3353 25.0197
0.6845 -9.4326 24.1333
0.2353 -9.3854 24.7326
0.5829 -8.6222 24.9189
0.2248 -8.5508 25.3474
-0.8425 -15.7558 26.5847
-0.3542 -15.2692 27.2134
0.1692 -15.0635 27.2385
-1.3764 -15.7364 27.4277
-1.8107 -15.8477 28.4356
-1.1627 -15.3077 28.1600
-1.6593 -15.6079 28.4466
-0.7272 -14.8589 28.7357
-1.3111 -15.1196 28.9585
-1.8259 -15.5520 29.5472
-1.6167 -15.1864 29.6099
-0.8328 -9.0516 25.0687
-0.4850 -8.7899 25.3920
-1.0426 -7.8724 25.5214
-0.5721 -8.0547 25.7745
-0.0059 -8.1622 25.6959
-2.1122 -6.1896 23.0498
-1.9832 -4.2976 24.3403
-2.1010 -2.7362 23.8699
1.6618 -7.1446 23.4030
1.6822 -5.5107 24.0773
1.7599 -4.1410 23.9495
1.1698 -6.9567 24.9225
1.4624 -6.3407 24.5367
0.8827 -7.6938 25.0596
0.6141 -7.6655 25.4809
0.9918 -6.2301 25.6389
1.5055 -4.6170 25.1445
1.6427 -3.0617 24.9858
1.3069 -4.5962 25.7387
-2.2395 3.9820 20.4072
1.7734 6.3189 23.2218
1.6693 0.3239 25.2388
1.4317 -2.6611 25.9892
1.6868 5.3028 25.0066
1.4463 -0.2907 26.4393
-1.3041 -6.6219 25.6700
-0.7428 -6.8996 26.2503
-1.4442 -4.4499 26.1842
-0.9700 -6.4935 26.2644
0.4875 -6.9959 25.9541
-0.1065 -7.5960 26.0096
0.2375 -6.6100 26.3305
-0.2888 -6.4677 26.5628
-1.7185 -2.5020 25.9488
-1.0274 -4.9496 26.8473
0.8753 -5.6820 26.1280
0.5780 -5.6507 26.5290
1.1124 -4.5757 26.2122
0.8818 -4.5624 26.6563
0.1310 -5.8201 26.7698
-0.5743 -5.4749 26.9790
-0.0234 -5.1003 27.1535
-0.3172 -5.3053 27.1012
0.3722 -5.1264 26.9578
0.7167 -4.1003 27.1226
0.3424 -4.1080 27.4420
-0.7441 -4.2995 27.3955
-0.4873 -4.2819 27.5182
-0.1985 -3.9639 27.6724
-2.0742 3.9443 25.0832
-1.9645 4.6350 26.2204
1.1739 -3.2624 26.5956
1.1370 -1.9388 27.0732
0.9216 -3.1731 27.1973
0.6438 -3.1439 27.6122
0.8566 -2.0351 27.6792
0.9404 -0.4099 27.9238
-1.1188 -3.1471 27.3705
-1.2477 -1.4536 27.6666
-0.9030 -2.5098 27.8884
-0.4010 -3.0477 28.0080
0.2073 -3.2515 27.8725
0.5355 -2.1270 28.0727
0.0660 -2.1704 28.2998
-0.5473 -1.9548 28.3378
-1.3926 0.0934 27.7268
-1.6007 1.8566 27.4335
0.7300 -1.1419 28.1361
0.3672 -1.1038 28.4910
0.5775 -0.1204 28.5655
-1.0364 -0.2437 28.4381
-0.6463 -0.1930 28.8089
-0.0739 -1.0503 28.6626
-0.3707 -1.2776 28.6003
0.1348 -0.0739 28.8642
-0.1982 0.3521 29.0418
1.4986 -15.9470 26.0341
1.5841 -15.9770 26.7346
1.2391 -15.4777 26.3971
1.3731 -15.4254 26.9600
1.5072 -15.4990 27.6932
0.9421 -15.1510 26.8676
0.5361 -14.8991 27.4825
1.1238 -15.0030 27.5789
1.5310 -15.5794 28.9614
0.8191 -14.7521 27.9735
-0.0233 -14.7330 28.3011
0.4507 -14.5303 28.6163
1.3023 -14.9977 28.2759
1.3764 -14.9658 28.9425
0.9583 -14.6028 28.6699
0.0248 -14.4115 29.2267
0.7409 -14.4377 29.0035
1.0861 -14.5033 29.3640
-0.9568 -14.7261 29.4817
-0.3513 -14.2471 30.1734
1.3716 -15.2086 31.6252
1.4383 -15.0434 30.0667
1.2264 -14.5050 30.0595
1.3109 -14.5695 30.7649
1.2472 -14.3963 31.7244
0.2763 -14.2335 29.6938
0.8291 -14.2631 29.7758
0.4195 -14.0439 30.3902
0.9614 -14.1782 30.4722
0.6836 -13.9627 30.8991
1.0871 -14.1576 31.1686
-1.8059 -15.1428 30.8733
-1.4471 -14.7820 30.3764
-0.9950 -14.3600 30.8016
-1.8810 -15.4474 31.8121
-1.5362 -14.6336 31.2077
-1.6791 -14.7145 31.6071
-1.2082 -14.2299 31.7299
1.1731 -14.5148 33.2564
0.0391 -13.9076 31.0309
-0.3341 -13.7858 31.9829
-0.7803 -13.8095 32.5894
0.8866 -13.9425 31.5706
0.2813 -13.7900 31.4961
0.5551 -13.7321 31.9877
0.9908 -13.9503 32.2572
0.1373 -13.5920 32.6021
1.0034 -14.0044 33.2466
0.6825 -13.6946 32.6841
0.2670 -13.5316 33.2984
0.7985 -13.7664 33.3804
-1.7549 -14.7065 33.0430
-1.5340 -14.3535 32.4095
-1.4884 -14.2098 33.0599
-1.7923 -15.2053 34.1698
-1.4248 -14.1060 33.7759
-1.6966 -14.6547 34.1606
-1.4481 -14.2360 34.2919
-1.1602 -13.9852 32.6429
-0.4365 -13.5646 33.4212
-1.0024 -13.7824 33.3262
0.5236 -13.6373 33.7900
-0.1670 -13.5463 33.9128
0.2266 -13.7196 34.1996
-0.9703 -13.7686 34.0093
-1.2533 -14.1823 34.4891
-0.4077 -13.8252 34.4032
-0.0340 -13.9695 34.5323
-0.7748 -14.2890 34.7799
-0.1670 -14.8460 35.1294
1.2106 -15.3324 33.5787
1.1086 -15.2796 34.3349
0.9584 -15.2460 34.8209
1.0189 -14.4953 34.1978
0.7440 -14.4664 34.6145
0.2991 -15.8707 35.6754
0.4828 -15.2457 35.2796
0.7886 -15.7280 35.3483
0.2434 -14.4437 34.8425
0.8612 -14.0272 34.0537
0.5202 -14.0398 34.4275
-1.5763 -15.2836 34.8799
-1.3862 -15.7507 35.3155
-1.1418 -14.9932 35.0815
-1.4795 -14.7354 34.7278
-1.8933 11.9540 -1.5728
-1.5806 11.7516 -1.2738
-1.7909 11.9546 -0.8500
-1.1356 11.8653 -1.0018
-1.4475 11.8438 -0.5774
-1.2620 11.9116 -0.1480
-1.7006 11.9451 -0.2028
-1.7550 11.9745 1.9457
-1.3620 11.9188 1.9275
-1.5957 11.8986 2.3673
-1.8865 11.9842 2.7139
-1.2405 11.8884 2.6222
-1.5399 11.7532 3.0272
-1.0702 11.8392 3.3123
-2.0055 12.3778 -0.8837
-2.1018 14.0536 1.7345
-2.1628 16.2168 5.0114
-0.7194 12.1856 -0.1756
-0.0788 12.5864 0.9264
-1.9202 12.2462 0.5899
-2.0125 12.4693 0.9224
-1.5375 11.9689 0.8767
-1.1148 12.0722 1.1635
1.5267 13.3016 1.0819
1.8759 13.6642 1.1663
1.1322 13.0997 1.5907
0.2513 12.6974 2.0699
-2.1044 12.8532 2.8795
-2.0470 12.4426 2.3304
-0.9264 12.1033 2.2081
-0.4258 12.2878 2.8447
0.5361 12.5343 3.8855
-0.4227 11.9923 4.2112
-1.9693 11.9620 3.3233
-1.8270 11.7651 3.4368
-1.4317 11.6081 3.7236
-2.0334 11.9688 3.8150
-1.7304 11.5099 4.1331
-1.3467 11.4133 4.4456
-1.1105 11.3513 4.9725
-2.1202 11.9341 4.8636
-1.9577 11.5387 4.5831
-1.6360 11.2331 4.8295
-2.0840 11.4713 5.3747
-1.9260 11.2171 5.2391
-1.5687 10.9387 5.5617
-1.8822 10.8977 5.9034
-2.1254 11.2962 6.3642
-2.0629 10.9663 6.3124
-2.1792 12.5301 6.5217
-2.0946 12.3946 3.4926
-2.0203 23.2527 2.1934
1.9853 22.1112 5.0009
1.9151 23.8775 1.4969
1.8581 23.5149 3.3082
-2.1318 20.3924 5.7933
-2.0614 22.9694 5.5599
-1.9399 24.1507 1.1038
-1.9391 23.7736 4.4615
-1.8863 24.1451 5.2067
-2.1456 23.2493 7.2667
-2.0563 23.7859 6.3128
-1.7005 25.1498 0.5829
-1.4305 26.0001 -0.6780
-1.1860 26.5238 -1.4300
-0.6544 26.8713 -1.2041
-0.3854 27.0424 -1.5606
0.0201 26.9824 -1.2738
-0.4879 26.8062 -0.6855
-0.9829 26.4627 -0.3907
-1.8498 24.5104 1.4998
-1.4901 25.4735 1.1155
-1.1643 25.9815 0.8899
1.8163 24.6499 0.4462
1.4482 25.1414 0.9540
0.9611 25.6788 0.9726
1.6309 24.6667 1.5330
1.7245 24.1799 2.3681
0.9070 26.1643 -0.2912
0.3618 26.5122 -0.0858
-0.0543 26.7676 -0.3943
-0.4749 26.5855 0.2417
-0.0708 26.5121 0.5285
0.4492 26.1830 0.7621
-0.8957 25.9514 2.4605
1.3566 24.6850 2.6086
0.9697 25.2323 2.3558
0.4740 25.7748 2.2430
1.0733 24.8625 3.2771
0.5184 25.6670 2.8318
0.5253 25.7769 3.2994
0.9524 25.0117 3.6944
-0.6877 26.3272 1.0129
-0.4145 26.4048 1.0006
-0.1398 26.2951 1.4119
-0.0075 26.1365 2.1261
-0.5580 26.1884 2.0441
-0.4323 26.2097 2.7404
0.2436 25.9795 2.6176
-0.0085 26.3340 3.0288
0.3821 26.2262 3.3296
0.1061 27.3381 3.0410
0.7342 27.5008 3.0197
0.4519 26.8296 3.3204
-0.4459 27.8621 2.9691
0.5064 27.8099 2.6899
0.8494 26.8462 3.6302
1.0963 27.4848 3.3087
1.2405 26.9548 3.9787
1.5636 27.9302 3.5876
-0.7610 31.9113 -1.2180
-0.4315 31.4177 -0.9117
0.5969 31.6778 -1.3919
0.1906 31.3073 -0.9754
-0.7635 31.0154 -0.2835
0.0430 30.7066 -0.3072
-0.2585 30.4938 0.0483
-1.3116 32.0031 -0.7375
-1.1209 31.5750 -0.5734
-1.1110 30.9932 0.0865
-0.6496 30.1914 0.6311
-1.4022 31.0198 0.4922
-1.0937 30.4266 0.7504
-1.5260 32.0256 -0.2781
-1.4132 31.6257 -0.1702
-1.6215 32.2870 -0.1113
-1.5704 31.5275 0.3379
-1.6057 31.0285 0.9602
-1.3961 30.4183 1.1508
-1.7153 31.2399 1.1931
-1.7377 30.5296 1.8633
-1.7186 32.4990 0.7639
-1.8063 31.3464 1.7070
0.7323 29.6902 0.7340
1.2033 29.7277 0.9425
0.9916 29.3619 1.1885
1.4851 29.7105 1.3837
0.8685 31.2993 -0.9626
1.5112 31.7064 -0.7039
1.2794 31.2657 -0.6795
0.5981 30.5518 -0.2077
0.9659 30.7228 -0.3151
1.5644 31.1980 -0.0171
1.3339 30.7269 -0.0174
1.6556 31.8075 0.0303
0.3180 29.8403 0.5911
1.0547 30.1577 0.3461
1.6077 30.6907 0.6773
1.4221 30.2110 0.6892
1.6422 30.1843 1.3742
-0.1879 29.5050 1.1397
0.3283 29.3066 1.1948
0.5194 28.7410 1.7666
-0.0088 28.8799 1.7404
-0.5599 29.0512 1.8332
0.0496 28.3192 2.2738
-0.8154 28.7195 2.4130
-1.0967 29.8354 1.4020
-1.3632 29.7884 1.8302
1.0837 28.8109 1.8472
0.7552 28.3020 2.2378
1.3706 28.7046 2.2954
1.1634 28.2739 2.5256
1.5860 28.6820 2.7840
1.2963 29.2152 1.6055
1.5598 29.2352 2.0844
1.6754 29.6781 2.0755
1.7115 28.8587 3.1317
1.4361 28.1950 2.9983
1.7816 29.2899 3.6400
1.6617 32.4969 0.2124
1.7335 31.4229 2.8956
-1.6032 24.9568 2.9217
-1.7635 24.4985 3.9638
-1.2641 25.4972 3.1502
-0.8163 26.0121 3.0978
-0.9746 25.8933 3.5452
-1.4570 25.1903 4.0982
0.6611 25.7627 3.7359
1.0653 24.9581 4.4388
1.0454 25.7223 4.5285
-1.2439 25.7115 4.3481
-1.1402 28.1735 3.3245
-0.9855 27.4697 3.7399
-1.5046 28.3235 3.6701
-1.4388 27.1988 4.4087
-1.7169 28.2675 4.1591
-0.5071 26.3882 3.2857
-0.2253 26.8613 3.3009
-0.7621 26.4150 3.7166
-0.8877 26.9310 3.8964
0.6906 26.2623 3.7686
1.1018 26.2191 4.3862
-0.4185 27.3844 3.2745
-1.1497 26.4557 4.3592
-1.2874 25.9675 4.6042
-1.7553 24.7598 5.2807
-1.6702 25.5050 5.3164
-1.5626 26.2478 5.0025
-1.8772 24.8983 5.7977
-1.8873 25.7667 5.7590
-2.1175 24.9046 6.5918
-2.0079 26.4138 6.1894
-1.7699 27.6485 4.7663
-1.8363 26.7793 5.3833
-1.9201 28.1996 5.0532
-1.9790 27.7370 5.8869
-2.0728 26.6785 6.8395
-1.9878 29.3255 5.7742
-1.8768 31.3712 2.5956
-1.5939 29.2907 2.9268
-1.2279 29.0123 2.5916
-1.5251 29.6339 2.3392
-1.7455 30.0635 2.4466
-1.7564 29.1835 3.4318
-1.8661 29.4219 3.6686
-1.9083 30.2366 3.2994
-1.9211 31.6000 4.2003
-1.8273 33.7954 4.8586
-1.9487 33.2530 8.7747
-2.1800 20.6967 9.8292
-2.1658 24.2700 8.7420
-2.1797 24.3016 7.1567
-2.2027 25.3095 7.0147
-2.2140 25.2198 7.7068
-2.1221 26.4951 8.2167
-2.0580 29.4952 8.1492
-2.0339 31.8301 10.9472
-2.1150 27.9001 11.3260
-1.2956 34.3200 -2.7271
-0.9816 33.4246 -2.4428
-1.4226 34.0257 -2.1836
-1.2887 33.3910 -2.0439
-1.5579 34.2285 -1.4930
-1.4658 33.2791 -1.5534
-0.6616 32.8634 -2.1789
-1.0592 32.7413 -1.7730
-1.2321 32.4678 -1.3265
-1.4697 32.5332 -0.9359
-1.5937 33.1639 -0.8936
-1.4446 35.2849 -2.9575
-1.4870 34.7356 -2.3136
-1.5299 35.4196 -1.8954
-1.6839 34.9647 1.5029
-1.5165 36.4963 -1.2780
1.6236 34.3418 2.8266
1.4827 36.2617 2.0631
1.7481 30.8103 6.3878
-1.4499 37.3279 -2.5720
-1.3518 38.3231 -2.5568
-1.5036 38.5014 2.4290
-1.1877 38.8280 -2.9713
-1.2442 39.2859 -2.1759
-0.9308 39.5043 -2.8525
-0.6452 39.9271 -2.6845
-1.1349 39.5258 -2.3858
-0.9525 39.9857 -2.2924
-1.1157 40.0265 -1.7987
-1.2864 39.8469 -0.7577
-1.2321 40.0388 -1.1312
1.1305 39.1327 -1.0632
0.9699 39.8355 -1.5625
1.0193 40.0669 -0.3063
1.2385 38.4861 0.9955
1.3857 37.2315 5.1903
-1.7375 36.8000 7.7214
1.5386 35.2043 7.2684
1.0819 39.4129 6.4620
-0.2312 40.2646 -2.4209
-0.5018 40.4757 -2.0579
-0.8163 40.5518 -1.6286
-1.0373 40.5012 -1.2248
0.1583 40.4012 -2.1702
0.6214 40.3504 -1.8385
-0.0630 40.6905 -1.7246
0.2404 40.8246 -1.2636
0.7914 40.4307 -1.2333
0.8835 40.4476 -0.7425
-0.2405 40.9029 -1.2533
-0.6646 40.9850 -0.8271
0.5821 40.8683 -0.7087
0.7046 40.9464 -0.1614
-0.3180 41.2037 -0.4138
0.2357 41.1828 -0.3318
-1.1817 40.5362 -0.3673
-0.9525 41.0034 -0.2305
-0.7385 41.3184 0.2005
-0.2256 41.4467 0.2876
0.3725 41.3731 0.3739
0.1762 41.5982 1.1223
-1.2743 40.5460 0.7382
-1.0927 41.1172 0.6346
-1.2142 41.0633 1.4190
-0.6631 41.5365 0.8476
-0.3090 41.6850 1.3885
-0.9235 41.5194 1.5914
0.8119 40.9621 0.4678
1.0005 40.3382 1.3643
0.8969 40.8535 1.0529
0.5672 41.4026 1.0475
0.8990 40.8203 2.3317
0.9843 40.2744 3.5382
0.6485 41.3710 1.7494
-0.1837 41.7023 2.0848
0.3596 41.5807 2.1668
0.6810 41.2818 2.4832
-1.3630 40.5553 3.0379
-1.2653 41.0602 3.0318
-0.7466 41.6368 2.0028
-1.0049 41.4715 2.3951
0.8556 40.8569 3.5090
0.1350 41.6007 2.9246
-0.6214 41.6535 2.6992
-0.3561 41.6310 3.1908
0.5269 41.4083 2.9064
0.5502 41.3417 3.5758
-0.9235 41.5139 3.1086
-0.8257 41.5084 3.8024
-0.2400 41.5615 3.8871
0.3749 41.4123 4.0210
0.0196 41.4329 4.7639
0.8156 40.8422 4.6646
0.9284 40.3564 5.9676
0.6822 41.1269 4.2559
0.3548 41.3533 4.6218
-1.2844 41.0498 4.3426
-1.1126 41.2913 4.2147
-0.5460 41.4591 4.7657
-0.9255 41.3094 5.2593
-1.4285 40.5622 6.0046
-1.5280 39.6300 6.2445
-1.2873 40.9879 5.3142
-1.1185 41.0317 6.3654
0.7236 40.8682 5.9023
0.5205 41.1561 5.3619
0.2944 41.1623 6.1196
0.6738 40.7939 6.7871
-0.3245 41.2486 6.1400
-0.6956 41.1484 6.6520
0.0606 41.0928 6.8774
0.4883 40.8868 7.1904
-1.8779 35.7390 10.4095
-1.6733 37.8017 10.3373
-1.5146 39.8171 7.4337
-1.5068 39.2350 9.9502
-1.3636 40.0086 9.4380
-1.4600 40.0627 8.1017
-1.3904 40.5043 7.1195
-0.8947 40.9742 7.3448
-0.1692 40.9826 7.6230
0.2408 40.9125 7.6266
-0.4855 40.9132 8.0379
-1.2305 40.5719 8.1723
-0.7732 40.8043 8.4543
-1.0400 40.5315 9.2122
1.7816 13.5007 2.1108
1.2666 13.0184 2.9173
1.8959 13.5605 3.1782
2.0061 14.0580 2.3991
2.0326 14.6751 5.7623
1.5885 13.0894 3.5782
1.9602 13.5600 4.3434
1.3142 12.6410 4.7609
1.8344 13.0700 4.9729
2.0079 13.9321 4.3812
-0.5350 11.5725 5.3162
-1.1758 10.9399 5.8755
0.2080 11.7958 5.7710
-0.3897 11.0470 6.6345
1.0210 12.0642 5.9937
0.4758 11.1778 7.2699
1.1875 11.6704 6.9864
-2.0183 9.8871 7.7137
-1.6798 9.9216 7.3385
-1.2037 9.8630 7.6641
-1.6345 9.4094 8.0105
-0.7055 10.1316 7.8016
-1.2069 9.3675 8.3162
-0.5842 9.4943 8.7423
-1.4503 10.6500 6.2222
-1.7672 10.4284 6.6157
-1.3244 10.3332 6.8677
-2.0538 10.4539 7.0458
-2.1427 10.9747 6.9371
-2.1452 10.4722 7.5825
-2.1750 10.7355 7.9391
0.0895 10.4177 8.1412
1.5103 11.5668 7.5717
0.9226 10.8639 8.1140
1.4414 11.1071 8.2093
1.7182 11.5744 7.9618
1.2703 10.6033 8.7172
0.3343 9.8531 9.0166
1.8699 11.5585 8.5294
1.7318 11.0703 8.7390
1.5398 10.6259 8.9453
1.8623 11.0565 9.2369
1.9388 11.3627 9.4854
1.2296 10.0729 9.3033
1.8058 10.5597 9.6103
1.5451 10.1065 9.5844
0.7223 9.5114 9.6131
1.2653 9.4391 10.0297
1.8323 10.0542 10.3073
1.6423 9.6005 10.2976
1.9169 9.6126 11.2623
0.5111 12.2164 5.0575
1.6046 12.5217 5.7276
1.5834 12.1846 6.5011
1.8326 12.5679 6.3993
1.9499 13.0583 6.0365
1.9938 13.3051 6.6394
1.7489 12.0687 7.1237
1.9270 12.5580 7.0922
1.8763 11.9886 7.8165
1.9659 12.3025 8.3492
1.9849 12.4907 8.8312
1.9709 10.3872 11.7047
1.9918 10.9184 13.1269
2.0186 16.9486 9.4227
-2.0467 4.0518 11.7833
-1.7540 3.3926 11.6722
-1.9680 2.8976 11.8987
-1.6342 4.1779 11.4635
-2.1540 2.5548 12.3025
-2.1727 4.1464 12.3077
-1.9357 1.4635 12.0501
-1.6960 0.6213 12.0478
-1.1058 1.4391 12.2034
-0.6647 0.8900 12.5844
-1.4720 1.9804 11.9326
-2.1872 2.4248 12.8217
1.4174 0.2941 13.6789
0.1532 1.5582 13.0481
0.8820 1.3559 13.3903
-0.6901 2.4009 12.4102
1.4936 1.2916 13.7196
-1.3327 2.8455 11.8639
-1.3147 3.6975 11.7150
-0.7720 3.5567 12.1482
-0.1202 3.4141 12.6079
0.5662 2.8421 13.0660
1.2584 2.6989 13.3920
1.6582 2.7825 13.7083
0.7922 3.8791 12.9228
1.4496 3.8100 13.2862
-1.9969 6.9374 10.3861
-1.5433 7.0076 10.1691
-1.8300 6.4464 10.5383
-1.4253 6.1529 10.7457
-0.3764 6.5157 11.2713
-1.0638 5.6187 11.2420
-1.2390 7.2048 10.2023
-1.8376 7.4591 9.8485
-2.0378 7.9472 9.6733
-1.5496 7.9603 9.4485
-0.8138 8.4859 9.5384
-2.1231 7.5537 10.2531
-2.1737 8.2129 10.2065
-0.4845 7.6120 10.4988
-1.9085 5.2012 11.1851
-1.4172 4.6141 11.3761
-2.1355 5.1410 11.6418
-1.6983 5.3977 11.0206
-2.0505 5.9375 11.0323
-2.1897 5.9521 11.7084
-2.2346 5.0214 13.9961
-2.1177 6.5212 10.9428
-2.1616 7.2061 10.9050
-2.1944 7.8149 11.5937
-0.3633 5.5551 11.7631
0.3797 5.9323 11.9958
0.3453 7.0197 11.4111
0.9907 6.9197 11.7871
0.2803 7.9160 10.7655
0.9639 7.9486 11.1071
1.3686 7.9017 11.3969
1.0714 5.7412 12.3917
1.6169 6.3062 12.5495
1.3580 5.0658 12.8391
1.4004 6.8515 12.0667
1.8008 5.7760 13.1038
1.8990 6.7641 13.1029
1.6588 7.8100 11.7894
1.7417 7.0472 12.4011
1.8682 7.7880 12.4084
1.9468 8.2627 12.9656
-0.9157 4.5613 11.7456
0.2971 4.6853 12.4388
1.8344 4.0209 13.8012
1.6320 4.7963 13.1744
1.9076 5.1444 13.7677
1.9531 5.6770 14.1400
1.9763 6.2520 14.8669
-2.2626 7.2310 17.0178
1.7893 1.5747 14.0692
1.9247 2.6450 14.5037
1.9477 15.2327 16.0679
-2.0909 8.9583 8.9520
-1.7474 8.9222 8.5834
-1.5261 8.8366 8.6743
-1.8790 8.4236 9.1009
-2.0617 9.4580 8.3253
-1.9359 9.1687 8.4341
-2.1388 9.9688 8.0873
-2.1685 9.5573 8.8377
-2.1555 8.5487 9.5447
-2.1891 9.2297 9.9012
-1.2348 8.5905 9.0956
0.3635 8.7722 10.1214
-2.2384 11.3798 11.8593
1.3823 8.8713 10.6505
1.6889 8.8081 11.0787
1.8678 9.5477 11.0047
1.8289 8.4532 11.7103
-2.2690 13.7846 13.5864
-2.2495 19.3407 12.8672
-2.2720 17.1696 13.7069
-2.3170 13.1080 15.9539
-2.3330 15.6970 14.6165
-2.3160 15.4060 17.2603
-2.2873 10.4088 19.7687
-2.3905 15.3425 16.0258
-2.3646 16.5284 15.4196
1.8098 12.7103 21.2424
1.8218 23.1233 5.3008
1.9625 22.3611 5.5255
1.6485 23.7889 4.0918
1.4931 23.9805 4.5449
1.6485 23.5548 5.9161
1.9641 22.5168 8.5335
1.8827 22.8485 7.1423
1.8611 23.3741 7.8609
1.8501 24.9464 7.2903
1.8964 25.3643 8.3399
1.8753 24.6495 11.8550
1.6736 27.6673 4.1844
1.7667 28.1602 4.1900
1.8085 28.5329 4.4805
1.3937 24.1774 4.9155
1.2699 24.9756 5.1462
1.4736 24.1690 5.6792
1.4963 25.4029 5.6261
1.6481 24.4020 6.5218
1.7200 25.8399 6.0039
1.5108 26.9030 4.4936
1.6118 26.4169 5.1812
1.7710 27.1543 5.2081
1.8325 27.3520 5.7630
-2.3186 17.1520 16.3957
-2.1886 25.1154 14.7416
-2.2204 23.0818 16.7499
1.8050 24.2946 16.5275
1.7324 21.4259 20.8765
1.6923 31.5489 11.0680
-2.0924 29.6149 14.5251
-2.1029 27.9350 17.1650
-1.9689 33.6601 12.5462
-2.0043 31.3060 15.9741
-1.8816 33.7993 15.5888
1.6107 30.6880 17.3595
-2.1479 4.6806 23.4505
-2.2559 10.7091 22.4854
1.4698 2.7290 26.8448
1.1839 1.8583 27.7748
1.5429 6.2856 26.6579
0.9452 1.8834 28.3697
0.7248 0.8696 28.5957
-1.1102 1.5024 28.7273
0.3829 0.9056 28.9653
0.5534 1.8932 29.0118
-0.0088 1.4495 29.2631
-1.3602 4.2477 28.6777
0.7517 3.6634 29.0203
0.2336 2.4295 29.3602
0.4196 3.5412 29.4084
-2.1412 8.4085 25.4647
1.2969 7.7461 28.1625
-1.8171 7.5038 27.5504
1.2027 5.4699 28.2866
0.6499 5.6537 29.4141
0.9249 7.6672 29.1530
-2.2686 15.7852 20.1409
1.6511 15.2516 23.7861
-2.1739 13.2411 24.5624
-2.0961 11.5376 26.4058
-2.0190 9.6734 27.0444
-2.0059 12.5505 27.1385
1.5693 15.3640 25.7434
1.4466 11.6069 27.3432
1.0963 9.7238 28.8159
1.3064 13.2960 27.8580
0.8779 10.4076 29.2076
0.8172 12.2347 29.1088
-2.0743 14.9896 26.2150
-2.1073 16.4079 25.3597
-1.9973 14.8558 26.8599
-1.8253 16.3460 26.8630
1.4654 17.0120 26.7687
1.1381 14.5515 28.1967
0.7684 13.8972 28.8933
1.0055 15.1058 28.3595
0.6848 14.9510 28.7579
0.6743 15.9576 28.6770
-0.7566 1.4024 29.1362
-0.2623 1.8532 29.3733
-0.9643 2.3041 29.1456
-0.6994 2.3891 29.3679
-1.1319 3.8943 29.1713
-0.2720 3.4336 29.6567
-0.7737 4.4152 29.6627
-0.0016 3.9625 29.6946
-1.6701 8.6406 28.2797
-1.0531 5.3057 29.5058
0.2495 5.4444 29.7609
-0.3665 5.1321 29.8836
-1.2999 6.6768 29.1656
-0.2013 6.3203 30.0103
-0.7667 6.1796 29.8638
0.4367 6.9330 29.7824
0.5658 8.8676 29.7306
0.0213 7.6051 30.0543
-1.0444 8.0941 29.6722
-0.6912 7.6800 29.9805
-1.4002 9.0648 29.0497
-0.1567 7.6238 30.0846
-1.8731 10.8416 27.8403
0.0673 8.9828 30.0607
0.0996 10.6811 29.8868
-0.5418 9.4239 30.0287
-0.9127 10.0913 29.7832
-1.2270 10.5014 29.4194
-1.5675 11.1657 28.7729
-1.7058 12.4685 28.2258
-1.1396 11.6234 29.4627
-1.4410 12.6606 28.7644
0.4846 11.3462 29.5609
-0.0848 12.3252 29.6633
-0.3095 10.9077 29.9201
-0.7338 11.5808 29.7516
-1.8347 13.8960 27.6374
-1.6254 16.1679 27.4844
-1.3163 13.2760 28.7584
-1.6943 14.3212 27.8377
-0.9730 12.6114 29.3736
-0.6366 13.9572 29.0966
-1.0343 13.9836 28.7937
0.2343 12.9873 29.4582
-0.2023 13.6716 29.3321
0.4671 13.5626 29.2306
-0.5287 12.5647 29.6071
-1.5003 15.5577 27.8402
-1.2124 15.0247 28.3304
-0.8250 15.1096 28.6645
-0.3976 15.0647 28.9226
-1.1315 16.1474 28.3831
-0.7720 16.1096 28.7385
-0.3017 16.0602 28.9348
0.2694 14.2405 29.1311
0.1531 14.9429 29.0062
0.2318 15.7527 28.9421
-2.2677 20.4713 18.4821
-2.2028 22.7716 20.4249
-2.1175 25.3126 20.3746
-2.1475 19.6849 23.5244
1.6417 18.3947 23.7467
1.4992 23.1915 25.6521
-2.0551 20.6156 25.4321
-2.0520 18.2551 25.5487
-1.8119 17.5101 26.5176
-1.9484 18.4328 26.0883
-1.6514 19.1901 26.9274
-1.8485 19.6829 26.5292
-1.9946 21.1825 26.1561
1.4989 20.6392 26.4776
1.3840 18.6012 27.1348
0.9380 17.3063 28.1514
0.5450 17.3609 28.4941
0.4375 18.6208 28.1680
0.7969 19.4857 27.8773
-0.0089 19.0846 28.1127
0.1060 19.7880 27.9610
1.1750 18.5444 27.6155
1.2189 19.9224 27.5452
0.8443 18.4535 28.0023
-2.0744 23.6536 23.6764
-1.8874 21.2544 26.6784
-1.9565 24.6187 25.8239
1.4001 21.3494 27.3345
0.8735 20.2100 27.8352
0.1783 20.3539 27.9961
0.9194 20.6493 27.9399
0.2691 20.7763 28.1494
0.6591 21.2038 28.3777
1.3202 20.9172 27.5429
1.1318 21.1884 28.0023
1.2270 21.9325 28.0140
0.9649 21.7087 28.4584
1.3484 23.2234 27.1164
1.3604 24.2705 26.4022
1.0532 23.7104 27.7629
1.1829 22.9085 27.9119
1.2123 23.9457 27.2424
0.9037 22.9349 28.3259
0.5071 23.8671 28.1204
1.0042 22.2073 28.4493
-2.2060 26.4411 17.7056
-2.0375 27.2654 21.1835
-1.9302 31.2396 19.9863
-1.9360 29.8691 21.8967
-1.9827 28.1773 22.8451
-1.9442 29.0530 22.7967
-1.8315 29.7953 22.7345
-1.8725 30.3024 22.0779
-1.8487 31.4625 21.0369
-1.7711 30.7945 22.0666
-1.6742 31.5384 21.6892
-1.4915 31.8919 21.6558
-1.7476 32.0489 21.0186
-1.1843 31.5781 22.0444
-0.9341 31.7120 21.9858
-1.5643 30.7416 22.4592
1.5185 25.7757 24.0213
1.5591 27.3494 22.6721
1.4505 27.4393 23.6181
1.4894 31.7087 19.7381
1.5361 29.8525 21.0425
1.4336 31.4460 20.7642
1.5189 28.6767 22.5238
1.4604 29.7007 22.1146
1.4018 28.4500 23.2905
1.3724 29.4630 22.6512
1.1068 29.4777 23.0587
1.2584 28.7246 23.3849
1.4609 30.4388 21.4653
1.2962 31.4560 21.2614
1.0964 31.2472 21.7479
1.3264 30.4663 21.9653
0.9009 31.6747 21.5805
0.4738 31.0649 22.2448
0.6646 30.3010 22.7588
0.9536 30.7077 22.2983
0.0971 32.0889 21.5625
-0.4083 31.3793 22.1861
1.1432 30.2368 22.4649
-1.9888 26.7639 23.5369
-1.9100 28.2953 23.5014
1.4268 26.4363 24.1612
1.2079 26.4520 24.6181
1.2347 27.6243 23.9406
1.0056 27.2228 24.3738
0.6791 27.8862 24.2130
0.9997 26.2200 25.1005
0.6447 26.7839 24.8516
0.5626 26.1057 25.7200
0.4456 26.3801 25.3133
-0.0155 26.8548 24.9733
0.3394 27.3495 24.6025
-0.2410 28.3500 24.1759
-0.5577 27.6779 24.5507
-2.0227 25.2906 24.1700
-1.9228 26.3485 24.1888
-1.9386 25.5332 24.8879
-1.7983 26.0212 24.8918
-1.8075 25.5026 25.9452
-1.6483 26.0054 25.3585
-1.4483 25.9952 25.8722
-1.2580 25.9589 26.5665
-1.7118 26.5148 24.6529
-1.4448 26.3751 25.1246
-1.7884 27.2770 24.2069
-1.5468 27.2391 24.5268
-1.0607 27.1206 24.7976
-1.7344 28.0255 24.0388
-1.3437 27.9844 24.3496
-0.2279 26.3700 25.4668
-0.7042 26.8254 25.0116
-0.8328 26.1536 25.9656
-1.0254 26.3743 25.4003
-0.4258 26.1076 26.2524
-0.0252 26.0006 26.5392
-0.9099 25.9564 26.9173
-0.5160 25.8708 27.0854
1.4712 24.9234 25.2925
1.4074 25.6842 24.8132
1.3200 25.2589 25.6990
1.1620 25.7019 25.5566
1.0846 24.7852 26.7906
0.9362 25.1992 26.6569
0.6366 25.7532 26.4077
0.8471 24.2462 27.6654
0.5392 25.0977 27.3035
0.2404 24.8005 27.7251
0.1321 25.7454 26.9726
-0.1233 25.3624 27.4896
0.1540 29.0952 23.7149
0.4868 29.5723 23.3270
-0.4660 30.2843 23.0239
-1.8070 29.0386 23.4215
-1.6437 28.7701 23.8005
-1.0343 28.6308 24.0974
-1.6524 29.7765 23.1489
-1.3374 29.2465 23.7154
-1.1319 29.9416 23.3149
-1.3767 30.2676 22.9938
-0.7281 29.4174 23.6531
0.9790 28.6650 23.6863
-1.0488 30.8673 22.6175
-1.4466 18.1287 27.4989
-1.3476 19.3123 27.4191
-1.3455 17.0497 27.9500
-1.0395 17.1432 28.4010
-0.6866 16.8547 28.7284
-0.1665 16.8001 28.8532
-1.1960 18.4069 27.8610
-0.9082 17.8835 28.3251
-0.5076 17.5901 28.5839
0.0780 17.5301 28.6166
-0.2802 18.0474 28.4581
0.2715 16.3770 28.8575
-0.7294 18.5905 28.1765
-0.9359 19.6461 27.7557
-0.4590 19.5960 27.9428
-1.5940 20.7208 27.1076
-1.2603 20.4343 27.4626
-1.2999 21.1960 27.6513
-1.9236 22.2566 26.9844
-1.7074 21.7258 27.3801
-1.4400 22.0169 27.9540
-1.9252 23.5836 27.0430
-1.7860 22.7761 27.6907
-1.7527 23.7540 27.6746
-1.4561 22.7173 28.0815
-1.3412 23.7107 28.0666
-0.8350 20.6339 27.8289
-0.3677 20.3405 27.9240
-0.4325 20.9306 28.1042
-0.7389 21.3850 28.1713
-0.8101 21.9351 28.3548
0.0224 21.2911 28.4559
0.4522 21.6994 28.7327
-0.1380 21.8246 28.6911
-0.7387 22.3905 28.4179
-0.3913 23.1081 28.3707
-0.9178 23.1086 28.2699
-0.1052 22.3239 28.7192
0.5133 22.2589 28.7797
0.1744 22.9196 28.5390
0.6006 22.6305 28.6342
-0.8914 23.9148 28.1653
-0.1159 24.0325 28.1611
-1.8885 24.5224 27.0215
-1.8240 25.0184 27.0114
-1.6523 24.5699 27.6590
-1.5269 24.9871 27.6492
-1.1878 24.4703 27.9909
-1.0576 24.9378 27.8468
-1.6323 25.5237 26.9899
-1.2605 25.5758 27.3587
-0.8048 25.4156 27.5669
-0.5557 24.6355 27.9630
1.3039 37.0746 10.3430
0.8773 40.3502 7.1727
1.5212 34.4340 12.3789
1.0795 39.1554 9.2839
0.9649 39.8695 8.5190
0.8906 39.8254 9.6735
1.0574 39.0440 10.3249
1.1128 38.2424 11.7109
1.1658 37.6774 12.5561
-1.4140 39.5551 10.3449
-1.2245 39.9837 10.3163
-1.3043 39.5436 11.0280
-1.1500 39.7691 11.0144
-0.8956 40.0861 10.7003
-0.7280 39.8674 11.3011
-0.5026 40.0239 11.0045
-0.1757 39.8248 11.3774
0.9859 38.8403 11.6332
0.9430 39.3682 10.6283
0.6426 39.9263 10.4200
0.8547 39.3167 11.2228
0.6502 39.6559 11.0556
0.3669 39.7974 11.1531
1.0281 38.2930 12.6392
0.8180 38.8195 12.4385
0.7039 39.2986 11.7295
0.4456 39.2767 12.1615
0.1665 39.3086 12.2701
-1.7760 35.6759 14.0365
1.4066 33.7043 17.4228
1.2519 36.3372 14.4470
1.2552 35.6296 15.9282
1.3035 34.7578 17.0226
1.1716 35.4540 16.9144
1.2278 34.2384 18.2847
1.1583 34.7600 17.8716
0.9852 35.2406 17.7159
0.6611 35.8142 17.4336
1.0092 35.7938 16.9594
-1.5860 37.6565 12.6562
-1.4236 39.0534 11.4035
-1.4470 38.6094 12.1228
-1.2821 39.0385 12.1110
-1.0463 39.5153 11.7142
-0.6633 39.4987 12.0262
-1.0326 39.1103 12.4925
-1.5141 37.6803 13.4962
-1.3348 38.5905 12.8190
0.9053 38.3317 13.1273
0.4881 38.8577 12.9234
0.6505 38.3860 13.5902
0.0257 38.7223 13.4357
-0.4319 39.2875 12.4448
-0.3423 38.8777 13.2208
-0.8212 38.9328 13.0374
-1.4070 38.0462 13.5356
-1.1131 38.4911 13.5500
-0.8064 38.5082 13.8250
0.3037 38.3670 13.9536
-0.1327 38.0630 14.6073
-0.4279 38.4359 14.0303
-1.6093 36.3248 15.3357
-1.1973 38.0504 14.1862
-1.5202 37.1176 14.6209
-1.3838 37.5410 14.6086
-0.9060 37.9294 14.7516
-0.6240 37.7271 15.1925
-1.4056 37.0818 15.3165
-1.2477 36.9358 15.9604
-1.4574 36.5432 16.0279
-1.2038 37.5220 15.1139
-0.9069 37.4397 15.5515
1.1601 37.2750 13.7207
1.0820 37.7845 13.3244
0.9928 37.8107 13.7995
1.1516 36.6425 14.9848
1.0376 37.3108 14.5262
0.7386 37.8996 14.2975
0.8076 37.3988 14.9927
0.3507 37.8746 14.7374
1.1092 36.2443 15.9725
0.8668 36.8830 15.6821
0.9194 36.3569 16.3676
0.5713 36.8796 16.0869
0.1556 37.5240 15.3627
0.5032 37.3845 15.3922
-0.3987 37.3553 15.7367
0.2537 36.8383 16.3350
0.6211 36.3557 16.7702
-0.2256 36.3315 17.1274
-0.3537 36.8775 16.4254
0.3871 36.2734 17.0264
-0.8588 36.9707 16.2849
0.7676 40.3675 8.3975
0.5555 40.7085 7.8605
0.3266 40.6876 8.6183
-0.0369 40.6584 9.1303
0.7029 40.2734 9.2159
0.4597 40.3521 9.6511
-0.6100 40.5957 9.4988
-0.3914 40.4192 10.0338
-0.8489 40.4390 9.8148
-0.0060 40.2927 10.2468
-1.6959 35.2171 16.7252
-1.5596 36.0512 16.3973
-1.8022 33.4058 18.7293
-1.7079 34.3071 18.2044
1.3292 33.6105 18.7400
1.4193 32.8623 19.0845
-1.5925 35.4975 17.1163
-1.4326 36.0378 16.9608
-1.2018 36.0261 17.3701
-1.6081 34.7994 18.1033
-1.4526 35.4086 17.7669
-1.2798 35.5190 17.9493
-1.0806 35.5328 18.1289
-0.7226 35.9589 17.6794
-0.6901 35.4416 18.3392
-0.1692 35.7958 17.8043
-1.3677 35.0116 18.5258
-1.0071 35.0122 18.8184
1.0016 34.6599 18.3802
1.1473 33.8332 19.1525
0.8496 34.4101 18.9030
0.4832 34.9105 18.6112
0.1906 35.4995 18.0572
0.6574 35.2485 18.0974
-0.0208 34.2737 19.5442
-0.1273 34.9269 18.8217
-0.7310 34.8818 18.9886
0.8699 33.8491 19.5686
0.4472 34.3439 19.2944
0.5489 33.7978 19.8641
-1.7705 32.8156 19.9706
-1.6690 34.0516 19.0065
-1.6832 33.5504 19.6090
-1.5492 34.0391 19.4431
-1.2556 33.9891 19.8904
0.2309 33.3738 20.4208
-0.3456 33.6608 20.2718
-0.4316 32.9717 20.9463
-1.5680 32.5244 21.0153
-1.3732 33.0150 20.7837
-1.6509 33.0288 20.3125
-1.1888 32.5370 21.3222
-0.8694 33.0288 20.9419
-0.8307 32.4443 21.4328
-1.4846 33.5295 20.1471
-1.1587 33.4079 20.5378
-0.7580 33.9318 20.0468
-1.5742 34.5444 18.6824
-1.3431 34.5232 19.2003
-0.9152 34.4584 19.4770
-1.2030 36.5126 16.7055
-0.7958 36.4716 16.9926
1.3321 33.2335 19.3251
1.3266 32.7313 19.9685
1.4283 32.0979 20.1250
1.1819 32.5549 20.4910
1.1823 33.2513 19.8069
0.9194 33.2672 20.1646
0.9624 32.3506 20.9634
0.6398 32.9016 20.6984
0.4581 32.5345 21.0888
