1.3177 -42.4642 -40.4426
1.4210 -43.3287 -39.1586
1.0313 -43.8935 -39.3069
0.3297 -42.4751 -40.9874
0.5396 -41.9742 -41.6724
0.8984 -42.5070 -41.0154
0.5972 -43.3866 -39.8840
0.0798 -43.1164 -39.5259
-0.0308 -41.9898 -40.7747
0.0992 -41.3788 -41.9856
1.8035 -27.9702 -14.3677
1.6763 -28.6626 -18.4198
1.8095 -30.5766 -14.2230
1.8075 -26.6341 -16.6325
-0.8092 -42.1359 -39.8425
1.8759 -28.9472 -12.6612
1.7310 -29.8177 -12.8270
0.8906 -35.9880 -46.8674
1.3315 -33.9203 -47.5597
1.1079 -36.6362 -46.1165
1.1096 -34.4950 -47.6792
0.7849 -34.3197 -48.0883
0.4438 -35.6693 -46.8865
0.3336 -34.0207 -48.0366
0.0500 -35.8168 -46.2023
-0.3706 -33.8647 -47.2769
-1.0325 -34.7257 -46.2534
1.0496 -33.1575 -48.5561
0.5910 -33.0342 -48.9641
1.0222 -31.2876 -49.8803
1.9520 -24.9325 -12.3542
0.0938 -33.1108 -48.2587
0.2232 -32.4734 -49.0353
0.0088 -30.4659 -49.7235
0.2472 -31.2579 -49.7096
2.0082 -27.9652 -10.9214
-0.7845 -43.4951 -22.5631
-0.9197 -46.5513 -20.6017
-0.6137 -44.2667 -18.8358
-1.3092 -13.5359 -47.9125
-1.3500 -15.2650 -48.2635
-1.0181 -13.8957 -46.0881
1.4420 -36.3188 -45.1787
1.4683 -30.1355 -49.0637
1.5079 -39.6959 -41.0292
3.0350 -25.1539 -20.7203
3.1253 -22.8255 -20.7531
3.2275 -23.2632 -18.1097
-1.0419 -30.5692 -48.8989
1.8781 -24.3510 -18.7317
1.5963 -23.8482 -21.7054
1.6793 -25.9275 -19.3082
-0.6626 -40.8326 -23.3620
-1.6919 -31.7595 -47.4546
1.7869 -21.7304 -17.2845
-0.4427 -40.1222 -20.2036
-0.4496 -41.5338 -18.0393
0.0956 -38.2824 -44.4213
0.6410 -39.3076 -44.0277
0.2420 -40.1435 -43.2356
1.1830 -38.8165 -44.0001
0.9056 -38.0074 -45.2745
1.8804 -22.8977 -16.5033
0.5276 -37.3216 -45.7797
3.0481 -21.4419 -19.0251
-0.8730 -47.2376 -18.1067
-0.4725 -43.5847 -15.8218
-0.6608 -46.8089 -15.1311
3.2408 -20.4147 -19.1919
0.6483 -41.1839 -42.3749
0.9113 -41.0217 -42.1657
1.2636 -39.5897 -42.4405
3.0889 -21.3357 -20.7614
-0.1834 -40.6339 -42.0658
3.2969 -25.5872 -13.6318
-0.3699 -38.4305 -21.9997
-0.3062 -40.2813 -19.1428
-0.3330 -39.3783 -18.5146
-0.1512 -38.0705 -18.8333
-0.2863 -36.8490 -22.4080
-0.1050 -36.6177 -18.2417
-0.2180 -39.6250 -17.7316
-1.5362 -11.8194 -50.2672
-1.7176 -13.7775 -50.9877
-1.6464 -13.1302 -49.8853
-0.0871 -39.0029 -15.5408
1.8842 -22.1639 -14.0811
-0.1731 -41.5698 -15.2080
-1.4584 -14.0488 -49.6019
-1.2935 -11.9499 -47.9032
-1.3052 -7.4795 -48.3338
1.9259 -23.4231 -11.8536
-1.6402 -9.9709 -50.6870
3.1276 -37.5909 -7.1938
2.9580 -29.0703 -21.0070
-1.0961 -9.9127 -46.2576
1.8314 -32.9563 -9.7528
1.9232 -29.5789 -9.2596
1.8795 -30.5155 -11.4708
-0.9997 -13.9363 -44.0961
-0.8430 -10.0389 -43.4672
-0.9253 -5.3238 -44.0445
-0.9091 -40.2895 -41.7790
-0.9176 -38.1421 -43.7021
-1.6157 -39.4927 -41.8385
-1.4969 -41.7337 -39.5259
-1.7596 -41.0308 -39.4806
-1.8162 -37.3827 -42.0367
-1.6582 -41.0221 -37.2319
-0.5322 -47.1456 -11.7807
-0.5131 -46.0352 -10.8178
-0.4515 -45.7007 -13.3103
-0.9149 -7.5346 -43.9103
-1.6030 -36.4263 -44.5173
-0.6827 -47.2805 -9.8205
-0.5210 -47.3019 -9.3784
-1.6148 -37.7979 -39.7490
-1.8268 -36.0838 -44.1833
2.7098 -50.3247 -0.6117
2.4718 -43.2273 -20.0341
-0.6353 -10.4918 -40.5482
1.8456 -32.9756 -6.7731
1.8953 -30.8868 -5.1150
2.0478 -29.6150 -6.2558
2.1178 -27.9173 -5.8859
2.0088 -26.7996 -8.8919
-1.7802 -32.2216 -46.2872
-1.6599 -34.6978 -42.3223
-1.5368 -33.3220 -43.1083
-0.4954 -16.4658 -37.3043
-0.6887 -14.6615 -41.1966
-0.7075 -19.9032 -39.9714
-1.7118 -31.1072 -45.0417
-1.4499 -32.1444 -43.5260
-1.3904 -35.0802 -40.5196
-1.2256 -36.3354 -38.4104
-0.2084 -43.4944 -11.5363
-1.3431 -33.8444 -41.4662
-1.2308 -34.0813 -39.9991
2.0619 -24.4667 -7.9253
-1.1165 -32.8326 -41.6253
-1.2321 -32.8424 -41.0298
-1.2949 -32.7063 -40.2240
-0.1956 -41.9076 -13.3598
-1.2054 -34.8050 -37.0900
-1.1188 -33.1420 -37.9625
2.0153 -23.2292 -6.5745
1.9392 -22.2320 -9.5757
1.6549 -54.7351 -20.4717
1.2237 -55.5231 -19.3497
1.3705 -54.1774 -22.9074
-0.1538 -15.5328 -35.4398
-0.2182 -18.0244 -34.3968
0.7124 -55.5398 -18.8615
0.9516 -53.9797 -23.5971
-0.4173 -46.4576 -8.1612
-0.1764 -45.7166 -7.5592
-0.1295 -44.5280 -8.1022
-0.2855 -11.5368 -36.7816
1.5954 -55.8777 -17.7552
1.0926 -56.3706 -16.6313
1.8467 -54.3204 -19.5291
-0.1681 -43.1209 -8.7939
0.0049 -41.2361 -10.1610
-0.5306 -10.5602 -38.3904
1.9350 -56.0277 -13.0453
1.7548 -56.2576 -15.7212
-0.0358 -55.8681 -15.7082
1.6158 -56.5556 -15.3286
0.0199 -43.1306 -6.3357
1.7109 -56.7678 -13.3039
-0.0024 -40.0427 -13.6175
0.3971 -15.2190 -34.5479
0.9283 -12.9467 -34.4520
1.0754 -56.9377 -13.2726
0.3074 -56.6524 -12.3851
2.0152 -25.3328 -6.7602
2.0774 -26.2910 -6.2675
1.8981 -25.7184 -6.2557
1.6873 -57.0464 -11.3227
2.0709 -25.3628 -4.9707
1.0788 -57.5357 -10.4781
-0.0961 -38.8766 -13.9832
0.1357 -37.5390 -13.5729
0.0459 -37.8882 -15.1627
0.0251 -39.1164 -11.6934
0.0926 -39.7527 -12.1098
1.5468 -57.8804 -9.0835
2.6878 -9.0708 -36.7920
2.2427 -29.1715 -36.1407
2.2489 -3.3408 -45.4877
2.1173 -23.2910 -3.2248
1.5857 -52.5142 -25.4860
1.1438 -52.7633 -26.3286
1.3361 -52.1433 -27.1858
1.4524 -52.8959 -25.4861
0.1727 -38.8527 -9.8586
0.1708 -38.0047 -10.5810
1.7485 -51.4382 -24.9642
1.6483 -50.9608 -27.3491
3.0718 -18.0480 -25.4779
0.0728 -40.0556 -8.2310
0.3290 -38.1686 -7.8349
1.8833 -50.0104 -27.7938
1.7370 -49.9009 -29.6013
2.0325 -49.5941 -25.3040
0.2321 -39.1694 -5.5676
2.0452 -48.9844 -23.2455
1.9255 -21.4152 -12.5393
0.6246 -24.8478 -53.6622
0.9738 -25.6261 -53.1091
0.2640 -26.1448 -52.8011
0.1091 -26.3995 -52.2106
0.9035 -24.2792 -53.8542
1.2164 -24.0113 -53.4449
1.8510 -21.3739 -11.4488
0.9552 -23.3162 -54.1748
1.1989 -22.1547 -54.2458
0.2794 -24.1826 -53.5957
0.0094 -24.1074 -53.1443
0.4148 -23.4412 -54.2473
0.7069 -22.6857 -54.5336
0.2779 -22.6127 -54.1069
0.9552 -21.6684 -54.8735
0.4007 -10.7754 -35.9757
0.2636 -21.3532 -54.5431
0.3240 -22.2800 -54.5368
1.3871 -20.4701 -54.4799
1.1685 -20.4687 -54.9918
0.4571 -21.2609 -54.9219
0.8161 -20.3667 -55.4683
1.4149 -22.8115 -53.2658
1.1856 -12.4398 -33.9997
1.1705 -10.4551 -34.4659
0.9259 -9.9206 -35.3535
2.2126 -53.5443 -11.5589
1.1136 -7.6664 -35.4592
1.1911 -8.5496 -34.0273
1.2916 -8.9694 -31.9784
1.0511 -19.4094 -55.5885
1.3424 -18.7697 -55.2106
1.4436 -18.9055 -54.2306
1.5866 -21.8922 -51.0213
0.8359 -18.1851 -56.2278
1.0685 -17.8772 -56.0946
0.5059 -19.2275 -55.8207
0.1494 -18.6981 -55.4655
0.3458 -20.3267 -55.2349
-0.5405 -22.7565 -53.3377
-0.1938 -7.1031 -37.5992
-0.9908 -20.3349 -54.1377
-1.5150 -22.5273 -52.8184
3.0865 -20.5640 -23.0466
-0.5034 -6.3871 -38.4712
3.2053 -18.2191 -20.5215
3.2835 -18.9547 -18.6738
-1.0298 -18.1865 -54.7728
2.0844 -57.1015 -5.0203
-2.1003 -21.3587 -52.6216
3.0994 -17.7068 -19.6429
3.2643 -16.3129 -21.4522
3.3005 -17.5424 -18.6314
-1.5671 -19.9911 -53.7659
-1.6396 -18.3324 -53.4243
-2.1056 -19.4906 -52.2630
-2.2322 -20.9402 -52.0711
1.1397 -18.3298 -31.7010
0.9448 -15.4036 -33.6099
0.3065 -18.4261 -33.1700
0.4489 -17.7309 -56.1765
0.5231 -16.9174 -56.6368
1.1572 -15.7533 -56.5476
1.3678 -13.7843 -56.2854
0.8476 -16.3876 -56.7187
0.3545 -16.5412 -56.3313
1.2428 -14.5324 -33.0339
1.4155 -16.5468 -29.6450
-0.7172 -15.8876 -55.7840
0.3364 -14.2806 -56.8872
0.5907 -15.2775 -56.9188
0.5526 -53.3106 -24.7147
0.2647 -54.3361 -21.4100
-0.0483 -52.5696 -25.0771
0.9481 -13.9686 -57.2660
1.1791 -12.9035 -57.2164
-1.1591 -52.7169 -23.2062
-0.7903 -54.1362 -20.4234
-0.1567 -55.1869 -17.9780
1.3999 -19.2658 -29.1832
1.3634 -19.2842 -30.3021
-1.3708 -13.9488 -55.9103
-1.6842 -15.0733 -55.3383
-1.1796 -54.3991 -18.9084
-1.1255 -54.8165 -16.9186
-1.4612 -53.6853 -19.5823
-1.4234 -54.1232 -16.8693
1.5655 -7.6199 -54.8409
-1.7592 -17.0963 -53.4075
-1.6531 -16.5576 -54.8326
-1.1894 -55.4422 -12.8094
-1.3667 -54.8085 -15.3971
-1.8934 -15.7523 -54.2141
-1.5763 -54.0865 -14.9272
-1.4655 -54.8319 -12.8590
-2.0754 -17.9426 -52.0683
-2.2149 -17.1146 -51.9002
-1.8788 -15.6542 -53.4637
-1.9953 -15.9605 -52.4642
-1.9163 -15.8096 -51.3324
-0.6319 -56.4515 -10.5239
-2.0832 -13.7931 -55.1403
-1.9525 -10.8877 -56.0002
-1.0564 -55.7888 -10.3698
-1.1876 -56.2817 -8.0346
-2.1922 -13.9870 -54.1595
-2.1767 -14.3758 -52.9298
-1.3334 -54.7333 -10.8517
-2.0046 -14.4903 -51.7921
-1.3358 -54.9959 -9.2640
1.4272 -48.5914 -32.4845
0.7971 -49.5824 -31.9855
1.0466 -48.3999 -33.7245
1.2937 -47.1544 -35.0627
-0.7806 -2.9823 -43.0014
0.3570 -48.7409 -32.9172
0.9087 -29.7609 -51.0261
0.5449 -31.1854 -50.1046
1.2801 -12.9279 -32.1085
0.7833 -47.5933 -34.8058
0.3128 -29.6502 -50.9373
0.3673 -46.6078 -35.5637
1.3909 -11.9224 -31.0913
-0.0597 -47.8598 -33.2278
1.2417 -28.6722 -51.1042
0.6175 -28.8613 -51.6122
0.9301 -28.2040 -51.7662
-0.6262 -6.0191 -40.5748
-0.9972 -48.7326 -30.9656
-0.7840 -47.0059 -33.7681
1.3240 -26.7109 -51.8188
-1.2727 -47.4753 -32.2383
0.5888 -45.8613 -36.9835
1.0154 -46.2969 -36.5451
0.8706 -45.1587 -37.9294
1.2724 -44.9492 -37.8592
0.2811 -28.1732 -51.6997
1.4548 -45.4596 -36.5876
0.4170 -27.4330 -52.3752
1.5882 -44.5467 -36.4372
1.8204 -42.7833 -34.5428
-0.5007 -27.8928 -50.8716
1.5563 -9.4651 -29.6705
-0.6630 -5.1394 -39.9422
-1.6534 -27.1795 -50.3746
-0.6829 2.3301 -40.4208
1.3143 -31.5394 -49.1137
0.4017 -44.7077 -38.0443
-0.6359 -45.0332 -36.5430
-0.9472 2.5316 -44.4247
-1.2622 1.7033 -47.7575
1.5656 -46.6705 -34.2791
1.4525 -15.7523 -27.8946
1.7879 -48.1963 -31.9442
1.9985 -45.4334 -31.9527
1.7773 -45.4634 -33.0466
1.6387 -14.4428 -27.4443
1.5782 -12.7671 -26.5629
1.6688 -11.3343 -25.4865
1.0442 -26.6685 -52.4605
1.5109 -21.3721 -26.0698
1.7130 -19.1283 -23.1131
-1.3159 -45.4659 -35.3822
0.6787 -26.6154 -52.8717
1.6468 -16.0050 -24.4612
-1.5935 -44.6774 -35.8346
-1.4605 -43.8412 -37.2376
-1.2447 -25.6470 -51.5606
-1.7243 -43.3601 -37.1996
1.7508 -15.5999 -21.1827
-1.6365 -44.7551 -35.0583
-1.4202 -46.3365 -32.8211
-1.4675 -44.2290 -33.5156
-1.3239 -45.7387 -30.9045
-1.4057 -41.9806 -34.8149
3.0128 1.8221 -31.3922
1.6505 -21.0140 -21.4501
-1.1493 -42.3500 -31.8751
-1.3374 -44.0484 -31.4309
1.2307 -50.4324 -30.0064
0.6038 -50.6622 -30.3403
1.8080 -17.7723 -17.3642
0.2354 -49.7567 -31.0569
0.3861 -51.3953 -28.7135
0.9527 -51.1969 -29.1026
0.1430 -50.5874 -29.9197
-0.3735 -49.3986 -30.6638
0.1833 -51.5362 -27.8370
-0.7384 -50.9714 -27.5347
1.7510 -48.9773 -30.3991
1.8600 -47.4240 -31.4454
0.8476 -6.4068 -36.2851
1.6794 -47.9451 -30.2880
1.7428 -48.5494 -27.5951
-1.5644 -46.9571 -31.0943
-1.4433 -48.1619 -30.1510
-1.4243 -30.9331 -44.1578
-1.1991 -49.8161 -28.9086
-1.4537 -49.0894 -29.0700
-1.2488 -31.9999 -42.1822
-1.2831 -47.2954 -29.3061
-1.3796 -47.9057 -28.0788
-1.3838 -30.5343 -42.3784
-1.2344 -30.2159 -43.2746
0.8135 -51.9756 -27.9277
1.2444 -51.4976 -27.9127
0.7101 -52.5174 -26.7627
1.6130 -12.9284 -22.9194
-1.3081 -31.5379 -41.4704
-1.3128 -29.2527 -44.4468
-1.3205 -28.4354 -42.8733
1.6548 -10.2399 -22.7178
3.4346 -11.7738 -17.9567
-1.2602 -50.4970 -26.8734
-1.5100 -51.3451 -24.7002
-1.0375 -30.2513 -39.2542
-1.3828 -50.0288 -25.4908
-1.3842 -49.3738 -27.4123
1.7178 -12.7038 -20.0480
-1.0712 -31.5255 -37.6127
-1.2681 -48.3789 -26.8199
-1.1512 -28.6900 -40.1165
-1.3719 -48.7850 -25.4114
-1.1110 -48.3634 -23.1605
1.8229 -14.5154 -18.3483
1.6251 -12.7706 -18.9412
1.8025 -13.0155 -17.7532
1.6665 -11.5181 -18.7898
1.8814 -45.5631 -30.2014
1.7464 -45.9384 -27.5784
1.1061 -4.6407 -35.2164
1.2383 -4.7635 -32.9558
0.4249 -4.6174 -37.2277
2.0030 -43.8657 -28.6386
1.4555 -5.8382 -29.8918
-1.0750 -46.0896 -28.1657
0.5650 -0.8121 -37.2983
0.8910 -2.4336 -36.7186
0.9995 -1.1535 -36.2151
1.9894 -47.2706 -25.3593
-0.5353 -0.6786 -39.0550
2.2345 -47.6292 -24.5881
-0.8497 -29.6421 -36.8244
-0.3144 -2.6951 -38.3347
1.9516 -45.1843 -25.6983
2.0766 -44.1028 -26.3505
2.2500 -45.2346 -24.5576
-0.1972 1.0469 -38.2172
-1.2678 -46.7101 -26.1002
-1.1428 -44.7986 -28.0483
-1.1951 -47.8834 -25.0908
1.5993 -8.4548 -26.3865
-1.2739 -46.9304 -25.0158
1.1184 -3.1309 -36.0747
-1.0132 -46.0849 -24.2028
-1.1199 -44.2959 -30.6355
-1.0073 -44.3523 -29.6302
1.1720 0.3629 -33.5524
-1.2097 -43.3443 -30.0109
-1.3095 -43.2981 -28.4389
-1.2177 -45.1033 -26.3512
-1.0593 -42.1077 -27.3788
-0.9463 -43.3151 -25.4042
-0.8951 -35.0019 -33.9013
2.1923 -40.1360 -30.1931
-0.7829 -32.3649 -35.1300
-0.6380 -30.6209 -33.5945
-0.6911 -28.3022 -35.6273
1.4377 -3.4673 -31.3905
1.3762 -0.6176 -30.4432
-0.6387 -33.2804 -31.5622
-0.8846 -33.9586 -33.2539
-0.7047 -34.7268 -32.1073
1.5142 -0.8914 -28.2708
-0.5281 -34.0874 -29.8072
-0.4514 -31.7805 -30.1918
-0.3283 -30.9348 -31.3472
-1.3072 -39.9231 -35.4581
-1.3083 -39.3188 -36.5762
-1.3734 -37.9387 -37.8281
-1.2238 -38.0640 -37.1872
-0.3937 -26.3723 -33.3394
-0.3635 -27.0575 -31.4791
-0.4059 -29.5420 -32.1743
-1.3000 -37.8202 -36.2326
1.7189 -9.2958 -23.3463
-1.1970 -38.2832 -34.9104
-1.8171 -28.1235 -49.3659
-1.7819 -28.9039 -47.1794
-1.8580 -25.6232 -49.9969
-1.8670 -25.7362 -48.8443
-1.5715 -26.4376 -46.9668
-1.1069 -41.3430 -33.6983
-1.0851 -39.7909 -33.6251
-1.1198 -40.2568 -32.3284
-1.2380 -41.7898 -32.7518
-1.4929 -28.6383 -45.5165
1.6950 -5.8880 -24.5085
1.5940 -7.1589 -23.5930
-1.9023 -23.6840 -51.7326
1.4907 -7.8185 -22.2431
1.6167 -9.0409 -20.8292
-1.0840 -37.1992 -33.6869
-0.8877 -39.0429 -30.2984
-0.9912 -40.6288 -29.4509
-0.2938 -30.6328 -28.9037
-1.7002 -23.9801 -52.0637
-1.9645 -22.7940 -50.8611
-1.6655 -23.0051 -49.0023
1.7140 -10.4559 -20.4504
-1.6049 -24.8858 -47.9744
1.5536 -10.4628 -18.7603
-0.8383 -36.7449 -32.0622
-0.8511 -37.3041 -30.2726
-1.2872 -27.2552 -45.2455
-1.4153 -25.2094 -44.7938
1.2840 -8.0592 -20.7740
1.4685 -8.1870 -19.9417
1.6471 -9.2230 -18.9740
-1.3753 -24.8350 -46.7378
-1.4300 -24.0179 -46.4779
1.8102 -9.2847 -18.0672
1.7188 -10.1950 -17.4902
-1.4812 -23.1063 -46.2553
-1.4249 -23.1153 -47.8413
1.6131 -7.2599 -18.3374
1.7999 -8.2786 -17.0404
-1.0679 -25.9097 -41.5697
2.2249 -42.5934 -30.5436
1.9977 -43.8357 -30.0339
2.3352 -43.1620 -29.9180
3.7030 -5.9963 -8.7208
2.4923 -42.0291 -29.2181
-1.3367 -26.6382 -43.7470
-0.5837 -35.5852 -28.3604
2.3514 -42.4031 -28.2125
-0.3325 -33.5896 -28.4797
2.0748 -42.9127 -27.8486
-0.4034 -34.0996 -27.2978
-0.2452 -33.2945 -26.7102
2.4714 -40.9188 -28.3949
2.4356 -42.8230 -26.3313
2.3778 -42.0327 -26.0676
2.1366 -43.0986 -26.8655
1.1186 -7.6320 -21.3549
-0.2098 -33.2211 -25.0707
-0.4587 -36.9302 -25.9610
1.5854 -3.3031 -25.4503
-0.9098 -23.3581 -40.5723
-0.8035 -24.9756 -37.8115
-0.1434 -33.5511 -22.3568
1.5426 -5.3428 -23.0392
1.3230 -6.8265 -22.3264
0.7735 -7.0316 -21.2649
2.3519 -40.3937 -26.1039
0.8601 -6.4287 -21.6410
-0.7076 -26.0491 -36.7219
1.2935 -5.6937 -22.0463
0.8240 -5.7281 -21.0488
1.6475 -3.4320 -22.4347
1.6160 -1.6086 -22.9821
1.3085 -4.8952 -21.0910
-1.8626 -20.9847 -50.6386
-1.9317 -19.3122 -50.7630
-1.6858 -21.2693 -49.3652
1.6752 -3.3519 -19.6116
2.7068 -25.6126 -29.4111
0.7138 -7.1945 -20.5371
1.3259 -7.3564 -19.7247
0.9526 -6.9905 -20.0542
-1.4699 -20.8695 -48.7514
-1.5886 -18.0143 -49.8321
1.4130 -5.3337 -19.4576
0.6974 -6.4174 -20.6591
-1.8592 -18.7995 -51.1343
1.1316 -5.3005 -20.2140
-1.4678 -18.0861 -48.2203
-1.3441 -19.5217 -46.7658
1.6430 -4.9942 -18.2577
-1.3324 -21.7955 -45.9877
-1.2284 -23.0697 -44.3895
-1.0167 -20.5529 -43.1933
1.7970 -5.8382 -17.2588
-1.5143 -20.7015 -47.4102
-0.2155 -28.4619 -28.0227
-1.1934 -41.9876 -29.7083
0.3082 -27.4332 -26.4118
-0.0292 -31.2856 -23.1136
-1.8784 -17.0476 -50.8060
-0.6820 -40.4689 -26.1813
-1.4816 -15.3956 -50.0838
3.7872 -17.6611 2.2323
0.3765 -32.6110 -19.6462
0.6496 -30.4461 -22.1347
1.1424 -27.7266 -24.1965
1.4778 -28.3815 -22.3104
-1.0057 -17.2939 -44.6222
-0.7101 -37.9011 -29.2964
-0.6638 -38.3746 -25.7554
-0.9025 -22.6557 -42.6771
-0.6824 -23.6400 -36.2653
1.8616 -20.5334 -17.0221
-0.4222 -20.7905 -36.4857
-1.5107 -52.6045 -21.1417
1.8515 -19.5235 -14.6734
-1.3779 -50.8990 -21.6998
1.8695 -20.5992 -13.6689
-1.2500 -49.3228 -21.7546
1.9901 -20.1145 -14.4782
-0.9860 -49.2057 -20.5632
1.7742 -21.0831 -13.1868
-1.2839 -51.7712 -18.4311
1.9337 -20.1792 -12.4609
1.7311 -18.5634 -13.2976
-1.4054 -53.0889 -17.3881
1.4038 -21.6746 -28.8724
1.2778 -24.1520 -27.3127
1.4740 -24.4262 -25.8572
2.0109 -19.2825 -10.7508
1.8951 -18.4996 -14.7756
-1.1263 -51.0016 -15.3745
1.7877 -16.4090 -15.5312
-1.0311 -50.6579 -18.5590
1.9281 -16.3025 -11.6537
-1.0481 -49.6027 -18.9826
1.8230 -17.8625 -11.6980
-0.4286 -19.8865 -35.3715
-0.8931 -49.0144 -17.5749
1.8557 -15.1722 -15.3865
0.8073 -7.1604 -58.6281
1.0768 -7.8826 -58.1718
0.4046 -7.7678 -58.4674
1.1453 -6.0133 -58.5035
1.3300 -4.8905 -58.0609
0.3051 -7.0916 -58.2953
2.9523 -24.0673 -23.6923
0.5209 -5.8109 -58.8618
0.9153 -5.1024 -58.8126
0.4550 -4.6264 -58.6802
0.0387 -5.4615 -58.2232
0.8027 -12.6648 -57.5951
0.7752 -25.0966 -27.6797
1.0421 -11.6504 -57.7564
-0.9021 -48.1345 -19.6778
1.6546 -14.1554 -17.9078
1.2340 -10.8782 -57.5843
1.8638 -13.6880 -16.4042
0.2148 -11.8682 -57.3266
1.8004 -11.4804 -15.9474
1.9514 -13.9917 -14.4554
0.5881 -11.4686 -57.8365
1.7310 -12.9301 -14.4035
-0.2775 -9.4154 -57.5081
0.8860 -10.4551 -58.1146
1.8810 -14.2494 -12.2728
1.3058 -9.0426 -57.6427
1.1215 -9.5241 -57.9340
0.4556 -10.0775 -58.0060
0.6511 -9.3551 -58.1763
1.9232 -12.2836 -13.0885
1.9222 -11.7657 -10.3549
-0.9864 -49.0830 -15.5987
1.5917 -26.7978 -21.3162
1.6506 -28.1435 -21.2918
1.5480 -24.3378 -23.7434
1.8846 -15.3241 -9.3341
2.0052 -21.4552 -10.5214
1.8677 -20.1026 -9.6731
1.3751 -7.5515 -57.4878
1.8448 -21.6182 -8.3629
1.7495 -19.8798 -8.4660
1.5264 -21.1167 -7.9795
-1.4979 -52.8357 -15.4623
1.0594 -20.9379 -7.3931
1.8834 -18.5533 -8.4885
-1.2608 -52.4172 -13.5121
1.5534 -19.3782 -7.6291
1.6134 -22.0061 -7.1874
1.8746 -22.3701 -6.0495
-1.1924 -50.8164 -13.8007
1.4638 -21.8108 -6.4845
1.5632 -21.4604 -5.8812
1.0316 -21.2239 -6.5569
1.1021 -19.9526 -6.9753
1.2213 -19.9424 -6.4658
1.2949 -20.5518 -6.1113
1.8313 -20.5136 -5.2946
1.4538 -22.8375 -23.6269
1.9373 -21.8180 -4.6373
-1.1559 -51.4231 -12.1917
-1.1812 -53.3966 -11.7655
2.0440 -20.6811 -3.9287
1.7219 -19.3436 -5.4742
1.6686 -18.4464 -6.7171
1.8041 -18.4824 -5.9742
-1.2019 -52.7591 -10.9161
-1.3628 -52.2696 -10.3831
-1.3677 -53.5684 -8.9593
2.0411 -18.1839 -4.7951
2.0963 -19.6182 -2.9831
-1.1631 -50.1708 -11.5613
-2.0670 -11.9137 -54.9753
1.9816 -17.2743 -7.7187
-1.5147 -9.3957 -56.7853
-1.0716 -52.0994 -8.8860
-1.2868 -51.2369 -10.0230
3.6340 -13.9241 -8.2782
2.9586 -21.3567 -22.4928
-1.9758 -6.9983 -54.7850
-2.0525 -6.7466 -56.2302
-1.8454 -11.0796 -53.7065
-1.9362 -12.4947 -52.5888
3.6800 -14.7389 -5.9276
1.9751 -15.1165 -7.6564
-1.5412 -11.5216 -51.4880
-0.7961 -48.4504 -13.3344
-1.6155 -9.6798 -52.3151
1.8438 -15.4256 -5.5739
1.7521 -14.0295 -7.2362
2.0392 -18.0603 -3.2755
-1.8518 -6.3563 -56.9149
-0.7943 -48.1434 -11.2856
-0.2092 -25.4838 -30.3217
2.1039 -16.4289 -2.8551
-0.0487 -23.5771 -30.6304
-0.3652 -23.7905 -33.2989
-1.2833 -4.9101 -57.5720
-0.4018 -21.5421 -34.4596
-0.3216 -21.4115 -35.3757
-0.9106 -50.1903 -9.6995
2.0321 -14.7327 -4.1995
2.0083 -14.8946 -2.4830
-0.8645 -49.2364 -9.5367
-0.7316 -49.8867 -8.1234
-1.6177 -6.9093 -52.9466
-1.5003 -8.6114 -51.1563
-1.6281 -7.1930 -51.3476
3.6895 -8.8658 -8.7447
-1.8553 -1.3810 -54.3108
-1.5726 -4.9364 -51.2371
1.7831 -11.1657 -13.3315
1.1627 -4.0179 -58.6327
1.7899 -8.9544 -13.8105
1.3253 -2.5960 -58.3262
1.6890 3.6555 -54.4608
0.4135 -21.6197 -31.0268
0.7372 -3.4256 -58.8745
0.1850 -2.2854 -58.5037
-1.3048 -0.6437 -57.7616
1.1375 -2.0151 -58.7270
0.5720 -2.1795 -58.8705
0.9523 -0.6500 -58.9598
-1.9313 -1.9965 -57.1706
1.1722 -21.3699 -29.8579
0.1105 0.6474 -58.4827
3.6405 -12.3952 -9.3900
0.7198 0.2318 -58.9089
1.1285 1.1236 -58.7545
1.3452 0.4506 -58.3459
1.8307 -12.5275 -9.2905
0.6651 1.8386 -58.8724
0.9889 2.9195 -58.8936
1.3375 2.7302 -58.4019
1.7781 -8.7588 -11.8296
1.8837 -9.6143 -10.9250
1.8179 -10.7571 -10.2286
-0.9413 3.9148 -57.8600
0.5611 3.1289 -58.7963
1.7155 -7.8966 -15.8395
1.8010 -6.8908 -15.4086
1.9684 -7.7536 -11.2432
1.8865 -9.0454 -8.4672
1.6661 -5.9621 -15.2519
1.8454 -6.7464 -13.1325
1.6756 -3.5099 -17.2863
1.8512 -4.2704 -14.6421
-2.0825 0.5093 -56.0108
-1.6561 -3.6513 -52.8161
-0.0050 -35.5499 -18.8333
1.8489 -7.4992 -9.5655
1.7867 -5.1747 -12.1399
-1.6523 -0.0231 -53.4416
1.7923 -5.0411 -9.2996
1.8326 -2.5200 -10.9919
3.4677 -12.1750 -8.5997
3.4775 -12.3206 -7.1871
-1.5244 -1.0233 -50.5562
0.0425 -35.5099 -16.6118
-1.7041 -1.9024 -51.8853
3.6595 -13.1369 -7.0433
-1.6247 1.0009 -50.8902
3.5602 -13.8837 -6.0609
3.6665 -11.0000 -8.1709
3.5863 -11.2623 -6.8608
3.7121 -11.8889 -5.3658
1.9323 -13.2307 -9.1285
1.8411 -13.1215 -6.3944
0.2397 -36.1323 -13.7964
0.8015 -34.6595 -14.5663
1.9681 -10.8298 -6.7881
3.7069 -13.5885 -5.3852
-1.6486 0.8235 -52.2071
1.8192 -13.6995 -4.5784
1.4142 -31.3814 -18.4698
1.6657 -30.9337 -17.3496
1.9986 -12.2010 -3.4994
1.4215 -34.1134 -13.3944
1.9934 -10.0177 -5.2404
1.9598 -10.9479 -1.3577
1.6959 -33.6250 -12.1539
3.7828 -7.0080 -5.4563
2.0833 -9.4720 -8.9981
1.8592 -8.8458 -4.8599
3.6147 -6.9532 -7.0419
1.7929 -6.9148 -5.3334
1.7320 -5.6514 -6.1974
1.6513 -6.4517 -4.8653
1.8168 -7.1629 -3.5370
1.8257 -8.2167 -2.6695
1.5787 -7.0152 -3.1178
1.0469 -6.4056 -4.0712
1.5224 -7.3975 -1.6519
1.8965 -7.9908 -0.1538
0.7736 -7.1537 -1.9823
0.1981 -6.6272 -2.2187
0.3542 -6.9925 -1.2150
-0.4244 -6.1186 -2.7531
-0.7485 -6.3360 -0.8958
0.1630 -37.0827 -12.4178
0.7256 -36.1197 -11.3263
0.3220 -37.2540 -11.6853
0.5099 -37.0757 -9.5147
1.5069 -35.8953 -7.4892
0.9258 -36.9009 -7.4986
0.8275 -37.5193 -4.2374
1.8134 -35.1885 -7.0515
1.7587 -32.0765 -8.2650
1.8659 -35.3626 -3.6964
1.8833 -57.5045 -8.5149
2.0983 -21.2942 -2.0715
1.4979 -58.2654 -6.0390
2.1225 -23.2579 -1.3888
3.0812 -44.3069 36.5725
2.8424 -50.9717 27.7113
3.0391 -48.1206 29.4032
2.7661 -48.6512 32.4314
0.0802 -57.5448 -7.8498
0.9831 -58.1270 -7.5475
1.6435 -50.7019 29.5838
2.1559 -51.2857 28.8539
2.3514 -49.6010 31.7346
2.0449 -48.5395 33.2669
2.1166 -21.3078 0.0905
0.7869 -50.2370 29.4279
1.9204 -58.0923 -3.2102
0.6673 -48.5305 32.1497
2.0748 -19.8544 -0.8204
0.2944 -57.9950 -4.5104
1.0424 -58.4667 -4.0209
1.9493 -19.3050 -2.1701
2.2206 -24.4025 0.6463
2.0317 -24.5273 1.8266
2.1132 -22.6306 1.7118
-0.6085 -51.9454 23.8772
-0.5754 -51.0070 25.1559
-0.4813 -50.9081 24.0321
-0.4184 -51.3323 26.0052
1.6782 -58.4918 -0.7199
-0.5091 -49.1808 24.8317
-0.5382 -50.5980 22.5954
2.2353 -23.4631 4.2189
2.1601 -25.4662 4.2937
-0.4814 -49.8241 25.6781
1.2002 -58.4562 -0.2675
0.4519 -58.2380 -1.6268
-0.3161 -48.5225 22.8025
0.5946 -58.1133 0.0012
-0.5775 -50.1230 26.5811
0.6908 -31.1010 28.2809
0.5687 -33.9566 26.3455
0.4059 -34.9468 28.6513
0.5559 -30.6144 29.4119
1.9625 -58.3987 2.6799
2.0990 -20.2033 3.4133
-0.3896 -49.3989 28.8818
-0.1020 -49.7935 29.2943
0.4101 -31.9381 30.6419
-0.5400 -48.7931 26.4187
1.3152 -58.4720 2.5385
-0.3447 -47.9976 26.8544
-0.3417 -48.1639 28.2854
0.6543 -57.9580 1.9247
0.2612 -36.0789 31.0194
0.3255 -33.5861 32.0974
0.2360 -57.8741 2.1829
0.5188 -58.1231 3.6310
1.8086 -58.5301 4.3695
1.5090 -58.4093 6.4537
-0.3026 -47.3929 25.5616
-0.1235 -47.3044 23.9472
2.1363 -21.7020 4.7782
-0.1638 -45.6600 26.4603
2.2026 -17.8828 -0.3748
2.0918 -18.3102 1.4860
-0.2123 -45.8535 24.4556
-0.0621 -43.7169 26.7920
-0.0064 -42.1634 24.0853
-0.3770 -46.7452 29.6583
0.7314 -27.8442 29.1471
2.0319 -16.9009 -0.7613
0.5910 -28.0217 32.6984
2.4956 -55.2085 2.1076
0.4155 -31.6083 32.6343
2.0756 -16.1615 1.3307
-0.4451 -48.4074 30.7951
-0.3135 -48.1833 31.6502
2.0389 -14.5801 0.9136
0.4375 -32.0784 34.3082
0.1818 -35.5584 34.5016
-0.5494 -46.7224 32.6661
0.1650 -33.8920 35.6719
0.2839 -30.5610 35.0990
2.1686 -18.2166 3.4354
-0.4270 -47.2337 32.7783
-0.3461 -45.3912 30.9163
1.9256 -19.9059 5.0584
1.9689 -18.4973 5.4031
-0.6297 -45.5692 33.1767
2.5915 -47.6653 34.3917
0.0670 -37.2729 35.8341
0.1823 -33.6339 37.0849
2.1672 -15.4326 4.7493
2.2450 -17.0933 6.9118
-0.1403 -37.5959 38.5598
2.2319 -15.7305 2.6207
1.6729 -46.3547 36.0026
0.5613 -46.7514 34.4995
0.0007 -34.6461 40.0087
2.3642 -47.0347 35.4221
2.2786 -23.4499 8.0808
-0.0622 -37.3531 42.5906
-0.2086 -36.8323 41.9070
-0.0829 -38.1855 42.5295
-0.1379 -36.1152 40.2330
2.2714 -57.7757 5.5299
2.2188 -22.5514 6.9689
1.9542 -21.9607 6.6352
-0.1672 -46.2857 34.4015
2.0192 -21.3147 5.3418
1.5779 -21.1212 5.7339
1.3564 -21.5189 6.4533
1.4253 -20.1726 5.9530
1.4991 -20.1543 6.9257
2.0062 -21.7735 7.4573
2.1550 -21.4960 8.4417
2.1550 -21.2933 7.5114
0.1676 -31.0372 36.9581
0.2760 -32.0266 38.1401
1.5137 -21.5663 6.9726
1.7278 -20.8420 7.3748
0.2555 -33.1707 38.3251
2.0099 -58.2661 6.8463
0.3843 -57.9387 6.0097
2.3611 -22.8109 14.1247
2.4360 -24.9429 12.8871
0.0221 -30.6251 38.8179
0.1595 -33.9827 40.4369
0.0680 -32.4175 40.0696
0.1659 -31.9040 41.6131
1.9759 -19.4410 7.8392
2.1062 -20.4490 8.1479
-0.0017 -33.4129 42.5688
2.1273 -19.9705 9.0043
1.9860 -18.3481 7.5979
2.2980 -18.1164 9.2173
0.0607 -30.0655 41.6047
0.0497 -28.8612 40.2479
1.8981 -18.2437 6.3906
-0.1198 -32.7030 44.2621
2.5526 -41.7999 41.5689
2.7990 -42.2039 40.8780
3.0082 -40.5830 41.9977
2.8789 -40.4342 42.7036
2.7682 -52.9119 12.7176
2.0950 -41.2892 41.9129
2.6867 -39.5708 43.7363
1.7696 -40.1659 42.8120
0.7839 -41.4559 40.9149
0.6488 -40.1602 41.9799
1.3391 -39.2645 43.1978
2.9538 -39.5113 43.3502
3.1805 -39.1045 42.3744
2.3223 -20.2813 9.9837
2.3887 -57.3144 9.5253
2.3148 -19.9185 11.5215
0.8979 -57.6656 9.5208
3.0042 -38.0696 44.4746
3.2247 -35.1216 45.7212
2.2100 -58.0057 9.1748
2.1298 -38.9716 44.2293
1.8401 -58.0409 9.8507
2.3017 -57.3722 11.6048
2.6561 -38.1851 44.8863
3.3431 -34.7643 43.1933
2.4034 -17.1222 11.7044
2.9123 -37.2446 45.4379
2.1742 -37.0651 45.7578
1.9586 -57.6507 11.8375
2.2502 -15.3085 10.6086
2.6543 -36.3491 46.3462
3.0265 -35.5603 46.4363
1.5335 -57.4042 12.7856
1.1242 -38.0412 44.2893
2.5643 -55.3896 17.4091
0.1423 -39.9458 41.6018
0.2960 -37.8766 43.6344
2.2556 -56.9998 14.2989
2.3531 -17.3527 13.3687
2.3072 -20.0896 13.2014
1.9412 -56.6490 15.9882
0.1694 -40.4176 -4.2031
0.3409 -39.2025 -0.7077
0.5069 -36.8093 44.6788
1.3208 -37.3840 44.7767
1.1371 -35.7809 46.0703
1.4795 -36.8026 -1.8550
0.3692 -39.8500 -1.8555
2.1167 -14.1920 -0.7959
0.3216 -40.3473 0.2391
0.7730 -38.1013 1.1075
2.0066 -13.3042 -0.3292
3.1382 -33.9007 47.2494
0.4638 -38.9548 3.3522
2.3915 -56.2749 16.4321
1.5651 -36.4876 -0.5313
1.7880 -36.2349 -1.6159
1.7717 -11.4338 -0.4573
1.8386 -11.6869 0.2478
2.6006 -34.9376 47.4654
2.1449 -10.7081 3.2937
2.3112 -55.4068 19.6610
2.8639 -34.8854 47.3030
1.5311 -36.8286 2.1966
2.2222 -33.6344 48.2822
2.0449 -10.9336 1.3175
2.8865 -33.9484 47.9558
2.7191 -32.9431 48.8095
3.0918 -32.1281 48.8588
1.4062 -32.1329 48.7534
1.9095 -33.9176 -3.0689
-0.1617 -36.8102 43.7038
-0.8408 -57.1295 -6.2475
-0.1584 -35.8449 44.0817
1.9950 -34.6486 -1.5981
0.0357 -36.2643 44.7619
0.3183 -35.4883 45.9164
-1.0618 -56.6905 -3.0417
-0.1471 -35.1951 45.4659
1.9085 -32.5154 -2.9275
-1.2277 -55.2613 -7.2956
-1.1301 -55.8667 -2.7780
2.1156 -12.8166 3.8608
0.0345 -33.5439 46.8615
0.5469 -32.6066 47.9722
-0.2076 -57.7030 -0.8558
-0.6175 -57.3790 -0.4050
1.9412 -32.9877 -0.8114
1.7193 -35.5687 -0.5754
-0.1634 -32.8042 46.5292
2.2635 -13.3342 4.4849
2.1683 -13.5229 6.2084
1.8191 -34.0508 -0.6078
1.8579 -34.5674 1.4905
1.8368 -36.0216 1.8754
-0.1750 -30.6548 45.6414
0.0445 -30.6468 44.1005
-0.9314 -56.6215 -0.5831
1.8202 -32.7074 0.0912
1.8994 -9.1072 0.4821
-0.9801 -53.2944 -6.9465
-0.1139 -30.2661 48.6978
-0.9742 -54.4122 -3.4750
3.8983 -7.9847 2.9664
3.5559 -34.6931 16.6154
-0.8298 -50.6447 -7.2346
-0.7450 -53.3367 -4.9068
-0.6471 -52.0503 -5.0053
2.2417 -11.8525 7.5386
-0.6936 -51.1698 -4.2946
2.1683 -9.9961 6.8028
-0.6301 -52.8237 -2.7432
-0.8569 -54.3462 0.2927
-0.5964 -53.1966 -0.1913
-0.6110 -52.1636 -1.4744
-0.7000 -52.5818 -0.5898
3.9395 -10.9517 7.5077
1.5998 -7.5613 -0.1191
0.4382 -6.8514 -0.1574
-0.5527 -49.3041 -5.6544
1.8731 -8.0236 2.4271
-0.5274 -49.8364 -3.5901
1.6844 -7.3845 1.4729
-0.3402 -47.2337 -5.8124
-0.3374 -48.0732 -3.3671
3.8115 -26.0568 35.7052
3.8096 -28.1973 33.6222
3.9023 -19.6148 32.5720
0.3239 -41.1987 4.2233
-0.6913 -50.5754 -1.5353
3.9290 -13.5459 10.5833
-0.6985 -52.1738 0.4252
3.9697 -15.9151 16.8275
-0.9823 -51.2927 -0.4050
-1.0095 -50.1526 0.5349
0.9704 -37.5531 4.5422
2.2524 -15.6822 7.7003
2.2581 -15.0343 6.9860
-0.3035 -48.7581 -2.0356
2.0734 -14.4934 6.5062
-0.6197 -49.0932 -0.7691
-0.9161 -56.9431 1.9245
2.2561 -13.6338 9.3664
0.3628 -41.2289 8.3835
-1.1172 -56.0199 1.7999
0.5346 -37.9687 10.5854
0.8559 -36.9089 9.4788
-0.9950 -56.3967 4.6213
-1.0746 -55.1710 2.5719
-0.6793 -53.1046 1.7256
1.5595 -36.7125 4.6420
2.1011 -34.8323 3.5453
-0.9102 -53.8267 2.8699
-0.4770 -57.4394 5.1510
-0.7192 -56.9677 6.3531
1.7127 -36.0019 5.6460
2.0172 -35.7725 4.5492
2.1295 -33.5742 4.6053
2.3229 -15.2834 11.9045
-0.8483 -54.9631 4.1040
1.9987 -34.8489 6.0057
2.1438 -33.1778 7.3128
-0.8690 -55.8986 7.6164
2.2230 -11.0577 10.4644
2.3335 -13.5152 12.9077
-0.7163 -53.6647 4.2930
1.5801 -35.9715 7.8605
-0.8290 -54.6357 6.8378
2.4051 -13.5982 14.2346
2.3285 -13.1347 15.3188
2.0736 -34.5216 9.2869
3.9691 -12.2618 9.5250
-0.9929 -51.5089 0.9800
4.2388 -10.8383 9.7831
-1.1418 -50.7517 1.7899
-0.7986 -51.9096 1.9307
-0.5319 -51.7637 2.7195
-0.5011 -52.8209 4.4201
1.9988 -34.0215 12.2269
-0.4745 -51.5979 4.1372
-0.8097 -50.7525 2.7880
-0.9932 -50.2575 3.3494
-0.6547 -50.8699 3.7787
3.9871 -7.9452 9.0306
4.1158 -9.3100 9.0295
-0.4829 -52.3084 5.7052
1.9278 -30.3715 -2.9832
1.9230 -31.6408 -0.6643
-0.4064 -52.7050 7.5109
4.1580 -11.9843 11.5384
3.9316 -12.4063 12.7170
-0.3523 -51.7710 6.5376
-0.7302 -51.1575 4.7764
-0.8130 -49.8416 5.3200
-0.6183 -50.6158 5.6195
3.9920 -11.5245 14.4081
4.3253 -9.5786 11.8791
-0.4958 -50.6250 7.1863
-0.4806 -51.7890 8.3521
2.3523 -11.3560 11.2230
-0.9072 -48.8610 3.6704
-0.7655 -48.2642 1.9994
0.7119 -28.8285 26.7488
0.7681 -24.5312 30.1894
0.9895 -26.6496 27.3627
2.2122 -12.6185 13.8687
2.3295 -10.8540 13.0059
2.2615 -10.7068 13.6780
2.0986 -26.7961 -3.4642
2.0793 -29.4600 -3.0366
4.0340 -9.8973 13.8731
2.1814 -27.9647 -1.3800
2.0777 -29.7855 -0.5536
2.3650 -10.2740 14.5759
0.7888 -23.8734 31.9056
2.1938 -6.5152 9.3855
2.2723 -9.0598 8.6634
0.4541 -28.2835 35.0608
-0.1703 -46.1157 -1.4864
0.6200 -24.3531 35.3708
2.3530 -26.0925 10.8488
2.3905 -27.3454 14.6043
2.3925 -25.2716 16.1456
1.1650 -21.5079 31.1775
1.8768 -24.7453 27.1436
2.2323 -22.4292 28.1756
1.9357 -20.6980 30.2532
1.9803 -31.7273 1.8503
1.8735 -30.4471 -0.1278
2.1124 -29.9672 1.0742
2.4269 -17.3905 30.7073
2.1956 -27.8728 0.3100
2.2668 -28.7405 1.1423
2.2370 -30.0396 2.2787
-0.2559 -47.4629 -0.7485
2.0468 -30.8231 3.8823
0.7128 -20.9220 33.1350
2.2156 -28.6137 3.4094
2.0497 -28.3752 2.0110
2.3224 -27.3290 18.1480
2.3882 -24.0579 21.3077
2.3711 -28.1046 20.5511
0.7611 -19.3964 35.4069
2.1618 -25.2598 -3.0569
2.0575 -26.3137 -0.4401
2.1242 -25.3844 -1.2922
0.5155 -22.6301 38.5061
0.1613 -28.4623 37.4735
0.3884 -26.2452 38.1159
2.0520 -24.4822 -2.9199
-0.2066 -45.1606 -5.4760
0.3409 -26.8410 39.4670
0.1110 -42.8270 -3.2146
0.2607 -25.6210 40.2078
0.0812 -43.4200 -1.1930
0.0690 -44.4011 1.5081
0.0571 -28.5359 43.8199
2.1672 -27.0526 1.8922
-0.1050 -27.1557 41.3926
2.3511 -28.1830 5.1527
2.0346 -28.4751 22.2039
2.3513 -24.7174 25.6053
1.8073 -27.4185 24.3556
-0.0083 -27.4639 43.0934
2.4553 -22.3611 25.8957
0.1132 -25.7203 43.2478
2.2149 -25.7818 2.9144
-0.0177 -25.8383 41.9900
0.5508 -24.4165 39.1118
0.2124 -42.2244 0.3098
0.2635 -43.1048 -0.5056
0.4348 -23.5623 40.0588
0.2973 -24.1580 42.1387
1.9765 -32.8148 4.2894
2.0923 -32.0576 4.3239
0.5491 -22.5964 40.4121
0.3530 -22.1562 41.5301
2.2453 -31.0458 8.3287
0.1366 -26.4508 44.4608
0.0691 -24.4731 43.8284
2.2354 -30.2382 5.7728
2.3129 -28.7467 10.0023
0.1525 -21.9952 43.8067
2.2567 -30.6592 11.3639
-0.4961 -50.6034 8.8811
2.2429 -32.7650 12.6696
2.4992 -21.0885 21.5379
2.4555 -21.6051 16.9469
2.5001 -14.8949 29.9551
2.0430 -16.5490 32.4562
2.3681 -20.2296 15.7737
2.4658 -19.5462 14.0835
1.0163 -17.3408 34.0292
2.3722 -18.2259 16.0242
2.4674 -20.5172 20.6463
-0.2051 -46.2346 2.7810
-0.5739 -47.2169 3.9722
2.3300 -28.0451 6.8821
-0.3230 -46.5627 5.0940
2.4249 -17.7448 19.0820
0.0638 -44.8663 6.4820
-0.6360 -48.3881 5.6944
2.4976 -17.7229 21.0293
-0.7155 -47.7802 5.3761
-0.4024 -48.3619 8.1039
2.3101 -26.5217 7.5125
-0.0745 -46.3306 7.6228
2.1962 -27.3598 7.4967
0.9350 -28.7463 25.0727
0.1636 -43.7479 4.8801
2.2994 -27.7544 9.9344
2.1962 -29.2912 10.6188
2.1342 -12.9787 33.9532
2.4680 -16.8437 25.4917
0.0845 -44.4152 10.1282
0.2543 -43.8601 8.5581
0.6438 -15.3462 40.0170
0.7046 -18.3050 35.2351
-0.2580 -57.3005 8.1669
0.8300 -15.1637 35.5688
0.3811 -57.0024 10.8320
-0.4437 -56.6359 9.8693
-0.6605 -56.4016 9.4080
0.7229 -13.8705 36.6236
1.3105 -14.0720 34.9421
0.7382 -12.0171 38.5049
-0.6484 -55.5051 10.2538
-0.6028 -53.8187 9.8848
-0.6842 -54.5384 11.4985
0.5177 -56.7937 12.6581
1.0545 -11.4187 36.2966
-0.4949 -55.9206 12.1933
-0.1511 -56.1957 13.9955
0.9230 -56.2955 15.9066
-0.8509 -54.9701 13.8818
3.7395 -24.6959 41.3118
-0.5678 -55.5449 15.3902
3.7815 -20.5901 39.6896
3.8554 -19.0065 39.0315
3.7641 -20.0068 41.3106
3.6451 -19.8764 39.9607
3.8159 -18.4441 41.4448
-0.4194 -51.9750 10.6324
0.4679 -18.7667 41.2328
2.4813 -13.8187 18.4300
-0.2624 -49.5771 10.0750
-0.5485 -52.0975 12.6296
0.3618 -40.6737 11.3448
-0.7461 -54.7394 16.9343
0.0975 -43.6518 14.7779
0.2450 -41.6355 14.3634
-0.8037 -53.9023 16.0909
-0.0027 -41.9658 15.8507
-0.6495 -52.4147 17.0204
0.1611 -40.4417 16.6036
-0.0073 -43.3341 16.9228
0.0579 -41.8857 18.3233
2.4441 -13.1973 21.0882
0.4480 -39.1110 15.4334
-0.3698 -50.7929 13.9097
-0.4035 -51.1744 16.6816
3.8924 -5.4298 44.7847
1.4749 -55.7341 18.6398
0.3649 -40.0240 18.3237
1.5362 -34.8204 12.9478
3.6666 -12.4548 51.7546
-0.3729 -54.7301 18.4276
0.6183 -37.5135 13.2485
0.7499 -36.2982 13.0111
0.4998 -36.9252 13.7231
2.3444 -12.4547 16.8781
1.0346 -35.0010 14.6306
0.6508 -35.9273 15.1021
0.3494 -53.9465 21.5442
0.5087 -37.5266 16.2342
0.6935 -36.6057 14.7998
-0.7078 -53.1287 20.6400
1.9869 -55.0958 20.8064
1.5093 -54.1301 22.7303
0.2821 -19.3297 42.5078
0.4110 -19.8969 43.4910
0.9163 -33.8287 17.9014
2.5451 -53.8139 23.1673
2.8181 -52.3335 23.8411
0.5924 -36.0437 18.6590
0.3404 -21.3234 44.5792
0.2793 -19.9565 44.5667
0.6318 -34.7976 17.8766
2.3046 -54.2881 22.6616
0.1745 -19.4501 46.7103
0.3437 -17.0288 43.2941
2.0287 -53.6769 24.0757
-0.5019 -53.1044 22.1304
0.6131 -10.2140 42.0903
2.4148 -8.9355 17.0718
0.3697 -15.0024 42.5395
0.2814 -17.1990 46.2488
0.3688 -14.7950 45.7055
0.4933 -14.0348 43.5517
-0.4050 -49.5777 11.7814
3.4642 -27.1209 48.4746
3.3057 -27.3709 50.8062
2.1474 -31.3766 49.7467
2.6128 -31.5617 49.7446
-0.4619 -49.8734 14.6790
0.0808 -44.3026 17.9352
0.1177 -43.2965 19.9548
3.0528 -30.1556 50.1762
2.5338 -28.9345 51.1346
2.9281 -29.1265 50.9253
0.1048 -42.9869 21.2879
0.2349 -40.2487 20.2111
-0.1139 -45.3036 22.8062
-0.0285 -42.7462 22.8644
-0.1062 -41.9769 21.9972
3.1286 -27.6962 51.4768
0.0981 -39.9251 22.3776
-0.2817 -29.0533 45.8127
-0.1821 -30.5443 47.3486
-0.4739 -29.2516 46.9719
0.3373 -39.1442 23.9064
0.0344 -41.2559 26.6371
-0.3123 -29.3473 48.0237
-0.1012 -27.0252 45.5066
-0.1460 -47.6869 9.5099
-0.3114 -28.0497 48.1453
0.4877 -37.3176 20.9657
-0.1618 -26.0728 46.1031
-0.0706 -46.2631 12.6026
0.2309 -30.2431 49.2831
1.1867 -29.1476 50.4134
-0.4051 -47.7566 13.5988
-0.0666 -45.8429 14.4329
-0.2967 -47.5022 15.2239
-0.1924 -48.7775 16.7568
-0.3228 -47.9991 17.7117
0.6074 -34.9800 21.2212
0.4050 -37.0616 24.2666
2.4858 -12.6842 27.8881
2.5283 -10.3388 26.1049
-0.2151 -28.1377 49.9752
0.2393 -27.3441 50.7815
0.2858 -37.9515 26.4840
0.3510 -36.0835 25.2741
0.0747 -45.7034 15.7884
-0.1628 -46.6247 16.6137
0.0599 -24.7900 46.5556
-0.1762 -25.5165 48.9033
2.6280 -11.5248 27.9096
0.1772 -23.5355 47.5041
2.1829 -27.0356 52.0488
3.0739 -26.5890 52.2317
2.6488 -26.3173 52.4384
1.0126 -26.7998 51.4949
3.2489 -24.3384 52.8487
1.8285 -24.5493 53.1170
-0.3099 -26.1552 50.1910
-0.1618 -26.7296 50.4778
-0.2313 -50.0188 18.2697
-0.5618 -51.0839 19.3589
-0.0207 -26.4828 51.1705
0.0618 -25.2627 51.5834
0.6218 -23.8407 52.7069
0.1045 -21.9507 52.6943
-0.1065 -22.8648 51.5901
-0.0134 -22.8262 50.1861
1.6799 -32.2171 18.2009
3.0208 -24.8940 53.0126
2.5129 -25.0558 53.0870
0.0815 -52.1815 25.1126
2.2874 -31.2949 16.7648
-0.0290 -44.6180 28.9036
2.2167 -29.7444 12.9249
2.3797 -29.7712 12.0337
-0.1856 -43.1838 28.2376
2.3164 -29.1358 14.7541
3.3757 -17.1309 55.1601
2.2396 -28.7679 12.6021
-0.1823 -41.8801 29.9738
0.1273 -40.3388 28.0978
-0.3163 -49.5100 19.8166
-0.3444 -43.5721 31.0216
-0.3197 -47.9112 19.7371
-0.4726 -47.1969 19.0825
-0.5519 -44.1856 31.8901
-0.2153 -48.6732 20.3551
-0.5517 -43.9679 33.4520
-0.0817 -41.5938 32.2049
-0.3618 -48.5996 21.1275
-0.2504 -41.0436 31.5153
-0.2099 -42.2389 33.6163
0.3377 -38.1877 28.0602
-0.2510 -40.1087 30.2200
0.0198 -38.8537 29.4645
-0.2662 -45.7809 18.7129
-0.3996 -46.4647 20.2212
-0.4612 -47.5277 20.5479
0.2594 -21.2605 46.5469
2.1638 -30.6509 19.0895
-0.3318 -45.3346 20.4446
-0.2157 -45.4954 21.6224
-0.4823 -47.0485 21.2916
-0.2728 -47.1871 21.9590
-0.0288 -39.1264 31.4767
-0.1544 -40.1694 35.5680
-0.0614 -39.0536 33.3960
0.2445 -19.9473 49.0591
0.5931 -21.7303 53.3616
0.0486 -19.2137 50.6248
2.8910 -46.3752 35.3919
2.6886 -45.0211 37.6708
2.4644 -52.4586 26.4677
0.6326 -33.6847 20.4558
0.7322 -34.6186 20.2054
2.1137 -45.3471 37.4998
1.7378 -52.3707 26.6091
0.7779 -32.3158 21.5767
0.7210 -33.7437 22.0772
0.2237 -16.4834 49.7300
3.5081 -35.3381 33.5829
0.1411 -14.8834 48.8811
2.6028 -50.9277 28.9706
3.0144 -42.6487 39.6166
2.4570 -43.6073 39.5549
-0.1088 -17.1487 53.1023
-0.0186 -18.0465 53.7826
0.0037 -14.9531 51.0535
0.0277 -14.9856 54.1948
2.9108 -23.5979 53.7181
2.4963 -23.4010 53.9244
-0.5899 -45.7779 34.2826
-0.3192 -45.3427 35.1374
3.2485 -22.0979 54.0149
0.4965 -35.4156 25.6117
0.5877 -33.9632 23.8178
2.8379 -22.1956 54.5115
0.9894 -44.8232 37.2539
0.1660 -45.0873 36.1555
0.4156 -34.1707 24.9706
3.1461 -19.2674 55.3378
0.0890 -43.6246 37.8339
1.2121 -20.8152 54.2757
-0.4188 -44.8573 34.6296
2.2967 -20.7511 54.9322
-0.4525 -44.0506 35.1464
2.8756 -20.4073 55.1731
-0.4746 -44.0798 36.0922
-0.4182 -42.4866 34.8411
-0.3901 -42.4724 36.9751
-0.3859 -40.6299 37.0558
-0.3127 -43.3756 37.4943
0.8789 -44.1584 38.1758
1.9803 -43.3350 39.7919
1.0221 -42.7628 39.6650
2.2984 -29.3114 20.4838
1.9151 -30.0870 20.9864
0.9772 -31.0914 22.1869
-0.4566 -42.4461 38.1668
0.0922 -42.6946 39.1076
2.5449 -17.3204 56.2857
1.5716 -29.1902 22.6119
1.8552 -17.2779 55.8918
2.9467 -16.8877 56.4519
0.2945 -18.4927 54.4063
0.6821 -16.6358 55.5043
0.1378 -16.4252 55.0391
-0.3739 -39.2445 38.5601
0.5673 -32.2729 24.3420
0.7354 -30.4285 23.8793
1.2379 -29.0263 23.3672
-0.2991 -42.0880 39.2213
0.7677 -31.0703 25.4833
-0.4453 -41.2142 38.8600
-0.1730 -39.9624 40.2405
1.1741 4.1555 -58.6298
1.4338 6.8756 -57.7309
0.8734 4.4104 -58.8397
0.3941 5.4237 -58.4434
1.1598 5.2817 -58.6358
3.1525 15.0599 -25.8106
3.1365 11.7053 -27.5761
2.9321 11.3088 -30.7953
1.5786 5.7696 -14.7907
1.6061 4.5264 -17.0240
1.7371 4.0974 -15.6542
1.7704 5.1028 -13.5636
1.3333 6.4112 -58.2777
0.8055 5.9900 -58.7066
1.0803 6.9397 -58.5558
1.6413 4.5350 -11.7077
1.7357 1.2786 -12.3433
1.7756 4.1384 -11.2118
0.5996 7.0756 -58.5352
-0.2524 8.9510 -57.6600
1.7199 13.2682 -53.3274
1.2995 9.8782 -57.7974
0.9093 8.1589 -58.4540
2.5059 17.2351 -40.4051
2.9898 8.6951 -31.9832
2.5212 11.5640 -41.1995
0.9090 9.9414 -58.0791
2.9525 11.2852 -32.3049
3.4583 5.2636 -19.2210
3.7532 3.5719 -6.4582
3.6818 2.6152 -7.7276
1.4315 7.0454 -22.9499
1.4878 5.1653 -22.8871
1.2492 5.8797 -22.1254
1.2599 5.1488 -21.2324
1.8020 2.6658 -10.6886
1.4977 4.2307 -20.7451
1.2217 5.3016 -20.2351
1.4057 5.5639 -19.4253
1.6739 5.3640 -9.1546
1.6520 1.4653 -10.1924
1.3927 1.6104 -7.9091
1.2699 3.4300 -7.2173
1.6278 1.9942 -8.5236
3.5977 9.5763 -12.9066
3.6694 10.1584 -8.8517
1.6105 4.4474 -18.8725
1.5262 6.6598 -18.1504
1.7241 5.6757 -17.1470
1.4288 6.9435 -19.2551
1.6745 7.6270 -17.2849
3.5650 13.4185 -14.5730
3.4892 10.0583 -15.3418
1.6098 2.2045 -18.1501
2.3030 4.9167 -44.9228
1.3829 1.3498 -31.0247
1.7124 6.5558 -15.9837
1.2249 2.2150 -31.6445
1.5044 2.0053 -28.7963
2.3438 8.8735 -44.5485
1.5063 -0.5509 -25.6761
1.6733 0.2398 -24.4707
3.8838 0.2256 0.4867
1.5444 14.9923 -55.9563
1.4113 2.3301 -27.9347
1.5293 3.7297 -25.6506
1.5039 2.0479 -24.2459
1.6989 -1.6866 -15.5440
1.7076 0.6981 -14.1100
1.3696 4.1587 -31.2886
1.1832 6.1520 -31.2872
1.2852 4.8404 -30.3494
1.4478 4.6992 -27.9490
3.5213 12.6273 -12.8179
1.3931 5.8992 -29.7657
1.3130 5.9266 -28.7073
1.6301 0.7790 -15.9543
1.8064 1.9677 -16.7763
1.5778 5.0871 -23.9826
1.6438 -0.0474 -8.4723
-0.4960 3.4210 -38.5093
1.6199 0.1946 -21.8512
1.0735 1.7652 -36.0696
0.4294 3.1254 -37.4036
0.8909 1.2978 -36.8671
0.9023 5.8101 -36.3289
1.6089 -1.5579 -19.2605
1.7614 -0.9404 -17.8304
1.7556 0.1366 -19.0280
1.5436 0.4683 -20.1854
1.6781 -3.7909 -7.4037
1.1244 9.1531 -33.0053
1.4399 -5.3315 -5.7746
-0.0113 -3.9345 -5.7220
0.4053 -5.1805 -4.9753
1.3723 -2.9677 -7.2681
0.2641 -2.8355 -6.5353
-1.1932 -4.3099 -4.2960
1.3215 -0.7665 -7.8677
0.1368 -1.1606 -6.9812
0.0797 6.6171 -37.2975
1.6251 2.3828 -20.3493
-0.8164 -5.3128 -3.5709
1.0334 11.6828 -34.5953
-0.8903 -5.7607 -2.2361
-1.6620 -5.1663 -2.1532
-0.0162 0.6967 -6.9484
0.6167 2.2417 -7.1390
1.3518 10.6972 -29.5577
1.3922 8.2636 -28.4980
1.9712 -5.7618 19.4899
2.3634 -4.4403 21.1451
2.3370 -4.8577 17.7363
2.2757 -4.5430 12.9045
2.3746 -1.6195 16.4994
2.2162 -0.4383 15.8694
2.3239 -5.4518 16.1870
2.3369 -1.2875 18.7407
2.4331 -2.2981 22.8256
1.8832 -6.2687 20.4577
2.2069 -5.7844 20.9141
2.0984 -6.9477 21.1201
3.9261 -5.9242 6.1386
2.2663 -6.9942 21.8505
2.2673 -6.4430 22.4538
2.4570 -4.6350 23.4958
2.4720 -5.8775 22.9380
2.5313 -6.0932 23.6386
3.3991 -13.0083 55.7213
3.4666 -10.3972 55.3074
1.7931 -7.1854 2.6139
0.4828 -6.9098 0.9996
1.1241 -6.8378 2.0171
0.9915 -6.7150 2.4933
-0.9918 -6.0161 0.1290
0.1128 -6.4425 1.1324
4.0867 -2.9813 30.6343
0.2337 -11.9877 47.0541
-0.0259 -6.0223 1.6497
0.8723 -6.0957 3.2694
0.2128 -5.4118 2.6314
-0.6124 -6.2301 1.2989
-0.7016 -5.4493 1.6615
-1.3781 -5.8320 0.4423
-0.9897 -5.6912 1.0740
-0.0735 -4.6863 2.1555
-0.0182 -12.5996 49.6484
-1.0955 -4.3792 2.0919
0.1671 -12.0492 50.4011
0.4097 -3.9212 2.6466
0.0987 -2.3595 0.7085
-0.5461 -4.2801 2.1236
-0.5331 -1.3260 -0.2259
0.3208 -4.5764 3.9297
0.3275 -2.7335 2.4921
0.2959 -0.9878 -0.0382
1.5593 -6.3310 3.7746
1.8218 -6.6474 4.1573
0.0256 -9.1067 49.5682
1.9156 -5.3469 5.9214
1.1157 -5.2438 4.9007
0.2183 -13.0366 51.1171
1.9962 -5.0595 7.2870
0.0175 -13.3242 52.2339
-0.1289 -11.9511 53.3888
1.4028 -4.4220 5.8554
1.8455 -3.9238 6.7302
1.9920 -3.5051 7.4798
0.4320 -4.9959 4.2080
-0.1211 -10.5008 51.4617
0.6308 -4.1591 5.3827
4.0965 4.0323 20.0513
0.3343 -3.6549 4.4662
2.4934 -10.6553 30.4415
0.0217 -1.0412 2.0050
-0.1270 -10.3035 55.5937
0.2873 -3.5138 5.1950
0.7909 -3.6803 6.0242
2.4337 -10.7223 33.8981
2.1785 -9.1636 35.1829
2.4195 -7.1156 31.2047
2.4350 -9.3803 22.1986
0.3763 -8.3523 46.9341
2.5411 -8.2200 27.3880
2.4403 -6.5573 24.4571
1.5587 -9.4158 36.1536
1.2616 -6.9692 37.0048
0.8058 -7.9638 37.7471
2.4643 -10.3724 28.8862
-0.3178 -1.1959 3.0273
0.0020 -2.5727 4.9454
1.4101 -2.4744 6.9369
2.5046 -9.1159 29.4937
1.8467 -1.4839 7.7467
2.4383 -4.8018 31.4747
2.4617 -2.5423 33.3405
0.2381 -2.7653 5.9097
0.2451 -1.9298 6.3410
2.3502 -3.2834 35.3657
3.1525 -15.9571 56.5079
1.1097 -0.7758 7.2607
2.8667 -15.3868 56.6844
3.3288 -14.8172 56.2835
1.7594 0.4598 7.8939
3.0579 -13.3727 57.0244
2.4235 -6.2835 26.8845
0.9948 -14.3209 56.3303
4.2776 -8.0533 10.9369
2.5143 -4.4904 26.7982
0.3297 -12.4284 56.1717
2.0149 -5.3338 36.1407
2.2552 -15.0136 56.6962
2.7343 -13.8467 57.1546
1.8339 -13.4275 57.0010
2.1373 -12.7512 57.1591
0.1729 -14.0442 55.4087
4.0732 -6.6975 11.6964
2.5433 -5.8050 27.9608
2.5809 -4.2233 27.9362
4.1029 -7.7007 13.5718
0.9145 -12.0786 56.8362
2.4942 -6.7615 29.5939
3.1189 -11.2413 56.9095
2.7627 -12.0014 57.2516
0.6184 -1.8158 39.6727
2.3239 -11.6293 57.2235
2.5078 -10.5498 57.4946
1.4255 -10.5076 57.3706
3.1934 -9.6287 57.1618
2.4139 -4.6609 28.6882
3.4197 -7.1900 56.9567
2.4565 -3.6319 28.6108
2.9024 -9.7800 57.7694
0.8022 -3.1825 38.2176
2.3909 -9.6554 57.9074
3.1737 -7.7598 57.9921
2.8028 -8.2419 58.1986
0.5843 -10.1759 57.0442
0.1798 -9.0245 56.7953
1.1600 -8.0386 57.7294
1.9276 -8.8582 57.9179
2.2605 -7.0139 13.1615
2.3419 1.8832 15.2632
2.3114 -8.6669 15.5068
2.3635 1.2349 17.7147
2.2106 0.1431 19.6981
2.3339 0.6913 20.7910
3.5088 1.6742 57.0126
2.1281 4.4121 15.7331
2.2892 3.9446 18.0770
2.1927 -1.5466 10.9417
2.3956 2.0407 20.3390
0.4206 -10.8343 44.7493
2.0363 -0.1411 8.7206
2.1171 1.1355 10.9782
2.3906 2.2150 22.4766
2.4628 1.0091 24.9275
2.4493 -7.8145 58.4778
2.8717 -6.2098 58.5389
1.8730 -6.5585 58.4150
2.2467 3.3838 20.5340
0.6117 -4.4346 41.8576
2.6482 -4.7213 58.6481
3.2737 -3.6353 58.6828
3.4277 -2.8863 58.2894
1.8550 -4.4636 58.3691
2.9811 -2.0986 58.8414
2.0665 -2.4651 58.5725
3.4627 -0.6176 58.1193
3.2721 0.4482 58.6267
2.6995 0.0866 58.6459
2.3659 3.2855 24.8951
0.7889 1.0089 7.1311
1.8858 2.1914 7.9770
1.6992 2.7919 7.4274
1.9321 4.0895 7.6165
1.9884 6.7938 7.8950
2.3898 -1.4063 30.7857
2.4722 -2.2905 26.4004
2.4570 -0.3361 27.6775
2.3391 -0.4082 25.5022
1.3946 -2.7416 37.3098
2.0811 -0.3807 36.3386
1.6056 1.7412 37.0655
2.5335 -2.3317 29.7874
3.7269 12.9202 49.1428
2.3775 2.1069 33.8063
2.3791 0.7818 31.7865
2.2300 0.7028 13.4316
2.1513 5.3395 10.1724
2.3384 1.8696 25.5078
2.4210 3.3702 26.9243
2.1164 3.3021 12.3816
2.4405 3.4815 29.7513
4.0096 11.2959 33.8920
2.2404 6.1180 12.7441
2.2085 -7.5225 17.6346
2.2417 -8.5783 18.5614
2.1039 -8.6496 19.2787
1.8453 -7.5607 18.9281
2.1017 -6.7719 18.3213
2.0198 -6.1425 18.6971
2.2889 -9.7876 20.0778
2.0829 -8.7741 20.4119
2.2603 -8.7759 21.8106
1.6429 -8.2146 19.5672
1.6242 -8.5410 20.3182
2.2453 -8.0867 21.1582
1.5130 -7.0035 19.5279
1.5522 -7.0426 20.2515
1.8148 -7.9012 20.3299
-2.0392 2.2802 -57.0656
-1.8231 2.6504 -57.4262
-1.9691 4.5638 -54.9810
-2.1238 6.5310 -56.2552
-1.9571 2.7233 -54.3624
-1.5573 2.8126 -53.0851
-1.6268 2.6962 -51.9008
1.3717 35.5908 -46.6069
1.5819 34.5914 -47.2235
0.8770 33.9163 -47.7686
-0.2545 34.0278 -47.0559
1.1176 36.3133 -46.0067
1.7608 34.7204 -46.6419
-2.0147 6.1368 -56.8787
1.8427 36.9536 -44.6080
1.8932 33.2098 -44.7027
1.7326 36.8189 -45.3004
-1.5511 6.6700 -57.3527
2.1621 36.4100 -38.8587
0.7867 38.4243 -44.0185
1.5063 37.6725 -44.9434
1.7705 38.4680 -43.8396
1.2531 38.2975 -44.3841
1.7417 28.2544 -2.1608
1.7625 27.4703 -4.1794
1.7465 25.8648 -0.7389
1.1830 11.6329 -30.0299
-1.6634 9.6031 -56.8549
0.7536 11.1701 -57.6738
1.5685 39.4966 -43.2793
1.8329 29.2027 4.1953
2.1344 38.8524 -37.4884
1.8512 40.9919 -41.2254
1.7505 29.3261 -0.3725
-1.1191 35.5132 -45.4475
1.6808 30.4682 -2.6733
-2.0533 11.8450 -55.9506
1.4867 10.4378 -26.8604
1.5128 30.9798 -2.2241
-0.2259 39.4719 -42.4430
-1.2330 13.1238 -56.3294
1.6166 31.1879 0.5686
-2.2109 11.9017 -55.0312
-1.7644 36.3186 -44.2525
1.4942 10.1979 -23.6116
1.4905 10.0932 -21.9494
-1.7336 3.4281 -53.0059
-1.6583 3.7655 -51.7319
-1.6512 39.2391 -41.6953
-1.9971 39.0001 -41.2707
-2.0727 35.8309 -43.6979
-1.6359 5.0243 -53.0266
1.3943 12.8956 -25.7114
1.3619 40.4672 -42.4610
1.5408 41.8761 -40.8196
0.9184 41.4715 -41.1421
1.9333 27.0006 5.9387
1.4100 14.4452 -27.7472
1.8084 30.3971 2.4286
1.3743 16.3094 -25.8846
1.3787 15.1184 -23.6766
-1.4687 4.5823 -50.2839
1.1104 17.4714 -29.9683
-1.5594 8.4819 -50.0043
1.4986 33.3890 -3.2216
2.5477 32.7190 -33.6591
2.1682 28.3161 -43.1661
0.7024 5.6320 -21.1594
0.8853 6.5120 -21.8838
0.4951 6.5922 -21.3111
1.0920 7.5725 -21.7199
0.6854 7.2809 -21.3041
0.7564 5.5279 -20.4125
0.5023 6.5023 -20.7015
0.8270 5.9812 -20.1133
1.0673 6.8044 -19.8196
2.3256 37.1696 -33.9001
2.2871 37.0508 -36.6783
0.7004 7.2423 -20.3954
1.3810 8.1303 -22.1212
1.3000 8.3764 -20.6537
1.9527 41.3446 -39.9133
1.0915 7.7374 -20.0340
1.4956 8.6239 -19.0576
2.0916 41.6567 -36.1431
-1.1916 11.1442 -45.5107
2.1276 38.1202 -35.3012
1.5944 7.1858 -15.7891
1.7323 30.7249 6.8829
1.6730 9.2188 -14.5803
2.3927 38.6971 -32.3653
1.6132 10.8365 -19.8294
2.5242 33.8059 -32.1267
2.6054 32.0649 -30.5190
1.5643 13.7568 -20.3545
2.8317 29.9876 -27.7625
1.5248 12.6949 -19.3226
1.6697 10.9762 -18.2144
2.5453 35.9708 -31.1981
1.5494 11.8686 -17.3052
1.3224 13.0480 -57.2256
0.1016 13.4726 -56.8021
0.9084 13.5020 -57.3038
1.6941 14.0580 -15.3508
1.6089 12.5655 -14.5021
2.7325 35.5280 -26.0251
0.5737 13.9102 -57.0033
3.0891 28.6342 -20.6874
1.2389 14.5575 -56.8914
-1.8702 -2.7695 -4.7407
1.4181 16.2712 -56.1600
0.6066 16.4065 -56.2390
-1.7021 -1.6925 -5.3659
1.0423 15.6815 -56.6669
2.3063 37.7862 -31.9829
2.4761 37.0629 -28.8413
-2.0068 -0.5674 -5.3878
2.5937 38.3489 -27.5480
-2.0630 -4.2775 -3.1582
-1.8488 16.1378 -55.0122
-0.5989 18.1903 -55.0932
-2.7980 -3.1369 -3.3378
2.6073 41.0815 -24.5657
-3.2178 -3.6426 -1.8523
-1.9228 -5.3466 -0.7768
1.1926 17.8025 -55.9553
-2.6501 -4.5243 -1.4654
-3.0206 -4.3803 -0.6823
1.5022 18.7323 -55.1453
3.3341 33.7231 -6.2020
3.0352 44.5403 2.2378
3.5375 32.0742 6.4828
1.7171 22.8406 -51.3194
-3.5671 -3.5052 -0.4231
-3.1027 -1.4135 -3.9929
-3.5905 -2.1666 -2.8548
0.8029 18.4792 -55.7607
-3.8357 -0.5355 -3.0839
0.7746 20.5290 -54.9781
-4.1744 -1.0827 -2.1543
-4.0159 -2.2494 -1.3982
-2.0705 15.4431 -54.7332
-2.0878 13.3447 -53.7746
-2.0895 21.0197 -52.0917
1.2674 34.8372 -8.5658
1.0500 35.8699 -7.3223
0.8610 35.6213 -10.5116
0.3004 36.4661 -9.5497
0.5657 35.5619 -11.1369
-1.5929 19.6176 -54.1181
-0.6910 1.6952 -6.3188
0.7902 36.8206 -3.3471
0.5532 2.6857 -6.6148
-0.0289 2.3078 -6.4235
0.2120 37.0764 -6.8443
0.5052 2.8011 -6.0389
0.0975 2.2646 -5.2957
-1.2017 22.0434 -53.3633
-1.9305 38.9141 -38.0802
-2.0298 21.1715 -52.8211
-0.9774 2.2610 -5.4011
-0.4478 2.1869 -5.1717
-1.4232 2.0306 -5.5381
-2.0754 41.1576 -37.9101
0.0857 0.4735 -2.2541
0.5078 2.6629 -5.1788
-0.5038 1.2918 -3.3946
0.3549 2.2326 -2.8920
-1.6251 34.9159 -40.1335
-1.6441 38.1281 -37.1906
-1.1066 2.1013 -4.5411
-1.0601 1.7247 -3.0119
-0.8158 0.6175 -1.6998
-1.6184 34.4428 -38.6621
-1.4881 35.1942 -37.7100
-1.3198 2.1077 -3.5206
-2.7952 0.3922 -4.5933
-1.5649 33.6336 -37.8552
-1.6181 35.9741 -37.0357
-1.4450 35.6183 -35.2882
-2.1462 10.2005 -54.2003
-2.0591 1.6786 -5.1283
-1.7506 11.6596 -50.9045
-1.7144 14.6961 -51.1537
-2.0783 2.0756 -4.5524
1.3901 35.9690 -1.9593
-1.8715 2.1969 -3.9294
-2.9601 1.6884 -4.0081
-2.8479 2.2494 -3.4560
-3.6112 0.6246 -3.5591
-1.6438 13.8478 -49.4508
-1.1741 2.2745 -2.0964
-1.0806 1.2054 -0.8401
-1.7496 2.5210 -3.3224
-1.3180 2.9959 -2.6056
-2.6684 2.9543 -2.8867
-4.2356 -0.6761 -1.2339
-4.2198 -1.8866 -0.0126
-3.9724 0.9722 -2.6305
-4.3253 0.6424 -1.2963
-1.1518 42.4953 -38.6917
-4.1089 1.8650 -1.5265
-0.3476 37.1106 -10.8823
-0.2640 37.9846 -7.7554
-4.2489 0.6094 0.6155
-3.5102 2.4517 -2.4855
-0.3855 41.5003 -0.3529
-0.7142 43.1164 -9.1675
-3.8707 3.1141 -0.7736
-0.2020 38.3337 -3.2346
0.2032 43.4603 -38.3988
-4.0779 2.3038 0.2256
-1.7187 43.1578 -37.4668
1.7038 9.7706 -11.0471
1.8371 10.0834 -8.4371
-1.6264 38.6704 -33.8310
1.6833 8.9222 -7.1855
1.5961 5.7257 -6.8064
-1.6456 41.9720 -32.2217
0.0857 37.7340 -2.9212
-2.0254 42.4346 -37.5042
2.1901 19.8039 -45.9200
1.7181 13.2015 -11.7325
-0.8309 33.1740 -27.1120
-1.3010 38.6396 -28.7628
-1.8551 17.0096 -51.5305
-1.6697 16.6999 -49.2672
0.9845 3.8798 -6.4314
0.7277 3.6361 -5.8945
-1.8707 20.6696 -50.1366
0.8152 4.9290 -5.5123
0.5805 4.1353 -4.6983
-1.6005 18.4755 -49.6425
2.5241 51.6274 -10.3320
1.3930 5.7352 -5.7458
-1.1846 19.2725 -42.7403
1.6266 7.1442 -4.9799
1.1691 6.5199 -4.4708
0.6715 5.8359 -4.5001
0.3080 4.9840 -3.6021
-0.1266 3.8596 -2.2674
0.3153 6.4452 -3.4424
0.1833 5.8839 -3.5162
-1.6296 18.9784 -47.7017
-0.2827 5.4190 -3.0344
-1.5488 41.3371 -29.2828
-0.6980 5.8730 -2.7717
-1.6170 41.5381 -31.4210
-1.7136 3.4209 -2.6806
-1.4211 3.8394 -2.4327
-0.7282 2.5884 -1.2741
-1.0439 4.9917 -2.6948
-0.7680 4.0019 -2.2623
-2.2195 3.6495 -2.5885
-2.3277 4.3769 -2.2908
-1.8878 4.5484 -2.4972
0.6323 7.0601 -2.5335
-0.1451 6.8307 -1.3989
-1.5434 5.4789 -2.2087
-1.7501 5.4586 -1.3820
-2.1960 5.2975 0.3497
-2.5073 4.6813 -0.7245
-0.9317 6.4106 -0.3742
-1.0938 6.1797 1.1228
-0.7420 8.4094 -40.7357
1.7776 10.1094 -4.2145
1.4560 7.7292 -2.8821
1.1132 36.5734 2.1152
1.7536 43.1993 -39.1861
1.2820 43.4424 -39.1647
1.5512 35.3100 5.4317
0.1322 37.8293 1.5424
1.9466 43.7973 -37.8870
1.6494 8.7371 -2.5242
-0.1223 38.4291 6.4543
1.1350 44.5544 -37.8388
2.0750 45.5042 -32.5081
1.6794 9.8114 -2.1202
1.7074 44.5086 -37.7823
1.4047 8.0354 -0.8052
0.7733 7.6003 0.2897
-0.8132 16.0659 -39.9066
1.7192 8.6454 0.8838
1.8877 11.1569 0.9492
1.3510 7.8927 1.2298
-0.1863 6.7247 1.8875
1.1587 36.2951 5.4431
1.1581 45.9333 -36.1255
0.5821 37.0701 4.7105
0.8148 36.2966 8.0149
-3.0750 3.9820 -1.5698
0.0120 37.7063 5.4560
1.9247 45.5521 -35.9604
-3.0873 4.2823 0.6581
1.5848 45.8421 -36.2696
-3.5605 3.4941 1.0292
-0.0913 47.1981 -33.6050
1.8732 46.6489 -34.8260
2.0280 46.5256 -33.7402
1.5995 47.4375 -34.3012
-0.3672 9.5623 -37.2487
-0.5810 10.8787 -37.8200
1.9359 48.2878 -32.4822
1.3618 48.2588 -33.1245
1.6451 49.0754 -31.8915
1.2194 17.6836 -26.5122
1.2014 49.3091 -31.4287
-2.0666 46.6469 -31.5022
-1.8328 46.3398 -33.2991
-2.0347 47.2968 -28.6536
-1.2574 45.9644 -34.5113
-1.2931 48.4234 -31.0580
3.3760 16.7707 -19.2351
3.2167 18.6066 -22.2088
-0.5210 44.6766 7.2757
-0.8100 47.0048 -2.2706
1.5070 17.2077 -21.9485
2.2853 17.6449 -43.7977
2.1466 47.8483 -29.3680
1.0613 23.6839 -26.7912
1.2067 23.4429 -23.4392
1.3877 20.4800 -23.3537
0.0020 49.3128 -30.5898
-0.6369 20.2014 -34.9843
2.8906 24.0626 -29.1088
2.3784 50.4468 -18.1028
1.3320 18.8707 -22.0642
0.5765 10.5885 -35.8265
3.3784 19.5611 -18.0638
1.3206 22.3089 -21.2811
-1.7106 47.2411 -24.8237
-1.5759 44.3089 -26.4959
-1.2308 44.1254 -19.0562
1.4119 18.6857 -20.0725
-0.4651 12.5995 -36.4745
0.0359 12.7989 -35.8165
2.1043 54.1765 -20.6298
2.1244 51.4834 -24.7251
2.0761 52.1094 -25.5229
1.9888 52.9358 -24.5405
2.2363 54.1883 -17.7501
-1.7143 49.9237 -28.0219
0.8064 15.7329 -33.7270
-1.9491 49.4876 -28.0811
1.5334 17.2006 -17.6016
-1.8093 51.3609 -18.6663
-1.9908 51.2819 -23.5496
-0.4581 13.4609 -36.6223
-0.3743 15.6895 -35.2419
-0.0307 16.4822 -34.4531
3.4980 18.5861 -13.7204
3.5452 14.1308 -13.6751
1.5977 16.3562 -14.4992
-1.4776 51.1136 -14.2923
1.9216 49.8169 -30.3992
2.0236 50.3628 -28.8674
1.6287 50.4107 -29.8012
1.3487 51.3339 -28.1613
1.8597 51.2864 -28.0302
1.8637 53.9857 -22.3549
1.7099 17.0743 -12.8706
1.2363 53.6584 -23.3117
1.6100 54.6726 -21.0219
3.3238 18.4236 -20.2095
3.2605 18.0999 -19.0278
0.6097 52.9748 -24.2174
0.4889 54.2942 -20.9804
1.9258 55.5686 -18.2642
1.0332 16.9690 -32.5154
1.7499 52.2996 -26.4096
1.2855 55.4062 -18.6828
-1.4787 51.7981 -24.8441
-1.2426 53.2290 -21.8624
1.3536 20.1434 -55.0488
1.4686 21.7114 -54.2752
-1.8065 52.1933 -23.0800
1.2472 21.5534 -54.6667
1.4849 20.8986 -15.8887
1.4506 23.3855 -53.4331
-0.3377 55.3497 -16.7528
0.9701 22.4688 -54.3132
0.4602 23.0307 -53.7932
-1.5110 55.0046 -15.6312
-1.7711 54.4074 -16.3887
-0.3883 51.2669 -26.8807
1.2733 23.2742 -53.9341
1.4859 24.3660 -52.5794
0.9335 24.0681 -53.5762
1.4749 21.7456 -19.5683
1.2543 25.0726 -52.9825
1.5758 26.0743 -52.1471
1.2131 52.4519 -26.0008
-1.7418 23.4619 -52.3404
0.4244 24.8929 -52.8753
0.8350 25.4338 -52.9109
-1.7734 54.2774 -11.6825
-0.7879 25.3379 -52.0614
1.2369 26.7801 -52.2408
0.8081 27.0622 -51.9761
1.5929 53.2812 -24.3989
1.5983 19.2772 -12.5178
1.7085 27.5392 -50.9218
0.0238 29.4635 -24.1820
0.7866 29.3916 -22.9018
0.2572 31.8790 -20.6405
1.0135 30.8597 -20.3116
0.6322 32.6623 -18.2763
1.7889 28.6628 -48.2829
0.3188 23.4148 -29.6006
0.8719 25.8947 -26.5470
0.1777 26.4705 -27.0715
0.9341 22.0412 -29.5979
-0.4589 24.7040 -29.7389
-0.3923 28.3704 -26.0923
-1.6443 21.9243 -48.3938
-1.6503 21.5689 -46.9736
-0.6037 26.1269 -30.0724
-1.5683 23.2351 -46.1201
-1.3044 22.5617 -42.8819
-1.2342 50.2188 -6.9144
0.3614 29.4570 -50.4014
1.0195 30.6273 -19.8986
1.2268 28.7171 -18.6032
1.1694 30.7473 -18.2592
-1.5692 27.2979 -50.6203
-2.0390 26.9185 -50.1543
1.0431 32.0169 -17.7184
1.2717 32.0336 -14.0622
1.3520 29.2899 -13.6625
-1.8742 27.5066 -46.8359
1.0595 34.0106 -13.1817
-1.4690 53.1286 -7.9995
-2.0855 28.3010 -48.7542
-1.6460 26.1550 -45.6789
1.0799 28.6687 -22.6213
-1.6676 24.3888 -45.2124
-1.5419 27.6186 -42.8176
1.4125 31.0346 -7.2029
1.5479 28.7681 -11.6486
2.1249 56.0119 -16.0010
1.7812 56.2498 -16.3102
1.2884 56.3945 -15.2549
1.5614 27.9555 -51.3769
1.3108 28.7226 -51.1863
2.2179 56.7693 -11.3837
1.6047 29.3802 -50.4751
2.0473 56.9924 -12.7416
1.7007 30.4035 -49.2582
1.0430 30.3353 -50.3045
1.4574 30.8196 -49.9180
1.6856 29.8468 -47.7275
-1.2268 30.5549 -48.9460
-1.7397 29.0575 -49.4896
1.6446 57.2742 -12.0794
2.4185 55.0711 -5.4052
1.9670 57.7395 -9.1804
0.3016 56.8091 -11.8756
3.1235 39.0444 -11.1144
1.3469 32.0675 -49.1137
1.7251 32.0633 -48.5632
1.5874 33.0000 -48.3546
1.7680 33.2992 -47.5291
0.9264 32.2430 -48.9593
1.2446 33.5526 -48.1656
1.5025 57.8421 -8.5729
0.9042 57.7281 -8.4217
-0.3650 57.3986 -6.4269
2.1501 58.0268 -4.8686
1.5340 23.2802 -15.4899
1.7020 58.2216 -5.7883
1.0426 58.3380 -2.7635
1.3100 25.7402 -17.6699
-2.0576 29.6393 -48.5570
-1.8543 31.2662 -47.9903
-2.0586 31.9862 -46.1475
1.4580 25.8965 -16.6753
-1.5908 30.0793 -42.5075
1.5905 26.5318 -8.9347
-1.5998 33.4862 -46.6917
1.6127 25.3777 -13.5036
-1.9952 33.9036 -45.7721
-1.7466 32.0230 -42.9352
1.5309 27.2411 -13.3679
1.4495 26.2213 -13.0973
1.6033 26.7011 -12.0685
-0.6545 27.5546 -30.8819
-0.5231 31.6076 -23.2859
-0.2923 30.7957 -22.9173
3.3474 13.5437 -13.1134
3.5377 13.9032 -12.4169
-0.3921 32.9720 -20.2128
-0.5184 33.9645 -19.5908
-0.0467 32.9381 -19.2582
-1.2271 52.7181 -0.8321
1.6148 16.4924 -11.0049
2.6045 26.4438 -35.6853
1.7670 15.1205 -6.3001
0.4708 34.0195 -15.7621
-0.2717 35.1692 -15.4295
-1.2512 26.7771 -40.5527
-0.4624 36.0494 -15.2926
0.1732 35.1945 -13.7408
-0.7545 22.6838 -36.2537
1.7469 17.3089 -10.1782
-1.0191 27.0181 -36.2842
1.6737 21.7958 -10.1597
1.7196 17.9610 -8.6043
1.6165 19.6040 -8.9395
-0.0927 36.2169 -11.5091
1.7118 17.9469 -6.3182
1.8518 18.1965 -4.3081
1.5211 18.9727 -7.2251
1.3826 19.7676 -7.8483
1.5034 18.8670 -6.2922
1.4937 19.1936 -5.6794
1.6948 19.2131 -4.5498
1.0521 19.5068 -7.0874
0.8743 19.6543 -6.2696
1.8161 13.5079 -4.0701
1.8921 12.7957 -1.0605
-0.9235 48.8038 10.6192
0.8408 18.5316 -32.2373
0.4730 20.0197 -31.8891
1.9043 17.4321 -2.1574
1.0474 19.3245 -31.0032
-1.1399 52.6043 6.5992
1.8192 14.9760 -0.0883
-0.6357 46.2587 13.3229
2.0051 11.8917 2.7585
-0.5128 19.0472 -34.0133
1.8498 16.5296 -0.2388
-0.2822 20.5242 -32.4892
1.9295 58.4223 -2.7027
2.2299 57.9538 -1.2569
-0.5448 57.6949 -2.4480
0.1194 58.0179 0.1319
2.7552 51.5335 18.2783
2.3504 57.2583 5.0868
1.9465 14.2175 0.1187
1.4976 58.5301 -0.1895
1.9374 12.2887 3.9427
2.0955 58.2846 2.0423
2.0565 13.2217 4.4471
1.0932 58.4509 2.9752
2.0665 17.3691 1.0961
2.1199 12.6067 6.3121
1.9433 18.5840 1.2353
1.8850 15.5093 5.0286
3.7905 17.5003 -0.1243
-1.2589 30.6397 -37.3117
2.5503 29.0006 -34.3732
1.6326 58.3908 4.6687
-0.2859 57.6799 3.8752
2.1340 57.9635 6.7987
1.2142 58.0629 7.6605
0.3642 57.5698 8.0783
1.7183 57.7478 9.9469
1.5593 21.8004 -8.3813
1.6138 24.7288 -7.1653
2.1831 56.7438 14.0718
1.1782 57.5011 11.2899
1.7207 23.7320 -6.9784
1.4503 20.4122 -8.2134
0.9055 20.7933 -7.3663
0.7008 19.9332 -7.0729
1.1972 21.3695 -7.3835
0.6269 20.7557 -6.6742
1.3335 21.9681 -6.6553
1.3662 20.3216 -5.4382
0.9650 20.6311 -5.7467
1.6056 19.8418 -5.3025
1.7553 20.7306 -3.7841
1.2484 21.5178 -5.8273
1.6148 22.0912 -5.1324
0.6936 20.7808 -6.1625
-1.6909 55.7354 -8.8316
1.6408 22.5799 -5.9478
-1.5244 56.1536 -9.9321
-1.1590 56.5420 -9.8665
2.6752 28.2244 -31.8808
1.5649 30.2261 -5.7351
-1.3479 56.8754 -6.0292
1.8293 24.2246 -3.1744
-1.5924 55.8689 -1.4261
-1.3257 57.1518 -1.7866
-1.5112 56.6654 0.6023
-0.9672 57.4626 0.2138
2.0253 18.8386 -0.1453
1.8412 19.6612 -0.6903
-1.2963 57.0577 2.5716
-1.3729 55.6786 9.0333
-1.3556 53.8766 11.4075
-0.8734 57.0658 6.5038
-1.6122 31.6911 -40.6655
-1.1356 56.1903 10.4603
1.8122 22.0551 -1.2533
-1.5138 33.0513 -39.6580
1.7660 20.1095 0.5757
1.8872 21.9497 1.3539
1.9499 18.1731 3.6341
1.8923 20.6494 3.3271
1.8973 23.0364 3.8153
1.8773 24.7972 3.6509
2.2945 54.5753 21.3545
2.5188 52.5919 25.2188
2.4965 54.8581 18.5875
0.6741 5.7549 38.0277
-1.9292 -5.1477 -0.1726
2.8221 49.1023 29.4628
-1.7831 -5.0597 1.1095
-2.1247 -4.9443 0.4841
2.1364 53.1018 25.4925
-2.4974 -4.9057 -0.1358
-2.7346 -4.4105 0.0524
-2.7259 -3.9397 1.2224
3.4436 36.6575 12.2596
3.5756 32.2377 14.6367
3.6000 31.6761 12.7509
1.3429 54.0886 23.1975
0.5081 54.5181 20.4662
0.0437 53.4243 22.8244
-1.8064 -4.5595 1.7397
-1.0680 -2.9333 1.6817
1.7261 53.7686 24.3245
-1.5426 -3.1611 2.0191
-2.2779 -3.7193 1.7803
-2.1714 -2.9891 1.9570
0.9954 52.4846 26.1703
-1.9851 -2.0634 2.4667
-3.3219 -3.8799 0.3429
-3.0356 -3.2784 1.4063
1.4370 55.1663 20.7012
-3.9730 -3.0125 0.1783
-4.0592 -2.0536 0.9142
-3.8256 -2.8763 1.1258
-3.2560 -2.3135 1.7538
-4.0432 -1.2929 1.8638
-3.1350 -1.4884 2.3578
3.6057 31.1767 16.2754
-1.0770 -0.8884 0.3218
-1.3101 -0.1162 0.8769
-1.7657 -1.1784 2.8651
-1.2989 -0.5306 2.3639
-2.3454 -1.4420 3.5051
-1.9211 -1.3282 3.7737
-2.7792 -1.3225 3.3248
-3.4241 -0.9373 2.8972
-2.8131 -0.7884 4.0595
-3.6562 -0.3830 3.1178
-2.7645 0.1412 4.2412
0.2594 1.7941 47.9427
-1.6615 2.1517 5.0437
-2.9198 2.6583 3.4585
-2.9589 1.1122 3.9904
3.4967 35.3721 26.3748
-0.7958 -0.7411 2.9594
-0.6105 0.7508 0.7116
-0.6062 -1.5325 4.3006
-0.5683 -1.5812 5.1594
-1.2620 -1.1436 4.1195
-1.5857 -1.0300 4.7839
-0.7549 -1.1112 5.6331
-1.1715 -0.5621 5.6291
-0.8142 0.2241 6.0301
-2.2578 -1.4580 4.2542
-2.0735 -0.8767 4.7884
-4.2720 -0.5324 1.2959
-3.9659 0.1612 2.4866
0.6251 6.1091 40.3009
-4.1396 0.8543 2.1003
-3.7896 2.4845 1.9305
-3.6585 1.4932 2.9479
1.7050 33.5547 11.9677
1.7950 31.0980 12.0271
1.8302 31.4117 16.1199
1.4697 33.6488 13.5443
3.2717 37.0064 40.8871
-2.3638 3.5876 3.9311
1.4922 31.9240 17.8082
-2.4086 4.8484 1.7676
-1.8575 5.5566 2.5196
1.7661 30.6536 19.0971
0.6776 30.8783 21.5095
1.2761 29.3180 22.4403
-1.7108 4.4981 4.1133
0.0229 5.1449 4.8320
-0.8516 5.8578 3.4380
-2.4702 4.4234 3.0955
-0.8935 3.9417 5.1374
0.5654 2.5903 6.6587
1.5247 35.1021 8.9550
0.0922 -2.9811 49.9146
0.6261 4.3325 5.9452
1.5947 4.7481 6.4285
0.9634 35.2856 11.2505
0.0775 37.0219 9.8582
-0.6696 45.2517 26.6683
-0.3846 41.8549 21.1451
-0.4052 36.6216 33.8637
-0.1472 -6.7492 52.6594
0.2853 35.7996 12.3876
-0.0527 35.4995 25.6598
-0.2492 -7.4648 54.9382
0.8196 6.1855 4.3324
1.5092 7.3013 3.4125
0.5915 6.9131 2.8016
1.5556 6.3348 5.1139
1.7930 7.6655 3.9806
1.9365 8.7014 5.5776
0.0177 -6.9310 56.7918
1.8637 6.1816 6.0830
0.9130 33.4186 16.1767
-0.4742 38.4192 35.7173
0.0897 -5.3512 50.5167
-0.0467 -3.7512 52.3004
0.0762 -4.7963 52.7963
0.1036 34.9451 17.2145
-0.2226 -5.1723 54.4724
-0.9356 46.6015 28.6308
-0.1169 -0.9917 54.6352
-0.0543 -5.5559 56.2939
0.0608 -2.7802 56.4725
-3.1894 3.2713 2.4867
-0.0826 39.3398 12.5787
-0.8825 44.4942 34.6016
-1.0510 49.6089 26.2868
0.0407 7.0840 49.6954
0.0785 0.4515 51.6937
-0.0520 0.3383 56.5035
2.1332 9.1005 12.9669
2.2862 5.8883 16.8824
2.1189 5.4250 18.4978
1.8256 6.4934 18.4882
0.5481 -6.9555 57.4710
0.3712 -5.2381 57.1086
0.9400 -4.9549 57.9460
0.4189 -2.6037 57.3287
1.9847 5.7273 19.4518
1.9185 4.9840 21.7067
1.8892 5.6160 20.3080
1.5152 6.1946 19.7702
1.8579 6.2908 20.9953
1.1055 -0.9890 57.9628
2.2311 3.9439 22.4630
0.2419 33.7969 17.8753
2.1445 4.8708 23.0681
1.9100 5.8443 22.0584
2.0743 0.4461 58.3755
3.0869 40.1651 41.2306
2.3914 7.0634 23.7196
2.3186 7.0729 24.6934
0.1311 1.5340 57.2692
2.7472 43.9326 38.8980
2.7953 41.2792 41.9827
0.2686 29.5061 24.9943
2.2673 2.9636 35.7192
2.3088 6.5749 33.8080
2.5385 45.6089 37.4264
2.3178 44.1945 39.5159
2.0888 5.0496 36.0683
0.9814 3.2890 37.7541
1.7239 7.2424 36.2414
2.3018 6.1263 31.4109
2.2355 8.1622 34.8775
1.1709 9.6601 36.4202
-0.7133 40.2749 36.9988
0.5488 11.6342 37.8942
-0.7220 40.3215 39.9672
-0.7088 37.6057 40.1115
2.0387 10.8638 9.3772
1.9977 14.6639 6.8428
2.1515 11.8724 10.8780
-0.6796 46.4402 33.4160
-0.6741 43.5371 37.0023
-0.2935 44.4851 36.7096
1.2289 45.6779 36.9458
-0.0674 47.0417 33.8262
-0.4153 41.3589 39.8966
0.7898 42.2124 40.4457
0.3912 43.6483 38.4605
1.8817 44.9460 38.4703
1.8158 42.9839 40.4955
2.0309 9.8499 35.1078
2.2055 11.2287 33.8445
1.6052 11.9843 34.9883
2.0446 17.0479 6.1692
0.6704 11.8695 36.8015
2.0166 13.8768 10.0661
1.8830 29.0201 20.7536
2.0287 24.7657 22.5686
1.9874 24.7281 25.7763
1.7504 27.4262 23.8254
-0.6117 52.1893 24.3615
0.4054 8.0792 43.5695
0.4403 14.5882 40.6659
0.3925 51.3394 27.6777
0.8196 49.4975 31.1810
1.4931 51.1653 29.2785
-0.8147 49.9463 27.9977
-0.4162 49.2318 30.1190
2.0754 15.3300 9.9246
2.1301 18.5621 29.7827
2.0467 17.8397 7.7717
2.0537 16.9139 10.5338
1.9714 13.7188 12.5687
1.8709 23.1673 27.8964
2.1923 50.7330 30.2107
2.3414 49.7323 31.4702
2.6358 49.6206 30.5494
1.8557 50.1235 31.4817
1.7916 49.0874 32.8906
-0.9185 48.4344 29.8449
1.2610 26.3564 26.1058
2.1519 12.0410 12.7999
1.3125 22.7365 29.3484
0.5752 24.2995 29.3365
2.1619 9.2522 16.1525
2.0658 7.7719 17.7381
2.2938 8.8016 16.5075
2.2576 9.5340 18.4072
2.1113 11.0184 14.6638
2.2247 11.5490 16.3687
2.3278 51.5883 28.2411
2.1500 12.6997 17.4991
2.2138 13.4524 18.1733
1.9788 52.3474 27.4791
1.8257 51.6166 28.7343
1.5803 52.6604 26.7482
3.9224 19.2943 20.5939
2.6158 47.3573 34.4545
1.6614 48.1521 34.2608
0.7905 47.8314 33.7483
1.1532 47.0334 35.1020
2.1061 48.0284 34.7079
2.3438 47.2677 35.2876
1.9143 47.2423 35.6051
2.2741 46.4557 36.8802
1.7347 46.7288 36.3466
2.1708 13.8061 13.8982
2.2479 48.6348 33.6306
0.1440 15.4082 45.4958
-1.2758 52.4063 14.8698
1.0536 19.9678 31.7527
2.2649 13.1952 16.7763
-0.9720 50.2161 15.2522
0.5393 19.5026 33.1680
0.3631 24.2112 30.7164
2.1979 15.7441 13.7767
0.2559 27.4557 31.0012
2.0655 17.2323 13.7472
3.6703 26.7646 40.0100
-1.3463 54.2166 14.1342
3.8525 22.8892 13.3226
1.8206 18.6881 4.7726
1.6554 18.7656 6.3063
-0.7013 56.4545 11.4589
0.4439 56.8946 12.2366
0.3339 56.0289 15.6660
-0.7270 55.6089 15.1555
-1.1145 55.2191 14.5098
-1.4907 54.6754 14.9233
1.9296 18.8723 8.2690
2.1196 19.5659 10.2144
-1.0878 50.6691 18.8803
-1.2416 52.3833 20.5890
-1.3525 52.3346 18.3499
-1.0368 53.7303 20.2358
-0.9934 52.0494 23.2473
-1.3637 53.4197 19.8412
0.9395 16.3097 34.1362
1.6068 19.3478 5.4743
1.5243 19.8996 5.0744
1.7012 19.5777 7.1492
-0.8437 54.6226 19.4152
-0.4730 54.1903 20.0178
-0.4378 54.9277 18.5240
1.7368 21.7135 4.7717
0.3949 20.3792 36.9083
1.4413 20.6014 5.1924
1.2892 21.2273 5.6471
1.0653 19.8021 5.8448
0.9778 20.0341 6.4376
1.3489 20.0041 6.9832
0.9104 20.7303 5.9671
0.9823 20.8607 6.7689
1.3405 21.6476 6.1658
1.3543 21.5451 6.8747
1.6494 20.5683 7.7637
1.7730 21.5750 7.7577
1.9602 20.8469 8.8857
1.7337 22.3990 6.5260
1.9837 23.2555 7.9062
2.0380 21.8874 11.5247
0.0987 21.3633 42.4870
2.0624 22.0001 14.8195
0.4433 27.3256 26.6295
2.1648 18.6612 14.7764
2.0167 17.5343 16.2363
2.2293 15.4602 19.5119
-0.0673 16.9572 48.1008
0.0799 27.3734 37.1023
2.1795 17.8994 18.9203
3.4766 23.0633 51.5450
-0.1648 15.8414 50.9999
2.1849 20.2639 20.4823
1.6947 7.3695 18.9021
1.9711 8.6072 19.2938
1.4824 7.6441 19.4982
1.2937 6.9357 19.7659
1.4006 7.0846 20.2961
2.0396 7.2001 21.5591
1.5856 7.8627 20.2427
1.9162 8.0495 20.7205
-0.1410 19.9098 49.0785
2.1223 8.8288 20.4415
2.2632 10.7683 21.1886
2.2525 7.2006 22.8052
0.1644 5.6252 50.9979
-0.0152 3.9376 53.8916
2.3845 6.6816 26.7020
2.4083 8.7826 27.6526
2.3721 9.8599 24.6024
3.5627 5.2424 56.0255
3.2002 30.5654 49.4505
3.1960 25.1834 52.8820
-0.1678 2.9362 56.4834
3.0930 26.9057 52.4414
2.9919 26.1071 53.0924
3.1494 28.1488 51.5816
2.0437 25.3056 53.1765
2.5299 26.0959 53.0289
2.5025 26.4849 52.6749
1.9827 26.8247 52.3681
-0.0512 4.6322 56.3920
0.3503 2.6592 57.5006
0.1107 4.3957 56.9622
2.7949 27.5558 52.4325
2.4300 28.2695 52.0602
0.5841 5.1677 57.3684
2.9730 29.9746 51.2235
2.7975 29.1486 51.6511
2.8080 29.6044 51.5302
2.9438 28.3905 51.9213
3.0565 30.6051 50.5394
2.1982 12.3548 22.1803
2.2823 14.3441 23.8656
-0.1845 27.2678 42.2321
-0.0011 22.5951 42.3062
3.4121 8.7895 57.6932
-0.1812 6.2626 55.1420
-0.0194 9.8455 51.8585
-0.2122 11.0465 53.6288
-0.2520 26.0211 45.4568
-0.3407 30.1397 43.6303
-0.0664 8.7839 55.9206
0.1938 6.8115 56.7319
2.4302 6.4253 30.3267
0.9633 7.0867 57.4820
-0.4140 21.7233 50.5003
0.3029 9.8190 56.6327
1.5951 8.9648 57.5689
2.2154 10.0744 30.0699
2.3776 11.3738 28.7383
2.1761 2.3782 58.4726
1.7813 4.5087 58.1420
3.1831 2.1607 58.6247
3.3783 2.6815 58.2723
2.9203 2.7810 58.7289
2.5291 4.1481 58.4796
-0.3833 25.5341 47.5969
-0.5214 24.2201 48.9303
3.2966 4.3497 58.4758
3.0284 3.9742 58.9598
3.3599 6.0142 58.2608
-0.4883 27.2991 46.3261
3.0542 5.4700 58.5711
-0.3683 26.7394 47.0841
2.7326 7.0259 58.5016
3.2312 7.7953 58.3050
-0.5828 27.7541 47.4100
1.6662 6.1427 58.1470
-0.4018 27.4486 48.8121
-0.4321 23.0481 51.8125
-0.4555 27.6318 49.6351
-0.2919 24.3189 51.7855
0.9104 25.3532 52.5473
0.0629 21.6339 53.3662
-0.2282 27.4716 50.4107
2.2296 13.3512 29.8451
2.9199 8.5935 58.2721
2.3063 9.3692 57.8614
3.5224 12.5758 55.5304
3.1829 9.5909 58.2757
2.7880 9.6945 58.2275
2.4445 10.3682 57.9548
3.3064 10.5566 57.8221
2.9759 10.7916 58.0467
3.2932 12.3183 57.1306
3.1675 11.5981 57.7749
2.3840 11.3593 57.6593
2.8938 12.4047 57.6239
2.2170 13.0512 57.3306
3.2919 16.4545 55.8176
-0.5524 32.7472 44.3175
-0.5930 30.9681 44.8116
-0.6336 31.7022 46.3304
-0.5623 30.0162 46.3621
3.1402 13.5937 57.3024
2.8278 14.0444 57.4027
2.9735 15.6527 56.8041
3.0257 36.1801 45.9404
3.1276 33.4748 47.8947
-0.2020 11.9488 54.7323
-0.1956 14.6079 54.9302
-0.6874 35.4271 43.7045
-0.5730 33.5044 46.0556
2.2359 15.5174 25.8371
-0.0052 11.7547 55.9281
0.4908 12.5517 56.3072
1.4930 12.0512 57.0196
2.2918 17.4271 25.3732
2.1014 17.1438 26.6061
-0.1894 12.1217 55.2502
0.1254 14.1428 55.6633
-0.5078 36.7755 43.8899
0.0060 34.9538 46.0619
0.0474 38.5544 43.1052
-0.2798 16.0625 53.8750
-0.5492 29.1057 48.0462
-0.3639 19.1449 53.3364
0.1032 16.7753 54.8252
-0.5376 30.9775 47.7439
1.2139 14.8298 56.4323
2.2895 15.8189 56.6439
-0.3426 31.4690 48.0322
0.2709 31.3159 48.8371
0.9798 28.1860 51.1343
1.4021 17.9918 55.6447
2.1477 19.4181 24.8584
0.6139 18.8309 54.8166
1.3312 31.1631 49.7849
2.2619 29.3102 51.6458
2.3460 29.9527 51.1896
2.1641 31.3329 50.4589
3.0460 32.5856 49.5629
1.9919 25.1968 18.9916
2.2286 21.5710 21.8516
2.8064 31.6293 50.1957
2.6095 32.8711 49.3933
2.9919 34.6099 47.7051
2.8507 33.8664 48.4962
2.3855 34.0597 48.4992
2.6926 34.9692 48.0080
1.9684 33.9000 48.4681
2.2153 35.3678 47.6492
1.2771 35.4202 46.8271
2.6518 30.7887 50.8289
3.6685 27.9821 11.4313
3.6161 29.1246 10.6666
3.0398 17.9054 56.0793
3.0669 19.5556 55.4954
3.2881 21.8716 54.1467
2.3595 18.4647 55.8981
2.7730 19.6241 55.7166
2.1858 19.8641 55.4203
3.1468 20.9810 55.0777
3.0340 20.2039 55.6054
2.5305 20.4344 55.4860
2.3853 20.6045 55.2683
2.7043 21.3350 55.1855
2.0264 27.2428 14.4321
1.9373 29.6677 8.5667
-0.1642 18.6463 54.0733
1.5000 21.6512 54.4280
2.1334 14.5472 32.9163
1.9908 13.4002 33.9537
2.7089 17.4592 56.3678
1.7149 16.1917 32.9895
3.0931 23.5008 53.9986
3.0171 22.4268 54.8009
2.5261 22.9435 54.5880
2.1145 23.7131 54.1325
2.1401 21.8695 54.8560
3.0037 24.4376 53.8035
2.9030 23.7924 54.2084
2.4294 24.2076 53.8612
3.4191 29.6196 11.5775
2.7282 25.3475 53.3118
3.5980 29.3101 12.4130
3.6057 29.8303 14.0547
3.5557 30.7866 11.2914
1.8403 29.4201 12.8665
3.4723 31.6170 13.6911
1.9255 18.7190 31.1216
1.5339 56.5690 15.7449
2.0160 55.5488 19.2458
0.1844 55.2882 17.8586
2.9224 38.9229 43.7623
2.8190 37.6852 45.4144
2.7975 35.7429 47.1860
2.9087 36.6433 46.2352
2.4703 36.4421 46.8913
2.6797 37.2974 46.1297
1.4188 37.5704 45.3615
1.1876 38.7539 43.9043
2.1450 37.5541 45.9916
2.3927 38.8409 44.9358
2.6183 39.7589 43.8455
2.3769 40.2934 43.5580
2.0829 39.0349 44.4204
1.9429 40.1595 43.5889
1.1328 39.9892 42.8919
2.4911 38.1058 45.5061
1.6860 41.8876 41.8252
2.4281 42.6375 41.4147
2.5481 41.5238 42.3515
1.7055 40.8866 42.5507
2.1252 41.6454 42.2781
2.5199 43.1628 40.4422
1.4425 55.6553 18.8311
-1.8672 7.1663 -53.7518
-1.3532 51.4521 16.8205
-0.8068 54.7356 18.2446
-1.2096 54.1901 18.2388
-1.1998 54.8490 16.4873
-0.8941 55.2721 16.5240
-1.3798 53.8969 17.0316
