0.000001 0.259292 -13.992781
0.000001 0.000000 -13.731252
-3.601771 0.075945 -13.442000
-3.621597 0.259292 -13.515990
-3.553908 0.000000 -13.263371
-6.958089 0.075945 -12.051768
-6.996390 0.259292 -12.118106
-6.865625 0.000000 -11.891614
-9.840223 0.075945 -9.840227
-9.894387 0.259292 -9.894392
-9.709459 0.000000 -9.709462
-12.051766 0.075945 -6.958092
-12.118104 0.259292 -6.996393
-11.891613 0.000000 -6.865628
-13.441996 0.075945 -3.601774
-13.515987 0.259292 -3.621600
-13.263368 0.000000 -3.553910
-13.916181 0.075945 -0.000001
-13.992781 0.259292 -0.000001
-13.731252 0.000000 -0.000001
-13.442002 0.075945 3.601771
-13.515992 0.259292 3.621597
-13.263374 -0.000000 3.553908
-12.051769 0.075945 6.958092
-12.118107 0.259292 6.996392
-11.891615 -0.000000 6.865627
-9.840229 0.075945 9.840229
-9.894394 0.259292 9.894393
-9.709464 -0.000000 9.709465
-6.958093 0.075945 12.051769
-6.996394 0.259292 12.118108
-6.865628 -0.000000 11.891616
-3.601775 0.075945 13.442002
-3.621600 0.259292 13.515993
-3.553911 -0.000000 13.263374
-0.000001 0.075945 13.916187
-0.000001 0.259292 13.992787
-0.000001 -0.000000 13.731256
3.601774 0.075945 13.442003
3.621599 0.259292 13.515993
3.553910 -0.000000 13.263375
6.958092 0.075945 12.051769
6.996391 0.259292 12.118109
6.865627 -0.000000 11.891616
9.840229 0.075945 9.840229
9.894393 0.259292 9.894394
9.709465 -0.000000 9.709464
12.051772 0.075945 6.958094
12.118109 0.259292 6.996394
11.891619 -0.000000 6.865629
13.442003 0.075945 3.601774
13.515994 0.259292 3.621600
13.263375 -0.000000 3.553911
13.916188 0.075945 0.000001
13.992788 0.259292 0.000000
13.731259 -0.000000 0.000001
13.442004 0.075945 -3.601774
13.515993 0.259292 -3.621600
13.263376 0.000000 -3.553910
12.051773 0.075945 -6.958092
12.118111 0.259292 -6.996394
11.891620 0.000000 -6.865630
9.840232 0.075945 -9.840232
9.894397 0.259292 -9.894397
9.709467 0.000000 -9.709466
6.958094 0.075945 -12.051773
6.996395 0.259292 -12.118110
6.865630 0.000000 -11.891619
3.601775 0.075945 -13.442007
3.621601 0.259292 -13.515998
3.553912 0.000000 -13.263379
0.000001 10.296780 -13.916181
0.000001 10.113432 -13.992781
0.000001 10.372725 -13.731252
-3.601771 10.296780 -13.442000
-3.621597 10.113432 -13.515990
-3.553908 10.372725 -13.263371
-6.958089 10.296780 -12.051768
-6.996390 10.113432 -12.118106
-6.865625 10.372725 -11.891614
-9.840223 10.296780 -9.840227
-9.894387 10.113432 -9.894392
-9.709459 10.372725 -9.709462
-12.051766 10.296780 -6.958092
-12.118104 10.113432 -6.996393
-11.891613 10.372725 -6.865628
-13.441996 10.296780 -3.601774
-13.515987 10.113432 -3.621600
-13.263368 10.372725 -3.553910
-13.916181 10.296780 -0.000001
-13.992781 10.113432 -0.000001
-13.731252 10.372725 -0.000001
-13.442002 10.296780 3.601771
-13.515992 10.113432 3.621597
-13.263374 10.372725 3.553908
-12.051769 10.296780 6.958092
-12.118107 10.113432 6.996392
-11.891615 10.372725 6.865627
-9.840229 10.296780 9.840229
-9.894394 10.113432 9.894393
-9.709464 10.372725 9.709465
-6.958093 10.296780 12.051769
-6.996394 10.113432 12.118108
-6.865628 10.372725 11.891616
-3.601775 10.296780 13.442002
-3.621600 10.113432 13.515993
-3.553911 10.372725 13.263374
-0.000001 10.296780 13.916187
-0.000001 10.113432 13.992787
-0.000001 10.372725 13.731256
3.601774 10.296780 13.442003
3.621599 10.113432 13.515993
3.553910 10.372725 13.263375
6.958092 10.296780 12.051769
6.996391 10.113432 12.118109
6.865627 10.372725 11.891616
9.840229 10.296780 9.840229
9.894393 10.113432 9.894394
9.709465 10.372725 9.709464
12.051772 10.296780 6.958094
12.118109 10.113432 6.996394
11.891619 10.372725 6.865629
13.442003 10.296780 3.601774
13.515994 10.113432 3.621600
13.263375 10.372725 3.553911
13.916188 10.296780 0.000001
13.992788 10.113432 0.000000
13.731259 10.372725 0.000001
13.442004 10.296780 -3.601774
13.515993 10.113432 -3.621600
13.263376 10.372725 -3.553910
12.051773 10.296780 -6.958092
12.118111 10.113432 -6.996394
11.891620 10.372725 -6.865630
9.840232 10.296780 -9.840232
9.894397 10.113432 -9.894397
9.709467 10.372725 -9.709466
6.958094 10.296780 -12.051773
6.996395 10.113432 -12.118110
6.865630 10.372725 -11.891619
3.601775 10.296780 -13.442007
3.621601 10.113432 -13.515998
3.553912 10.372725 -13.263379
5.646423 0.075945 -9.779894
5.738888 0.000000 -9.940047
5.608124 0.259292 -9.713557
2.922802 0.075945 -10.908051
2.970665 0.000000 -11.086680
2.902977 0.259292 -10.834063
7.985249 0.075945 -7.985252
8.116014 0.000000 -8.116017
7.931085 0.259292 -7.931087
9.779896 0.075945 -5.646423
9.940050 0.000000 -5.738888
9.713558 0.259292 -5.608123
10.908055 0.075945 -2.922802
11.086684 0.000000 -2.970665
10.834065 0.259292 -2.902976
11.292848 0.075945 0.000001
11.477780 -0.000000 0.000002
11.216249 0.259292 0.000001
10.908049 0.075945 2.922804
11.086678 -0.000000 2.970668
10.834059 0.259292 2.902979
9.779893 0.075945 5.646426
9.940046 -0.000000 5.738890
9.713556 0.259292 5.608126
7.985251 0.075945 7.985251
8.116016 -0.000000 8.116016
7.931087 0.259292 7.931087
5.646420 0.075945 9.779896
5.738885 -0.000000 9.940050
5.608121 0.259292 9.713558
2.922801 0.075945 10.908055
2.970664 -0.000000 11.086683
2.902975 0.259292 10.834065
-0.000002 0.075945 11.292848
-0.000002 -0.000000 11.477777
-0.000002 0.259292 11.216249
-2.922805 0.075945 10.908049
-2.970668 -0.000000 11.086677
-2.902979 0.259292 10.834059
-5.646426 0.075945 9.779893
-5.738891 -0.000000 9.940046
-5.608126 0.259292 9.713556
-7.985251 0.075945 7.985251
-8.116016 -0.000000 8.116016
-7.931086 0.259292 7.931087
-9.779898 0.075945 5.646425
-9.940051 -0.000000 5.738888
-9.713560 0.259292 5.608125
-10.908055 0.075945 2.922802
-11.086683 -0.000000 2.970664
-10.834065 0.259292 2.902976
-11.292848 0.075945 -0.000001
-11.477777 0.000000 -0.000001
-11.216248 0.259292 -0.000001
-10.908049 0.075945 -2.922803
-11.086678 0.000000 -2.970667
-10.834059 0.259292 -2.902978
-9.779892 0.075945 -5.646423
-9.940046 0.000000 -5.738887
-9.713555 0.259292 -5.608123
-7.985252 0.075945 -7.985248
-8.116017 0.000000 -8.116013
-7.931088 0.259292 -7.931083
-5.646421 0.075945 -9.779890
-5.738886 0.000000 -9.940043
-5.608122 0.259292 -9.713552
-2.922804 0.075945 -10.908045
-2.970668 0.000000 -11.086673
-2.902978 0.259292 -10.834055
0.000000 0.075945 -11.292846
0.000000 0.000000 -11.477775
0.000000 0.259292 -11.216246
0.000001 10.296780 -11.292847
0.000000 10.372725 -11.477777
0.000001 10.113432 -11.216248
2.922802 10.296780 -10.908050
2.970665 10.372725 -11.086678
2.902976 10.113432 -10.834060
-2.922802 10.296780 -10.908046
-2.970665 10.372725 -11.086673
-2.902977 10.113432 -10.834056
-5.646423 10.296780 -9.779892
-5.738887 10.372725 -9.940045
-5.608123 10.113432 -9.713555
-7.985253 10.296780 -7.985245
-8.116018 10.372725 -8.116011
-7.931088 10.113432 -7.931082
-9.779894 10.296780 -5.646424
-9.940047 10.372725 -5.738889
-9.713556 10.113432 -5.608124
-10.908048 10.296780 -2.922803
-11.086676 10.372725 -2.970666
-10.834058 10.113432 -2.902977
-11.292848 10.296780 -0.000001
-11.477780 10.372725 -0.000002
-11.216249 10.113432 -0.000001
-10.908055 10.296780 2.922801
-11.086683 10.372725 2.970663
-10.834065 10.113432 2.902975
-9.779900 10.296780 5.646426
-9.940053 10.372725 5.738891
-9.713562 10.113432 5.608126
-7.985248 10.296780 7.985252
-8.116013 10.372725 8.116017
-7.931083 10.113432 7.931088
-5.646426 10.296780 9.779893
-5.738891 10.372725 9.940049
-5.608127 10.113432 9.713557
-2.922805 10.296780 10.908048
-2.970668 10.372725 11.086677
-2.902979 10.113432 10.834058
-0.000002 10.296780 11.292848
-0.000002 10.372725 11.477780
-0.000002 10.113432 11.216249
2.922799 10.296780 10.908054
2.970662 10.372725 11.086683
2.902974 10.113432 10.834065
5.646421 10.296780 9.779898
5.738886 10.372725 9.940052
5.608122 10.113432 9.713561
7.985252 10.296780 7.985249
8.116017 10.372725 8.116014
7.931087 10.113432 7.931085
9.779893 10.296780 5.646426
9.940049 10.372725 5.738891
9.713557 10.113432 5.608126
10.908048 10.296780 2.922804
11.086677 10.372725 2.970668
10.834058 10.113432 2.902979
11.292848 10.296780 0.000001
11.477780 10.372725 0.000002
11.216249 10.113432 0.000001
10.908055 10.296780 -2.922801
11.086683 10.372725 -2.970664
10.834065 10.113432 -2.902975
9.779898 10.296780 -5.646425
9.940052 10.372725 -5.738888
9.713560 10.113432 -5.608125
7.985248 10.296780 -7.985252
8.116013 10.372725 -8.116017
7.931083 10.113432 -7.931088
5.646424 10.296780 -9.779894
5.738889 10.372725 -9.940050
5.608124 10.113432 -9.713557
