-2.372588 5.527271 2.778267
-2.533912 1.796523 2.768282
2.569512 31.316705 2.145507
2.291130 27.107446 2.570378
2.446742 29.056683 2.488142
1.896523 31.617514 1.983367
-2.510474 0.306755 1.663358
-0.012422 0.113878 1.589579
-0.281502 0.108638 1.587974
-0.281503 0.046471 1.450962
-0.281503 -0.000000 1.307625
-0.386397 31.683154 1.983060
-2.136677 0.353960 1.862742
-2.136678 0.277888 1.652501
-2.136678 0.220152 1.415795
-2.136677 0.172699 1.291844
-2.587768 0.889845 2.195323
0.082718 0.772420 2.125439
2.371437 31.320688 2.145480
2.382283 30.899319 2.320337
2.242882 29.060040 2.488120
2.089053 27.111841 2.570348
1.997249 25.949231 2.578787
1.795823 23.398163 2.646856
1.112774 15.670396 2.722513
0.548254 5.363271 2.779444
0.152397 1.885225 2.767615
-0.659164 31.381744 2.145037
-0.761747 30.934470 2.320082
-0.876273 29.111328 2.487747
-1.002755 27.179254 2.569858
-1.077951 26.030798 2.578195
-1.243762 23.497839 2.646133
-1.563256 15.764037 2.721833
-1.911471 5.501379 2.778442
-2.109818 1.810518 2.768186
-2.132147 0.873488 2.185581
-0.092955 0.758931 2.115268
-1.813585 23.516518 2.646006
-1.654451 26.046094 2.578091
-0.281503 0.215559 1.753466
-0.764912 27.185062 -2.779505
0.152396 1.937483 0.399731
0.548255 5.363277 -1.003444
1.112774 15.670383 -1.841725
1.795822 23.398154 -2.462705
1.997249 25.949216 -2.666579
2.105389 27.111481 -2.772775
2.242880 29.060031 -2.746537
2.382282 30.825540 -2.563333
2.371435 31.203729 -2.443717
-2.109817 1.862778 0.406555
-1.911471 5.501382 -1.016062
-1.563257 15.764034 -1.850280
-1.243763 23.497827 -2.471813
-1.077950 26.030789 -2.674035
-0.699739 27.173447 -2.778439
-0.876273 29.111307 -2.751219
-0.761747 30.860684 -2.566541
-0.659164 31.264746 -2.449296
-2.132147 0.840120 0.941028
-0.092956 0.722139 0.951808
1.287675 15.664273 -1.841161
-2.533911 1.848776 0.407847
0.300253 1.942360 0.399279
1.994487 23.391638 -2.462110
2.569513 31.199734 -2.443349
-1.227302 31.276233 -2.450351
-1.654449 26.046094 -2.675444
-1.461012 29.120932 -2.752109
1.756468 31.504541 -2.206324
-0.386397 31.566187 -2.211939
-2.587773 0.856960 0.948530
0.082717 0.736107 0.959540
-1.351149 30.867279 -2.567155
-2.064923 15.781599 -1.851899
-2.372589 5.527265 -1.018448
-1.813586 23.516534 -2.473539
-1.227302 31.276233 -0.876281
-1.351149 30.867279 -1.079028
-1.461013 29.120929 -1.549305
-1.369753 27.187259 -1.940106
-1.654449 26.046100 -0.859111
-1.813586 23.516519 0.004235
-2.064923 15.781592 0.502125
-2.372588 5.527274 1.003580
-2.533911 1.839836 1.334730
-1.227303 31.276208 0.975080
-1.351150 30.867279 1.119909
-1.461012 29.120917 1.601153
-1.522045 27.190582 1.824290
-1.654448 26.046103 1.851163
-1.813587 23.516524 1.910511
-2.064924 15.781590 2.091984
-2.372590 5.527266 2.274757
-2.533911 1.839836 2.379217
-2.587771 0.754271 1.267260
-2.587771 0.711330 1.745275
-1.017315 27.185980 -2.429221
-1.227303 31.393176 2.144960
-1.582368 27.191879 2.569771
-0.788113 31.662924 -0.700014
-2.510476 0.249785 1.409846
-0.788112 31.644244 0.778167
-1.351151 30.941049 2.320038
-1.461012 29.120929 2.487683
-0.788114 31.508658 -2.206406
1.896521 31.654785 -0.699509
-0.386396 31.720401 -0.791364
1.756467 31.658786 -0.705075
-0.386396 31.701733 0.689166
1.756470 31.640112 0.772932
-0.788113 31.625668 1.983281
1.756469 31.621521 1.983493
2.587772 30.823242 -2.563124
0.709019 5.354245 -1.002614
2.291128 27.107446 -2.772400
2.198241 25.943884 -2.666087
2.446744 29.056677 -2.746225
0.300252 1.933418 1.328705
0.709017 5.354244 1.014716
1.287675 15.664267 0.509675
1.994486 23.391644 0.012274
2.198239 25.943900 -0.854444
2.291129 27.107449 -1.417274
2.446744 29.056689 -1.542745
2.587773 30.823248 -1.076195
2.569512 31.199725 -1.100427
0.300254 1.933412 2.377031
0.709018 5.354249 2.278816
1.287676 15.664272 2.094737
1.994487 23.391644 1.913441
2.198239 25.943890 1.853561
2.291129 27.107434 1.826262
2.446745 29.056702 1.602659
2.587772 30.823248 1.120942
2.569512 31.199731 0.976874
0.082717 0.593053 1.693163
0.082717 0.632671 1.294281
2.587772 30.897012 2.320353
0.709020 5.354252 2.779505
0.300253 1.890109 2.767594
1.994487 23.391643 2.646900
2.198240 25.943912 2.578823
1.896522 31.500562 -2.205708
-0.012421 0.051823 1.450000
1.896524 31.636127 0.778338
