2.400530 30.784281 -1.455433
1.937942 30.784281 -2.058292
1.335079 30.784281 -2.520884
0.633034 30.784281 -2.811682
-0.120353 30.784281 -2.910866
-0.873741 30.784281 -2.811682
-1.575786 30.784281 -2.520884
-2.178648 30.784281 -2.058292
-2.641239 30.784281 -1.455433
-2.932035 30.784281 -0.753388
-3.031224 30.784281 0.000000
-2.932035 30.784281 0.753387
-2.641240 30.784281 1.455433
-2.178649 30.784281 2.058292
-1.575786 30.784281 2.520884
-0.873742 30.784281 2.811683
-0.120353 30.784281 2.910866
0.633034 30.784281 2.811683
1.335080 30.784281 2.520884
1.937943 30.784281 2.058293
2.400530 30.784281 1.455433
2.691327 30.784281 0.753388
2.790513 30.784281 0.000000
9.831688 5.554901 -2.666642
8.802403 5.554901 -5.151562
7.165063 5.554901 -7.285412
5.031209 5.554901 -8.922762
2.546289 5.554901 -9.952043
-0.120351 5.554901 -10.303123
-2.786996 5.554901 -9.952043
-5.271915 5.554901 -8.922762
-7.405762 5.554901 -7.285412
-9.043119 5.554901 -5.151566
-10.072403 5.554901 -2.666644
-10.423486 5.554901 -0.000002
-10.072403 5.554901 2.666642
-9.043119 5.554901 5.151562
-7.405763 5.554901 7.285412
-5.271915 5.554901 8.922762
-2.786997 5.554901 9.952048
-0.120353 5.554901 10.303127
2.546289 5.554901 9.952050
5.031212 5.554901 8.922762
7.165066 5.554901 7.285412
8.802405 5.554901 5.151564
9.831690 5.554901 2.666643
10.182775 5.554901 -0.000001
-0.120353 7.420640 8.652824
2.119160 7.420640 8.357981
4.206061 7.420640 7.493563
5.998126 7.420640 6.118472
7.373213 7.420640 4.326412
8.237631 7.420640 2.239514
8.532475 7.420640 -0.000001
8.237628 7.420640 -2.239514
7.373212 7.420640 -4.326411
5.998124 7.420640 -6.118471
4.206058 7.420640 -7.493563
2.119160 7.420640 -8.357978
-0.120352 7.420640 -8.652824
-2.359868 7.420640 -8.357981
-4.446763 7.420640 -7.493563
-6.238822 7.420640 -6.118472
-7.613912 7.420640 -4.326415
-8.478339 7.420640 -2.239515
-8.773183 7.420640 -0.000001
-8.478339 7.420640 2.239514
-7.613912 7.420640 4.326411
-6.238823 7.420640 6.118471
-4.446764 7.420640 7.493563
-2.359869 7.420640 8.357981
-1.752001 9.016684 6.089396
-0.120353 9.016684 6.304208
1.511296 9.016684 6.089396
3.031751 9.016684 5.459605
4.337398 9.016684 4.457748
5.339252 9.016684 3.152104
5.969047 9.016684 1.631648
6.183862 9.016684 -0.000001
5.969043 9.016684 -1.631648
5.339251 9.016684 -3.152103
4.337395 9.016684 -4.457747
3.031749 9.016684 -5.459604
1.511296 9.016684 -6.089396
-0.120352 9.016684 -6.304208
-1.752001 9.016684 -6.089396
-3.272460 9.016684 -5.459605
-4.578102 9.016684 -4.457748
-5.579958 9.016684 -3.152107
-6.209746 9.016684 -1.631648
-6.424563 9.016684 -0.000001
-6.209746 9.016684 1.631648
-5.579958 9.016684 3.152104
-4.578104 9.016684 4.457747
-3.272461 9.016684 5.459605
9.831688 4.562772 -2.666642
8.802403 4.562772 -5.151562
7.165063 4.562772 -7.285412
5.031209 4.562772 -8.922762
2.546289 4.562772 -9.952043
-0.120351 4.562772 -10.303123
-2.786996 4.562772 -9.952043
-5.271915 4.562772 -8.922762
-7.405762 4.562772 -7.285412
-9.043119 4.562772 -5.151566
-10.072403 4.562772 -2.666644
-10.423486 4.562772 -0.000002
-10.072403 4.562772 2.666642
-9.043119 4.562772 5.151562
-7.405763 4.562772 7.285412
-5.271915 4.562772 8.922762
-2.786997 4.562772 9.952048
-0.120353 4.562772 10.303127
2.546289 4.562772 9.952050
5.031212 4.562772 8.922762
7.165066 4.562772 7.285412
8.802405 4.562772 5.151564
9.831690 4.562772 2.666643
10.182775 4.562772 -0.000001
8.569162 2.902063 -2.328349
7.670458 2.902063 -4.498029
6.240827 2.902063 -6.361178
4.377676 2.902063 -7.790812
2.207997 2.902063 -8.689518
-0.120352 2.902063 -8.996058
-2.448703 2.902063 -8.689518
-4.618382 2.902063 -7.790812
-6.481528 2.902063 -6.361178
-7.911163 2.902063 -4.498033
-8.809875 2.902063 -2.328351
-9.116422 2.902063 -0.000002
-8.809875 2.902063 2.328349
-7.911165 2.902063 4.498029
-6.481528 2.902063 6.361178
-4.618382 2.902063 7.790812
-2.448704 2.902063 8.689520
-0.120353 2.902063 8.996061
2.207997 2.902063 8.689520
4.377679 2.902063 7.790812
6.240830 2.902063 6.361178
7.670461 2.902063 4.498031
8.569166 2.902063 2.328351
8.875712 2.902063 -0.000001
-0.120353 0.000000 0.000000
2.920257 32.474377 -0.814729
2.928689 32.444683 -0.816989
2.892857 32.487255 -0.807388
2.605785 32.474377 -1.573936
2.613345 32.444683 -1.578302
2.581218 32.487255 -1.559753
2.105529 32.474377 -2.225883
2.111702 32.444683 -2.232055
2.085470 32.487255 -2.205824
1.453585 32.474377 -2.726140
1.457950 32.444683 -2.733700
1.439401 32.487255 -2.701573
0.694377 32.474377 -3.040612
0.696636 32.444683 -3.049044
0.687035 32.487255 -3.013211
-0.120353 32.474377 -3.147873
-0.120353 32.444683 -3.156603
-0.120353 32.487255 -3.119506
-0.935084 32.474377 -3.040614
-0.937343 32.444683 -3.049046
-0.927742 32.487255 -3.013214
-1.694290 32.474377 -2.726141
-1.698654 32.444683 -2.733701
-1.680106 32.487255 -2.701574
-2.346238 32.474377 -2.225883
-2.352411 32.444683 -2.232056
-2.326180 32.487255 -2.205825
-2.846494 32.474377 -1.573937
-2.854054 32.444683 -1.578302
-2.821927 32.487255 -1.559753
-3.160971 32.474377 -0.814730
-3.169403 32.444683 -0.816990
-3.133570 32.487255 -0.807389
-3.268233 32.474377 0.000000
-3.276962 32.444683 0.000000
-3.239865 32.487255 0.000000
-3.160971 32.474377 0.814729
-3.169403 32.444683 0.816989
-3.133570 32.487255 0.807388
-2.846494 32.474377 1.573937
-2.854054 32.444683 1.578302
-2.821928 32.487255 1.559753
-2.346239 32.474377 2.225883
-2.352412 32.444683 2.232055
-2.326180 32.487255 2.205824
-1.694290 32.474377 2.726141
-1.698655 32.444683 2.733701
-1.680106 32.487255 2.701574
-0.935084 32.474377 3.040614
-0.937343 32.444683 3.049046
-0.927742 32.487255 3.013214
-0.120353 32.474377 3.147875
-0.120353 32.444683 3.156604
-0.120353 32.487255 3.119507
0.694377 32.474377 3.040614
0.696636 32.444683 3.049046
0.687035 32.487255 3.013214
1.453585 32.474377 2.726141
1.457950 32.444683 2.733701
1.439402 32.487255 2.701574
2.105529 32.474377 2.225884
2.111703 32.444683 2.232057
2.085471 32.487255 2.205826
2.605785 32.474377 1.573938
2.613346 32.444683 1.578303
2.581218 32.487255 1.559755
2.920259 32.474377 0.814730
2.928691 32.444683 0.816990
2.892859 32.487255 0.807389
3.027520 32.474377 0.000000
3.036250 32.444683 0.000000
2.999153 32.487255 0.000000
2.346967 32.475601 -0.661117
2.374372 32.487255 -0.668460
2.335615 32.447472 -0.658075
2.091786 32.475601 -1.277180
2.116357 32.487255 -1.291365
2.081609 32.447472 -1.271303
1.685853 32.475601 -1.806205
1.705915 32.487255 -1.826267
1.677544 32.447472 -1.797895
1.156826 32.475601 -2.212139
1.171012 32.487255 -2.236711
1.150950 32.447472 -2.201962
0.540764 32.475601 -2.467321
0.548107 32.487255 -2.494726
0.537723 32.447472 -2.455969
-0.120353 32.475601 -2.554359
-0.120353 32.487255 -2.582730
-0.120353 32.447472 -2.542607
-0.781470 32.475601 -2.467321
-0.788813 32.487255 -2.494726
-0.778429 32.447472 -2.455969
-1.397534 32.475601 -2.212141
-1.411719 32.487255 -2.236711
-1.391658 32.447472 -2.201963
-1.926558 32.475601 -1.806205
-1.946620 32.487255 -1.826267
-1.918248 32.447472 -1.797895
-2.332495 32.475601 -1.277180
-2.357066 32.487255 -1.291365
-2.322318 32.447472 -1.271303
-2.587677 32.475601 -0.661117
-2.615082 32.487255 -0.668460
-2.576325 32.447472 -0.658076
-2.674715 32.475601 0.000000
-2.703086 32.487255 0.000000
-2.662963 32.447472 0.000000
-2.587677 32.475601 0.661117
-2.615082 32.487255 0.668460
-2.576325 32.447472 0.658075
-2.332496 32.475601 1.277181
-2.357066 32.487255 1.291366
-2.322318 32.447472 1.271304
-1.926558 32.475601 1.806205
-1.946620 32.487255 1.826267
-1.918249 32.447472 1.797895
-1.397534 32.475601 2.212141
-1.411720 32.487255 2.236711
-1.391658 32.447472 2.201963
-0.781470 32.475601 2.467323
-0.788814 32.487255 2.494728
-0.778429 32.447472 2.455971
-0.120353 32.475601 2.554361
-0.120353 32.487255 2.582733
-0.120353 32.447472 2.542609
0.540764 32.475601 2.467323
0.548107 32.487255 2.494728
0.537723 32.447472 2.455971
1.156827 32.475601 2.212141
1.171013 32.487255 2.236711
1.150951 32.447472 2.201963
1.685854 32.475601 1.806207
1.705915 32.487255 1.826269
1.677544 32.447472 1.797897
2.091787 32.475601 1.277181
2.116357 32.487255 1.291366
2.081609 32.447472 1.271304
2.346969 32.475601 0.661117
2.374373 32.487255 0.668460
2.335617 32.447472 0.658076
2.434006 32.475601 0.000000
2.462378 32.487255 0.000000
2.422254 32.447472 0.000000
-0.120354 10.580309 0.000001
2.299652 10.617228 -0.648439
2.335615 10.706345 -0.658075
2.212830 10.580315 -0.625175
2.049365 10.617228 -1.252688
2.081609 10.706345 -1.271303
1.971522 10.580315 -1.207745
1.651217 10.617228 -1.771568
1.677544 10.706345 -1.797895
1.587658 10.580315 -1.708010
1.132335 10.617228 -2.169719
1.150950 10.706345 -2.201962
1.087392 10.580315 -2.091876
0.528086 10.617228 -2.420006
0.537723 10.706345 -2.455969
0.504822 10.580315 -2.333184
-0.120353 10.617228 -2.505375
-0.120353 10.706345 -2.542607
-0.120353 10.580315 -2.415490
-0.768792 10.617228 -2.420007
-0.778429 10.706345 -2.455969
-0.745528 10.580315 -2.333184
-1.373042 10.617228 -2.169720
-1.391658 10.706345 -2.201963
-1.328099 10.580315 -2.091877
-1.891922 10.617228 -1.771568
-1.918248 10.706345 -1.797895
-1.828363 10.580315 -1.708010
-2.290075 10.617228 -1.252688
-2.322318 10.706345 -1.271303
-2.212232 10.580315 -1.207745
-2.540362 10.617228 -0.648439
-2.576325 10.706345 -0.658076
-2.453540 10.580315 -0.625175
-2.625731 10.617228 0.000000
-2.662963 10.706345 0.000000
-2.535846 10.580315 0.000000
-2.540362 10.617228 0.648439
-2.576325 10.706345 0.658075
-2.453540 10.580315 0.625175
-2.290075 10.617228 1.252689
-2.322318 10.706345 1.271304
-2.212232 10.580315 1.207746
-1.891922 10.617228 1.771568
-1.918249 10.706345 1.797895
-1.828364 10.580315 1.708010
-1.373042 10.617228 2.169720
-1.391658 10.706345 2.201963
-1.328100 10.580315 2.091877
-0.768793 10.617228 2.420009
-0.778429 10.706345 2.455971
-0.745529 10.580315 2.333186
-0.120353 10.617228 2.505377
-0.120353 10.706345 2.542609
-0.120353 10.580315 2.415492
0.528086 10.617228 2.420009
0.537723 10.706345 2.455971
0.504822 10.580315 2.333186
1.132335 10.617228 2.169720
1.150951 10.706345 2.201963
1.087393 10.580315 2.091877
1.651217 10.617228 1.771570
1.677544 10.706345 1.797897
1.587659 10.580315 1.708012
2.049366 10.617228 1.252689
2.081609 10.706345 1.271304
1.971523 10.580315 1.207746
2.299654 10.617228 0.648439
2.335617 10.706345 0.658076
2.212831 10.580315 0.625175
2.385023 10.617228 0.000000
2.422254 10.706345 0.000000
2.295137 10.580315 0.000000
6.826924 1.605234 -1.861517
6.108409 1.605234 -3.596179
4.965415 1.605234 -5.085767
3.475824 1.605234 -6.228758
1.741165 1.605234 -6.947275
-0.120352 1.605234 -7.192359
-1.981870 1.605234 -6.947275
-3.716534 1.605234 -6.228758
-5.206121 1.605234 -5.085768
-6.349111 1.605234 -3.596179
-7.067627 1.605234 -1.861518
-7.312711 1.605234 -0.000001
-7.067627 1.605234 1.861517
-6.349112 1.605234 3.596179
-5.206121 1.605234 5.085768
-3.716535 1.605234 6.228760
-1.981870 1.605234 6.947279
-0.120353 1.605234 7.192359
1.741165 1.605234 6.947281
3.475825 1.605234 6.228760
4.965418 1.605234 5.085768
6.108409 1.605234 3.596179
6.826929 1.605234 1.861518
7.072008 1.605234 -0.000001
7.579769 0.013187 -2.063240
7.580962 0.040195 -2.063560
7.556776 0.000000 -2.057079
6.783391 0.013187 -3.985880
6.784460 0.040195 -3.986497
6.762775 0.000000 -3.973978
5.516535 0.013187 -5.636887
5.517408 0.040195 -5.637760
5.499703 0.000000 -5.620055
3.865525 0.013187 -6.903741
3.866142 0.040195 -6.904810
3.853622 0.000000 -6.883125
1.942889 0.013187 -7.700120
1.943209 0.040195 -7.701313
1.936728 0.000000 -7.677127
-0.120352 0.013187 -7.971760
-0.120352 0.040195 -7.972995
-0.120352 0.000000 -7.947956
-2.183594 0.013187 -7.700120
-2.183914 0.040195 -7.701313
-2.177433 0.000000 -7.677127
-4.106235 0.013187 -6.903741
-4.106852 0.040195 -6.904810
-4.094332 0.000000 -6.883125
-5.757241 0.013187 -5.636889
-5.758114 0.040195 -5.637762
-5.740409 0.000000 -5.620057
-7.024094 0.013187 -3.985882
-7.025163 0.040195 -3.986499
-7.003478 0.000000 -3.973980
-7.820471 0.013187 -2.063242
-7.821664 0.040195 -2.063561
-7.797478 0.000000 -2.057081
-8.092113 0.013187 -0.000001
-8.093348 0.040195 -0.000001
-8.068308 0.000000 -0.000001
-7.820471 0.013187 2.063240
-7.821664 0.040195 2.063560
-7.797478 -0.000000 2.057079
-7.024094 0.013187 3.985881
-7.025163 0.040195 3.986498
-7.003478 -0.000000 3.973978
-5.757241 0.013187 5.636889
-5.758114 0.040195 5.637762
-5.740409 -0.000000 5.620056
-4.106235 0.013187 6.903741
-4.106852 0.040195 6.904810
-4.094332 -0.000000 6.883125
-2.183595 0.013187 7.700123
-2.183915 0.040195 7.701315
-2.177434 -0.000000 7.677129
-0.120353 0.013187 7.971763
-0.120353 0.040195 7.972998
-0.120353 -0.000000 7.947958
1.942889 0.013187 7.700124
1.943209 0.040195 7.701316
1.936728 -0.000000 7.677130
3.865526 0.013187 6.903741
3.866143 0.040195 6.904810
3.853624 -0.000000 6.883125
5.516538 0.013187 5.636889
5.517411 0.040195 5.637762
5.499706 -0.000000 5.620057
6.783391 0.013187 3.985882
6.784460 0.040195 3.986499
6.762775 -0.000000 3.973979
7.579772 0.013187 2.063241
7.580965 0.040195 2.063561
7.556778 -0.000000 2.057080
7.851411 0.013187 -0.000001
7.852646 0.040195 -0.000001
7.827607 0.000000 -0.000001
2.869235 10.696812 -0.801057
2.691326 11.322225 -0.753387
3.346803 10.267620 -0.929020
2.560039 10.696812 -1.547525
2.400530 11.322225 -1.455433
2.988215 10.267620 -1.794732
2.068180 10.696812 -2.188530
1.937942 11.322225 -2.058292
2.417784 10.267620 -2.538134
1.427172 10.696812 -2.680392
1.335079 11.322225 -2.520884
1.674380 10.267620 -3.108568
0.680705 10.696812 -2.989590
0.633034 11.322225 -2.811682
0.808669 10.267620 -3.467159
-0.120353 10.696812 -3.095051
-0.120353 11.322225 -2.910866
-0.120353 10.267620 -3.589466
-0.921412 10.696812 -2.989591
-0.873741 11.322225 -2.811682
-1.049376 10.267620 -3.467159
-1.667878 10.696812 -2.680392
-1.575786 11.322225 -2.520884
-1.915087 10.267620 -3.108567
-2.308886 10.696812 -2.188531
-2.178648 11.322225 -2.058292
-2.658490 10.267620 -2.538136
-2.800748 10.696812 -1.547526
-2.641239 11.322225 -1.455433
-3.228924 10.267620 -1.794734
-3.109943 10.696812 -0.801058
-2.932035 11.322225 -0.753388
-3.587511 10.267620 -0.929023
-3.215409 10.696812 0.000000
-3.031224 11.322225 0.000000
-3.709824 10.267620 0.000000
-3.109943 10.696812 0.801058
-2.932035 11.322225 0.753387
-3.587511 10.267620 0.929022
-2.800748 10.696812 1.547526
-2.641240 11.322225 1.455433
-3.228924 10.267620 1.794734
-2.308887 10.696812 2.188531
-2.178649 11.322225 2.058292
-2.658490 10.267620 2.538136
-1.667879 10.696812 2.680392
-1.575786 11.322225 2.520884
-1.915088 10.267620 3.108567
-0.921413 10.696812 2.989592
-0.873742 11.322225 2.811683
-1.049377 10.267620 3.467160
-0.120353 10.696812 3.095051
-0.120353 11.322225 2.910866
-0.120354 10.267620 3.589466
0.680705 10.696812 2.989592
0.633034 11.322225 2.811683
0.808669 10.267620 3.467160
1.427172 10.696812 2.680392
1.335080 11.322225 2.520884
1.674381 10.267620 3.108567
2.068181 10.696812 2.188531
1.937943 11.322225 2.058293
2.417785 10.267620 2.538136
2.560039 10.696812 1.547525
2.400530 11.322225 1.455433
2.988215 10.267620 1.794732
2.869236 10.696812 0.801058
2.691327 11.322225 0.753388
3.346805 10.267620 0.929020
2.974697 10.696812 0.000000
2.790513 11.322225 0.000000
3.469113 10.267620 0.000000
-10.606464 5.058836 -0.000002
-10.249146 5.058836 2.714000
-9.201583 5.058836 5.243051
-7.535148 5.058836 7.414797
-5.363404 5.058836 9.081225
-2.834355 5.058836 10.128792
-0.120353 5.058836 10.486105
2.593647 5.058836 10.128794
5.122701 5.058836 9.081225
7.294451 5.058836 7.414797
8.960869 5.058836 5.243052
10.008433 5.058836 2.714001
10.365754 5.058836 -0.000001
10.008431 5.058836 -2.714001
8.960867 5.058836 -5.243051
7.294448 5.058836 -7.414797
5.122698 5.058836 -9.081225
2.593647 5.058836 -10.128786
-0.120351 5.058836 -10.486101
-2.834354 5.058836 -10.128786
-5.363404 5.058836 -9.081225
-7.535147 5.058836 -7.414797
-9.201583 5.058836 -5.243055
-10.249146 5.058836 -2.714002
