0.000000 12.311227 0.362924
0.000000 11.133285 0.362924
0.000000 7.410013 0.362924
0.000000 15.674002 0.362924
0.000000 33.250408 0.362924
0.000000 34.738598 0.327458
0.000000 35.406269 0.223343
0.000000 33.896915 0.362924
0.000000 32.369339 0.362924
-0.387565 35.286385 0.143668
-0.538645 34.642075 0.186983
-0.656599 33.854980 0.186983
-0.712299 33.250408 0.186983
-0.784265 32.369339 0.186983
-1.499863 18.109770 0.186983
-1.582852 15.674002 0.186983
-1.566324 13.413288 0.186983
-1.374740 12.311227 0.186983
-0.974970 11.133285 0.283921
-0.803097 10.206830 0.283921
-0.671176 7.410013 0.283921
-0.684731 4.679508 0.283921
0.387565 35.286385 0.143668
0.538645 34.642075 0.186983
0.656599 33.854980 0.186983
0.712299 33.250408 0.186983
0.784265 32.369339 0.186983
1.499863 18.109770 0.186983
1.582852 15.674002 0.186983
1.566324 13.413288 0.186983
1.374740 12.311227 0.186983
0.974970 11.133285 0.283921
0.803097 10.206830 0.283921
0.671176 7.410013 0.283921
0.684731 4.679508 0.283921
0.000000 18.109770 -0.362924
0.000000 13.413288 -0.362924
0.000000 10.206830 -0.362924
0.000000 4.679508 -0.362924
0.000000 12.311227 -0.362924
0.000000 11.133285 -0.362924
0.000000 7.410013 -0.362924
0.000000 15.674002 -0.362924
0.000000 33.250408 -0.362924
0.000000 34.738598 -0.327458
0.000000 35.406269 -0.223343
0.000000 33.896915 -0.362924
0.000000 32.369339 -0.362924
-0.387565 35.286385 -0.143668
-0.538645 34.642075 -0.186983
-0.656599 33.854980 -0.186983
-0.712299 33.250408 -0.186983
-0.784265 32.369339 -0.186983
-1.499863 18.109770 -0.186983
-1.582852 15.674002 -0.186983
-1.566324 13.413288 -0.186983
-1.374740 12.311227 -0.186983
-0.974970 11.133285 -0.283921
-0.803097 10.206830 -0.283921
-0.671176 7.410013 -0.283921
-0.684731 4.679508 -0.283921
0.387565 35.286385 -0.143668
0.538645 34.642075 -0.186983
0.656599 33.854980 -0.186983
0.712299 33.250408 -0.186983
0.784265 32.369339 -0.186983
1.499863 18.109770 -0.186983
1.582852 15.674002 -0.186983
1.566324 13.413288 -0.186983
1.374740 12.311227 -0.186983
0.974970 11.133285 -0.283921
0.803097 10.206830 -0.283921
0.671176 7.410013 -0.283921
0.684731 4.679508 -0.283921
-0.285098 35.735538 0.053574
0.000000 35.739517 0.135107
0.291960 35.705460 0.059608
0.288677 35.719852 -0.056721
0.000000 35.731464 -0.137238
-0.284420 35.738514 -0.052977
-0.361289 35.727882 -0.026486
-0.374079 35.725536 -0.000876
-0.362334 35.726311 0.026537
-0.253212 35.875313 -0.025538
-0.250337 35.887913 0.000000
-0.253212 35.875313 0.025538
-1.436026 4.679508 -0.021658
-1.445989 4.679508 0.000000
-1.436026 4.679508 0.021658
1.436026 4.679508 -0.021658
1.445989 4.679508 0.000000
1.436026 4.679508 0.021658
0.000000 36.190228 -0.015768
0.000000 36.197906 0.000000
0.000000 36.190228 0.015768
0.253212 35.875313 -0.025538
0.250337 35.887913 0.000000
0.253212 35.875313 0.025538
-2.832382 18.109770 -0.007522
-2.836345 18.109770 0.000000
-2.832382 18.109770 0.007522
-1.508537 32.369339 -0.014303
-1.515605 32.369339 0.000000
-1.508537 32.369339 0.014303
2.832382 18.109770 -0.007522
2.836345 18.109770 0.000000
2.832382 18.109770 0.007522
1.508537 32.369339 -0.014303
1.515605 32.369339 0.000000
1.508537 32.369339 0.014303
3.037635 13.413288 -0.007227
3.041453 13.413288 0.000000
3.037635 13.413288 0.007227
3.048138 15.674002 -0.007100
3.051892 15.674002 0.000000
3.048138 15.674002 0.007100
-3.037635 13.413288 -0.007227
-3.041453 13.413288 0.000000
-3.037635 13.413288 0.007227
-3.048138 15.674002 -0.007100
-3.051892 15.674002 0.000000
-3.048138 15.674002 0.007100
1.503041 10.206830 -0.021191
1.512861 10.206830 0.000000
1.503041 10.206830 0.021191
1.891747 11.133285 -0.019615
1.901157 11.133285 0.000000
1.891747 11.133285 0.019615
-1.503041 10.206830 -0.021191
-1.512861 10.206830 0.000000
-1.503041 10.206830 0.021191
-1.891747 11.133285 -0.019615
-1.901157 11.133285 0.000000
-1.891747 11.133285 0.019615
1.310879 7.410013 -0.022640
1.321191 7.410013 0.000000
1.310879 7.410013 0.022640
-1.310879 7.410013 -0.022640
-1.321191 7.410013 0.000000
-1.310879 7.410013 0.022640
2.676830 12.311227 -0.009192
2.681641 12.311227 0.000000
2.676830 12.311227 0.009192
-2.676830 12.311227 -0.009192
-2.681641 12.311227 0.000000
-2.676830 12.311227 0.009192
1.364130 33.250408 -0.015873
1.371868 33.250408 0.000000
1.364130 33.250408 0.015873
1.250660 33.817043 -0.017809
1.259220 33.816498 0.000000
1.250660 33.817043 0.017809
-1.364130 33.250408 -0.015873
-1.371868 33.250408 0.000000
-1.364130 33.250408 0.015873
-1.250660 33.817043 -0.017809
-1.259220 33.816498 0.000000
-1.250660 33.817043 0.017809
1.009255 34.557743 -0.023618
1.020098 34.555798 0.000000
1.009255 34.557743 0.023618
0.695817 35.191032 -0.029401
0.708829 35.187008 0.000000
0.695817 35.191032 0.029401
-1.009255 34.557743 -0.023618
-1.020098 34.555798 0.000000
-1.009255 34.557743 0.023618
-0.695817 35.191032 -0.029401
-0.708829 35.187008 0.000000
-0.695817 35.191032 0.029401
0.367538 35.718479 -0.026794
0.382208 35.715927 -0.002786
0.371906 35.711910 0.027009
0.000000 12.844351 0.362924
-1.467419 12.844351 0.186983
-2.904808 12.844351 0.008241
-2.909138 12.844351 0.000000
-2.904808 12.844351 -0.008241
-1.467419 12.844351 -0.186983
0.000000 12.844351 -0.362924
1.467419 12.844351 -0.186983
2.904808 12.844351 -0.008241
2.909138 12.844351 0.000000
2.904808 12.844351 0.008241
1.467419 12.844351 0.186983
0.000000 11.746434 0.362924
-1.183061 11.746434 0.233463
-2.322988 11.746434 0.014190
-2.330004 11.746434 0.000000
-2.322988 11.746434 -0.014190
-1.183061 11.746434 -0.233463
0.000000 11.746434 -0.362924
1.183061 11.746434 -0.233463
2.322988 11.746434 -0.014190
2.330004 11.746434 0.000000
2.322988 11.746434 0.014190
1.183061 11.746434 0.233463
-0.726934 8.988657 0.283921
0.000000 8.988657 0.362924
0.726934 8.988657 0.283921
1.330975 8.988657 0.022028
1.341079 8.988657 0.000000
1.330975 8.988657 -0.022028
0.726934 8.988657 -0.283921
0.000000 8.988657 -0.362924
-0.726934 8.988657 -0.283921
-1.330975 8.988657 -0.022028
-1.341079 8.988657 0.000000
-1.330975 8.988657 0.022028
-0.895848 2.476479 0.283921
0.000000 2.476479 0.362924
0.895848 2.476479 0.283921
1.598198 2.309441 0.020939
1.607434 2.307394 0.000000
1.598198 2.309441 -0.020939
0.895848 2.476479 -0.283921
0.000000 2.476479 -0.362924
-0.895848 2.476479 -0.283921
-1.598198 2.309441 -0.020939
-1.607434 2.307394 0.000000
-1.598198 2.309441 0.020939
-0.678041 6.027304 0.283921
0.000000 6.027304 0.362924
0.678041 6.027304 0.283921
1.378166 6.027304 0.022143
1.388301 6.027304 0.000000
1.378166 6.027304 -0.022143
0.678041 6.027304 -0.283921
0.000000 6.027304 -0.362924
-0.678041 6.027304 -0.283921
-1.378166 6.027304 -0.022143
-1.388301 6.027304 0.000000
-1.378166 6.027304 0.022143
-1.574561 14.445534 0.186983
0.000000 14.445534 0.362924
1.574561 14.445534 0.186983
3.089179 14.445534 0.007164
3.092965 14.445534 0.000000
3.089179 14.445534 -0.007164
1.574561 14.445534 -0.186983
0.000000 14.445534 -0.362924
-1.574561 14.445534 -0.186983
-3.089179 14.445534 -0.007164
-3.092965 14.445534 0.000000
-3.089179 14.445534 0.007164
0.000000 0.306707 0.346383
0.000000 0.315691 0.362924
1.199064 0.254604 0.267934
1.198067 0.263918 0.283921
-1.199064 0.254604 0.267934
-1.198067 0.263918 0.283921
1.790599 -0.002615 0.005759
1.794044 0.005468 0.020241
0.000000 0.306707 -0.346383
0.000000 0.315691 -0.362924
1.199064 0.254604 -0.267934
1.198067 0.263918 -0.283921
-1.199064 0.254604 -0.267934
-1.198067 0.263918 -0.283921
1.794044 0.005468 -0.020241
1.790599 -0.002615 -0.005759
-1.794044 0.005468 0.020241
-1.790599 -0.002615 0.005759
-1.790599 -0.002615 -0.005759
-1.794044 0.005468 -0.020241
-1.792929 -0.003960 -0.000000
-1.802695 0.000000 0.000000
1.792929 -0.003960 -0.000000
1.802695 0.000000 0.000000
-1.199064 0.254604 0.000000
0.000000 0.306707 0.000000
1.199064 0.254604 0.000000
-0.447924 2.476479 0.323423
-0.342366 4.679508 0.323423
-0.339020 6.027304 0.323423
-0.335588 7.410013 0.323423
-0.335588 7.410013 -0.323423
-0.339020 6.027304 -0.323423
-0.342366 4.679508 -0.323423
-0.447924 2.476479 -0.323423
-0.864756 0.315857 -0.323423
-0.865254 0.306707 -0.307159
-0.865254 0.306707 0.000000
-0.865254 0.306707 0.307159
-0.864756 0.315857 0.323423
0.447924 2.476479 0.323423
0.342366 4.679508 0.323423
0.339020 6.027304 0.323423
0.335588 7.410013 0.323423
0.335588 7.410013 -0.323423
0.339020 6.027304 -0.323423
0.342366 4.679508 -0.323423
0.447924 2.476479 -0.323423
0.864756 0.315857 -0.323423
0.865254 0.306707 -0.307159
0.865254 0.306707 0.000000
0.865254 0.306707 0.307159
0.864756 0.315857 0.323423
