6.014715 23.149362 0.000003
5.314782 21.355618 0.000003
5.837811 20.637164 0.000002
7.727384 19.114844 0.000003
8.967077 18.137054 0.000002
10.838555 16.202194 0.000001
11.894854 14.576624 0.000001
12.556345 12.825983 0.000002
12.698734 11.611028 -0.000001
12.193777 9.512788 0.000001
10.872132 7.067943 0.000002
8.552082 4.169874 -0.000001
5.610957 1.684595 -0.000003
2.687376 0.298274 -0.000001
7.032764 24.734831 -2.984025
5.517896 23.256956 -2.382638
4.876408 21.437964 -2.115220
5.362002 20.714990 -2.303403
7.113807 19.179523 -2.996718
8.263728 18.187833 -3.457276
10.001215 16.225302 -4.160489
10.982290 14.584003 -4.561626
11.596534 12.825671 -4.814187
11.728846 11.609937 -4.868664
11.261893 9.514755 -4.675529
10.040414 7.071024 -4.170415
7.896493 4.169853 -3.283979
5.176167 1.681799 -2.164779
2.470696 0.295568 -1.065393
5.253702 24.882188 -5.507856
4.101133 23.370154 -4.402543
3.627621 21.527168 -3.908416
4.006045 20.802251 -4.256135
5.362075 19.262576 -5.537216
6.252991 18.263179 -6.388211
7.603107 16.280106 -7.687582
8.367583 14.623068 -8.428786
8.847840 12.852519 -8.895461
8.953500 11.631313 -8.996118
8.599960 9.530305 -8.639254
7.667811 7.078731 -7.705921
6.026498 4.166181 -6.067996
3.935157 1.671715 -3.999991
1.852503 0.287228 -1.968590
2.587152 25.029271 -7.194226
1.981658 23.481119 -5.752202
1.761372 21.614682 -5.106594
1.978724 20.891019 -5.560909
2.737304 19.359323 -7.234721
3.234913 18.361426 -8.346601
3.994637 16.370026 -10.044311
4.429932 14.699641 -11.012740
4.709383 12.912274 -11.622481
4.777757 11.678958 -11.753995
4.601148 9.556668 -11.287728
4.106730 7.081837 -10.068272
3.217434 4.149251 -7.928218
2.068919 1.650002 -5.226242
0.924023 0.272874 -2.572087
-0.538566 25.136662 -7.786401
-0.502653 23.563092 -6.226139
-0.427031 21.680190 -5.527338
-0.398804 20.958737 -6.019087
-0.342795 19.436896 -7.830808
-0.309441 18.442389 -9.034296
-0.250014 16.445232 -10.871885
-0.207366 14.760625 -11.920105
-0.169342 12.952158 -12.580083
-0.147977 11.702290 -12.722432
-0.121210 9.551157 -12.217750
-0.107201 7.049599 -10.897819
-0.116642 4.103133 -8.581442
-0.148856 1.612144 -5.656842
-0.176659 0.252833 -2.784008
-3.609968 25.163954 -7.194227
-2.951463 23.588673 -5.752204
-2.590112 21.703357 -5.106596
-2.747569 20.982037 -5.560912
-3.378899 19.457541 -7.234723
-3.799414 18.456918 -8.346603
-4.428532 16.438693 -10.044312
-4.778864 14.730565 -11.012741
-4.992492 12.895125 -11.622481
-5.030366 11.628275 -11.753994
-4.827012 9.457776 -11.287728
-4.332536 6.949783 -10.068270
-3.478697 4.017634 -7.928217
-2.387737 1.558392 -5.226239
-1.283772 0.229134 -2.572086
-4.985218 23.551154 -4.402546
-4.395208 21.678793 -3.908419
-4.705462 20.954852 -4.256138
-5.897471 19.410899 -5.537217
-6.686213 18.390146 -6.388214
-7.877348 16.326740 -7.687583
-8.557659 14.582077 -8.428787
-8.996780 12.715924 -8.895462
-9.101475 11.436932 -8.996117
-8.785853 9.270317 -8.639254
-7.921143 6.789378 -7.705921
-6.355300 3.905578 -6.067995
-4.304933 1.498309 -3.999989
-2.227776 0.205952 -1.968589
-7.793314 24.985094 -2.984027
-6.316277 23.470271 -2.382641
-5.582847 21.620114 -2.115223
-5.991982 20.893991 -2.303407
-7.543002 19.329961 -2.996719
-8.565675 18.289056 -3.457274
-10.115813 16.181372 -4.160488
-11.013511 14.402216 -4.561628
-11.611311 12.510146 -4.814190
-11.772192 11.224352 -4.868663
-11.407827 9.074123 -4.675528
-10.321288 6.633720 -4.170415
-8.292835 3.806618 -3.283975
-5.596903 1.449834 -2.164772
-2.861494 0.188780 -1.065390
-8.361789 24.847353 -0.006969
-6.777592 23.369864 -0.000001
-5.995889 21.545615 0.000001
-6.439030 20.821786 0.000001
-8.112592 19.258243 0.000001
-9.214643 18.217627 0.000005
-10.887020 16.107639 0.000001
-11.860275 14.322388 -0.000004
-12.515545 12.423008 -0.000001
-12.698734 11.134666 0.000000
-12.323153 8.990592 0.000005
-11.164411 6.568047 0.000008
-8.976386 3.766515 0.000005
-6.052808 1.431096 0.000003
-3.084606 0.182420 0.000001
-7.793312 24.685863 2.970091
-6.316276 23.254539 2.382639
-5.582845 21.462521 2.115220
-5.991979 20.745297 2.303404
-7.543000 19.202934 2.996720
-8.565672 18.184657 3.457276
-10.115810 16.123189 4.160488
-11.013508 14.371678 4.561623
-11.611306 12.495795 4.814192
-11.772187 11.214857 4.868663
-11.407822 9.066837 4.675533
-10.321284 6.629039 4.170420
-8.292831 3.805392 3.283975
-5.596903 1.449767 2.164781
-2.861488 0.188782 1.065396
-6.145386 24.490416 5.493921
-4.985221 23.122694 4.402541
-4.395206 21.371492 3.908420
-4.705462 20.661258 4.256140
-5.897471 19.142520 5.537219
-6.686214 18.152296 6.388215
-7.877346 16.161710 7.687585
-8.557658 14.469446 8.428792
-8.996778 12.643909 8.895462
-9.101473 11.384441 8.996121
-8.785851 9.240106 8.639257
-7.921140 6.776041 7.705930
-6.355296 3.902879 6.067999
-4.304932 1.498174 4.000000
-2.227769 0.205952 1.968597
-3.609970 24.295244 7.180292
-2.951461 22.993069 5.752202
-2.590114 21.282161 5.106592
-2.747570 20.575706 5.560908
-3.378895 19.068417 7.234727
-3.799413 18.097043 8.346601
-4.428529 16.165115 10.044314
-4.778861 14.529703 11.012738
-4.992487 12.759106 11.622484
-5.030361 11.527750 11.753996
-4.827006 9.402557 11.287728
-4.332530 6.927639 10.068278
-3.478687 4.013620 7.928220
-2.387728 1.558210 5.226243
-1.283767 0.229134 2.572090
-0.538572 24.167940 7.772471
-0.502657 22.903360 6.226137
-0.427037 21.215897 5.527333
-0.398806 20.509325 6.019088
-0.342796 19.000212 7.830805
-0.309443 18.033887 9.034298
-0.250014 16.128569 10.871880
-0.207368 14.525397 11.920107
-0.169341 12.791693 12.580083
-0.147976 11.583514 12.722432
-0.121207 9.486276 12.217754
-0.107197 7.023956 10.897820
-0.116637 4.098596 8.581448
-0.148854 1.611942 5.656842
-0.176653 0.252832 2.784008
2.587147 24.160567 7.180290
1.981657 22.885509 5.752202
1.761369 21.193486 5.106593
1.978722 20.484682 5.560911
2.737299 18.970189 7.234722
3.234910 18.001550 8.346603
3.994643 16.096451 10.044314
4.429931 14.498781 11.012738
4.709385 12.776258 11.622482
4.777757 11.578433 11.753993
4.601151 9.501448 11.287727
4.106733 7.059691 10.068272
3.217435 4.145236 7.928217
2.068925 1.649821 5.226245
0.924030 0.272874 2.572093
5.253700 24.270222 5.493924
4.101130 22.941695 4.402544
3.627621 21.219864 3.908421
4.006048 20.508655 4.256137
5.362072 18.994199 5.537217
6.252993 18.025336 6.388215
7.603104 16.115080 7.687583
8.367585 14.510442 8.428786
8.847842 12.780499 8.895462
8.953506 11.578819 8.996118
8.599961 9.500092 8.639254
7.667814 7.065392 7.705923
6.026508 4.163482 6.067998
3.935155 1.671581 3.999987
1.852503 0.287228 1.968591
7.032761 24.435600 2.970093
5.517898 23.041225 2.382643
4.876408 21.280371 2.115224
5.362003 20.566293 2.303409
7.113802 19.052496 2.996722
8.263726 18.083434 3.457278
10.001217 16.167119 4.160491
10.982290 14.553464 4.561628
11.596535 12.811319 4.814192
11.728848 11.600440 4.868664
11.261895 9.507469 4.675531
10.040415 7.066345 4.170417
7.896500 4.168630 3.283977
5.176162 1.681732 2.164782
2.470696 0.295570 1.065393
-0.182668 -0.000000 0.000001
4.561067 23.569179 0.000002
4.173296 23.657329 -1.853616
3.065591 23.749078 -3.425039
1.405307 23.840657 -4.475029
-0.540870 23.907523 -4.843737
-2.453228 23.924515 -4.475030
-4.031863 23.886179 -3.425040
-5.057920 23.813150 -1.853617
-5.411872 23.727390 -0.000001
-5.057919 23.626840 1.853617
-4.031865 23.505147 3.425038
-2.453230 23.383627 4.475029
-0.540874 23.304362 4.843740
1.405304 23.299773 4.475028
3.065590 23.368047 3.425040
4.173293 23.471017 1.853618
-0.483137 15.699927 0.000000
-4.820783 24.252391 4.186459
-2.857652 24.108003 5.393668
-0.554252 24.003938 5.966074
1.908157 23.986967 5.666635
3.999382 24.074236 4.326285
5.285010 24.208109 2.296167
5.797963 24.329332 0.000002
5.296214 24.438976 -2.300624
3.941684 24.553548 -4.270596
1.903998 24.671408 -5.656774
-0.557740 24.763823 -6.259142
-2.972811 24.777309 -5.655252
-4.977423 24.729567 -4.337643
-6.172894 24.632851 -2.305384
-6.605936 24.526042 -0.000002
-6.216833 24.401131 2.323187
-2.988138 23.723145 -5.822708
-6.509147 25.076494 -4.950749
-5.841696 24.953081 -5.185672
-4.152573 25.150777 -6.833327
-7.499758 25.005989 -3.433612
-5.953236 24.684944 -5.338278
-5.397958 24.447821 -4.766809
-5.074386 25.128392 -6.220206
-6.537541 23.849130 -2.467399
-5.403157 24.827251 -5.794997
-5.303778 25.021126 -5.732780
2.881695 24.172679 6.994013
3.217415 24.136552 6.494244
4.166830 24.193184 5.995034
4.435546 24.236577 6.011336
3.263071 24.049751 6.648928
4.258286 24.099504 6.026157
2.947102 24.151598 6.934831
2.230736 23.975874 6.415854
-0.556534 23.984506 6.944475
-3.296679 24.096059 6.415855
-5.560757 24.265723 4.910480
-7.033899 24.435980 2.657533
-7.542450 24.577750 -0.000002
-6.997380 24.636487 -2.643544
-5.110617 24.711014 -5.138436
-3.296885 24.855194 -6.416252
-0.555854 24.813580 -6.935477
6.701157 24.266614 0.000003
6.146222 24.384955 -2.637548
4.569353 24.508731 -4.871220
2.210270 24.631268 -6.361315
4.584780 24.015512 4.886664
6.155099 24.140671 2.641153
4.435546 24.236577 6.011336
-7.542450 24.790762 -0.000002
-6.760754 24.080981 2.074891
-5.427682 23.923886 4.420800
-2.847394 23.746846 6.137485
-0.506493 23.654745 6.502010
2.230736 23.920325 6.501045
7.320331 24.758638 -0.005707
6.733852 24.896918 -2.866391
5.054076 25.045198 -5.319604
2.506504 25.200038 -7.012727
-0.539852 25.324664 -7.683952
-3.547260 25.338914 -7.042765
-7.596175 25.155252 -2.901463
-8.134307 25.018738 -0.006066
-7.592822 24.862665 2.887821
-5.914736 24.661981 5.266255
-3.456845 24.470146 6.816648
-0.541599 24.349286 7.423671
2.472922 24.344376 6.925651
5.033832 24.448882 5.289250
6.690712 24.604091 2.838200
-5.841696 25.166093 -5.185672
4.149925 24.394188 5.826562
3.096842 24.335789 6.418027
