7.483224 -0.000001 -8.918148
5.820917 -0.000001 -10.082109
3.981744 -0.000001 -10.939732
2.021588 -0.000001 -11.464956
0.000007 -0.000001 -11.641822
-2.021575 -0.000001 -11.464959
-3.981732 -0.000001 -10.939738
-5.820906 -0.000001 -10.082118
-7.483216 -0.000001 -8.918158
-8.918150 -0.000001 -7.483223
-10.082111 -0.000001 -5.820915
-10.939733 -0.000001 -3.981742
-11.464956 -0.000001 -2.021585
-11.641823 -0.000001 -0.000004
-11.464959 -0.000001 2.021578
-10.939738 -0.000001 3.981735
-10.082118 -0.000001 5.820910
-8.918158 -0.000001 7.483219
-7.483223 -0.000001 8.918153
-5.820914 -0.000001 10.082116
-3.981741 -0.000001 10.939738
-2.021584 -0.000001 11.464961
-0.000002 -0.000001 11.641828
2.021580 -0.000001 11.464961
3.981738 -0.000001 10.939740
5.820913 -0.000001 10.082118
7.483222 -0.000001 8.918158
8.918156 -0.000001 7.483223
10.082118 -0.000001 5.820914
10.939740 -0.000001 3.981740
11.464963 -0.000001 2.021583
11.641829 -0.000001 0.000000
11.464956 0.910213 -2.021572
10.939738 0.910213 -3.981729
10.082118 0.910213 -5.820904
8.918158 0.910213 -7.483212
7.483224 0.910213 -8.918148
5.820917 0.910213 -10.082109
3.981744 0.910213 -10.939732
2.021588 0.910213 -11.464956
0.000007 0.910213 -11.641822
-2.021575 0.910213 -11.464959
-3.981732 0.910213 -10.939738
-5.820906 0.910213 -10.082118
-7.483216 0.910213 -8.918158
-8.918150 0.910213 -7.483223
-10.082111 0.910213 -5.820915
-10.939733 0.910213 -3.981742
-11.464956 0.910213 -2.021585
-11.641823 0.910213 -0.000004
-11.464959 0.910213 2.021578
-10.939738 0.910213 3.981735
-10.082118 0.910213 5.820910
-8.918158 0.910213 7.483219
-7.483223 0.910213 8.918153
-5.820914 0.910213 10.082116
-3.981741 0.910213 10.939738
-2.021584 0.910213 11.464961
-0.000002 0.910213 11.641828
2.021580 0.910213 11.464961
3.981738 0.910213 10.939740
5.820913 0.910213 10.082118
7.483222 0.910213 8.918158
8.918156 0.910213 7.483223
10.082118 0.910213 5.820914
10.939740 0.910213 3.981740
11.464963 0.910213 2.021583
11.641829 0.910213 0.000000
3.285356 0.910213 -0.579293
3.134858 0.910213 -1.140991
2.889092 0.910213 -1.668019
2.555563 0.910213 -2.144365
2.144372 0.910213 -2.555558
1.668025 0.910213 -2.889087
1.140997 0.910213 -3.134854
0.579301 0.910213 -3.285356
0.000004 0.910213 -3.336042
-0.579294 0.910213 -3.285351
-1.140991 0.910213 -3.134856
-1.668019 0.910213 -2.889089
-2.144366 0.910213 -2.555559
-2.555558 0.910213 -2.144367
-2.889086 0.910213 -1.668020
-3.134853 0.910213 -1.140992
-3.285350 0.910213 -0.579297
-3.336041 0.910213 0.000000
-3.285356 0.910213 0.579298
-3.134856 0.910213 1.140995
-2.889088 0.910213 1.668024
-2.555558 0.910213 2.144370
-2.144367 0.910213 2.555563
-1.668019 0.910213 2.889091
-1.140991 0.910213 3.134858
-0.579296 0.910213 3.285361
0.000001 0.910213 3.336046
0.579299 0.910213 3.285355
1.140996 0.910213 3.134859
1.668025 0.910213 2.889093
2.144372 0.910213 2.555563
2.555563 0.910213 2.144371
2.889093 0.910213 1.668024
3.134860 0.910213 1.140996
3.285356 0.910213 0.579299
3.336047 0.910213 0.000001
3.285227 -0.000001 -0.579270
3.134731 -0.000001 -1.140941
2.888978 -0.000001 -1.667952
2.555459 -0.000001 -2.144274
2.144284 -0.000001 -2.555451
1.667961 -0.000001 -2.888971
1.140951 -0.000001 -3.134726
0.579277 -0.000001 -3.285222
0.000004 -0.000001 -3.335913
-0.579271 -0.000001 -3.285222
-1.140941 -0.000001 -3.134729
-1.667953 -0.000001 -2.888975
-2.144276 -0.000001 -2.555457
-2.555452 -0.000001 -2.144280
-2.888972 -0.000001 -1.667956
-3.134727 -0.000001 -1.140947
-3.285221 -0.000001 -0.579272
-3.335913 -0.000001 0.000001
-3.285221 -0.000001 0.579276
-3.134729 -0.000001 1.140946
-2.888975 -0.000001 1.667959
-2.555457 -0.000001 2.144280
-2.144280 -0.000001 2.555456
-1.667956 -0.000001 2.888976
-1.140947 -0.000001 3.134731
-0.579272 -0.000001 3.285226
0.000001 -0.000001 3.335918
0.579276 -0.000001 3.285226
1.140947 -0.000001 3.134732
1.667959 -0.000001 2.888978
2.144282 -0.000001 2.555459
2.555458 -0.000001 2.144283
2.888978 -0.000001 1.667960
3.134732 -0.000001 1.140949
3.285227 -0.000001 0.579276
3.335918 -0.000001 0.000002
-1.983751 0.910213 -11.250446
0.000007 0.910213 -11.424000
1.983764 0.910213 -11.250443
3.907244 0.910213 -10.735046
5.712006 0.910213 -9.893469
7.343210 0.910213 -8.751287
8.751296 0.910213 -7.343199
9.893478 0.910213 -5.711992
10.735052 0.910213 -3.907230
11.250443 0.910213 -1.983748
11.424006 0.910213 0.000000
11.250450 0.910213 1.983758
10.735054 0.910213 3.907240
9.893478 0.910213 5.712003
8.751294 0.910213 7.343210
7.343209 0.910213 8.751296
5.712001 0.910213 9.893478
3.907238 0.910213 10.735054
1.983756 0.910213 11.250448
-0.000002 0.910213 11.424006
-1.983759 0.910213 11.250448
-3.907241 0.910213 10.735052
-5.712003 0.910213 9.893476
-7.343210 0.910213 8.751291
-8.751296 0.910213 7.343206
-9.893478 0.910213 5.711999
-10.735052 0.910213 3.907236
-11.250446 0.910213 1.983754
-11.424001 0.910213 -0.000004
-11.250443 0.910213 -1.983761
-10.735047 0.910213 -3.907242
-9.893471 0.910213 -5.712004
-8.751289 0.910213 -7.343210
-7.343203 0.910213 -8.751296
-5.711995 0.910213 -9.893478
-3.907232 0.910213 -10.735052
-2.021575 0.766841 -11.464959
0.000007 0.766841 -11.641822
2.021588 0.766841 -11.464956
3.981744 0.766841 -10.939732
5.820917 0.766841 -10.082109
7.483224 0.766841 -8.918148
8.918158 0.766841 -7.483212
10.082118 0.766841 -5.820904
10.939738 0.766841 -3.981729
11.464956 0.766841 -2.021572
11.641829 0.766841 0.000000
11.464963 0.766841 2.021583
10.939740 0.766841 3.981740
10.082118 0.766841 5.820914
8.918156 0.766841 7.483223
7.483222 0.766841 8.918158
5.820913 0.766841 10.082118
3.981738 0.766841 10.939740
2.021580 0.766841 11.464961
-0.000002 0.766841 11.641828
-2.021584 0.766841 11.464961
-3.981741 0.766841 10.939738
-5.820914 0.766841 10.082116
-7.483223 0.766841 8.918153
-8.918158 0.766841 7.483219
-10.082118 0.766841 5.820910
-10.939738 0.766841 3.981735
-11.464959 0.766841 2.021578
-11.641823 0.766841 -0.000004
-11.464956 0.766841 -2.021585
-10.939733 0.766841 -3.981742
-10.082111 0.766841 -5.820915
-8.918150 0.766841 -7.483223
-7.483216 0.766841 -8.918158
-5.820906 0.766841 -10.082118
-3.981732 0.766841 -10.939738
-2.021575 0.155375 -11.464959
0.000007 0.155375 -11.641822
2.021588 0.155375 -11.464956
3.981744 0.155375 -10.939732
5.820917 0.155375 -10.082109
7.483224 0.155375 -8.918148
8.918158 0.155375 -7.483212
10.082118 0.155375 -5.820903
10.939738 0.155375 -3.981729
11.464956 0.155375 -2.021572
11.641829 0.155375 0.000000
11.464963 0.155375 2.021583
10.939740 0.155375 3.981740
10.082118 0.155375 5.820914
8.918156 0.155375 7.483223
7.483222 0.155375 8.918158
5.820913 0.155375 10.082118
3.981738 0.155375 10.939740
2.021580 0.155375 11.464961
-0.000002 0.155375 11.641827
-2.021584 0.155375 11.464961
-3.981741 0.155375 10.939738
-5.820914 0.155375 10.082116
-7.483223 0.155375 8.918153
-8.918158 0.155375 7.483219
-10.082118 0.155375 5.820910
-10.939738 0.155375 3.981735
-11.464959 0.155375 2.021578
-11.641823 0.155375 -0.000004
-11.464956 0.155375 -2.021585
-10.939732 0.155375 -3.981741
-10.082111 0.155375 -5.820915
-8.918150 0.155375 -7.483223
-7.483216 0.155375 -8.918158
-5.820906 0.155375 -10.082118
-3.981732 0.155375 -10.939738
-1.987787 -0.000001 -11.273339
-3.915183 -0.000001 -10.756896
-5.723619 -0.000001 -9.913611
-7.358145 -0.000001 -8.769105
-8.769097 -0.000001 -7.358153
-9.913604 -0.000001 -5.723627
-10.756892 -0.000001 -3.915193
-11.273337 -0.000001 -1.987798
-11.447247 -0.000001 -0.000004
-11.273339 -0.000001 1.987791
-10.756896 -0.000001 3.915187
-9.913611 -0.000001 5.723622
-8.769105 -0.000001 7.358149
-7.358153 -0.000001 8.769100
-5.723626 -0.000001 9.913608
-3.915192 -0.000001 10.756896
-1.987796 -0.000001 11.273342
-0.000002 -0.000001 11.447252
1.987793 -0.000001 11.273342
3.915189 -0.000001 10.756898
5.723625 -0.000001 9.913611
7.358152 -0.000001 8.769105
8.769103 -0.000001 7.358153
9.913611 -0.000001 5.723626
10.756898 -0.000001 3.915191
11.273344 -0.000001 1.987795
11.447253 -0.000001 0.000000
11.273337 -0.000001 -1.987785
10.756896 -0.000001 -3.915180
9.913611 -0.000001 -5.723616
8.769105 -0.000001 -7.358140
7.358154 -0.000001 -8.769095
5.723629 -0.000001 -9.913601
3.915195 -0.000001 -10.756891
1.987800 -0.000001 -11.273336
0.000007 -0.000001 -11.447247
-0.624892 -0.000001 -3.543951
-1.230797 -0.000001 -3.381605
-1.799313 -0.000001 -3.116498
-2.313149 -0.000001 -2.756712
-2.756708 -0.000001 -2.313154
-3.116494 -0.000001 -1.799316
-3.381603 -0.000001 -1.230803
-3.543951 -0.000001 -0.624893
-3.598633 -0.000001 0.000000
-3.543951 -0.000001 0.624896
-3.381605 -0.000001 1.230802
-3.116498 -0.000001 1.799319
-2.756712 -0.000001 2.313153
-2.313154 -0.000001 2.756711
-1.799316 -0.000001 3.116499
-1.230803 -0.000001 3.381608
-0.624893 -0.000001 3.543955
0.000001 -0.000001 3.598638
0.624897 -0.000001 3.543955
1.230803 -0.000001 3.381609
1.799320 -0.000001 3.116501
2.313156 -0.000001 2.756714
2.756714 -0.000001 2.313157
3.116501 -0.000001 1.799320
3.381609 -0.000001 1.230805
3.543956 -0.000001 0.624897
3.598638 -0.000001 0.000002
3.543956 -0.000001 -0.624891
3.381608 -0.000001 -1.230796
3.116501 -0.000001 -1.799312
2.756714 -0.000001 -2.313147
2.313157 -0.000001 -2.756706
1.799321 -0.000001 -3.116494
1.230807 -0.000001 -3.381602
0.624898 -0.000001 -3.543951
0.000004 -0.000001 -3.598633
-0.579274 0.137408 -3.285239
0.000004 0.137408 -3.335930
0.579280 0.137408 -3.285239
1.140957 0.137408 -3.134742
1.667969 0.137408 -2.888986
2.144295 0.137408 -2.555465
2.555472 0.137408 -2.144285
2.888993 0.137408 -1.667961
3.134748 0.137408 -1.140947
3.285243 0.137408 -0.579273
3.335935 0.137408 0.000002
3.285243 0.137408 0.579279
3.134749 0.137408 1.140955
2.888993 0.137408 1.667968
2.555471 0.137408 2.144294
2.144294 0.137408 2.555472
1.667968 0.137408 2.888993
1.140953 0.137408 3.134748
0.579279 0.137408 3.285243
0.000001 0.137408 3.335935
-0.579275 0.137408 3.285243
-1.140953 0.137408 3.134748
-1.667964 0.137408 2.888991
-2.144291 0.137408 2.555470
-2.555470 0.137408 2.144291
-2.888990 0.137408 1.667967
-3.134745 0.137408 1.140952
-3.285238 0.137408 0.579278
-3.335929 0.137408 0.000001
-3.285238 0.137408 -0.579275
-3.134743 0.137408 -1.140953
-2.888987 0.137408 -1.667964
-2.555466 0.137408 -2.144291
-2.144287 0.137408 -2.555470
-1.667962 0.137408 -2.888990
-1.140948 0.137408 -3.134745
-0.611522 0.910213 -3.468128
0.000004 0.910213 -3.521639
0.611530 0.910213 -3.468134
1.204475 0.910213 -3.309258
1.760823 0.910213 -3.049819
2.263671 0.910213 -2.697733
2.697739 0.910213 -2.263664
3.049824 0.910213 -1.760818
3.309262 0.910213 -1.204469
3.468133 0.910213 -0.611521
3.521644 0.910213 0.000001
3.468133 0.910213 0.611527
3.309264 0.910213 1.204474
3.049825 0.910213 1.760823
2.697739 0.910213 2.263670
2.263671 0.910213 2.697738
1.760823 0.910213 3.049825
1.204474 0.910213 3.309263
0.611528 0.910213 3.468133
0.000001 0.910213 3.521643
-0.611524 0.910213 3.468138
-1.204469 0.910213 3.309261
-1.760818 0.910213 3.049823
-2.263666 0.910213 2.697738
-2.697734 0.910213 2.263669
-3.049820 0.910213 1.760823
-3.309259 0.910213 1.204473
-3.468133 0.910213 0.611526
-3.521638 0.910213 0.000000
-3.468128 0.910213 -0.611525
-3.309257 0.910213 -1.204470
-3.049818 0.910213 -1.760818
-2.697734 0.910213 -2.263666
-2.263665 0.910213 -2.697734
-1.760818 0.910213 -3.049821
-1.204468 0.910213 -3.309259
-0.579290 0.747287 -3.285331
0.000004 0.747287 -3.336023
0.579297 0.747287 -3.285336
1.140990 0.747287 -3.134834
1.668015 0.747287 -2.889070
2.144358 0.747287 -2.555542
2.555547 0.747287 -2.144351
2.889075 0.747287 -1.668009
3.134839 0.747287 -1.140983
3.285336 0.747287 -0.579289
3.336028 0.747287 0.000002
3.285336 0.747287 0.579295
3.134841 0.747287 1.140989
2.889075 0.747287 1.668014
2.555547 0.747287 2.144358
2.144358 0.747287 2.555547
1.668015 0.747287 2.889075
1.140989 0.747287 3.134840
0.579296 0.747287 3.285336
0.000001 0.747287 3.336027
-0.579292 0.747287 3.285340
-1.140985 0.747287 3.134839
-1.668010 0.747287 2.889074
-2.144353 0.747287 2.555546
-2.555543 0.747287 2.144356
-2.889071 0.747287 1.668014
-3.134836 0.747287 1.140988
-3.285335 0.747287 0.579294
-3.336022 0.747287 0.000000
-3.285331 0.747287 -0.579293
-3.134834 0.747287 -1.140985
-2.889069 0.747287 -1.668010
-2.555542 0.747287 -2.144354
-2.144352 0.747287 -2.555543
-1.668009 0.747287 -2.889072
-1.140983 0.747287 -3.134836
4.816040 0.910213 -5.739526
5.739533 0.910213 -4.816031
6.488626 0.910213 -3.746206
7.040577 0.910213 -2.562553
7.378593 0.910213 -1.301038
7.492427 0.910213 0.000001
7.378595 0.910213 1.301047
7.040579 0.910213 2.562561
6.488627 0.910213 3.746214
5.739532 0.910213 4.816040
4.816040 0.910213 5.739533
3.746213 0.910213 6.488627
2.562560 0.910213 7.040578
1.301046 0.910213 7.378594
-0.000000 0.910213 7.492427
-1.301046 0.910213 7.378597
-2.562560 0.910213 7.040577
-3.746211 0.910213 6.488625
-4.816038 0.910213 5.739530
-5.739531 0.910213 4.816037
-6.488625 0.910213 3.746212
-7.040575 0.910213 2.562559
-7.378593 0.910213 1.301044
-7.492421 0.910213 -0.000002
-7.378590 0.910213 -1.301047
-7.040572 0.910213 -2.562560
-6.488621 0.910213 -3.746212
-5.739527 0.910213 -4.816038
-4.816034 0.910213 -5.739531
-3.746207 0.910213 -6.488625
-2.562555 0.910213 -7.040575
-1.301040 0.910213 -7.378591
0.000005 0.910213 -7.492421
1.301051 0.910213 -7.378593
2.562564 0.910213 -7.040572
3.746216 0.910213 -6.488619
6.221673 -0.000001 -3.592080
5.503397 -0.000001 -4.617887
4.617899 -0.000001 -5.503388
3.592090 -0.000001 -6.221664
2.457135 -0.000001 -6.750907
1.247522 -0.000001 -7.075021
0.000005 -0.000001 -7.184171
-1.247513 -0.000001 -7.075022
-2.457124 -0.000001 -6.750911
-3.592081 -0.000001 -6.221671
-4.617890 -0.000001 -5.503396
-5.503390 -0.000001 -4.617896
-6.221666 -0.000001 -3.592087
-6.750908 -0.000001 -2.457132
-7.075021 -0.000001 -1.247518
-7.184171 -0.000001 -0.000001
-7.075022 -0.000001 1.247517
-6.750911 -0.000001 2.457128
-6.221671 -0.000001 3.592086
-5.503396 -0.000001 4.617894
-4.617896 -0.000001 5.503393
-3.592087 -0.000001 6.221670
-2.457131 -0.000001 6.750913
-1.247517 -0.000001 7.075026
-0.000000 -0.000001 7.184176
1.247518 -0.000001 7.075026
2.457130 -0.000001 6.750914
3.592088 -0.000001 6.221673
4.617897 -0.000001 5.503397
5.503396 -0.000001 4.617898
6.221673 -0.000001 3.592089
6.750914 -0.000001 2.457132
7.075027 -0.000001 1.247519
7.184177 -0.000001 0.000001
7.075024 -0.000001 -1.247511
6.750913 -0.000001 -2.457122
