2.897974 15.833164 -2.116667
2.116666 15.833164 -2.897975
-2.897975 0.000000 -2.116667
-2.669136 0.000000 -2.669136
-2.116668 0.000000 -2.897975
-2.669136 15.833164 -2.669136
-2.116668 15.833164 -2.897975
-2.897975 15.833164 -2.116667
2.669136 15.833164 2.669135
2.116666 15.833164 2.897975
2.897975 15.833164 2.116667
2.897975 -0.000000 2.116667
2.669136 -0.000000 2.669135
2.116666 -0.000000 2.897975
-2.669136 15.833164 2.669136
-2.897975 15.833164 2.116667
-2.116668 15.833164 2.897975
-2.116668 -0.000000 2.897975
-2.669136 -0.000000 2.669136
-2.897975 -0.000000 2.116667
-0.000001 15.833164 3.310452
-0.000001 -0.000000 3.312604
-0.000001 0.000000 -3.312604
-0.000001 15.833164 -3.310452
3.310452 15.833164 0.000000
3.312603 0.000000 0.000000
-3.312604 0.000000 0.000000
-3.310452 15.833164 0.000000
2.339322 17.229889 -2.339321
3.030694 17.229889 -1.266031
1.266032 17.229889 -3.056471
-2.339322 17.229889 -2.339322
-1.266032 17.229889 -3.056471
-3.030694 17.229889 -1.275832
2.339320 17.229889 2.339323
1.266029 17.229889 3.056471
3.030694 17.229889 1.275832
-2.339324 17.229889 2.339320
-3.030694 17.229889 1.275832
-1.266034 17.229889 3.056471
-0.000001 17.229889 3.308301
0.000000 17.229889 -3.308301
3.308300 17.229889 0.000000
-3.308301 17.229889 0.000000
1.338110 17.229889 -1.338111
1.733580 17.229889 -0.724180
0.724180 17.229889 -1.748326
-1.338112 17.229889 -1.338111
-0.724181 17.229889 -1.748326
-1.733582 17.229889 -0.729786
1.338109 17.229889 1.338112
0.724180 17.229889 1.748326
1.733580 17.229889 0.729786
-1.338112 17.229889 1.338110
-1.733582 17.229889 0.729786
-0.724182 17.229889 1.748326
-0.000001 17.229889 1.892374
-0.000001 17.229889 -1.892374
1.892373 17.229889 0.000000
-1.892375 17.229889 0.000000
1.338110 0.000000 -1.338111
1.733580 0.000000 -0.724180
0.724180 0.000000 -1.748326
-1.338112 0.000000 -1.338111
-0.724181 0.000000 -1.748326
-1.733582 0.000000 -0.729786
1.338109 -0.000000 1.338112
0.724180 -0.000000 1.748326
1.733580 -0.000000 0.729786
-1.338112 -0.000000 1.338110
-1.733582 -0.000000 0.729786
-0.724182 -0.000000 1.748326
-0.000001 -0.000000 1.892374
-0.000001 0.000000 -1.892374
1.892373 0.000000 0.000000
-1.892375 0.000000 0.000000
-2.669136 15.705902 -2.669136
-2.116668 15.705902 -2.897975
-0.000001 15.705902 -3.312604
2.116666 15.705902 -2.897975
2.669136 15.705902 -2.669136
2.897974 15.705902 -2.116667
3.312603 15.705902 0.000000
2.897975 15.705902 2.116667
2.669136 15.705902 2.669135
2.116666 15.705902 2.897975
-0.000001 15.705902 3.312604
-2.116668 15.705902 2.897975
-2.669136 15.705902 2.669136
-2.897975 15.705902 2.116667
-3.312604 15.705902 0.000000
-2.897975 15.705902 -2.116667
-2.669136 0.095959 2.669136
-2.116668 0.095959 2.897975
-0.000001 0.095959 3.312604
2.116666 0.095959 2.897975
2.669136 0.095959 2.669135
2.897975 0.095959 2.116667
3.312603 0.095959 0.000000
2.897974 0.095959 -2.116667
2.669136 0.095959 -2.669136
2.116666 0.095959 -2.897975
-0.000001 0.095959 -3.312604
-2.116668 0.095959 -2.897975
-2.669136 0.095959 -2.669136
-2.897975 0.095959 -2.116667
-3.312604 0.095959 0.000000
-2.897975 0.095959 2.116667
-2.503309 -0.000000 2.503308
-1.920533 -0.000000 2.701512
-0.000001 -0.000000 3.155440
1.920532 -0.000000 2.701512
2.503308 -0.000000 2.503308
2.745110 -0.000000 1.953085
3.155439 0.000000 0.000000
2.700108 0.000000 -1.920533
2.503308 0.000000 -2.503308
1.920532 0.000000 -2.701512
-0.000001 0.000000 -3.155440
-1.920533 0.000000 -2.701512
-2.503309 0.000000 -2.503308
-2.745111 0.000000 -1.953085
-3.155441 0.000000 0.000000
-2.700109 -0.000000 1.921067
-1.391576 -0.000000 1.391573
-0.777097 -0.000000 1.797150
-0.000001 -0.000000 1.936702
0.777093 -0.000000 1.797150
1.391572 -0.000000 1.391575
1.782864 -0.000000 0.782525
1.936701 0.000000 0.000000
1.782864 0.000000 -0.777094
1.391573 0.000000 -1.391574
0.777094 0.000000 -1.797150
-0.000001 0.000000 -1.936702
-0.777094 0.000000 -1.797150
-1.391575 0.000000 -1.391574
-1.782866 0.000000 -0.782526
-1.936702 0.000000 0.000000
-1.782866 -0.000000 0.782526
-0.724181 0.099586 -1.748326
-0.000001 0.099586 -1.892374
0.724180 0.099586 -1.748326
1.338110 0.099586 -1.338111
1.733580 0.099586 -0.724180
1.892373 0.099586 0.000000
1.733580 0.099586 0.729786
1.338109 0.099586 1.338112
0.724180 0.099586 1.748326
-0.000001 0.099586 1.892374
-0.724182 0.099586 1.748326
-1.338112 0.099586 1.338110
-1.733582 0.099586 0.729786
-1.892375 0.099586 0.000000
-1.733582 0.099586 -0.729786
-1.338112 0.099586 -1.338111
-1.338112 17.063578 -1.338111
-0.724181 17.063578 -1.748326
-0.000001 17.063578 -1.892374
0.724180 17.063578 -1.748326
1.338110 17.063578 -1.338111
1.733580 17.063578 -0.724180
1.892373 17.063578 0.000000
1.733580 17.063578 0.729786
1.338109 17.063578 1.338111
0.724178 17.063578 1.748326
-0.000001 17.063578 1.892374
-0.724182 17.063578 1.748326
-1.338112 17.063578 1.338110
-1.733582 17.063578 0.729786
-1.892375 17.063578 0.000000
-1.733582 17.063578 -0.729786
-1.407309 17.229889 -1.407308
-0.761630 17.229889 -1.838737
-0.000001 17.229889 -1.990234
0.761629 17.229889 -1.838736
1.407308 17.229889 -1.407308
1.823228 17.229889 -0.761629
1.990233 17.229889 0.000000
1.823228 17.229889 0.767525
1.407306 17.229889 1.407309
0.761629 17.229889 1.838737
-0.000001 17.229889 1.990234
-0.761631 17.229889 1.838736
-1.407310 17.229889 1.407307
-1.823230 17.229889 0.767525
-1.990235 17.229889 0.000000
-1.823230 17.229889 -0.767525
-2.236937 17.229889 -2.236936
-1.210621 17.229889 -2.922697
0.000000 17.229889 -3.163505
1.210620 17.229889 -2.922697
2.236936 17.229889 -2.236935
2.898046 17.229889 -1.210620
3.163504 17.229889 0.000000
2.898046 17.229889 1.219992
2.236934 17.229889 2.236937
1.210619 17.229889 2.922698
-0.000001 17.229889 3.163505
-1.210623 17.229889 2.922697
-2.236938 17.229889 2.236934
-2.898047 17.229889 1.219992
-3.163506 17.229889 0.000000
-2.898047 17.229889 -1.219992
-3.308301 15.904499 0.000000
-3.030694 15.904499 -1.275832
-2.339322 15.904499 -2.339322
-1.266032 15.904499 -3.056471
0.000000 15.904499 -3.308301
1.266032 15.904499 -3.056471
2.339322 15.904499 -2.339321
3.030694 15.904499 -1.266031
3.308300 15.904499 0.000000
3.030694 15.904499 1.275832
2.339320 15.904499 2.339323
1.266029 15.904499 3.056471
-0.000001 15.904499 3.308301
-1.266034 15.904499 3.056471
-2.339324 15.904499 2.339320
-3.030694 15.904499 1.275832
-3.308301 17.141407 0.000000
-3.030694 17.141407 -1.275832
-2.339322 17.141407 -2.339322
-1.266032 17.141407 -3.056471
0.000000 17.141407 -3.308301
1.266032 17.141407 -3.056471
2.339322 17.141407 -2.339321
3.030694 17.141407 -1.266031
3.308300 17.141407 0.000000
3.030694 17.141407 1.275832
2.339320 17.141407 2.339323
1.266029 17.141407 3.056471
-0.000001 17.141407 3.308301
-1.266034 17.141407 3.056471
-2.339324 17.141407 2.339320
-3.030694 17.141407 1.275832
-2.116668 15.399492 -2.897975
-0.000001 15.399499 -3.312604
2.116666 15.399499 -2.897975
2.669136 15.399499 -2.669136
2.897974 15.399492 -2.116667
3.312603 15.399492 0.000000
2.897975 15.399499 2.116667
2.669136 15.399492 2.669135
2.116666 15.399492 2.897975
-0.000001 15.399492 3.312604
-2.116668 15.399499 2.897975
-2.669136 15.399492 2.669136
-2.897975 15.399492 2.116667
-3.312604 15.399499 0.000000
-2.897975 15.399499 -2.116667
-2.669136 15.399499 -2.669136
-2.116668 0.538946 2.897975
-0.000001 0.538946 3.312604
2.116666 0.538946 2.897975
2.669136 0.538946 2.669135
2.897975 0.538946 2.116667
3.312603 0.538946 0.000000
2.897974 0.538946 -2.116667
2.669136 0.538946 -2.669136
2.116666 0.538946 -2.897975
-0.000001 0.538946 -3.312604
-2.116668 0.538946 -2.897975
-2.669136 0.538946 -2.669136
-2.897975 0.538946 -2.116667
-3.312604 0.538946 0.000000
-2.897975 0.538946 2.116667
-2.669136 0.538946 2.669136
-1.892375 8.581583 0.000000
-1.733582 8.581583 -0.729786
-1.338112 8.581583 -1.338111
-0.724181 8.581583 -1.748326
-0.000001 8.581583 -1.892374
0.724180 8.581583 -1.748326
1.338110 8.581583 -1.338111
1.733580 8.581583 -0.724180
1.892373 8.581583 0.000000
1.733580 8.581583 0.729786
1.338109 8.581583 1.338111
0.724180 8.581583 1.748326
-0.000001 8.581583 1.892374
-0.724182 8.581583 1.748326
-1.338112 8.581583 1.338110
-1.733582 8.581583 0.729786
-1.892375 16.912334 0.000000
-1.733582 16.912334 -0.729786
-1.338112 16.912334 -1.338111
-0.724181 16.912334 -1.748326
-0.000001 16.912334 -1.892374
0.724180 16.912334 -1.748326
1.338110 16.912334 -1.338111
1.733580 16.912334 -0.724180
1.892373 16.912334 0.000000
1.733580 16.912334 0.729786
1.338109 16.912334 1.338111
0.724180 16.912334 1.748326
-0.000001 16.912334 1.892374
-0.724182 16.912334 1.748326
-1.338112 16.912334 1.338110
-1.733582 16.912334 0.729786
-1.892375 0.504656 0.000000
-1.733582 0.504656 -0.729786
-1.338112 0.504656 -1.338111
-0.724181 0.504656 -1.748326
-0.000001 0.504656 -1.892374
0.724180 0.504656 -1.748326
1.338110 0.504656 -1.338111
1.733580 0.504656 -0.724180
1.892373 0.504656 0.000000
1.733580 0.504656 0.729786
1.338109 0.504656 1.338111
0.724180 0.504656 1.748326
-0.000001 0.504656 1.892374
-0.724182 0.504656 1.748326
-1.338112 0.504656 1.338110
-1.733582 0.504656 0.729786
2.306495 17.229889 0.970967
1.780329 17.229889 1.780331
0.963506 17.229889 2.326114
-0.000001 17.229889 2.517767
-0.963510 17.229889 2.326113
-1.780333 17.229889 1.780329
-2.306497 17.229889 0.970967
-2.517767 17.229889 0.000000
-2.306497 17.229889 -0.970967
-1.780330 17.229889 -1.780330
-0.963508 17.229889 -2.326114
0.000000 17.229889 -2.517767
0.963507 17.229889 -2.326113
1.780330 17.229889 -1.780330
2.306495 17.229889 -0.963507
2.517766 17.229889 0.000000
2.669136 4.693041 -2.669136
2.897974 4.693040 -2.116667
3.312603 4.693040 0.000000
2.897975 4.693041 2.116667
2.669136 4.693040 2.669136
2.116666 4.693040 2.897975
-0.000001 4.693040 3.312604
-2.116668 4.693041 2.897975
-2.669136 4.693040 2.669136
-2.897975 4.693040 2.116667
-3.312604 4.693041 0.000000
-2.897975 4.693041 -2.116667
-2.669136 4.693041 -2.669136
-2.116668 4.693040 -2.897975
-0.000001 4.693041 -3.312604
2.116666 4.693041 -2.897975
2.669136 4.211601 -2.669136
2.897974 4.211600 -2.116667
3.312603 4.211600 0.000000
2.897975 4.211601 2.116667
2.669136 4.211600 2.669136
2.116666 4.211600 2.897975
-0.000001 4.211600 3.312604
-2.116668 4.211601 2.897975
-2.669136 4.211600 2.669136
-2.897975 4.211600 2.116667
-3.312604 4.211601 0.000000
-2.897975 4.211601 -2.116667
-2.669136 4.211601 -2.669136
-2.116668 4.211600 -2.897975
-0.000001 4.211601 -3.312604
2.116666 4.211601 -2.897975
-2.116668 8.671735 -2.897975
-2.669136 8.671739 -2.669136
-2.897975 8.671739 -2.116667
-3.312604 8.671739 0.000000
-2.897975 8.671735 2.116667
-2.669136 8.671735 2.669136
-2.116668 8.671739 2.897975
-0.000001 8.671735 3.312604
2.116666 8.671735 2.897975
2.669136 8.671735 2.669136
2.897975 8.671739 2.116667
3.312603 8.671735 0.000000
2.897974 8.671735 -2.116667
2.669136 8.671739 -2.669136
2.116666 8.671739 -2.897975
-0.000001 8.671739 -3.312604
-2.116668 8.190294 -2.897975
-2.669136 8.190298 -2.669136
-2.897975 8.190298 -2.116667
-3.312604 8.190299 0.000000
-2.897975 8.190294 2.116667
-2.669136 8.190294 2.669136
-2.116668 8.190298 2.897975
-0.000001 8.190294 3.312605
2.116666 8.190294 2.897975
2.669136 8.190294 2.669136
2.897975 8.190298 2.116667
3.312604 8.190294 0.000000
2.897974 8.190294 -2.116667
2.669136 8.190298 -2.669136
2.116666 8.190298 -2.897975
-0.000001 8.190299 -3.312604
-0.000001 12.732183 -3.312604
2.116666 12.732183 -2.897975
2.669136 12.732183 -2.669136
2.897974 12.732179 -2.116667
3.312603 12.732179 0.000000
2.897975 12.732183 2.116667
2.669136 12.732179 2.669136
2.116666 12.732179 2.897975
-0.000001 12.732179 3.312604
-2.116668 12.732183 2.897975
-2.669136 12.732179 2.669136
-2.897975 12.732179 2.116667
-3.312604 12.732183 0.000000
-2.897975 12.732183 -2.116667
-2.669136 12.732183 -2.669136
-2.116668 12.732179 -2.897975
-0.000001 12.268911 -3.312604
2.116666 12.268911 -2.897975
2.669136 12.268911 -2.669136
2.897974 12.268906 -2.116667
3.312603 12.268906 0.000000
2.897975 12.268911 2.116667
2.669136 12.268906 2.669136
2.116666 12.268906 2.897975
-0.000001 12.268906 3.312604
-2.116668 12.268911 2.897975
-2.669136 12.268906 2.669136
-2.897975 12.268906 2.116667
-3.312604 12.268911 0.000000
-2.897975 12.268911 -2.116667
-2.669136 12.268911 -2.669136
-2.116668 12.268906 -2.897975
2.611099 4.211601 -2.611099
2.812516 4.211600 -2.099668
2.611099 4.693041 -2.611099
2.812516 4.693040 -2.099668
3.211053 4.693040 0.000000
3.211053 4.211600 0.000000
2.812516 4.211601 2.099668
2.812516 4.693041 2.099668
2.611099 4.693040 2.611098
2.611099 4.211600 2.611098
2.099668 4.693040 2.812516
2.099668 4.211600 2.812516
-0.000001 4.693040 3.211054
-0.000001 4.211600 3.211054
-2.099669 4.211601 2.812517
-2.099669 4.693041 2.812517
-2.611099 4.693040 2.611099
-2.611099 4.211600 2.611099
-2.812516 4.693040 2.099668
-2.812516 4.211600 2.099668
-3.211054 4.693041 0.000000
-3.211054 4.211601 0.000000
-2.812516 4.211601 -2.099668
-2.812516 4.693041 -2.099668
-2.611099 4.211601 -2.611098
-2.611099 4.693041 -2.611098
-2.099669 4.211600 -2.812516
-2.099669 4.693040 -2.812516
-0.000001 4.693041 -3.211054
-0.000001 4.211601 -3.211054
2.099668 4.211601 -2.812517
2.099668 4.693041 -2.812517
-2.099669 8.190294 -2.812517
-2.611099 8.190298 -2.611098
-2.611099 8.671739 -2.611098
-2.099669 8.671735 -2.812516
-2.812516 8.190298 -2.099668
-2.812516 8.671739 -2.099668
-3.211054 8.190299 0.000000
-3.211054 8.671739 0.000000
-2.812516 8.671735 2.099668
-2.812516 8.190294 2.099668
-2.611099 8.671735 2.611099
-2.611099 8.190294 2.611099
-2.099669 8.671739 2.812517
-2.099669 8.190298 2.812517
-0.000001 8.190294 3.211054
-0.000001 8.671735 3.211054
2.099668 8.671735 2.812516
2.099668 8.190294 2.812517
2.611099 8.671735 2.611098
2.611099 8.190294 2.611099
2.812516 8.671739 2.099668
2.812516 8.190298 2.099668
3.211053 8.190294 0.000000
3.211053 8.671735 0.000000
2.812516 8.671735 -2.099668
2.812516 8.190294 -2.099668
2.611099 8.190298 -2.611099
2.611099 8.671739 -2.611099
2.099668 8.190298 -2.812517
2.099668 8.671739 -2.812517
-0.000001 8.190299 -3.211054
-0.000001 8.671739 -3.211054
-0.000001 12.268911 -3.211054
2.099668 12.268911 -2.812517
-0.000001 12.732183 -3.211054
2.099668 12.732183 -2.812517
2.611099 12.268911 -2.611099
2.611099 12.732183 -2.611099
2.812516 12.268906 -2.099668
2.812516 12.732179 -2.099668
3.211053 12.732179 0.000000
3.211053 12.268906 0.000000
2.812516 12.268911 2.099668
2.812516 12.732183 2.099668
2.611099 12.732179 2.611098
2.611099 12.268906 2.611098
2.099668 12.732179 2.812516
2.099668 12.268906 2.812516
-0.000001 12.732179 3.211054
-0.000001 12.268906 3.211054
-2.099669 12.268911 2.812517
-2.099669 12.732183 2.812517
-2.611099 12.732179 2.611099
-2.611099 12.268906 2.611099
-2.812516 12.732179 2.099668
-2.812516 12.268906 2.099668
-3.211054 12.732183 0.000000
-3.211054 12.268911 0.000000
-2.812516 12.268911 -2.099668
-2.812516 12.732183 -2.099668
-2.611099 12.268911 -2.611098
-2.611099 12.732183 -2.611098
-2.099669 12.268906 -2.812516
-2.099669 12.732179 -2.812516
2.669136 8.015278 -2.669136
2.669136 4.868062 -2.669136
2.897974 4.868059 -2.116667
2.897974 8.015275 -2.116667
3.312603 4.868059 0.000001
3.312604 8.015275 -0.000001
2.897975 4.868062 2.116667
2.897975 8.015278 2.116667
2.669136 4.868059 2.669136
2.669136 8.015275 2.669136
2.116666 4.868059 2.897975
2.116666 8.015275 2.897975
-0.000002 4.868059 3.312604
0.000000 8.015275 3.312605
-2.116668 4.868062 2.897975
-2.116668 8.015278 2.897975
-2.669136 4.868059 2.669136
-2.669136 8.015275 2.669136
-2.897975 4.868059 2.116667
-2.897975 8.015275 2.116667
-3.312604 4.868062 -0.000001
-3.312604 8.015278 0.000001
-2.897975 4.868062 -2.116667
-2.897975 8.015278 -2.116667
-2.669136 4.868062 -2.669136
-2.669136 8.015278 -2.669136
-2.116668 4.868059 -2.897975
-2.116668 8.015275 -2.897975
0.000000 4.868062 -3.312604
-0.000002 8.015278 -3.312604
2.116666 4.868062 -2.897975
2.116666 8.015278 -2.897975
2.669136 3.948882 -2.669136
2.669136 0.801666 -2.669136
2.897974 0.801665 -2.116667
2.897974 3.948881 -2.116667
3.312603 0.801665 0.000001
3.312603 3.948881 -0.000001
2.897975 0.801666 2.116667
2.897975 3.948882 2.116667
2.669136 0.801665 2.669136
2.669136 3.948881 2.669136
2.116666 0.801665 2.897975
2.116666 3.948881 2.897975
-0.000002 0.801665 3.312604
0.000000 3.948881 3.312604
-2.116668 0.801666 2.897975
-2.116668 3.948882 2.897975
-2.669136 0.801665 2.669136
-2.669136 3.948881 2.669136
-2.897975 0.801665 2.116667
-2.897975 3.948881 2.116667
-3.312604 0.801666 -0.000001
-3.312604 3.948882 0.000001
-2.897975 0.801666 -2.116667
-2.897975 3.948882 -2.116667
-2.669136 0.801666 -2.669136
-2.669136 3.948882 -2.669136
-2.116668 0.801665 -2.897975
-2.116668 3.948881 -2.897975
0.000000 0.801666 -3.312604
-0.000002 3.948882 -3.312604
2.116666 0.801666 -2.897975
2.116666 3.948882 -2.897975
2.116666 12.043933 -2.897975
2.116666 8.896717 -2.897975
2.669136 8.896717 -2.669136
2.669136 12.043933 -2.669136
2.897974 8.896713 -2.116667
2.897974 12.043929 -2.116667
3.312603 8.896713 0.000002
3.312603 12.043929 -0.000002
2.897975 8.896717 2.116667
2.897975 12.043933 2.116667
2.669136 8.896713 2.669136
2.669136 12.043929 2.669136
2.116666 8.896713 2.897975
2.116666 12.043929 2.897975
-0.000003 8.896713 3.312604
0.000001 12.043929 3.312604
-2.116668 8.896717 2.897975
-2.116668 12.043933 2.897975
-2.669136 8.896713 2.669136
-2.669136 12.043929 2.669136
-2.897975 8.896713 2.116667
-2.897975 12.043929 2.116667
-3.312604 8.896717 -0.000002
-3.312604 12.043933 0.000002
-2.897975 8.896717 -2.116667
-2.897975 12.043933 -2.116667
-2.669136 8.896717 -2.669136
-2.669136 12.043933 -2.669136
-2.116668 8.896713 -2.897975
-2.116668 12.043929 -2.897975
0.000001 8.896717 -3.312604
-0.000003 12.043933 -3.312604
2.669136 13.016872 -2.669136
2.897974 13.016867 -2.116667
3.312603 13.016867 0.000000
2.897975 13.016872 2.116667
2.669136 13.016867 2.669136
2.116666 13.016867 2.897975
-0.000001 13.016867 3.312604
-2.116668 13.016872 2.897975
-2.669136 13.016867 2.669136
-2.897975 13.016867 2.116667
-3.312604 13.016872 0.000000
-2.897975 13.016872 -2.116667
-2.669136 13.016872 -2.669136
-2.116668 13.016867 -2.897975
-0.000001 13.016872 -3.312604
2.116666 13.016872 -2.897975
2.099668 12.616354 -2.812517
2.099668 12.384741 -2.812517
2.611099 12.384741 -2.611099
2.611099 12.616354 -2.611099
2.812516 12.384735 -2.099668
2.812516 12.616348 -2.099668
3.211053 12.384736 0.000000
3.211053 12.616348 0.000000
2.812516 12.384741 2.099668
2.812516 12.616354 2.099668
2.611099 12.384735 2.611098
2.611099 12.616348 2.611098
2.099668 12.384735 2.812516
2.099668 12.616348 2.812516
-0.000001 12.384736 3.211054
-0.000001 12.616348 3.211054
-2.099669 12.384741 2.812517
-2.099669 12.616354 2.812517
-2.611099 12.384735 2.611099
-2.611099 12.616348 2.611099
-2.812516 12.384735 2.099668
-2.812516 12.616348 2.099668
-3.211054 12.384741 0.000000
-3.211054 12.616354 0.000000
-2.812516 12.384741 -2.099668
-2.812516 12.616354 -2.099668
-2.611099 12.384741 -2.611098
-2.611099 12.616354 -2.611098
-2.099669 12.384735 -2.812516
-2.099669 12.616348 -2.812516
-0.000001 12.384741 -3.211054
-0.000001 12.616354 -3.211054
2.099668 4.568128 -2.812517
2.099668 4.336515 -2.812517
2.611099 4.336515 -2.611099
2.611099 4.568128 -2.611099
2.812516 4.336513 -2.099668
2.812516 4.568125 -2.099668
3.211053 4.336513 0.000000
3.211053 4.568125 0.000000
2.812516 4.336515 2.099668
2.812516 4.568128 2.099668
2.611099 4.336513 2.611098
2.611099 4.568125 2.611098
2.099668 4.336513 2.812516
2.099668 4.568125 2.812516
-0.000001 4.336513 3.211054
-0.000001 4.568125 3.211054
-2.099669 4.336515 2.812517
-2.099669 4.568128 2.812517
-2.611099 4.336513 2.611099
-2.611099 4.568125 2.611099
-2.812516 4.336513 2.099668
-2.812516 4.568125 2.099668
-3.211054 4.336515 0.000000
-3.211054 4.568128 0.000000
-2.812516 4.336515 -2.099668
-2.812516 4.568128 -2.099668
-2.611099 4.336515 -2.611098
-2.611099 4.568128 -2.611098
-2.099669 4.336513 -2.812516
-2.099669 4.568125 -2.812516
-0.000001 4.336515 -3.211054
-0.000001 4.568128 -3.211054
2.099668 8.546824 -2.812517
2.099668 8.315212 -2.812517
2.611099 8.315212 -2.611099
2.611099 8.546824 -2.611099
2.812516 8.315208 -2.099668
2.812516 8.546822 -2.099668
3.211052 8.315208 0.000000
3.211052 8.546822 0.000000
2.812516 8.315212 2.099668
2.812516 8.546824 2.099668
2.611099 8.315208 2.611098
2.611099 8.546822 2.611098
2.099668 8.315208 2.812517
2.099668 8.546822 2.812517
-0.000001 8.315208 3.211054
-0.000001 8.546822 3.211054
-2.099669 8.315212 2.812517
-2.099669 8.546824 2.812517
-2.611099 8.315208 2.611099
-2.611099 8.546822 2.611099
-2.812516 8.315208 2.099668
-2.812516 8.546822 2.099668
-3.211054 8.315212 0.000000
-3.211054 8.546824 0.000000
-2.812516 8.315212 -2.099668
-2.812516 8.546824 -2.099668
-2.611099 8.315212 -2.611098
-2.611099 8.546824 -2.611098
-2.099669 8.315208 -2.812517
-2.099669 8.546822 -2.812517
-0.000001 8.315212 -3.211054
-0.000001 8.546824 -3.211054
1.947441 -0.000000 1.947441
2.263988 -0.000000 1.367805
2.546071 0.000000 0.000000
2.241486 0.000000 -1.348813
1.947441 0.000000 -1.947441
1.348814 0.000000 -2.249331
-0.000001 0.000000 -2.546071
-1.348814 0.000000 -2.249331
-1.947442 0.000000 -1.947441
-2.263988 0.000000 -1.367805
-2.546072 0.000000 0.000000
-2.241487 -0.000000 1.351796
-1.947442 -0.000000 1.947440
-1.348814 -0.000000 2.249331
-0.000001 -0.000000 2.546071
1.348812 -0.000000 2.249331
-2.339324 15.939612 2.339320
-1.266034 15.939612 3.056471
-0.000001 15.939612 3.308301
1.266029 15.939612 3.056471
2.339320 15.939612 2.339323
3.030694 15.939612 1.275832
3.308300 15.939612 0.000000
3.030694 15.939612 -1.266031
2.339322 15.939612 -2.339321
1.266032 15.939612 -3.056471
0.000000 15.939612 -3.308301
-1.266032 15.939612 -3.056471
-2.339322 15.939612 -2.339322
-3.030694 15.939612 -1.275832
-3.308301 15.939612 0.000000
-3.030694 15.939612 1.275832
