3.049606 7.143641 -11.381289
5.891388 7.143641 -10.204185
8.331680 7.143641 -8.331682
10.204185 7.143641 -5.891390
11.381290 7.143641 -3.049608
11.782780 7.143641 -0.000000
11.381294 7.143641 3.049608
10.204185 7.143641 5.891390
8.331684 7.143641 8.331684
5.891392 7.143641 10.204187
3.049606 7.143641 11.381292
0.000000 7.143641 11.782782
11.393364 5.314716 -3.052843
10.215012 5.314716 -5.897639
8.340523 5.314716 -8.340523
5.897636 5.314716 -10.215012
3.052841 5.314716 -11.393365
0.000000 5.314716 -11.795278
0.000000 5.314717 11.795282
3.052845 5.314716 11.393367
5.897640 5.314716 10.215014
8.340523 5.314716 8.340523
10.215012 5.314716 5.897640
11.393368 5.314716 3.052843
11.795280 5.314717 -0.000000
10.639057 2.516475 -2.855629
9.536827 2.516475 -5.516653
7.783428 2.516475 -7.801724
5.498360 2.516475 -9.555121
2.839622 2.516475 -10.657353
0.000000 2.516475 -11.033303
0.000000 2.516475 11.033306
2.839622 2.516475 10.657356
5.498360 2.516475 9.555123
7.783432 2.516475 7.801725
9.536827 2.516475 5.516653
10.639061 2.516475 2.855630
11.015011 2.516475 -0.000000
8.508118 0.845908 -2.279742
7.628166 0.845908 -4.404123
6.228371 0.845908 -6.228370
4.404125 0.845908 -7.628166
2.279743 0.845908 -8.508114
0.000000 0.845908 -8.808247
0.000000 0.845908 8.808249
2.279743 0.845908 8.508116
4.404125 0.845908 7.628167
6.228374 0.845908 6.228373
7.628166 0.845908 4.404124
8.508118 0.845908 2.279743
8.808250 0.845908 0.000000
11.694717 3.752788 -0.000000
11.296230 3.752788 -3.026815
10.127922 3.752788 -5.847359
8.269413 3.752788 -8.269415
5.847359 3.752788 -10.127923
3.026814 3.752788 -11.296229
0.000000 3.752788 -11.694716
0.000000 3.752788 11.694719
3.026817 3.752788 11.296231
5.847359 3.752788 10.127925
8.269417 3.752788 8.269415
10.127922 3.752788 5.847359
11.296230 3.752788 3.026815
0.000000 6.855174 11.762291
3.044304 6.855173 11.361500
5.881145 6.855173 10.186442
8.317196 6.855173 8.317196
10.186440 6.855173 5.881145
11.361500 6.855173 3.044305
11.762291 6.855173 -0.000000
11.361496 6.855173 -3.044305
10.186440 6.855173 -5.881145
8.317192 6.855173 -8.317194
5.881145 6.855173 -10.186441
3.044304 6.855173 -11.361499
0.000000 6.855174 -11.762287
11.791866 6.175219 0.000000
11.390068 6.175219 -3.051959
10.212055 6.175219 -5.895932
8.338104 6.175219 -8.338108
5.895931 6.175219 -10.212055
3.051956 6.175219 -11.390066
0.000000 6.175220 -11.791862
0.000000 6.175219 11.791867
3.051960 6.175219 11.390069
5.895935 6.175219 10.212055
8.338108 6.175219 8.338109
10.212055 6.175219 5.895932
11.390068 6.175219 3.051959
11.471722 5.633020 -3.073836
10.285263 5.633021 -5.938196
11.471718 5.983801 -3.073837
10.285263 5.983801 -5.938197
8.397881 5.633021 -8.397882
8.397881 5.983801 -8.397881
5.938194 5.633021 -10.285264
5.938198 5.983801 -10.285262
3.073837 5.633021 -11.471720
3.073833 5.983801 -11.471719
0.000000 5.633021 -11.876395
0.000000 5.983801 -11.876396
0.000000 5.633020 11.876401
0.000000 5.983801 11.876401
3.073841 5.633021 11.471723
3.073837 5.983801 11.471723
5.938202 5.633021 10.285263
5.938202 5.983801 10.285263
8.397884 5.633021 8.397881
8.397881 5.983801 8.397883
10.285263 5.633021 5.938197
10.285263 5.983801 5.938198
11.471722 5.633021 3.073839
11.471722 5.983801 3.073838
11.876400 5.633021 0.000000
11.876400 5.983801 0.000002
10.322571 5.808412 5.959735
11.513329 5.808412 3.084988
11.919476 5.808412 0.000002
11.513329 5.808412 -3.084985
10.322571 5.808412 -5.959735
8.428341 5.808412 -8.428341
5.959732 5.808412 -10.322569
3.084984 5.808412 -11.513329
0.000000 5.808412 -11.919474
0.000000 5.808412 11.919477
3.084988 5.808412 11.513332
5.959740 5.808412 10.322569
8.428345 5.808412 8.428343
0.000000 1.549887 9.996281
2.491182 1.549887 9.655666
4.888374 1.549887 8.657034
6.958672 1.549887 7.068438
8.547264 1.549887 4.998139
9.545898 1.549887 2.587228
9.886513 1.549887 0.000000
9.545898 1.549887 -2.587228
8.547264 1.549887 -4.998139
6.958668 1.549887 -7.068436
4.888371 1.549887 -8.657031
2.491180 1.549887 -9.655664
0.000000 1.549887 -9.996278
8.419693 5.713947 8.419693
7.255852 5.808412 9.456007
9.421837 5.633020 7.229625
10.311977 5.713947 5.953620
9.456009 5.808412 7.255848
10.971958 5.633020 4.544733
11.501514 5.713947 3.081823
11.011753 5.808412 4.561216
11.774361 5.633020 1.550125
11.907242 5.713947 0.000001
11.817066 5.808412 1.555748
11.774361 5.633020 -1.550122
11.817066 5.808412 -1.555744
10.174774 2.516475 -4.222107
9.899132 3.078941 -5.715266
11.041046 3.078941 -2.958439
10.804111 3.752788 -4.475209
8.734692 2.516475 -6.716402
8.082603 3.078941 -8.082607
9.277699 3.752788 -7.119031
6.698105 2.516475 -8.752986
5.715263 3.078941 -9.899131
7.119026 3.752788 -9.277700
4.203812 2.516475 -10.193068
2.958439 3.078941 -11.041044
4.475208 3.752788 -10.804110
1.430935 2.516475 -10.938507
0.000000 3.078941 -11.430531
1.526409 3.752788 -11.594238
1.430935 2.516475 10.938511
2.958439 3.078941 11.041048
0.000000 3.078941 11.430533
1.526411 3.752788 11.594241
4.203812 2.516475 10.193070
5.715267 3.078941 9.899134
4.475212 3.752788 10.804113
6.698109 2.516475 8.752988
8.082607 3.078941 8.082608
7.119030 3.752788 9.277703
8.734695 2.516475 6.716403
9.899132 3.078941 5.715266
9.277702 3.752788 7.119031
10.174774 2.516475 4.222107
11.041046 3.078941 2.958440
10.804111 3.752788 4.475210
10.920216 2.516475 1.440082
11.430534 3.078941 -0.000000
11.594238 3.752788 1.526410
10.920216 2.516475 -1.440082
11.594238 3.752788 -1.526411
8.137459 0.845908 -3.370646
8.077072 1.177989 -4.705549
9.017246 1.177989 -2.435771
9.125252 1.549887 -3.825269
6.987793 0.845908 -5.361922
6.581474 1.177989 -6.654651
7.820522 1.549887 -6.085124
5.361923 0.845908 -6.987794
4.632370 1.177989 -8.150250
5.975357 1.549887 -7.930288
3.370647 0.845908 -8.137459
2.371740 1.177989 -9.090424
3.715504 1.549887 -9.235018
1.149664 0.845908 -8.732569
0.000000 1.177989 -9.411097
1.249844 1.549887 -9.910393
1.149666 0.845908 8.732572
2.371742 1.177989 9.090426
0.000000 1.177989 9.411101
1.249846 1.549887 9.910397
3.370647 0.845908 8.137461
4.632370 1.177989 8.150252
3.715504 1.549887 9.235020
5.361923 0.845908 6.987796
6.581474 1.177989 6.654653
5.975357 1.549887 7.930290
6.987797 0.845908 5.361924
8.077072 1.177989 4.705550
7.820522 1.549887 6.085125
8.137459 0.845908 3.370646
9.017246 1.177989 2.435772
9.125252 1.549887 3.825270
8.732571 0.845908 1.149665
9.337921 1.177989 0.000000
9.800629 1.549887 1.304728
8.732571 0.845908 -1.149664
9.800629 1.549887 -1.304728
11.381290 4.601985 -3.049608
11.782780 4.601985 -0.000000
11.693939 5.314716 -1.539536
10.204185 4.601985 -5.891390
10.897015 5.314716 -4.513691
8.331680 4.601985 -8.331684
9.357479 5.314716 -7.180246
5.891388 4.601985 -10.204185
7.180244 5.314716 -9.357480
3.049606 4.601985 -11.381289
4.513691 5.314716 -10.897015
0.000000 4.601985 -11.782778
1.539536 5.314716 -11.693937
3.049606 4.601985 11.381292
0.000000 4.601985 11.782781
1.539536 5.314716 11.693939
5.891392 4.601985 10.204188
4.513691 5.314716 10.897017
8.331684 4.601985 8.331684
7.180248 5.314716 9.357480
10.204185 4.601985 5.891390
9.357479 5.314716 7.180246
11.381290 4.601985 3.049608
10.897018 5.314716 4.513692
11.693939 5.314716 1.539536
1.535231 6.855174 11.661232
3.046074 7.040136 11.368097
0.000000 7.040135 11.769120
1.537905 7.143641 11.681546
4.501068 6.855174 10.866539
5.884560 7.040136 10.192357
4.508907 7.143641 10.885468
7.160164 6.855174 9.331308
8.322025 7.040136 8.322025
7.172638 7.143641 9.347563
9.331306 6.855174 7.160164
10.192356 7.040136 5.884560
9.347565 7.143641 7.172637
10.866539 6.855174 4.501067
11.368095 7.040136 3.046072
10.885468 7.143641 4.508908
11.661232 6.855174 1.535230
11.769119 7.040136 -0.000000
11.681545 7.143641 1.537904
11.661232 6.855174 -1.535230
11.368095 7.040136 -3.046072
11.681545 7.143641 -1.537905
10.866539 6.855174 -4.501067
10.192356 7.040136 -5.884560
10.885468 7.143641 -4.508908
9.331306 6.855174 -7.160164
8.322021 7.040136 -8.322023
9.347561 7.143641 -7.172637
7.160164 6.855174 -9.331306
5.884560 7.040136 -10.192356
7.172634 7.143641 -9.347562
4.501068 6.855174 -10.866536
3.046070 7.040136 -11.368095
4.508907 7.143641 -10.885466
1.535229 6.855174 -11.661228
0.000000 7.040135 -11.769116
1.537905 7.143641 -11.681543
11.690552 6.175219 -1.539090
11.368095 6.507298 -3.046072
11.769119 6.507298 -0.000000
10.893860 6.175219 -4.512385
10.192356 6.507298 -5.884560
9.354767 6.175219 -7.178167
8.322021 6.507298 -8.322023
7.178165 6.175219 -9.354771
5.884560 6.507298 -10.192356
4.512383 6.175219 -10.893859
3.046070 6.507298 -11.368094
1.539089 6.175219 -11.690551
0.000000 6.507298 -11.769116
1.539091 6.175219 11.690554
3.046074 6.507298 11.368097
0.000000 6.507298 11.769121
4.512386 6.175219 10.893862
5.884560 6.507298 10.192357
7.178169 6.175219 9.354771
8.322025 6.507298 8.322025
9.354771 6.175219 7.178168
10.192356 6.507298 5.884560
10.893860 6.175219 4.512385
11.368095 6.507298 3.046072
11.690552 6.175219 1.539091
10.247490 5.579169 -5.916389
11.429588 5.579169 -3.062548
11.429588 6.037651 -3.062549
10.247490 6.037651 -5.916389
10.971958 5.983801 -4.544731
8.367039 5.579169 -8.367040
8.367039 6.037651 -8.367040
9.421833 5.983801 -7.229625
5.916389 5.579169 -10.247490
5.916389 6.037651 -10.247489
7.229622 5.983801 -9.421832
3.062546 5.579169 -11.429588
3.062546 6.037651 -11.429588
4.544731 5.983801 -10.971956
0.000000 5.579169 -11.832779
0.000000 6.037651 -11.832779
1.550121 5.983801 -11.774359
3.062550 5.579169 11.429592
0.000000 5.579169 11.832783
0.000000 6.037651 11.832783
3.062550 6.037651 11.429592
1.550125 5.983801 11.774362
5.916393 5.579169 10.247490
5.916389 6.037651 10.247490
4.544735 5.983801 10.971957
8.367043 5.579169 8.367040
8.367043 6.037651 8.367041
7.229626 5.983801 9.421833
10.247490 5.579169 5.916389
10.247490 6.037651 5.916390
9.421833 5.983801 7.229626
11.429588 5.579169 3.062550
11.429588 6.037651 3.062549
10.971958 5.983801 4.544732
11.832783 5.579169 0.000000
11.832783 6.037651 0.000001
11.774361 5.983801 1.550125
11.774361 5.983801 -1.550122
11.501518 5.902875 3.081822
10.311977 5.902875 5.953620
11.907242 5.902875 0.000002
11.501514 5.902875 -3.081820
10.311977 5.902875 -5.953620
8.419693 5.902875 -8.419693
5.953621 5.902875 -10.311976
3.081818 5.902875 -11.501514
0.000000 5.902875 -11.907242
3.081821 5.902875 11.501517
0.000000 5.902875 11.907247
5.953621 5.902875 10.311976
8.419693 5.902875 8.419694
2.665504 2.001420 10.186769
0.000000 2.001420 10.546120
5.199883 2.001420 9.133207
7.384056 2.001420 7.457232
9.060028 2.001420 5.273059
10.113590 2.001420 2.729537
10.472939 2.001420 0.000000
10.113590 2.001420 -2.729536
9.060028 2.001420 -5.273058
7.384052 2.001420 -7.457231
5.199883 2.001420 -9.133205
2.665504 2.001420 -10.186768
0.000000 2.001420 -10.546116
10.971958 5.633020 -4.544730
10.311977 5.713947 -5.953619
11.501518 5.713947 -3.081819
11.011753 5.808412 -4.561214
9.421833 5.633020 -7.229625
8.419693 5.713947 -8.419693
9.456009 5.808412 -7.255847
7.229622 5.633020 -9.421833
5.953617 5.713947 -10.311977
7.255844 5.808412 -9.456007
4.544731 5.633020 -10.971958
3.081818 5.713947 -11.501515
4.561214 5.808412 -11.011753
1.550123 5.633020 -11.774359
0.000000 5.713947 -11.907242
1.555744 5.808412 -11.817064
1.550125 5.633020 11.774361
3.081821 5.713947 11.501517
0.000000 5.713947 11.907247
1.555746 5.808412 11.817068
4.544735 5.633020 10.971958
5.953625 5.713947 10.311976
4.561218 5.808412 11.011754
7.229630 5.633020 9.421832
11.000454 5.713947 -4.556534
9.446304 5.713947 -7.248402
7.248402 5.713947 -9.446304
4.556534 5.713947 -11.000455
1.554150 5.713947 -11.804939
1.554150 5.713947 11.804943
4.556538 5.713947 11.000455
7.248405 5.713947 9.446303
9.446304 5.713947 7.248402
11.000454 5.713947 4.556537
11.804939 5.713947 1.554151
11.804939 5.713947 -1.554148
10.560043 3.078941 -4.374114
9.068115 3.078941 -6.958210
6.958210 3.078941 -9.068116
4.374111 3.078941 -10.560043
1.491928 3.078941 -11.332321
1.491930 3.078941 11.332325
4.374115 3.078941 10.560047
6.958214 3.078941 9.068118
9.068119 3.078941 6.958210
10.560047 3.078941 4.374114
11.332325 3.078941 1.491929
11.332321 3.078941 -1.491929
8.621223 1.177989 -3.601338
7.392872 1.177989 -5.728902
5.655724 1.177989 -7.466051
3.528160 1.177989 -8.694401
1.191761 1.177989 -9.330240
1.191761 1.177989 9.330244
3.528160 1.177989 8.694403
5.655724 1.177989 7.466052
7.392876 1.177989 5.728903
8.621223 1.177989 3.601339
9.257065 1.177989 1.228350
9.257065 1.177989 -1.228349
11.681541 4.601985 -1.537905
10.885468 4.601985 -4.508908
9.347561 4.601985 -7.172637
7.172634 4.601985 -9.347563
4.508907 4.601985 -10.885466
1.537905 4.601985 -11.681543
1.537905 4.601985 11.681546
4.508907 4.601985 10.885468
7.172638 4.601985 9.347564
9.347565 4.601985 7.172637
10.885468 4.601985 4.508908
11.681545 4.601985 1.537904
1.536121 7.040136 11.668003
4.503681 7.040136 10.872849
7.164322 7.040136 9.336726
9.336727 7.040136 7.164322
10.872849 7.040136 4.503681
11.668003 7.040136 1.536121
11.667999 7.040136 -1.536122
10.872849 7.040136 -4.503681
9.336723 7.040136 -7.164321
7.164322 7.040136 -9.336725
4.503681 7.040136 -10.872847
1.536121 7.040136 -11.667999
11.667999 6.507297 -1.536122
10.872849 6.507297 -4.503681
9.336723 6.507297 -7.164321
7.164322 6.507297 -9.336725
4.503681 6.507297 -10.872846
1.536121 6.507297 -11.668000
1.536121 6.507297 11.668004
4.503681 6.507297 10.872849
7.164322 6.507297 9.336726
9.336727 6.507297 7.164322
10.872849 6.507297 4.503681
11.668003 6.507297 1.536121
10.931664 5.579169 -4.528041
10.931664 6.037651 -4.528041
9.387230 5.579169 -7.203074
9.387230 6.037651 -7.203074
7.203072 5.579169 -9.387231
7.203072 6.037651 -9.387230
4.528038 5.579169 -10.931662
4.528038 6.037651 -10.931661
1.544430 5.579169 -11.731116
1.544430 6.037651 -11.731116
1.544432 5.579169 11.731119
1.544432 6.037651 11.731119
4.528046 5.579169 10.931663
4.528042 6.037651 10.931662
7.203079 5.579169 9.387230
7.203075 6.037651 9.387231
9.387230 5.579169 7.203074
9.387230 6.037651 7.203075
10.931664 5.579169 4.528042
10.931664 6.037651 4.528042
11.731117 5.579169 1.544431
11.731117 6.037651 1.544432
11.731117 5.579169 -1.544430
11.731117 6.037651 -1.544430
11.000454 5.902875 4.556536
11.804939 5.902875 1.554152
11.804939 5.902875 -1.554148
11.000454 5.902875 -4.556535
9.446304 5.902875 -7.248402
7.248402 5.902875 -9.446303
4.556534 5.902875 -11.000454
1.554148 5.902875 -11.804939
1.554150 5.902875 11.804943
4.556538 5.902875 11.000455
7.248405 5.902875 9.446304
9.446304 5.902875 7.248403
1.339905 2.001420 10.455511
3.962498 2.001420 9.742985
6.346657 2.001420 8.366489
8.293312 2.001420 6.419833
9.669807 2.001420 4.035676
10.382332 2.001420 1.376494
10.382332 2.001420 -1.376494
9.669804 2.001420 -4.035675
8.293312 2.001420 -6.419832
6.346653 2.001420 -8.366488
3.962498 2.001420 -9.742983
1.339905 2.001420 -10.455507
0.000000 7.143641 -11.782777
-3.049606 7.143641 -11.381289
-5.891388 7.143641 -10.204185
-8.331680 7.143641 -8.331682
-10.204185 7.143641 -5.891390
-11.381290 7.143641 -3.049608
-11.782780 7.143641 -0.000000
-11.381294 7.143641 3.049608
-10.204185 7.143641 5.891390
-8.331684 7.143641 8.331684
-5.891392 7.143641 10.204187
-3.049606 7.143641 11.381292
0.000000 7.143641 11.782782
-11.393364 5.314716 -3.052843
-10.215012 5.314716 -5.897639
-8.340523 5.314716 -8.340523
-5.897636 5.314716 -10.215012
-3.052841 5.314716 -11.393365
0.000000 5.314716 -11.795278
0.000000 5.314717 11.795282
-3.052845 5.314716 11.393367
-5.897640 5.314716 10.215014
-8.340523 5.314716 8.340523
-10.215012 5.314716 5.897640
-11.393368 5.314716 3.052843
-11.795280 5.314717 -0.000000
-10.639057 2.516475 -2.855629
-9.536827 2.516475 -5.516653
-7.783428 2.516475 -7.801724
-5.498360 2.516475 -9.555121
-2.839622 2.516475 -10.657353
0.000000 2.516475 -11.033303
0.000000 2.516475 11.033306
-2.839622 2.516475 10.657356
-5.498360 2.516475 9.555123
-7.783432 2.516475 7.801725
-9.536827 2.516475 5.516653
-10.639061 2.516475 2.855630
-11.015011 2.516475 -0.000000
-8.508118 0.845908 -2.279742
-7.628166 0.845908 -4.404123
-6.228371 0.845908 -6.228370
-4.404125 0.845908 -7.628166
-2.279743 0.845908 -8.508114
0.000000 0.845908 -8.808247
0.000000 0.845908 8.808249
-2.279743 0.845908 8.508116
-4.404125 0.845908 7.628167
-6.228374 0.845908 6.228373
-7.628166 0.845908 4.404124
-8.508118 0.845908 2.279743
-8.808250 0.845908 0.000000
-11.694717 3.752788 -0.000000
-11.296230 3.752788 -3.026815
-10.127922 3.752788 -5.847359
-8.269413 3.752788 -8.269415
-5.847359 3.752788 -10.127923
-3.026814 3.752788 -11.296229
0.000000 3.752788 -11.694716
0.000000 3.752788 11.694719
-3.026817 3.752788 11.296231
-5.847359 3.752788 10.127925
-8.269417 3.752788 8.269415
-10.127922 3.752788 5.847359
-11.296230 3.752788 3.026815
0.000000 6.855174 11.762291
-3.044304 6.855173 11.361500
-5.881145 6.855173 10.186442
-8.317196 6.855173 8.317196
-10.186440 6.855173 5.881145
-11.361500 6.855173 3.044305
-11.762291 6.855173 -0.000000
-11.361496 6.855173 -3.044305
-10.186440 6.855173 -5.881145
-8.317192 6.855173 -8.317194
-5.881145 6.855173 -10.186441
-3.044304 6.855173 -11.361499
0.000000 6.855174 -11.762287
-11.791866 6.175219 0.000000
-11.390068 6.175219 -3.051959
-10.212055 6.175219 -5.895932
-8.338104 6.175219 -8.338108
-5.895931 6.175219 -10.212055
-3.051956 6.175219 -11.390066
0.000000 6.175220 -11.791862
0.000000 6.175219 11.791867
-3.051960 6.175219 11.390069
-5.895935 6.175219 10.212055
-8.338108 6.175219 8.338109
-10.212055 6.175219 5.895932
-11.390068 6.175219 3.051959
-11.471722 5.633020 -3.073836
-10.285263 5.633021 -5.938196
-11.471718 5.983801 -3.073837
-10.285263 5.983801 -5.938197
-8.397881 5.633021 -8.397882
-8.397881 5.983801 -8.397881
-5.938194 5.633021 -10.285264
-5.938198 5.983801 -10.285262
-3.073837 5.633021 -11.471720
-3.073833 5.983801 -11.471719
0.000000 5.633021 -11.876395
0.000000 5.983801 -11.876396
0.000000 5.633020 11.876401
0.000000 5.983801 11.876401
-3.073841 5.633021 11.471723
-3.073837 5.983801 11.471723
-5.938202 5.633021 10.285263
-5.938202 5.983801 10.285263
-8.397884 5.633021 8.397881
-8.397881 5.983801 8.397883
-10.285263 5.633021 5.938197
-10.285263 5.983801 5.938198
-11.471722 5.633021 3.073839
-11.471722 5.983801 3.073838
-11.876400 5.633021 0.000000
-11.876400 5.983801 0.000002
-10.322571 5.808412 5.959735
-11.513329 5.808412 3.084988
-11.919476 5.808412 0.000002
-11.513329 5.808412 -3.084985
-10.322571 5.808412 -5.959735
-8.428341 5.808412 -8.428341
-5.959732 5.808412 -10.322569
-3.084984 5.808412 -11.513329
0.000000 5.808412 -11.919474
0.000000 5.808412 11.919477
-3.084988 5.808412 11.513332
-5.959740 5.808412 10.322569
-8.428345 5.808412 8.428343
0.000000 1.549887 9.996281
-2.491182 1.549887 9.655666
-4.888374 1.549887 8.657034
-6.958672 1.549887 7.068438
-8.547264 1.549887 4.998139
-9.545898 1.549887 2.587228
-9.886513 1.549887 0.000000
-9.545898 1.549887 -2.587228
-8.547264 1.549887 -4.998139
-6.958668 1.549887 -7.068436
-4.888371 1.549887 -8.657031
-2.491180 1.549887 -9.655664
0.000000 1.549887 -9.996278
-8.419693 5.713947 8.419693
-7.255852 5.808412 9.456007
-9.421837 5.633020 7.229625
-10.311977 5.713947 5.953620
-9.456009 5.808412 7.255848
-10.971958 5.633020 4.544733
-11.501514 5.713947 3.081823
-11.011753 5.808412 4.561216
-11.774361 5.633020 1.550125
-11.907242 5.713947 0.000001
-11.817066 5.808412 1.555748
-11.774361 5.633020 -1.550122
-11.817066 5.808412 -1.555744
-10.174774 2.516475 -4.222107
-9.899132 3.078941 -5.715266
-11.041046 3.078941 -2.958439
-10.804111 3.752788 -4.475209
-8.734692 2.516475 -6.716402
-8.082603 3.078941 -8.082607
-9.277699 3.752788 -7.119031
-6.698105 2.516475 -8.752986
-5.715263 3.078941 -9.899131
-7.119026 3.752788 -9.277700
-4.203812 2.516475 -10.193068
-2.958439 3.078941 -11.041044
-4.475208 3.752788 -10.804110
-1.430935 2.516475 -10.938507
0.000000 3.078941 -11.430531
-1.526409 3.752788 -11.594238
-1.430935 2.516475 10.938511
-2.958439 3.078941 11.041048
0.000000 3.078941 11.430533
-1.526411 3.752788 11.594241
-4.203812 2.516475 10.193070
-5.715267 3.078941 9.899134
-4.475212 3.752788 10.804113
-6.698109 2.516475 8.752988
-8.082607 3.078941 8.082608
-7.119030 3.752788 9.277703
-8.734695 2.516475 6.716403
-9.899132 3.078941 5.715266
-9.277702 3.752788 7.119031
-10.174774 2.516475 4.222107
-11.041046 3.078941 2.958440
-10.804111 3.752788 4.475210
-10.920216 2.516475 1.440082
-11.430534 3.078941 -0.000000
-11.594238 3.752788 1.526410
-10.920216 2.516475 -1.440082
-11.594238 3.752788 -1.526411
-8.137459 0.845908 -3.370646
-8.077072 1.177989 -4.705549
-9.017246 1.177989 -2.435771
-9.125252 1.549887 -3.825269
-6.987793 0.845908 -5.361922
-6.581474 1.177989 -6.654651
-7.820522 1.549887 -6.085124
-5.361923 0.845908 -6.987794
-4.632370 1.177989 -8.150250
-5.975357 1.549887 -7.930288
-3.370647 0.845908 -8.137459
-2.371740 1.177989 -9.090424
-3.715504 1.549887 -9.235018
-1.149664 0.845908 -8.732569
0.000000 1.177989 -9.411097
-1.249844 1.549887 -9.910393
-1.149666 0.845908 8.732572
-2.371742 1.177989 9.090426
0.000000 1.177989 9.411101
-1.249846 1.549887 9.910397
-3.370647 0.845908 8.137461
-4.632370 1.177989 8.150252
-3.715504 1.549887 9.235020
-5.361923 0.845908 6.987796
-6.581474 1.177989 6.654653
-5.975357 1.549887 7.930290
-6.987797 0.845908 5.361924
-8.077072 1.177989 4.705550
-7.820522 1.549887 6.085125
-8.137459 0.845908 3.370646
-9.017246 1.177989 2.435772
-9.125252 1.549887 3.825270
-8.732571 0.845908 1.149665
-9.337921 1.177989 0.000000
-9.800629 1.549887 1.304728
-8.732571 0.845908 -1.149664
-9.800629 1.549887 -1.304728
-11.381290 4.601985 -3.049608
-11.782780 4.601985 -0.000000
-11.693939 5.314716 -1.539536
-10.204185 4.601985 -5.891390
-10.897015 5.314716 -4.513691
-8.331680 4.601985 -8.331684
-9.357479 5.314716 -7.180246
-5.891388 4.601985 -10.204185
-7.180244 5.314716 -9.357480
-3.049606 4.601985 -11.381289
-4.513691 5.314716 -10.897015
0.000000 4.601985 -11.782778
-1.539536 5.314716 -11.693937
-3.049606 4.601985 11.381292
0.000000 4.601985 11.782781
-1.539536 5.314716 11.693939
-5.891392 4.601985 10.204188
-4.513691 5.314716 10.897017
-8.331684 4.601985 8.331684
-7.180248 5.314716 9.357480
-10.204185 4.601985 5.891390
-9.357479 5.314716 7.180246
-11.381290 4.601985 3.049608
-10.897018 5.314716 4.513692
-11.693939 5.314716 1.539536
-1.535231 6.855174 11.661232
-3.046074 7.040136 11.368097
0.000000 7.040135 11.769120
-1.537905 7.143641 11.681546
-4.501068 6.855174 10.866539
-5.884560 7.040136 10.192357
-4.508907 7.143641 10.885468
-7.160164 6.855174 9.331308
-8.322025 7.040136 8.322025
-7.172638 7.143641 9.347563
-9.331306 6.855174 7.160164
-10.192356 7.040136 5.884560
-9.347565 7.143641 7.172637
-10.866539 6.855174 4.501067
-11.368095 7.040136 3.046072
-10.885468 7.143641 4.508908
-11.661232 6.855174 1.535230
-11.769119 7.040136 -0.000000
-11.681545 7.143641 1.537904
-11.661232 6.855174 -1.535230
-11.368095 7.040136 -3.046072
-11.681545 7.143641 -1.537905
-10.866539 6.855174 -4.501067
-10.192356 7.040136 -5.884560
-10.885468 7.143641 -4.508908
-9.331306 6.855174 -7.160164
-8.322021 7.040136 -8.322023
-9.347561 7.143641 -7.172637
-7.160164 6.855174 -9.331306
-5.884560 7.040136 -10.192356
-7.172634 7.143641 -9.347562
-4.501068 6.855174 -10.866536
-3.046070 7.040136 -11.368095
-4.508907 7.143641 -10.885466
-1.535229 6.855174 -11.661228
0.000000 7.040135 -11.769116
-1.537905 7.143641 -11.681543
-11.690552 6.175219 -1.539090
-11.368095 6.507298 -3.046072
-11.769119 6.507298 -0.000000
-10.893860 6.175219 -4.512385
-10.192356 6.507298 -5.884560
-9.354767 6.175219 -7.178167
-8.322021 6.507298 -8.322023
-7.178165 6.175219 -9.354771
-5.884560 6.507298 -10.192356
-4.512383 6.175219 -10.893859
-3.046070 6.507298 -11.368094
-1.539089 6.175219 -11.690551
0.000000 6.507298 -11.769116
-1.539091 6.175219 11.690554
-3.046074 6.507298 11.368097
0.000000 6.507298 11.769121
-4.512386 6.175219 10.893862
-5.884560 6.507298 10.192357
-7.178169 6.175219 9.354771
-8.322025 6.507298 8.322025
-9.354771 6.175219 7.178168
-10.192356 6.507298 5.884560
-10.893860 6.175219 4.512385
-11.368095 6.507298 3.046072
-11.690552 6.175219 1.539091
-10.247490 5.579169 -5.916389
-11.429588 5.579169 -3.062548
-11.429588 6.037651 -3.062549
-10.247490 6.037651 -5.916389
-10.971958 5.983801 -4.544731
-8.367039 5.579169 -8.367040
-8.367039 6.037651 -8.367040
-9.421833 5.983801 -7.229625
-5.916389 5.579169 -10.247490
-5.916389 6.037651 -10.247489
-7.229622 5.983801 -9.421832
-3.062546 5.579169 -11.429588
-3.062546 6.037651 -11.429588
-4.544731 5.983801 -10.971956
0.000000 5.579169 -11.832779
0.000000 6.037651 -11.832779
-1.550121 5.983801 -11.774359
-3.062550 5.579169 11.429592
0.000000 5.579169 11.832783
0.000000 6.037651 11.832783
-3.062550 6.037651 11.429592
-1.550125 5.983801 11.774362
-5.916393 5.579169 10.247490
-5.916389 6.037651 10.247490
-4.544735 5.983801 10.971957
-8.367043 5.579169 8.367040
-8.367043 6.037651 8.367041
-7.229626 5.983801 9.421833
-10.247490 5.579169 5.916389
-10.247490 6.037651 5.916390
-9.421833 5.983801 7.229626
-11.429588 5.579169 3.062550
-11.429588 6.037651 3.062549
-10.971958 5.983801 4.544732
-11.832783 5.579169 0.000000
-11.832783 6.037651 0.000001
-11.774361 5.983801 1.550125
-11.774361 5.983801 -1.550122
-11.501518 5.902875 3.081822
-10.311977 5.902875 5.953620
-11.907242 5.902875 0.000002
-11.501514 5.902875 -3.081820
-10.311977 5.902875 -5.953620
-8.419693 5.902875 -8.419693
-5.953621 5.902875 -10.311976
-3.081818 5.902875 -11.501514
0.000000 5.902875 -11.907242
-3.081821 5.902875 11.501517
0.000000 5.902875 11.907247
-5.953621 5.902875 10.311976
-8.419693 5.902875 8.419694
-2.665504 2.001420 10.186769
0.000000 2.001420 10.546120
-5.199883 2.001420 9.133207
-7.384056 2.001420 7.457232
-9.060028 2.001420 5.273059
-10.113590 2.001420 2.729537
-10.472939 2.001420 0.000000
-10.113590 2.001420 -2.729536
-9.060028 2.001420 -5.273058
-7.384052 2.001420 -7.457231
-5.199883 2.001420 -9.133205
-2.665504 2.001420 -10.186768
0.000000 2.001420 -10.546116
-10.971958 5.633020 -4.544730
-10.311977 5.713947 -5.953619
-11.501518 5.713947 -3.081819
-11.011753 5.808412 -4.561214
-9.421833 5.633020 -7.229625
-8.419693 5.713947 -8.419693
-9.456009 5.808412 -7.255847
-7.229622 5.633020 -9.421833
-5.953617 5.713947 -10.311977
-7.255844 5.808412 -9.456007
-4.544731 5.633020 -10.971958
-3.081818 5.713947 -11.501515
-4.561214 5.808412 -11.011753
-1.550123 5.633020 -11.774359
0.000000 5.713947 -11.907242
-1.555744 5.808412 -11.817064
-1.550125 5.633020 11.774361
-3.081821 5.713947 11.501517
0.000000 5.713947 11.907247
-1.555746 5.808412 11.817068
-4.544735 5.633020 10.971958
-5.953625 5.713947 10.311976
-4.561218 5.808412 11.011754
-7.229630 5.633020 9.421832
-11.000454 5.713947 -4.556534
-9.446304 5.713947 -7.248402
-7.248402 5.713947 -9.446304
-4.556534 5.713947 -11.000455
-1.554150 5.713947 -11.804939
-1.554150 5.713947 11.804943
-4.556538 5.713947 11.000455
-7.248405 5.713947 9.446303
-9.446304 5.713947 7.248402
-11.000454 5.713947 4.556537
-11.804939 5.713947 1.554151
-11.804939 5.713947 -1.554148
-10.560043 3.078941 -4.374114
-9.068115 3.078941 -6.958210
-6.958210 3.078941 -9.068116
-4.374111 3.078941 -10.560043
-1.491928 3.078941 -11.332321
-1.491930 3.078941 11.332325
-4.374115 3.078941 10.560047
-6.958214 3.078941 9.068118
-9.068119 3.078941 6.958210
-10.560047 3.078941 4.374114
-11.332325 3.078941 1.491929
-11.332321 3.078941 -1.491929
-8.621223 1.177989 -3.601338
-7.392872 1.177989 -5.728902
-5.655724 1.177989 -7.466051
-3.528160 1.177989 -8.694401
-1.191761 1.177989 -9.330240
-1.191761 1.177989 9.330244
-3.528160 1.177989 8.694403
-5.655724 1.177989 7.466052
-7.392876 1.177989 5.728903
-8.621223 1.177989 3.601339
-9.257065 1.177989 1.228350
-9.257065 1.177989 -1.228349
-11.681541 4.601985 -1.537905
-10.885468 4.601985 -4.508908
-9.347561 4.601985 -7.172637
-7.172634 4.601985 -9.347563
-4.508907 4.601985 -10.885466
-1.537905 4.601985 -11.681543
-1.537905 4.601985 11.681546
-4.508907 4.601985 10.885468
-7.172638 4.601985 9.347564
-9.347565 4.601985 7.172637
-10.885468 4.601985 4.508908
-11.681545 4.601985 1.537904
-1.536121 7.040136 11.668003
-4.503681 7.040136 10.872849
-7.164322 7.040136 9.336726
-9.336727 7.040136 7.164322
-10.872849 7.040136 4.503681
-11.668003 7.040136 1.536121
-11.667999 7.040136 -1.536122
-10.872849 7.040136 -4.503681
-9.336723 7.040136 -7.164321
-7.164322 7.040136 -9.336725
-4.503681 7.040136 -10.872847
-1.536121 7.040136 -11.667999
-11.667999 6.507297 -1.536122
-10.872849 6.507297 -4.503681
-9.336723 6.507297 -7.164321
-7.164322 6.507297 -9.336725
-4.503681 6.507297 -10.872846
-1.536121 6.507297 -11.668000
-1.536121 6.507297 11.668004
-4.503681 6.507297 10.872849
-7.164322 6.507297 9.336726
-9.336727 6.507297 7.164322
-10.872849 6.507297 4.503681
-11.668003 6.507297 1.536121
-10.931664 5.579169 -4.528041
-10.931664 6.037651 -4.528041
-9.387230 5.579169 -7.203074
-9.387230 6.037651 -7.203074
-7.203072 5.579169 -9.387231
-7.203072 6.037651 -9.387230
-4.528038 5.579169 -10.931662
-4.528038 6.037651 -10.931661
-1.544430 5.579169 -11.731116
-1.544430 6.037651 -11.731116
-1.544432 5.579169 11.731119
-1.544432 6.037651 11.731119
-4.528046 5.579169 10.931663
-4.528042 6.037651 10.931662
-7.203079 5.579169 9.387230
-7.203075 6.037651 9.387231
-9.387230 5.579169 7.203074
-9.387230 6.037651 7.203075
-10.931664 5.579169 4.528042
-10.931664 6.037651 4.528042
-11.731117 5.579169 1.544431
-11.731117 6.037651 1.544432
-11.731117 5.579169 -1.544430
-11.731117 6.037651 -1.544430
-11.000454 5.902875 4.556536
-11.804939 5.902875 1.554152
-11.804939 5.902875 -1.554148
-11.000454 5.902875 -4.556535
-9.446304 5.902875 -7.248402
-7.248402 5.902875 -9.446303
-4.556534 5.902875 -11.000454
-1.554148 5.902875 -11.804939
-1.554150 5.902875 11.804943
-4.556538 5.902875 11.000455
-7.248405 5.902875 9.446304
-9.446304 5.902875 7.248403
-1.339905 2.001420 10.455511
-3.962498 2.001420 9.742985
-6.346657 2.001420 8.366489
-8.293312 2.001420 6.419833
-9.669807 2.001420 4.035676
-10.382332 2.001420 1.376494
-10.382332 2.001420 -1.376494
-9.669804 2.001420 -4.035675
-8.293312 2.001420 -6.419832
-6.346653 2.001420 -8.366488
-3.962498 2.001420 -9.742983
-1.339905 2.001420 -10.455507
0.000000 7.068146 11.376925
2.944565 7.068145 10.989266
5.688462 7.068145 9.852706
8.044700 7.068145 8.044700
9.852705 7.068145 5.688461
10.989264 7.068145 2.944565
11.376925 7.068145 -0.000000
10.989264 7.068145 -2.944564
9.852704 7.068145 -5.688462
8.044699 7.068145 -8.044699
5.688461 7.068145 -9.852704
2.944564 7.068145 -10.989264
-0.000000 7.068145 -11.376922
-0.000000 1.455471 -3.770106
0.975777 1.455471 -3.641645
1.885055 1.455471 -3.265010
2.665870 1.455471 -2.665868
3.265013 1.455471 -1.885053
3.641650 1.455471 -0.975774
3.770111 1.455471 0.000001
3.641650 1.455471 0.975777
3.265013 1.455471 1.885055
2.665872 1.455471 2.665871
1.885056 1.455471 3.265013
0.975778 1.455471 3.641649
0.000000 1.455471 3.770110
-0.000000 1.459764 4.583061
1.186185 1.459764 4.426900
2.291531 1.459764 3.969049
3.240715 1.459764 3.240714
3.969050 1.459764 2.291531
4.426900 1.459764 1.186185
4.583062 1.459764 0.000001
4.426900 1.459764 -1.186182
3.969050 1.459764 -2.291528
3.240714 1.459764 -3.240712
2.291531 1.459764 -3.969047
1.186184 1.459764 -4.426896
0.000000 1.459764 -4.583057
0.000000 1.738592 8.818302
2.282345 1.738592 8.517826
4.409151 1.738592 7.636873
6.235480 1.738592 6.235480
7.636874 1.738592 4.409151
8.517825 1.738592 2.282344
8.818301 1.738592 0.000000
8.517824 1.738592 -2.282343
7.636873 1.738592 -4.409150
6.235479 1.738592 -6.235479
4.409150 1.738592 -7.636873
2.282343 1.738592 -8.517823
0.000000 1.738592 -8.818299
0.000000 2.878073 9.566894
2.476094 2.878073 9.240910
4.783447 2.878073 8.285172
6.764814 2.878073 6.764815
8.285172 2.878073 4.783446
9.240908 2.878073 2.476094
9.566892 2.878073 0.000000
9.240909 2.878073 -2.476094
8.285172 2.878073 -4.783445
6.764813 2.878073 -6.764813
4.783445 2.878073 -8.285172
2.476094 2.878073 -9.240907
-0.000000 2.878073 -9.566889
0.000000 1.495890 7.301264
1.889707 1.495890 7.052481
3.650632 1.495890 6.323081
5.162774 1.495890 5.162774
6.323081 1.495890 3.650632
7.052480 1.495890 1.889706
7.301264 1.495890 0.000001
7.052480 1.495890 -1.889705
6.323081 1.495890 -3.650630
5.162773 1.495890 -5.162771
3.650631 1.495890 -6.323080
1.889706 1.495890 -7.052477
0.000000 1.495890 -7.301260
-0.000000 6.271089 11.029863
2.854739 6.271088 10.654031
5.514932 6.271088 9.552141
7.799292 6.271088 7.799292
9.552141 6.271088 5.514932
10.654028 6.271088 2.854739
11.029862 6.271088 -0.000000
10.654028 6.271088 -2.854739
9.552141 6.271088 -5.514932
7.799290 6.271088 -7.799292
5.514930 6.271088 -9.552140
2.854738 6.271088 -10.654027
0.000000 6.271088 -11.029860
0.000000 7.178208 11.562014
2.992470 7.178208 11.168049
5.781007 7.178208 10.012996
8.175577 7.178208 8.175576
10.012996 7.178208 5.781006
11.168046 7.178208 2.992469
11.562012 7.178208 -0.000000
11.168046 7.178208 -2.992468
10.012996 7.178208 -5.781005
8.175576 7.178208 -8.175576
5.781004 7.178208 -10.012996
2.992468 7.178208 -11.168043
-0.000000 7.178208 -11.562008
0.000000 1.540798 4.102768
-0.000000 1.540798 3.847209
1.061876 1.540798 3.962973
0.995733 1.540798 3.716121
2.051385 1.540798 3.553104
1.923605 1.540798 3.331784
2.901097 1.540798 2.901096
2.720389 1.540798 2.720389
3.553105 1.540798 2.051385
3.331784 1.540798 1.923604
3.962974 1.540798 1.061876
3.716122 1.540798 0.995732
4.102769 1.540798 0.000001
3.847210 1.540798 0.000001
3.962974 1.540798 -1.061873
3.716122 1.540798 -0.995729
3.553104 1.540798 -2.051382
3.331784 1.540798 -1.923603
2.901095 1.540798 -2.901094
2.720388 1.540798 -2.720386
2.051384 1.540798 -3.553101
1.923604 1.540798 -3.331780
1.061875 1.540798 -3.962969
0.995732 1.540798 -3.716118
0.000000 1.540798 -4.102765
-0.000000 1.540798 -3.847206
0.000000 1.577086 3.973707
1.028473 1.577086 3.838308
1.986854 1.577086 3.441334
2.809836 1.577086 2.809836
3.441333 1.577086 1.986853
3.838310 1.577086 1.028472
3.973707 1.577086 0.000001
3.838310 1.577086 -1.028469
3.441334 1.577086 -1.986851
2.809835 1.577086 -2.809833
1.986853 1.577086 -3.441330
1.028472 1.577086 -3.838305
-0.000000 1.577086 -3.973704
0.000000 1.442011 0.000001
0.000000 1.442010 -3.186894
0.824831 1.442010 -3.078306
1.593449 1.442010 -2.759934
2.253477 1.442010 -2.253475
2.759937 1.442010 -1.593447
3.078310 1.442010 -0.824828
3.186898 1.442010 0.000001
3.078310 1.442010 0.824831
2.759937 1.442010 1.593449
2.253478 1.442010 2.253478
1.593450 1.442010 2.759937
0.824831 1.442010 3.078309
0.000000 1.442010 3.186898
0.000000 7.143641 -11.782777
3.049607 7.143641 -11.381289
5.891389 7.143641 -10.204185
8.331681 7.143641 -8.331682
10.204185 7.143641 -5.891390
11.381290 7.143641 -3.049608
11.782780 7.143641 -0.000000
11.381292 7.143641 3.049608
10.204186 7.143641 5.891390
8.331684 7.143641 8.331684
5.891390 7.143641 10.204187
3.049608 7.143641 11.381292
0.000000 7.143641 11.782782
-2.944565 7.068146 10.989266
-5.688463 7.068146 9.852706
-8.044700 7.068146 8.044700
-9.852706 7.068146 5.688462
-10.989264 7.068146 2.944565
-11.376925 7.068146 -0.000000
-10.989264 7.068146 -2.944565
-9.852705 7.068146 -5.688462
-8.044700 7.068146 -8.044700
-5.688461 7.068146 -9.852705
-2.944564 7.068146 -10.989263
-0.975777 1.455471 -3.641645
-1.885055 1.455471 -3.265010
-2.665870 1.455471 -2.665869
-3.265013 1.455471 -1.885053
-3.641650 1.455471 -0.975774
-3.770111 1.455471 0.000001
-3.641650 1.455471 0.975777
-3.265013 1.455471 1.885055
-2.665872 1.455471 2.665871
-1.885056 1.455471 3.265013
-0.975778 1.455471 3.641649
-1.186185 1.459764 4.426900
-2.291532 1.459764 3.969050
-3.240715 1.459764 3.240714
-3.969050 1.459764 2.291531
-4.426901 1.459764 1.186185
-4.583062 1.459764 0.000001
-4.426900 1.459764 -1.186182
-3.969050 1.459764 -2.291528
-3.240713 1.459764 -3.240712
-2.291530 1.459764 -3.969047
-1.186184 1.459764 -4.426897
-2.282345 1.738592 8.517827
-4.409152 1.738592 7.636873
-6.235481 1.738592 6.235480
-7.636874 1.738592 4.409151
-8.517824 1.738592 2.282344
-8.818300 1.738592 0.000000
-8.517824 1.738592 -2.282344
-7.636873 1.738592 -4.409149
-6.235480 1.738592 -6.235479
-4.409149 1.738592 -7.636873
-2.282344 1.738592 -8.517824
-2.476094 2.878073 9.240909
-4.783447 2.878073 8.285172
-6.764814 2.878073 6.764815
-8.285172 2.878073 4.783446
-9.240908 2.878073 2.476094
-9.566893 2.878073 0.000000
-9.240908 2.878073 -2.476094
-8.285172 2.878073 -4.783446
-6.764813 2.878073 -6.764814
-4.783445 2.878073 -8.285172
-2.476094 2.878073 -9.240907
-1.889707 1.495890 7.052481
-3.650632 1.495890 6.323081
-5.162774 1.495890 5.162774
-6.323081 1.495890 3.650632
-7.052480 1.495890 1.889707
-7.301264 1.495890 0.000001
-7.052480 1.495890 -1.889705
-6.323081 1.495890 -3.650630
-5.162773 1.495890 -5.162772
-3.650631 1.495890 -6.323079
-1.889706 1.495890 -7.052477
-2.854739 6.271089 10.654031
-5.514932 6.271089 9.552142
-7.799292 6.271089 7.799292
-9.552141 6.271089 5.514931
-10.654028 6.271089 2.854739
-11.029862 6.271089 -0.000000
-10.654028 6.271089 -2.854738
-9.552141 6.271089 -5.514932
-7.799290 6.271089 -7.799291
-5.514930 6.271089 -9.552141
-2.854738 6.271089 -10.654027
-2.992470 7.178208 11.168049
-5.781007 7.178208 10.012996
-8.175577 7.178208 8.175576
-10.012996 7.178208 5.781006
-11.168046 7.178208 2.992469
-11.562012 7.178208 -0.000000
-11.168046 7.178208 -2.992469
-10.012995 7.178208 -5.781006
-8.175576 7.178208 -8.175576
-5.781004 7.178208 -10.012996
-2.992468 7.178208 -11.168045
-1.061876 1.540798 3.962973
-0.995733 1.540798 3.716121
-2.051385 1.540798 3.553104
-1.923605 1.540798 3.331784
-2.901096 1.540798 2.901096
-2.720389 1.540798 2.720389
-3.553104 1.540798 2.051385
-3.331784 1.540798 1.923604
-3.962974 1.540798 1.061876
-3.716122 1.540798 0.995732
-4.102769 1.540798 0.000001
-3.847210 1.540798 0.000001
-3.962974 1.540798 -1.061873
-3.716122 1.540798 -0.995729
-3.553104 1.540798 -2.051382
-3.331784 1.540798 -1.923603
-2.901095 1.540798 -2.901094
-2.720388 1.540798 -2.720386
-2.051384 1.540798 -3.553102
-1.923604 1.540798 -3.331780
-1.061876 1.540798 -3.962969
-0.995732 1.540798 -3.716118
-1.028473 1.577086 3.838308
-1.986854 1.577086 3.441334
-2.809836 1.577086 2.809836
-3.441333 1.577086 1.986853
-3.838310 1.577086 1.028472
-3.973707 1.577086 0.000001
-3.838310 1.577086 -1.028469
-3.441334 1.577086 -1.986851
-2.809835 1.577086 -2.809833
-1.986853 1.577086 -3.441330
-1.028472 1.577086 -3.838305
-0.824831 1.442010 -3.078305
-1.593449 1.442010 -2.759934
-2.253477 1.442010 -2.253475
-2.759937 1.442010 -1.593447
-3.078310 1.442010 -0.824828
-3.186898 1.442010 0.000001
-3.078310 1.442010 0.824831
-2.759937 1.442010 1.593449
-2.253478 1.442010 2.253478
-1.593450 1.442010 2.759937
-0.824831 1.442010 3.078309
-3.049607 7.143641 -11.381289
-5.891388 7.143641 -10.204185
-8.331682 7.143641 -8.331682
-10.204185 7.143641 -5.891390
-11.381290 7.143641 -3.049608
-11.782780 7.143641 -0.000000
-11.381292 7.143641 3.049608
-10.204186 7.143641 5.891390
-8.331684 7.143641 8.331684
-5.891390 7.143641 10.204187
-3.049608 7.143641 11.381292
0.410798 1.442010 -3.120318
0.593367 1.442010 -2.214474
1.204399 1.442010 -2.907675
1.146297 1.442010 -1.985443
1.915921 1.442010 -2.496876
1.621108 1.442010 -1.621107
2.496879 1.442010 -1.915920
1.985445 1.442010 -1.146295
2.907678 1.442010 -1.204396
2.214477 1.442010 -0.593365
3.120321 1.442010 -0.410796
2.292594 1.442010 0.000001
3.120322 1.442010 0.410799
2.214477 1.442010 0.593368
2.907678 1.442010 1.204399
1.985445 1.442010 1.146297
2.496879 1.442010 1.915922
1.621109 1.442010 1.621109
1.915922 1.442010 2.496879
1.146297 1.442010 1.985445
1.204400 1.442010 2.907678
0.593368 1.442010 2.214476
0.410799 1.442010 3.120321
0.000000 1.442010 2.292594
1.046583 1.567955 3.905897
0.535500 1.540798 4.067520
0.518655 1.577086 3.939567
0.000000 1.567955 4.043679
2.021841 1.567955 3.501931
1.570005 1.540798 3.790327
1.520617 1.577086 3.671093
2.859314 1.567955 2.859313
2.497516 1.540798 3.254827
2.418951 1.577086 3.152439
3.501932 1.567955 2.021840
3.254827 1.540798 2.497515
3.152439 1.577086 2.418950
3.905898 1.567955 1.046582
3.790328 1.540798 1.570004
3.671094 1.577086 1.520616
4.043679 1.567955 0.000001
4.067521 1.540798 0.535500
3.939567 1.577086 0.518655
3.905898 1.567955 -1.046579
4.067521 1.540798 -0.535497
3.939567 1.577086 -0.518652
3.501931 1.567955 -2.021837
3.790328 1.540798 -1.570001
3.671094 1.577086 -1.520613
2.859313 1.567955 -2.859311
3.254826 1.540798 -2.497513
3.152438 1.577086 -2.418948
2.021840 1.567955 -3.501928
2.497515 1.540798 -3.254824
2.418950 1.577086 -3.152436
1.046582 1.567955 -3.905893
1.570004 1.540798 -3.790323
1.520616 1.577086 -3.671091
0.000000 1.567955 -4.043675
0.535500 1.540798 -4.067516
0.518654 1.577086 -3.939563
2.133362 1.571657 7.961816
1.150977 1.738592 8.742538
0.952971 1.495890 7.238535
0.000000 1.571657 8.242678
4.121338 1.571657 7.138368
3.374494 1.738592 8.146749
2.793970 1.495890 6.745241
5.828453 1.571657 5.828452
5.368044 1.738592 6.995770
4.444564 1.495890 5.792269
7.138368 1.571657 4.121338
6.995771 1.738592 5.368043
5.792269 1.495890 4.444564
7.961814 1.571657 2.133362
8.146748 1.738592 3.374493
6.745241 1.495890 2.793970
8.242676 1.571657 0.000000
8.742537 1.738592 1.150977
7.238534 1.495890 0.952971
7.961814 1.571657 -2.133361
8.742537 1.738592 -1.150976
7.238534 1.495890 -0.952970
7.138367 1.571657 -4.121337
8.146747 1.738592 -3.374492
6.745240 1.495890 -2.793968
5.828451 1.571657 -5.828450
6.995770 1.738592 -5.368042
5.792268 1.495890 -4.444562
4.121337 1.571657 -7.138366
5.368042 1.738592 -6.995770
4.444563 1.495890 -5.792267
2.133361 1.571657 -7.961812
3.374492 1.738592 -8.146747
2.793969 1.495890 -6.745238
0.000000 1.571657 -8.242674
1.150976 1.738592 -8.742535
0.952971 1.495890 -7.238531
2.926584 6.934677 10.922160
1.484932 7.068145 11.279178
1.439633 6.271088 10.935099
0.000000 6.934677 11.307452
5.653726 6.934677 9.792542
4.353600 7.068145 10.510521
4.220790 6.271088 10.189889
7.995576 6.934677 7.995576
6.925577 7.068145 9.025587
6.714308 6.271088 8.750256
9.792540 6.934677 5.653726
9.025587 7.068145 6.925577
8.750256 6.271088 6.714307
10.922158 6.934677 2.926584
10.510519 7.068145 4.353600
10.189888 6.271088 4.220790
11.307451 6.934677 -0.000000
11.279176 7.068145 1.484931
10.935097 6.271088 1.439633
10.922159 6.934677 -2.926584
11.279176 7.068145 -1.484932
10.935097 6.271088 -1.439633
9.792540 6.934677 -5.653726
10.510518 7.068145 -4.353600
10.189888 6.271088 -4.220790
7.995574 6.934677 -7.995576
9.025587 7.068145 -6.925577
8.750255 6.271088 -6.714307
5.653725 6.934677 -9.792540
6.925576 7.068145 -9.025587
6.714306 6.271088 -8.750256
2.926583 6.934677 -10.922157
4.353599 7.068145 -10.510518
4.220789 6.271088 -10.189887
0.000000 6.934677 -11.307449
1.484931 7.068145 -11.279175
1.439632 6.271088 -10.935095
2.371589 2.048801 8.850890
1.248684 2.878073 9.484697
0.000000 2.048801 9.163116
4.581558 2.048801 7.935490
3.660957 2.878073 8.838330
6.479301 2.048801 6.479300
5.823741 2.878073 7.589646
7.935491 2.048801 4.581557
7.589646 2.878073 5.823740
8.850889 2.048801 2.371588
8.838329 2.878073 3.660956
9.163116 2.048801 0.000000
9.484696 2.878073 1.248684
8.850889 2.048801 -2.371588
9.484696 2.878073 -1.248684
7.935490 2.048801 -4.581556
8.838329 2.878073 -3.660955
6.479299 2.048801 -6.479300
7.589645 2.878073 -5.823739
4.581556 2.048801 -7.935490
5.823739 2.878073 -7.589645
2.371588 2.048801 -8.850887
3.660955 2.878073 -8.838329
0.000000 2.048801 -9.163112
1.248683 2.878073 -9.484694
1.516445 1.459184 5.659448
0.598188 1.459764 4.543686
0.000000 1.459184 5.859089
2.929545 1.459184 5.074121
1.753798 1.459764 4.234043
4.143002 1.459184 4.143002
2.789889 1.459764 3.635854
5.074122 1.459184 2.929544
3.635854 1.459764 2.789888
5.659447 1.459184 1.516445
4.234044 1.459764 1.753798
5.859089 1.459184 0.000001
4.543686 1.459764 0.598189
5.659447 1.459184 -1.516442
4.543686 1.459764 -0.598186
5.074121 1.459184 -2.929542
4.234044 1.459764 -1.753795
4.143001 1.459184 -4.142999
3.635854 1.459764 -2.789886
2.929544 1.459184 -5.074119
2.789888 1.459764 -3.635851
1.516444 1.459184 -5.659444
1.753797 1.459764 -4.234040
0.000000 1.459184 -5.859086
0.598188 1.459764 -4.543682
2.670860 4.602194 9.967785
0.000000 4.602194 10.319410
5.159705 4.602194 8.936871
7.296925 4.602194 7.296925
8.936871 4.602194 5.159705
9.967783 4.602194 2.670859
10.319408 4.602194 -0.000000
9.967783 4.602194 -2.670859
8.936870 4.602194 -5.159704
7.296924 4.602194 -7.296924
5.159703 4.602194 -8.936870
2.670859 4.602194 -9.967783
0.000000 4.602194 -10.319407
2.966851 7.146675 11.072438
1.509090 7.178209 11.462676
0.000000 7.146675 11.463031
5.731515 7.146675 9.927275
4.424428 7.178209 10.681513
8.105585 7.146675 8.105585
7.038247 7.178209 9.172422
9.927275 7.146675 5.731514
9.172422 7.178209 7.038246
11.072435 7.146675 2.966850
10.681511 7.178209 4.424427
11.463028 7.146675 -0.000000
11.462673 7.178209 1.509089
11.072435 7.146675 -2.966850
11.462673 7.178209 -1.509090
9.927275 7.146675 -5.731514
10.681511 7.178209 -4.424427
8.105585 7.146675 -8.105585
9.172422 7.178209 -7.038247
5.731513 7.146675 -9.927275
7.038246 7.178209 -9.172421
2.966849 7.146675 -11.072435
4.424426 7.178209 -10.681511
0.000000 7.146675 -11.463027
1.509089 7.178209 -11.462672
1.071536 1.495851 3.999025
0.000000 1.495851 4.140092
0.000000 1.495851 3.817580
0.492081 1.455471 3.737719
0.502144 1.540798 3.814156
0.988064 1.495851 3.687501
2.070047 1.495851 3.585427
1.442707 1.455471 3.483001
1.472210 1.540798 3.554229
1.908791 1.495851 3.306123
2.927488 1.495851 2.927487
2.295013 1.455471 2.990921
2.341947 1.540798 3.052085
2.699438 1.495851 2.699438
3.585427 1.495851 2.070046
2.990921 1.455471 2.295013
3.052086 1.540798 2.341946
3.306124 1.495851 1.908790
3.999025 1.495851 1.071536
3.483002 1.455471 1.442706
3.554230 1.540798 1.472209
3.687502 1.495851 0.988064
4.140092 1.495851 0.000001
3.737720 1.455471 0.492081
3.814157 1.540798 0.502144
3.817580 1.495851 0.000001
3.999025 1.495851 -1.071533
3.737720 1.455471 -0.492078
3.814157 1.540798 -0.502141
3.687502 1.495851 -0.988060
3.585427 1.495851 -2.070044
3.483002 1.455471 -1.442703
3.554230 1.540798 -1.472207
3.306123 1.495851 -1.908788
2.927487 1.495851 -2.927485
2.990920 1.455471 -2.295011
3.052085 1.540798 -2.341944
2.699437 1.495851 -2.699435
2.070046 1.495851 -3.585424
2.295012 1.455471 -2.990918
2.341946 1.540798 -3.052083
1.908790 1.495851 -3.306121
1.071535 1.495851 -3.999021
1.442706 1.455471 -3.482998
1.472209 1.540798 -3.554226
0.988063 1.495851 -3.687498
0.000000 1.495851 -4.140088
0.492081 1.455471 -3.737715
0.502144 1.540798 -3.814153
0.000000 1.495851 -3.817576
1.010363 1.567955 3.770720
0.000000 1.567955 3.903734
1.951868 1.567955 3.380735
2.760359 1.567955 2.760358
3.380736 1.567955 1.951867
3.770721 1.567955 1.010362
3.903734 1.567955 0.000001
3.770721 1.567955 -1.010359
3.380735 1.567955 -1.951865
2.760357 1.567955 -2.760355
1.951867 1.567955 -3.380733
1.010362 1.567955 -3.770717
0.000000 1.567955 -3.903731
0.000000 1.442010 -3.660060
0.947295 1.442010 -3.535348
1.830031 1.442010 -3.169707
2.588055 1.442010 -2.588053
3.169710 1.442010 -1.830029
3.535353 1.442010 -0.947292
3.660064 1.442010 0.000001
3.535353 1.442010 0.947295
3.169710 1.442010 1.830032
2.588057 1.442010 2.588057
1.830032 1.442010 3.169710
0.947296 1.442010 3.535352
0.000000 1.442010 3.660063
0.000000 7.170688 -11.670113
1.537904 7.143641 -11.681543
3.020447 7.170688 -11.272465
4.508907 7.143641 -10.885466
5.835056 7.170688 -10.106616
7.172635 7.143641 -9.347562
8.252016 7.170688 -8.252017
9.347561 7.143641 -7.172637
10.106615 7.170688 -5.835058
10.885466 7.143641 -4.508908
11.272465 7.170688 -3.020448
11.681544 7.143641 -1.537905
11.670115 7.170688 -0.000000
11.681545 7.143641 1.537904
11.272466 7.170688 3.020448
10.885468 7.143641 4.508908
10.106616 7.170688 5.835058
9.347563 7.143641 7.172637
8.252018 7.170688 8.252018
7.172638 7.143641 9.347563
5.835058 7.170688 10.106617
4.508909 7.143641 10.885468
3.020449 7.170688 11.272468
1.537905 7.143641 11.681546
0.000000 7.170688 11.670117
-0.410798 1.442010 -3.120318
-0.593367 1.442010 -2.214473
-1.204399 1.442010 -2.907675
-1.146297 1.442010 -1.985443
-1.915921 1.442010 -2.496876
-1.621108 1.442010 -1.621107
-2.496879 1.442010 -1.915919
-1.985445 1.442010 -1.146295
-2.907678 1.442010 -1.204396
-2.214477 1.442010 -0.593365
-3.120322 1.442010 -0.410796
-2.292594 1.442010 0.000001
-3.120322 1.442010 0.410799
-2.214477 1.442010 0.593368
-2.907678 1.442010 1.204399
-1.985445 1.442010 1.146297
-2.496879 1.442010 1.915922
-1.621109 1.442010 1.621109
-1.915922 1.442010 2.496879
-1.146297 1.442010 1.985445
-1.204400 1.442010 2.907678
-0.593368 1.442010 2.214476
-0.410799 1.442010 3.120321
-0.535500 1.540798 4.067520
-1.046583 1.567955 3.905897
-0.518655 1.577086 3.939567
-1.570005 1.540798 3.790327
-2.021841 1.567955 3.501931
-1.520617 1.577086 3.671094
-2.497516 1.540798 3.254827
-2.859314 1.567955 2.859313
-2.418951 1.577086 3.152439
-3.254827 1.540798 2.497515
-3.501932 1.567955 2.021840
-3.152439 1.577086 2.418950
-3.790328 1.540798 1.570004
-3.905898 1.567955 1.046582
-3.671094 1.577086 1.520616
-4.067521 1.540798 0.535500
-4.043679 1.567955 0.000001
-3.939567 1.577086 0.518655
-4.067521 1.540798 -0.535497
-3.905898 1.567955 -1.046579
-3.939567 1.577086 -0.518652
-3.790328 1.540798 -1.570001
-3.501931 1.567955 -2.021837
-3.671094 1.577086 -1.520613
-3.254826 1.540798 -2.497513
-2.859313 1.567955 -2.859311
-3.152438 1.577086 -2.418948
-2.497515 1.540798 -3.254824
-2.021840 1.567955 -3.501928
-2.418950 1.577086 -3.152436
-1.570004 1.540798 -3.790323
-1.046582 1.567955 -3.905893
-1.520616 1.577086 -3.671091
-0.535500 1.540798 -4.067516
-0.518654 1.577086 -3.939563
-1.150977 1.738592 8.742538
-2.133362 1.571657 7.961816
-0.952971 1.495889 7.238535
-3.374494 1.738592 8.146749
-4.121338 1.571657 7.138368
-2.793970 1.495889 6.745241
-5.368044 1.738592 6.995770
-5.828453 1.571657 5.828452
-4.444564 1.495889 5.792269
-6.995771 1.738592 5.368043
-7.138368 1.571657 4.121338
-5.792269 1.495889 4.444564
-8.146748 1.738592 3.374493
-7.961814 1.571657 2.133362
-6.745241 1.495889 2.793970
-8.742537 1.738592 1.150977
-8.242676 1.571657 0.000000
-7.238534 1.495889 0.952971
-8.742537 1.738592 -1.150976
-7.961814 1.571657 -2.133361
-7.238534 1.495889 -0.952970
-8.146747 1.738592 -3.374492
-7.138367 1.571657 -4.121337
-6.745240 1.495889 -2.793968
-6.995770 1.738592 -5.368042
-5.828451 1.571657 -5.828450
-5.792268 1.495889 -4.444562
-5.368042 1.738592 -6.995770
-4.121337 1.571657 -7.138366
-4.444563 1.495889 -5.792267
-3.374492 1.738592 -8.146747
-2.133361 1.571657 -7.961812
-2.793969 1.495889 -6.745238
-1.150976 1.738592 -8.742535
-0.952971 1.495889 -7.238531
-1.484932 7.068145 11.279178
-2.926584 6.934677 10.922160
-1.439633 6.271088 10.935099
-4.353600 7.068145 10.510521
-5.653726 6.934677 9.792541
-4.220790 6.271088 10.189889
-6.925577 7.068145 9.025587
-7.995576 6.934677 7.995576
-6.714308 6.271088 8.750256
-9.025587 7.068145 6.925577
-9.792540 6.934677 5.653726
-8.750256 6.271088 6.714307
-10.510519 7.068145 4.353600
-10.922158 6.934677 2.926584
-10.189888 6.271088 4.220790
-11.279177 7.068145 1.484931
-11.307451 6.934677 -0.000000
-10.935097 6.271088 1.439633
-11.279176 7.068145 -1.484932
-10.922158 6.934677 -2.926584
-10.935097 6.271088 -1.439633
-10.510517 7.068145 -4.353600
-9.792540 6.934677 -5.653726
-10.189887 6.271088 -4.220790
-9.025587 7.068145 -6.925577
-7.995574 6.934677 -7.995576
-8.750254 6.271088 -6.714307
-6.925576 7.068145 -9.025587
-5.653725 6.934677 -9.792540
-6.714306 6.271088 -8.750256
-4.353599 7.068145 -10.510518
-2.926583 6.934677 -10.922157
-4.220789 6.271088 -10.189887
-1.484931 7.068145 -11.279175
-1.439632 6.271088 -10.935095
-1.248684 2.878073 9.484697
-2.371589 2.048801 8.850891
-3.660957 2.878073 8.838331
-4.581558 2.048801 7.935491
-5.823741 2.878073 7.589646
-6.479301 2.048801 6.479301
-7.589646 2.878073 5.823740
-7.935491 2.048801 4.581558
-8.838329 2.878073 3.660956
-8.850889 2.048801 2.371588
-9.484696 2.878073 1.248684
-9.163116 2.048801 0.000000
-9.484696 2.878073 -1.248683
-8.850889 2.048801 -2.371588
-8.838329 2.878073 -3.660955
-7.935490 2.048801 -4.581556
-7.589645 2.878073 -5.823739
-6.479299 2.048801 -6.479300
-5.823739 2.878073 -7.589646
-4.581556 2.048801 -7.935490
-3.660955 2.878073 -8.838329
-2.371588 2.048801 -8.850888
-1.248683 2.878073 -9.484694
-1.516445 1.459184 5.659448
-0.598188 1.459764 4.543686
-2.929545 1.459184 5.074121
-1.753798 1.459764 4.234043
-4.143002 1.459184 4.143002
-2.789889 1.459764 3.635854
-5.074122 1.459184 2.929544
-3.635854 1.459764 2.789888
-5.659447 1.459184 1.516445
-4.234044 1.459764 1.753798
-5.859089 1.459184 0.000001
-4.543686 1.459764 0.598189
-5.659447 1.459184 -1.516442
-4.543686 1.459764 -0.598186
-5.074121 1.459184 -2.929543
-4.234044 1.459764 -1.753795
-4.143001 1.459184 -4.142999
-3.635854 1.459764 -2.789886
-2.929544 1.459184 -5.074119
-2.789888 1.459764 -3.635851
-1.516444 1.459184 -5.659444
-1.753797 1.459764 -4.234040
-0.598188 1.459764 -4.543682
-2.670860 4.602194 9.967785
-5.159705 4.602194 8.936871
-7.296925 4.602194 7.296925
-8.936871 4.602194 5.159705
-9.967783 4.602194 2.670859
-10.319408 4.602194 -0.000000
-9.967783 4.602194 -2.670859
-8.936870 4.602194 -5.159704
-7.296923 4.602194 -7.296924
-5.159703 4.602194 -8.936870
-2.670859 4.602194 -9.967783
-1.509090 7.178208 11.462676
-2.966851 7.146675 11.072437
-4.424428 7.178208 10.681513
-5.731515 7.146675 9.927275
-7.038247 7.178208 9.172422
-8.105585 7.146675 8.105585
-9.172422 7.178208 7.038246
-9.927275 7.146675 5.731514
-10.681511 7.178208 4.424427
-11.072435 7.146675 2.966850
-11.462673 7.178208 1.509089
-11.463028 7.146675 -0.000000
-11.462673 7.178208 -1.509090
-11.072434 7.146675 -2.966850
-10.681511 7.178208 -4.424427
-9.927275 7.146675 -5.731514
-9.172422 7.178208 -7.038246
-8.105585 7.146675 -8.105585
-7.038246 7.178208 -9.172422
-5.731514 7.146675 -9.927274
-4.424426 7.178208 -10.681511
-2.966849 7.146675 -11.072434
-1.509089 7.178208 -11.462672
-1.071536 1.495851 3.999025
-0.492081 1.455471 3.737719
-0.988064 1.495851 3.687501
-0.502144 1.540798 3.814156
-2.070047 1.495851 3.585427
-1.442707 1.455471 3.483001
-1.908791 1.495851 3.306123
-1.472210 1.540798 3.554229
-2.927488 1.495851 2.927487
-2.295013 1.455471 2.990921
-2.699438 1.495851 2.699438
-2.341947 1.540798 3.052085
-3.585427 1.495851 2.070046
-2.990921 1.455471 2.295013
-3.306124 1.495851 1.908790
-3.052086 1.540798 2.341946
-3.999025 1.495851 1.071536
-3.483002 1.455471 1.442706
-3.687502 1.495851 0.988064
-3.554230 1.540798 1.472209
-4.140092 1.495851 0.000001
-3.737720 1.455471 0.492081
-3.817580 1.495851 0.000001
-3.814157 1.540798 0.502144
-3.999025 1.495851 -1.071533
-3.737720 1.455471 -0.492078
-3.687502 1.495851 -0.988060
-3.814157 1.540798 -0.502141
-3.585427 1.495851 -2.070044
-3.483002 1.455471 -1.442703
-3.306123 1.495851 -1.908788
-3.554230 1.540798 -1.472207
-2.927487 1.495851 -2.927485
-2.990920 1.455471 -2.295011
-2.699437 1.495851 -2.699435
-3.052085 1.540798 -2.341944
-2.070046 1.495851 -3.585424
-2.295012 1.455471 -2.990918
-1.908790 1.495851 -3.306121
-2.341946 1.540798 -3.052083
-1.071535 1.495851 -3.999021
-1.442706 1.455471 -3.482998
-0.988063 1.495851 -3.687498
-1.472209 1.540798 -3.554226
-0.492081 1.455471 -3.737715
-0.502144 1.540798 -3.814153
-1.010362 1.567955 3.770720
-1.951868 1.567955 3.380735
-2.760359 1.567955 2.760358
-3.380736 1.567955 1.951867
-3.770721 1.567955 1.010362
-3.903734 1.567955 0.000001
-3.770721 1.567955 -1.010359
-3.380735 1.567955 -1.951865
-2.760357 1.567955 -2.760355
-1.951867 1.567955 -3.380733
-1.010362 1.567955 -3.770717
-0.947295 1.442010 -3.535348
-1.830031 1.442010 -3.169707
-2.588055 1.442010 -2.588053
-3.169710 1.442010 -1.830029
-3.535353 1.442010 -0.947292
-3.660064 1.442010 0.000001
-3.535353 1.442010 0.947295
-3.169710 1.442010 1.830032
-2.588057 1.442010 2.588057
-1.830032 1.442010 3.169710
-0.947296 1.442010 3.535352
-1.537904 7.143641 -11.681543
-3.020447 7.170688 -11.272465
-4.508907 7.143641 -10.885466
-5.835056 7.170688 -10.106615
-7.172635 7.143641 -9.347562
-8.252017 7.170688 -8.252017
-9.347561 7.143641 -7.172637
-10.106615 7.170688 -5.835058
-10.885466 7.143641 -4.508908
-11.272465 7.170688 -3.020448
-11.681544 7.143641 -1.537905
-11.670115 7.170688 -0.000000
-11.681545 7.143641 1.537904
-11.272466 7.170688 3.020448
-10.885468 7.143641 4.508908
-10.106616 7.170688 5.835058
-9.347563 7.143641 7.172637
-8.252018 7.170688 8.252018
-7.172638 7.143641 9.347563
-5.835059 7.170688 10.106617
-4.508909 7.143641 10.885468
-3.020449 7.170688 11.272468
-1.537905 7.143641 11.681546
0.000000 1.442010 -2.292591
0.306180 1.442010 -2.325662
0.897673 1.442010 -2.167173
1.427991 1.442010 -1.860993
1.860995 1.442010 -1.427990
2.167176 1.442010 -0.897671
2.325665 1.442010 -0.306178
2.325665 1.442010 0.306181
2.167176 1.442010 0.897673
1.860996 1.442010 1.427992
1.427992 1.442010 1.860996
0.897674 1.442010 2.167176
0.306180 1.442010 2.325665
0.527788 1.567955 4.008938
1.547393 1.567955 3.735738
2.461546 1.567955 3.207949
3.207950 1.567955 2.461545
3.735738 1.567955 1.547393
4.008939 1.567955 0.527788
4.008939 1.567955 -0.527785
3.735738 1.567955 -1.547390
3.207949 1.567955 -2.461543
2.461545 1.567955 -3.207947
1.547392 1.567955 -3.735734
0.527787 1.567955 -4.008934
1.075846 1.571657 8.171859
3.154220 1.571657 7.614960
5.017638 1.571657 6.539114
6.539114 1.571657 5.017638
7.614959 1.571657 3.154219
8.171857 1.571657 1.075846
8.171857 1.571657 -1.075845
7.614959 1.571657 -3.154218
6.539113 1.571657 -5.017636
5.017637 1.571657 -6.539112
3.154218 1.571657 -7.614958
1.075845 1.571657 -8.171855
1.475864 6.934677 11.210302
4.327015 6.934677 10.446339
6.883286 6.934677 8.970474
8.970473 6.934677 6.883286
10.446337 6.934677 4.327015
11.210300 6.934677 1.475864
11.210300 6.934677 -1.475864
10.446337 6.934677 -4.327015
8.970472 6.934677 -6.883286
6.883286 6.934677 -8.970473
4.327013 6.934677 -10.446337
1.475864 6.934677 -11.210299
1.195983 2.048801 9.084389
3.506444 2.048801 8.465302
5.577946 2.048801 7.269320
7.269320 2.048801 5.577945
8.465302 2.048801 3.506443
9.084388 2.048801 1.195982
9.084388 2.048801 -1.195982
8.465302 2.048801 -3.506442
7.269319 2.048801 -5.577944
5.577944 2.048801 -7.269319
3.506442 2.048801 -8.465302
1.195982 2.048801 -9.084385
0.764737 1.459184 5.808750
2.242095 1.459184 5.412895
3.566656 1.459184 4.648157
4.648158 1.459184 3.566656
5.412895 1.459184 2.242094
5.808750 1.459184 0.764737
5.808750 1.459184 -0.764735
5.412894 1.459184 -2.242092
4.648156 1.459184 -3.566653
3.566655 1.459184 -4.648155
2.242094 1.459184 -5.412891
0.764736 1.459184 -5.808747
1.346904 4.602194 10.230749
3.948922 4.602194 9.533540
6.281827 4.602194 8.186636
8.186636 4.602194 6.281826
9.533539 4.602194 3.948921
10.230747 4.602194 1.346903
10.230747 4.602194 -1.346903
9.533539 4.602194 -3.948921
8.186635 4.602194 -6.281826
6.281825 4.602194 -8.186635
3.948920 4.602194 -9.533538
1.346903 4.602194 -10.230745
1.496171 7.146675 11.364544
4.386550 7.146675 10.590069
6.977993 7.146675 9.093897
9.093897 7.146675 6.977992
10.590067 7.146675 4.386549
11.364541 7.146675 1.496170
11.364541 7.146675 -1.496170
10.590067 7.146675 -4.386549
9.093897 7.146675 -6.977993
6.977991 7.146675 -9.093896
4.386548 7.146675 -10.590067
1.496170 7.146675 -11.364540
0.540372 1.495851 4.104523
0.498277 1.495851 3.784781
1.584288 1.495851 3.824808
1.460872 1.495851 3.526856
2.520236 1.495851 3.284436
2.323910 1.495851 3.028580
3.284436 1.495851 2.520236
3.028580 1.495851 2.323910
3.824809 1.495851 1.584287
3.526857 1.495851 1.460871
4.104523 1.495851 0.540372
3.784782 1.495851 0.498277
4.104523 1.495851 -0.540369
3.784782 1.495851 -0.498274
3.824809 1.495851 -1.584284
3.526857 1.495851 -1.460868
3.284436 1.495851 -2.520233
3.028579 1.495851 -2.323908
2.520235 1.495851 -3.284433
2.323909 1.495851 -3.028577
1.584287 1.495851 -3.824805
1.460871 1.495851 -3.526853
0.540371 1.495851 -4.104518
0.498276 1.495851 -3.784778
0.509522 1.567955 3.870195
1.493841 1.567955 3.606450
2.376356 1.567955 3.096928
3.096928 1.567955 2.376355
3.606451 1.567955 1.493840
3.870196 1.567955 0.509522
3.870196 1.567955 -0.509519
3.606451 1.567955 -1.493837
3.096927 1.567955 -2.376353
2.376355 1.567955 -3.096925
1.493840 1.567955 -3.606447
0.509521 1.567955 -3.870192
0.477717 1.442010 -3.628614
1.400594 1.442010 -3.381332
2.228023 1.442010 -2.903615
2.903617 1.442010 -2.228021
3.381336 1.442010 -1.400592
3.628618 1.442010 -0.477715
3.628619 1.442010 0.477718
3.381336 1.442010 1.400594
2.903618 1.442010 2.228024
2.228024 1.442010 2.903618
1.400595 1.442010 3.381335
0.477718 1.442010 3.628618
1.523199 7.170688 -11.569847
4.465794 7.170688 -10.781383
7.104052 7.170688 -9.258183
9.258183 7.170688 -7.104053
10.781382 7.170688 -4.465795
11.569848 7.170688 -1.523200
11.569849 7.170688 1.523199
10.781383 7.170688 4.465795
9.258183 7.170688 7.104053
7.104054 7.170688 9.258183
4.465796 7.170688 10.781384
1.523200 7.170688 11.569850
-0.306180 1.442010 -2.325662
-0.897673 1.442010 -2.167173
-1.427991 1.442010 -1.860993
-1.860995 1.442010 -1.427989
-2.167176 1.442010 -0.897671
-2.325665 1.442010 -0.306178
-2.325665 1.442010 0.306181
-2.167176 1.442010 0.897673
-1.860996 1.442010 1.427992
-1.427992 1.442010 1.860996
-0.897674 1.442010 2.167176
-0.306180 1.442010 2.325665
-0.527788 1.567955 4.008938
-1.547393 1.567955 3.735738
-2.461546 1.567955 3.207949
-3.207950 1.567955 2.461545
-3.735738 1.567955 1.547393
-4.008939 1.567955 0.527788
-4.008939 1.567955 -0.527785
-3.735738 1.567955 -1.547390
-3.207949 1.567955 -2.461543
-2.461545 1.567955 -3.207947
-1.547393 1.567955 -3.735734
-0.527787 1.567955 -4.008934
-1.075846 1.571657 8.171859
-3.154220 1.571657 7.614960
-5.017638 1.571657 6.539114
-6.539114 1.571657 5.017638
-7.614959 1.571657 3.154219
-8.171857 1.571657 1.075846
-8.171858 1.571657 -1.075845
-7.614959 1.571657 -3.154218
-6.539113 1.571657 -5.017636
-5.017637 1.571657 -6.539113
-3.154218 1.571657 -7.614958
-1.075845 1.571657 -8.171855
-1.475864 6.934677 11.210301
-4.327015 6.934677 10.446339
-6.883286 6.934677 8.970473
-8.970473 6.934677 6.883286
-10.446337 6.934677 4.327014
-11.210300 6.934677 1.475864
-11.210300 6.934677 -1.475864
-10.446336 6.934677 -4.327015
-8.970472 6.934677 -6.883286
-6.883286 6.934677 -8.970473
-4.327013 6.934677 -10.446337
-1.475864 6.934677 -11.210299
-1.195983 2.048801 9.084390
-3.506444 2.048801 8.465303
-5.577945 2.048801 7.269320
-7.269320 2.048801 5.577945
-8.465302 2.048801 3.506443
-9.084388 2.048801 1.195982
-9.084388 2.048801 -1.195982
-8.465302 2.048801 -3.506442
-7.269319 2.048801 -5.577944
-5.577944 2.048801 -7.269319
-3.506442 2.048801 -8.465302
-1.195982 2.048801 -9.084386
-0.764737 1.459184 5.808750
-2.242094 1.459184 5.412895
-3.566656 1.459184 4.648157
-4.648158 1.459184 3.566656
-5.412895 1.459184 2.242094
-5.808750 1.459184 0.764737
-5.808750 1.459184 -0.764735
-5.412895 1.459184 -2.242092
-4.648156 1.459184 -3.566653
-3.566655 1.459184 -4.648154
-2.242094 1.459184 -5.412891
-0.764736 1.459184 -5.808746
-1.346904 4.602194 10.230749
-3.948922 4.602194 9.533539
-6.281827 4.602194 8.186636
-8.186636 4.602194 6.281826
-9.533539 4.602194 3.948921
-10.230747 4.602194 1.346903
-10.230747 4.602194 -1.346903
-9.533539 4.602194 -3.948921
-8.186634 4.602194 -6.281826
-6.281826 4.602194 -8.186636
-3.948920 4.602194 -9.533538
-1.346903 4.602194 -10.230745
-1.496171 7.146675 11.364543
-4.386550 7.146675 10.590069
-6.977993 7.146675 9.093897
-9.093897 7.146675 6.977992
-10.590067 7.146675 4.386549
-11.364542 7.146675 1.496170
-11.364541 7.146675 -1.496170
-10.590066 7.146675 -4.386549
-9.093897 7.146675 -6.977992
-6.977992 7.146675 -9.093897
-4.386549 7.146675 -10.590066
-1.496170 7.146675 -11.364540
-0.540372 1.495851 4.104522
-0.498277 1.495851 3.784781
-1.584288 1.495851 3.824808
-1.460872 1.495851 3.526856
-2.520236 1.495851 3.284436
-2.323910 1.495851 3.028580
-3.284436 1.495851 2.520236
-3.028580 1.495851 2.323910
-3.824809 1.495851 1.584287
-3.526857 1.495851 1.460871
-4.104523 1.495851 0.540372
-3.784782 1.495851 0.498277
-4.104523 1.495851 -0.540369
-3.784782 1.495851 -0.498274
-3.824809 1.495851 -1.584284
-3.526857 1.495851 -1.460868
-3.284436 1.495851 -2.520233
-3.028579 1.495851 -2.323908
-2.520235 1.495851 -3.284433
-2.323909 1.495851 -3.028577
-1.584287 1.495851 -3.824805
-1.460871 1.495851 -3.526853
-0.540371 1.495851 -4.104518
-0.498276 1.495851 -3.784778
-0.509522 1.567955 3.870195
-1.493840 1.567955 3.606450
-2.376356 1.567955 3.096928
-3.096928 1.567955 2.376355
-3.606451 1.567955 1.493840
-3.870196 1.567955 0.509522
-3.870196 1.567955 -0.509519
-3.606451 1.567955 -1.493837
-3.096927 1.567955 -2.376353
-2.376355 1.567955 -3.096925
-1.493840 1.567955 -3.606447
-0.509521 1.567955 -3.870192
-0.477717 1.442010 -3.628614
-1.400594 1.442010 -3.381332
-2.228023 1.442010 -2.903615
-2.903617 1.442010 -2.228021
-3.381336 1.442010 -1.400591
-3.628619 1.442010 -0.477715
-3.628619 1.442010 0.477718
-3.381336 1.442010 1.400594
-2.903618 1.442010 2.228023
-2.228024 1.442010 2.903618
-1.400595 1.442010 3.381335
-0.477718 1.442010 3.628618
-1.523199 7.170688 -11.569847
-4.465794 7.170688 -10.781382
-7.104053 7.170688 -9.258183
-9.258183 7.170688 -7.104053
-10.781382 7.170688 -4.465795
-11.569848 7.170688 -1.523199
-11.569849 7.170688 1.523199
-10.781383 7.170688 4.465795
-9.258183 7.170688 7.104054
-7.104054 7.170688 9.258183
-4.465796 7.170688 10.781384
-1.523200 7.170688 11.569851
0.000000 -0.018399 -5.008722
1.296354 -0.018399 -4.838050
2.504363 -0.018399 -4.337678
3.541700 -0.018399 -3.541698
4.337682 -0.018399 -2.504361
4.838052 -0.018399 -1.296352
5.008725 -0.018399 0.000001
4.838052 -0.018399 1.296355
4.337682 -0.018399 2.504364
3.541702 -0.018399 3.541701
2.504364 -0.018399 4.337682
1.296355 -0.018399 4.838053
0.000000 -0.018399 5.008725
0.000000 -0.023027 0.000001
0.000000 -0.023027 -4.345144
1.124608 -0.023027 -4.197083
2.172574 -0.023027 -3.763003
3.072479 -0.023027 -3.072478
3.763006 -0.023027 -2.172572
4.197085 -0.023027 -1.124605
4.345147 -0.023027 0.000001
4.197085 -0.023027 1.124608
3.763006 -0.023027 2.172574
3.072481 -0.023027 3.072480
2.172574 -0.023027 3.763006
1.124608 -0.023027 4.197086
0.000000 -0.023027 4.345147
2.672846 0.051081 4.672371
3.790223 0.051081 3.814974
4.647620 0.051081 2.697596
5.186599 0.051081 1.396379
5.370440 0.051081 0.000001
5.186600 0.051081 -1.396377
4.647620 0.051081 -2.697594
3.790222 0.051081 -3.814971
2.672845 0.051081 -4.672368
1.374722 0.051081 -5.211348
0.000000 0.051081 -5.395188
-0.000000 0.051081 5.395192
1.374722 0.051081 5.211351
0.000000 0.368238 7.078844
1.702195 0.368238 6.837635
3.390913 0.368238 6.130456
4.856988 0.368238 5.005496
5.981948 0.368238 3.539422
6.689126 0.368238 1.832140
6.930335 0.368238 0.000001
6.689126 0.368238 -1.832138
5.981948 0.368238 -3.539420
4.856987 0.368238 -5.005494
3.390913 0.368238 -6.130454
1.702195 0.368238 -6.837632
0.000000 0.368238 -7.078839
0.000000 0.845908 8.808249
2.279743 0.845908 8.508116
4.404125 0.845908 7.628167
6.228373 0.845908 6.228373
7.628168 0.845908 4.404124
8.508116 0.845908 2.279743
8.808249 0.845908 0.000000
8.508116 0.845908 -2.279742
7.628167 0.845908 -4.404123
6.228372 0.845908 -6.228370
4.404124 0.845908 -7.628166
2.279742 0.845908 -8.508114
0.000000 0.845908 -8.808247
-1.296355 -0.018399 -4.838050
-2.504363 -0.018399 -4.337678
-3.541700 -0.018399 -3.541699
-4.337681 -0.018399 -2.504362
-4.838053 -0.018399 -1.296352
-5.008725 -0.018399 0.000001
-4.838053 -0.018399 1.296355
-4.337682 -0.018399 2.504363
-3.541702 -0.018399 3.541701
-2.504364 -0.018399 4.337682
-1.296355 -0.018399 4.838053
-1.124608 -0.023027 -4.197083
-2.172574 -0.023027 -3.763003
-3.072480 -0.023027 -3.072478
-3.763006 -0.023027 -2.172572
-4.197085 -0.023027 -1.124605
-4.345147 -0.023027 0.000001
-4.197085 -0.023027 1.124608
-3.763006 -0.023027 2.172574
-3.072481 -0.023027 3.072480
-2.172575 -0.023027 3.763006
-1.124608 -0.023027 4.197086
-2.672846 0.051081 4.672371
-3.790223 0.051081 3.814974
-4.647620 0.051081 2.697596
-5.186600 0.051081 1.396379
-5.370441 0.051081 0.000001
-5.186600 0.051081 -1.396377
-4.647620 0.051081 -2.697594
-3.790222 0.051081 -3.814971
-2.672845 0.051081 -4.672368
-1.374722 0.051081 -5.211347
-1.374722 0.051081 5.211351
-1.702196 0.368238 6.837635
-3.390913 0.368238 6.130457
-4.856989 0.368238 5.005497
-5.981949 0.368238 3.539422
-6.689126 0.368238 1.832140
-6.930335 0.368238 0.000001
-6.689126 0.368238 -1.832139
-5.981948 0.368238 -3.539420
-4.856987 0.368238 -5.005494
-3.390913 0.368238 -6.130454
-1.702195 0.368238 -6.837632
-2.279743 0.845908 8.508117
-4.404125 0.845908 7.628167
-6.228373 0.845908 6.228373
-7.628168 0.845908 4.404124
-8.508116 0.845908 2.279743
-8.808249 0.845908 0.000000
-8.508116 0.845908 -2.279742
-7.628167 0.845908 -4.404123
-6.228372 0.845908 -6.228370
-4.404124 0.845908 -7.628166
-2.279742 0.845908 -8.508113
0.653746 -0.018399 -4.965687
0.691813 0.051081 -5.348832
1.318090 -0.004513 -4.919166
1.916687 -0.018399 -4.627281
2.039824 0.051081 -4.984316
2.546352 -0.004513 -4.410405
3.049005 -0.018399 -3.973537
3.259510 0.051081 -4.280130
3.601082 -0.004513 -3.601080
3.973540 -0.018399 -3.049003
4.255381 0.051081 -3.284260
4.410408 -0.004513 -2.546350
4.627285 -0.018399 -1.916684
4.959568 0.051081 -2.064573
4.919169 -0.004513 -1.318087
4.965690 -0.018399 -0.653745
5.324084 0.051081 -0.704187
5.092704 -0.004513 0.000001
4.965690 -0.018399 0.653747
5.324085 0.051081 0.704189
4.919169 -0.004513 1.318090
4.627285 -0.018399 1.916687
4.959569 0.051081 2.064575
4.410409 -0.004513 2.546352
3.973541 -0.018399 3.049005
4.255382 0.051081 3.284262
3.601083 -0.004513 3.601082
3.259511 0.051081 4.280133
2.546353 -0.004513 4.410409
3.049006 -0.018399 3.973540
1.916687 -0.018399 4.627285
2.039824 0.051081 4.984320
1.318090 -0.004513 4.919169
0.653747 -0.018399 4.965690
0.691813 0.051081 5.348836
0.000000 -0.004513 5.092704
0.813703 -0.023027 -3.036774
0.558614 -0.023027 -4.243089
0.000000 -0.023027 -3.143901
1.571952 -0.023027 -2.722697
1.637774 -0.023027 -3.953928
2.223074 -0.023027 -2.223073
2.605319 -0.023027 -3.395315
2.722699 -0.023027 -1.571950
3.395318 -0.023027 -2.605318
3.036776 -0.023027 -0.813701
3.953930 -0.023027 -1.637772
3.143903 -0.023027 0.000001
4.243092 -0.023027 -0.558613
3.036776 -0.023027 0.813703
4.243092 -0.023027 0.558615
2.722699 -0.023027 1.571952
3.953930 -0.023027 1.637774
2.223075 -0.023027 2.223075
3.395318 -0.023027 2.605319
1.571953 -0.023027 2.722700
2.605320 -0.023027 3.395318
0.813703 -0.023027 3.036777
1.637775 -0.023027 3.953931
0.000000 -0.023027 3.143904
0.558615 -0.023027 4.243093
1.273022 -0.023027 -4.750972
0.000000 -0.023027 -4.918573
2.459289 -0.023027 -4.259606
3.477955 -0.023027 -3.477953
4.259610 -0.023027 -2.459287
4.750975 -0.023027 -1.273020
4.918577 -0.023027 0.000001
4.750975 -0.023027 1.273022
4.259610 -0.023027 2.459289
3.477956 -0.023027 3.477956
2.459289 -0.023027 4.259610
1.273023 -0.023027 4.750976
0.000000 -0.023027 4.918577
4.160659 0.368238 5.615815
4.243245 0.180834 4.342250
2.971431 0.180834 5.318150
5.219144 0.180834 3.070437
5.467307 0.368238 4.309167
5.832618 0.180834 1.589375
6.391246 0.368238 2.708857
6.041867 0.180834 0.000001
6.869514 0.368238 0.923941
5.832618 0.180834 -1.589374
6.869514 0.368238 -0.923939
5.219144 0.180834 -3.070435
6.391246 0.368238 -2.708855
4.243244 0.180834 -4.342247
5.467306 0.368238 -4.309164
2.971431 0.180834 -5.318147
4.160657 0.368238 -5.615812
1.502745 0.180834 -5.931621
2.560348 0.368238 -6.539752
0.000000 0.180834 -6.140869
0.849686 0.368238 -7.018019
1.502746 0.180834 5.931624
0.849687 0.368238 7.018023
0.000000 0.180834 6.140873
2.560349 0.368238 6.539755
1.973105 0.596786 7.687030
1.149665 0.845908 8.732572
0.000000 0.596786 7.958200
3.880095 0.596786 6.892003
3.370647 0.845908 8.137461
5.361925 0.845908 6.987796
5.528291 0.596786 5.627296
6.792996 0.596786 3.979100
6.987796 0.845908 5.361924
7.588023 0.596786 2.059734
8.137461 0.845908 3.370646
7.859194 0.596786 0.000000
8.732571 0.845908 1.149665
7.588023 0.596786 -2.059733
8.732571 0.845908 -1.149664
6.792996 0.596786 -3.979098
8.137461 0.845908 -3.370646
5.528289 0.596786 -5.627294
6.987795 0.845908 -5.361922
3.880094 0.596786 -6.892000
5.361923 0.845908 -6.987794
1.973104 0.596786 -7.687027
3.370646 0.845908 -8.137459
0.000000 0.596786 -7.958196
1.149665 0.845908 -8.732569
-0.653746 -0.018399 -4.965687
-1.318090 -0.004513 -4.919166
-0.691813 0.051081 -5.348832
-1.916687 -0.018399 -4.627281
-2.546352 -0.004513 -4.410405
-2.039824 0.051081 -4.984316
-3.049005 -0.018399 -3.973537
-3.601082 -0.004513 -3.601080
-3.259510 0.051081 -4.280130
-3.973540 -0.018399 -3.049003
-4.410408 -0.004513 -2.546350
-4.255381 0.051081 -3.284260
-4.627285 -0.018399 -1.916684
-4.919169 -0.004513 -1.318087
-4.959569 0.051081 -2.064573
-4.965690 -0.018399 -0.653745
-5.092704 -0.004513 0.000001
-5.324085 0.051081 -0.704187
-4.965690 -0.018399 0.653747
-4.919169 -0.004513 1.318090
-5.324084 0.051081 0.704189
-4.627285 -0.018399 1.916687
-4.410409 -0.004513 2.546352
-4.959569 0.051081 2.064575
-3.973540 -0.018399 3.049005
-3.601083 -0.004513 3.601082
-4.255382 0.051081 3.284262
-3.259511 0.051081 4.280133
-3.049006 -0.018399 3.973540
-2.546353 -0.004513 4.410409
-1.916687 -0.018399 4.627285
-1.318090 -0.004513 4.919169
-2.039824 0.051081 4.984320
-0.653747 -0.018399 4.965690
-0.691813 0.051081 5.348836
-0.558614 -0.023027 -4.243089
-0.813703 -0.023027 -3.036774
-1.637774 -0.023027 -3.953928
-1.571952 -0.023027 -2.722697
-2.605319 -0.023027 -3.395315
-2.223074 -0.023027 -2.223073
-3.395318 -0.023027 -2.605318
-2.722699 -0.023027 -1.571950
-3.953930 -0.023027 -1.637772
-3.036776 -0.023027 -0.813701
-4.243092 -0.023027 -0.558613
-3.143903 -0.023027 0.000001
-4.243092 -0.023027 0.558615
-3.036776 -0.023027 0.813703
-3.953930 -0.023027 1.637774
-2.722699 -0.023027 1.571952
-3.395318 -0.023027 2.605319
-2.223075 -0.023027 2.223075
-2.605320 -0.023027 3.395318
-1.571953 -0.023027 2.722699
-1.637775 -0.023027 3.953931
-0.813703 -0.023027 3.036777
-0.558615 -0.023027 4.243093
-1.273022 -0.023027 -4.750972
-2.459289 -0.023027 -4.259606
-3.477955 -0.023027 -3.477953
-4.259610 -0.023027 -2.459287
-4.750975 -0.023027 -1.273020
-4.918577 -0.023027 0.000001
-4.750975 -0.023027 1.273022
-4.259610 -0.023027 2.459289
-3.477956 -0.023027 3.477956
-2.459289 -0.023027 4.259610
-1.273023 -0.023027 4.750976
-4.243245 0.180834 4.342250
-4.160659 0.368238 5.615815
-2.971431 0.180834 5.318150
-5.219145 0.180834 3.070437
-5.467307 0.368238 4.309167
-5.832618 0.180834 1.589375
-6.391246 0.368238 2.708856
-6.041867 0.180834 0.000001
-6.869514 0.368238 0.923941
-5.832618 0.180834 -1.589374
-6.869514 0.368238 -0.923940
-5.219144 0.180834 -3.070435
-6.391246 0.368238 -2.708855
-4.243244 0.180834 -4.342247
-5.467306 0.368238 -4.309164
-2.971431 0.180834 -5.318147
-4.160657 0.368238 -5.615812
-1.502745 0.180834 -5.931621
-2.560348 0.368238 -6.539752
-0.849686 0.368238 -7.018019
-1.502746 0.180834 5.931624
-0.849687 0.368238 7.018023
-2.560349 0.368238 6.539755
-1.973105 0.596786 7.687030
-1.149665 0.845908 8.732572
-3.880095 0.596786 6.892002
-3.370647 0.845908 8.137461
-5.528291 0.596786 5.627296
-5.361925 0.845908 6.987796
-6.792996 0.596786 3.979100
-6.987796 0.845908 5.361924
-7.588023 0.596786 2.059734
-8.137461 0.845908 3.370646
-7.859194 0.596786 0.000000
-8.732571 0.845908 1.149665
-7.588023 0.596786 -2.059733
-8.732571 0.845908 -1.149664
-6.792996 0.596786 -3.979098
-8.137461 0.845908 -3.370646
-5.528289 0.596786 -5.627293
-6.987795 0.845908 -5.361922
-3.880094 0.596786 -6.892000
-5.361923 0.845908 -6.987794
-1.973103 0.596786 -7.687027
-3.370646 0.845908 -8.137459
-1.149665 0.845908 -8.732569
0.000000 -0.004513 -5.092700
0.664707 -0.004513 -5.048943
1.948822 -0.004513 -4.704864
3.100125 -0.004513 -4.040158
4.040161 -0.004513 -3.100123
4.704867 -0.004513 -1.948820
5.048946 -0.004513 -0.664706
5.048946 -0.004513 0.664708
4.704867 -0.004513 1.948822
4.040162 -0.004513 3.100126
3.100126 -0.004513 4.040162
1.948823 -0.004513 4.704867
0.664708 -0.004513 5.048946
0.419874 -0.023027 -3.189252
1.231008 -0.023027 -2.971908
1.958248 -0.023027 -2.552036
2.552038 -0.023027 -1.958246
2.971911 -0.023027 -1.231006
3.189254 -0.023027 -0.419872
3.189254 -0.023027 0.419874
2.971911 -0.023027 1.231008
2.552038 -0.023027 1.958248
1.958248 -0.023027 2.552038
1.231008 -0.023027 2.971911
0.419874 -0.023027 3.189255
0.641980 -0.023027 -4.876312
1.882190 -0.023027 -4.543997
2.994127 -0.023027 -3.902020
3.902022 -0.023027 -2.994126
4.544001 -0.023027 -1.882187
4.876315 -0.023027 -0.641978
4.876315 -0.023027 0.641980
4.544001 -0.023027 1.882190
3.902023 -0.023027 2.994128
2.994128 -0.023027 3.902022
1.882190 -0.023027 4.544001
0.641980 -0.023027 4.876316
3.639182 0.180834 4.871700
4.772695 0.180834 3.738188
5.574208 0.180834 2.349924
5.989105 0.180834 0.801516
5.989104 0.180834 -0.801514
5.574208 0.180834 -2.349922
4.772694 0.180834 -3.738185
3.639181 0.180834 -4.871697
2.250918 0.180834 -5.673211
0.752013 0.180834 -6.088107
0.752013 0.180834 6.088111
2.250919 0.180834 5.673214
0.989213 0.596786 7.889825
2.946354 0.596786 7.352146
4.745461 0.596786 6.313430
6.214425 0.596786 4.844466
7.253139 0.596786 3.045359
7.790818 0.596786 1.038715
7.790818 0.596786 -1.038715
7.253139 0.596786 -3.045357
6.214424 0.596786 -4.844463
4.745459 0.596786 -6.313428
2.946353 0.596786 -7.352143
0.989212 0.596786 -7.889821
-0.664707 -0.004513 -5.048943
-1.948822 -0.004513 -4.704864
-3.100125 -0.004513 -4.040158
-4.040161 -0.004513 -3.100123
-4.704867 -0.004513 -1.948820
-5.048946 -0.004513 -0.664706
-5.048946 -0.004513 0.664708
-4.704867 -0.004513 1.948822
-4.040162 -0.004513 3.100126
-3.100126 -0.004513 4.040162
-1.948823 -0.004513 4.704867
-0.664708 -0.004513 5.048946
-0.419874 -0.023027 -3.189252
-1.231008 -0.023027 -2.971908
-1.958248 -0.023027 -2.552036
-2.552038 -0.023027 -1.958246
-2.971911 -0.023027 -1.231006
-3.189254 -0.023027 -0.419872
-3.189254 -0.023027 0.419874
-2.971911 -0.023027 1.231008
-2.552038 -0.023027 1.958248
-1.958248 -0.023027 2.552038
-1.231008 -0.023027 2.971911
-0.419874 -0.023027 3.189255
-0.641980 -0.023027 -4.876312
-1.882189 -0.023027 -4.543997
-2.994128 -0.023027 -3.902019
-3.902022 -0.023027 -2.994126
-4.544001 -0.023027 -1.882187
-4.876315 -0.023027 -0.641978
-4.876315 -0.023027 0.641980
-4.544001 -0.023027 1.882189
-3.902023 -0.023027 2.994128
-2.994128 -0.023027 3.902022
-1.882190 -0.023027 4.544001
-0.641980 -0.023027 4.876316
-3.639182 0.180834 4.871700
-4.772695 0.180834 3.738187
-5.574208 0.180834 2.349924
-5.989104 0.180834 0.801516
-5.989105 0.180834 -0.801514
-5.574208 0.180834 -2.349922
-4.772694 0.180834 -3.738185
-3.639181 0.180834 -4.871697
-2.250918 0.180834 -5.673211
-0.752013 0.180834 -6.088107
-0.752013 0.180834 6.088110
-2.250919 0.180834 5.673214
-0.989213 0.596786 7.889825
-2.946354 0.596786 7.352145
-4.745461 0.596786 6.313430
-6.214425 0.596786 4.844466
-7.253139 0.596786 3.045359
-7.790818 0.596786 1.038715
-7.790818 0.596786 -1.038715
-7.253139 0.596786 -3.045358
-6.214424 0.596786 -4.844463
-4.745459 0.596786 -6.313427
-2.946353 0.596786 -7.352143
-0.989212 0.596786 -7.889821
