11.973387 0.000000 -2.737636
11.075659 0.000000 -5.329908
9.601852 0.000000 -7.625351
7.663766 0.000000 -9.556236
5.408923 0.000000 -11.047404
2.765206 0.000000 -11.885909
-0.041195 0.000000 -12.228918
-2.830291 0.000000 -11.788882
-5.351069 0.000000 -10.859486
-7.652470 0.000000 -9.424858
-9.537776 0.000000 -7.539133
-11.023976 0.000000 -5.288639
-11.974023 0.000000 -2.737484
-12.298027 -0.000000 0.070730
-11.914575 -0.000000 2.876429
-10.991208 -0.000000 5.438466
-9.556883 -0.000000 7.714029
-7.671631 -0.000000 9.586954
-5.389714 -0.000000 11.034566
-2.849585 -0.000000 11.898560
-0.054056 -0.000000 12.228918
2.728218 -0.000000 11.904578
5.255172 -0.000000 10.936572
7.544092 -0.000000 9.417316
9.473766 -0.000000 7.688867
10.966789 -0.000000 5.457841
11.889548 -0.000000 2.878944
2.414851 -0.000000 0.711400
2.220936 -0.000000 1.253348
1.916722 -0.000000 1.731578
1.517737 -0.000000 2.130563
1.039507 -0.000000 2.434777
0.497559 -0.000000 2.628691
-0.092579 -0.000000 2.696780
-0.682718 -0.000000 2.628691
-1.224665 -0.000000 2.434777
-1.702895 -0.000000 2.130563
-2.101881 -0.000000 1.731578
-2.406095 -0.000000 1.253348
-2.600009 -0.000000 0.711400
-2.668098 -0.000000 0.121262
-2.600009 0.000000 -0.468876
-2.406094 0.000000 -1.010824
-2.101881 0.000000 -1.489054
-1.702896 0.000000 -1.888040
-1.224666 0.000000 -2.192254
-0.682718 0.000000 -2.386168
-0.092579 0.000000 -2.454257
0.497559 0.000000 -2.386168
1.039507 0.000000 -2.192253
1.517737 0.000000 -1.888040
1.916722 0.000000 -1.489055
2.220936 0.000000 -1.010825
2.414851 0.000000 -0.468877
2.482939 -0.000000 0.121262
12.298026 2.259448 0.083830
11.973387 2.259448 -2.737636
11.075659 2.259448 -5.329908
9.601852 2.259448 -7.625351
7.663766 2.259448 -9.556236
5.408924 2.259448 -11.047404
2.765206 2.259448 -11.885909
-0.041194 2.259448 -12.228918
-2.830290 2.259448 -11.788882
-5.351069 2.259448 -10.859486
-7.652470 2.259448 -9.424858
-9.537776 2.259448 -7.539133
-11.023976 2.259448 -5.288639
-11.974023 2.259448 -2.737484
-12.298027 2.259448 0.070730
-11.914575 2.259448 2.876429
-10.991208 2.259448 5.438466
-9.556883 2.259448 7.714029
-7.671631 2.259448 9.586954
-5.389714 2.259448 11.034566
-2.849585 2.259448 11.898560
-0.054055 2.259448 12.228918
2.728218 2.259448 11.904578
5.255173 2.259448 10.936572
7.544092 2.259448 9.417316
9.473766 2.259448 7.688867
10.966789 2.259448 5.457841
11.889548 2.259448 2.878944
2.414851 2.259448 0.711400
2.220936 2.259448 1.253348
1.916723 2.259448 1.731578
1.517737 2.259448 2.130563
1.039507 2.259448 2.434777
0.497559 2.259448 2.628691
-0.092579 2.259448 2.696780
-0.682717 2.259448 2.628691
-1.224665 2.259448 2.434777
-1.702895 2.259448 2.130563
-2.101880 2.259448 1.731578
-2.406094 2.259448 1.253348
-2.600009 2.259448 0.711400
-2.668097 2.259448 0.121262
-2.600009 2.259448 -0.468876
-2.406094 2.259448 -1.010824
-2.101880 2.259448 -1.489054
-1.702895 2.259448 -1.888040
-1.224665 2.259448 -2.192254
-0.682718 2.259448 -2.386168
-0.092579 2.259448 -2.454257
0.497559 2.259448 -2.386168
1.039507 2.259448 -2.192253
1.517737 2.259448 -1.888040
1.916723 2.259448 -1.489055
2.220937 2.259448 -1.010825
2.414851 2.259448 -0.468877
2.482940 2.259448 0.121262
-4.050162 2.259448 -11.077065
-4.074553 2.134697 -11.275359
-4.193579 0.000000 -11.286246
-4.034130 2.154224 -11.345033
