2.971498 0.331607 0.458331
2.931025 0.445447 0.821280
2.879267 0.607697 1.149274
2.816271 0.771200 1.428488
2.757659 0.955148 1.627650
2.691483 1.163026 1.806295
2.640095 1.374095 1.945018
2.596626 1.609520 2.062368
2.569237 1.823978 2.136305
2.592366 2.054561 2.073868
2.648615 2.277893 1.922019
2.697426 2.495497 1.790252
2.758977 2.697027 1.624091
2.816350 2.943050 1.428277
2.876525 3.134121 1.156677
2.927454 3.342693 0.853303
2.974419 3.482051 0.432142
3.016872 3.524654 0.029085
-3.745332 3.894706 -0.519568
-3.794496 3.728076 -1.051860
-3.910645 3.473405 -1.537731
-4.082919 3.208871 -1.938750
-4.270505 2.965541 -2.243806
-4.531077 2.669987 -2.518845
-4.813927 2.400447 -2.727088
-5.063364 2.157880 -2.884181
-5.098240 1.835035 -3.009655
-5.025016 1.534285 -2.818865
-4.746958 1.273505 -2.677981
-4.431257 0.989153 -2.425296
-4.122362 0.731316 -2.147947
-3.967138 0.511485 -1.833865
-3.872688 0.306148 -1.425451
-3.799507 0.151074 -0.996305
-3.747431 0.043834 -0.519755
-3.752381 0.023578 -0.002623
-3.771545 0.098321 0.512734
-3.827483 0.211534 1.006073
-3.923527 0.370982 1.408705
-4.088613 0.579868 1.755745
-4.218193 0.769232 2.045734
-4.487590 1.005220 2.371765
-4.727450 1.222863 2.620274
-5.137561 1.551522 2.947588
-5.235827 1.823978 3.052898
-5.159668 2.114367 2.965029
-4.797454 2.440668 2.713340
-4.567827 2.728505 2.460382
-4.339912 2.993510 2.199449
-4.137772 3.264410 1.896989
-3.981720 3.510302 1.524486
-3.861906 3.734356 1.082515
-3.782291 3.900713 0.542185
-3.753098 3.947522 0.002467
-3.748708 3.705848 -0.467613
-3.800354 3.555744 -0.947789
-3.875269 3.324540 -1.384761
-3.956700 3.088950 -1.747799
-4.092711 2.869458 -2.021484
-4.331183 2.602391 -2.266392
-4.517742 2.360276 -2.448757
-4.726032 2.144004 -2.665682
-4.843223 1.852593 -2.838429
-4.701254 1.583275 -2.598208
-4.457293 1.349319 -2.405777
-4.209052 1.093011 -2.185223
-4.008206 0.858126 -1.939179
-3.926261 0.657905 -1.657110
-3.841008 0.472561 -1.288461
-3.805693 0.332584 -0.901097
-3.750602 0.235786 -0.470945
-3.751961 0.217501 -0.004161
-3.757412 0.284968 0.461019
-3.800224 0.387158 0.906326
-3.864930 0.531082 1.269757
-4.013943 0.722514 1.578684
-4.130906 0.893681 1.838758
-4.314329 1.106933 2.131603
-4.498341 1.300023 2.353035
-4.744314 1.599565 2.649682
-4.966131 1.842612 2.867842
-4.764268 2.103046 2.664944
-4.561530 2.398780 2.439202
-4.386755 2.657151 2.212314
-4.179086 2.896354 1.980150
-4.058316 3.141600 1.708579
-3.917458 3.363071 1.372103
-3.823950 3.565070 0.973403
-3.767112 3.711146 0.486642
-3.752608 3.753598 0.000673
1.860021 3.316321 -0.288194
1.860021 3.202482 -0.647198
1.860021 1.887006 0.082057
1.860021 3.040831 -0.984044
1.860021 2.841451 -1.245678
1.860020 2.677234 -1.461777
1.860019 2.481001 -1.669334
1.860017 2.292085 -1.847601
1.860016 2.110947 -1.993036
1.860016 1.894421 -2.074863
1.860016 1.677896 -1.975735
1.860018 1.493117 -1.805393
1.860020 1.299938 -1.584058
1.860020 1.141830 -1.368407
1.860021 1.006742 -1.147880
1.860021 0.869027 -0.873965
1.860021 0.765021 -0.586145
1.860021 0.693098 -0.266532
1.860021 0.679512 0.080299
1.860020 0.729641 0.425938
1.860020 0.805570 0.756812
1.860019 0.912509 1.026849
1.860018 1.032745 1.289392
1.860017 1.158092 1.495468
1.860016 1.314710 1.724060
1.860014 1.483850 1.910592
1.860013 1.684414 2.121839
1.860012 1.887006 2.214262
1.860012 2.093349 2.136846
1.860013 2.303918 1.958114
1.860015 2.506895 1.778530
1.860017 2.684628 1.580356
1.860017 2.861351 1.367572
1.860019 3.029576 1.119396
1.860020 3.181500 0.821320
1.860020 3.321208 0.452311
1.860021 3.351219 0.082057
1.662909 1.893368 -2.095765
1.665157 2.111780 -2.013226
1.669152 2.294496 -1.866523
1.674050 2.485057 -1.686703
1.678455 2.682999 -1.477338
1.679049 2.848647 -1.259357
1.679767 3.049765 -0.995444
1.680487 3.212824 -0.655663
1.680487 3.327654 -0.293532
1.680424 3.362856 0.079945
1.678559 3.332584 0.453424
1.676701 3.191658 0.825648
1.672722 3.038411 1.126321
1.669085 2.868721 1.376659
1.665968 2.690458 1.591297
1.661520 2.511177 1.791197
1.656669 2.306432 1.972345
1.651840 2.094028 2.152634
1.649749 1.885887 2.230725
1.652246 1.681531 2.137497
1.657953 1.479219 1.924409
1.662992 1.308606 1.736252
1.667212 1.150624 1.505669
1.670231 1.024184 1.297798
1.674078 0.902901 1.032967
1.677026 0.795031 0.760578
1.678692 0.718440 0.426822
1.680433 0.667874 0.078171
1.680487 0.681579 -0.271681
1.680487 0.754129 -0.594078
1.680070 0.859040 -0.884406
1.679317 0.997955 -1.160707
1.678711 1.134220 -1.383155
1.676393 1.293706 -1.600684
1.670312 1.488567 -1.823948
1.665632 1.674956 -1.995774
-1.990623 1.873839 -2.483201
-1.946721 2.127214 -2.387448
-1.868690 2.339179 -2.217262
-1.773044 2.560245 -2.008656
-1.687008 2.789874 -1.765776
-1.675413 2.982038 -1.512901
-1.661376 3.215351 -1.206740
-1.647330 3.404512 -0.812567
-1.647330 3.537725 -0.392467
-1.648546 3.578562 0.040796
-1.684965 3.543443 0.474062
-1.721263 3.379958 0.905870
-1.798982 3.202180 1.254675
-1.869998 3.005325 1.545087
-1.930886 2.798527 1.794084
-2.017751 2.590546 2.025983
-2.112498 2.353026 2.236130
-2.206796 2.106621 2.445280
-2.247639 1.865161 2.535872
-2.198878 1.628091 2.427719
-2.087425 1.393393 2.180520
-1.989014 1.195469 1.962244
-1.906595 1.012197 1.694749
-1.847626 0.865517 1.453602
-1.772500 0.724819 1.146377
-1.714917 0.599681 0.830384
-1.682371 0.510829 0.443200
-1.648373 0.452169 0.038738
-1.647330 0.468067 -0.367118
-1.647330 0.552231 -0.741125
-1.655470 0.673936 -1.077927
-1.670166 0.835089 -1.398458
-1.681998 0.993167 -1.656517
-1.727291 1.178182 -1.908867
-1.846044 1.404238 -2.167871
-1.937438 1.620463 -2.367203
-4.913933 2.149173 -2.777226
-4.697275 2.375240 -2.552437
-4.431705 2.627571 -2.360432
-4.223547 2.905250 -2.104300
-4.042352 3.133621 -1.818929
-3.957648 3.379993 -1.441743
-3.867130 3.619938 -0.986556
-3.816652 3.776198 -0.486966
-3.821992 3.825836 0.001342
-3.841969 3.781760 0.507332
-3.910050 3.628130 1.014048
-4.010598 3.417915 1.428867
-4.157115 3.187347 1.778763
-4.299129 2.932545 2.061840
-4.483241 2.683731 2.304721
-4.696705 2.414384 2.541320
-4.943908 2.107263 2.776727
-5.149907 1.835671 2.983812
-4.923152 1.581669 2.760653
-4.566967 1.271280 2.452583
-4.407906 1.069044 2.221065
-4.232623 0.847323 1.915858
-4.110960 0.669377 1.644640
-3.955960 0.471444 1.321516
-3.879580 0.321737 0.943482
-3.831879 0.215441 0.480283
-3.821320 0.145264 -0.003588
-3.818622 0.164283 -0.489127
-3.872591 0.264971 -0.936563
-3.922011 0.410571 -1.339491
-4.010690 0.603363 -1.722952
-4.154239 0.810889 -2.016946
-4.373419 1.054323 -2.274651
-4.634397 1.321078 -2.507174
-4.888160 1.565026 -2.708817
-5.043616 1.846052 -2.878123
2.906820 2.133352 -0.050511
2.916770 2.098581 -0.137576
2.895993 1.892504 0.044972
2.924190 2.059228 -0.202502
2.930861 2.017223 -0.260883
2.935612 1.979903 -0.302459
2.940034 1.944070 -0.341155
2.944196 1.901916 -0.377574
2.947664 1.864809 -0.407919
2.950286 1.824548 -0.430858
2.949460 1.779522 -0.423629
2.945601 1.743012 -0.389867
2.942005 1.699172 -0.358399
2.937564 1.657877 -0.319534
2.932541 1.621171 -0.275580
2.926317 1.580080 -0.221119
2.916770 1.557946 -0.137576
2.906938 1.538918 -0.051540
2.896022 1.531519 0.043980
2.895993 1.542978 0.139021
2.895993 1.564457 0.221601
2.895993 1.595068 0.296227
2.895993 1.625918 0.359754
2.895993 1.660623 0.405069
2.895993 1.699844 0.445715
2.895993 1.739667 0.477280
2.895993 1.784086 0.503975
2.895993 1.824548 0.520802
2.895993 1.868053 0.506596
2.895993 1.910189 0.472047
2.895993 1.951246 0.442064
2.895993 1.989268 0.404259
2.895993 2.035686 0.359708
2.895993 2.071736 0.297912
2.895993 2.111088 0.228886
2.895993 2.137382 0.133063
2.896321 2.145419 0.041357
2.895109 2.131382 0.345191
2.897730 2.180138 0.263263
2.899199 2.212714 0.149528
2.901946 2.222673 0.040682
2.912796 2.207722 -0.068358
2.921209 2.164642 -0.171698
2.926943 2.115885 -0.248760
2.930930 2.063842 -0.318053
2.932599 2.017604 -0.367400
2.934153 1.973209 -0.413329
2.935615 1.920981 -0.456555
2.936833 1.875007 -0.492573
2.937754 1.825125 -0.519799
2.937464 1.769339 -0.511218
2.936109 1.724104 -0.471146
2.934845 1.669789 -0.433797
2.933285 1.618626 -0.387667
2.931520 1.573148 -0.335496
2.929334 1.522238 -0.270856
2.921209 1.494815 -0.171697
2.912895 1.471240 -0.069580
2.901693 1.462073 0.043795
2.899031 1.476270 0.156601
2.897936 1.502881 0.254616
2.895267 1.540808 0.343191
2.891312 1.579029 0.418593
2.887332 1.622028 0.472378
2.883699 1.670621 0.520621
2.880571 1.719960 0.558086
2.877899 1.774993 0.589772
2.876324 1.825125 0.609743
2.877654 1.879026 0.592882
2.881062 1.931232 0.551874
2.884041 1.982099 0.516288
2.887408 2.029207 0.471417
2.891316 2.086718 0.418538
2.721451 2.395562 -1.488927
2.650252 2.194486 -1.633603
2.590926 2.017489 -1.754151
2.546084 1.825444 -1.845270
2.560217 1.610670 -1.816552
2.626218 1.436515 -1.682439
2.687736 1.227403 -1.557435
2.763720 1.030424 -1.403037
2.831311 0.855337 -1.228424
2.908799 0.680140 -0.997773
2.976329 0.553760 -0.680202
2.990717 0.462994 -0.338428
2.999925 0.427699 0.041031
2.959536 0.482355 0.418585
2.926696 0.584808 0.746634
2.881796 0.730828 1.043090
2.835659 0.877976 1.295456
2.771255 1.043522 1.475467
2.728503 1.230606 1.636935
2.682828 1.420562 1.762320
2.644130 1.632438 1.868385
2.619996 1.825443 1.935213
2.640376 2.032961 1.878780
2.690335 2.233953 1.741532
2.733740 2.429789 1.622435
2.772417 2.611160 1.472252
2.835727 2.832573 1.295266
2.879380 3.004530 1.049781
2.923550 3.192239 0.775578
2.962109 3.317656 0.394914
2.999548 3.355998 0.030613
2.990865 3.298437 -0.334335
2.976328 3.132577 -0.680207
2.931704 2.944868 -0.938130
2.852256 2.744501 -1.170050
2.792996 2.566484 -1.335208
-1.066491 3.308397 1.495650
-1.192799 3.091921 1.844964
-1.324124 2.834400 2.113287
-1.491944 2.603474 2.343138
-1.640243 2.353295 2.547644
-1.792000 2.082315 2.764031
-1.857062 1.823978 2.906130
-1.779509 1.582564 2.748412
-1.612629 1.304055 2.516996
-1.458220 1.089830 2.310252
-1.269698 0.868941 2.041203
-1.170058 0.682493 1.776824
-1.038049 0.498068 1.434903
-0.934216 0.337116 1.035903
-0.850392 0.223565 0.571242
-0.760848 0.156345 0.061843
-0.752680 0.186781 -0.449727
-0.752052 0.290593 -0.915709
-0.828821 0.436629 -1.342965
-0.919827 0.637414 -1.698576
-1.011289 0.843612 -1.970891
-1.215416 1.080459 -2.211631
-1.414897 1.336907 -2.420334
-1.579779 1.561620 -2.617940
-1.660949 1.829100 -2.787340
-1.573748 2.093182 -2.608675
-1.431165 2.323850 -2.447221
-1.257317 2.574254 -2.254294
-1.059319 2.811722 -1.998657
-0.921765 3.031315 -1.728980
-0.829648 3.288522 -1.380474
-0.749497 3.512125 -0.959779
-0.751589 3.679463 -0.461361
-0.761425 3.734494 0.057124
-0.853698 3.676144 0.569245
-0.952317 3.524147 1.092916
2.810087 2.202378 1.060551
2.830828 2.315548 0.963863
2.863965 2.453705 0.849919
2.887370 2.561002 0.691874
2.910434 2.678127 0.515341
2.930153 2.756385 0.270267
2.949970 2.780309 0.035727
2.951209 2.744392 -0.199228
2.948330 2.640900 -0.421902
2.929286 2.523774 -0.587954
2.892220 2.398750 -0.737266
2.863910 2.287672 -0.843596
2.829496 2.181021 -0.942561
2.795206 2.055555 -1.035704
2.766634 1.945113 -1.113314
2.745039 1.825282 -1.171977
2.751845 1.691269 -1.153489
2.783631 1.582600 -1.067145
2.813259 1.452120 -0.986666
2.849853 1.329210 -0.887264
2.882214 1.219960 -0.774848
2.919230 1.107896 -0.628525
2.948330 1.031783 -0.421899
2.951186 0.975147 -0.201863
2.950026 0.953125 0.042435
2.928802 0.987229 0.285506
2.912087 1.051157 0.496706
2.888639 1.142269 0.687566
2.863928 1.234086 0.850041
2.830218 1.337383 0.965933
2.807338 1.454118 1.069887
2.783275 1.572646 1.150612
2.762876 1.704851 1.218895
2.750202 1.825281 1.261921
2.760905 1.954767 1.225589
2.787218 2.080181 1.137228
-2.166735 0.225826 -0.934008
-2.241838 0.376058 -1.366440
-2.334443 0.578955 -1.750380
-2.455505 0.791482 -2.045013
-2.708267 1.038073 -2.305335
-2.961699 1.307474 -2.536755
-3.175506 1.548931 -2.745514
-3.292009 1.831855 -2.956051
-3.185019 2.123216 -2.773314
-3.001503 2.372180 -2.610166
-2.777055 2.637102 -2.415666
-2.550009 2.900157 -2.132219
-2.389229 3.131475 -1.835205
-2.259902 3.407286 -1.463696
-2.163040 3.638977 -1.000540
-2.141338 3.797118 -0.478675
-2.150213 3.847321 0.060755
-2.213203 3.780393 0.590957
-2.303000 3.621730 1.127697
-2.419793 3.402125 1.552872
-2.559908 3.171993 1.916566
-2.724107 2.908262 2.203589
-2.919824 2.661516 2.450322
-3.105877 2.393855 2.679599
-3.355331 2.097194 2.914711
-3.443130 1.823978 3.092014
-3.338377 1.568153 2.898081
-3.058585 1.266365 2.619377
-2.864507 1.050552 2.390975
-2.638442 0.822654 2.092507
-2.524903 0.634853 1.813465
-2.377540 0.439072 1.465711
-2.277322 0.278818 1.061002
-2.206444 0.165425 0.578229
-2.149571 0.094712 0.060922
-2.142897 0.120423 -0.458392
1.513557 3.194677 1.292980
1.431977 2.994737 1.593854
1.349930 2.744867 1.816705
1.252609 2.533174 2.006922
1.170280 2.304049 2.165179
1.081886 2.064457 2.340901
1.044639 1.823978 2.429616
1.088918 1.599686 2.327793
1.174025 1.349878 2.170373
1.260118 1.137118 2.006460
1.367529 0.924784 1.794806
1.439809 0.740015 1.571034
1.525209 0.569793 1.266831
1.594938 0.407991 0.911272
1.649337 0.294251 0.509883
1.709198 0.231277 0.056629
1.701396 0.267458 -0.398775
1.684999 0.369335 -0.810741
1.606311 0.510550 -1.192330
1.517786 0.708486 -1.483702
1.422948 0.906742 -1.706172
1.297063 1.131446 -1.903395
1.183475 1.372195 -2.068502
1.078366 1.576751 -2.235840
1.040218 1.825750 -2.296515
1.103165 2.056667 -2.185888
1.195725 2.265092 -2.040648
1.307741 2.497846 -1.866504
1.431288 2.704205 -1.665416
1.533665 2.909542 -1.451074
1.626270 3.144133 -1.160442
1.685795 3.357903 -0.825863
1.701916 3.536720 -0.399788
1.708697 3.597722 0.047283
1.650186 3.550231 0.491903
1.586433 3.405774 0.952513
2.678723 3.543541 0.035347
2.632119 3.499674 0.452146
2.580814 3.358999 0.886646
2.524212 3.149774 1.201853
2.458504 2.956410 1.483039
2.394753 2.709394 1.687286
2.323956 2.505236 1.860887
2.266481 2.284654 2.000456
2.201923 2.057119 2.159589
2.175144 1.823978 2.229244
2.206899 1.606978 2.147589
2.261132 1.367835 2.019064
2.321491 1.156329 1.872818
2.398325 0.947299 1.684341
2.460471 0.763139 1.477344
2.529258 0.597899 1.189586
2.585660 0.435766 0.852013
2.629734 0.321951 0.476430
2.679195 0.260640 0.046402
2.664710 0.299073 -0.385760
2.641748 0.400192 -0.775462
2.561357 0.539107 -1.138402
2.473209 0.736337 -1.403680
2.377044 0.931843 -1.605857
2.280965 1.152223 -1.784758
2.200161 1.386748 -1.930993
2.117800 1.583115 -2.085371
2.096122 1.824437 -2.124800
2.149891 2.042359 -2.020700
2.223425 2.242067 -1.883263
2.311918 2.467903 -1.718362
2.407112 2.662073 -1.539034
2.494951 2.861824 -1.346800
2.588962 3.087552 -1.079514
2.641953 3.297468 -0.779346
2.664979 3.480346 -0.382619
-3.612281 3.546436 0.966605
-3.704199 3.346875 1.360282
-3.838027 3.127882 1.692121
-3.952769 2.886506 1.961419
-4.148277 2.650446 2.193557
-4.314995 2.394174 2.418760
-4.506817 2.103406 2.642831
-4.692472 1.844882 2.834424
-4.488075 1.602437 2.627338
-4.255644 1.309422 2.335668
-4.080249 1.115845 2.114555
-3.906994 0.905611 1.824261
-3.795868 0.736909 1.566092
-3.654294 0.550585 1.257337
-3.590305 0.408552 0.898681
-3.548526 0.307704 0.459225
-3.540201 0.241125 0.000157
-3.538874 0.259169 -0.460493
-3.588419 0.354695 -0.884993
-3.620999 0.492832 -1.267267
-3.699149 0.675741 -1.631073
-3.774036 0.871720 -1.910724
-3.959223 1.101585 -2.157403
-4.194429 1.354848 -2.381828
-4.423032 1.587019 -2.574954
-4.556063 1.854731 -2.802670
-4.446249 2.142314 -2.637673
-4.251072 2.358152 -2.425453
-4.073666 2.598149 -2.240447
-3.850539 2.861447 -1.995743
-3.727052 3.078187 -1.724153
-3.652405 3.313549 -1.366840
-3.583618 3.540520 -0.934177
-3.537170 3.688924 -0.460048
-3.540800 3.735978 0.004712
-3.557511 3.694264 0.485376
-3.716407 3.465625 -1.529020
-3.602527 3.717592 -1.045821
-3.556595 3.883223 -0.514756
-3.564492 3.935732 0.009326
-3.597661 3.886555 0.547924
-3.678474 3.721104 1.087831
-3.797933 3.497573 1.527826
-3.952110 3.253536 1.899293
-4.149786 2.983479 2.199936
-4.373911 2.720623 2.459199
-4.598411 2.435160 2.709370
-4.947357 2.112346 2.959108
-5.024886 1.823978 3.057501
-4.925856 1.553479 2.941763
-4.531079 1.227982 2.620169
-4.296607 1.010554 2.374025
-4.032308 0.775518 2.051238
-3.904616 0.586338 1.762536
-3.741616 0.378994 1.415413
-3.645080 0.219451 1.012536
-3.587384 0.106217 0.520440
-3.563783 0.031948 0.004854
-3.558630 0.052846 -0.512535
-3.607384 0.159870 -0.988975
-3.680791 0.314374 -1.418508
-3.775024 0.519424 -1.824041
-3.926228 0.738396 -2.135835
-4.228518 0.994910 -2.411180
-4.536892 1.277502 -2.661363
-4.807390 1.536009 -2.810234
-4.885706 1.834661 -3.003347
-4.842345 2.153801 -2.871135
-4.600665 2.397121 -2.713331
-4.324687 2.666118 -2.506704
-4.068060 2.957847 -2.230676
-3.883628 3.199764 -1.926566
2.810633 1.479335 0.607158
6.326896 1.563935 0.483889
2.810633 2.194772 0.607158
6.326896 1.794514 0.483889
2.810633 2.194772 -0.470741
6.249322 1.797289 -0.291610
2.810633 1.479335 -0.470741
6.267537 1.565603 -0.291610
3.489107 2.167302 -0.444948
3.489107 1.468943 -0.444948
3.489107 1.468943 0.596943
3.489107 2.167302 0.596943
3.517275 2.128723 -0.419985
3.517275 1.505774 -0.419985
3.517275 1.505774 0.556401
3.517275 2.128723 0.556401
2.853579 2.192839 0.607158
2.853579 2.192839 -0.470741
2.853579 1.478603 -0.470741
2.853579 1.478603 0.607158
6.396485 1.793368 0.409646
3.517275 2.128723 0.462141
3.489107 2.167302 0.496359
2.853579 2.192839 0.503097
2.810633 2.194772 0.503097
2.810633 1.479335 0.503097
2.853579 1.478603 0.503097
3.489107 1.468943 0.496359
3.517275 1.505774 0.462141
6.396485 1.563246 0.409646
6.383752 1.753779 0.483889
3.517275 2.055677 0.556401
3.489107 2.091385 0.596943
2.853579 2.114908 0.607158
2.810633 2.116689 0.607158
2.810633 2.116689 0.503097
2.810633 2.116689 -0.470741
2.853579 2.114908 -0.470741
3.489107 2.091385 -0.444948
3.517275 2.055677 -0.419985
6.277034 1.756359 -0.291610
6.453341 1.752714 0.409646
6.302308 1.796189 -0.237843
3.517275 2.128723 -0.349262
3.489107 2.167302 -0.369480
2.853579 2.192839 -0.392665
2.810633 2.194772 -0.392665
2.810633 2.116689 -0.392665
2.810633 1.479335 -0.392665
2.853579 1.478603 -0.392665
3.489107 1.468943 -0.369480
3.517275 1.505774 -0.349262
6.302308 1.564942 -0.237843
6.359164 1.755336 -0.237843
6.277034 1.617841 -0.291610
3.517275 1.598999 -0.419985
3.489107 1.565832 -0.444948
2.853579 1.578062 -0.470741
2.810633 1.578988 -0.470741
2.810633 1.578988 -0.392665
2.810633 1.578988 0.503097
2.810633 1.578988 0.607158
2.853579 1.578062 0.607158
3.489107 1.565832 0.596943
3.517275 1.598999 0.556401
6.383752 1.615923 0.483889
6.453341 1.615131 0.409646
6.359164 1.617080 -0.237843
3.378834 2.172266 0.600821
3.378834 2.172266 0.499487
3.378834 2.172266 -0.372796
3.378834 2.172266 -0.448825
3.378834 2.095958 -0.448825
3.378834 1.568209 -0.448825
3.378834 1.470821 -0.448825
3.378834 1.470821 -0.372796
3.378834 1.470821 0.499487
3.378834 1.470821 0.600821
3.378834 1.568209 0.600821
3.378834 2.095958 0.600821
3.645188 2.099575 0.558776
3.645188 2.099575 0.465408
3.645188 2.099575 -0.338307
3.645188 2.099575 -0.408360
3.645188 2.032157 -0.408360
3.645188 1.613028 -0.408360
3.645188 1.526986 -0.408360
3.645188 1.526986 -0.338307
3.645188 1.526986 0.465408
3.645188 1.526986 0.558776
3.645188 1.613028 0.558776
3.645188 2.032157 0.558776
6.398881 1.793172 -0.103251
3.645188 2.099575 -0.182053
3.517275 2.128723 -0.191514
3.489107 2.167302 -0.201148
3.378834 2.172266 -0.203211
2.853579 2.192839 -0.218516
2.810633 2.194772 -0.218516
2.810633 2.116689 -0.218516
2.810633 1.578988 -0.218516
2.810633 1.479335 -0.218516
2.853579 1.478603 -0.218516
3.378834 1.470821 -0.203211
3.489107 1.468943 -0.201148
3.517275 1.505774 -0.191514
3.645188 1.526986 -0.182053
6.398881 1.563128 -0.103251
6.455738 1.614996 -0.103251
6.455738 1.752532 -0.103251
6.514972 1.752641 0.205855
6.514972 1.615077 0.205855
6.458116 1.563199 0.205855
3.645188 1.526986 0.208150
3.517274 1.505774 0.202421
3.489107 1.468943 0.219215
3.378834 1.470821 0.220281
2.853579 1.478603 0.216375
2.810633 1.479335 0.216375
2.810633 1.578988 0.216375
2.810633 2.116689 0.216375
2.810633 2.194772 0.216375
2.853579 2.192839 0.216375
3.378834 2.172266 0.220281
3.489107 2.167302 0.219215
3.517274 2.128723 0.202421
3.645188 2.099575 0.208150
6.458116 1.793290 0.205855
6.515271 1.687329 0.409646
6.445682 1.688264 0.483889
3.645188 1.843595 0.558776
3.517275 1.850015 0.556401
3.489107 1.852246 0.596943
3.378834 1.855776 0.600821
2.853579 1.870403 0.607158
2.810633 1.871777 0.607158
2.810633 1.871777 0.503097
2.810633 1.871777 0.216375
2.810633 1.871777 -0.218516
2.810633 1.871777 -0.392665
2.810633 1.871777 -0.470741
2.853579 1.870403 -0.470741
3.378834 1.855776 -0.448825
3.489107 1.852246 -0.444948
3.517275 1.850015 -0.419985
3.645188 1.843595 -0.408360
6.300714 1.690529 -0.291610
6.421094 1.689631 -0.237843
6.517668 1.687169 -0.103251
6.576902 1.687265 0.205855
6.169134 1.818671 0.414254
6.105295 1.819723 0.490077
6.157454 1.776782 0.490077
6.214266 1.701100 0.490077
6.157454 1.615683 0.490077
6.105295 1.560881 0.490077
6.169134 1.560249 0.414254
6.225673 1.560206 0.206044
6.171332 1.560142 -0.109763
6.082740 1.561805 -0.246144
6.050841 1.562412 -0.301258
6.059554 1.617443 -0.301258
6.081277 1.703178 -0.301258
6.059554 1.779149 -0.301258
6.034132 1.822268 -0.301258
6.082740 1.821259 -0.246144
6.171332 1.818492 -0.109763
6.225673 1.818600 0.206044
