0.162612 0.037964 0.281652
0.241690 0.037964 0.217617
0.297108 0.037964 0.132281
0.323444 0.037964 0.033994
0.318119 0.037964 -0.067618
0.281653 0.037964 -0.162613
0.217618 0.037964 -0.241690
0.132282 0.037964 -0.297109
0.033995 0.037964 -0.323445
-0.067618 0.037964 -0.318119
-0.162612 0.037964 -0.281653
-0.241690 0.037964 -0.217618
-0.297108 0.037964 -0.132282
-0.323444 0.037964 -0.033995
-0.318118 0.037964 0.067617
-0.281652 0.037964 0.162612
-0.859199 3.488045 0.954236
-0.522271 3.488045 1.173039
-0.134220 3.488045 1.277017
0.266969 3.488045 1.255992
0.642026 3.488045 1.112021
0.954236 3.488045 0.859198
1.173039 3.488045 0.522270
1.277017 3.488045 0.134219
1.255992 3.488045 -0.266970
1.112021 3.488045 -0.642026
0.859198 3.488045 -0.954237
0.522271 3.488045 -1.173040
0.134220 3.488045 -1.277017
-0.266969 3.488045 -1.255992
-0.642026 3.488045 -1.112022
-0.954236 3.488045 -0.859199
-1.173039 3.488045 -0.522271
-1.277017 3.488045 -0.134220
-1.255992 3.488045 0.266969
-1.112021 3.488045 0.642025
0.000000 0.000000 0.000000
-0.821395 1.828760 -0.739588
-0.552648 1.828760 -0.957215
-0.229804 1.828760 -1.081143
0.115535 1.828760 -1.099241
0.449564 1.828760 -1.009738
0.739587 1.828760 -0.821395
0.957214 1.828760 -0.552648
1.081142 1.828760 -0.229804
1.099241 1.828760 0.115534
1.009738 1.828760 0.449564
0.821395 1.828760 0.739587
0.552648 1.828760 0.957214
0.229804 1.828760 1.081142
-0.115535 1.828760 1.099239
-0.449564 1.828760 1.009737
-0.739587 1.828760 0.821394
-0.957214 1.828760 0.552647
-1.081142 1.828760 0.229803
-1.099240 1.828760 -0.115535
-1.009737 1.828760 -0.449565
-0.553865 0.395220 -0.498702
-0.372649 0.395220 -0.645448
-0.154956 0.395220 -0.729012
0.077905 0.395220 -0.741216
0.303140 0.395220 -0.680865
0.498702 0.395220 -0.553865
0.645447 0.395220 -0.372650
0.729012 0.395220 -0.154957
0.741216 0.395220 0.077904
0.680864 0.395220 0.303140
0.553865 0.395220 0.498701
0.372649 0.395220 0.645447
0.154956 0.395220 0.729011
-0.077905 0.395220 0.741215
-0.303140 0.395220 0.680864
-0.498702 0.395220 0.553864
-0.645447 0.395220 0.372649
-0.729012 0.395220 0.154956
-0.741215 0.395220 -0.077906
-0.680864 0.395220 -0.303141
-0.901592 2.713756 -0.811798
-0.606606 2.713756 -1.050673
-0.252241 2.713756 -1.186701
0.126815 2.713756 -1.206567
0.493458 2.713756 -1.108325
0.811798 2.713756 -0.901593
1.050673 2.713756 -0.606607
1.186701 2.713756 -0.252242
1.206566 2.713756 0.126814
1.108325 2.713756 0.493457
0.901593 2.713756 0.811797
0.606606 2.713757 1.050673
0.252241 2.713756 1.186701
-0.126815 2.713756 1.206567
-0.493458 2.713756 1.108324
-0.811798 2.713756 0.901593
-1.050673 2.713756 0.606606
-1.186700 2.713756 0.252241
-1.206566 2.713756 -0.126816
-1.108324 2.713756 -0.493459
-0.494669 1.093813 -0.856792
-0.205695 1.093813 -0.967719
0.103414 1.093813 -0.983918
0.402400 1.093813 -0.903805
0.661996 1.093813 -0.735222
0.856791 1.093813 -0.494669
0.967718 1.093813 -0.205695
0.983918 1.093813 0.103413
0.903805 1.093813 0.402399
0.735221 1.093813 0.661996
0.494669 1.093813 0.856791
0.205695 1.093813 0.967718
-0.103414 1.093813 0.983918
-0.402400 1.093813 0.903804
-0.661996 1.093813 0.735221
-0.856791 1.093813 0.494668
-0.967718 1.093813 0.205694
-0.983918 1.093813 -0.103415
-0.903805 1.093813 -0.402400
-0.735221 1.093813 -0.661997
-0.393460 0.158737 -0.354274
-0.264726 0.158737 -0.458520
-0.110079 0.158737 -0.517884
0.055343 0.158737 -0.526554
0.215348 0.158737 -0.483680
0.354273 0.158737 -0.393461
0.458520 0.158737 -0.264727
0.517884 0.158737 -0.110080
0.526553 0.158737 0.055342
0.483680 0.158737 0.215348
0.393461 0.158737 0.354273
0.264727 0.158737 0.458519
0.110079 0.158737 0.517883
-0.055343 0.158737 0.526552
-0.215348 0.158737 0.483679
-0.354273 0.158737 0.393460
-0.458520 0.158737 0.264726
-0.517883 0.158737 0.110079
-0.526553 0.158737 -0.055343
-0.483680 0.158737 -0.215349
-0.483155 0.269680 -0.435035
-0.325074 0.269680 -0.563046
-0.135173 0.269680 -0.635942
0.067959 0.269680 -0.646588
0.264439 0.269680 -0.593941
0.435034 0.269680 -0.483155
0.563045 0.269680 -0.325075
0.635941 0.269680 -0.135174
0.646587 0.269680 0.067959
0.593940 0.269680 0.264439
0.483155 0.269680 0.435034
0.325074 0.269680 0.563045
0.135173 0.269680 0.635941
-0.067959 0.269680 0.646587
-0.264439 0.269680 0.593940
-0.435034 0.269680 0.483154
-0.563045 0.269680 0.325074
-0.635941 0.269680 0.135173
-0.646587 0.269680 -0.067960
-0.593940 0.269680 -0.264440
-0.446337 0.744516 -0.773079
-0.185597 0.744516 -0.873168
0.093310 0.744516 -0.887785
0.363083 0.744516 -0.815499
0.597316 0.744516 -0.663387
0.773079 0.744516 -0.446338
0.873167 0.744516 -0.185598
0.887784 0.744516 0.093309
0.815499 0.744516 0.363083
0.663386 0.744516 0.597315
0.446337 0.744516 0.773078
0.185597 0.744516 0.873167
-0.093310 0.744516 0.887784
-0.363084 0.744516 0.815498
-0.597316 0.744516 0.663386
-0.773079 0.744516 0.446337
-0.873167 0.744516 0.185597
-0.887784 0.744516 -0.093311
-0.815498 0.744516 -0.363084
-0.663386 0.744516 -0.597316
-1.274002 3.454906 -0.133903
-1.170269 3.454906 -0.521038
-0.951983 3.454906 -0.857170
-0.640510 3.454906 -1.109396
-0.266339 3.454906 -1.253027
0.133903 3.454906 -1.274002
0.521038 3.454906 -1.170270
0.857169 3.454906 -0.951984
1.109395 3.454906 -0.640510
1.253026 3.454906 -0.266340
1.274002 3.454906 0.133902
1.170270 3.454906 0.521037
0.951983 3.454906 0.857169
0.640510 3.454906 1.109395
0.266339 3.454906 1.253026
-0.133903 3.454906 1.274002
-0.521038 3.454906 1.170269
-0.857170 3.454906 0.951983
-1.109395 3.454906 0.640509
-1.253026 3.454906 0.266338
-0.840825 3.488045 0.933830
-0.511103 3.488045 1.147955
0.000000 3.488045 -0.000001
-0.131350 3.488045 1.249709
0.261260 3.488045 1.229133
0.628296 3.488045 1.088241
0.933831 3.488045 0.840824
1.147955 3.488045 0.511102
1.249709 3.488045 0.131349
1.229133 3.488045 -0.261261
1.088241 3.488045 -0.628297
0.840825 3.488045 -0.933831
0.511102 3.488045 -1.147955
0.131349 3.488045 -1.249709
-0.261260 3.488045 -1.229134
-0.628296 3.488045 -1.088242
-0.933830 3.488045 -0.840825
-1.147955 3.488045 -0.511103
-1.249709 3.488045 -0.131350
-1.229133 3.488045 0.261260
-1.088241 3.488045 0.628296
-0.118461 34.549000 -0.209219
-0.202265 34.549000 -0.174508
-0.236979 34.549000 -0.090706
0.236979 34.549000 -0.090706
0.202265 34.549000 -0.174508
0.118462 34.549000 -0.209219
1.588238 3.488045 1.522484
1.560882 3.488045 1.588528
1.494837 3.488045 1.615884
1.899535 8.660075 1.833522
1.872108 8.660075 1.899735
1.805895 8.660075 1.927162
-1.588238 3.488045 1.522484
-1.494837 3.488045 1.615884
-1.560881 3.488045 1.588528
-1.899535 8.660075 1.833522
-1.872108 8.660075 1.899735
-1.805895 8.660075 1.927162
1.247629 31.761810 1.275295
1.275277 31.761810 1.208547
1.180881 31.761810 1.302943
1.043806 32.506618 1.166920
1.111292 32.506618 1.138967
1.139246 32.506618 1.071481
-1.247629 31.761810 1.275295
-1.180881 31.761810 1.302943
-1.275277 31.761810 1.208547
-1.043806 32.506618 1.166920
-1.111292 32.506618 1.138967
-1.139246 32.506618 1.071481
-1.247629 31.761810 -1.219804
-1.180881 31.761810 -1.247452
-1.275277 31.761810 -1.153056
-1.375120 30.277489 -1.441285
-1.441589 30.277489 -1.413752
-1.469122 30.277489 -1.347283
1.247629 31.761810 -1.219804
1.275277 31.761810 -1.153056
1.180881 31.761810 -1.247452
1.469122 30.277489 -1.347283
1.441589 30.277489 -1.413752
1.375120 30.277489 -1.441285
1.613453 28.565426 1.641097
1.640921 28.565426 1.574785
1.547141 28.565426 1.668564
1.469122 30.277489 1.402774
1.441589 30.277489 1.469243
1.375120 30.277489 1.496776
-1.613453 28.565426 1.641097
-1.547141 28.565426 1.668564
-1.640920 28.565426 1.574785
-1.469122 30.277489 1.402774
-1.441589 30.277489 1.469243
-1.375120 30.277489 1.496776
-1.613453 28.565426 -1.585606
-1.547141 28.565426 -1.613073
-1.640920 28.565426 -1.519294
-1.681671 26.897758 -1.747419
-1.747859 26.897758 -1.720003
-1.775274 26.897758 -1.653816
1.613453 28.565426 -1.585606
1.640921 28.565426 -1.519294
1.547141 28.565426 -1.613073
1.775274 26.897758 -1.653816
1.747859 26.897758 -1.720003
1.681671 26.897758 -1.747419
1.843405 25.082376 1.871034
1.870781 25.082376 1.804943
1.777314 25.082376 1.898410
1.775274 26.897758 1.709307
1.747859 26.897758 1.775494
1.681671 26.897758 1.802909
-1.843405 25.082376 1.871034
-1.777314 25.082376 1.898410
-1.870781 25.082376 1.804943
-1.775274 26.897758 1.709307
-1.747859 26.897758 1.775494
-1.681671 26.897758 1.802909
-1.843405 25.082376 -1.815544
-1.777314 25.082376 -1.842920
-1.870781 25.082376 -1.749452
-1.878264 21.718046 -1.943825
-1.944329 21.718046 -1.916461
-1.971693 21.718046 -1.850397
1.843405 25.082376 -1.815544
1.870781 25.082376 -1.749452
1.777314 25.082376 -1.842920
1.971693 21.718046 -1.850397
1.944329 21.718046 -1.916461
1.878264 21.718046 -1.943825
-2.197671 17.754433 2.225278
-2.131622 17.754433 2.252636
-2.225029 17.754433 2.159230
-2.168627 17.818781 2.076198
-2.133466 17.818781 2.161080
-2.048583 17.818781 2.196237
-2.197671 17.754433 -2.169788
-2.131622 17.754433 -2.197145
-2.225029 17.754433 -2.103739
-2.191824 13.362064 -2.163941
-2.219190 13.362064 -2.097873
-2.125757 13.362064 -2.191307
2.197671 17.754433 -2.169788
2.225029 17.754433 -2.103739
2.131622 17.754433 -2.197145
2.191824 13.362064 -2.163941
2.125757 13.362064 -2.191307
2.219191 13.362064 -2.097873
2.197671 17.754433 2.225278
2.225029 17.754433 2.159230
2.131622 17.754433 2.252636
2.168627 17.818781 2.076198
2.133466 17.818781 2.161080
2.048583 17.818781 2.196237
1.916687 8.707209 1.834144
1.884418 8.707209 1.912046
1.806515 8.707209 1.944313
-1.916687 8.707209 1.834144
-1.884418 8.707209 1.912046
-1.806515 8.707209 1.944313
-1.560881 3.488045 -1.533037
-1.494837 3.488045 -1.560394
-1.588238 3.488045 -1.466993
-1.872108 8.660075 -1.844244
-1.805895 8.660075 -1.871671
-1.899535 8.660075 -1.778031
1.560882 3.488045 -1.533037
1.588238 3.488045 -1.466993
1.494837 3.488045 -1.560394
1.872108 8.660075 -1.844244
1.899535 8.660075 -1.778031
1.805895 8.660075 -1.871671
-2.021545 17.883129 2.049162
-1.955417 17.883129 2.076554
-2.048936 17.883129 1.983034
-1.971693 21.718046 1.905887
-1.944329 21.718046 1.971952
-1.878264 21.718046 1.999316
-2.021545 17.883129 -1.993672
-1.955417 17.883129 -2.021063
-2.048936 17.883129 -1.927544
-2.048583 17.818781 -2.140747
-2.133466 17.818781 -2.105589
-2.168627 17.818781 -2.020708
2.021545 17.883129 -1.993672
2.048936 17.883129 -1.927544
1.955417 17.883129 -2.021063
2.168627 17.818781 -2.020708
2.133466 17.818781 -2.105589
2.048583 17.818781 -2.140747
2.021545 17.883129 2.049162
2.048936 17.883129 1.983034
1.955417 17.883129 2.076554
1.971693 21.718046 1.905887
1.944329 21.718046 1.971952
1.878264 21.718046 1.999316
0.917661 33.293350 0.945348
0.946138 33.293350 0.876599
0.848913 33.293350 0.973824
0.652263 33.785294 0.780783
0.723555 33.785294 0.751253
0.753085 33.785294 0.679961
-0.917661 33.293350 0.945348
-0.848913 33.293350 0.973824
-0.946138 33.293350 0.876599
-0.652262 33.785294 0.780783
-0.723555 33.785294 0.751253
-0.753085 33.785294 0.679961
-0.917661 33.293350 -0.889857
-0.848913 33.293350 -0.918333
-0.946138 33.293350 -0.821108
-1.043806 32.506618 -1.111429
-1.111292 32.506618 -1.083476
-1.139246 32.506618 -1.015990
0.917661 33.293350 -0.889857
0.946138 33.293350 -0.821108
0.848913 33.293350 -0.918333
1.139246 32.506618 -1.015990
1.111292 32.506618 -1.083476
1.043806 32.506618 -1.111429
-0.590358 34.092991 0.513066
-0.559604 34.092991 0.587313
-0.485357 34.092991 0.618066
-0.723555 33.785294 -0.695763
-0.652262 33.785294 -0.725293
-0.753085 33.785294 -0.624471
0.723555 33.785294 -0.695763
0.753085 33.785294 -0.624471
0.652263 33.785294 -0.725293
0.590358 34.092991 0.513066
0.559604 34.092991 0.587313
0.485357 34.092991 0.618066
0.362100 34.384811 0.389822
0.394182 34.384811 0.312374
0.284651 34.384811 0.421902
0.118462 34.549000 0.264709
0.202265 34.549000 0.229999
0.236979 34.549000 0.146196
-0.362100 34.384811 0.389822
-0.284651 34.384811 0.421902
-0.394181 34.384811 0.312374
-0.118461 34.549000 0.264709
-0.202265 34.549000 0.229999
-0.236979 34.549000 0.146196
-0.362100 34.384811 -0.334332
-0.284651 34.384811 -0.366411
-0.394181 34.384811 -0.256883
-0.485357 34.092991 -0.562576
-0.559604 34.092991 -0.531822
-0.590358 34.092991 -0.457576
0.362100 34.384811 -0.334332
0.394182 34.384811 -0.256883
0.284651 34.384811 -0.366411
0.590358 34.092991 -0.457576
0.559604 34.092991 -0.531822
0.485357 34.092991 -0.562576
-1.917433 8.754342 1.945058
-1.852684 8.754342 1.971878
-1.944254 8.754342 1.880308
-2.176006 12.857504 2.203614
-2.203371 12.857504 2.137547
-2.109939 12.857504 2.230979
-1.917433 8.754342 -1.889567
-1.852684 8.754342 -1.916387
-1.944254 8.754342 -1.824818
-1.806515 8.707209 -1.888823
-1.884418 8.707209 -1.856555
-1.916687 8.707209 -1.778653
1.917434 8.754342 -1.889567
1.944254 8.754342 -1.824818
1.852684 8.754342 -1.916387
1.916687 8.707209 -1.778653
1.884418 8.707209 -1.856555
1.806515 8.707209 -1.888823
1.917434 8.754342 1.945058
1.944254 8.754342 1.880308
1.852684 8.754342 1.971878
2.176006 12.857504 2.203614
2.109939 12.857504 2.230979
2.203371 12.857504 2.137547
2.191824 13.362064 2.219431
2.219191 13.362064 2.153364
2.125757 13.362064 2.246798
-2.191824 13.362064 2.219431
-2.125757 13.362064 2.246798
-2.219190 13.362064 2.153364
-2.176006 12.857504 -2.148123
-2.109939 12.857504 -2.175489
-2.203371 12.857504 -2.082057
2.176006 12.857504 -2.148123
2.203371 12.857504 -2.082057
2.109939 12.857504 -2.175489
2.158325 12.857504 2.087990
2.129637 12.857504 2.157248
2.060379 12.857504 2.185935
-2.158325 12.857504 2.087990
-2.129637 12.857504 2.157248
-2.060379 12.857504 2.185935
2.173820 13.362064 2.102339
2.144797 13.362064 2.172407
2.074728 13.362064 2.201430
-2.173820 13.362064 2.102339
-2.144797 13.362064 2.172407
-2.074728 13.362064 2.201430
-2.060379 12.857504 -2.130445
-2.129637 12.857504 -2.101757
-2.158325 12.857504 -2.032499
-2.074728 13.362064 -2.145940
-2.144797 13.362064 -2.116916
-2.173820 13.362064 -2.046848
2.173820 13.362064 -2.046848
2.144797 13.362064 -2.116916
2.074728 13.362064 -2.145940
2.158325 12.857504 -2.032499
2.129637 12.857504 -2.101757
2.060379 12.857504 -2.130445
-0.005051 34.657028 0.017641
0.005051 34.657028 0.017641
0.005051 34.657028 0.037850
-0.005051 34.657028 0.037850
-0.010105 34.657028 0.032796
-0.010105 34.657028 0.022694
-0.008625 34.657028 0.019121
0.008625 34.657028 0.019121
0.010105 34.657028 0.022694
0.008625 34.657028 0.036370
0.010105 34.657028 0.032796
-0.008625 34.657028 0.036370
2.191853 13.383995 2.219461
2.219220 13.383995 2.153393
2.219220 13.383995 -2.097903
2.191853 13.383995 -2.163970
2.125786 13.383995 -2.191336
-2.125786 13.383995 -2.191336
-2.191853 13.383995 -2.163970
-2.219220 13.383995 -2.097903
-2.219220 13.383995 2.153393
-2.191853 13.383995 2.219461
-2.125786 13.383995 2.246827
2.125786 13.383995 2.246827
2.175237 12.842973 2.202845
2.109170 12.842973 2.230211
-2.109170 12.842973 2.230211
-2.175237 12.842973 2.202845
-2.202603 12.842973 2.136779
-2.202603 12.842973 -2.081288
-2.175237 12.842973 -2.147355
-2.109170 12.842973 -2.174721
2.109170 12.842973 -2.174721
2.175237 12.842973 -2.147355
2.202603 12.842973 -2.081288
2.202603 12.842973 2.136779
1.869986 8.624795 1.897612
1.803773 8.624795 1.925038
-1.803773 8.624795 1.925038
-1.869985 8.624795 1.897612
-1.897411 8.624795 1.831400
-1.897411 8.624795 -1.775909
-1.869985 8.624795 -1.842122
-1.803773 8.624795 -1.869548
1.803773 8.624795 -1.869548
1.869986 8.624795 -1.842122
1.897411 8.624795 -1.775909
1.897411 8.624795 1.831400
1.928717 8.799089 1.956340
1.863666 8.799089 1.983285
-1.863666 8.799089 1.983285
-1.928716 8.799089 1.956340
-1.955661 8.799089 1.891289
-1.955661 8.799089 -1.835799
-1.928716 8.799089 -1.900849
-1.863666 8.799089 -1.927794
1.863666 8.799089 -1.927794
1.928717 8.799089 -1.900849
1.955662 8.799089 -1.835799
1.955662 8.799089 1.891289
2.143800 13.328870 2.171410
2.073784 13.328870 2.200411
-2.073784 13.328870 2.200411
-2.143799 13.328870 2.171410
-2.172801 13.328870 2.101394
-2.172801 13.328870 -2.045904
-2.143799 13.328870 -2.115919
-2.073784 13.328870 -2.144920
2.073784 13.328870 -2.144920
2.143800 13.328870 -2.115919
2.172801 13.328870 -2.045904
2.172801 13.328870 2.101394
2.130746 12.894418 2.158357
2.061429 12.894418 2.187069
-2.061428 12.894418 2.187069
-2.130746 12.894418 2.158357
-2.159458 12.894418 2.089040
-2.159458 12.894418 -2.033549
-2.130746 12.894418 -2.102866
-2.061429 12.894418 -2.131578
2.061428 12.894418 -2.131578
2.130746 12.894418 -2.102866
2.159459 12.894418 -2.033549
2.159459 12.894418 2.089040
2.020108 17.954481 2.047726
1.953981 17.954481 2.075117
-1.953981 17.954481 2.075117
-2.020108 17.954481 2.047726
-2.047499 17.954481 1.981599
-2.047499 17.954481 -1.926109
-2.020108 17.954481 -1.992235
-1.953981 17.954481 -2.019626
1.953981 17.954481 -2.019626
2.020108 17.954481 -1.992235
2.047499 17.954481 -1.926109
2.047499 17.954481 1.981599
-1.454569 3.488045 1.482222
-1.393023 3.488045 1.507715
-1.480062 3.488045 1.420676
-1.480062 3.488045 -1.365186
-1.454569 3.488045 -1.426731
-1.393023 3.488045 -1.452225
1.393023 3.488045 -1.452225
1.454569 3.488045 -1.426731
1.480062 3.488045 -1.365186
1.480062 3.488045 1.420676
1.454569 3.488045 1.482222
1.393023 3.488045 1.507715
1.563871 3.537719 1.591517
1.497825 3.537719 1.618874
-1.497825 3.537719 1.618874
-1.563870 3.537719 1.591517
-1.591228 3.537719 1.525471
-1.591228 3.537719 -1.469980
-1.563870 3.537719 -1.536026
-1.497825 3.537719 -1.563383
1.497825 3.537719 -1.563383
1.563871 3.537719 -1.536026
1.591228 3.537719 -1.469980
1.591228 3.537719 1.525471
0.000000 34.657028 0.027745
