-0.5544 -2.9107 -0.7209
-0.5082 -2.9006 -0.5203
-0.6008 -2.8823 -0.7666
-0.6855 -2.8365 -0.4191
-0.6643 -2.8033 -0.6614
-0.7061 -2.7706 -0.4766
-0.5927 -2.8982 -0.3452
-0.4979 -2.9060 -0.8790
-0.3791 -2.8987 -0.6674
-0.4433 -2.8942 -0.8731
-0.2614 -2.8980 -0.8696
-0.2676 -2.8996 -0.4090
-0.6140 -2.9069 0.9566
-0.6418 -2.8834 1.0603
-0.6701 -2.8703 0.9910
-0.6967 -2.8353 1.2140
-0.7022 -2.8378 0.9520
-0.6643 -2.8763 1.2470
-0.6132 -2.8831 1.1604
-0.5868 -2.8909 1.2223
-0.6764 -2.8477 1.1818
-0.5022 -2.8915 1.1285
-0.5655 -2.9022 0.9565
-0.7203 -2.8017 0.8459
-0.7049 -2.8098 0.6354
-0.6872 -2.8432 0.6672
-0.6572 -2.8813 0.7443
-0.7163 -2.7515 0.6332
-0.7148 -2.6349 1.0810
-0.7133 -2.6213 0.5496
-0.7174 -2.7648 1.2830
-0.7246 -2.7224 1.0121
-0.5634 -2.9064 0.7460
-0.7111 -2.3300 0.7129
-0.7104 -2.4301 1.2624
-0.6368 -2.8863 -0.1392
-0.6630 -2.8707 -0.2670
-0.5997 -2.8935 -0.1870
-0.6859 -2.8448 -0.1760
-0.7101 -2.7882 -0.1394
-0.7220 -2.7734 -0.2806
-0.7199 -2.6755 -0.0834
-0.7209 -2.6424 -0.4387
-0.6264 -2.8764 -0.0234
-0.5397 -2.8938 -0.0369
-0.6736 -2.8569 0.0802
-0.6835 -2.8166 -0.0167
-0.3530 -2.9032 0.0894
-0.4188 -2.8957 -0.3146
-0.7126 -2.7595 0.0212
-0.6356 -2.8768 0.2973
-0.6841 -2.8246 0.3838
-0.6988 -2.8289 0.1807
-0.6667 -2.8720 0.1911
-0.5406 -2.8983 0.2277
-0.5111 -2.8950 0.4603
-0.6353 -2.8756 0.4623
-0.6635 -2.8577 0.5492
-0.6126 -2.8930 0.0721
-0.4709 -2.8998 0.1315
-0.2775 -2.8887 0.4949
-0.7119 -2.7748 0.2496
-0.7176 -2.5995 0.1440
-0.7054 -2.6064 0.2842
-0.7178 -2.7158 0.4297
-0.7116 -2.4106 0.1983
-0.7031 -2.4980 0.4257
0.1051 -2.8962 -0.6382
-0.1115 -2.8887 -0.1950
-0.2167 -2.8939 -0.0498
0.1225 -2.8896 -0.1673
-0.1652 -2.8801 0.2419
-0.3747 -2.9003 0.9711
-0.3849 -2.8967 0.7071
-0.0423 -2.8994 0.8876
0.1020 -2.8978 0.4204
0.2189 -2.8973 0.7873
0.5469 -2.9142 0.3369
0.4551 -2.9018 0.5996
0.3623 -2.8975 0.4781
0.4739 -2.9109 0.2598
0.5617 -2.8968 0.5179
0.6166 -2.8976 0.3512
0.6389 -2.8597 0.5439
-0.6063 -2.9033 0.6504
-0.5454 -2.9117 0.5395
-0.5891 -2.8928 0.4778
-0.4860 -2.8997 0.5971
0.0192 -2.8857 0.2513
0.3554 -2.8921 0.1788
0.3915 -2.8845 -0.1244
-0.6932 -2.8208 3.0706
-0.6807 -2.8776 3.1231
-0.7138 -2.7903 3.1999
-0.6590 -2.9043 3.1700
-0.6982 -2.8275 3.3385
-0.6674 -2.8687 3.3713
-0.6311 -2.9140 3.2158
-0.6400 -2.8814 3.3246
-0.6037 -2.8983 3.2900
-0.7065 -2.7541 3.0307
-0.7173 -2.7133 3.2323
-0.5630 -2.8712 3.5090
-0.6253 -2.8766 3.4307
-0.5358 -2.8760 3.3725
-0.6555 -2.8726 3.5278
-0.6024 -2.8827 3.5867
-0.6805 -2.8462 3.5208
-0.6532 -2.8868 3.6145
-0.6715 -2.8678 3.6722
-0.6417 -2.8888 3.7126
-0.4443 -2.8812 3.8603
-0.7023 -2.7950 3.8519
-0.4098 -2.8766 3.5433
-0.4035 -2.8710 3.4169
-0.7169 -2.7499 3.7314
-0.7155 -2.6671 3.5612
-0.7127 -2.5689 3.2665
-0.7043 -2.5287 3.9256
-0.7072 -2.4335 3.6626
-0.6350 -2.8546 4.5144
-0.6668 -2.8353 4.6221
-0.6733 -2.8319 4.5026
-0.5214 -2.8612 4.4762
-0.5984 -2.8611 4.5621
-0.4960 -2.8675 4.2443
-0.5733 -2.8420 4.2673
-0.5855 -2.8572 4.1437
-0.3715 -2.8578 4.5094
-0.1338 -2.8705 4.4105
-0.0066 -2.8722 4.1052
-0.6929 -2.7911 4.4253
-0.7162 -2.7329 4.5820
-0.7019 -2.7523 4.2947
-0.6448 -2.8923 3.7947
-0.6432 -2.8753 3.9521
-0.6783 -2.8512 3.9229
-0.6632 -2.8511 4.0277
-0.6967 -2.7817 4.0934
-0.7116 -2.6790 4.1543
-0.5875 -2.8771 4.0105
-0.2467 -2.8830 3.5278
-0.7160 -2.3921 3.5702
-0.7112 -2.3723 4.0852
-0.7053 -2.5777 4.3199
-0.0857 -2.8816 3.8262
-0.6981 -2.4620 4.1188
-0.7045 -2.4190 4.3663
-0.7062 -2.2250 4.3314
-0.7152 -2.3819 3.0889
-0.7102 -2.0664 3.6685
-0.7212 -2.2401 2.9189
-0.7087 -1.9200 3.0221
-0.7033 -1.9303 4.1989
-0.6987 -1.4658 3.5444
-0.7058 -1.6884 2.9696
-0.6967 -1.3542 2.6847
-0.6865 -1.1678 4.1690
-0.6824 -0.7724 3.5883
-0.6281 -2.8910 2.5971
-0.6670 -2.8674 2.6766
-0.6676 -2.8794 2.5629
-0.6253 -2.8718 2.7330
-0.6647 -2.8118 2.8471
-0.6470 -2.8395 2.7975
-0.4295 -2.8703 2.6798
-0.5932 -2.8505 2.8149
-0.6148 -2.8412 2.8933
-0.4865 -2.8477 2.7986
-0.5774 -2.8930 2.5384
-0.4380 -2.8838 2.5150
-0.2149 -2.8858 2.5078
-0.3964 -2.8912 2.2489
0.0412 -2.8955 2.1849
0.0173 -2.8800 2.6425
0.2299 -2.8924 2.5357
0.4212 -2.8925 2.2615
0.2849 -2.8888 2.0928
0.4409 -2.8813 2.0550
0.4985 -2.9037 2.1837
0.5571 -2.9064 2.2275
0.5459 -2.8918 2.0178
0.6007 -2.8878 2.0653
-0.6845 -2.7937 1.9992
-0.7101 -2.7589 1.7611
-0.6885 -2.8161 1.8365
-0.7034 -2.7454 2.0479
-0.7192 -2.6098 1.9287
-0.6635 -2.8677 1.4886
-0.6458 -2.8799 1.4005
-0.6114 -2.8887 1.4915
-0.5026 -2.8842 1.4066
-0.6881 -2.8270 1.3574
-0.6701 -2.8765 1.3245
-0.6982 -2.8191 1.4690
-0.6329 -2.8627 1.5497
-0.6906 -2.8143 1.5830
-0.7150 -2.5505 1.5678
-0.7268 -2.6626 1.7102
-0.5510 -2.8887 1.2909
-0.6397 -2.8937 1.3341
-0.2900 -2.9002 1.2712
-0.3202 -2.8946 1.5461
-0.5152 -2.8931 1.6436
-0.4171 -2.8948 1.6596
-0.1307 -2.8954 1.3007
-0.5477 -2.8940 2.0366
-0.5506 -2.8752 1.8783
-0.4535 -2.8959 2.0320
-0.4445 -2.8780 1.9140
-0.3303 -2.8975 1.9748
-0.3911 -2.8808 1.8012
-0.2497 -2.9019 1.8610
-0.1717 -2.9011 1.6435
-0.0284 -2.8944 1.9184
-0.0672 -2.8863 1.6498
-0.7137 -2.4090 1.7221
-0.7153 -2.1834 1.3313
-0.7080 -1.9048 1.5978
-0.7070 -2.3051 1.8835
-0.6939 -2.8415 2.3865
-0.7246 -2.7658 2.3443
-0.6950 -2.7926 2.1158
-0.7225 -2.6060 2.1397
-0.6467 -2.9015 2.4136
-0.6244 -2.9062 2.4611
-0.6119 -2.8890 2.3260
-0.5669 -2.9005 2.3266
-0.5096 -2.8979 2.2666
-0.7152 -2.8021 2.5152
-0.7187 -2.6478 2.5906
-0.7100 -2.6595 2.0912
-0.7208 -2.3475 2.1381
-0.7275 -2.5292 2.2777
-0.7178 -2.7580 2.6846
-0.7001 -2.8289 2.6703
-0.6996 -2.7569 2.8379
-0.7135 -2.6910 2.9139
-0.7173 -2.5224 2.5051
-0.7212 -2.2511 2.5231
0.1382 -2.8874 1.7902
-0.7088 -2.0147 2.0118
-0.7074 -1.7521 2.4782
-0.7137 -1.8035 1.9812
-0.7044 -1.4212 2.3387
-0.6982 -1.1820 2.1351
0.0486 -2.9031 1.0623
0.2066 -2.8938 1.2125
-0.0267 -2.8889 1.4215
0.0883 -2.8750 1.5795
0.3488 -2.8867 1.3684
0.3073 -2.8775 1.5986
0.3683 -2.8924 0.8426
0.5270 -2.9044 0.7559
0.5954 -2.8840 0.6923
0.5720 -2.8891 0.8750
0.4700 -2.9036 1.0144
0.6314 -2.8648 0.8959
0.6643 -2.8221 0.8287
0.6745 -2.8059 0.3596
0.6804 -2.7660 0.7712
0.6137 -2.8709 1.2052
0.5700 -2.8835 1.3396
0.5268 -2.8946 1.2256
0.6012 -2.8858 0.9868
0.6502 -2.8410 1.1205
0.6398 -2.8250 1.3991
0.6792 -2.7664 1.1908
0.6901 -2.6544 0.7282
0.6940 -2.4482 1.1533
0.6785 -2.7443 0.1074
0.6914 -2.1447 0.2677
0.6835 -2.5031 0.1128
0.6982 -1.8696 0.6844
0.3934 -2.8895 1.9021
0.4688 -2.8939 1.6233
0.5644 -2.8870 1.6099
0.5296 -2.9016 1.8740
0.6098 -2.8790 1.8065
0.6274 -2.8584 1.7151
0.6667 -2.8252 2.0386
0.6635 -2.7921 1.7618
0.6257 -2.8373 1.5859
0.6698 -2.6669 1.6339
0.6886 -2.7375 2.0016
0.6474 -2.8576 2.1615
0.6955 -2.4222 1.7172
0.5684 -2.8742 1.4499
0.6739 -2.6762 1.4036
0.6461 -2.7794 1.5827
0.6919 -2.3588 1.4865
0.7129 -1.5661 1.2699
-0.6354 -2.8926 3.0456
-0.6048 -2.9193 3.0987
-0.5979 -2.8614 2.9711
-0.5288 -2.8814 3.0540
-0.6651 -2.8238 2.9940
-0.6698 -2.7917 2.9347
-0.5436 -2.8528 2.9197
-0.3911 -2.8687 3.1191
-0.3887 -2.8611 2.9293
-0.5273 -2.8975 3.2044
-0.3769 -2.8805 3.2286
-0.1821 -2.8744 3.1486
-0.1749 -2.8769 3.0110
-0.0917 -2.8720 2.8305
0.1324 -2.8877 3.0489
-0.1799 -2.8794 3.3345
0.1092 -2.8886 3.3498
0.0152 -2.8934 3.1294
0.1630 -2.8755 2.8785
0.4798 -2.9007 2.4259
0.4455 -2.9046 2.6807
0.5057 -2.8833 3.1586
0.3993 -2.8868 2.8834
0.6472 -2.8786 2.8141
0.6036 -2.8838 3.0590
0.5570 -2.8993 2.8307
0.1541 -2.8774 3.9554
0.2482 -2.8848 3.6180
0.3187 -2.8703 3.9377
0.4257 -2.8814 3.7889
0.3712 -2.8706 3.9247
0.4618 -2.8870 3.9162
0.6257 -2.8607 3.7038
0.5729 -2.8778 3.8452
0.4722 -2.8771 3.5476
0.4174 -2.8918 3.2246
0.3563 -2.8954 3.4438
0.5767 -2.8807 3.4216
0.6538 -2.8642 3.0814
0.6186 -2.8723 3.3429
0.6612 -2.8353 3.2932
0.6876 -2.8322 3.0098
0.7117 -2.7704 2.9281
0.7123 -2.6188 3.3391
0.7013 -2.7627 3.1687
0.7105 -2.6093 2.7092
0.6621 -2.8427 3.5581
0.6941 -2.8042 3.5913
0.6959 -2.7596 3.4339
0.7136 -2.7763 3.7831
0.7222 -2.6113 3.5832
0.7061 -2.4765 2.9528
0.7196 -2.2923 3.4928
0.7132 -2.2406 3.0424
0.7028 -2.1650 3.2950
0.6342 -2.8752 2.4055
0.5934 -2.8934 2.4434
0.5863 -2.9037 2.6206
0.6883 -2.8273 2.5133
0.6698 -2.8604 2.5761
0.7026 -2.7859 2.5406
0.6971 -1.9431 3.3585
0.7288 -1.7398 3.1005
0.7125 -1.8585 3.1761
0.7091 -2.0961 2.0675
0.7163 -2.1705 2.6299
0.7096 -1.6721 1.9384
0.7266 -1.3954 2.8761
0.7209 -0.8123 1.5380
0.7231 -0.9941 2.3648
0.7187 -1.1701 2.6242
0.6006 -2.8617 5.3943
0.5234 -2.8751 5.5640
0.4684 -2.8732 5.3699
-0.2383 -2.5726 6.3886
-0.3036 -2.6141 6.3368
-0.1853 -2.6211 6.3684
-0.1573 -2.6912 6.1695
-0.1222 -2.7546 5.9552
0.0526 -2.7428 5.9865
-0.0977 -2.7761 5.8658
0.0886 -2.7924 5.8664
0.0788 -2.8276 5.7928
-0.1138 -2.8142 5.7359
-0.0031 -2.8371 5.7038
0.2109 -2.8363 5.6948
0.0487 -2.6808 6.2098
0.1978 -2.7596 5.9543
0.3389 -2.8379 5.6979
-0.3869 -2.6481 6.2673
-0.0734 -2.6492 6.3136
-0.0352 -2.6152 6.3798
-0.0285 -2.5684 6.4226
-0.0996 -2.5005 6.4495
0.1149 -2.6600 6.3165
0.1413 -2.5968 6.4130
0.2517 -2.6851 6.3028
0.2209 -2.7336 6.1197
0.4194 -2.7929 5.9703
0.4225 -2.7274 6.2066
0.3980 -2.7572 6.1606
0.2894 -2.6660 6.3238
0.3644 -2.8656 5.4815
0.3242 -2.8078 5.7849
0.3969 -2.7995 5.8579
0.4715 -2.8303 5.8238
0.5287 -2.8528 5.7452
0.5663 -2.8179 5.8757
0.6136 -2.8594 5.6441
0.6735 -2.8376 5.6122
0.6727 -2.8381 5.3994
0.6355 -2.8294 5.7467
0.7079 -2.8120 5.4420
0.7335 -2.7434 5.4318
0.7163 -2.7853 5.6267
0.6965 -2.7728 5.7982
0.5340 -2.8151 5.9780
0.6360 -2.7992 5.9994
0.4604 -2.6780 6.2170
0.5656 -2.7600 6.1337
0.5954 -2.8006 6.0597
0.6608 -2.7760 6.0598
0.6957 -2.7444 6.0058
0.6258 -2.7314 6.1224
0.6768 -2.7334 6.0717
0.6690 -2.7794 5.9282
0.6452 -2.7942 5.8408
0.7154 -2.7302 5.8519
0.7395 -2.6345 5.5353
0.7197 -2.6776 5.9786
0.7310 -2.5807 5.9172
0.0476 -2.4374 6.4844
0.1253 -2.4642 6.4725
0.2459 -2.5713 6.4072
0.2028 -2.4929 6.4424
0.3410 -2.6551 6.3077
0.3587 -2.5371 6.3348
0.3110 -2.3744 6.3701
0.5368 -2.6009 6.2251
0.5768 -2.6657 6.1632
0.6576 -2.6438 6.1161
0.5278 -2.5040 6.2480
0.6540 -2.5220 6.1816
0.7010 -2.6031 6.0652
0.7203 -2.4696 6.0278
-0.6918 -2.7270 5.6468
-0.7076 -2.6802 5.6654
-0.6819 -2.7791 5.5293
-0.7098 -2.7059 5.4843
-0.6622 -2.7662 5.6179
-0.6675 -2.7560 5.6720
-0.6275 -2.7584 5.6709
-0.7021 -2.7506 5.7245
-0.6700 -2.7840 5.7313
-0.7182 -2.6187 5.6693
-0.7098 -2.5560 5.4811
-0.6988 -2.2980 5.9335
-0.6499 -2.7968 5.8019
-0.6916 -2.7785 5.8077
-0.6874 -2.7407 5.9049
-0.6624 -2.7936 5.8595
-0.6038 -2.7643 5.7779
-0.5787 -2.7617 5.8984
-0.6266 -2.7593 5.9542
-0.7148 -2.4401 5.9939
-0.7268 -2.6327 5.9345
-0.7144 -2.6765 5.8101
-0.6752 -2.7075 6.0158
-0.7002 -2.6370 6.0505
-0.6299 -2.7190 6.0773
-0.5591 -2.7042 6.1333
-0.6393 -2.6542 6.1314
-0.5415 -2.7294 6.0253
-0.5151 -2.7371 5.9082
-0.3462 -2.7255 5.9871
-0.7167 -2.4745 6.0653
-0.6900 -2.5255 6.1301
-0.6835 -1.9601 5.8835
-0.6920 -1.9498 5.3279
-0.7227 -2.7601 4.7772
-0.7025 -2.7951 4.6727
-0.6252 -2.8650 4.7382
-0.6545 -2.8544 4.7361
-0.4759 -2.8604 4.8004
-0.6779 -2.8551 4.8639
-0.6136 -2.8675 4.8531
-0.6946 -2.8160 4.9078
-0.6008 -2.8567 5.0194
-0.6827 -2.8403 5.0053
-0.6538 -2.8692 4.9006
-0.5529 -2.8673 4.9483
-0.7139 -2.7604 5.0747
-0.7167 -2.6240 4.9079
-0.7178 -2.7020 5.1526
-0.6530 -2.8174 5.3020
-0.6020 -2.8371 5.1383
-0.4594 -2.8468 5.2061
-0.5966 -2.8410 5.3753
-0.4543 -2.8423 5.3736
-0.4689 -2.8520 5.0703
-0.2193 -2.8584 5.2584
-0.7009 -2.7778 5.1953
-0.7020 -2.8102 5.0965
-0.6637 -2.8188 5.1666
-0.6668 -2.8417 5.0734
-0.7052 -2.7506 5.3164
-0.1812 -2.8638 4.8047
0.1274 -2.8686 4.5651
0.1034 -2.8796 4.2934
-0.0364 -2.8606 5.0474
0.1588 -2.8726 4.9126
0.2099 -2.8584 4.6526
0.2764 -2.8284 4.7005
0.2780 -2.8426 4.9214
-0.7054 -2.4096 4.9444
-0.7135 -2.4686 4.6325
-0.6902 -1.5738 4.8605
-0.6411 -2.8328 5.4741
-0.6670 -2.8258 5.4070
-0.6956 -2.7915 5.4053
-0.6453 -2.8065 5.5678
-0.4160 -2.8326 5.5833
-0.1662 -2.8457 5.5386
-0.4513 -2.8058 5.6377
-0.5536 -2.7747 5.6527
-0.5569 -2.7453 5.7396
-0.4470 -2.7393 5.8249
-0.4598 -2.7501 5.7327
-0.2404 -2.7655 5.7948
0.1497 -2.8673 5.2999
0.3879 -2.8520 5.1844
0.2693 -2.8714 5.1700
0.3903 -2.8211 4.9600
0.5181 -2.8398 5.1162
0.4647 -2.8236 4.8792
-0.6839 -1.4222 4.4249
-0.6799 -1.0021 4.6267
-0.6724 -1.1466 5.1262
-0.6574 -0.5835 5.0324
-0.6548 -0.2788 4.9890
-0.6716 -2.5784 6.1549
-0.5350 -2.6403 6.2329
-0.3737 -2.6903 6.1522
-0.6069 -2.5333 6.2417
-0.7021 -2.4081 6.1313
-0.6828 -2.3949 6.1972
-0.4796 -2.5878 6.3081
-0.5559 -2.5162 6.2907
-0.6489 -2.3822 6.2432
-0.6112 -2.3624 6.2778
-0.5128 -2.4748 6.3142
-0.6991 -2.1927 6.1378
-0.6898 -2.0735 6.1968
-0.6648 -2.2170 6.2349
-0.6434 -2.2434 6.2646
-0.6567 -2.0766 6.2421
-0.3822 -2.5590 6.3445
-0.4479 -2.4694 6.3261
-0.2677 -2.5005 6.3910
-0.3013 -2.3719 6.3587
-0.4859 -2.2682 6.3070
-0.5861 -2.2196 6.2801
-0.3840 -2.3052 6.3247
-0.1986 -2.3982 6.4106
-0.1335 -2.4529 6.4544
-0.1023 -2.3428 6.4683
-0.6304 -2.1567 6.2646
-0.6198 -2.0555 6.2903
-0.5827 -2.0530 6.2974
-0.6464 -1.8142 6.2858
-0.5293 -2.0630 6.2979
-0.3578 -2.1545 6.3318
-0.1926 -2.1502 6.3838
-0.4247 -2.0777 6.3082
-0.4065 -1.9210 6.3265
-0.2778 -1.9581 6.3441
-0.2972 -2.0455 6.3336
-0.6694 -1.6056 6.1562
-0.6637 -1.3090 5.7342
-0.6650 -1.7695 6.2509
-0.6188 -1.7512 6.3099
-0.5231 -1.9231 6.3199
-0.5348 -1.7378 6.3296
-0.6496 -1.6359 6.2804
-0.6540 -1.5050 6.2212
-0.2010 -1.8680 6.3749
-0.3629 -1.7250 6.3640
-0.5156 -1.6192 6.3423
-0.4236 -1.5851 6.3444
-0.1731 -1.7752 6.3664
-0.1490 -1.6524 6.3451
-0.2965 -1.6280 6.3550
-0.2114 -1.5389 6.3283
-0.6091 -1.6043 6.3150
-0.5420 -1.5208 6.3133
-0.6300 -1.4098 6.2355
-0.5895 -1.3904 6.2587
-0.3539 -1.3917 6.2789
-0.4986 -1.2469 6.2292
-0.5629 -1.2163 6.2136
-0.0623 -1.3783 6.2756
-0.2959 -1.2267 6.2322
0.7375 -2.2945 5.7951
-0.0249 -2.3872 6.5007
-0.0246 -2.2754 6.4906
0.0177 -2.3404 6.5074
-0.1066 -2.1669 6.4319
0.0867 -2.3140 6.4899
0.1909 -2.3005 6.4427
0.0728 -2.1897 6.4671
-0.0307 -2.0835 6.4214
0.1753 -2.1025 6.4314
0.4913 -2.4477 6.2700
0.4590 -2.3897 6.2909
0.3499 -2.2382 6.3288
0.3084 -2.1178 6.3477
0.5358 -2.2940 6.2415
0.5264 -2.1860 6.2300
-0.1100 -2.0022 6.3914
0.0911 -2.0781 6.4344
0.1559 -1.9709 6.4125
-0.0301 -1.8578 6.3807
0.0493 -1.8162 6.3831
0.5097 -2.1108 6.2039
0.3385 -2.0272 6.3127
0.5260 -2.0225 6.1653
0.2331 -1.9010 6.3756
0.2062 -1.8033 6.3576
0.0555 -1.6900 6.3526
0.3344 -1.8316 6.2757
0.6919 -2.4244 6.1119
0.6037 -2.4230 6.2096
0.6053 -2.3337 6.2212
0.6573 -2.3671 6.1796
0.6969 -2.3201 6.1186
0.6569 -2.2518 6.1648
0.7003 -2.1806 6.0565
0.7287 -2.1892 5.9702
0.6355 -2.1350 6.1248
0.6871 -1.9939 6.0407
0.7304 -1.9602 5.9656
0.5772 -1.9256 6.1142
0.6870 -1.8592 6.0236
0.7413 -1.7868 5.8633
0.7196 -1.7622 5.9495
0.5450 -1.6719 6.0708
0.6382 -1.6792 6.0102
0.1579 -1.6278 6.3161
0.0753 -1.5070 6.3039
0.2424 -1.7231 6.3126
0.3523 -1.6968 6.2253
0.2682 -1.6032 6.2820
0.3602 -1.5152 6.1827
0.2437 -1.3983 6.2631
0.5048 -1.5393 6.0617
0.1113 -1.3226 6.2427
0.0205 -1.2407 6.2305
0.2087 -1.3291 6.2506
0.3071 -1.3565 6.2179
0.3292 -1.1176 6.1649
0.2367 -1.1813 6.2055
0.4414 -1.2931 6.0865
0.3872 -1.1692 6.1341
0.4752 -0.7379 5.9522
0.7467 -1.7530 5.6872
0.7448 -2.1957 5.4539
0.7450 -1.2880 5.4248
0.7460 -1.5775 5.1732
0.6924 -1.5890 5.9324
0.7263 -1.3563 5.7768
0.5746 -1.3754 5.9771
0.6153 -1.1965 5.8669
0.5129 -1.1459 5.9642
0.6979 -1.2967 5.8040
0.7410 -1.1501 5.5984
-0.6471 -0.6774 5.5274
-0.6527 -0.9340 5.8570
-0.6466 -1.1814 6.1221
-0.6132 -1.2138 6.1851
-0.6249 -0.8753 6.0495
-0.5814 -0.9990 6.1329
-0.5210 -0.9389 6.1271
-0.4178 -0.7897 6.0910
-0.2344 -1.0012 6.1516
-0.5933 -0.6337 5.9946
-0.5335 -0.5821 6.0002
-0.2641 -0.6777 6.0568
-0.5974 -0.3058 5.8728
-0.6271 -0.5019 5.9117
-0.5433 -0.2567 5.8945
-0.6344 -0.3399 5.7412
-0.5694 -0.0934 5.8213
-0.6102 -0.0321 5.7366
-0.4586 -0.1620 5.8799
-0.2765 -0.1232 5.8836
-0.3508 0.0916 5.8006
0.0171 -1.0959 6.1849
0.0315 -0.9842 6.1474
-0.1252 -0.7699 6.0741
-0.0272 -0.8470 6.0874
0.1486 -0.8620 6.0940
0.2672 -1.0402 6.1544
0.4148 -0.8856 6.0556
0.3240 -0.8329 6.0901
0.3757 -0.7805 6.0637
0.1568 -0.6067 6.0249
-0.0563 -0.4917 6.0006
0.7433 -0.8240 4.8949
0.7428 -0.6515 5.4045
0.5572 -0.7238 5.8293
0.6178 -0.9252 5.7982
0.7287 -0.9292 5.6288
0.6919 -1.0021 5.7270
0.6462 -0.6340 5.7154
0.7017 -0.6776 5.6485
0.7378 -0.6052 5.5318
-0.1324 -0.1652 5.9015
0.2019 -0.4108 5.9591
0.0410 -0.0257 5.8444
0.2578 -0.2387 5.9011
0.7460 0.2306 5.1492
0.7441 -0.2004 5.3740
0.7239 -0.3996 5.5417
0.6908 -0.4282 5.6236
0.7229 -0.0749 5.4357
0.2470 -2.8664 4.0723
0.2162 -2.8706 4.2246
0.3264 -2.8275 4.1446
0.2729 -2.8540 4.4376
0.3222 -2.8288 4.3337
0.3947 -2.8198 4.1027
0.4293 -2.8688 3.9926
0.5820 -2.8711 3.9954
0.5324 -2.8448 4.1076
0.3880 -2.8190 4.2804
0.4616 -2.8061 4.3050
0.4864 -2.8040 4.2036
0.6003 -2.8202 4.2482
0.3913 -2.8105 4.4744
0.4412 -2.8095 4.3752
0.3540 -2.8164 4.6170
0.3964 -2.8102 4.7237
0.4491 -2.8174 4.5925
0.5467 -2.8199 4.4624
0.6011 -2.8179 4.5034
0.6543 -2.8332 4.1366
0.6556 -2.8083 4.3410
0.6822 -2.7932 4.2749
0.6400 -2.8009 4.5951
0.6690 -2.7752 4.5667
0.6924 -2.7448 4.4973
0.7096 -2.7191 4.3322
0.7116 -2.7712 4.0922
0.6860 -2.8294 3.8279
0.6641 -2.8461 4.0209
0.7003 -2.8147 3.9995
0.7167 -2.7216 3.8673
0.7186 -2.6487 4.2365
0.7099 -2.5769 3.7838
0.7106 -2.5288 4.1211
0.7185 -2.3264 3.7799
0.7130 -2.0541 3.7426
0.7118 -2.3691 4.1645
0.7284 -2.2318 4.0538
0.7428 -1.8033 4.1051
0.5201 -2.8317 4.7192
0.5937 -2.8214 4.6922
0.5828 -2.8148 4.8158
0.6202 -2.8228 5.0400
0.6478 -2.7856 4.8397
0.6907 -2.7412 4.8016
0.7013 -2.6400 4.5216
0.6997 -2.7029 4.6776
0.7080 -2.3790 4.4481
0.7205 -2.3220 4.6475
0.7244 -2.6051 4.7345
0.7235 -2.7054 4.9178
0.6877 -2.7819 5.0325
0.6709 -2.8324 5.2112
0.7134 -2.8001 5.2305
0.7404 -2.6481 5.0312
0.7393 -2.1793 5.1590
0.7411 -2.1601 4.9719
0.7381 -2.4638 4.8432
0.7325 -1.9916 4.2666
0.7204 -2.0632 4.5522
0.7419 -1.8109 4.6064
0.7089 -1.6727 3.4509
0.7079 -1.6675 3.7045
0.7249 -1.8285 3.9190
0.7298 -1.3462 3.6246
0.7354 -0.9884 3.3478
0.7263 -1.0289 3.5399
0.7434 -1.3059 4.2330
0.7384 -1.1977 4.5127
0.7352 -1.5624 3.9892
0.7353 -1.2396 3.9965
0.7350 -0.9646 4.1683
0.7492 -0.7884 4.3039
0.7380 -0.7323 3.9743
0.7208 -1.1789 3.8291
0.7159 -0.9542 3.7150
0.7167 -0.9755 3.9910
0.7435 -0.5763 4.1564
0.7400 -0.5420 3.5829
0.7415 -1.1895 4.9198
0.7484 -0.5946 4.4409
0.7396 -0.4333 4.4661
0.7275 -0.4445 4.3227
0.7533 -0.4371 4.6974
0.7498 -0.4674 5.0064
0.7446 0.0313 4.7288
0.4391 -0.5475 5.9682
0.3908 -0.4854 5.9699
0.2612 -0.0012 5.8281
0.4472 -0.1680 5.8543
0.5176 -0.3157 5.8323
0.6280 -0.3307 5.6702
0.4917 -0.1157 5.8094
0.5763 -0.0343 5.6496
0.5186 0.0485 5.7248
0.4359 0.0763 5.7922
0.6733 0.0596 5.4780
-0.6754 -2.8626 -1.7149
-0.7052 -2.8251 -1.6785
-0.7144 -2.8519 -1.8672
-0.6088 -2.8713 -1.6400
-0.6635 -2.8549 -1.5851
-0.7210 -2.7715 -1.6917
-0.6264 -2.9010 -1.4078
-0.6663 -2.8871 -1.3897
-0.6559 -2.8787 -1.4780
-0.6126 -2.8770 -1.5400
-0.6895 -2.8466 -1.4757
-0.4896 -2.8935 -1.4011
-0.4843 -2.8807 -1.5406
-0.6920 -2.8340 -1.2855
-0.7135 -2.7952 -1.4349
-0.6156 -2.8890 -1.2853
-0.6501 -2.8547 -1.2059
-0.6779 -2.8461 -1.0949
-0.7102 -2.7867 -1.1269
-0.5579 -2.9029 -1.3430
-0.7285 -2.7254 -1.6263
-0.7259 -2.7080 -1.1961
-0.7202 -2.5895 -1.5063
-0.7254 -2.6622 -2.1340
-0.7167 -2.1755 -1.2360
-0.7191 -2.1286 -1.6567
-0.7214 -1.6888 -1.6160
-0.7301 -2.1505 -2.1359
-0.7021 -2.6266 -0.6128
-0.7150 -2.4478 -0.5789
-0.6154 -2.8900 -1.0906
-0.6188 -2.8890 -0.9292
-0.6573 -2.8564 -0.9295
-0.6984 -2.7955 -0.9813
-0.7126 -2.6952 -1.0283
-0.5579 -2.9080 -0.9665
-0.6667 -2.7910 -0.8696
-0.7029 -2.6104 -0.9200
-0.5978 -2.8801 -1.1780
-0.5057 -2.9038 -1.2061
-0.5393 -2.9104 -1.1072
-0.2644 -2.9062 -1.1300
-0.4087 -2.9030 -1.0660
-0.2847 -2.8966 -1.4312
-0.7200 -2.4608 -0.9626
-0.7209 -2.1881 -0.7800
-0.6355 -2.8426 -0.7610
-0.6526 -2.7613 -0.7636
-0.7031 -2.5066 -0.6962
-0.6950 -2.5420 -0.8115
-0.7115 -2.3511 -0.7307
-0.7228 -2.3764 -0.4938
-0.7121 -1.6247 -0.9200
-0.7108 -1.6846 -1.3005
-0.7166 -1.3715 -1.0391
-0.7142 -1.2572 -2.0024
-0.7026 -0.9755 -0.7880
-0.6970 -0.5106 -1.6370
-0.7179 -2.2792 -0.2441
-0.7172 -2.0842 0.0059
-0.7135 -1.8498 -0.0418
-0.7127 -1.6968 -0.4245
-0.7197 -1.7744 -0.0378
-0.7116 -1.5409 -0.2182
-0.7164 -1.4374 -0.5113
-0.7084 -1.9975 0.4553
-0.7055 -1.5596 0.7259
-0.7130 -1.6376 0.3254
-0.7139 -1.4200 0.3720
-0.7092 -1.2464 -0.0624
-0.6990 -0.8479 0.7161
-0.7051 -1.2173 -0.4295
-0.6848 -0.1794 -0.4529
-0.6796 0.1755 -2.0213
-0.6659 0.5237 -1.6741
-0.6566 1.0375 -1.4506
-0.6685 0.5861 -0.8994
-0.6599 0.8474 -0.4631
-0.6503 1.2961 -1.9488
-0.6455 1.2868 -1.6621
-0.6416 1.5841 -1.7675
-0.6441 1.4871 -2.4136
-0.6416 1.3711 -2.0533
-0.6419 1.4687 -1.0262
-0.6265 1.6621 -1.2523
-0.6170 1.8028 -1.6226
-0.6151 1.9234 -1.8026
-0.6285 1.7419 -2.0870
-0.6109 2.0064 -2.1241
-0.6084 2.1272 -1.3456
-0.6110 2.3426 -1.7228
-0.6205 2.2071 -2.1860
-0.6023 2.3045 -1.4803
-0.5959 2.5165 -2.0052
-0.6128 2.4406 -2.1798
-0.6061 2.4808 -1.6082
-0.5573 2.6400 -2.1316
-0.5814 2.5773 -1.8573
-0.5688 2.6082 -1.6827
-0.5207 2.6615 -1.8891
-0.6952 -1.1330 3.0659
-0.6880 -0.8790 3.0134
-0.6965 -1.0349 2.6019
-0.6839 -0.5925 2.9778
-0.7052 -1.6607 0.9747
-0.7154 -1.8489 1.2226
-0.7063 -1.4332 1.6629
-0.7111 -1.4331 1.2994
-0.7109 -1.3759 0.7482
-0.7075 -1.3209 1.0177
-0.7030 -1.1522 1.2781
-0.7020 -1.0423 1.7507
-0.6870 -0.5691 2.0394
0.7075 -1.0624 0.4258
0.6996 -1.3232 -0.2459
-0.6809 -0.1925 1.7436
-0.6723 0.2410 0.2477
-0.6661 0.4727 1.3229
-0.6563 0.7982 0.9771
-0.6634 0.1826 2.8889
0.7267 -0.0440 2.2041
0.7257 0.1592 1.3900
-0.6673 0.2795 1.7282
-0.6724 0.1167 2.3435
-0.6546 0.6476 2.0463
-0.6515 0.6216 1.7077
-0.6529 0.9341 1.6542
-0.6577 0.2610 2.6672
-0.6617 0.4593 2.5850
-0.6532 0.8980 2.2912
0.7138 -0.3390 0.3026
0.7169 0.1997 0.9139
0.7287 0.6103 2.1063
0.7114 0.9507 0.5317
0.7121 1.4756 1.6229
-0.6517 0.6759 0.4345
-0.6469 1.0496 0.5043
-0.6472 0.9860 0.2015
-0.6331 1.1629 0.5827
-0.6551 0.7470 -0.1958
-0.6451 1.2664 -0.4311
-0.6322 1.3170 -0.1585
-0.6171 1.6494 -0.0617
-0.6242 1.5857 -0.3742
-0.6195 1.4634 0.2195
-0.6138 1.6012 0.4829
-0.6179 1.7579 0.3450
-0.6346 1.4206 0.8486
-0.6309 1.5360 1.0789
-0.6296 1.7375 -0.7831
-0.6198 2.1475 -0.8900
-0.6168 2.0042 -1.0306
-0.6139 2.0851 -0.3413
-0.6076 2.2032 -0.6483
-0.6144 1.7504 -1.0493
-0.6024 2.4396 -1.1789
-0.5986 2.4217 -0.7405
-0.5824 2.5323 -0.8737
-0.6102 2.1389 0.1431
-0.6049 2.4288 -0.3410
-0.5830 2.5449 -0.4243
-0.5613 2.5859 -0.8027
-0.5394 2.6150 -0.6990
-0.5632 2.5750 -0.5151
-0.5185 2.6147 -0.5131
-0.5029 2.6314 -0.8111
-0.4617 2.6351 -0.5412
-0.6001 2.3525 -0.0272
-0.5923 2.5199 -0.1810
-0.5709 2.5068 -0.0095
-0.5576 2.5897 -0.0001
-0.5443 2.6083 -0.1957
-0.5031 2.6350 -0.1324
-0.3788 2.6356 -0.4657
-0.4539 2.6450 -0.0450
-0.1568 2.6330 -0.2282
-0.5785 2.5586 -1.1281
-0.5303 2.6141 -1.0825
-0.3321 2.6374 -0.9331
-0.4577 2.6424 -1.1249
0.1286 2.6532 -1.2218
-0.1619 2.6455 -0.8592
-0.0493 2.6335 -0.5800
-0.6534 1.0180 1.2991
-0.6398 1.3860 1.5938
-0.5999 2.0142 0.8160
-0.6171 1.7254 1.1441
-0.6102 1.9019 1.3201
-0.6311 1.4057 2.0510
-0.6115 1.7172 2.0707
-0.6295 1.4509 2.4408
-0.6202 1.8723 1.7089
-0.6030 2.1564 1.8147
-0.5953 2.1325 1.3689
-0.5932 2.4068 1.4909
0.7028 1.8281 -0.2669
0.7145 1.8644 0.6304
0.7065 1.6499 1.0478
0.7099 1.9861 1.0068
0.7177 2.2961 1.1212
-0.6016 2.2784 0.5684
-0.5930 2.5227 0.5730
-0.5971 2.4596 0.2966
-0.5868 2.5834 0.4887
-0.5982 2.5647 0.3375
-0.5756 2.6047 0.3474
-0.5524 2.6331 0.4379
-0.5635 2.6265 0.7404
-0.5856 2.5974 0.9288
-0.5335 2.6490 0.5827
-0.5849 2.3736 1.0878
-0.5940 2.5159 0.9611
-0.5706 2.6455 1.0785
-0.5555 2.6577 0.9392
-0.3153 2.6651 0.6605
-0.4705 2.6733 0.7584
-0.1880 2.6879 1.0920
-0.5807 2.5825 1.4770
-0.5620 2.6586 1.4899
-0.5276 2.6916 1.2169
-0.5350 2.6978 1.6744
-0.4909 2.7154 1.5696
-0.4962 2.7033 1.1522
-0.3668 2.7161 1.3435
-0.4122 2.7235 1.5247
-0.5226 2.6764 0.9251
-0.1467 2.7061 1.3782
-0.6000 2.3351 0.1997
-0.5731 2.4576 0.0979
-0.5417 2.6149 0.1122
-0.5744 2.5698 0.1868
-0.5044 2.6523 0.1541
-0.5299 2.6386 0.2433
-0.2380 2.6474 0.2624
-0.0150 2.6368 -0.0970
-0.4961 2.6430 0.3385
-0.4901 2.6542 0.2436
0.0190 2.6484 0.3178
0.4749 2.6144 -0.3390
0.4971 2.6211 -0.5222
0.2385 2.6141 -0.3785
0.3271 2.6151 -0.1950
0.4702 2.6224 -0.7430
0.3796 2.6240 0.0235
0.5613 2.6219 -0.2345
0.5673 2.6318 -0.0622
-0.0950 2.6804 0.8223
0.2348 2.6419 0.4817
0.0621 2.6786 1.0599
0.0785 2.6722 0.8531
0.4053 2.6561 0.8385
0.7043 2.4280 0.0056
0.7101 2.4989 0.2668
0.7032 2.2426 0.2196
0.7183 2.5264 0.1129
0.7097 2.5768 0.2300
0.6947 2.6103 0.1501
0.6942 2.6095 0.3826
0.7082 2.5708 -0.0021
0.4568 2.6377 0.4900
0.6171 2.6429 0.4623
0.5180 2.6371 0.3506
0.6625 2.6226 0.5927
0.5992 2.6413 0.6310
0.6754 2.6254 0.7249
0.5159 2.6525 0.6434
0.5453 2.6615 0.8303
0.7118 2.4826 0.6278
0.6276 2.6443 0.2590
0.6542 2.6401 0.4374
0.6702 2.6476 0.2987
0.6913 2.5991 0.5630
0.6673 2.6381 0.1916
0.4731 2.6227 0.1875
0.5436 2.6308 0.0635
0.6183 2.6375 -0.0085
0.6723 2.6071 -0.0708
-0.6648 -0.0940 3.9741
-0.5876 0.7810 3.9488
-0.6500 -0.0478 4.6041
-0.6450 0.8608 3.3233
-0.6351 1.2994 2.9521
-0.6295 1.0875 3.4214
-0.6246 1.3927 3.5642
-0.6283 1.1778 4.0910
-0.6179 1.4878 3.7396
-0.6171 1.7231 3.2573
-0.6020 1.5176 3.8121
-0.5902 1.7877 3.5331
-0.6358 0.0409 5.2886
-0.5858 0.1093 5.7166
-0.6064 0.2164 5.5963
-0.6213 0.2259 5.4229
-0.5878 0.3224 5.4904
-0.5621 0.2556 5.6638
-0.5451 0.3777 5.5284
-0.5955 0.4034 5.2912
-0.4977 0.1493 5.7668
-0.5348 0.2010 5.7320
-0.3649 0.3337 5.7188
-0.4820 0.3473 5.6718
-0.4835 0.4094 5.6087
-0.4279 0.3681 5.6932
-0.6360 0.4253 4.8204
-0.6323 0.7951 4.5797
-0.6288 0.3620 5.1132
-0.6093 0.5280 5.0299
-0.6246 0.7263 4.7285
-0.5065 0.7630 4.9690
-0.5911 0.8914 4.6201
-0.5345 0.7766 4.8625
-0.4904 0.9435 4.7269
-0.1304 0.3069 5.7439
-0.3853 0.5183 5.6021
-0.4266 0.5798 5.4698
-0.3208 0.5217 5.6460
-0.2900 0.5970 5.5964
-0.2075 0.5145 5.6620
-0.5193 0.5998 5.2529
-0.4322 0.7522 5.2436
-0.4282 0.8452 5.1031
-0.3630 0.9331 5.0945
-0.2560 0.7759 5.4135
-0.3151 0.8100 5.3218
-0.1824 0.7450 5.4956
-0.1554 0.6631 5.5947
-0.1434 0.6000 5.6349
-0.2309 0.9639 5.2136
-0.2391 1.0815 5.0086
-0.0367 0.8587 5.4431
-0.0885 1.0547 5.2016
-0.1499 1.1012 5.0923
0.0516 1.0671 5.2448
-0.6095 0.9542 4.5113
-0.6136 1.0982 4.3299
-0.6005 1.2258 4.1723
-0.5562 1.2219 4.2948
-0.4646 1.4040 4.2231
-0.4778 1.1106 4.5659
-0.3683 1.4063 4.4242
-0.5955 1.2944 4.0603
-0.5811 1.5320 3.8704
-0.5344 1.3806 4.1202
-0.5225 1.5554 3.9704
-0.5326 1.7134 3.8142
-0.5544 1.8608 3.5637
-0.4410 1.7843 3.9174
-0.3828 1.5757 4.1981
-0.4094 1.7013 4.0308
-0.3725 1.9146 3.9391
-0.2818 1.6844 4.2892
-0.2240 1.8239 4.2390
-0.4052 1.0263 4.8301
-0.3652 1.1995 4.6763
-0.3499 1.0732 4.8713
-0.1836 1.2187 4.8588
-0.1052 1.3269 4.8255
-0.3027 1.3663 4.5832
-0.1130 1.4525 4.7069
-0.1954 1.5447 4.5526
0.0117 1.6866 4.6520
-0.0065 1.2228 5.0423
0.2083 1.2966 5.0971
0.0347 1.4399 4.8444
0.1288 1.4061 4.9361
0.0578 1.5850 4.7450
0.2750 1.4825 4.9366
0.2411 1.5629 4.8552
0.2840 1.6508 4.8242
0.1259 1.7002 4.7179
-0.0447 1.7136 4.5780
-0.1801 1.9327 4.1899
-0.0112 1.8686 4.4960
0.0126 2.0354 4.3671
-0.2264 2.0625 4.0207
0.1185 1.8563 4.6485
0.2810 1.7366 4.7824
0.2399 1.8026 4.7470
0.2056 1.9913 4.6520
0.1672 2.1670 4.4662
0.0797 2.2789 4.2867
0.7432 0.1248 3.6655
0.7285 0.6309 2.9262
0.7354 0.6736 3.5482
0.7281 1.1311 3.3516
0.7209 0.8059 2.7352
0.7232 0.9959 2.6389
0.7289 1.3677 2.6745
0.7172 1.4488 2.2763
0.7335 -0.3941 4.2034
0.7466 -0.3666 4.0613
0.7459 -0.2594 4.4111
0.7472 -0.1689 4.2247
0.7434 0.5715 4.5553
0.7429 0.8614 4.0328
0.7343 1.2324 4.6058
0.7265 1.1360 3.6232
0.7345 1.5148 3.8773
0.7313 1.5629 3.1467
0.7227 1.9886 2.8884
0.7217 2.0969 4.0621
-0.6170 1.6725 2.8968
-0.6034 1.7890 2.8015
-0.6021 1.9384 2.7665
-0.5915 2.0306 3.1880
-0.6087 1.8391 3.3509
-0.5846 2.0328 3.3104
-0.5885 2.3370 2.9722
-0.5661 2.2515 3.2134
-0.5198 2.3004 3.3702
-0.4997 2.0882 3.5564
-0.5979 2.1471 2.7582
-0.5845 2.3206 2.6987
-0.5735 2.5222 3.0029
-0.5361 2.5718 3.1610
-0.5693 2.7018 2.8945
-0.5442 2.7963 2.9477
-0.5585 2.7767 2.7821
-0.5088 2.8361 2.8830
-0.4929 2.8375 3.0144
-0.4770 1.9010 3.7238
-0.4206 2.0211 3.7705
-0.4723 2.5258 3.4027
-0.4063 2.3992 3.5997
-0.3246 2.1667 3.8271
-0.3448 2.3622 3.7011
-0.2815 2.5203 3.7278
-0.2103 2.3778 3.8901
-0.3894 2.6537 3.5179
-0.5088 2.7702 3.1580
-0.4903 2.8097 3.1309
-0.4658 2.8485 2.9195
-0.4233 2.8408 3.1695
-0.3188 2.8633 3.1615
-0.4408 2.7596 3.3566
-0.4395 2.8030 3.3010
-0.3857 2.8428 3.2918
-0.3713 2.7772 3.4639
-0.2519 2.6526 3.7051
-0.2410 2.7627 3.6431
-0.1830 2.8035 3.6514
-0.3232 2.8251 3.4217
-0.2009 2.8542 3.3743
-0.1234 2.8388 3.5899
-0.0424 2.2909 4.1274
-0.1230 2.4554 3.9676
0.0809 2.5601 4.1362
-0.1666 2.5468 3.8940
-0.0774 2.6532 3.9358
-0.0331 2.5221 4.0295
0.0363 2.6577 4.0376
-0.0581 2.7464 3.8939
0.1337 2.4883 4.2289
0.2659 2.3887 4.3786
0.2801 2.2537 4.4983
0.2274 2.4367 4.3177
0.2670 2.5771 4.3026
0.1663 2.6715 4.1670
0.1101 2.7151 4.0241
0.0638 2.7431 3.9579
0.1873 2.6254 4.2284
0.1669 2.7379 4.0728
-0.0352 2.8401 3.7744
0.0302 2.8137 3.8740
-0.0726 2.8070 3.8263
-0.0231 2.8567 3.6468
-0.6157 1.7591 2.4920
-0.6028 2.0331 2.4203
-0.6037 2.2663 2.0569
-0.5933 2.1909 2.3470
-0.5784 2.2317 2.5256
-0.5899 2.3766 2.4005
-0.5866 2.5120 2.1674
-0.5828 2.6155 2.5898
-0.5717 2.7016 2.5375
0.7060 2.2188 1.5083
0.7072 2.1074 2.1806
0.6972 2.3619 1.6767
0.6894 2.3559 2.0584
0.6624 2.4968 2.0893
0.6844 2.4653 1.8897
0.6709 2.6068 1.9254
0.6977 2.5348 1.4172
0.6791 2.5453 1.7246
0.6531 2.6308 1.7229
0.6542 2.6491 1.8758
0.6773 2.4075 2.2156
0.7039 2.3466 2.4632
0.6880 2.4549 2.3807
0.6566 2.5630 2.2335
0.6560 2.6026 2.1145
0.6293 2.6978 2.0090
0.6287 2.6711 2.1058
0.6050 2.7310 2.0496
0.6280 2.6469 2.2095
0.6586 2.6371 2.3253
-0.5890 2.5459 1.8727
-0.5806 2.6288 1.8429
-0.5690 2.6364 2.2142
-0.5606 2.6856 1.9939
-0.5233 2.7215 1.9084
-0.3823 2.7349 1.7980
-0.4948 2.7445 2.0161
-0.5497 2.6943 2.1500
-0.5265 2.7383 2.1152
-0.5437 2.7409 2.3742
-0.4256 2.7861 2.2211
-0.4784 2.7814 2.2416
-0.5207 2.7802 2.4548
-0.2911 2.7571 1.9316
-0.1248 2.7383 1.7401
-0.1870 2.7802 2.1298
0.1177 2.7293 1.7217
-0.4917 2.8108 2.5826
-0.2926 2.8108 2.3104
-0.4218 2.8256 2.6032
-0.3158 2.8510 2.7681
-0.3143 2.8749 3.0184
-0.1693 2.8179 2.4672
-0.1897 2.8553 2.8007
-0.0696 2.8501 2.8703
0.1803 2.8166 2.6010
-0.0168 2.7702 2.2208
0.2285 2.7745 2.3177
0.3715 2.7462 1.8508
0.2159 2.7614 2.0490
0.3849 2.7780 2.0853
0.4069 2.7809 2.3131
0.4504 2.7841 2.2017
0.4718 2.7878 2.0979
0.1970 2.7034 1.3504
0.4153 2.6750 1.1737
0.3903 2.6824 1.2865
0.5249 2.6577 1.1130
0.4247 2.7213 1.5991
0.4267 2.7008 1.4177
0.5626 2.6813 1.2645
0.5507 2.6940 1.4585
0.6355 2.6721 1.3065
0.6046 2.6563 1.1161
0.4998 2.7185 1.7416
0.6117 2.6749 1.5864
0.6431 2.6737 1.4334
0.6719 2.6526 1.3885
0.6624 2.6394 1.1608
0.6847 2.6153 1.2901
0.6730 2.6105 1.5349
0.6527 2.6511 1.5350
0.7140 2.4859 1.1623
0.6796 2.5986 1.1414
0.7075 2.5446 1.0408
0.6870 2.6041 0.8952
0.6223 2.6559 0.7902
0.6340 2.6486 0.9891
0.5955 2.6896 1.7842
0.4556 2.7563 1.9505
0.6114 2.6926 1.9060
0.5400 2.7447 1.9714
0.5581 2.7449 2.1043
0.4969 2.7709 2.1970
0.7133 2.3692 3.0321
-0.1656 2.8706 3.2564
-0.1919 2.8822 3.0996
-0.0375 2.8549 3.1109
0.1193 2.8335 2.7988
0.0473 2.8378 2.9382
0.2138 2.8487 3.0180
0.1686 2.8258 3.1438
-0.0866 2.8627 3.2502
0.0702 2.8287 3.1610
-0.0935 2.8426 3.4663
0.0183 2.8256 3.3411
0.0737 2.8432 3.5256
0.1147 2.8174 3.3203
0.2640 2.8454 3.1430
0.2474 2.8505 2.9557
0.2236 2.8318 3.4274
0.2916 2.8314 3.2755
0.3571 2.8770 3.0828
0.3968 2.8514 3.1721
0.7044 2.5594 2.6325
0.3725 2.8195 2.6588
0.3304 2.8569 2.9123
0.4674 2.8204 2.8732
0.4438 2.8093 2.7435
0.5018 2.8012 2.5423
0.5129 2.7698 2.3342
0.5712 2.7924 2.6601
0.7042 2.6803 2.9277
0.6922 2.6436 2.5787
0.7180 2.4784 3.2292
0.7029 2.6332 3.1264
0.6803 2.7361 2.8184
0.6598 2.7653 2.9670
0.6762 2.7343 3.0755
0.6359 2.7798 3.0794
0.3285 2.8740 3.0086
0.5207 2.8370 2.9837
0.4153 2.8703 3.0023
0.4656 2.8655 3.0776
0.5462 2.8170 3.1518
0.6323 2.7784 2.8707
0.5756 2.8212 3.0398
0.6420 2.7649 2.6835
0.6664 2.6992 2.5771
0.6987 2.4914 4.0784
0.7168 2.3679 3.9366
0.7096 2.4279 3.7230
0.6815 2.5111 3.8119
0.2407 2.8003 4.0913
0.2701 2.7482 4.2163
0.6289 2.5827 3.6140
0.5736 2.6296 3.8001
0.5591 2.6565 3.5963
0.4078 2.7606 3.7717
0.6264 2.5944 4.0178
0.5087 2.6975 3.9431
0.4356 2.7551 3.9854
0.7200 2.3406 3.4472
0.6985 2.5009 3.4213
0.6843 2.5015 3.6032
0.6541 2.5759 3.4718
0.6836 2.6606 3.2024
0.1200 2.8547 3.8464
0.1229 2.8662 3.6351
0.1337 2.8708 3.7386
0.2350 2.8550 3.6049
0.2176 2.8659 3.7651
0.3228 2.8322 3.4935
0.3755 2.8027 3.5503
0.3049 2.8344 3.3870
0.3947 2.8153 3.2861
0.4502 2.7722 3.3866
0.4814 2.7300 3.5512
0.5080 2.7350 3.4367
0.5332 2.7501 3.3462
0.1793 2.8185 3.9575
0.2325 2.8379 3.9601
0.2774 2.8361 3.8876
0.3087 2.8109 4.0963
0.4227 2.7719 4.1200
0.4991 2.7950 3.2508
0.6243 2.7407 3.2228
0.6248 2.6640 3.3540
0.1316 0.2285 5.7652
0.0428 0.3582 5.7191
-0.0506 0.5143 5.6747
0.1217 0.6713 5.6056
0.2690 0.4869 5.6722
0.2764 0.6223 5.6156
0.4848 0.2103 5.7201
0.3735 0.2845 5.7343
0.4528 0.3156 5.6949
0.5615 0.2636 5.6115
0.5255 0.2928 5.6628
0.4164 0.5003 5.6485
0.4994 0.4868 5.6329
0.6074 0.4390 5.4835
0.7234 0.4158 5.2774
0.5407 0.5817 5.5691
0.3526 0.7459 5.5803
0.4342 0.7343 5.5756
0.5996 0.7117 5.4428
0.7175 0.6225 5.2633
0.0229 0.7482 5.5659
0.1137 0.8736 5.4638
0.2188 0.8010 5.5433
0.1193 0.9834 5.3665
0.2527 0.9774 5.4195
0.4077 1.0539 5.3922
0.4407 0.8626 5.5277
0.6676 0.8749 5.2890
0.7413 0.8060 5.1326
0.7129 0.9164 5.1950
0.3367 1.1599 5.2782
0.4153 1.2905 5.1926
0.6878 1.1532 5.1348
0.6113 1.0443 5.2978
0.4998 0.7761 5.5417
0.5053 0.8718 5.5061
0.4833 1.0036 5.4307
0.5551 0.8921 5.4498
0.5450 1.0558 5.3706
0.5143 1.1325 5.3427
0.5487 1.2278 5.2452
0.5142 1.2549 5.2378
0.6290 1.2973 5.1187
0.3513 1.3669 5.1054
0.4776 1.3614 5.1364
0.5865 1.3740 5.0914
0.3908 1.4865 5.0001
0.4339 1.4573 5.0473
0.4699 1.4872 5.0101
0.5652 1.4683 5.0115
0.6820 1.4418 4.9914
0.6050 1.5476 4.9510
0.3999 1.5851 4.9237
0.4118 1.7347 4.8642
0.4716 1.5499 4.9678
0.4922 1.6403 4.9197
0.6024 1.6455 4.9222
0.5242 1.7777 4.8833
0.6056 1.8162 4.8757
0.3245 1.9203 4.7740
0.4193 1.8633 4.8400
0.3553 2.0608 4.7345
0.5007 1.9318 4.8609
0.5620 1.8753 4.8675
0.4429 1.9850 4.8307
0.3688 2.1713 4.6603
0.4498 2.1423 4.7761
0.5046 2.1835 4.7736
0.4913 2.2802 4.6619
0.4042 2.2737 4.5860
0.5412 2.4178 4.5406
0.5966 1.9704 4.8328
0.5466 2.0484 4.8436
0.5088 2.0732 4.8340
0.6137 2.0993 4.8001
0.5612 2.1766 4.7837
0.5578 2.2746 4.7091
0.7364 1.3401 4.7993
0.7316 1.2129 4.9870
0.7136 1.3294 5.0000
0.6768 1.5240 4.9427
0.7177 1.4930 4.9044
0.6847 1.6037 4.9138
0.7199 1.6437 4.8469
0.7273 1.8212 4.6986
0.6503 1.7274 4.8900
0.6698 1.7685 4.8604
0.7003 1.8885 4.7641
0.6656 1.8656 4.8145
0.7225 2.1133 4.4540
0.7213 1.9684 4.6884
0.7155 2.1661 4.5916
0.7090 2.3580 4.4547
0.7185 2.3375 4.3228
0.6727 2.0176 4.7700
0.6715 2.1403 4.7457
0.7032 2.1428 4.6870
0.6110 2.2147 4.7380
0.6540 2.2772 4.6569
0.6862 2.3141 4.5801
0.6088 2.3991 4.5839
0.5719 2.3829 4.5992
0.4231 2.4021 4.4836
0.3514 2.5115 4.3680
0.2953 2.6992 4.2834
0.4960 2.4903 4.4438
0.6955 2.4755 4.2794
0.6782 2.4642 4.4516
0.6615 2.5509 4.3060
0.4678 2.5858 4.3840
0.3624 2.6346 4.3385
0.5593 2.5578 4.4263
0.5325 2.6438 4.3530
0.6095 2.5486 4.4381
0.6553 2.4674 4.4917
0.6388 2.5727 4.3753
0.6037 2.5987 4.3813
0.5889 2.6499 4.2696
0.3703 2.7047 4.3106
0.5209 2.7120 4.1472
0.3216 2.7537 4.2421
0.3850 2.7640 4.2191
0.4411 2.7250 4.2829
0.4949 2.7209 4.2541
0.4463 2.6722 4.3383
0.6539 2.5784 4.1391
-0.5930 2.4871 -1.4768
-0.5882 2.5139 -1.3076
-0.5533 2.5985 -1.4581
-0.5475 2.6315 -1.6262
-0.5568 2.5894 -1.3188
-0.4978 2.6391 -1.4078
-0.5077 2.6599 -1.6855
-0.4522 2.6652 -1.6053
-0.4682 2.7053 -2.1920
-0.3326 2.6591 -1.5327
0.0183 2.6577 -1.4138
0.1802 -2.9106 -1.2267
0.0435 -2.8980 -0.9185
-0.1437 -2.8982 -1.2255
0.3380 -2.9029 -1.1758
0.2943 -2.8989 -0.8596
0.4350 -2.8984 -0.9389
0.4497 -2.8868 -1.1543
0.5281 -2.8784 -1.0878
0.5636 -2.8797 -1.3864
0.5938 -2.8552 -1.2238
0.3972 -2.8929 -0.3798
0.4500 -2.9029 -0.7169
0.5518 -2.8947 -0.8268
0.6200 -2.8643 -0.8619
0.5824 -2.8791 -0.5969
0.4878 -2.8980 -0.0625
0.6269 -2.8485 -0.3622
0.5991 -2.8796 -0.1422
0.5173 -2.8868 -0.4275
0.6316 -2.8510 -0.6159
0.6540 -2.8209 -0.5601
0.6741 -2.7632 -0.7409
0.6735 -2.7170 -0.3954
0.6817 -2.5980 -1.1575
0.6866 -2.4362 -0.4996
0.5938 -2.8631 -1.0073
0.6288 -2.8103 -1.1936
0.6437 -2.8269 -0.9472
0.6628 -2.7723 -1.0012
0.6694 -2.7196 -1.1502
0.6486 -2.8648 0.2662
0.5661 -2.8966 -0.0358
0.5789 -2.9078 0.1510
0.6291 -2.8873 0.1630
0.6370 -2.8536 -0.1292
0.6602 -2.8178 -0.1009
-0.6070 -2.8916 -5.3302
-0.6804 -2.8349 -5.3234
-0.6481 -2.8128 -5.4588
-0.6942 -2.7439 -5.4903
-0.7121 -2.8178 -5.1792
-0.5653 -2.8474 -5.5076
-0.5085 -2.9076 -5.4194
-0.4470 -2.8331 -5.6178
-0.5480 -2.7785 -5.6733
-0.4046 -2.8954 -5.5123
-0.3460 -2.9138 -5.4401
-0.2642 -2.8790 -5.5825
-0.0959 -2.8997 -5.5165
-0.3085 -2.8182 -5.6927
-0.7138 -2.7021 -5.4427
-0.6656 -2.6761 -5.8149
-0.6405 -2.6521 -5.9279
-0.6107 -2.7097 -5.8153
-0.5869 -2.6477 -5.9887
-0.4926 -2.7452 -5.8080
-0.4949 -2.6723 -5.9547
-0.6822 -2.5819 -5.9079
-0.6553 -2.5887 -6.0008
-0.6718 -2.4006 -6.0587
-0.6893 -2.4642 -5.9194
-0.7011 -2.2362 -5.8768
-0.6471 -2.4640 -6.1369
-0.6654 -2.3660 -6.2539
-0.6193 -2.4754 -6.2160
-0.5129 -2.4693 -6.3006
-0.5312 -2.5949 -6.1365
-0.5778 -2.5030 -6.2288
-0.6070 -2.5940 -6.0748
-0.3907 -2.5562 -6.2039
-0.2691 -2.5802 -6.1721
-0.2786 -2.6622 -5.9820
-0.6701 -2.7252 -5.6187
-0.6977 -2.6577 -5.6229
-0.6390 -2.7373 -5.6708
-0.6987 -2.6469 -5.7212
-0.7127 -2.5660 -5.7011
-0.7188 -2.5792 -5.4826
-0.2252 -2.7688 -5.7810
-0.7149 -2.3732 -5.6870
-0.2441 -2.4941 -6.2867
-0.3428 -2.3903 -6.3973
-0.0941 -2.4109 -6.3889
-0.1438 -2.4864 -6.3216
-0.0619 -2.5125 -6.3079
0.0173 -2.7956 -5.7233
-0.0321 -2.6120 -6.1049
0.1671 -2.7381 -5.7778
0.1700 -2.5883 -6.0888
0.3697 -2.6196 -5.9396
0.3646 -2.5418 -6.1593
0.2216 -2.5148 -6.2435
0.0558 -2.5105 -6.2944
0.0926 -2.4602 -6.3505
0.2902 -2.4269 -6.3777
0.2382 -2.3690 -6.4306
0.3362 -2.5046 -6.2600
0.5179 -2.4545 -6.3101
0.4234 -2.4456 -6.3586
0.5398 -2.4758 -6.1715
0.4778 -2.3931 -6.4137
0.4770 -2.3353 -6.4531
0.5638 -2.4160 -6.3642
0.5859 -2.3355 -6.4206
0.6221 -2.3797 -6.3669
-0.7000 -2.1578 -6.0559
-0.6854 -2.2795 -6.1932
-0.6389 -2.3193 -6.3862
-0.6809 -2.2299 -6.3473
-0.5965 -2.3841 -6.3730
-0.5704 -2.3279 -6.4381
-0.7094 -2.1192 -6.2928
-0.6072 -2.2194 -6.4569
-0.5368 -2.2443 -6.4828
-0.6547 -2.2003 -6.4204
-0.5721 -2.1649 -6.4794
-0.6944 -2.0922 -6.3714
-0.7162 -2.0056 -6.1937
-0.6378 -2.0915 -6.4305
-0.5662 -1.9693 -6.4224
-0.5162 -2.1130 -6.4882
-0.6752 -1.8950 -6.3662
-0.7075 -1.9477 -6.3194
-0.6429 -1.6968 -6.3433
-0.4418 -1.9749 -6.4591
-0.7071 -1.6042 -6.2277
-0.6926 -1.7308 -6.3100
-0.5557 -1.7729 -6.3768
-0.4644 -1.9058 -6.4263
-0.7150 -2.0172 -5.8613
-0.7069 -1.8276 -6.0221
-0.7110 -1.6715 -6.1405
-0.7019 -1.8090 -5.6361
-0.6990 -1.5407 -5.9037
-0.6952 -1.0267 -6.0511
-0.6911 -1.5067 -6.2601
-0.6290 -1.4249 -6.2990
-0.6666 -1.4124 -6.2779
-0.5004 -1.6733 -6.3740
-0.6871 -0.9803 -6.1151
-0.4035 -1.6512 -6.3709
-0.4486 -1.3611 -6.3026
-0.5794 -1.3970 -6.3090
-0.6744 -1.1724 -6.2032
-0.6460 -1.1217 -6.2192
-0.5863 -1.1076 -6.2359
-0.5235 -1.1657 -6.2667
-0.3707 -2.3262 -6.4541
-0.4655 -2.2607 -6.4923
-0.4710 -2.1977 -6.5035
-0.2706 -2.2642 -6.4796
-0.3476 -2.1653 -6.5009
-0.0832 -2.3349 -6.4423
-0.1081 -2.1293 -6.4822
-0.0865 -2.2179 -6.4736
0.0236 -2.3006 -6.4536
-0.4160 -2.0790 -6.4912
-0.2825 -2.0038 -6.4585
-0.2616 -1.8915 -6.4210
0.2362 -2.2988 -6.4433
0.1244 -2.2470 -6.4478
0.0079 -2.0448 -6.4500
0.2061 -2.1348 -6.4128
0.1612 -1.9447 -6.3784
0.2631 -1.9029 -6.3470
-0.1677 -1.7396 -6.3775
-0.0166 -1.8841 -6.4015
-0.0365 -1.6654 -6.3573
0.4337 -2.2806 -6.4676
0.4181 -2.2107 -6.4589
0.3080 -2.1043 -6.3925
0.4225 -2.0325 -6.4065
0.5541 -2.2241 -6.4545
0.5112 -2.1243 -6.4495
0.3515 -1.9620 -6.3637
0.6131 -2.2388 -6.4177
-0.1751 -1.5292 -6.3279
-0.7034 -2.8950 -3.9134
-0.6665 -2.9153 -3.8311
-0.6919 -2.8921 -3.7009
-0.6910 -2.8929 -4.0533
-0.6532 -2.9176 -4.0516
-0.6046 -2.9206 -4.3095
-0.7151 -2.8535 -3.6433
-0.6280 -2.9138 -3.6635
-0.5121 -2.9232 -3.8151
-0.5298 -2.9218 -4.2190
-0.3913 -2.9186 -4.1530
-0.2390 -2.9301 -4.0091
-0.0583 -2.9146 -4.1696
-0.2347 -2.9034 -4.3009
-0.1553 -2.9280 -3.7326
0.3550 -2.9086 -4.2596
-0.0808 -2.9084 -4.4496
0.1804 -2.9125 -4.5633
0.2828 -2.9043 -4.0826
0.4625 -2.9200 -4.4975
0.5166 -2.9155 -4.6050
0.5822 -2.9104 -4.2285
0.6151 -2.8802 -4.5095
-0.6982 -2.8806 -4.3959
-0.7179 -2.8471 -4.2360
-0.7387 -2.7618 -3.9701
-0.7295 -2.8030 -4.4676
-0.7282 -2.8472 -3.9945
-0.7254 -2.5829 -4.3030
-0.7307 -2.4867 -4.0039
-0.7362 -2.2179 -4.2031
-0.7305 -2.2511 -4.8720
-0.7330 -2.8030 -3.7436
-0.7287 -2.6991 -4.3134
-0.7291 -2.6775 -3.5698
-0.7250 -2.2516 -3.4266
-0.7313 -1.8884 -4.4475
-0.7266 -1.7717 -3.4108
-0.6103 -2.9069 -5.2331
-0.6073 -2.9058 -5.0805
-0.6546 -2.9012 -5.1179
-0.6847 -2.8740 -5.1127
-0.5352 -2.9232 -5.2714
-0.6519 -2.8956 -4.9393
-0.7210 -2.8184 -4.9510
-0.7091 -2.8530 -4.7995
-0.6803 -2.8900 -4.7794
-0.3808 -2.9138 -5.2042
-0.3162 -2.9084 -5.0408
-0.7276 -2.7422 -5.2144
-0.7269 -2.7152 -4.9134
-0.7240 -2.5700 -5.0248
-0.6686 -2.9050 -4.4463
-0.6281 -2.9186 -4.6565
-0.4875 -2.9268 -4.6026
-0.4999 -2.9173 -4.8465
-0.2307 -2.9198 -4.8585
-0.1655 -2.9210 -4.6759
-0.1167 -2.9085 -5.3674
0.0756 -2.8828 -5.5562
0.1222 -2.9165 -5.3811
0.1174 -2.9175 -5.2206
0.0715 -2.9099 -4.9559
-0.0397 -2.9106 -4.7148
0.2218 -2.9217 -5.0179
-0.7239 -2.2678 -5.2327
-0.7200 -1.6086 -4.5230
-0.7257 -1.8076 -4.8850
-0.4302 -2.9210 -4.5090
-0.4016 -2.9089 -4.4082
-0.2325 -2.9059 -4.4858
0.2582 -2.9073 -4.7967
0.3637 -2.9176 -4.9548
-0.6700 -2.9093 -2.7175
-0.6930 -2.8850 -2.9418
-0.6535 -2.9078 -2.8731
-0.7015 -2.8680 -2.6468
-0.7229 -2.8357 -2.9109
-0.7334 -2.7789 -3.0014
-0.7288 -2.8167 -2.7253
-0.7118 -2.8507 -3.4320
-0.6898 -2.8859 -3.5287
-0.6710 -2.8999 -3.4714
-0.7307 -2.7524 -3.4016
-0.7049 -2.8295 -3.3432
-0.7057 -2.8348 -3.1648
-0.6727 -2.8806 -3.3664
-0.5960 -2.9125 -3.4199
-0.6764 -2.8577 -3.2472
-0.6285 -2.8780 -3.2689
-0.5374 -2.8965 -3.2455
-0.7328 -2.6645 -3.1752
-0.5962 -2.9262 -3.5647
-0.4482 -2.9112 -3.4488
-0.2841 -2.9222 -3.4810
-0.3248 -2.9093 -3.3674
-0.6600 -2.8936 -3.0595
-0.6820 -2.8671 -3.1270
-0.6087 -2.8831 -3.1337
-0.4874 -2.8995 -2.9520
-0.4585 -2.8931 -3.2169
-0.6112 -2.9034 -2.9475
-0.3493 -2.9040 -2.9845
-0.1026 -2.9175 -3.2849
-0.1665 -2.9154 -3.0613
-0.7107 -2.8692 -2.1151
-0.6921 -2.8895 -2.3138
-0.6603 -2.9115 -2.2149
-0.7305 -2.8129 -2.0916
-0.5964 -2.9204 -2.1944
-0.6552 -2.9193 -2.0405
-0.6899 -2.9005 -2.0053
-0.5291 -2.9183 -1.9478
-0.6362 -2.9252 -2.4137
-0.5214 -2.9228 -2.4581
-0.2846 -2.9164 -2.2337
-0.5192 -2.9146 -2.0531
-0.1420 -2.9174 -2.6841
-0.0862 -2.9141 -2.4791
-0.4022 -2.9202 -2.6127
0.1131 -2.9029 -2.8485
0.1861 -2.9111 -2.5851
-0.5497 -2.9194 -2.6884
-0.6284 -2.9158 -2.5807
-0.6752 -2.8977 -2.5447
-0.7252 -2.4844 -2.3287
-0.7238 -2.7231 -2.4512
-0.7160 -2.8216 -2.4294
-0.7250 -2.3590 -2.6397
-0.7262 -2.3917 -3.2238
-0.7334 -2.7489 -2.1737
-0.1234 -2.9215 -2.8933
0.0072 -2.9150 -3.7121
0.1801 -2.9098 -3.9955
0.1936 -2.9032 -3.8178
0.2680 -2.9105 -3.8084
0.1520 -2.9065 -3.5607
0.0897 -2.9149 -3.2493
0.3987 -2.9192 -3.7304
0.2970 -2.9280 -3.6215
0.4487 -2.9316 -3.6822
0.4488 -2.9323 -3.5649
0.3393 -2.9153 -3.4422
0.2717 -2.8954 -4.0022
0.3554 -2.9032 -3.8516
0.4058 -2.8994 -4.0182
0.4676 -2.9086 -3.8937
0.6245 -2.8879 -4.2432
0.6668 -2.8440 -4.4531
0.5483 -2.9136 -4.0099
0.6338 -2.8849 -3.9084
0.6537 -2.8538 -4.2125
0.6692 -2.8385 -4.0393
0.6833 -2.7894 -4.3568
0.5264 -2.9200 -3.7650
0.5226 -2.9302 -3.6312
0.5830 -2.9087 -3.7023
0.5824 -2.8955 -3.4871
0.6548 -2.8379 -3.6396
0.6297 -2.8655 -3.5623
0.6098 -2.9018 -3.9095
0.6793 -2.7715 -3.6931
0.6914 -2.5773 -4.4044
0.2680 -2.9058 -2.9178
0.3837 -2.9176 -2.6632
0.3858 -2.9048 -2.9813
0.4829 -2.9023 -2.6288
0.5000 -2.8913 -2.8246
0.3476 -2.9026 -3.2770
0.4593 -2.9011 -3.4369
0.4869 -2.9043 -3.3427
0.5222 -2.8875 -3.1522
0.6129 -2.8793 -3.2874
0.5482 -2.9058 -3.4151
0.6030 -2.8663 -3.1300
0.6410 -2.8335 -3.1369
0.6442 -2.8571 -3.2861
0.5814 -2.8734 -2.9256
0.6308 -2.8378 -2.9146
0.6696 -2.7820 -3.1289
0.6396 -2.8209 -2.8016
0.6813 -2.6937 -2.9916
0.6880 -2.6167 -3.3061
0.6947 -2.1198 -3.2850
0.6837 -2.5464 -2.9044
0.6692 -2.8150 -3.4224
0.6940 -2.4130 -3.7628
0.6848 -2.2741 -3.5380
-0.7218 -2.5530 -3.4871
-0.7287 -2.0761 -3.0528
-0.7172 -1.2778 -3.4519
-0.7273 -1.8689 -2.3471
-0.7137 -1.3548 -2.6024
0.7043 -2.3244 -4.2964
0.7080 -1.9100 -4.3530
0.7016 -1.7925 -3.6804
0.7062 -1.0000 -3.1473
0.7046 -0.7842 -3.5090
0.7078 -1.3780 -4.1441
0.2931 -2.9063 -5.4323
0.3355 -2.8721 -5.4952
0.4205 -2.8185 -5.5319
0.3250 -2.7156 -5.7622
0.4295 -2.7216 -5.6837
0.3121 -2.9183 -5.3359
0.2881 -2.9333 -5.1871
0.4855 -2.9086 -5.2065
0.4872 -2.9170 -5.0116
0.4590 -2.8821 -5.3846
0.5662 -2.8875 -5.2365
0.5774 -2.8413 -5.3366
0.5392 -2.7396 -5.5330
0.5786 -2.6428 -5.6620
0.6414 -2.6936 -5.4640
0.6643 -2.5810 -5.6058
0.6805 -2.6840 -5.3755
0.6973 -2.5644 -5.4959
0.4629 -2.5588 -6.0081
0.5516 -2.5684 -5.8905
0.6425 -2.5409 -5.7958
0.6184 -2.4623 -6.0467
0.6727 -2.4673 -5.8772
0.6159 -2.4170 -6.3038
0.6447 -2.4097 -6.1910
0.6676 -2.3642 -6.3005
0.6960 -2.3285 -6.2151
0.6655 -2.3993 -6.0673
0.6905 -2.3535 -6.1273
0.6942 -2.3413 -5.9940
0.7106 -2.2585 -6.1251
0.7067 -2.1800 -6.1870
0.7168 -1.9108 -5.9315
0.6551 -2.3124 -6.3726
0.6837 -2.2733 -6.3283
0.6841 -2.1189 -6.2508
0.7003 -2.4410 -5.7705
0.7062 -2.4418 -5.5763
0.7088 -2.2073 -5.9516
0.7096 -2.1446 -5.7093
0.6021 -2.8925 -5.1099
0.4793 -2.9253 -4.8781
0.5529 -2.9162 -4.7507
0.6051 -2.8932 -4.8608
0.6550 -2.8594 -4.9717
0.6501 -2.8499 -5.1828
0.6583 -2.8002 -5.2678
0.6956 -2.7648 -5.1501
0.6856 -2.8170 -5.0559
0.6653 -2.8458 -4.8126
0.6953 -2.7145 -4.9082
0.6934 -2.7747 -4.9046
0.6940 -2.5031 -5.1890
0.6433 -2.8726 -4.6332
0.6821 -2.8099 -4.6380
0.7021 -2.1245 -5.0405
0.7119 -1.8097 -5.6766
0.7048 -1.8769 -5.5001
0.7067 -1.8472 -5.0564
0.7003 -1.8209 -5.3176
0.6970 -1.7666 -5.1216
0.6779 -1.7345 -5.1779
0.6600 -1.6819 -5.0944
0.6925 -1.6510 -4.9862
0.7069 -1.5932 -4.8856
0.7096 -1.5841 -4.7598
-0.7281 -2.1080 -5.4716
-0.7059 -1.8746 -5.4072
-0.7312 -1.9503 -5.1603
-0.6841 -1.7525 -5.4753
-0.7145 -1.8602 -5.2384
-0.6853 -1.8028 -5.2755
-0.6664 -1.7665 -5.3507
-0.6331 -1.7522 -5.2571
-0.5981 -1.7379 -5.3222
-0.6443 -1.7264 -5.4303
-0.7129 -1.7634 -5.0280
-0.6982 -1.7982 -5.1464
-0.6572 -1.7502 -5.1776
-0.6842 -1.7024 -5.0522
-0.6278 -1.7035 -5.1061
-0.5497 -1.7219 -5.1907
-0.5001 -1.7226 -5.2839
-0.6649 -1.6958 -5.5175
-0.6900 -1.6096 -5.6863
-0.6592 -1.6269 -5.6007
-0.6812 -1.4999 -5.6826
-0.6548 -1.5609 -5.6294
-0.4612 -1.7023 -5.3614
-0.4124 -1.7002 -5.2774
-0.3212 -1.6915 -5.3159
-0.3240 -1.6736 -5.3812
-0.6142 -1.6677 -5.5022
-0.5032 -1.6883 -5.4157
-0.5374 -1.6357 -5.5045
-0.6135 -1.5774 -5.5839
-0.5209 -1.5912 -5.5376
-0.6534 -1.4548 -5.6555
-0.5639 -1.4744 -5.6020
-0.4864 -1.5604 -5.5439
-0.4911 -1.4590 -5.5680
-0.3709 -1.6391 -5.4367
-0.3751 -1.5799 -5.4695
-0.2796 -1.6476 -5.3856
-0.2878 -1.6074 -5.3949
-0.3683 -1.4984 -5.4301
-0.4431 -1.4625 -5.5181
-0.4546 -1.3250 -5.4199
-0.6283 -1.0722 -5.4155
-0.6865 -1.0910 -5.5663
-0.6297 -1.1549 -5.5314
-0.6944 -0.9488 -5.7950
-0.6968 -1.0249 -5.5653
-0.6968 -0.9005 -5.2549
-0.6966 -1.4283 -5.7448
-0.7002 -1.2688 -5.7561
-0.6771 -1.2974 -5.6916
-0.3039 -1.2464 -6.2665
-0.4773 -1.0271 -6.2338
-0.4528 -0.9022 -6.1867
-0.3127 -1.0159 -6.2056
-0.6138 -1.3808 -5.6366
-0.5943 -1.3358 -5.6185
-0.6711 -1.2234 -5.6432
-0.5584 -1.2480 -5.5275
-0.5282 -1.1397 -5.4121
-0.7118 -1.6352 -4.9241
-0.7204 -1.4270 -4.6596
-0.7156 -1.4676 -4.8607
-0.6938 -1.5185 -4.9100
-0.6534 -1.6657 -5.0407
-0.6758 -1.6001 -4.9720
-0.5759 -1.6232 -5.0325
-0.5029 -1.6736 -5.1047
-0.4220 -1.6870 -5.1794
-0.4944 -1.6032 -5.0235
-0.5582 -1.5470 -4.9816
-0.4784 -1.5132 -4.9855
-0.3937 -1.6285 -5.0890
-0.4117 -1.5591 -5.0215
-0.7150 -1.2397 -4.8046
-0.6832 -1.4173 -4.9158
-0.6949 -1.2317 -4.9311
-0.6599 -1.3111 -4.9460
-0.6580 -1.4923 -4.9391
-0.5859 -1.4361 -4.9546
-0.4367 -1.4308 -4.9858
-0.3815 -1.4878 -5.0174
-0.5477 -1.3234 -4.9791
-0.7115 -1.0600 -4.4178
-0.6880 -0.9381 -4.6788
-0.7019 -1.0822 -4.8301
-0.4236 -1.3378 -5.0034
-0.3766 -1.3558 -5.0413
-0.6428 -1.2072 -4.9947
-0.4897 -1.2578 -5.0213
-0.4202 -1.2647 -5.0376
-0.3882 -1.2734 -5.0735
-0.4285 -1.2060 -5.0941
-0.5702 -1.1750 -5.0518
-0.3272 -1.6892 -5.2518
-0.3063 -1.6461 -5.1959
-0.2691 -1.6631 -5.2769
-0.2546 -1.6370 -5.3288
-0.3210 -1.5352 -5.2250
-0.3093 -1.5549 -5.3492
-0.3350 -1.5429 -5.1155
-0.3594 -1.5680 -5.0695
-0.3870 -1.3753 -5.3235
-0.3488 -1.4269 -5.1596
-0.3526 -1.4761 -5.0558
-0.3603 -1.3716 -5.0883
-0.3873 -1.2707 -5.2211
-0.3791 -1.2641 -5.1330
-0.6715 -1.0175 -5.3233
-0.6146 -1.0540 -5.2930
-0.5759 -1.0774 -5.3588
-0.6448 -1.0895 -5.1024
-0.4587 -1.1478 -5.1543
-0.5428 -1.1344 -5.1073
-0.5658 -1.0834 -5.1923
-0.4988 -1.1029 -5.2389
-0.6722 -1.0269 -5.1681
-0.6406 -1.0473 -5.2094
-0.6952 -0.9716 -5.2065
-0.6793 -1.1067 -5.0212
-0.6895 -1.0354 -5.0821
-0.6801 -1.0118 -5.3956
-0.6858 -0.5730 -5.3169
-0.7008 -1.0356 -4.9805
-0.6946 -0.8275 -4.9144
-0.6972 -0.6053 -4.9644
-0.4562 -1.1926 -5.3376
-0.4944 -1.1173 -5.3306
-0.4448 -1.1488 -5.2659
-0.4081 -1.1879 -5.1961
-0.6691 -0.8237 -6.1078
-0.6246 -0.7279 -6.1122
-0.6427 -0.8886 -6.1694
-0.5946 -0.9657 -6.2118
-0.5771 -0.8885 -6.1966
-0.5765 -0.7788 -6.1449
-0.4375 -0.7328 -6.1252
-0.6598 -0.5375 -6.0098
-0.6251 -0.5340 -6.0404
-0.6898 -0.5736 -5.8586
-0.2147 -0.8600 -6.1673
-0.3765 -0.6304 -6.0836
-0.5074 -0.5726 -6.0642
-0.6769 -0.4708 -5.9401
-0.5812 -0.3820 -5.9935
-0.6245 -0.2982 -5.9324
-0.6555 -0.2987 -5.8875
-0.4072 -0.4569 -6.0231
-0.2458 -0.6576 -6.1013
-0.1974 -0.5074 -6.0319
-0.5161 -0.1776 -5.9060
-0.6789 -0.4590 -5.5954
-0.6671 -0.0572 -5.5909
-0.6823 -0.4006 -5.1357
-0.6801 -0.1092 -5.2881
-0.6874 -0.2396 -4.8799
-0.6785 -0.3396 -5.7499
-0.6616 -0.1905 -5.8049
-0.6422 -0.1939 -5.8375
-0.6683 -0.0910 -5.7312
-0.5826 -0.1259 -5.8719
-0.3902 -0.2197 -5.9154
-0.3507 -0.4280 -5.9996
-0.1146 -0.3601 -5.9615
-0.0428 -0.1371 -5.8696
-0.3619 0.0499 -5.8040
-0.6617 0.2121 -5.2561
-0.6630 0.4856 -5.3501
-0.6560 0.1228 -5.6823
-0.6445 0.3001 -5.6285
-0.6537 0.3789 -5.5264
-0.6266 0.4166 -5.5561
-0.5981 0.5213 -5.4986
-0.5395 0.4823 -5.5710
-0.6268 -0.0612 -5.8209
-0.6606 -0.0164 -5.7656
-0.6017 0.0403 -5.8023
-0.6340 0.1513 -5.7230
-0.5495 0.1994 -5.7440
-0.5917 0.2037 -5.7294
-0.3812 0.1799 -5.7581
-0.4237 0.3016 -5.6971
-0.1074 0.1683 -5.7382
0.0449 -0.0022 -5.8143
-0.2612 0.3027 -5.6843
-0.0461 0.2780 -5.6706
-0.5981 0.3415 -5.6528
-0.5023 0.4211 -5.6321
-0.4170 0.4476 -5.6272
-0.7012 -0.7218 -3.7403
-0.7009 -0.5974 -4.0348
-0.7030 -0.6574 -2.9771
-0.6887 -0.0987 -4.1137
-0.6914 -0.6415 -4.4157
-0.6937 -0.4117 -4.5479
-0.6821 0.1312 -3.6992
-0.6917 -0.1619 -3.3563
-0.6768 0.1014 -3.3420
-0.6948 -0.9423 -4.5314
-0.6867 -0.6332 -4.6547
0.7088 -0.6732 -3.9758
0.7168 -1.1730 -4.3035
0.7161 -0.9615 -4.5241
0.7096 -0.4697 -4.2823
0.7229 -0.1950 -4.6620
0.7146 0.2119 -4.2889
-0.6812 -0.0300 -4.4558
-0.6694 0.1393 -4.1329
-0.6686 0.2482 -4.2621
-0.6640 0.4778 -4.4418
-0.6790 0.1923 -4.6177
-0.6593 0.3709 -3.8005
-0.6606 0.6232 -3.9744
-0.6502 0.6814 -3.7852
-0.6572 0.6743 -4.4736
-0.6577 0.9132 -4.4138
-0.6368 1.4501 -4.3095
-0.6527 1.2289 -4.7126
-0.6699 0.1473 -4.9406
-0.6496 0.4659 -4.8835
-0.6659 0.3749 -5.2783
-0.6528 0.6444 -5.3651
-0.6381 0.5332 -5.4507
-0.6090 0.6058 -5.4541
-0.4942 0.6163 -5.5027
-0.6316 0.7087 -5.3936
-0.5563 0.6334 -5.4667
-0.6527 0.7201 -4.9904
-0.6115 0.7606 -5.3966
-0.6668 0.4045 -4.7566
-0.6438 0.6343 -4.8184
-0.2176 0.4572 -5.6058
-0.0597 0.5328 -5.5501
-0.3911 0.5627 -5.5593
-0.2757 0.6334 -5.5119
-0.4727 0.7267 -5.4525
-0.3129 0.7599 -5.4329
-0.1277 0.8165 -5.4078
0.1966 0.3030 -5.6564
0.2226 0.7613 -5.4211
0.3731 0.3134 -5.6279
0.1027 0.9419 -5.3358
-0.6495 1.0730 -5.0184
0.2018 -1.6930 -6.3160
0.3293 -1.6956 -6.3034
0.0335 -1.5200 -6.3055
0.5566 -2.1022 -6.4332
0.4958 -1.9478 -6.3851
0.6091 -2.1177 -6.3893
0.5307 -1.9193 -6.3522
0.6123 -2.0169 -6.3253
0.6373 -1.8894 -6.1927
0.5358 -1.8160 -6.2762
0.4037 -1.8093 -6.3313
0.4748 -1.8064 -6.3212
0.4749 -1.6815 -6.2636
0.4101 -1.6477 -6.2795
0.3479 -1.4310 -6.2559
0.6963 -1.9710 -6.1290
0.7120 -1.8210 -5.9942
0.6472 -1.6969 -6.0818
0.7029 -1.5461 -5.9347
0.5189 -1.6281 -6.1983
0.4408 -1.4914 -6.2296
0.5405 -1.4240 -6.1372
0.6436 -1.5181 -6.0338
0.0196 -1.2830 -6.2573
0.1839 -1.3350 -6.2494
-0.0913 -1.1858 -6.2443
-0.1256 -1.0312 -6.2160
0.2841 -1.2377 -6.2280
0.3972 -1.2804 -6.2239
0.2992 -1.1356 -6.1941
0.1155 -1.1182 -6.2107
0.0464 -0.9469 -6.2075
0.0130 -0.8408 -6.1835
0.3410 -0.9410 -6.1382
0.4497 -1.0520 -6.1216
0.1841 -0.9326 -6.1818
0.2162 -0.7718 -6.1690
0.4286 -1.3582 -6.2207
0.5367 -1.2677 -6.1409
0.5045 -1.1972 -6.1483
0.6981 -1.6387 -5.5935
0.4955 -1.6029 -5.2923
0.5379 -1.6000 -5.3664
0.4934 -1.5110 -5.3609
0.5486 -1.6143 -5.0936
0.4541 -1.5919 -5.1274
0.4506 -1.5400 -5.0767
0.4661 -1.6094 -5.1966
0.5509 -1.6586 -5.2171
0.5444 -1.6428 -5.1505
0.6350 -1.6879 -5.1741
0.4352 -1.5548 -5.2053
0.4176 -1.5322 -5.1435
0.4255 -1.4600 -5.0792
0.4283 -1.3828 -5.1619
0.4302 -1.4741 -5.2212
0.6378 -1.6948 -5.3629
0.6327 -1.7034 -5.2850
0.6840 -1.7576 -5.3652
0.6944 -1.7587 -5.4712
0.6722 -1.6887 -5.4678
0.6136 -1.6233 -5.4253
0.5751 -1.5413 -5.4512
0.6585 -1.6095 -5.5175
0.6559 -1.4823 -5.5649
0.4920 -1.3338 -5.3364
0.5486 -1.4550 -5.4405
0.4441 -1.2794 -5.2265
0.5068 -1.2143 -5.3297
0.7009 -1.4882 -5.6594
0.6961 -1.3550 -5.6401
0.6203 -1.3732 -5.5247
0.7160 -1.2274 -5.7188
0.6993 -1.2170 -5.5872
0.7174 -1.1135 -5.6134
0.6117 -1.3003 -5.4772
0.5978 -1.2161 -5.4173
0.6778 -1.1704 -5.4964
0.6197 -1.1382 -5.3735
0.7155 -1.3871 -5.8317
0.6916 -1.2608 -5.9541
0.6387 -1.2445 -6.0407
0.3480 -0.7803 -6.1323
0.4771 -0.8203 -6.0704
0.6995 -1.0979 -5.4909
0.6199 -1.0304 -6.0466
0.6931 -0.9859 -5.9709
0.6506 -0.7784 -5.9883
0.5369 -0.5507 -6.0368
0.7275 -0.9189 -5.8643
0.7202 -0.9036 -5.9127
0.7277 -0.7945 -5.5499
0.6975 -0.7350 -5.9412
0.6322 -0.5006 -5.9801
0.7263 -0.5183 -5.8273
-0.1179 -0.7260 -6.1211
0.0361 -0.6423 -6.0926
0.2516 -0.5808 -6.0833
0.1292 -0.7831 -6.1789
0.3653 -0.5865 -6.1014
0.3832 -0.6569 -6.1128
0.2376 -0.3767 -5.9678
0.0723 -0.3548 -5.9650
0.4929 -0.4751 -6.0512
0.4564 -0.3742 -6.0144
0.3481 -0.2661 -5.9181
0.3859 -0.3598 -5.9845
0.2280 -0.1940 -5.8879
0.0820 -0.1801 -5.8987
0.2287 -0.0381 -5.8247
0.3789 -0.0846 -5.8331
0.5709 -0.3153 -5.9970
0.5190 -0.3098 -6.0048
0.4327 -0.1336 -5.8833
0.4766 -0.2371 -5.9627
0.5202 -0.1812 -5.9424
0.5560 -0.1693 -5.9282
0.6055 -0.1644 -5.8921
0.7009 -0.4151 -5.8973
0.6720 -0.3563 -5.9275
0.6242 -0.3236 -5.9704
0.5544 -1.5199 -5.0140
0.6187 -1.6203 -5.0632
0.6507 -1.6064 -5.0206
0.4646 -1.4313 -5.0298
0.4312 -1.3721 -5.0797
0.5446 -1.4374 -4.9831
0.4682 -1.3477 -5.0395
0.5418 -1.3707 -4.9860
0.6763 -1.5081 -4.9302
0.6216 -1.4602 -4.9557
0.7041 -1.4040 -4.8523
0.6531 -1.3857 -4.9193
0.6436 -1.3098 -4.9418
0.4493 -1.2434 -5.1619
0.4613 -1.2531 -5.1092
0.5480 -1.2689 -5.0245
0.4949 -1.1964 -5.1287
0.4758 -1.1865 -5.2336
0.5242 -1.1565 -5.2845
0.5267 -1.1481 -5.2081
0.5774 -1.1300 -5.1986
0.6558 -1.0739 -5.2924
0.6028 -1.1788 -5.0727
0.6779 -1.2431 -4.9371
0.6513 -1.1013 -5.1516
0.6730 -1.1661 -5.0051
0.6968 -1.0798 -5.0865
0.6870 -1.0449 -5.2404
0.7006 -1.3099 -4.8789
0.7135 -1.2230 -4.8711
0.7190 -1.0946 -4.9519
0.7160 -0.9369 -5.1409
0.7216 -0.7299 -4.9678
0.7101 -0.9847 -5.2480
0.6717 -1.0884 -5.3701
0.7064 -1.0302 -5.4005
0.7277 -0.1135 -5.4999
0.7215 -0.0505 -5.0664
0.7169 -0.0928 -5.6148
0.4864 0.0304 -5.7891
0.4267 0.1173 -5.7232
0.5463 0.0153 -5.7966
0.6108 0.0341 -5.7295
0.6430 -0.1512 -5.8403
0.6901 -0.1819 -5.7817
0.6720 0.0654 -5.6180
0.7173 -0.3239 -5.8032
0.5767 0.1749 -5.6599
0.7064 0.2664 -5.3967
0.6667 0.3701 -5.4360
0.5188 0.1657 -5.6982
0.5045 0.5166 -5.5175
0.4541 0.6491 -5.4630
0.5638 0.4431 -5.5142
0.5284 0.3126 -5.6032
0.6202 0.3138 -5.5259
0.6136 0.4905 -5.4577
0.3950 0.7656 -5.4012
0.7160 0.5691 -5.1631
0.7203 0.4920 -5.0178
0.7146 0.3587 -4.6864
0.7030 0.6095 -5.2233
0.5739 0.5905 -5.4563
0.6231 0.5992 -5.3990
0.6665 0.5496 -5.3614
0.6706 0.7735 -5.1933
0.5273 0.7263 -5.4133
0.5336 0.8591 -5.3243
0.6007 0.7783 -5.2935
0.4541 0.9541 -5.3072
0.3019 1.0813 -5.2510
0.4432 1.1271 -5.2195
0.7192 0.8458 -5.0187
0.7043 0.6982 -4.6739
0.7174 0.9445 -4.7447
0.6007 1.1023 -5.0231
0.6522 1.0856 -4.9907
0.5618 1.0758 -5.1090
0.5243 1.0651 -5.1936
0.7030 0.9093 -5.0550
0.7069 1.0633 -4.8974
0.6840 1.1237 -4.9177
-0.6786 -2.9011 -1.8875
-0.6158 -2.9120 -1.8393
-0.5990 -2.8913 -1.7478
-0.3840 -2.9077 -1.7806
-0.4731 -2.8828 -1.6955
-0.2950 -2.9191 -1.9752
-0.0407 -2.9160 -2.1075
-0.1044 -2.9135 -1.7527
-0.4013 -2.8827 -1.6311
-0.0019 -2.9132 -1.5046
0.1032 -2.9228 -1.6118
0.1148 -2.9058 -2.1919
0.4059 -2.9074 -2.4834
0.3304 -2.9048 -2.3091
0.3054 -2.9094 -2.0778
0.2846 -2.9122 -1.7842
0.3884 -2.9170 -2.0845
0.4344 -2.9143 -1.7174
0.4961 -2.9145 -1.8451
0.5662 -2.8923 -2.1441
0.5855 -2.8970 -1.8165
0.6171 -2.8745 -2.0973
0.4702 -2.8970 -2.2473
0.3082 -2.9231 -1.5219
0.5037 -2.9036 -1.4856
0.6412 -2.8540 -1.9978
0.6182 -2.8724 -1.6829
0.6600 -2.8133 -1.8397
0.6522 -2.8072 -1.5074
0.6739 -2.7250 -2.2135
0.6780 -2.6385 -2.0137
0.6709 -2.7407 -1.5540
0.6843 -2.2279 -1.4280
0.6889 -2.2444 -2.3472
0.6189 -2.8418 -1.3971
0.5610 -2.8790 -2.4359
0.5950 -2.8594 -2.6585
0.6072 -2.8614 -2.3285
0.6233 -2.8467 -2.5169
0.6419 -2.8314 -2.3123
0.6484 -2.7787 -2.6562
0.6605 -2.7829 -2.4322
0.6573 -2.7990 -2.1148
0.6706 -2.7145 -2.7722
0.6964 -1.5339 -2.6164
0.6941 -1.8808 -1.8286
0.6989 -1.3779 -1.7370
0.7028 -1.0399 -2.2359
0.6914 -2.2967 -1.1401
0.6926 -1.9032 -0.9848
0.6902 -2.0043 -0.5183
0.6911 -1.8370 -1.3691
0.7034 -1.6553 -1.2780
0.7028 -1.5649 -0.7871
0.6800 -2.2312 -0.2206
0.6956 -1.8176 -0.1608
0.6905 -1.6490 -0.1746
0.6970 -1.0870 -1.5532
0.7059 -0.3062 -0.6273
0.7092 -0.3578 -1.9229
-0.6787 0.3356 -3.1438
-0.6682 0.5615 -2.5505
-0.6597 0.8686 -2.2709
0.7098 0.1647 -3.8669
0.7053 0.1286 -2.1436
0.7064 0.3504 -3.1337
0.7131 0.4349 -3.4983
-0.6708 0.2894 -3.3682
-0.6707 0.4634 -3.5259
-0.6551 0.7886 -3.5186
-0.6576 1.0039 -3.0963
-0.6505 1.0259 -3.5358
-0.6521 1.2612 -3.6920
-0.6354 1.6273 -3.7862
-0.6610 0.9490 -2.7658
-0.6446 0.9344 -2.4283
-0.6481 1.2146 -2.3683
-0.6443 1.2421 -3.1661
-0.6448 1.5637 -2.8163
-0.6363 1.6836 -3.1974
0.7072 0.8124 -4.4403
0.7054 1.0409 -3.9670
0.7040 1.2972 -4.3365
0.7070 0.8443 -3.1212
0.7017 0.8357 -3.4974
0.6913 1.6189 -3.7190
0.6953 1.4411 -3.1329
0.7098 0.5007 -0.4866
0.7069 0.7838 -1.6661
0.7012 0.8066 -2.6251
-0.6300 1.9214 -2.4196
0.7054 1.2672 -2.6154
0.7065 1.1474 -1.2680
0.6939 1.4353 -2.2147
0.6919 1.6702 -2.6184
0.6866 2.0405 -2.9105
0.6935 1.7032 -1.8344
0.7204 1.0528 -4.8299
0.7113 1.2641 -4.7600
0.7227 1.3623 -4.5930
-0.6458 0.8377 -5.2733
-0.6363 0.8199 -5.3298
-0.5721 0.8070 -5.3839
-0.6081 0.8653 -5.3239
-0.4802 0.8881 -5.3471
-0.6405 1.0797 -5.1220
-0.6212 0.9647 -5.2426
-0.5734 0.9449 -5.2871
-0.6290 1.1442 -5.1368
-0.6065 1.0526 -5.2282
-0.5240 1.0513 -5.2579
-0.5859 1.2109 -5.1538
-0.6113 1.2749 -5.0981
-0.4145 1.1427 -5.2210
-0.5398 1.2234 -5.1561
-0.1058 1.0689 -5.2631
-0.6445 1.4076 -4.8987
-0.6314 1.4194 -4.9771
-0.6265 1.5405 -4.6537
-0.6243 1.5075 -4.9057
-0.6013 1.5460 -4.9363
-0.5728 1.5487 -4.9691
-0.5337 1.4156 -5.0627
-0.3876 1.4292 -5.0654
-0.4646 1.6939 -4.9274
-0.5037 1.7669 -4.8684
-0.6173 1.7524 -4.6125
-0.6164 1.7432 -4.7490
-0.1122 1.3843 -5.0998
-0.3481 1.6764 -4.9475
0.0693 1.5134 -5.0350
0.0799 1.2461 -5.1668
0.1222 1.3336 -5.1163
0.2398 1.2959 -5.1413
0.3229 1.2922 -5.1560
0.3562 1.3504 -5.1091
0.1272 1.6077 -4.9845
0.2426 1.5620 -4.9924
0.2754 1.5726 -4.9619
0.4191 1.3880 -5.0105
-0.5965 1.7297 -4.8192
-0.5649 1.8151 -4.7991
-0.5920 2.0064 -4.6144
-0.5379 1.9653 -4.6998
-0.4107 1.8543 -4.8412
-0.4490 2.0004 -4.7019
-0.3501 1.9988 -4.7192
-0.1741 1.8251 -4.8649
0.4713 1.1745 -5.1706
0.4977 1.2849 -5.0147
-0.6180 1.8371 -4.1455
-0.6038 2.1014 -4.3830
-0.5747 2.2260 -4.4360
-0.6048 2.0544 -4.5183
-0.5862 2.3212 -4.3658
-0.6173 2.0751 -3.9988
-0.5997 2.3655 -4.0158
-0.6124 2.1906 -3.7664
-0.6009 2.3542 -4.2798
-0.5575 2.3628 -4.3939
-0.5790 2.4349 -4.3348
-0.5542 2.5296 -4.3105
-0.5256 2.4282 -4.3808
-0.5850 2.5758 -4.2215
-0.4800 2.6178 -4.2853
-0.6192 1.9942 -3.3748
-0.6192 2.1649 -3.1415
-0.6239 2.1707 -3.5496
-0.5993 2.5607 -3.7402
-0.5896 2.6250 -4.0195
-0.5988 2.4947 -3.4108
-0.5786 2.7161 -3.8530
-0.5816 2.7260 -3.4303
-0.5559 2.8233 -3.5768
-0.5682 2.7963 -3.6800
0.5416 1.4582 -4.7907
0.6230 1.4194 -4.7562
0.3233 1.6117 -4.8550
0.0997 1.7279 -4.9190
0.1423 1.7764 -4.8620
0.3275 1.7097 -4.7397
0.6757 1.4935 -4.6238
0.6338 1.6082 -4.5668
0.6767 1.3829 -4.7318
0.4323 1.7449 -4.6192
0.7037 1.7044 -4.1676
0.5165 1.7631 -4.5403
0.6866 1.6552 -4.4536
0.7124 1.4878 -4.5449
0.4749 1.9564 -4.4478
0.3111 1.9963 -4.5477
-0.5849 2.1236 -4.5093
-0.5429 2.1428 -4.5410
-0.4582 2.1820 -4.5479
-0.3552 2.1544 -4.5946
-0.0617 1.8994 -4.7968
-0.1240 1.9897 -4.7142
-0.1404 2.1363 -4.6096
-0.2338 2.2798 -4.5069
-0.5251 2.2588 -4.4641
0.0900 2.1143 -4.5871
0.0643 2.3215 -4.4538
-0.4425 2.3798 -4.4235
-0.2752 2.4621 -4.3726
-0.4386 2.5503 -4.3301
-0.0377 2.3703 -4.4369
0.0280 1.8176 -4.8672
0.0884 1.9630 -4.7163
0.1667 1.9547 -4.6826
0.2489 2.1298 -4.5155
0.7056 1.7746 -4.2663
0.6474 1.8010 -4.4307
0.6990 1.9019 -4.2763
0.6231 2.0768 -4.2913
0.5900 1.9158 -4.4110
0.5688 2.1947 -4.2458
0.6763 1.8339 -4.3712
0.6839 1.9985 -4.2743
0.6497 2.1568 -4.2122
0.6666 2.2464 -4.1124
0.6879 2.1331 -4.1462
0.6945 2.1334 -4.0055
0.6811 2.3129 -3.9474
-0.3880 2.6234 -4.2754
-0.2226 2.5805 -4.2973
-0.0578 2.4761 -4.3552
-0.1474 2.7126 -4.2308
-0.0253 2.5929 -4.2787
-0.0643 2.7179 -4.2125
0.0526 2.4607 -4.3394
0.2108 2.3297 -4.3901
0.1932 2.2757 -4.4553
0.1623 2.3970 -4.3294
0.1901 2.4976 -4.2325
0.3425 2.3217 -4.2997
0.3336 2.3831 -4.2414
0.3664 2.5241 -4.1450
0.1657 2.6931 -4.1252
0.0224 2.7183 -4.1927
0.2470 2.7659 -4.0103
0.1190 2.7883 -4.1012
0.3466 2.6697 -4.0442
0.4071 2.1552 -4.3907
0.3590 2.2545 -4.3692
0.4970 2.3137 -4.2190
0.5766 2.4258 -4.0745
0.6514 2.4597 -3.9353
0.4743 2.5663 -4.0624
-0.5854 2.7090 -4.0492
-0.5748 2.7223 -4.0974
-0.5545 2.6591 -4.2014
-0.5036 2.6788 -4.2289
-0.4273 2.7226 -4.1892
-0.4931 2.7613 -4.1328
-0.5623 2.7802 -3.9780
-0.5330 2.8108 -4.0244
-0.5304 2.8446 -3.9283
-0.4640 2.8359 -4.0569
-0.4031 2.8183 -4.1003
-0.3318 2.7097 -4.2069
-0.3132 2.7788 -4.1638
-0.3251 2.8359 -4.1281
-0.5303 2.8498 -3.7456
-0.5283 2.8396 -3.5082
-0.4818 2.8807 -3.7049
-0.4607 2.8776 -3.9890
-0.4949 2.8783 -3.8990
-0.4170 2.9092 -3.9136
-0.3304 2.9097 -3.9983
-0.3532 2.8751 -4.0691
-0.3854 2.8998 -3.7482
-0.1999 2.9295 -3.9452
-0.1753 2.9165 -3.8304
-0.2209 2.7894 -4.1851
-0.2261 2.8702 -4.1356
-0.1258 2.8467 -4.1582
-0.1090 2.8882 -4.1187
-0.1409 2.9057 -4.0801
0.0116 2.8265 -4.1436
-0.2116 2.9231 -4.0326
-0.0626 2.9333 -4.0024
-0.0051 2.8990 -4.0753
0.0525 2.8696 -4.0867
0.1426 2.8590 -4.0132
0.1119 2.9105 -3.9360
-0.6177 2.2485 -2.6718
-0.6100 2.2650 -2.9583
-0.6047 2.5366 -3.0191
-0.5778 2.7181 -3.0471
-0.5670 2.7698 -3.3844
-0.5561 2.7736 -3.2218
-0.6035 2.5845 -2.7931
-0.5798 2.6428 -2.5485
-0.4998 2.7734 -2.9593
-0.5321 2.7827 -3.1220
-0.5474 2.7390 -2.8988
-0.5498 2.6966 -2.5085
-0.5119 2.7310 -2.6180
-0.4374 2.8217 -3.2326
-0.4072 2.7479 -2.6629
-0.2647 2.7822 -2.9982
-0.5317 2.8008 -3.3478
-0.4624 2.8692 -3.5354
-0.4857 2.8303 -3.3376
-0.3412 2.8607 -3.4785
-0.2386 2.8269 -3.3062
-0.0475 2.8682 -3.5887
-0.0350 2.8100 -3.1786
0.1131 2.8165 -3.2691
-0.5190 2.6865 -2.1899
-0.3989 2.6991 -2.1108
-0.2205 2.7251 -2.4647
-0.0522 2.6872 -2.0849
-0.0339 2.7311 -2.6135
0.2324 2.7219 -2.5109
0.2895 2.7642 -2.9116
0.2947 2.8142 -3.2498
0.4896 2.7221 -2.6196
0.5195 2.7544 -2.7908
0.6800 2.0877 -3.5766
0.6753 2.4236 -3.0312
0.6829 2.3450 -3.6785
0.6746 2.5284 -3.4179
0.6796 2.2364 -3.8081
0.6690 2.4077 -3.8456
0.2642 2.8666 -3.5484
0.1234 2.9077 -3.8020
0.4663 2.7202 -3.9480
0.2344 2.8414 -3.9286
0.3505 2.7652 -3.9393
0.3318 2.8463 -3.8738
0.4419 2.8516 -3.7903
0.5323 2.7722 -3.8235
0.4698 2.7586 -3.8856
0.2573 2.8800 -3.8641
0.2873 2.9008 -3.7755
0.3936 2.8903 -3.7770
0.6523 2.6483 -3.5719
0.6448 2.6309 -3.7641
0.6338 2.7452 -3.6472
0.6561 2.6974 -3.4106
0.6156 2.8067 -3.5428
0.6555 2.7741 -3.3608
0.3372 2.8848 -3.6028
0.3078 2.9008 -3.6695
0.4364 2.8251 -3.2699
0.4732 2.8612 -3.5061
0.5971 2.7168 -3.7962
0.5305 2.8610 -3.7081
0.6083 2.7880 -3.6800
0.4364 2.9136 -3.6943
0.4081 2.9017 -3.6077
0.4687 2.9032 -3.6222
0.5232 2.8853 -3.6183
0.5000 2.8288 -3.2978
0.5550 2.8444 -3.4172
0.5881 2.8424 -3.4785
0.5615 2.8619 -3.6375
0.6266 2.4642 -3.9881
0.5517 2.6289 -3.9501
0.6709 2.5199 -3.7613
0.6704 2.6212 -2.8444
0.6645 2.7196 -3.1890
0.6758 2.5125 -2.7233
0.6785 2.2320 -2.3150
0.6597 2.6985 -2.9733
0.6619 2.6648 -2.7098
0.6467 2.7293 -2.9361
0.6398 2.7163 -2.7701
0.6665 2.6008 -2.5505
0.6065 2.7333 -2.7422
0.5905 2.7110 -2.5825
0.6505 2.6601 -2.5694
0.6290 2.7658 -3.0498
0.6264 2.7931 -3.1337
0.5675 2.7975 -3.0501
0.5591 2.8220 -3.1769
0.5692 2.8416 -3.2475
0.5983 2.8158 -3.1539
0.6389 2.8062 -3.3445
0.5813 2.8478 -3.3096
0.6200 2.8393 -3.2738
0.6528 2.7687 -3.1598
0.6574 2.8073 -3.2440
0.6349 2.8239 -3.1938
0.6054 2.7605 -2.9069
0.7004 1.3532 -0.8078
0.6776 2.4894 -2.2023
0.6798 2.3373 -1.7102
0.6859 2.3623 -1.1641
0.2859 2.6403 -1.0939
0.5402 2.6410 -1.2823
0.4777 2.6552 -1.4798
0.4623 2.6343 -1.0894
0.5751 2.6449 -1.4044
0.5800 2.6494 -1.2740
0.6880 2.5131 -0.8988
0.6934 2.4444 -0.7951
0.5665 2.6522 -1.1263
0.5721 2.6364 -1.0062
0.6110 2.6552 -1.2138
0.6417 2.6251 -1.3123
0.6792 2.5739 -1.1969
0.6404 2.6310 -1.1929
0.6619 2.6116 -1.0913
0.6038 2.6663 -1.1392
0.6378 2.6570 -1.1192
0.5699 2.6342 -0.9288
0.5641 2.6331 -0.8034
0.6283 2.6401 -0.8924
0.6380 2.6193 -0.9913
0.6919 2.5264 -1.1488
0.6804 2.5843 -0.9005
0.6671 2.6089 -0.9268
0.6151 2.6500 -1.0601
0.6892 2.4788 -1.4767
0.6766 2.5659 -1.6808
0.6941 2.5559 -1.4596
0.6697 2.5989 -1.3708
0.6293 2.6382 -1.4844
0.6662 2.6124 -1.5960
0.6838 2.3410 -0.6273
0.6913 2.2729 -0.3275
0.7008 2.4970 -0.1470
0.6743 2.4283 -0.3879
0.6700 2.4885 -0.5561
0.5901 2.6300 -0.5541
0.6392 2.5997 -0.5524
0.6523 2.6143 -0.6716
0.6884 2.5667 -0.7663
0.6827 2.5175 -0.6525
0.6721 2.5810 -0.6203
0.6725 2.5227 -0.5051
0.5444 2.6399 -0.6522
0.5940 2.6355 -0.7089
0.6097 2.6489 -0.8179
0.6732 2.6097 -0.7608
0.6353 2.6302 -0.7800
0.6529 2.6393 -0.8249
0.6675 2.5341 -0.3871
0.6113 2.6121 -0.3848
0.6475 2.5748 -0.4457
0.6438 2.6009 -0.3089
0.6795 2.5687 -0.2728
0.6410 2.6167 -0.1394
-0.1627 2.6625 -1.7514
0.0733 2.6734 -1.8203
0.3142 2.6674 -1.5968
0.2574 2.6505 -1.4249
0.3071 2.6892 -1.9589
0.3760 2.6752 -1.8032
0.4744 2.6708 -1.6302
0.6763 2.5632 -2.2470
0.6652 2.6231 -2.3333
0.6625 2.6144 -2.0191
0.3469 2.6943 -2.2667
0.5239 2.7001 -2.3728
0.6271 2.6861 -2.4967
0.5885 2.6987 -2.2883
0.5352 2.7019 -2.1981
0.6282 2.6731 -2.0974
0.6271 2.6711 -2.2706
0.5968 2.6934 -2.0820
0.6399 2.6733 -2.3487
0.4909 2.6795 -1.7816
0.4369 2.6873 -1.9453
0.5172 2.7022 -1.8887
0.5368 2.7027 -1.9994
0.5849 2.6986 -1.8529
0.6349 2.6596 -1.8634
0.5722 2.6921 -1.7310
0.5710 2.6663 -1.5544
0.5422 2.6683 -1.4955
0.5794 2.6750 -1.6202
0.5343 2.6863 -1.6551
0.6270 2.6543 -1.6505
-0.6519 -2.8387 1.9974
-0.6682 -2.8682 2.3358
-0.6019 -2.8575 1.6659
-0.6643 -2.8352 2.2012
-0.5023 -2.8757 1.7781
-0.6632 -2.8379 1.8211
-0.5966 -2.8711 1.9090
-0.5951 -2.8770 2.1872
-0.6510 -2.8187 4.3887
-0.5882 -2.8432 4.3826
-0.6482 -2.8293 4.1065
-0.6801 -2.7853 4.1602
-0.6503 -2.8024 4.2654
0.5969 2.7491 2.5141
0.6343 2.6878 2.3612
0.5603 2.7284 2.2558
0.5896 2.6953 2.1819
