6.278521 18.118193 -0.576491
6.069673 18.429611 -0.636128
5.780667 18.278395 -0.769382
6.128492 17.892710 -0.697253
5.531104 18.078224 -0.928712
6.027700 17.596081 -0.841645
5.432841 18.664080 -0.697253
5.034507 18.560368 -0.841645
5.860826 18.741028 -0.576491
5.791211 18.844833 -0.397581
5.316899 18.792643 -0.480864
4.868975 18.721083 -0.580445
5.316899 18.792643 -0.216390
4.868975 18.721083 -0.261201
5.791211 18.844833 -0.178912
6.527021 18.201389 -0.502993
6.437568 18.482916 -0.555027
6.348114 18.764444 -0.502993
6.822771 18.412313 -0.513758
6.837297 18.667870 -0.465593
6.808243 18.156757 -0.465593
6.842139 18.753056 -0.321099
6.318296 18.858286 -0.346892
6.318296 18.858286 -0.156102
6.842139 18.753054 -0.144496
7.056434 17.998749 -0.453126
7.163702 18.191797 -0.500001
7.270969 18.384846 -0.453126
7.419575 17.872358 -0.505981
7.597632 17.982784 -0.458545
7.241518 17.761932 -0.458545
7.656984 18.019592 -0.316239
7.306725 18.449196 -0.312501
7.306725 18.449196 -0.140626
7.656984 18.019592 -0.142308
7.333420 17.480867 -0.474801
7.549604 17.504984 -0.523919
7.765788 17.529099 -0.474801
7.569942 17.121363 -0.554466
7.800633 17.051704 -0.502485
7.339251 17.191023 -0.502485
7.877531 17.028484 -0.346542
7.837849 17.537138 -0.327450
7.837849 17.537138 -0.147353
7.877531 17.028484 -0.155945
7.266117 16.927868 -0.542186
7.496740 16.753189 -0.598274
7.727364 16.578506 -0.542186
7.376769 16.392735 -0.648713
7.600039 16.107412 -0.587896
7.153501 16.678057 -0.587896
7.674461 16.012304 -0.405446
7.804239 16.520281 -0.373922
7.804239 16.520281 -0.168266
7.674461 16.012304 -0.182451
6.244434 17.764147 -0.480864
6.348136 18.014387 -0.397581
6.244434 17.764147 -0.216390
6.348136 18.014387 -0.178912
6.193233 17.435368 -0.580445
6.193233 17.435368 -0.261201
6.556840 18.107548 -0.346892
6.803401 18.071571 -0.321099
6.556839 18.107548 -0.156102
6.803401 18.071571 -0.144495
7.020678 17.934399 -0.312501
7.182165 17.725122 -0.316239
7.020678 17.934399 -0.140626
7.182165 17.725122 -0.142308
7.262352 17.214243 -0.155945
7.262353 17.214245 -0.346542
7.261359 17.472828 -0.327450
7.261359 17.472828 -0.147353
7.079078 16.773165 -0.182451
7.079078 16.773165 -0.405446
7.189242 16.986095 -0.373922
7.189242 16.986095 -0.168266
6.244434 17.764147 -0.000001
6.348136 18.014387 -0.000001
6.193233 17.435368 -0.000001
6.556840 18.107548 -0.000001
6.803401 18.071571 -0.000001
7.020678 17.934399 -0.000001
7.182165 17.725122 -0.000001
7.261359 17.472828 -0.000001
7.262353 17.214245 -0.000001
7.189242 16.986095 -0.000001
7.079078 16.773165 -0.000001
5.791211 18.844833 -0.000001
5.316899 18.792643 -0.000001
4.868975 18.721083 -0.000001
6.842139 18.753056 -0.000001
6.318296 18.858286 -0.000001
7.656984 18.019592 -0.000001
7.306725 18.449196 -0.000001
7.877531 17.028484 -0.000001
7.837849 17.537138 -0.000001
7.674461 16.012304 -0.000001
7.804239 16.520281 -0.000001
6.278521 18.118193 0.576490
6.128492 17.892710 0.697251
5.780667 18.278395 0.769380
6.069673 18.429611 0.636126
6.027700 17.596081 0.841643
5.531104 18.078224 0.928710
5.034507 18.560368 0.841643
5.432841 18.664080 0.697251
5.860826 18.741028 0.576490
5.316899 18.792643 0.480862
5.791211 18.844833 0.397579
4.868975 18.721083 0.580443
4.868975 18.721083 0.261199
5.316899 18.792643 0.216388
5.791211 18.844833 0.178910
6.437568 18.482916 0.555025
6.527021 18.201389 0.502991
6.348114 18.764444 0.502991
6.837297 18.667870 0.465591
6.822771 18.412313 0.513756
6.808243 18.156757 0.465591
6.318296 18.858286 0.346890
6.842139 18.753056 0.321097
6.318296 18.858286 0.156100
6.842139 18.753054 0.144494
7.163702 18.191797 0.500000
7.056434 17.998749 0.453125
7.270969 18.384846 0.453125
7.597632 17.982784 0.458543
7.419575 17.872358 0.505979
7.241518 17.761932 0.458543
7.306725 18.449196 0.312500
7.656984 18.019592 0.316237
7.306725 18.449196 0.140625
7.656984 18.019592 0.142306
7.549604 17.504984 0.523917
7.333420 17.480867 0.474800
7.765788 17.529099 0.474800
7.800633 17.051704 0.502483
7.569942 17.121363 0.554464
7.339251 17.191023 0.502483
7.837849 17.537138 0.327448
7.877531 17.028484 0.346540
7.837849 17.537138 0.147351
7.877531 17.028484 0.155943
7.496740 16.753189 0.598272
7.266117 16.927868 0.542184
7.727364 16.578506 0.542184
7.600039 16.107412 0.587894
7.376769 16.392735 0.648711
7.153501 16.678057 0.587894
7.804239 16.520281 0.373920
7.674461 16.012304 0.405444
7.804239 16.520281 0.168264
7.674461 16.012304 0.182450
6.348136 18.014387 0.397579
6.244434 17.764147 0.480862
6.348136 18.014387 0.178910
6.244434 17.764147 0.216388
6.193233 17.435368 0.261199
6.193233 17.435368 0.580443
6.803401 18.071571 0.321097
6.556840 18.107548 0.346890
6.803401 18.071571 0.144494
6.556839 18.107548 0.156100
7.182165 17.725122 0.316237
7.020678 17.934399 0.312500
7.182165 17.725122 0.142306
7.020678 17.934399 0.140625
7.262352 17.214243 0.155943
7.261359 17.472828 0.147351
7.261359 17.472828 0.327448
7.262353 17.214245 0.346540
7.079078 16.773165 0.182450
7.189242 16.986095 0.168264
7.189242 16.986095 0.373920
7.079078 16.773165 0.405444
-4.756721 18.964211 -0.000001
-4.594268 18.964211 -1.220064
-4.118724 18.964211 -2.358418
-3.362495 18.964211 -3.336051
-2.377118 18.964211 -4.086336
-1.229743 18.964211 -4.558144
0.001435 18.964211 -4.719322
1.232516 18.964211 -4.558887
2.379604 18.964211 -4.087771
3.364526 18.964211 -3.338080
4.120162 18.964211 -2.360904
4.595014 18.964211 -1.222837
4.756722 18.964211 -0.000001
-7.266737 9.681305 -7.266737
-8.899900 9.681305 -5.138354
-9.926538 9.681305 -2.659806
-10.276713 9.681305 -0.000001
10.276717 9.681305 -0.000001
9.926538 9.681305 -2.659808
8.899902 9.681305 -5.138356
7.266737 9.681305 -7.266738
5.138354 9.681305 -8.899892
2.659807 9.681305 -9.926539
0.000000 9.681305 -10.276711
-2.659810 9.681305 -9.926538
-5.138359 9.681305 -8.899892
8.731608 14.704445 -0.000001
8.434546 14.704445 -2.249520
7.562697 14.704445 -4.343943
6.175453 14.704445 -6.142340
4.367356 14.704445 -7.522135
2.261640 14.704445 -8.389313
0.001796 14.704445 -8.684774
-2.258172 14.704445 -8.388382
-4.364248 14.704445 -7.520339
-6.172912 14.704445 -6.139796
-7.560899 14.704445 -4.340831
-8.433615 14.704445 -2.246048
-8.731605 14.704445 -0.000001
0.000000 4.441127 -8.569182
-2.217869 4.441127 -8.277194
-4.284594 4.441127 -7.421131
-6.059334 4.441127 -6.059334
-7.421138 4.441127 -4.284591
-8.277193 4.441127 -2.217866
-8.569183 4.441127 -0.000001
8.569188 4.441127 -0.000001
8.277195 4.441127 -2.217868
7.421139 4.441127 -4.284592
6.059334 4.441127 -6.059334
4.284591 4.441127 -7.421131
2.217867 4.441127 -8.277195
9.847740 12.304598 -0.000001
9.512178 12.304598 -2.548781
8.528399 12.304598 -4.923868
6.963407 12.304598 -6.963406
4.923865 12.304598 -8.528389
2.548781 12.304598 -9.512180
0.000000 12.304598 -9.847734
-2.548783 12.304598 -9.512180
-4.923871 12.304598 -8.528389
-6.963407 12.304598 -6.963404
-8.528396 12.304598 -4.923867
-9.512180 12.304598 -2.548779
-9.847736 12.304598 -0.000001
-2.537879 7.033648 -9.471488
-4.902807 7.033648 -8.491906
-6.933618 7.033648 -6.933617
-8.491912 7.033648 -4.902803
-9.471488 7.033648 -2.537876
-9.805610 7.033648 -0.000001
9.805614 7.033648 -0.000001
9.471487 7.033648 -2.537878
8.491915 7.033648 -4.902804
6.933619 7.033648 -6.933618
4.902802 7.033648 -8.491905
2.537877 7.033648 -9.471488
0.000000 7.033648 -9.805607
6.773939 2.186213 -0.000001
6.543119 2.186213 -1.753224
5.866406 2.186213 -3.386969
4.789899 2.186213 -4.789899
3.386968 2.186213 -5.866402
1.753223 2.186213 -6.543118
0.000000 2.186213 -6.773936
-1.753224 2.186213 -6.543118
-3.386970 2.186213 -5.866402
-4.789898 2.186213 -4.789898
-5.866405 2.186213 -3.386968
-6.543118 2.186213 -1.753223
-6.773937 2.186213 -0.000001
-4.599166 19.622284 -0.000001
-4.442454 19.622284 -1.190352
-3.982996 19.622284 -2.299584
-3.252102 19.622284 -3.252104
-2.299583 19.622284 -3.982997
-1.190351 19.622284 -4.442455
0.000000 19.622284 -4.599168
1.190352 19.622284 -4.442456
2.299584 19.622284 -3.982997
3.252103 19.622284 -3.252104
3.982997 19.622284 -2.299584
4.442456 19.622284 -1.190352
4.599168 19.622284 -0.000001
-4.195855 20.863754 -0.000001
-4.052886 20.863754 -1.085968
-3.633718 20.863754 -2.097929
-2.966918 20.863754 -2.966919
-2.097927 20.863754 -3.633719
-1.085967 20.863754 -4.052887
0.000000 20.863754 -4.195857
1.085968 20.863754 -4.052887
2.097929 20.863754 -3.633719
2.966919 20.863754 -2.966920
3.633720 20.863754 -2.097929
4.052887 20.863754 -1.085969
4.195857 20.863754 -0.000001
-6.552408 2.413009 -0.000001
-6.329137 2.413009 -1.695887
-5.674554 2.413009 -3.276204
-4.633255 2.413009 -4.633253
-3.276205 2.413009 -5.674551
-1.695888 2.413009 -6.329138
0.000000 2.413009 -6.552406
1.695888 2.413009 -6.329138
3.276204 2.413009 -5.674551
4.633254 2.413009 -4.633255
5.674556 2.413009 -3.276205
6.329138 2.413009 -1.695888
6.552409 2.413009 -0.000001
0.000001 0.293979 -0.000001
-7.043302 9.683085 -7.043299
-8.626245 9.683085 -4.980361
-6.741029 12.232546 -6.741025
-8.256039 12.232546 -4.766622
-9.621319 9.683085 -2.578023
-9.208405 12.232546 -2.467383
-9.960725 9.683085 -0.000001
-9.533247 12.232546 -0.000001
9.960729 9.683085 -0.000001
9.533252 12.232546 -0.000001
9.621316 9.683085 -2.578024
9.208405 12.232548 -2.467385
8.626249 9.683085 -4.980363
8.256042 12.232548 -4.766623
7.043302 9.683085 -7.043301
6.741029 12.232548 -6.741028
4.980361 9.683085 -8.626238
4.766622 12.232548 -8.256032
2.578024 9.683085 -9.621319
2.467385 12.232546 -9.208406
0.000000 9.683085 -9.960723
0.000000 12.232546 -9.533244
-2.467387 12.232546 -9.208406
-2.578027 9.683085 -9.621318
-4.980365 9.683085 -8.626239
-4.766626 12.232548 -8.256033
8.293597 14.747436 -0.000001
6.467222 16.921503 -0.000001
8.010994 14.747437 -2.146539
6.246854 16.921503 -1.673839
7.182470 14.747436 -4.146797
5.600781 16.921503 -3.233611
5.864463 14.747436 -5.864462
4.573020 16.921503 -4.573019
4.146796 14.747437 -7.182463
3.233610 16.921503 -5.600777
2.146539 14.747437 -8.010994
1.673839 16.921503 -6.246854
0.000000 14.747436 -8.293591
0.000000 16.921503 -6.467218
-1.673840 16.921503 -6.246854
-2.146542 14.747436 -8.010994
-4.146800 14.747437 -7.182463
-3.233611 16.921503 -5.600777
-5.864463 14.747436 -5.864459
-4.573018 16.921503 -4.573016
-7.182468 14.747436 -4.146796
-5.600780 16.921503 -3.233610
-8.010993 14.747436 -2.146538
-6.246853 16.921503 -1.673839
-8.293593 14.747436 -0.000001
-6.467220 16.921503 -0.000001
0.000000 4.610115 -8.299069
0.000000 7.130295 -9.503601
-2.459715 7.130295 -9.179773
-2.147959 4.610115 -8.016284
-4.149538 4.610115 -7.187206
-4.751804 7.130295 -8.230360
-5.868336 4.610115 -5.868335
-6.720067 7.130295 -6.720066
-7.187213 4.610115 -4.149535
-8.230366 7.130295 -4.751799
-8.016284 4.610115 -2.147956
-9.179771 7.130295 -2.459712
-8.299072 4.610115 -0.000001
-9.503604 7.130295 -0.000001
8.299076 4.610115 -0.000001
9.503608 7.130295 -0.000001
8.016285 4.610115 -2.147957
9.179771 7.130295 -2.459713
7.187214 4.610115 -4.149537
8.230370 7.130295 -4.751802
5.868336 4.610115 -5.868335
6.720068 7.130295 -6.720067
4.149534 4.610115 -7.187206
4.751800 7.130295 -8.230360
2.147957 4.610115 -8.016286
2.459712 7.130295 -9.179772
-1.148976 18.820440 -4.288037
-2.219651 18.820442 -3.844550
-3.139061 18.820442 -3.139062
-3.844549 18.820442 -2.219652
-4.288037 18.820442 -1.148976
-4.439301 18.820442 -0.000001
4.439303 18.820442 -0.000001
4.288038 18.820442 -1.148976
3.844551 18.820442 -2.219652
3.139062 18.820442 -3.139062
2.219652 18.820442 -3.844549
1.148975 18.820442 -4.288036
0.000000 18.820442 -4.439303
-3.962775 20.782814 -0.000001
-3.827747 20.782814 -1.025642
-3.431864 20.782814 -1.981389
-2.802105 20.782814 -2.802107
-1.981387 20.782814 -3.431866
-1.025641 20.782814 -3.827749
0.000000 20.782814 -3.962776
1.025642 20.782814 -3.827749
1.981388 20.782814 -3.431865
2.802106 20.782814 -2.802107
3.431866 20.782814 -1.981389
3.827749 20.782814 -1.025642
3.962775 20.782814 -0.000001
-4.340932 19.490238 -1.163149
-4.494063 19.490238 -0.000001
4.494065 19.490238 -0.000001
4.340934 19.490238 -1.163150
3.891975 19.490238 -2.247033
3.177784 19.490238 -3.177785
2.247033 19.490238 -3.891975
1.163149 19.490238 -4.340934
0.000000 19.490238 -4.494065
-1.163149 19.490238 -4.340933
-2.247031 19.490238 -3.891975
-3.177783 19.490238 -3.177784
-3.891973 19.490238 -2.247033
-3.986743 20.286926 -0.000001
-3.850899 20.286926 -1.031846
-3.452621 20.286926 -1.993373
-2.819053 20.286926 -2.819055
-1.993371 20.286926 -3.452623
-1.031845 20.286926 -3.850900
0.000000 20.286926 -3.986745
1.031845 20.286926 -3.850900
1.993372 20.286926 -3.452623
2.819054 20.286926 -2.819055
3.452623 20.286926 -1.993373
3.850901 20.286926 -1.031846
3.986744 20.286926 -0.000001
-3.066923 20.542286 -3.066924
-3.756198 20.542286 -2.168643
-4.189495 20.542286 -1.122572
-4.337283 20.542286 -0.000001
4.337285 20.542286 -0.000001
4.189497 20.542286 -1.122573
3.756200 20.542286 -2.168643
3.066924 20.542286 -3.066925
2.168643 20.542286 -3.756199
1.122572 20.542286 -4.189496
0.000000 20.542286 -4.337285
-1.122571 20.542286 -4.189496
-2.168641 20.542286 -3.756200
0.000000 19.873081 -4.545144
-1.176369 19.873081 -4.390272
-2.272571 19.873081 -3.936211
-3.213901 19.873081 -3.213903
-3.936209 19.873081 -2.272572
-4.390271 19.873081 -1.176370
-4.545142 19.873081 -0.000001
4.545144 19.873081 -0.000001
4.390273 19.873081 -1.176370
3.936211 19.873081 -2.272573
3.213902 19.873081 -3.213903
2.272572 19.873081 -3.936211
1.176370 19.873081 -4.390272
-2.328280 0.289384 -4.032699
-3.292684 0.289384 -3.292684
-4.032700 0.289384 -2.328280
-4.497890 0.289384 -1.205207
-4.656559 0.289384 -0.000001
4.656561 0.289384 -0.000001
4.497892 0.289384 -1.205207
4.032701 0.289384 -2.328281
3.292684 0.289384 -3.292685
2.328280 0.289384 -4.032700
1.205207 0.289384 -4.497891
0.000000 0.289384 -4.656561
-1.205206 0.289384 -4.497891
0.000001 -0.027148 -0.000001
-3.786359 -0.027127 -0.000001
-3.657342 -0.027127 -0.979983
-3.279083 -0.027127 -1.893180
-2.677359 -0.027127 -2.677359
-1.893179 -0.027127 -3.279084
-0.979982 -0.027127 -3.657343
0.000000 -0.027127 -3.786361
0.979982 -0.027127 -3.657343
1.893181 -0.027127 -3.279085
2.677359 -0.027127 -2.677359
3.279085 -0.027127 -1.893181
3.657344 -0.027127 -0.979983
3.786361 -0.027127 -0.000001
-2.998561 18.036327 -4.969173
-4.245993 18.036327 -4.054204
-5.204068 18.036327 -2.862945
-5.807490 18.036327 -1.476582
-6.015144 18.036327 0.010406
6.015147 18.036327 -0.010406
5.812878 18.036327 -1.496686
5.214475 18.036327 -2.880969
4.260711 18.036327 -4.068921
3.016584 18.036327 -4.979578
1.566885 18.036327 -5.550888
0.010406 18.036327 -5.743913
-1.546783 18.036327 -5.545502
-1.923432 16.573944 -6.911694
-3.727999 16.573944 -6.193584
-5.278512 16.573944 -5.053391
-6.469301 16.573944 -3.568814
-7.219212 16.573944 -1.841031
-7.477152 16.573944 0.012215
7.477154 16.573944 -0.012214
7.225533 16.573944 -1.864628
6.481517 16.573944 -3.589971
5.295785 16.573944 -5.070666
3.749152 16.573944 -6.205798
1.947026 16.573944 -6.918016
0.012214 16.573944 -7.158784
-6.278521 18.118193 -0.576491
-6.027700 17.596081 -0.841645
-5.034507 18.560368 -0.841645
-5.860826 18.741028 -0.576491
-4.868975 18.721083 -0.261201
-5.791211 18.844833 -0.178912
-6.837297 18.667870 -0.465593
-6.808243 18.156757 -0.465593
-6.842139 18.753054 -0.144496
-7.597632 17.982784 -0.458545
-7.241518 17.761932 -0.458545
-7.656984 18.019592 -0.142308
-7.800633 17.051704 -0.502485
-7.339251 17.191023 -0.502485
-7.877531 17.028484 -0.155945
-7.600039 16.107412 -0.587896
-7.153501 16.678057 -0.587896
-7.674461 16.012304 -0.182451
-6.348136 18.014387 -0.178912
-6.193233 17.435368 -0.261201
-6.803401 18.071571 -0.144495
-7.182165 17.725122 -0.142308
-7.262352 17.214243 -0.155945
-7.079078 16.773165 -0.182451
-4.522539 0.580773 -0.000001
-3.669672 0.277204 -0.000001
-4.368436 0.580773 -1.170520
-3.544630 0.277204 -0.949782
-3.916634 0.580773 -2.261270
-3.178030 0.277204 -1.834837
-3.197917 0.580773 -3.197917
-2.594849 0.277204 -2.594849
-2.261270 0.580773 -3.916633
-1.834836 0.277204 -3.178030
-1.170519 0.580773 -4.368436
-0.949781 0.277204 -3.544631
0.000000 0.580773 -4.522541
0.000000 0.277204 -3.669674
1.170519 0.580773 -4.368437
0.949782 0.277204 -3.544631
2.261270 0.580773 -3.916634
1.834837 0.277204 -3.178030
3.197917 0.580773 -3.197918
2.594849 0.277204 -2.594850
3.916636 0.580773 -2.261271
3.178031 0.277204 -1.834837
4.368438 0.580773 -1.170520
3.544632 0.277204 -0.949782
4.522541 0.580773 -0.000001
3.669674 0.277203 -0.000001
-2.662538 0.280866 -0.000001
-2.571814 0.280866 -0.689116
-2.305825 0.280866 -1.331269
-1.882698 0.280866 -1.882699
-1.331269 0.280866 -2.305826
-0.689115 0.280866 -2.571815
0.000000 0.280866 -2.662539
0.689116 0.280866 -2.571815
1.331270 0.280866 -2.305826
1.882699 0.280866 -1.882699
2.305827 0.280866 -1.331270
2.571815 0.280866 -0.689117
2.662539 0.280866 -0.000001
-8.535916 10.956553 -4.928210
-7.902090 9.683085 -6.063483
-7.562960 12.232546 -5.803259
-6.969548 10.956553 -6.969546
-9.520569 10.956553 -2.551028
-9.202170 9.683085 -3.811661
-8.807246 12.232546 -3.648078
-9.856423 10.956553 -0.000001
-9.875144 9.683085 -1.300086
-9.451338 12.232546 -1.244291
9.856427 10.956553 -0.000001
9.520567 10.956554 -2.551029
9.875144 9.683085 -1.300087
9.451338 12.232548 -1.244291
8.535919 10.956554 -4.928212
9.202171 9.683085 -3.811663
8.807246 12.232548 -3.648080
6.969548 10.956554 -6.969547
7.902091 9.683085 -6.063485
7.562962 12.232548 -5.803262
4.928210 10.956554 -8.535910
6.063483 9.683085 -7.902084
5.803260 12.232548 -7.562956
2.551028 10.956553 -9.520571
3.811662 9.683085 -9.202168
3.648080 12.232548 -8.807244
0.000000 10.956553 -9.856421
1.300087 9.683085 -9.875143
1.244292 12.232546 -9.451338
-1.300088 9.683085 -9.875143
-2.551031 10.956553 -9.520570
-1.244293 12.232546 -9.451337
-4.928214 10.956553 -8.535910
-3.811666 9.683085 -9.202166
-3.648083 12.232548 -8.807243
-6.063486 9.683085 -7.902083
-5.803263 12.232548 -7.562954
7.448554 15.875664 -0.000001
7.194746 15.875664 -1.927826
8.222338 14.747436 -1.082490
6.411656 16.921503 -0.844110
6.450641 15.875664 -3.724276
7.661999 14.747437 -3.173702
5.974714 16.921503 -2.474807
5.266926 15.875664 -5.266925
6.579516 14.747436 -5.048637
5.130607 16.921503 -3.936851
3.724275 15.875664 -6.450635
5.048637 14.747437 -6.579512
3.936851 16.921503 -5.130604
1.927827 15.875664 -7.194746
3.173703 14.747436 -7.661997
2.474806 16.921503 -5.974711
0.000000 15.875664 -7.448549
1.082491 14.747436 -8.222335
0.844110 16.921503 -6.411654
-1.082492 14.747436 -8.222335
-1.927828 15.875664 -7.194746
-0.844111 16.921503 -6.411654
-3.724277 15.875664 -6.450634
-3.173706 14.747436 -7.661996
-2.474807 16.921503 -5.974711
-5.266926 15.875664 -5.266922
-5.048638 14.747436 -6.579509
-3.936851 16.921503 -5.130602
-6.450639 15.875664 -3.724274
-6.579515 14.747436 -5.048635
-5.130605 16.921503 -3.936850
-7.194746 15.875664 -1.927825
-7.662000 14.747436 -3.173702
-5.974713 16.921503 -2.474806
-7.448551 15.875664 -0.000001
-8.222336 14.747436 -1.082490
-6.411655 16.921503 -0.844110
-1.083208 4.610114 -8.227765
0.000000 5.845444 -8.979158
-2.323979 5.845444 -8.673201
-1.240424 7.130295 -9.421947
-4.489583 5.845444 -7.776181
-3.175801 4.610114 -7.667057
-3.636738 7.130295 -8.779858
-6.349232 5.845444 -6.349230
-5.051971 4.610114 -6.583856
-5.785217 7.130295 -7.539439
-7.776188 5.845444 -4.489580
-6.583860 4.610114 -5.051971
-7.539443 7.130295 -5.785215
-8.673201 5.845444 -2.323976
-7.667060 4.610114 -3.175798
-8.779860 7.130295 -3.636735
-8.979161 5.845444 -0.000001
-8.227768 4.610114 -1.083205
-9.421948 7.130295 -1.240422
8.979166 5.845444 -0.000001
8.673201 5.845444 -2.323977
8.227768 4.610114 -1.083206
9.421949 7.130295 -1.240423
7.776190 5.845444 -4.489582
7.667061 4.610114 -3.175800
8.779861 7.130295 -3.636737
6.349232 5.845444 -6.349232
6.583862 4.610114 -5.051972
7.539445 7.130295 -5.785217
4.489579 5.845444 -7.776181
5.051970 4.610114 -6.583856
5.785216 7.130295 -7.539439
2.323977 5.845444 -8.673201
3.175798 4.610114 -7.667057
3.636735 7.130295 -8.779858
1.083206 4.610114 -8.227766
1.240422 7.130295 -9.421947
-2.675776 17.907154 -4.634581
-1.698784 18.820440 -4.101230
-1.385084 17.907154 -5.169202
-3.784120 17.907154 -3.784120
-2.702376 18.820440 -3.521806
-4.634581 17.907154 -2.675776
-3.521806 18.820440 -2.702377
-5.169202 17.907154 -1.385083
-4.101229 18.820440 -1.698785
-5.351552 17.907154 -0.000001
-4.401161 18.820440 -0.579424
5.351553 17.907154 -0.000001
5.169202 17.907154 -1.385084
4.401162 18.820440 -0.579425
4.634583 17.907154 -2.675777
4.101231 18.820440 -1.698786
3.784121 17.907154 -3.784121
3.521807 18.820440 -2.702378
2.675776 17.907154 -4.634581
2.702377 18.820440 -3.521807
1.385083 17.907154 -5.169202
1.698785 18.820440 -4.101230
0.000000 17.907154 -5.351552
0.579424 18.820440 -4.401162
-0.579423 18.820440 -4.401162
9.000402 13.514620 -0.000001
8.693713 13.514620 -2.329473
7.794581 13.514620 -4.500199
6.364249 13.514620 -6.364248
4.500198 13.514620 -7.794572
2.329473 13.514620 -8.693714
0.000000 13.514620 -9.000396
-2.329476 13.514620 -8.693714
-4.500202 13.514620 -7.794572
-6.364249 13.514620 -6.364245
-7.794579 13.514620 -4.500198
-8.693713 13.514620 -2.329473
-9.000398 13.514620 -0.000001
-4.918479 8.408587 -8.519051
-2.545992 8.408587 -9.501765
-6.955782 8.408587 -6.955781
-8.519058 8.408587 -4.918476
-9.501765 8.408587 -2.545989
-9.836954 8.408587 -0.000001
9.836959 8.408587 -0.000001
9.501762 8.408587 -2.545990
8.519060 8.408587 -4.918478
6.955783 8.408587 -6.955782
4.918476 8.408587 -8.519052
2.545990 8.408587 -9.501766
0.000000 8.408587 -9.836952
7.498778 3.480385 -0.000001
7.243258 3.480385 -1.940826
6.496112 2.413008 -0.855228
6.494136 3.480385 -3.749388
6.053413 2.413008 -2.507406
5.302439 3.480385 -5.302439
5.198186 2.413008 -3.988708
3.749387 3.480385 -6.494130
3.988708 2.413008 -5.198183
1.940825 3.480385 -7.243258
2.507405 2.413008 -6.053410
0.000000 3.480385 -7.498774
0.855229 2.413008 -6.496109
-1.940827 3.480385 -7.243258
-0.855231 2.413008 -6.496109
-3.749389 3.480385 -6.494130
-2.507406 2.413008 -6.053410
-5.302439 3.480385 -5.302438
-3.988706 2.413008 -5.198183
-6.494135 3.480385 -3.749387
-5.198186 2.413008 -3.988707
-7.243258 3.480385 -1.940825
-6.053412 2.413008 -2.507404
-7.498776 3.480385 -0.000001
-6.496109 2.413008 -0.855229
-4.068226 19.649185 -0.000001
-3.929606 19.649185 -1.052935
-3.952490 20.286926 -0.520356
-3.523188 19.649185 -2.034115
-3.683136 20.286926 -1.525605
-2.876671 19.649185 -2.876673
-3.162780 20.286926 -2.426887
-2.034113 19.649185 -3.523190
-2.426886 20.286926 -3.162781
-1.052934 19.649185 -3.929607
-1.525604 20.286926 -3.683136
0.000001 19.649185 -4.068228
-0.520355 20.286926 -3.952492
1.052935 19.649185 -3.929607
0.520356 20.286926 -3.952492
2.034114 19.649185 -3.523190
1.525605 20.286926 -3.683136
2.876672 19.649185 -2.876673
2.426887 20.286926 -3.162781
3.523190 19.649185 -2.034115
3.162781 20.286926 -2.426888
3.929608 19.649185 -1.052936
3.683137 20.286926 -1.525605
4.068228 19.649185 -0.000001
3.952492 20.286926 -0.520356
-4.317875 -0.000000 -0.000001
-4.170747 0.000000 -1.117549
-4.616551 0.289383 -0.607781
-3.739390 0.000000 -2.158938
-4.301942 0.289383 -1.781923
-3.053197 0.000000 -3.053197
-3.694161 0.289383 -2.834629
-2.158937 0.000000 -3.739389
-2.834629 0.289383 -3.694160
-1.117548 0.000000 -4.170747
-1.781922 0.289383 -4.301941
0.000001 0.000000 -4.317877
-0.607780 0.289383 -4.616553
1.117549 0.000000 -4.170748
0.607781 0.289383 -4.616553
2.158939 0.000000 -3.739391
1.781923 0.289383 -4.301942
3.053198 0.000000 -3.053198
2.834629 0.289383 -3.694161
3.739392 0.000000 -2.158939
3.694162 0.289383 -2.834630
4.170749 0.000000 -1.117549
4.301943 0.289383 -1.781924
4.317877 -0.000000 -0.000001
4.616553 0.289383 -0.607782
-2.748174 -0.027128 -0.000001
-3.692082 -0.027128 -0.486072
-2.654533 -0.027128 -0.711281
-3.440473 -0.027128 -1.425091
-2.379989 -0.027128 -1.374088
-2.954401 -0.027128 -2.266991
-1.943252 -0.027128 -1.943253
-2.266991 -0.027128 -2.954401
-1.374087 -0.027128 -2.379989
-1.425091 -0.027128 -3.440474
-0.711279 -0.027128 -2.654534
-0.486072 -0.027128 -3.692084
0.000000 -0.027128 -2.748176
0.486072 -0.027128 -3.692084
0.711280 -0.027128 -2.654534
1.425091 -0.027128 -3.440474
1.374087 -0.027128 -2.379990
2.266991 -0.027128 -2.954401
1.943253 -0.027128 -1.943254
2.954402 -0.027128 -2.266992
2.379990 -0.027128 -1.374088
3.440475 -0.027128 -1.425092
2.654534 -0.027128 -0.711281
3.692084 -0.027128 -0.486073
2.748176 -0.027128 -0.000001
-8.152769 9.681305 -6.255836
-8.806216 11.005136 -5.084266
-7.190246 11.005136 -7.190244
-7.812453 12.304598 -5.994701
-9.494094 9.681305 -3.932580
-9.822048 11.005136 -2.631808
-9.097787 12.304598 -3.768424
-10.188417 9.681305 -1.341329
-10.168537 11.005136 -0.000001
-9.763126 12.304598 -1.285338
10.168541 11.005136 -0.000001
10.188417 9.681305 -1.341330
9.822046 11.005136 -2.631810
9.763127 12.304598 -1.285339
9.494094 9.681305 -3.932581
8.806219 11.005136 -5.084268
9.097788 12.304598 -3.768425
8.152771 9.681305 -6.255838
7.190246 11.005136 -7.190245
7.812455 12.304598 -5.994704
6.255835 9.681305 -8.152765
5.084266 11.005136 -8.806210
5.994702 12.304598 -7.812449
3.932580 9.681305 -9.494091
2.631809 11.005136 -9.822049
3.768424 12.304598 -9.097784
1.341330 9.681305 -10.188415
0.000000 11.005136 -10.168533
1.285339 12.304598 -9.763124
-1.341331 9.681305 -10.188415
-1.285341 12.304598 -9.763124
-2.631812 11.005136 -9.822048
-3.932584 9.681305 -9.494090
-5.084270 11.005136 -8.806209
-3.768428 12.304598 -9.097783
-6.255839 9.681305 -8.152764
-5.994705 12.304598 -7.812448
8.123316 15.699086 -0.007186
8.656820 14.704445 -1.135329
7.848375 15.699086 -2.060929
7.414505 16.573944 -0.946484
8.067343 14.704445 -3.325056
7.038595 15.699086 -3.974225
6.912408 16.573944 -2.750731
6.928093 14.704445 -5.288190
5.749136 15.699086 -5.616687
5.939246 16.573944 -4.367524
5.316695 14.704445 -6.890939
4.067878 15.699086 -6.876373
4.561325 16.573944 -5.686676
3.342975 14.704445 -8.024076
2.109408 15.699086 -7.667447
2.872559 16.573944 -6.618285
1.141442 14.704445 -8.610390
0.007186 15.699086 -7.936000
0.988036 16.573944 -7.098871
-1.137881 14.704445 -8.609922
-0.963819 16.573944 -7.095684
-2.095528 15.699086 -7.663727
-3.339659 14.704445 -8.022701
-4.055435 15.699086 -6.869186
-2.849994 16.573944 -6.608937
-5.313846 14.704445 -6.888750
-5.738973 15.699086 -5.606522
-4.541946 16.573944 -5.671803
-6.925905 14.704445 -5.285337
-7.031407 15.699086 -3.961776
-5.924374 16.573944 -4.348143
-8.065966 14.704445 -3.321735
-7.844656 15.699086 -2.047045
-6.903059 16.573944 -2.728162
-8.656349 14.704445 -1.131766
-8.123312 15.699086 0.007187
-7.411315 16.573944 -0.922264
0.000000 5.709818 -9.266788
-1.118463 4.441127 -8.495558
-1.279842 7.033648 -9.721358
-2.398424 5.709818 -8.951031
-3.279165 4.441127 -7.916600
-4.633398 5.709818 -8.025277
-3.752306 7.033648 -9.058865
-5.216399 4.441127 -6.798144
-6.552617 5.709818 -6.552616
-5.969059 7.033648 -7.779027
-6.798147 4.441127 -5.216399
-8.025282 5.709818 -4.633394
-7.779032 7.033648 -5.969058
-7.916604 4.441127 -3.279161
-8.951029 5.709818 -2.398420
-9.058867 7.033648 -3.752303
-8.495557 4.441127 -1.118459
-9.266790 5.709818 -0.000001
-9.721359 7.033648 -1.279840
9.266796 5.709818 -0.000001
8.495561 4.441127 -1.118461
8.951031 5.709818 -2.398421
9.721361 7.033648 -1.279841
7.916604 4.441127 -3.279163
8.025286 5.709818 -4.633396
9.058868 7.033648 -3.752305
6.798148 4.441127 -5.216399
6.552617 5.709818 -6.552617
7.779034 7.033648 -5.969059
5.216398 4.441127 -6.798144
4.633394 5.709818 -8.025276
5.969058 7.033648 -7.779028
3.279162 4.441127 -7.916599
2.398421 5.709818 -8.951031
3.752303 7.033648 -9.058865
1.118461 4.441127 -8.495558
1.279841 7.033648 -9.721359
-3.367588 17.363707 -5.553983
-1.736501 17.363707 -6.198525
-2.292198 18.036327 -5.302506
-4.769181 17.363707 -4.530947
-3.653399 18.036327 -4.550451
-5.845760 17.363707 -3.199130
-4.765626 18.036327 -3.488290
-6.523958 17.363707 -1.649300
-5.553082 18.036327 -2.188406
-6.757563 17.363707 0.012926
-5.962106 18.036327 -0.739387
6.757565 17.363707 -0.012926
6.530650 17.363707 -1.674272
5.964824 18.036327 -0.760020
5.858689 17.363707 -3.221519
5.561049 18.036327 -2.207633
4.787462 17.363707 -4.549228
4.778297 18.036327 -3.504801
3.389975 17.363707 -5.566910
3.669910 18.036327 -4.563121
1.761471 17.363707 -6.205216
2.311424 18.036327 -5.310471
0.012926 17.363707 -6.420649
0.795421 18.036327 -5.695921
-0.774789 18.036327 -5.693205
9.337590 13.555325 -0.000001
9.019411 13.555325 -2.416744
8.086595 13.555325 -4.668793
6.602677 13.555325 -6.602676
4.668791 13.555325 -8.086586
2.416744 13.555325 -9.019413
0.000000 13.555325 -9.337584
-2.416747 13.555325 -9.019411
-4.668795 13.555325 -8.086584
-6.602676 13.555325 -6.602673
-8.086592 13.555325 -4.668790
-9.019411 13.555325 -2.416743
-9.337586 13.555325 -0.000001
-5.074499 8.357476 -8.789284
-2.626753 8.357476 -9.803171
-7.176426 8.357476 -7.176425
-8.789291 8.357476 -5.074494
-9.803171 8.357476 -2.626750
-10.148993 8.357476 -0.000001
10.148998 8.357476 -0.000001
9.803169 8.357476 -2.626752
8.789293 8.357476 -5.074496
7.176426 8.357476 -7.176427
5.074493 8.357476 -8.789284
2.626751 8.357476 -9.803171
0.000000 8.357476 -10.148991
7.749433 3.282709 -0.000001
6.715737 2.186212 -0.884143
7.485372 3.282709 -2.005700
6.258072 2.186212 -2.592178
6.711209 3.282709 -3.874715
5.373932 2.186212 -4.123561
5.479679 3.282709 -5.479679
4.123560 2.186212 -5.373930
3.874714 3.282709 -6.711204
2.592177 2.186212 -6.258070
2.005699 3.282709 -7.485372
0.884143 2.186212 -6.715735
0.000000 3.282709 -7.749428
-0.884144 2.186212 -6.715736
-2.005701 3.282709 -7.485371
-2.592179 2.186212 -6.258069
-3.874717 3.282709 -6.711203
-4.123561 2.186212 -5.373929
-5.479679 3.282709 -5.479678
-5.373932 2.186212 -4.123560
-6.711209 3.282709 -3.874714
-6.258071 2.186212 -2.592177
-7.485372 3.282709 -2.005698
-6.715736 2.186212 -0.884143
-7.749430 3.282709 -0.000001
-4.526904 19.279963 -0.000001
-4.715666 18.964211 -0.614550
-4.372655 19.279963 -1.171650
-4.455451 19.490238 -0.586572
-4.393927 18.964211 -1.804614
-3.920415 19.279963 -2.263453
-4.151820 19.490238 -1.719741
-3.772748 18.964211 -2.871697
-3.201005 19.279963 -3.201007
-3.565249 19.490238 -2.735713
-2.894463 18.964211 -3.743079
-2.263452 19.279963 -3.920416
-2.735712 19.490238 -3.565250
-1.818925 18.964211 -4.359375
-1.171649 19.279963 -4.372656
-1.719740 19.490238 -4.151822
-0.619431 18.964211 -4.678587
0.000000 19.279963 -4.526906
-0.586571 19.490238 -4.455453
0.622277 18.964211 -4.678962
1.171650 19.279963 -4.372655
0.586572 19.490238 -4.455453
1.821577 18.964211 -4.360474
2.263453 19.279963 -3.920416
1.719741 19.490238 -4.151822
2.896741 18.964211 -3.744826
3.201006 19.279963 -3.201007
2.735712 19.490238 -3.565250
3.774497 18.964211 -2.873974
3.920417 19.279963 -2.263454
3.565250 19.490238 -2.735713
4.395027 18.964211 -1.807266
4.372657 19.279963 -1.171650
4.151823 19.490238 -1.719741
4.716042 18.964211 -0.617396
4.526906 19.279963 -0.000001
4.455453 19.490238 -0.586572
-4.541211 19.578272 -0.000001
-4.559652 19.622286 -0.600290
-4.386474 19.578272 -1.175352
-4.248920 19.622286 -1.759960
-3.932804 19.578272 -2.270607
-3.648630 19.622286 -2.799693
-3.211121 19.578272 -3.211123
-2.799692 19.622286 -3.648631
-2.270605 19.578272 -3.932806
-1.759959 19.622286 -4.248921
-1.175352 19.578272 -4.386475
-0.600289 19.622286 -4.559654
0.000000 19.578272 -4.541213
0.600290 19.622286 -4.559654
1.175352 19.578272 -4.386475
1.759960 19.622286 -4.248921
2.270606 19.578272 -3.932806
2.799693 19.622286 -3.648631
3.211122 19.578272 -3.211123
3.648631 19.622286 -2.799694
3.932806 19.578272 -2.270607
4.248922 19.622286 -1.759961
4.386476 19.578272 -1.175353
4.559654 19.622286 -0.600290
4.541212 19.578272 -0.000001
-4.598750 19.700493 -0.000001
-4.442051 19.700493 -1.190244
-4.506092 19.873081 -0.593239
-3.982634 19.700493 -2.299376
-4.199009 19.873081 -1.739287
-3.251807 19.700493 -3.251809
-3.605771 19.873081 -2.766806
-2.299375 19.700493 -3.982636
-2.766805 19.873081 -3.605772
-1.190243 19.700493 -4.442053
-1.739286 19.873081 -4.199011
0.000001 19.700493 -4.598751
-0.593238 19.873081 -4.506094
1.190244 19.700493 -4.442053
0.593239 19.873081 -4.506094
2.299376 19.700493 -3.982636
1.739287 19.873081 -4.199010
3.251808 19.700493 -3.251809
2.766806 19.873081 -3.605772
3.982636 19.700493 -2.299376
3.605772 19.873081 -2.766807
4.442054 19.700493 -1.190245
4.199011 19.873081 -1.739287
4.598751 19.700493 -0.000001
4.506094 19.873081 -0.593239
-4.070242 20.866585 -0.000001
-3.931553 20.866585 -1.053457
-4.159806 20.863754 -0.547649
-3.928728 20.782812 -0.517228
-3.524934 20.866585 -2.035122
-3.876323 20.863754 -1.605626
-3.660992 20.782812 -1.516433
-2.878096 20.866585 -2.878098
-3.328674 20.863754 -2.554182
-3.143764 20.782812 -2.412297
-2.035121 20.866585 -3.524935
-2.554181 20.863754 -3.328675
-2.412295 20.782812 -3.143766
-1.053456 20.866585 -3.931555
-1.605624 20.863754 -3.876324
-1.516432 20.782812 -3.660993
0.000000 20.866585 -4.070244
-0.547648 20.863754 -4.159808
-0.517226 20.782812 -3.928730
1.053457 20.866585 -3.931555
0.547649 20.863754 -4.159808
0.517227 20.782812 -3.928730
2.035122 20.866585 -3.524935
1.605626 20.863754 -3.876324
1.516433 20.782812 -3.660993
2.878098 20.866585 -2.878098
2.554182 20.863754 -3.328675
2.412297 20.782812 -3.143766
3.524936 20.866585 -2.035123
3.328675 20.863754 -2.554183
3.143766 20.782812 -2.412297
3.931555 20.866585 -1.053457
3.876324 20.863754 -1.605626
3.660994 20.782812 -1.516433
4.070243 20.866585 -0.000001
4.159808 20.863754 -0.547650
3.928730 20.782812 -0.517228
-3.943267 20.627197 -0.000001
-3.808904 20.627197 -1.020593
-3.414970 20.627197 -1.971635
-2.788311 20.627197 -2.788313
-1.971633 20.627197 -3.414971
-1.020592 20.627197 -3.808905
0.000001 20.627197 -3.943269
1.020593 20.627197 -3.808906
1.971635 20.627197 -3.414971
2.788313 20.627197 -2.788313
3.414972 20.627197 -1.971635
3.808906 20.627197 -1.020594
3.943268 20.627197 -0.000001
-3.440872 20.542286 -2.640275
-3.697754 20.759556 -2.134900
-3.019203 20.759556 -3.019205
-4.006980 20.542286 -1.659746
-4.124309 20.759556 -1.105106
-4.300019 20.542286 -0.566109
-4.269797 20.759556 -0.000001
4.269799 20.759556 -0.000001
4.300021 20.542286 -0.566109
4.124310 20.759556 -1.105106
4.006982 20.542286 -1.659746
3.697756 20.759556 -2.134900
3.440873 20.542286 -2.640275
3.019204 20.759556 -3.019205
2.640275 20.542286 -3.440873
2.134900 20.759556 -3.697755
1.659746 20.542286 -4.006981
1.105105 20.759556 -4.124310
0.566109 20.542286 -4.300021
0.000000 20.759556 -4.269800
-0.566108 20.542286 -4.300021
-1.105105 20.759556 -4.124310
-1.659745 20.542286 -4.006981
-2.134899 20.759556 -3.697755
-2.640273 20.542286 -3.440873
-1.150069 20.200237 -4.292119
0.000000 20.200237 -4.443528
-2.221763 20.200237 -3.848208
-3.142047 20.200237 -3.142049
-3.848207 20.200237 -2.221764
-4.292118 20.200237 -1.150070
-4.443525 20.200237 -0.000001
4.443527 20.200237 -0.000001
4.292119 20.200237 -1.150070
3.848209 20.200237 -2.221765
3.142048 20.200237 -3.142049
2.221764 20.200237 -3.848208
1.150069 20.200237 -4.292119
-3.966243 1.103279 -3.966243
-2.804557 1.103279 -4.857635
-4.857637 1.103279 -2.804557
-5.417987 1.103279 -1.451745
-5.609113 1.103279 -0.000001
5.609116 1.103279 -0.000001
5.417987 1.103279 -1.451746
4.857638 1.103279 -2.804558
3.966243 1.103279 -3.966243
2.804557 1.103279 -4.857635
1.451745 1.103279 -5.417987
0.000000 1.103279 -5.609114
-1.451746 1.103279 -5.417987
-4.252046 -0.027128 -0.000001
-4.107161 -0.027128 -1.100511
-3.682380 -0.027128 -2.126024
-3.006649 -0.027128 -3.006649
-2.126022 -0.027128 -3.682380
-1.100510 -0.027128 -4.107161
0.000000 -0.027128 -4.252048
1.100511 -0.027128 -4.107162
2.126024 -0.027128 -3.682381
3.006649 -0.027128 -3.006650
3.682382 -0.027128 -2.126024
4.107163 -0.027128 -1.100512
4.252048 -0.027128 -0.000001
-3.743962 18.559746 -3.638177
-2.645279 18.559746 -4.457939
-4.587499 18.559746 -2.570478
-5.118405 18.559746 -1.327606
-5.300499 18.559746 0.005739
5.300501 18.559746 -0.005740
5.121377 18.559746 -1.338695
4.593240 18.559746 -2.580420
3.752080 18.559746 -3.646295
2.655221 18.559746 -4.463679
1.377414 18.559746 -4.976871
0.005740 18.559746 -5.150898
-1.366326 18.559746 -4.973899
-6.128492 17.892710 -0.697253
-6.069673 18.429611 -0.636128
-5.531104 18.078224 -0.928712
-5.432841 18.664080 -0.697253
-5.791211 18.844833 -0.397581
-4.868975 18.721083 -0.580445
-5.316899 18.792643 -0.216390
-6.527021 18.201389 -0.502993
-6.348114 18.764444 -0.502993
-6.822771 18.412313 -0.513758
-6.842139 18.753056 -0.321099
-6.318296 18.858286 -0.156102
-7.056434 17.998749 -0.453126
-7.270969 18.384846 -0.453126
-7.419575 17.872358 -0.505981
-7.656984 18.019592 -0.316239
-7.306725 18.449196 -0.140626
-7.333420 17.480867 -0.474801
-7.765788 17.529099 -0.474801
-7.569942 17.121363 -0.554466
-7.877531 17.028484 -0.346542
-7.837849 17.537138 -0.147353
-7.266117 16.927868 -0.542186
-7.727364 16.578506 -0.542186
-7.376769 16.392735 -0.648713
-7.674461 16.012304 -0.405446
-7.804239 16.520281 -0.168266
-6.348136 18.014387 -0.397581
-6.244434 17.764147 -0.216390
-6.193233 17.435368 -0.580445
-6.803401 18.071571 -0.321099
-6.556839 18.107548 -0.156102
-7.182165 17.725122 -0.316239
-7.020678 17.934399 -0.140626
-7.261359 17.472828 -0.147353
-7.262353 17.214245 -0.346542
-7.189242 16.986095 -0.168266
-7.079078 16.773165 -0.405446
-6.348136 18.014387 -0.000001
-6.193233 17.435368 -0.000001
-6.803401 18.071571 -0.000001
-7.182165 17.725122 -0.000001
-7.262353 17.214245 -0.000001
-7.079078 16.773165 -0.000001
-5.791211 18.844833 -0.000001
-4.868975 18.721083 -0.000001
-6.842139 18.753056 -0.000001
-7.656984 18.019592 -0.000001
-7.877531 17.028484 -0.000001
-7.674461 16.012304 -0.000001
4.196399 0.306318 -0.000001
4.124750 0.279909 -0.000001
-4.124748 0.279909 -0.000001
-4.196397 0.306318 -0.000001
-3.578888 0.278296 -0.471170
-3.984200 0.279909 -1.067564
-4.483682 0.580772 -0.590289
-4.053408 0.306318 -1.086108
-3.334994 0.278296 -1.381400
-3.572137 0.279909 -2.062375
-4.178127 0.580772 -1.730638
-3.634187 0.306318 -2.098199
-2.863823 0.278296 -2.197489
-2.916636 0.279909 -2.916636
-3.587839 0.580772 -2.753045
-2.967300 0.306318 -2.967300
-2.197488 0.278296 -2.863823
-2.062374 0.279909 -3.572137
-2.753045 0.580772 -3.587838
-2.098198 0.306318 -3.634187
-1.381400 0.278296 -3.334994
-1.067563 0.279909 -3.984200
-1.730637 0.580772 -4.178127
-1.086108 0.306318 -4.053409
-0.471169 0.278296 -3.578889
0.000000 0.279909 -4.124750
-0.590288 0.580772 -4.483683
0.000001 0.306318 -4.196399
0.471170 0.278296 -3.578890
1.067564 0.279909 -3.984200
0.590288 0.580772 -4.483683
1.086108 0.306318 -4.053409
1.381400 0.278296 -3.334994
2.062374 0.279909 -3.572137
1.730638 0.580772 -4.178127
2.098200 0.306318 -3.634187
2.197490 0.278296 -2.863824
2.916637 0.279909 -2.916637
2.753046 0.580772 -3.587839
2.967301 0.306318 -2.967300
2.863824 0.278296 -2.197490
3.572140 0.279909 -2.062375
3.587840 0.580772 -2.753046
3.634189 0.306318 -2.098200
3.334995 0.278296 -1.381401
3.984202 0.279909 -1.067564
4.178129 0.580772 -1.730639
4.053410 0.306318 -1.086109
3.578891 0.278296 -0.471171
4.483684 0.580772 -0.590289
-5.434102 1.364737 -0.000001
-5.248939 1.364737 -1.406449
-4.706072 1.364737 -2.717051
-3.842491 1.364737 -3.842490
-2.717052 1.364737 -4.706070
-1.406449 1.364737 -5.248938
0.000000 1.364737 -5.434103
1.406449 1.364737 -5.248939
2.717052 1.364737 -4.706071
3.842491 1.364737 -3.842491
4.706074 1.364737 -2.717052
5.248939 1.364737 -1.406450
5.434104 1.364737 -0.000001
-7.819343 10.956553 -5.999990
-9.105811 10.956553 -3.771748
-9.771737 10.956553 -1.286472
9.771737 10.956553 -1.286473
9.105812 10.956554 -3.771750
7.819345 10.956554 -5.999991
5.999990 10.956554 -7.819337
3.771748 10.956553 -9.105807
1.286474 10.956553 -9.771737
-1.286474 10.956553 -9.771736
-3.771752 10.956553 -9.105807
-5.999992 10.956553 -7.819337
7.384555 15.875664 -0.972194
6.881312 15.875664 -2.850331
5.909122 15.875664 -4.534226
4.534225 15.875664 -5.909117
2.850331 15.875664 -6.881308
0.972194 15.875664 -7.384552
-0.972196 15.875664 -7.384552
-2.850333 15.875664 -6.881308
-4.534226 15.875664 -5.909116
-5.909121 15.875664 -4.534224
-6.881311 15.875664 -2.850330
-7.384554 15.875664 -0.972194
-1.171973 5.845444 -8.902012
-3.436051 5.845444 -8.295355
-5.465970 5.845444 -7.123388
-7.123392 5.845444 -5.465968
-8.295358 5.845444 -3.436048
-8.902013 5.845444 -1.171971
8.902015 5.845444 -1.171972
8.295359 5.845444 -3.436049
7.123394 5.845444 -5.465970
5.465968 5.845444 -7.123387
3.436048 5.845444 -8.295355
1.171972 5.845444 -8.902012
-2.047875 17.907154 -4.944007
-3.257699 17.907154 -4.245516
-4.245517 17.907154 -3.257699
-4.944007 17.907154 -2.047875
-5.305573 17.907154 -0.698492
5.305573 17.907154 -0.698492
4.944008 17.907154 -2.047875
4.245518 17.907154 -3.257700
3.257699 17.907154 -4.245517
2.047875 17.907154 -4.944007
0.698492 17.907154 -5.305573
-0.698492 17.907154 -5.305573
8.923069 13.514620 -1.174743
8.314978 13.514620 -3.444175
7.140241 13.514620 -5.478896
5.478895 13.514620 -7.140234
3.444174 13.514620 -8.314975
1.174744 13.514620 -8.923066
-1.174745 13.514620 -8.923066
-3.444178 13.514620 -8.314974
-5.478897 13.514620 -7.140234
-7.140239 13.514620 -5.478894
-8.314977 13.514620 -3.444174
-8.923067 13.514620 -1.174743
-3.764302 8.408587 -9.087822
-5.988142 8.408587 -7.803894
-7.803899 8.408587 -5.988139
-9.087826 8.408587 -3.764298
-9.752437 8.408587 -1.283931
9.752437 8.408587 -1.283932
9.087826 8.408587 -3.764300
7.803901 8.408587 -5.988141
5.988139 8.408587 -7.803895
3.764298 8.408587 -9.087823
1.283931 8.408587 -9.752437
-1.283934 8.408587 -9.752436
7.434348 3.480385 -0.978750
6.927711 3.480385 -2.869551
5.948966 3.480385 -4.564800
4.564798 3.480385 -5.948962
2.869550 3.480385 -6.927708
0.978750 3.480385 -7.434346
-0.978751 3.480385 -7.434345
-2.869552 3.480385 -6.927707
-4.564800 3.480385 -5.948961
-5.948965 3.480385 -4.564799
-6.927711 3.480385 -2.869549
-7.434347 3.480385 -0.978749
-4.033274 19.649185 -0.530991
-3.758414 19.649185 -1.556787
-3.227422 19.649185 -2.476490
-2.476488 19.649185 -3.227424
-1.556785 19.649185 -3.758415
-0.530990 19.649185 -4.033275
0.530991 19.649185 -4.033275
1.556786 19.649185 -3.758415
2.476490 19.649185 -3.227424
3.227424 19.649185 -2.476490
3.758415 19.649185 -1.556787
4.033276 19.649185 -0.530992
-4.280777 -0.000001 -0.563576
-3.989049 -0.000001 -1.652318
-3.425474 -0.000001 -2.628458
-2.628458 -0.000001 -3.425474
-1.652318 -0.000001 -3.989050
-0.563575 -0.000001 -4.280778
0.563575 -0.000001 -4.280779
1.652318 -0.000001 -3.989049
2.628459 -0.000001 -3.425474
3.425475 -0.000001 -2.628459
3.989052 -0.000001 -1.652320
4.280780 -0.000001 -0.563576
-2.787817 -0.027128 -0.367024
-2.597832 -0.027128 -1.076058
-2.230808 -0.027128 -1.711760
-1.711759 -0.027128 -2.230809
-1.076057 -0.027128 -2.597832
-0.367023 -0.027128 -2.787818
0.367023 -0.027128 -2.787819
1.076058 -0.027128 -2.597833
1.711760 -0.027128 -2.230809
2.230810 -0.027128 -1.711760
2.597834 -0.027128 -1.076058
2.787819 -0.027128 -0.367024
-8.066951 11.005136 -6.189985
-9.394156 11.005136 -3.891184
-10.081170 11.005136 -1.327209
10.081169 11.005136 -1.327211
9.394156 11.005136 -3.891186
8.066953 11.005136 -6.189987
6.189985 11.005136 -8.066947
3.891184 11.005136 -9.394154
1.327211 11.005136 -10.081168
-1.327212 11.005136 -10.081167
-3.891188 11.005136 -9.394153
-6.189987 11.005136 -8.066945
8.054458 15.699086 -1.042942
7.507437 15.699086 -3.043502
6.448802 15.699086 -4.836657
4.950679 15.699086 -6.300199
3.115180 15.699086 -7.334388
1.067390 15.699086 -7.868754
-1.053142 15.699086 -7.866878
-3.101905 15.699086 -7.328888
-4.939279 15.699086 -6.291448
-6.440051 15.699086 -4.825253
-7.501936 15.699086 -3.030223
-8.052580 15.699086 -1.028692
-1.209515 5.709818 -9.187170
-3.546118 5.709818 -8.561081
-5.641060 5.709818 -7.351572
-7.351576 5.709818 -5.641059
-8.561084 5.709818 -3.546114
-9.187172 5.709818 -1.209513
9.187174 5.709818 -1.209514
8.561085 5.709818 -3.546116
7.351577 5.709818 -5.641060
5.641059 5.709818 -7.351573
3.546115 5.709818 -8.561081
1.209514 5.709818 -9.187171
-2.573971 17.363707 -5.926742
-4.103339 17.363707 -5.085789
-5.353072 17.363707 -3.898246
-6.237998 17.363707 -2.445043
-6.697816 17.363707 -0.825217
6.701191 17.363707 -0.850847
6.247892 17.363707 -2.468926
5.368810 17.363707 -3.918756
4.123847 17.363707 -5.101527
2.597852 17.363707 -5.936634
0.894821 17.363707 -6.367172
-0.869192 17.363707 -6.363797
9.257360 13.555325 -1.218754
8.626488 13.555325 -3.573206
7.407740 13.555325 -5.684155
5.684154 13.555325 -7.407734
3.573205 13.555325 -8.626484
1.218754 13.555325 -9.257357
-1.218755 13.555325 -9.257357
-3.573209 13.555325 -8.626483
-5.684156 13.555325 -7.407733
-7.407739 13.555325 -5.684153
-8.626487 13.555325 -3.573205
-9.257359 13.555325 -1.218753
-3.883709 8.357476 -9.376098
-6.178091 8.357476 -8.051442
-8.051446 8.357476 -6.178089
-9.376101 8.357476 -3.883705
-10.061794 8.357476 -1.324659
10.061794 8.357476 -1.324660
9.376101 8.357476 -3.883707
8.051449 8.357476 -6.178090
6.178088 8.357476 -8.051443
3.883706 8.357476 -9.376098
1.324660 8.357476 -10.061792
-1.324661 8.357476 -10.061792
7.682848 3.282709 -1.011466
7.159277 3.282709 -2.965468
6.147816 3.282709 -4.717383
4.717381 3.282709 -6.147812
2.965468 3.282709 -7.159274
1.011466 3.282709 -7.682847
-1.011467 3.282709 -7.682847
-2.965470 3.282709 -7.159274
-4.717383 3.282709 -6.147811
-6.147815 3.282709 -4.717381
-7.159276 3.282709 -2.965467
-7.682847 3.282709 -1.011465
-4.488011 19.279963 -0.590858
-4.182161 19.279963 -1.732308
-3.591303 19.279963 -2.755705
-2.755703 19.279963 -3.591304
-1.732307 19.279963 -4.182162
-0.590857 19.279963 -4.488012
0.590858 19.279963 -4.488012
1.732308 19.279963 -4.182162
2.755704 19.279963 -3.591305
3.591305 19.279963 -2.755705
4.182163 19.279963 -1.732308
4.488013 19.279963 -0.590859
-4.502194 19.578272 -0.592726
-4.195377 19.578272 -1.737783
-3.602652 19.578272 -2.764413
-2.764412 19.578272 -3.602654
-1.737782 19.578272 -4.195379
-0.592725 19.578272 -4.502196
0.592726 19.578272 -4.502196
1.737783 19.578272 -4.195379
2.764413 19.578272 -3.602654
3.602654 19.578272 -2.764414
4.195380 19.578272 -1.737783
4.502196 19.578272 -0.592726
-4.559238 19.700493 -0.600236
-4.248535 19.700493 -1.759801
-3.648299 19.700493 -2.799439
-2.799438 19.700493 -3.648301
-1.759800 19.700493 -4.248536
-0.600235 19.700493 -4.559240
0.600235 19.700493 -4.559240
1.759801 19.700493 -4.248536
2.799439 19.700493 -3.648301
3.648301 19.700493 -2.799440
4.248537 19.700493 -1.759801
4.559240 19.700493 -0.600236
-4.035273 20.866585 -0.531254
-3.760276 20.866585 -1.557558
-3.229022 20.866585 -2.477717
-2.477715 20.866585 -3.229023
-1.557557 20.866585 -3.760277
-0.531253 20.866585 -4.035274
0.531254 20.866585 -4.035274
1.557558 20.866585 -3.760277
2.477717 20.866585 -3.229023
3.229023 20.866585 -2.477717
3.760278 20.866585 -1.557558
4.035274 20.866585 -0.531255
-3.909387 20.627197 -0.514681
-3.642970 20.627197 -1.508968
-3.128289 20.627197 -2.400422
-2.400420 20.627197 -3.128290
-1.508967 20.627197 -3.642971
-0.514680 20.627197 -3.909389
0.514681 20.627197 -3.909389
1.508968 20.627197 -3.642971
2.400421 20.627197 -3.128291
3.128291 20.627197 -2.400422
3.642972 20.627197 -1.508968
3.909390 20.627197 -0.514682
-3.387334 20.759556 -2.599194
-3.944634 20.759556 -1.633921
-4.233113 20.759556 -0.557300
4.233115 20.759556 -0.557301
3.944636 20.759556 -1.633922
3.387335 20.759556 -2.599194
2.599193 20.759556 -3.387335
1.633921 20.759556 -3.944635
0.557300 20.759556 -4.233115
-0.557299 20.759556 -4.233115
-1.633920 20.759556 -3.944635
-2.599192 20.759556 -3.387335
-0.579975 20.200237 -4.405350
-1.700400 20.200237 -4.105133
-2.704947 20.200237 -3.525158
-3.525156 20.200237 -2.704949
-4.105132 20.200237 -1.700402
-4.405348 20.200237 -0.579976
4.405350 20.200237 -0.579976
4.105134 20.200237 -1.700402
3.525158 20.200237 -2.704949
2.704948 20.200237 -3.525158
1.700402 20.200237 -4.105133
0.579975 20.200237 -4.405350
-3.414486 1.103279 -4.449845
-4.449846 1.103279 -3.414486
-5.181955 1.103279 -2.146435
-5.560921 1.103279 -0.732109
5.560923 1.103279 -0.732110
5.181956 1.103279 -2.146436
4.449847 1.103279 -3.414487
3.414486 1.103279 -4.449846
2.146435 1.103279 -5.181954
0.732109 1.103279 -5.560922
-0.732109 1.103279 -5.560922
-2.146436 1.103279 -5.181953
-4.215513 -0.027128 -0.554983
-3.928233 -0.027128 -1.627128
-3.373250 -0.027128 -2.588385
-2.588385 -0.027128 -3.373250
-1.627128 -0.027128 -3.928233
-0.554983 -0.027128 -4.215515
0.554983 -0.027128 -4.215515
1.627128 -0.027128 -3.928234
2.588386 -0.027128 -3.373250
3.373251 -0.027128 -2.588386
3.928236 -0.027128 -1.627129
4.215516 -0.027128 -0.554984
-3.222068 18.559746 -4.082838
-4.201521 18.559746 -3.131000
-4.894647 18.559746 -1.965788
-5.254210 18.559746 -0.666612
5.255710 18.559746 -0.677993
4.899042 18.559746 -1.976393
4.208510 18.559746 -3.140107
3.231175 18.559746 -4.089827
2.033641 18.559746 -4.760830
0.697519 18.559746 -5.107392
-0.686138 18.559746 -5.105894
-2.023036 18.559746 -4.756437
-5.780667 18.278395 -0.769382
-5.316899 18.792643 -0.480864
-6.437568 18.482916 -0.555027
-6.318296 18.858286 -0.346892
-7.163702 18.191797 -0.500001
-7.306725 18.449196 -0.312501
-7.549604 17.504984 -0.523919
-7.837849 17.537138 -0.327450
-7.496740 16.753189 -0.598274
-7.804239 16.520281 -0.373922
-6.244434 17.764147 -0.480864
-6.556840 18.107548 -0.346892
-7.020678 17.934399 -0.312501
-7.261359 17.472828 -0.327450
-7.189242 16.986095 -0.373922
-6.244434 17.764147 -0.000001
-6.556840 18.107548 -0.000001
-7.020678 17.934399 -0.000001
-7.261359 17.472828 -0.000001
-7.189242 16.986095 -0.000001
-5.316899 18.792643 -0.000001
-6.318296 18.858286 -0.000001
-7.306725 18.449196 -0.000001
-7.837849 17.537138 -0.000001
-7.804239 16.520281 -0.000001
-4.089309 0.279909 -0.538368
-4.160343 0.306318 -0.547720
-3.810630 0.279909 -1.578415
-3.876823 0.306318 -1.605833
-3.272261 0.279909 -2.510894
-3.329103 0.306318 -2.554510
-2.510894 0.279909 -3.272261
-2.554510 0.306318 -3.329102
-1.578414 0.279909 -3.810629
-1.605833 0.306318 -3.876823
-0.538367 0.279909 -4.089310
-0.547719 0.306318 -4.160344
0.538368 0.279909 -4.089310
0.547720 0.306318 -4.160345
1.578415 0.279909 -3.810630
1.605834 0.306318 -3.876823
2.510895 0.279909 -3.272262
2.554511 0.306318 -3.329103
3.272262 0.279909 -2.510895
3.329104 0.306318 -2.554511
3.810632 0.279909 -1.578416
3.876825 0.306318 -1.605834
4.089311 0.279909 -0.538369
4.160345 0.306318 -0.547721
-5.387413 1.364737 -0.709267
-5.020271 1.364737 -2.079464
-4.311005 1.364737 -3.307950
-3.307950 1.364737 -4.311004
-2.079464 1.364737 -5.020269
-0.709267 1.364737 -5.387414
0.709266 1.364737 -5.387414
2.079464 1.364737 -5.020270
3.307950 1.364737 -4.311005
4.311006 1.364737 -3.307951
5.020272 1.364737 -2.079465
5.387414 1.364737 -0.709267
-2.700945 0.280643 -0.355587
-2.516881 0.280643 -1.042527
-2.161294 0.280643 -1.658419
-1.658419 0.280643 -2.161294
-1.042526 0.280643 -2.516881
-0.355586 0.280643 -2.700947
0.355587 0.280643 -2.700947
1.042527 0.280643 -2.516881
1.658420 0.280643 -2.161295
2.161295 0.280643 -1.658420
2.516882 0.280643 -1.042527
2.700947 0.280643 -0.355587
-4.594268 18.964211 1.220062
-4.118724 18.964211 2.358416
-3.362495 18.964211 3.336049
-2.377118 18.964211 4.086334
-1.229743 18.964211 4.558142
0.001435 18.964211 4.719320
1.232516 18.964211 4.558885
2.379604 18.964211 4.087769
3.364526 18.964211 3.338078
4.120162 18.964211 2.360902
4.595014 18.964211 1.222835
-7.266737 9.681305 7.266735
-8.899900 9.681305 5.138352
-9.926538 9.681305 2.659805
9.926538 9.681305 2.659806
8.899902 9.681305 5.138354
7.266737 9.681305 7.266737
5.138354 9.681305 8.899890
2.659807 9.681305 9.926538
0.000000 9.681305 10.276709
-2.659810 9.681305 9.926537
-5.138359 9.681305 8.899890
8.434546 14.704445 2.249518
7.562697 14.704445 4.343941
6.175453 14.704445 6.142338
4.367356 14.704445 7.522133
2.261640 14.704445 8.389311
0.001796 14.704445 8.684772
-2.258172 14.704445 8.388380
-4.364248 14.704445 7.520337
-6.172912 14.704445 6.139794
-7.560899 14.704445 4.340829
-8.433615 14.704445 2.246046
0.000000 4.441127 8.569180
-2.217869 4.441127 8.277192
-4.284594 4.441127 7.421129
-6.059334 4.441127 6.059332
-7.421138 4.441127 4.284589
-8.277193 4.441127 2.217864
8.277195 4.441127 2.217866
7.421139 4.441127 4.284590
6.059334 4.441127 6.059332
4.284591 4.441127 7.421129
2.217867 4.441127 8.277193
9.512178 12.304598 2.548779
8.528399 12.304598 4.923866
6.963407 12.304598 6.963404
4.923865 12.304598 8.528387
2.548781 12.304598 9.512178
0.000000 12.304598 9.847733
-2.548783 12.304598 9.512178
-4.923871 12.304598 8.528387
-6.963407 12.304598 6.963402
-8.528396 12.304598 4.923865
-9.512180 12.304598 2.548777
-2.537879 7.033648 9.471486
-4.902807 7.033648 8.491904
-6.933618 7.033648 6.933615
-8.491912 7.033648 4.902801
-9.471488 7.033648 2.537874
9.471487 7.033648 2.537876
8.491915 7.033648 4.902802
6.933619 7.033648 6.933616
4.902802 7.033648 8.491903
2.537877 7.033648 9.471486
0.000000 7.033648 9.805605
6.543119 2.186213 1.753223
5.866406 2.186213 3.386967
4.789899 2.186213 4.789897
3.386968 2.186213 5.866400
1.753223 2.186213 6.543117
0.000000 2.186213 6.773934
-1.753224 2.186213 6.543117
-3.386970 2.186213 5.866400
-4.789898 2.186213 4.789896
-5.866405 2.186213 3.386966
-6.543118 2.186213 1.753221
-4.442454 19.622284 1.190350
-3.982996 19.622284 2.299582
-3.252102 19.622284 3.252102
-2.299583 19.622284 3.982995
-1.190351 19.622284 4.442453
0.000000 19.622284 4.599166
1.190352 19.622284 4.442454
2.299584 19.622284 3.982995
3.252103 19.622284 3.252102
3.982997 19.622284 2.299582
4.442456 19.622284 1.190351
-4.052886 20.863754 1.085966
-3.633718 20.863754 2.097927
-2.966918 20.863754 2.966918
-2.097927 20.863754 3.633718
-1.085967 20.863754 4.052885
0.000000 20.863754 4.195855
1.085968 20.863754 4.052885
2.097929 20.863754 3.633717
2.966919 20.863754 2.966918
3.633720 20.863754 2.097927
4.052887 20.863754 1.085967
-6.329137 2.413009 1.695885
-5.674554 2.413009 3.276202
-4.633255 2.413009 4.633251
-3.276205 2.413009 5.674549
-1.695888 2.413009 6.329136
0.000000 2.413009 6.552404
1.695888 2.413009 6.329136
3.276204 2.413009 5.674550
4.633254 2.413009 4.633253
5.674556 2.413009 3.276203
6.329138 2.413009 1.695886
-7.043302 9.683085 7.043297
-8.626245 9.683085 4.980359
-6.741029 12.232546 6.741024
-8.256039 12.232546 4.766620
-9.621319 9.683085 2.578022
-9.208405 12.232546 2.467381
9.621316 9.683085 2.578022
9.208405 12.232548 2.467383
8.626249 9.683085 4.980361
8.256042 12.232548 4.766622
7.043302 9.683085 7.043299
6.741029 12.232548 6.741026
4.980361 9.683085 8.626236
4.766622 12.232548 8.256030
2.578024 9.683085 9.621317
2.467385 12.232546 9.208405
0.000000 9.683085 9.960721
0.000000 12.232546 9.533242
-2.467387 12.232546 9.208405
-2.578027 9.683085 9.621316
-4.980365 9.683085 8.626237
-4.766626 12.232548 8.256031
8.010994 14.747437 2.146537
6.246854 16.921503 1.673838
7.182470 14.747436 4.146795
5.600781 16.921503 3.233609
5.864463 14.747436 5.864460
4.573020 16.921503 4.573017
4.146796 14.747437 7.182461
3.233610 16.921503 5.600775
2.146539 14.747437 8.010992
1.673839 16.921503 6.246852
0.000000 14.747436 8.293590
0.000000 16.921503 6.467216
-1.673840 16.921503 6.246852
-2.146542 14.747436 8.010992
-4.146800 14.747437 7.182461
-3.233611 16.921503 5.600775
-5.864463 14.747436 5.864457
-4.573018 16.921503 4.573014
-7.182468 14.747436 4.146794
-5.600780 16.921503 3.233608
-8.010993 14.747436 2.146536
-6.246853 16.921503 1.673837
0.000000 4.610115 8.299067
0.000000 7.130295 9.503599
-2.459715 7.130295 9.179771
-2.147959 4.610115 8.016282
-4.149538 4.610115 7.187204
-4.751804 7.130295 8.230358
-5.868336 4.610115 5.868333
-6.720067 7.130295 6.720064
-7.187213 4.610115 4.149533
-8.230366 7.130295 4.751797
-8.016284 4.610115 2.147954
-9.179771 7.130295 2.459710
8.016285 4.610115 2.147955
9.179771 7.130295 2.459711
7.187214 4.610115 4.149535
8.230370 7.130295 4.751800
5.868336 4.610115 5.868333
6.720068 7.130295 6.720065
4.149534 4.610115 7.187204
4.751800 7.130295 8.230358
2.147957 4.610115 8.016284
2.459712 7.130295 9.179770
-1.148976 18.820440 4.288035
-2.219651 18.820442 3.844548
-3.139061 18.820442 3.139060
-3.844549 18.820442 2.219650
-4.288037 18.820442 1.148974
4.288038 18.820442 1.148974
3.844551 18.820442 2.219651
3.139062 18.820442 3.139060
2.219652 18.820442 3.844547
1.148975 18.820442 4.288034
0.000000 18.820442 4.439301
-3.827747 20.782814 1.025640
-3.431864 20.782814 1.981387
-2.802105 20.782814 2.802105
-1.981387 20.782814 3.431864
-1.025641 20.782814 3.827747
0.000000 20.782814 3.962775
1.025642 20.782814 3.827747
1.981388 20.782814 3.431864
2.802106 20.782814 2.802105
3.431866 20.782814 1.981387
3.827749 20.782814 1.025640
-4.340932 19.490238 1.163148
4.340934 19.490238 1.163148
3.891975 19.490238 2.247031
3.177784 19.490238 3.177783
2.247033 19.490238 3.891973
1.163149 19.490238 4.340932
0.000000 19.490238 4.494063
-1.163149 19.490238 4.340931
-2.247031 19.490238 3.891973
-3.177783 19.490238 3.177782
-3.891973 19.490238 2.247031
-3.850899 20.286926 1.031844
-3.452621 20.286926 1.993371
-2.819053 20.286926 2.819053
-1.993371 20.286926 3.452621
-1.031845 20.286926 3.850898
0.000000 20.286926 3.986743
1.031845 20.286926 3.850898
1.993372 20.286926 3.452621
2.819054 20.286926 2.819053
3.452623 20.286926 1.993371
3.850901 20.286926 1.031844
-3.066923 20.542286 3.066922
-3.756198 20.542286 2.168641
-4.189495 20.542286 1.122570
4.189497 20.542286 1.122571
3.756200 20.542286 2.168641
3.066924 20.542286 3.066923
2.168643 20.542286 3.756197
1.122572 20.542286 4.189494
0.000000 20.542286 4.337283
-1.122571 20.542286 4.189494
-2.168641 20.542286 3.756198
0.000000 19.873081 4.545142
-1.176369 19.873081 4.390270
-2.272571 19.873081 3.936209
-3.213901 19.873081 3.213901
-3.936209 19.873081 2.272570
-4.390271 19.873081 1.176368
4.390273 19.873081 1.176368
3.936211 19.873081 2.272571
3.213902 19.873081 3.213901
2.272572 19.873081 3.936209
1.176370 19.873081 4.390270
-2.328280 0.289384 4.032697
-3.292684 0.289384 3.292682
-4.032700 0.289384 2.328278
-4.497890 0.289384 1.205205
4.497892 0.289384 1.205205
4.032701 0.289384 2.328279
3.292684 0.289384 3.292683
2.328280 0.289384 4.032698
1.205207 0.289384 4.497890
0.000000 0.289384 4.656559
-1.205206 0.289384 4.497889
-3.657342 -0.027127 0.979981
-3.279083 -0.027127 1.893178
-2.677359 -0.027127 2.677357
-1.893179 -0.027127 3.279082
-0.979982 -0.027127 3.657341
0.000000 -0.027127 3.786360
0.979982 -0.027127 3.657341
1.893181 -0.027127 3.279083
2.677359 -0.027127 2.677357
3.279085 -0.027127 1.893179
3.657344 -0.027127 0.979981
-2.998561 18.036327 4.969171
-4.245993 18.036327 4.054202
-5.204068 18.036327 2.862943
-5.807490 18.036327 1.476580
-6.015144 18.036327 -0.010408
6.015147 18.036327 0.010404
5.812878 18.036327 1.496684
5.214475 18.036327 2.880967
4.260711 18.036327 4.068919
3.016584 18.036327 4.979577
1.566885 18.036327 5.550886
0.010406 18.036327 5.743911
-1.546783 18.036327 5.545500
-1.923432 16.573944 6.911692
-3.727999 16.573944 6.193582
-5.278512 16.573944 5.053390
-6.469301 16.573944 3.568812
-7.219212 16.573944 1.841029
-7.477152 16.573944 -0.012217
7.477154 16.573944 0.012212
7.225533 16.573944 1.864626
6.481517 16.573944 3.589969
5.295785 16.573944 5.070664
3.749152 16.573944 6.205796
1.947026 16.573944 6.918015
0.012214 16.573944 7.158782
-6.278521 18.118193 0.576490
-6.027700 17.596081 0.841643
-5.034507 18.560368 0.841643
-5.860826 18.741028 0.576490
-4.868975 18.721083 0.261199
-5.791211 18.844833 0.178910
-6.837297 18.667870 0.465591
-6.808243 18.156757 0.465591
-6.842139 18.753054 0.144494
-7.597632 17.982784 0.458543
-7.241518 17.761932 0.458543
-7.656984 18.019592 0.142306
-7.800633 17.051704 0.502483
-7.339251 17.191023 0.502483
-7.877531 17.028484 0.155943
-7.600039 16.107412 0.587894
-7.153501 16.678057 0.587894
-7.674461 16.012304 0.182450
-6.348136 18.014387 0.178910
-6.193233 17.435368 0.261199
-6.803401 18.071571 0.144494
-7.182165 17.725122 0.142306
-7.262352 17.214243 0.155943
-7.079078 16.773165 0.182450
-4.368436 0.580773 1.170518
-3.544630 0.277204 0.949780
-3.916634 0.580773 2.261268
-3.178030 0.277204 1.834835
-3.197917 0.580773 3.197915
-2.594849 0.277204 2.594847
-2.261270 0.580773 3.916631
-1.834836 0.277204 3.178028
-1.170519 0.580773 4.368434
-0.949781 0.277204 3.544629
0.000000 0.580773 4.522539
0.000000 0.277204 3.669672
1.170519 0.580773 4.368435
0.949782 0.277204 3.544630
2.261270 0.580773 3.916632
1.834837 0.277204 3.178028
3.197917 0.580773 3.197916
2.594849 0.277204 2.594848
3.916636 0.580773 2.261269
3.178031 0.277204 1.834835
4.368438 0.580773 1.170519
3.544632 0.277204 0.949780
-2.571814 0.280866 0.689115
-2.305825 0.280866 1.331267
-1.882698 0.280866 1.882697
-1.331269 0.280866 2.305824
-0.689115 0.280866 2.571813
0.000000 0.280866 2.662537
0.689116 0.280866 2.571813
1.331270 0.280866 2.305824
1.882699 0.280866 1.882697
2.305827 0.280866 1.331268
2.571815 0.280866 0.689115
-8.535916 10.956553 4.928208
-7.902090 9.683085 6.063481
-7.562960 12.232546 5.803257
-6.969548 10.956553 6.969544
-9.520569 10.956553 2.551026
-9.202170 9.683085 3.811659
-8.807246 12.232546 3.648077
-9.875144 9.683085 1.300084
-9.451338 12.232546 1.244289
9.520567 10.956554 2.551027
9.875144 9.683085 1.300085
9.451338 12.232548 1.244289
8.535919 10.956554 4.928210
9.202171 9.683085 3.811661
8.807246 12.232548 3.648078
6.969548 10.956554 6.969545
7.902091 9.683085 6.063483
7.562962 12.232548 5.803260
4.928210 10.956554 8.535908
6.063483 9.683085 7.902082
5.803260 12.232548 7.562954
2.551028 10.956553 9.520569
3.811662 9.683085 9.202166
3.648080 12.232548 8.807242
0.000000 10.956553 9.856419
1.300087 9.683085 9.875141
1.244292 12.232546 9.451336
-1.300088 9.683085 9.875141
-2.551031 10.956553 9.520568
-1.244293 12.232546 9.451335
-4.928214 10.956553 8.535908
-3.811666 9.683085 9.202164
-3.648083 12.232548 8.807241
-6.063486 9.683085 7.902081
-5.803263 12.232548 7.562953
7.194746 15.875664 1.927824
8.222338 14.747436 1.082488
6.411656 16.921503 0.844108
6.450641 15.875664 3.724274
7.661999 14.747437 3.173700
5.974714 16.921503 2.474805
5.266926 15.875664 5.266923
6.579516 14.747436 5.048635
5.130607 16.921503 3.936849
3.724275 15.875664 6.450633
5.048637 14.747437 6.579510
3.936851 16.921503 5.130602
1.927827 15.875664 7.194744
3.173703 14.747436 7.661995
2.474806 16.921503 5.974710
0.000000 15.875664 7.448547
1.082491 14.747436 8.222333
0.844110 16.921503 6.411653
-1.082492 14.747436 8.222333
-1.927828 15.875664 7.194744
-0.844111 16.921503 6.411652
-3.724277 15.875664 6.450633
-3.173706 14.747436 7.661994
-2.474807 16.921503 5.974710
-5.266926 15.875664 5.266921
-5.048638 14.747436 6.579507
-3.936851 16.921503 5.130600
-6.450639 15.875664 3.724272
-6.579515 14.747436 5.048633
-5.130605 16.921503 3.936848
-7.194746 15.875664 1.927823
-7.662000 14.747436 3.173700
-5.974713 16.921503 2.474804
-8.222336 14.747436 1.082488
-6.411655 16.921503 0.844108
-1.083208 4.610114 8.227763
0.000000 5.845444 8.979156
-2.323979 5.845444 8.673199
-1.240424 7.130295 9.421946
-4.489583 5.845444 7.776179
-3.175801 4.610114 7.667055
-3.636738 7.130295 8.779856
-6.349232 5.845444 6.349228
-5.051971 4.610114 6.583854
-5.785217 7.130295 7.539437
-7.776188 5.845444 4.489578
-6.583860 4.610114 5.051969
-7.539443 7.130295 5.785213
-8.673201 5.845444 2.323974
-7.667060 4.610114 3.175797
-8.779860 7.130295 3.636733
-8.227768 4.610114 1.083203
-9.421948 7.130295 1.240420
8.673201 5.845444 2.323975
8.227768 4.610114 1.083204
9.421949 7.130295 1.240421
7.776190 5.845444 4.489580
7.667061 4.610114 3.175798
8.779861 7.130295 3.636735
6.349232 5.845444 6.349230
6.583862 4.610114 5.051970
7.539445 7.130295 5.785215
4.489579 5.845444 7.776179
5.051970 4.610114 6.583854
5.785216 7.130295 7.539437
2.323977 5.845444 8.673199
3.175798 4.610114 7.667055
3.636735 7.130295 8.779856
1.083206 4.610114 8.227764
1.240422 7.130295 9.421946
-2.675776 17.907154 4.634579
-1.698784 18.820440 4.101228
-1.385084 17.907154 5.169200
-3.784120 17.907154 3.784118
-2.702376 18.820440 3.521804
-4.634581 17.907154 2.675774
-3.521806 18.820440 2.702375
-5.169202 17.907154 1.385081
-4.101229 18.820440 1.698783
-4.401161 18.820440 0.579422
5.169202 17.907154 1.385082
4.401162 18.820440 0.579423
4.634583 17.907154 2.675775
4.101231 18.820440 1.698784
3.784121 17.907154 3.784119
3.521807 18.820440 2.702376
2.675776 17.907154 4.634579
2.702377 18.820440 3.521805
1.385083 17.907154 5.169200
1.698785 18.820440 4.101228
0.000000 17.907154 5.351550
0.579424 18.820440 4.401160
-0.579423 18.820440 4.401160
8.693713 13.514620 2.329471
7.794581 13.514620 4.500197
6.364249 13.514620 6.364246
4.500198 13.514620 7.794570
2.329473 13.514620 8.693712
0.000000 13.514620 9.000394
-2.329476 13.514620 8.693712
-4.500202 13.514620 7.794570
-6.364249 13.514620 6.364243
-7.794579 13.514620 4.500196
-8.693713 13.514620 2.329471
-4.918479 8.408587 8.519049
-2.545992 8.408587 9.501763
-6.955782 8.408587 6.955779
-8.519058 8.408587 4.918474
-9.501765 8.408587 2.545987
9.501762 8.408587 2.545989
8.519060 8.408587 4.918476
6.955783 8.408587 6.955781
4.918476 8.408587 8.519050
2.545990 8.408587 9.501764
0.000000 8.408587 9.836950
7.243258 3.480385 1.940824
6.496112 2.413008 0.855227
6.494136 3.480385 3.749387
6.053413 2.413008 2.507404
5.302439 3.480385 5.302437
5.198186 2.413008 3.988706
3.749387 3.480385 6.494128
3.988708 2.413008 5.198181
1.940825 3.480385 7.243256
2.507405 2.413008 6.053408
0.000000 3.480385 7.498772
0.855229 2.413008 6.496108
-1.940827 3.480385 7.243256
-0.855231 2.413008 6.496107
-3.749389 3.480385 6.494128
-2.507406 2.413008 6.053408
-5.302439 3.480385 5.302436
-3.988706 2.413008 5.198181
-6.494135 3.480385 3.749385
-5.198186 2.413008 3.988705
-7.243258 3.480385 1.940823
-6.053412 2.413008 2.507402
-6.496109 2.413008 0.855227
-3.929606 19.649185 1.052933
-3.952490 20.286926 0.520354
-3.523188 19.649185 2.034113
-3.683136 20.286926 1.525603
-2.876671 19.649185 2.876671
-3.162780 20.286926 2.426885
-2.034113 19.649185 3.523188
-2.426886 20.286926 3.162779
-1.052934 19.649185 3.929605
-1.525604 20.286926 3.683135
0.000001 19.649185 4.068226
-0.520355 20.286926 3.952490
1.052935 19.649185 3.929605
0.520356 20.286926 3.952490
2.034114 19.649185 3.523188
1.525605 20.286926 3.683135
2.876672 19.649185 2.876671
2.426887 20.286926 3.162779
3.523190 19.649185 2.034113
3.162781 20.286926 2.426886
3.929608 19.649185 1.052934
3.683137 20.286926 1.525604
3.952492 20.286926 0.520354
-4.170747 -0.000000 1.117547
-4.616551 0.289383 0.607779
-3.739390 -0.000000 2.158937
-4.301942 0.289383 1.781921
-3.053197 -0.000000 3.053195
-3.694161 0.289383 2.834627
-2.158937 -0.000000 3.739388
-2.834629 0.289383 3.694158
-1.117548 -0.000000 4.170745
-1.781922 0.289383 4.301939
0.000001 -0.000000 4.317875
-0.607780 0.289383 4.616551
1.117549 -0.000000 4.170746
0.607781 0.289383 4.616551
2.158939 -0.000000 3.739389
1.781923 0.289383 4.301940
3.053198 -0.000000 3.053196
2.834629 0.289383 3.694159
3.739392 -0.000000 2.158937
3.694162 0.289383 2.834628
4.170749 -0.000000 1.117548
4.301943 0.289383 1.781922
4.616553 0.289383 0.607780
-3.692082 -0.027128 0.486071
-2.654533 -0.027128 0.711279
-3.440473 -0.027128 1.425089
-2.379989 -0.027128 1.374086
-2.954401 -0.027128 2.266989
-1.943252 -0.027128 1.943251
-2.266991 -0.027128 2.954399
-1.374087 -0.027128 2.379987
-1.425091 -0.027128 3.440472
-0.711279 -0.027128 2.654532
-0.486072 -0.027128 3.692082
0.000000 -0.027128 2.748174
0.486072 -0.027128 3.692082
0.711280 -0.027128 2.654532
1.425091 -0.027128 3.440472
1.374087 -0.027128 2.379988
2.266991 -0.027128 2.954400
1.943253 -0.027128 1.943252
2.954402 -0.027128 2.266990
2.379990 -0.027128 1.374086
3.440475 -0.027128 1.425090
2.654534 -0.027128 0.711279
3.692084 -0.027128 0.486071
-8.152769 9.681305 6.255834
-8.806216 11.005136 5.084264
-7.190246 11.005136 7.190242
-7.812453 12.304598 5.994699
-9.494094 9.681305 3.932578
-9.822048 11.005136 2.631806
-9.097787 12.304598 3.768422
-10.188417 9.681305 1.341327
-9.763126 12.304598 1.285336
10.188417 9.681305 1.341328
9.822046 11.005136 2.631808
9.763127 12.304598 1.285337
9.494094 9.681305 3.932580
8.806219 11.005136 5.084266
9.097788 12.304598 3.768423
8.152771 9.681305 6.255836
7.190246 11.005136 7.190243
7.812455 12.304598 5.994702
6.255835 9.681305 8.152763
5.084266 11.005136 8.806208
5.994702 12.304598 7.812447
3.932580 9.681305 9.494089
2.631809 11.005136 9.822047
3.768424 12.304598 9.097782
1.341330 9.681305 10.188413
0.000000 11.005136 10.168531
1.285339 12.304598 9.763123
-1.341331 9.681305 10.188413
-1.285341 12.304598 9.763123
-2.631812 11.005136 9.822046
-3.932584 9.681305 9.494088
-5.084270 11.005136 8.806207
-3.768428 12.304598 9.097781
-6.255839 9.681305 8.152762
-5.994705 12.304598 7.812446
8.123316 15.699086 0.007184
8.656820 14.704445 1.135327
7.848375 15.699086 2.060927
7.414505 16.573944 0.946482
8.067343 14.704445 3.325054
7.038595 15.699086 3.974223
6.912408 16.573944 2.750729
6.928093 14.704445 5.288188
5.749136 15.699086 5.616685
5.939246 16.573944 4.367522
5.316695 14.704445 6.890937
4.067878 15.699086 6.876371
4.561325 16.573944 5.686674
3.342975 14.704445 8.024075
2.109408 15.699086 7.667445
2.872559 16.573944 6.618283
1.141442 14.704445 8.610388
0.007186 15.699086 7.935998
0.988036 16.573944 7.098869
-1.137881 14.704445 8.609921
-0.963819 16.573944 7.095682
-2.095528 15.699086 7.663725
-3.339659 14.704445 8.022699
-4.055435 15.699086 6.869184
-2.849994 16.573944 6.608935
-5.313846 14.704445 6.888748
-5.738973 15.699086 5.606520
-4.541946 16.573944 5.671801
-6.925905 14.704445 5.285335
-7.031407 15.699086 3.961774
-5.924374 16.573944 4.348141
-8.065966 14.704445 3.321733
-7.844656 15.699086 2.047044
-6.903059 16.573944 2.728160
-8.656349 14.704445 1.131764
-8.123312 15.699086 -0.007189
-7.411315 16.573944 0.922262
0.000000 5.709818 9.266787
-1.118463 4.441127 8.495556
-1.279842 7.033648 9.721356
-2.398424 5.709818 8.951029
-3.279165 4.441127 7.916598
-4.633398 5.709818 8.025275
-3.752306 7.033648 9.058863
-5.216399 4.441127 6.798142
-6.552617 5.709818 6.552614
-5.969059 7.033648 7.779026
-6.798147 4.441127 5.216397
-8.025282 5.709818 4.633392
-7.779032 7.033648 5.969056
-7.916604 4.441127 3.279160
-8.951029 5.709818 2.398418
-9.058867 7.033648 3.752301
-8.495557 4.441127 1.118457
-9.721359 7.033648 1.279838
8.495561 4.441127 1.118459
8.951031 5.709818 2.398419
9.721361 7.033648 1.279839
7.916604 4.441127 3.279161
8.025286 5.709818 4.633394
9.058868 7.033648 3.752303
6.798148 4.441127 5.216397
6.552617 5.709818 6.552615
7.779034 7.033648 5.969058
5.216398 4.441127 6.798142
4.633394 5.709818 8.025274
5.969058 7.033648 7.779026
3.279162 4.441127 7.916597
2.398421 5.709818 8.951029
3.752303 7.033648 9.058863
1.118461 4.441127 8.495556
1.279841 7.033648 9.721357
-3.367588 17.363707 5.553981
-1.736501 17.363707 6.198524
-2.292198 18.036327 5.302505
-4.769181 17.363707 4.530945
-3.653399 18.036327 4.550449
-5.845760 17.363707 3.199128
-4.765626 18.036327 3.488288
-6.523958 17.363707 1.649298
-5.553082 18.036327 2.188404
-6.757563 17.363707 -0.012928
-5.962106 18.036327 0.739385
6.757565 17.363707 0.012924
6.530650 17.363707 1.674270
5.964824 18.036327 0.760018
5.858689 17.363707 3.221517
5.561049 18.036327 2.207631
4.787462 17.363707 4.549226
4.778297 18.036327 3.504799
3.389975 17.363707 5.566908
3.669910 18.036327 4.563119
1.761471 17.363707 6.205215
2.311424 18.036327 5.310469
0.012926 17.363707 6.420647
0.795421 18.036327 5.695920
-0.774789 18.036327 5.693203
9.019411 13.555325 2.416742
8.086595 13.555325 4.668791
6.602677 13.555325 6.602674
4.668791 13.555325 8.086584
2.416744 13.555325 9.019411
0.000000 13.555325 9.337582
-2.416747 13.555325 9.019409
-4.668795 13.555325 8.086582
-6.602676 13.555325 6.602671
-8.086592 13.555325 4.668788
-9.019411 13.555325 2.416741
-5.074499 8.357476 8.789282
-2.626753 8.357476 9.803169
-7.176426 8.357476 7.176423
-8.789291 8.357476 5.074492
-9.803171 8.357476 2.626748
9.803169 8.357476 2.626750
8.789293 8.357476 5.074494
7.176426 8.357476 7.176425
5.074493 8.357476 8.789282
2.626751 8.357476 9.803169
0.000000 8.357476 10.148989
6.715737 2.186212 0.884141
7.485372 3.282709 2.005698
6.258072 2.186212 2.592176
6.711209 3.282709 3.874713
5.373932 2.186212 4.123559
5.479679 3.282709 5.479677
4.123560 2.186212 5.373928
3.874714 3.282709 6.711202
2.592177 2.186212 6.258068
2.005699 3.282709 7.485370
0.884143 2.186212 6.715734
0.000000 3.282709 7.749426
-0.884144 2.186212 6.715734
-2.005701 3.282709 7.485369
-2.592179 2.186212 6.258067
-3.874717 3.282709 6.711201
-4.123561 2.186212 5.373927
-5.479679 3.282709 5.479676
-5.373932 2.186212 4.123558
-6.711209 3.282709 3.874712
-6.258071 2.186212 2.592175
-7.485372 3.282709 2.005697
-6.715736 2.186212 0.884141
-4.715666 18.964211 0.614548
-4.372655 19.279963 1.171648
-4.455451 19.490238 0.586570
-4.393927 18.964211 1.804612
-3.920415 19.279963 2.263451
-4.151820 19.490238 1.719739
-3.772748 18.964211 2.871696
-3.201005 19.279963 3.201005
-3.565249 19.490238 2.735711
-2.894463 18.964211 3.743077
-2.263452 19.279963 3.920414
-2.735712 19.490238 3.565248
-1.818925 18.964211 4.359374
-1.171649 19.279963 4.372654
-1.719740 19.490238 4.151820
-0.619431 18.964211 4.678586
0.000000 19.279963 4.526904
-0.586571 19.490238 4.455451
0.622277 18.964211 4.678960
1.171650 19.279963 4.372653
0.586572 19.490238 4.455451
1.821577 18.964211 4.360472
2.263453 19.279963 3.920414
1.719741 19.490238 4.151820
2.896741 18.964211 3.744824
3.201006 19.279963 3.201005
2.735712 19.490238 3.565248
3.774497 18.964211 2.873972
3.920417 19.279963 2.263452
3.565250 19.490238 2.735712
4.395027 18.964211 1.807264
4.372657 19.279963 1.171648
4.151823 19.490238 1.719739
4.716042 18.964211 0.617394
4.455453 19.490238 0.586570
-4.559652 19.622286 0.600288
-4.386474 19.578272 1.175350
-4.248920 19.622286 1.759959
-3.932804 19.578272 2.270605
-3.648630 19.622286 2.799691
-3.211121 19.578272 3.211121
-2.799692 19.622286 3.648629
-2.270605 19.578272 3.932804
-1.759959 19.622286 4.248919
-1.175352 19.578272 4.386473
-0.600289 19.622286 4.559652
0.000000 19.578272 4.541211
0.600290 19.622286 4.559652
1.175352 19.578272 4.386473
1.759960 19.622286 4.248919
2.270606 19.578272 3.932804
2.799693 19.622286 3.648629
3.211122 19.578272 3.211121
3.648631 19.622286 2.799692
3.932806 19.578272 2.270605
4.248922 19.622286 1.759959
4.386476 19.578272 1.175351
4.559654 19.622286 0.600288
-4.442051 19.700493 1.190242
-4.506092 19.873081 0.593237
-3.982634 19.700493 2.299374
-4.199009 19.873081 1.739285
-3.251807 19.700493 3.251807
-3.605771 19.873081 2.766804
-2.299375 19.700493 3.982634
-2.766805 19.873081 3.605770
-1.190243 19.700493 4.442051
-1.739286 19.873081 4.199009
0.000001 19.700493 4.598749
-0.593238 19.873081 4.506092
1.190244 19.700493 4.442051
0.593239 19.873081 4.506092
2.299376 19.700493 3.982634
1.739287 19.873081 4.199008
3.251808 19.700493 3.251807
2.766806 19.873081 3.605771
3.982636 19.700493 2.299374
3.605772 19.873081 2.766805
4.442054 19.700493 1.190243
4.199011 19.873081 1.739285
4.506094 19.873081 0.593237
-3.931553 20.866585 1.053455
-4.159806 20.863754 0.547647
-3.928728 20.782812 0.517226
-3.524934 20.866585 2.035120
-3.876323 20.863754 1.605624
-3.660992 20.782812 1.516431
-2.878096 20.866585 2.878096
-3.328674 20.863754 2.554180
-3.143764 20.782812 2.412295
-2.035121 20.866585 3.524934
-2.554181 20.863754 3.328673
-2.412295 20.782812 3.143764
-1.053456 20.866585 3.931553
-1.605624 20.863754 3.876322
-1.516432 20.782812 3.660991
0.000000 20.866585 4.070242
-0.547648 20.863754 4.159806
-0.517226 20.782812 3.928728
1.053457 20.866585 3.931553
0.547649 20.863754 4.159806
0.517227 20.782812 3.928728
2.035122 20.866585 3.524934
1.605626 20.863754 3.876322
1.516433 20.782812 3.660991
2.878098 20.866585 2.878096
2.554182 20.863754 3.328673
2.412297 20.782812 3.143764
3.524936 20.866585 2.035121
3.328675 20.863754 2.554181
3.143766 20.782812 2.412295
3.931555 20.866585 1.053455
3.876324 20.863754 1.605624
3.660994 20.782812 1.516432
4.159808 20.863754 0.547648
3.928730 20.782812 0.517226
-3.808904 20.627197 1.020591
-3.414970 20.627197 1.971633
-2.788311 20.627197 2.788311
-1.971633 20.627197 3.414969
-1.020592 20.627197 3.808903
0.000001 20.627197 3.943267
1.020593 20.627197 3.808904
1.971635 20.627197 3.414969
2.788313 20.627197 2.788311
3.414972 20.627197 1.971633
3.808906 20.627197 1.020592
-3.440872 20.542286 2.640273
-3.697754 20.759556 2.134898
-3.019203 20.759556 3.019203
-4.006980 20.542286 1.659744
-4.124309 20.759556 1.105104
-4.300019 20.542286 0.566107
4.300021 20.542286 0.566107
4.124310 20.759556 1.105104
4.006982 20.542286 1.659745
3.697756 20.759556 2.134898
3.440873 20.542286 2.640273
3.019204 20.759556 3.019203
2.640275 20.542286 3.440871
2.134900 20.759556 3.697753
1.659746 20.542286 4.006979
1.105105 20.759556 4.124308
0.566109 20.542286 4.300019
0.000000 20.759556 4.269798
-0.566108 20.542286 4.300019
-1.105105 20.759556 4.124308
-1.659745 20.542286 4.006979
-2.134899 20.759556 3.697753
-2.640273 20.542286 3.440871
-1.150069 20.200237 4.292117
0.000000 20.200237 4.443526
-2.221763 20.200237 3.848206
-3.142047 20.200237 3.142047
-3.848207 20.200237 2.221762
-4.292118 20.200237 1.150068
4.292119 20.200237 1.150068
3.848209 20.200237 2.221763
3.142048 20.200237 3.142047
2.221764 20.200237 3.848206
1.150069 20.200237 4.292117
-3.966243 1.103279 3.966241
-2.804557 1.103279 4.857633
-4.857637 1.103279 2.804555
-5.417987 1.103279 1.451743
5.417987 1.103279 1.451744
4.857638 1.103279 2.804556
3.966243 1.103279 3.966241
2.804557 1.103279 4.857634
1.451745 1.103279 5.417985
0.000000 1.103279 5.609112
-1.451746 1.103279 5.417985
-4.107161 -0.027128 1.100509
-3.682380 -0.027128 2.126022
-3.006649 -0.027128 3.006647
-2.126022 -0.027128 3.682378
-1.100510 -0.027128 4.107159
0.000000 -0.027128 4.252046
1.100511 -0.027128 4.107160
2.126024 -0.027128 3.682379
3.006649 -0.027128 3.006648
3.682382 -0.027128 2.126022
4.107163 -0.027128 1.100510
-3.743962 18.559746 3.638175
-2.645279 18.559746 4.457937
-4.587499 18.559746 2.570477
-5.118405 18.559746 1.327604
-5.300499 18.559746 -0.005741
5.300501 18.559746 0.005738
5.121377 18.559746 1.338693
4.593240 18.559746 2.580418
3.752080 18.559746 3.646293
2.655221 18.559746 4.463677
1.377414 18.559746 4.976869
0.005740 18.559746 5.150896
-1.366326 18.559746 4.973897
-6.128492 17.892710 0.697251
-6.069673 18.429611 0.636126
-5.531104 18.078224 0.928710
-5.432841 18.664080 0.697251
-5.791211 18.844833 0.397579
-4.868975 18.721083 0.580443
-5.316899 18.792643 0.216388
-6.527021 18.201389 0.502991
-6.348114 18.764444 0.502991
-6.822771 18.412313 0.513756
-6.842139 18.753056 0.321097
-6.318296 18.858286 0.156100
-7.056434 17.998749 0.453125
-7.270969 18.384846 0.453125
-7.419575 17.872358 0.505979
-7.656984 18.019592 0.316237
-7.306725 18.449196 0.140625
-7.333420 17.480867 0.474800
-7.765788 17.529099 0.474800
-7.569942 17.121363 0.554464
-7.877531 17.028484 0.346540
-7.837849 17.537138 0.147351
-7.266117 16.927868 0.542184
-7.727364 16.578506 0.542184
-7.376769 16.392735 0.648711
-7.674461 16.012304 0.405444
-7.804239 16.520281 0.168264
-6.348136 18.014387 0.397579
-6.244434 17.764147 0.216388
-6.193233 17.435368 0.580443
-6.803401 18.071571 0.321097
-6.556839 18.107548 0.156100
-7.182165 17.725122 0.316237
-7.020678 17.934399 0.140625
-7.261359 17.472828 0.147351
-7.262353 17.214245 0.346540
-7.189242 16.986095 0.168264
-7.079078 16.773165 0.405444
-3.578888 0.278296 0.471168
-3.984200 0.279909 1.067562
-4.483682 0.580772 0.590287
-4.053408 0.306318 1.086106
-3.334994 0.278296 1.381398
-3.572137 0.279909 2.062373
-4.178127 0.580772 1.730636
-3.634187 0.306318 2.098197
-2.863823 0.278296 2.197487
-2.916636 0.279909 2.916634
-3.587839 0.580772 2.753043
-2.967300 0.306318 2.967298
-2.197488 0.278296 2.863822
-2.062374 0.279909 3.572135
-2.753045 0.580772 3.587836
-2.098198 0.306318 3.634185
-1.381400 0.278296 3.334992
-1.067563 0.279909 3.984199
-1.730637 0.580772 4.178125
-1.086108 0.306318 4.053407
-0.471169 0.278296 3.578887
0.000000 0.279909 4.124748
-0.590288 0.580772 4.483681
0.000001 0.306318 4.196397
0.471170 0.278296 3.578888
1.067564 0.279909 3.984199
0.590288 0.580772 4.483681
1.086108 0.306318 4.053407
1.381400 0.278296 3.334992
2.062374 0.279909 3.572135
1.730638 0.580772 4.178125
2.098200 0.306318 3.634186
2.197490 0.278296 2.863822
2.916637 0.279909 2.916635
2.753046 0.580772 3.587837
2.967301 0.306318 2.967299
2.863824 0.278296 2.197488
3.572140 0.279909 2.062373
3.587840 0.580772 2.753044
3.634189 0.306318 2.098198
3.334995 0.278296 1.381399
3.984202 0.279909 1.067562
4.178129 0.580772 1.730637
4.053410 0.306318 1.086107
3.578891 0.278296 0.471169
4.483684 0.580772 0.590287
-5.248939 1.364737 1.406448
-4.706072 1.364737 2.717049
-3.842491 1.364737 3.842488
-2.717052 1.364737 4.706068
-1.406449 1.364737 5.248936
0.000000 1.364737 5.434101
1.406449 1.364737 5.248937
2.717052 1.364737 4.706069
3.842491 1.364737 3.842489
4.706074 1.364737 2.717051
5.248939 1.364737 1.406448
-7.819343 10.956553 5.999988
-9.105811 10.956553 3.771746
-9.771737 10.956553 1.286470
9.771737 10.956553 1.286471
9.105812 10.956554 3.771748
7.819345 10.956554 5.999989
5.999990 10.956554 7.819335
3.771748 10.956553 9.105805
1.286474 10.956553 9.771735
-1.286474 10.956553 9.771734
-3.771752 10.956553 9.105805
-5.999992 10.956553 7.819335
7.384555 15.875664 0.972193
6.881312 15.875664 2.850329
5.909122 15.875664 4.534224
4.534225 15.875664 5.909115
2.850331 15.875664 6.881306
0.972194 15.875664 7.384550
-0.972196 15.875664 7.384551
-2.850333 15.875664 6.881306
-4.534226 15.875664 5.909114
-5.909121 15.875664 4.534222
-6.881311 15.875664 2.850328
-7.384554 15.875664 0.972192
-1.171973 5.845444 8.902010
-3.436051 5.845444 8.295353
-5.465970 5.845444 7.123386
-7.123392 5.845444 5.465966
-8.295358 5.845444 3.436046
-8.902013 5.845444 1.171969
8.902015 5.845444 1.171970
8.295359 5.845444 3.436047
7.123394 5.845444 5.465968
5.465968 5.845444 7.123385
3.436048 5.845444 8.295353
1.171972 5.845444 8.902010
-2.047875 17.907154 4.944005
-3.257699 17.907154 4.245514
-4.245517 17.907154 3.257697
-4.944007 17.907154 2.047873
-5.305573 17.907154 0.698490
5.305573 17.907154 0.698490
4.944008 17.907154 2.047873
4.245518 17.907154 3.257698
3.257699 17.907154 4.245515
2.047875 17.907154 4.944005
0.698492 17.907154 5.305571
-0.698492 17.907154 5.305571
8.923069 13.514620 1.174741
8.314978 13.514620 3.444173
7.140241 13.514620 5.478894
5.478895 13.514620 7.140233
3.444174 13.514620 8.314973
1.174744 13.514620 8.923064
-1.174745 13.514620 8.923064
-3.444178 13.514620 8.314972
-5.478897 13.514620 7.140232
-7.140239 13.514620 5.478892
-8.314977 13.514620 3.444172
-8.923067 13.514620 1.174741
-3.764302 8.408587 9.087820
-5.988142 8.408587 7.803892
-7.803899 8.408587 5.988137
-9.087826 8.408587 3.764297
-9.752437 8.408587 1.283929
9.752437 8.408587 1.283930
9.087826 8.408587 3.764298
7.803901 8.408587 5.988139
5.988139 8.408587 7.803893
3.764298 8.408587 9.087821
1.283931 8.408587 9.752435
-1.283934 8.408587 9.752434
7.434348 3.480385 0.978748
6.927711 3.480385 2.869549
5.948966 3.480385 4.564798
4.564798 3.480385 5.948960
2.869550 3.480385 6.927706
0.978750 3.480385 7.434344
-0.978751 3.480385 7.434343
-2.869552 3.480385 6.927705
-4.564800 3.480385 5.948959
-5.948965 3.480385 4.564797
-6.927711 3.480385 2.869547
-7.434347 3.480385 0.978747
-4.033274 19.649185 0.530989
-3.758414 19.649185 1.556785
-3.227422 19.649185 2.476488
-2.476488 19.649185 3.227422
-1.556785 19.649185 3.758413
-0.530990 19.649185 4.033273
0.530991 19.649185 4.033273
1.556786 19.649185 3.758413
2.476490 19.649185 3.227422
3.227424 19.649185 2.476488
3.758415 19.649185 1.556785
4.033276 19.649185 0.530990
-4.280777 -0.000001 0.563574
-3.989049 -0.000001 1.652316
-3.425474 -0.000001 2.628456
-2.628458 -0.000001 3.425472
-1.652318 -0.000001 3.989048
-0.563575 -0.000001 4.280776
0.563575 -0.000001 4.280777
1.652318 -0.000001 3.989048
2.628459 -0.000001 3.425472
3.425475 -0.000001 2.628457
3.989052 -0.000001 1.652318
4.280780 -0.000001 0.563574
-2.787817 -0.027128 0.367022
-2.597832 -0.027128 1.076056
-2.230808 -0.027128 1.711758
-1.711759 -0.027128 2.230807
-1.076057 -0.027128 2.597831
-0.367023 -0.027128 2.787816
0.367023 -0.027128 2.787817
1.076058 -0.027128 2.597831
1.711760 -0.027128 2.230808
2.230810 -0.027128 1.711758
2.597834 -0.027128 1.076056
2.787819 -0.027128 0.367022
-8.066951 11.005136 6.189983
-9.394156 11.005136 3.891182
-10.081170 11.005136 1.327208
10.081169 11.005136 1.327209
9.394156 11.005136 3.891184
8.066953 11.005136 6.189985
6.189985 11.005136 8.066945
3.891184 11.005136 9.394152
1.327211 11.005136 10.081166
-1.327212 11.005136 10.081165
-3.891188 11.005136 9.394151
-6.189987 11.005136 8.066943
8.054458 15.699086 1.042940
7.507437 15.699086 3.043500
6.448802 15.699086 4.836655
4.950679 15.699086 6.300197
3.115180 15.699086 7.334386
1.067390 15.699086 7.868752
-1.053142 15.699086 7.866876
-3.101905 15.699086 7.328886
-4.939279 15.699086 6.291446
-6.440051 15.699086 4.825251
-7.501936 15.699086 3.030221
-8.052580 15.699086 1.028690
-1.209515 5.709818 9.187168
-3.546118 5.709818 8.561079
-5.641060 5.709818 7.351570
-7.351576 5.709818 5.641057
-8.561084 5.709818 3.546112
-9.187172 5.709818 1.209511
9.187174 5.709818 1.209512
8.561085 5.709818 3.546114
7.351577 5.709818 5.641058
5.641059 5.709818 7.351571
3.546115 5.709818 8.561079
1.209514 5.709818 9.187169
-2.573971 17.363707 5.926740
-4.103339 17.363707 5.085787
-5.353072 17.363707 3.898244
-6.237998 17.363707 2.445041
-6.697816 17.363707 0.825215
6.701191 17.363707 0.850845
6.247892 17.363707 2.468925
5.368810 17.363707 3.918754
4.123847 17.363707 5.101525
2.597852 17.363707 5.936632
0.894821 17.363707 6.367170
-0.869192 17.363707 6.363795
9.257360 13.555325 1.218752
8.626488 13.555325 3.573204
7.407740 13.555325 5.684154
5.684154 13.555325 7.407732
3.573205 13.555325 8.626482
1.218754 13.555325 9.257355
-1.218755 13.555325 9.257355
-3.573209 13.555325 8.626481
-5.684156 13.555325 7.407731
-7.407739 13.555325 5.684151
-8.626487 13.555325 3.573203
-9.257359 13.555325 1.218751
-3.883709 8.357476 9.376096
-6.178091 8.357476 8.051440
-8.051446 8.357476 6.178087
-9.376101 8.357476 3.883703
-10.061794 8.357476 1.324657
10.061794 8.357476 1.324658
9.376101 8.357476 3.883705
8.051449 8.357476 6.178088
6.178088 8.357476 8.051441
3.883706 8.357476 9.376096
1.324660 8.357476 10.061790
-1.324661 8.357476 10.061790
7.682848 3.282709 1.011464
7.159277 3.282709 2.965466
6.147816 3.282709 4.717381
4.717381 3.282709 6.147810
2.965468 3.282709 7.159272
1.011466 3.282709 7.682845
-1.011467 3.282709 7.682845
-2.965470 3.282709 7.159272
-4.717383 3.282709 6.147810
-6.147815 3.282709 4.717380
-7.159276 3.282709 2.965466
-7.682847 3.282709 1.011463
-4.488011 19.279963 0.590856
-4.182161 19.279963 1.732306
-3.591303 19.279963 2.755703
-2.755703 19.279963 3.591302
-1.732307 19.279963 4.182160
-0.590857 19.279963 4.488010
0.590858 19.279963 4.488010
1.732308 19.279963 4.182160
2.755704 19.279963 3.591303
3.591305 19.279963 2.755703
4.182163 19.279963 1.732306
4.488013 19.279963 0.590857
-4.502194 19.578272 0.592724
-4.195377 19.578272 1.737781
-3.602652 19.578272 2.764411
-2.764412 19.578272 3.602652
-1.737782 19.578272 4.195377
-0.592725 19.578272 4.502194
0.592726 19.578272 4.502194
1.737783 19.578272 4.195377
2.764413 19.578272 3.602652
3.602654 19.578272 2.764412
4.195380 19.578272 1.737781
4.502196 19.578272 0.592724
-4.559238 19.700493 0.600234
-4.248535 19.700493 1.759799
-3.648299 19.700493 2.799438
-2.799438 19.700493 3.648299
-1.759800 19.700493 4.248534
-0.600235 19.700493 4.559238
0.600235 19.700493 4.559238
1.759801 19.700493 4.248534
2.799439 19.700493 3.648299
3.648301 19.700493 2.799438
4.248537 19.700493 1.759799
4.559240 19.700493 0.600234
-4.035273 20.866585 0.531252
-3.760276 20.866585 1.557556
-3.229022 20.866585 2.477715
-2.477715 20.866585 3.229021
-1.557557 20.866585 3.760275
-0.531253 20.866585 4.035272
0.531254 20.866585 4.035272
1.557558 20.866585 3.760275
2.477717 20.866585 3.229021
3.229023 20.866585 2.477715
3.760278 20.866585 1.557556
4.035274 20.866585 0.531253
-3.909387 20.627197 0.514679
-3.642970 20.627197 1.508966
-3.128289 20.627197 2.400420
-2.400420 20.627197 3.128289
-1.508967 20.627197 3.642969
-0.514680 20.627197 3.909387
0.514681 20.627197 3.909388
1.508968 20.627197 3.642969
2.400421 20.627197 3.128289
3.128291 20.627197 2.400420
3.642972 20.627197 1.508967
3.909390 20.627197 0.514680
-3.387334 20.759556 2.599192
-3.944634 20.759556 1.633919
-4.233113 20.759556 0.557298
4.233115 20.759556 0.557299
3.944636 20.759556 1.633920
3.387335 20.759556 2.599192
2.599193 20.759556 3.387333
1.633921 20.759556 3.944633
0.557300 20.759556 4.233113
-0.557299 20.759556 4.233113
-1.633920 20.759556 3.944633
-2.599192 20.759556 3.387333
-0.579975 20.200237 4.405348
-1.700400 20.200237 4.105131
-2.704947 20.200237 3.525156
-3.525156 20.200237 2.704947
-4.105132 20.200237 1.700400
-4.405348 20.200237 0.579974
4.405350 20.200237 0.579974
4.105134 20.200237 1.700400
3.525158 20.200237 2.704947
2.704948 20.200237 3.525156
1.700402 20.200237 4.105131
0.579975 20.200237 4.405348
-3.414486 1.103279 4.449843
-4.449846 1.103279 3.414484
-5.181955 1.103279 2.146434
-5.560921 1.103279 0.732107
5.560923 1.103279 0.732108
5.181956 1.103279 2.146435
4.449847 1.103279 3.414485
3.414486 1.103279 4.449844
2.146435 1.103279 5.181952
0.732109 1.103279 5.560920
-0.732109 1.103279 5.560920
-2.146436 1.103279 5.181952
-4.215513 -0.027128 0.554982
-3.928233 -0.027128 1.627126
-3.373250 -0.027128 2.588383
-2.588385 -0.027128 3.373248
-1.627128 -0.027128 3.928231
-0.554983 -0.027128 4.215513
0.554983 -0.027128 4.215513
1.627128 -0.027128 3.928232
2.588386 -0.027128 3.373248
3.373251 -0.027128 2.588384
3.928236 -0.027128 1.627127
4.215516 -0.027128 0.554982
-3.222068 18.559746 4.082836
-4.201521 18.559746 3.130998
-4.894647 18.559746 1.965786
-5.254210 18.559746 0.666610
5.255710 18.559746 0.677991
4.899042 18.559746 1.976391
4.208510 18.559746 3.140105
3.231175 18.559746 4.089825
2.033641 18.559746 4.760828
0.697519 18.559746 5.107390
-0.686138 18.559746 5.105892
-2.023036 18.559746 4.756435
-5.780667 18.278395 0.769380
-5.316899 18.792643 0.480862
-6.437568 18.482916 0.555025
-6.318296 18.858286 0.346890
-7.163702 18.191797 0.500000
-7.306725 18.449196 0.312500
-7.549604 17.504984 0.523917
-7.837849 17.537138 0.327448
-7.496740 16.753189 0.598272
-7.804239 16.520281 0.373920
-6.244434 17.764147 0.480862
-6.556840 18.107548 0.346890
-7.020678 17.934399 0.312500
-7.261359 17.472828 0.327448
-7.189242 16.986095 0.373920
-4.089309 0.279909 0.538366
-4.160343 0.306318 0.547718
-3.810630 0.279909 1.578413
-3.876823 0.306318 1.605832
-3.272261 0.279909 2.510892
-3.329103 0.306318 2.554508
-2.510894 0.279909 3.272259
-2.554510 0.306318 3.329100
-1.578414 0.279909 3.810627
-1.605833 0.306318 3.876821
-0.538367 0.279909 4.089308
-0.547719 0.306318 4.160342
0.538368 0.279909 4.089308
0.547720 0.306318 4.160343
1.578415 0.279909 3.810628
1.605834 0.306318 3.876821
2.510895 0.279909 3.272260
2.554511 0.306318 3.329101
3.272262 0.279909 2.510893
3.329104 0.306318 2.554509
3.810632 0.279909 1.578414
3.876825 0.306318 1.605832
4.089311 0.279909 0.538367
4.160345 0.306318 0.547719
-5.387413 1.364737 0.709265
-5.020271 1.364737 2.079462
-4.311005 1.364737 3.307948
-3.307950 1.364737 4.311002
-2.079464 1.364737 5.020267
-0.709267 1.364737 5.387412
0.709266 1.364737 5.387412
2.079464 1.364737 5.020268
3.307950 1.364737 4.311003
4.311006 1.364737 3.307949
5.020272 1.364737 2.079463
5.387414 1.364737 0.709265
-2.700945 0.280643 0.355585
-2.516881 0.280643 1.042525
-2.161294 0.280643 1.658417
-1.658419 0.280643 2.161292
-1.042526 0.280643 2.516879
-0.355586 0.280643 2.700945
0.355587 0.280643 2.700945
1.042527 0.280643 2.516880
1.658420 0.280643 2.161293
2.161295 0.280643 1.658418
2.516882 0.280643 1.042526
2.700947 0.280643 0.355585
