-13.352219 36.159589 -10.087364
11.075748 0.014980 13.325487
10.970020 36.165479 13.273959
-13.350592 36.168164 9.937681
-10.493317 36.169025 13.283206
-4.016903 36.168115 14.096671
3.338018 0.016425 14.141071
-13.923419 36.161005 -6.794118
-13.813263 36.166956 7.092012
-14.093140 0.013260 -0.163947
12.535844 0.014316 12.478951
5.993848 36.164236 10.213469
3.734435 36.165143 11.057646
2.915602 36.165546 11.496622
-3.524352 36.166818 11.823590
-6.264500 36.167050 11.159938
-8.495085 36.166998 9.985435
-10.106961 36.166425 7.907028
-11.329078 36.165353 5.065999
-11.763803 36.164218 2.312727
-11.852000 36.163116 -0.148026
-11.469720 36.161615 -3.390498
-10.728336 36.160370 -5.746361
-9.541674 36.159259 -7.677916
7.306802 0.013942 10.867768
3.074966 0.015294 11.987036
-3.038235 0.016371 12.074977
-6.250114 0.016241 10.471055
-8.442899 0.015854 8.727435
-10.137785 0.015161 6.330061
-11.079614 0.014012 3.467672
-11.258284 0.012521 -0.017712
-10.808096 0.010863 -3.506419
-9.917046 0.009546 -6.051503
-8.769099 0.008437 -7.857833
-13.339520 32.529419 13.288176
-13.341838 32.519348 -10.081671
-13.250061 0.474774 -10.034778
-13.253004 0.017665 9.978038
-10.483898 32.528784 13.286552
-12.322490 32.754019 12.249537
-13.341240 32.527924 9.941174
10.981222 32.525238 13.278928
-14.062053 36.162262 -3.720301
-14.051929 32.522021 -3.715266
-13.959238 0.011761 -3.670534
-14.061411 36.165271 3.298232
-14.051646 32.525031 3.302486
-13.960724 0.014772 3.343344
-4.006849 32.527875 14.100497
-3.915676 0.017615 14.140359
3.233810 36.166925 14.093155
3.244485 32.526685 14.097552
-13.913177 32.520764 -6.788759
-13.820157 0.010504 -6.742532
-13.803732 32.526715 7.095823
-13.714270 0.016457 7.134369
-14.195042 36.163760 -0.211458
-14.185088 32.523520 -0.206808
-13.737228 8.244717 7.123979
-13.983925 8.243034 3.332690
-14.116467 8.241520 -0.174809
-13.982603 8.240023 -3.681562
-13.844620 8.652095 -6.754222
-13.272542 8.491259 -10.045627
-13.111165 8.313158 -13.138300
11.053381 8.243240 13.313565
3.315204 8.244685 14.129515
-3.938506 8.245876 14.129431
11.063347 4.626137 13.318790
3.325304 4.627582 14.134543
-3.928456 4.628772 14.134154
-13.041739 4.829913 13.125368
-13.265787 4.628822 9.972242
-13.727174 4.627614 7.128484
-13.973752 4.625929 3.337342
-14.106227 4.624417 -0.170039
-13.972333 4.622919 -3.676691
-13.833209 4.621660 -6.748723
-13.066698 8.343661 9.967715
-12.888705 8.248447 12.950053
-10.419063 8.562174 12.980283
-10.395714 0.018524 13.322995
-10.408412 4.629681 13.317151
-12.079980 4.389290 12.138215
-13.261560 4.620245 -10.040268
12.524249 4.387637 12.472676
13.361607 8.243045 13.313901
12.280396 32.660986 12.271664
-13.545355 0.223570 -8.329903
-11.593078 0.008862 -9.229797
-10.340414 0.008220 -9.852203
-13.298665 29.389240 -13.297400
-13.333154 29.450003 -10.076965
-13.331252 28.715918 -10.075940
-13.866853 28.830243 -6.783514
-13.126454 29.373810 -10.076884
-13.868361 29.398981 -6.784292
-14.043057 29.263632 -3.710879
-13.124548 28.778635 -10.075858
-14.041937 28.870874 -3.710328
-13.261166 23.740848 -13.267250
-13.316650 23.677542 -10.068159
-13.274243 24.260056 -13.262938
-13.294659 23.707460 -11.576541
-13.288905 23.863559 -12.052846
-13.309288 21.202826 -10.064296
-13.880923 21.194408 -6.772209
-13.900691 21.186000 -6.335220
-13.307347 20.485388 -10.063284
-13.879379 20.589961 -6.771430
-13.069971 20.678897 -10.038297
-13.752269 20.755441 -6.771564
-14.018828 20.627786 -3.687724
-13.071526 21.123558 -10.039107
-13.753427 21.120753 -6.772150
-13.168306 13.560138 -13.188126
-13.286771 13.371634 -10.052728
-13.997382 13.303745 -3.684019
-13.160841 12.629717 -13.181964
-13.284837 12.724011 -10.051753
-13.856934 12.826854 -6.760242
-13.995821 12.736001 -3.683786
-13.005360 13.314810 -13.025562
-13.127290 13.278439 -10.005913
-13.858481 13.368814 -6.761005
-13.000348 12.749230 -13.021297
-13.125742 12.769506 -10.005135
-13.910638 28.324445 5.297782
-13.792511 28.230054 7.100380
-13.291382 28.075403 9.945483
-13.254497 27.906998 13.223105
-10.472114 27.972665 13.227719
-3.994724 28.148465 14.105254
-13.793222 28.422049 7.100090
-13.297269 28.594098 9.944939
-13.270387 28.856366 13.409998
-10.473867 28.617386 13.236002
-12.790640 28.609390 12.842763
-10.229977 28.480124 13.039218
-4.623331 28.131396 14.020096
-10.228922 28.057321 13.033755
-12.780167 28.037967 12.834724
-12.910426 28.132782 9.715886
-12.914508 28.482361 9.715472
-13.749937 12.742714 7.118382
-13.115672 12.631912 9.962575
-12.969830 12.586996 13.009816
-13.748068 12.114764 7.119198
-13.105501 11.755492 9.963681
-12.950414 11.550259 12.995529
-12.763957 11.873579 9.726412
-12.023717 11.683523 12.287307
-12.038418 12.468098 12.298104
-12.771275 12.504921 9.725615
-13.749564 12.609413 7.118544
-10.430480 12.565921 13.030792
-3.950938 12.618868 14.123766
-10.427529 11.607844 13.018767
-3.949047 11.917459 14.124614
-10.089693 12.476390 12.804761
-10.087473 11.708516 12.795066
-13.771489 20.445415 7.109128
-13.205301 20.486191 9.953558
-13.118930 20.593237 13.120854
-13.098820 19.509335 13.105759
-13.196182 19.684705 9.954448
-13.770015 19.946510 7.109752
-14.018344 20.326973 3.317181
-10.452124 20.533562 13.132350
-3.973315 20.485657 14.114037
-10.449937 19.732738 13.122121
-12.656339 20.424834 12.530000
-13.092416 20.160258 9.733842
-10.364014 20.279233 12.788580
-7.016893 20.131830 13.647960
13.299545 29.183215 13.283351
3.254935 28.823291 14.101959
12.670271 32.525089 13.278738
13.294667 30.703857 13.281100
12.961852 32.569147 12.951901
13.303206 27.989874 13.285052
10.994138 28.277881 13.284779
3.256493 28.282318 14.102625
10.967012 28.948987 13.286340
3.278428 20.855562 14.112247
11.015125 21.242879 13.294586
13.325861 20.469795 13.295844
11.017531 20.451176 13.295737
10.812746 20.553378 13.060861
10.810741 21.137663 13.059904
4.715500 20.539809 13.961052
13.344456 14.292119 13.305060
4.538540 13.353160 13.991870
11.038868 13.342993 13.306180
13.347173 13.309923 13.306436
8.403398 13.316776 13.583990
11.036922 13.960597 13.305208
-8.629729 36.158588 -8.617384
9.364638 0.012741 9.311034
13.230716 4.967838 13.178844
-13.178967 24.055020 -13.184499
-13.081207 23.839453 -13.087059
-13.184956 20.459875 -13.195270
-13.035291 21.185887 -13.044673
12.317583 28.283307 12.301791
12.348051 20.605214 12.319832
13.225215 21.398647 13.196808
-12.971057 20.677156 -12.981157
10.212221 36.161096 6.000895
13.277919 36.163837 10.969219
12.269490 36.164764 12.266765
8.480418 36.162851 8.484032
-10.095806 36.157443 -13.339297
-6.800600 36.156082 -13.906905
-5.755418 36.156870 -10.712422
-7.688944 36.157922 -9.528011
-3.725255 36.154956 -14.042542
-3.397564 36.155762 -11.451295
-0.214423 36.153699 -14.172420
-0.152832 36.154541 -11.830766
3.297435 36.152527 -14.036063
2.309599 36.153726 -11.740747
7.093929 36.151346 -13.785385
5.064643 36.153036 -11.304536
9.941805 36.150601 -13.321277
7.907496 36.152686 -10.081780
12.252152 36.150427 -12.301656
9.987064 36.152893 -8.470515
13.289151 36.151004 -10.465259
11.161908 36.153769 -6.241917
14.101627 36.154333 -3.996210
11.825540 36.155121 -3.504749
14.097491 36.158713 3.244830
11.497407 36.158954 2.926974
11.057748 36.159555 3.744630
10.924457 0.011250 7.256847
13.384193 0.013335 11.021293
-7.815920 0.007765 -8.809240
-6.006582 0.006711 -9.954523
-6.695609 0.005582 -13.853589
-8.285389 0.219987 -13.579895
-9.187353 0.007179 -11.630916
-9.811416 0.007829 -10.380139
-9.972521 0.008028 -10.012816
-8.245302 0.008105 -8.286371
-3.457897 0.005539 -10.842772
-3.619931 0.004456 -13.990268
0.035326 0.004193 -11.289955
-0.109135 0.003200 -14.121526
3.524760 0.003159 -11.109187
3.402345 0.002028 -13.986728
6.390282 0.002609 -10.166478
7.198042 0.000845 -13.737909
8.789568 0.002759 -8.472404
10.045131 0.000101 -13.275180
12.212827 0.000000 -12.090350
10.534248 0.003384 -6.281413
13.392589 0.000504 -10.419633
12.138470 0.004828 -3.073124
14.207263 0.003835 -3.948111
12.047432 0.008430 3.031632
14.204346 0.008212 3.295393
13.381293 4.611661 -10.424076
12.202222 4.370914 -12.094436
12.262858 32.735504 -12.296503
9.953290 32.510361 -13.315649
-9.992850 0.472629 -13.285910
-6.708224 4.616737 -13.859343
-10.004178 4.618100 -13.291232
-12.472099 36.158521 -12.461956
-12.462373 32.679855 -12.456467
-10.085130 32.517203 -13.333310
7.105374 32.511105 -13.779662
10.033729 4.611258 -13.279596
13.371933 4.624492 11.014734
14.109172 32.518472 3.250234
13.289331 32.523596 10.974398
14.195569 4.614992 -3.953232
13.300737 32.510764 -10.459745
-0.121378 4.614357 -14.126773
-3.632395 4.615613 -13.995795
-6.789699 32.515842 -13.900887
-3.714177 32.514716 -14.036555
-0.203187 32.513458 -14.166492
3.308790 32.512286 -14.030219
7.186382 4.612003 -13.742549
3.390359 4.613185 -13.991689
14.113338 32.514093 -3.990726
14.192297 4.619370 3.289528
13.303833 32.509406 -13.312056
13.433757 28.836218 -13.246625
13.258476 28.599365 -10.454130
14.127127 28.134686 -3.984305
7.117647 28.406439 -13.773630
5.313753 28.310196 -13.892447
14.182495 8.236474 3.284797
14.175632 11.903679 -3.962116
14.186000 8.232096 -3.957475
-3.704591 29.256326 -14.031453
-3.703390 28.863568 -14.030818
-3.667480 20.620480 -14.018407
9.964952 28.576672 -13.276108
3.380648 8.230289 -13.995877
3.345649 20.314229 -14.011966
-0.131243 8.231460 -14.131168
13.410603 8.544353 -10.336308
13.010464 8.228979 -12.894902
13.122519 4.810245 -12.985460
-10.015067 8.489113 -13.296500
-13.104303 4.619196 -13.136748
-6.719424 8.647173 -13.864632
10.023724 8.326363 -13.074597
-3.642384 8.232716 -14.000383
7.176877 8.229107 -13.746504
13.362029 8.241596 11.009572
14.122133 28.274106 3.256259
14.145300 20.847350 3.267110
13.323677 21.241234 10.990497
-10.076234 29.447858 -13.328391
-13.340274 32.518304 -13.335231
-6.780655 29.394049 -13.859695
-12.301745 0.814565 -12.340007
-12.312053 4.445694 -12.344928
13.289357 32.524683 12.660547
-13.105763 29.327536 -13.104567
-10.076353 29.371783 -13.121812
-13.284212 28.289554 -13.284286
-13.257552 24.260056 -13.279630
-12.045867 23.862694 -13.293369
-10.074289 28.713773 -13.327322
-10.059412 23.675397 -13.319269
-10.051947 21.200679 -13.315303
-6.756035 21.189485 -13.882925
-10.074407 28.776611 -13.120747
-6.779071 28.825311 -13.858844
-12.808406 28.617279 -12.807919
-6.318677 21.180791 -13.902316
-13.245715 21.999121 -13.254088
-13.235922 21.274765 -13.245183
-11.569067 23.706342 -13.298889
-10.026955 21.121533 -13.077716
-6.756164 21.115952 -13.755617
-10.049983 20.483241 -13.314267
-10.029271 13.369487 -13.303575
-6.733234 13.363892 -13.871362
-6.754448 20.585039 -13.882104
-3.652367 13.296437 -14.007443
-3.651326 12.728694 -14.006679
-10.025383 20.676872 -13.076889
-6.754973 20.750639 -13.755000
-9.982253 13.276288 -13.144296
-10.027335 12.721864 -13.302597
-9.980704 12.767355 -13.143515
-6.731682 12.821931 -13.870596
7.166234 12.099154 -13.751089
7.164734 12.593803 -13.751749
7.164359 12.727103 -13.751913
7.118465 28.214444 -13.773235
7.141875 20.429803 -13.762097
9.989568 20.468756 -13.194490
9.966585 28.057977 -13.270840
13.160828 20.573499 -13.105858
13.248624 27.886987 -13.231902
13.170844 20.515681 -10.443015
13.251591 27.954645 -10.453175
14.150557 20.471877 -3.973500
14.042072 28.117178 -4.611983
9.736511 28.115756 -12.890457
12.859074 28.018637 -12.758304
12.865984 28.590060 -12.768167
13.061627 28.462381 -10.210747
13.056999 28.039578 -10.210173
9.735284 28.465335 -12.894067
9.776819 11.856546 -12.766682
9.774962 12.487889 -12.772946
12.340923 11.665141 -12.025963
12.350446 12.449716 -12.039395
10.014850 11.738057 -13.107762
13.051140 11.530656 -12.950940
13.063727 12.567393 -12.968669
10.012258 12.614478 -13.116458
7.143462 19.930899 -13.761362
12.856647 12.458924 -10.093086
13.083076 12.548041 -10.433047
14.173738 12.605087 -3.962969
13.072749 11.589964 -10.431787
12.848224 11.691050 -10.092131
9.991936 19.667270 -13.186479
13.147752 19.489597 -13.087207
12.569425 20.405780 -12.644549
9.769896 20.143106 -13.082309
13.162115 19.714857 -10.441952
13.686055 20.116028 -7.013069
12.827106 20.261630 -10.355594
13.302449 28.276239 10.980452
13.302658 28.947345 10.954610
14.120462 28.815079 3.255481
13.626834 13.312888 8.371522
13.347539 13.341348 11.002206
12.355698 13.516035 12.316793
13.090921 20.551729 10.787189
13.326103 20.449532 10.991666
13.994028 20.532901 4.700949
13.088899 21.136014 10.786217
13.345590 13.958954 11.001231
14.036581 13.346106 4.513444
12.354138 14.131578 12.316011
-13.173901 23.790210 -13.179784
12.315575 28.981384 12.300880
