8.578726 20.130772 -0.299898
8.524293 20.078718 -0.374862
6.054443 22.276501 -0.352905
6.066075 22.295460 -0.299897
6.026361 22.230726 -0.374862
3.134427 23.474747 -0.352905
3.140030 23.496180 -0.299898
3.120899 23.423000 -0.374863
-0.000317 23.859135 -0.352905
0.000000 23.881218 -0.299897
-0.001084 23.805824 -0.374862
-3.134775 23.565990 -0.352906
-3.140032 23.587551 -0.299898
-3.122083 23.513939 -0.374862
-6.091405 22.367687 -0.352906
-6.102624 22.386833 -0.299898
-6.064323 22.321468 -0.374862
-8.562590 20.389677 -0.352905
-8.578727 20.404884 -0.299897
-8.523631 20.352964 -0.374863
-10.487465 17.668655 -0.352905
-10.506753 17.679409 -0.299897
-10.440898 17.642694 -0.374862
-11.697397 14.818868 -0.352905
-11.718761 14.824731 -0.299897
-11.645817 14.804713 -0.374862
-12.110017 11.761147 -0.352906
-12.132154 11.761285 -0.299897
-12.056572 11.760818 -0.374863
-11.715617 8.539097 -0.352906
-11.737035 8.533372 -0.299898
-11.663905 8.552916 -0.374863
-10.579150 5.854659 -0.352906
-10.598125 5.843161 -0.299897
-10.533338 5.882417 -0.374863
-8.563228 3.407508 -0.352905
-8.578729 3.391793 -0.299897
-8.525805 3.445448 -0.374862
-6.218549 1.529316 -0.352906
-6.230545 1.510793 -0.299898
-6.189587 1.574034 -0.374862
-3.134730 -0.053007 -0.352905
-3.140034 -0.074964 -0.299897
-3.121924 0.000001 -0.374862
-0.000001 -0.053008 -0.352905
-0.000001 -0.074965 -0.299897
-0.000001 0.000000 -0.374862
3.135253 -0.053008 -0.352905
3.140030 -0.074965 -0.299897
3.123719 0.000000 -0.374862
6.300921 1.392968 -0.352906
6.312274 1.374015 -0.299898
6.273514 1.438725 -0.374862
8.945988 3.407421 -0.352906
8.961703 3.391791 -0.299898
8.908049 3.445159 -0.374863
10.706439 5.744797 -0.352905
10.725598 5.733737 -0.299897
10.660187 5.771496 -0.374862
11.915922 8.593525 -0.352906
11.937605 8.588415 -0.299898
11.863569 8.605858 -0.374862
12.110109 11.760480 -0.352906
12.132154 11.761284 -0.299897
12.056882 11.758538 -0.374863
11.697392 14.818866 0.352902
11.718756 14.824728 0.299895
11.645813 14.804711 0.374860
10.487683 17.668131 0.352903
10.506750 17.679405 0.299894
10.441651 17.640913 0.374859
8.562784 20.115524 0.352903
8.578726 20.130772 0.299894
8.524293 20.078718 0.374860
6.054443 22.276501 0.352903
6.066075 22.295460 0.299895
6.026361 22.230726 0.374860
3.134427 23.474745 0.352903
3.140030 23.496178 0.299895
3.120899 23.423000 0.374860
-0.000317 23.859135 0.352903
0.000000 23.881216 0.299895
-0.001084 23.805824 0.374860
-3.134775 23.565990 0.352902
-3.140032 23.587551 0.299894
-3.122083 23.513939 0.374860
-6.091405 22.367687 0.352902
-6.102624 22.386833 0.299894
-6.064323 22.321468 0.374860
-8.562590 20.389677 0.352903
-8.578727 20.404884 0.299895
-8.523631 20.352964 0.374859
-10.487465 17.668655 0.352903
-10.506753 17.679409 0.299895
-10.440898 17.642694 0.374860
-11.697397 14.818868 0.352903
-11.718761 14.824731 0.299895
-11.645817 14.804713 0.374860
-12.110017 11.761147 0.352903
-12.132154 11.761285 0.299895
-12.056572 11.760818 0.374859
-11.715617 8.539097 0.352902
-11.737035 8.533372 0.299894
-11.663905 8.552916 0.374860
-10.579150 5.854659 0.352902
-10.598125 5.843161 0.299895
-10.533338 5.882417 0.374860
-8.563228 3.407507 0.352903
-8.578729 3.391792 0.299895
-8.525805 3.445448 0.374860
-6.218549 1.529315 0.352902
-6.230545 1.510792 0.299894
-6.189587 1.574034 0.374860
-3.134730 -0.053008 0.352903
-3.140034 -0.074965 0.299895
-3.121924 0.000001 0.374860
-0.000001 -0.053009 0.352903
-0.000001 -0.074965 0.299895
-0.000001 -0.000000 0.374860
3.135253 -0.053009 0.352903
3.140030 -0.074965 0.299895
3.123719 -0.000000 0.374860
6.300921 1.392967 0.352902
6.312274 1.374014 0.299894
6.273514 1.438725 0.374860
8.945988 3.407421 0.352902
8.961703 3.391790 0.299894
8.908049 3.445159 0.374859
10.706439 5.744797 0.352903
10.725598 5.733737 0.299895
10.660187 5.771496 0.374860
11.915922 8.593525 0.352902
11.937605 8.588415 0.299895
11.863569 8.605858 0.374860
12.110109 11.760480 0.352902
12.132154 11.761284 0.299895
12.056882 11.758538 0.374859
2.911226 10.947616 -0.352906
2.963577 10.935282 -0.374862
2.889541 10.952724 -0.299898
2.961194 11.762533 -0.352906
3.014420 11.764475 -0.374863
2.939147 11.761729 -0.299897
2.599667 10.213792 -0.352905
2.645920 10.187093 -0.374862
2.580508 10.224850 -0.299897
2.146473 9.612079 -0.352905
2.184412 9.574343 -0.374862
2.130758 9.627709 -0.299897
1.466571 9.094273 -0.352906
1.493978 9.048515 -0.374862
1.455218 9.113226 -0.299898
0.652658 8.722504 -0.352906
0.667834 8.671159 -0.374862
0.646372 8.743771 -0.299898
-0.154261 8.603579 -0.352905
-0.154261 8.549998 -0.374863
-0.154261 8.625772 -0.299897
-0.961687 8.722578 -0.352905
-0.978088 8.671414 -0.374863
-0.954894 8.743772 -0.299898
-1.754896 9.129578 -0.352906
-1.783858 9.084860 -0.374862
-1.742899 9.148101 -0.299898
-2.357132 9.611996 -0.352905
-2.394556 9.574056 -0.374863
-2.341630 9.627710 -0.299897
-2.875504 10.241253 -0.352905
-2.921314 10.213493 -0.374863
-2.856528 10.252750 -0.299898
-3.168343 10.932964 -0.352905
-3.220055 10.919146 -0.374863
-3.146922 10.938689 -0.299897
-3.269807 11.761866 -0.352906
-3.323251 11.762196 -0.374863
-3.247670 11.761729 -0.299897
-3.163626 12.548697 -0.352905
-3.215205 12.562852 -0.374862
-3.142263 12.542834 -0.299898
-2.852519 13.281462 -0.352906
-2.899084 13.307423 -0.374863
-2.833230 13.270708 -0.299897
-2.357768 13.980847 -0.352906
-2.396726 14.017561 -0.374862
-2.341630 13.965639 -0.299897
-1.721500 14.490133 -0.352905
-1.748584 14.536354 -0.374862
-1.710283 14.470988 -0.299897
-0.960150 14.798704 -0.352906
-0.972842 14.850757 -0.374862
-0.954893 14.777143 -0.299898
-0.153943 14.874103 -0.352905
-0.153176 14.927414 -0.374862
-0.154261 14.852020 -0.299897
0.651976 14.775280 -0.352906
0.665504 14.827026 -0.374863
0.646372 14.753845 -0.299898
1.404076 14.466652 -0.352905
1.432157 14.512425 -0.374862
1.392443 14.447692 -0.299897
2.049051 13.910994 -0.352905
2.087541 13.947801 -0.374862
2.033108 13.895747 -0.299898
2.543775 13.281981 -0.352905
2.589807 13.309199 -0.374862
2.524708 13.270708 -0.299897
2.855105 12.548697 -0.352905
2.906683 12.562851 -0.374862
2.833740 12.542833 -0.299898
2.855105 12.548697 0.352903
2.906683 12.562851 0.374860
2.833740 12.542833 0.299894
2.961194 11.762533 0.352902
3.014420 11.764475 0.374859
2.939147 11.761729 0.299895
2.543775 13.281981 0.352903
2.589807 13.309199 0.374860
2.524708 13.270708 0.299895
2.049051 13.910994 0.352903
2.087541 13.947801 0.374860
2.033108 13.895747 0.299894
1.404076 14.466652 0.352903
1.432157 14.512425 0.374860
1.392443 14.447692 0.299895
0.651976 14.775280 0.352902
0.665504 14.827026 0.374859
0.646372 14.753845 0.299894
-0.153943 14.874103 0.352903
-0.153176 14.927414 0.374860
-0.154261 14.852020 0.299895
-0.960150 14.798704 0.352902
-0.972842 14.850757 0.374860
-0.954893 14.777143 0.299894
-1.721500 14.490133 0.352903
-1.748584 14.536354 0.374860
-1.710283 14.470988 0.299895
-2.357768 13.980847 0.352902
-2.396726 14.017561 0.374860
-2.341630 13.965639 0.299895
-2.852519 13.281462 0.352903
-2.899084 13.307423 0.374859
-2.833230 13.270708 0.299895
-3.163626 12.548697 0.352903
-3.215205 12.562852 0.374860
-3.142263 12.542834 0.299894
-3.269807 11.761866 0.352902
-3.323251 11.762196 0.374859
-3.247670 11.761729 0.299895
-3.168343 10.932964 0.352903
-3.220055 10.919146 0.374859
-3.146922 10.938689 0.299895
-2.875504 10.241253 0.352903
-2.921314 10.213493 0.374860
-2.856528 10.252750 0.299894
-2.357132 9.611996 0.352903
-2.394556 9.574056 0.374860
-2.341630 9.627710 0.299895
-1.754896 9.129578 0.352902
-1.783858 9.084860 0.374860
-1.742899 9.148101 0.299894
-0.961687 8.722578 0.352903
-0.978088 8.671414 0.374859
-0.954894 8.743772 0.299895
-0.154261 8.603579 0.352903
-0.154261 8.549998 0.374859
-0.154261 8.625772 0.299895
0.652658 8.722504 0.352902
0.667834 8.671159 0.374860
0.646372 8.743771 0.299894
1.466571 9.094273 0.352903
1.493978 9.048515 0.374860
1.455218 9.113226 0.299895
2.146473 9.612079 0.352903
2.184412 9.574343 0.374860
2.130758 9.627709 0.299895
2.599667 10.213792 0.352903
2.645920 10.187093 0.374860
2.580508 10.224850 0.299895
2.911226 10.947616 0.352903
2.963577 10.935282 0.374860
2.889541 10.952724 0.299894
