-13.143855 18.743324 -1.964787
-13.012775 19.232519 -1.282426
-12.943030 19.492813 -0.445386
-12.943029 19.492815 0.445380
-13.012775 19.232519 1.282424
-13.143854 18.743326 1.964789
-13.320457 18.084236 2.410171
-13.521282 17.334745 2.564853
-13.722108 16.585257 2.410171
-13.898709 15.926166 1.964789
-14.029789 15.436972 1.282424
-14.099535 15.176677 0.445384
-14.099535 15.176677 -0.445386
-14.029789 15.436972 -1.282426
-13.898709 15.926166 -1.964787
-13.722108 16.585257 -2.410172
-13.521282 17.334745 -2.564853
-13.362573 17.927057 -1.904729
-13.223004 18.447929 -1.552754
-13.119414 18.834536 -1.013486
-13.064295 19.040241 -0.351983
-13.064294 19.040243 0.351977
-13.119414 18.834536 1.013480
-13.223004 18.447929 1.552749
-13.362572 17.927059 1.904731
-13.521281 17.334745 2.026969
-13.679991 16.742434 1.904731
-13.819558 16.221561 1.552749
-13.923148 15.834956 1.013480
-13.978268 15.629250 0.351981
-13.978268 15.629250 -0.351983
-13.923148 15.834956 -1.013486
-13.819558 16.221561 -1.552754
-13.679991 16.742434 -1.904729
-13.521281 17.334745 -2.026971
-12.907329 19.504370 0.101278
-13.248096 20.211769 0.101278
-12.891232 20.904043 0.101278
-12.333910 21.453016 0.101278
-11.105657 21.125742 0.101278
-10.804993 21.710203 0.101278
-12.524912 22.190063 0.101278
-13.579239 21.522722 0.101278
-14.053123 20.211769 0.101278
-13.614435 18.797262 0.101278
-5.319369 0.000000 0.000000
-5.138116 0.000000 -1.376754
-4.606709 0.000000 -2.659684
-3.761362 0.000000 -3.761362
-2.659685 0.000000 -4.606709
-1.376754 0.000000 -5.138116
0.000000 0.000000 -5.319370
1.376754 0.000000 -5.138116
2.659685 0.000000 -4.606710
3.761363 0.000000 -3.761363
4.606710 0.000000 -2.659685
5.138117 0.000000 -1.376754
5.319371 0.000000 0.000000
-6.067019 24.240799 0.000000
-5.860291 24.240799 -1.570260
-5.254193 24.240799 -3.033509
-4.290031 24.240799 -4.290031
-3.033510 24.240799 -5.254193
-1.570261 24.240799 -5.860291
0.000000 24.240799 -6.067019
1.570260 24.240799 -5.860291
3.033510 24.240799 -5.254194
4.290031 24.240799 -4.290031
5.254194 24.240799 -3.033510
5.860291 24.240799 -1.570260
6.067020 24.240799 0.000000
0.000000 0.000000 0.000000
-9.916151 11.816685 -9.916150
-12.144758 11.816685 -7.011775
-13.545712 11.816685 -3.629564
-14.023550 11.816685 0.000000
14.023553 11.816685 0.000000
13.545708 11.816685 -3.629565
12.144758 11.816685 -7.011775
9.916151 11.816685 -9.916151
7.011775 11.816685 -12.144757
3.629564 11.816685 -13.545707
-0.000002 11.816685 -14.023550
-3.629566 11.816685 -13.545707
-7.011776 11.816685 -12.144757
-12.628702 17.725025 -7.291176
-14.085473 17.725025 -3.774193
-14.582355 17.725025 0.000000
14.582358 17.725025 0.000000
14.085473 17.725025 -3.774194
12.628701 17.725025 -7.291178
10.311293 17.725025 -10.311294
7.291177 17.725025 -12.628701
3.774193 17.725025 -14.085472
-0.000002 17.725025 -14.582355
-3.774197 17.725025 -14.085472
-7.291179 17.725025 -12.628700
-10.311294 17.725025 -10.311291
-7.099131 5.908342 -7.099130
-8.694624 5.908342 -5.019843
-9.697598 5.908342 -2.598463
-10.039686 5.908342 0.000000
10.039688 5.908342 0.000000
9.697598 5.908342 -2.598464
8.694624 5.908342 -5.019844
7.099131 5.908342 -7.099131
5.019843 5.908342 -8.694624
2.598463 5.908342 -9.697592
-0.000001 5.908342 -10.039688
-2.598465 5.908342 -9.697592
-5.019844 5.908342 -8.694622
-5.654346 21.889225 -9.793619
-7.996459 21.889225 -7.996456
-9.793621 21.889225 -5.654345
-10.923357 21.889225 -2.926905
-11.308690 21.889225 0.000000
11.308693 21.889225 0.000000
10.923357 21.889225 -2.926906
9.793621 21.889225 -5.654345
7.996458 21.889225 -7.996459
5.654345 21.889225 -9.793621
2.926905 21.889225 -10.923355
-0.000001 21.889225 -11.308690
-2.926908 21.889225 -10.923355
-3.867892 14.770855 -14.435148
-7.472186 14.770855 -12.942211
-10.567272 14.770855 -10.567269
-12.942211 14.770855 -7.472183
-14.435153 14.770855 -3.867889
-14.944370 14.770855 0.000000
14.944371 14.770855 0.000000
14.435150 14.770855 -3.867890
12.942211 14.770855 -7.472185
10.567269 14.770855 -10.567272
7.472183 14.770855 -12.942211
3.867889 14.770855 -14.435148
-0.000002 14.770855 -14.944366
-3.504605 19.807125 -13.079346
-6.770368 19.807125 -11.726630
-9.574754 19.807125 -9.574752
-11.726631 19.807125 -6.770366
-13.079347 19.807125 -3.504601
-13.540736 19.807125 0.000000
13.540736 19.807125 0.000000
13.079346 19.807125 -3.504603
11.726631 19.807125 -6.770368
9.574754 19.807125 -9.574754
6.770368 19.807125 -11.726631
3.504602 19.807125 -13.079346
-0.000002 19.807125 -13.540735
-6.132063 8.862513 -10.621046
-8.672048 8.862513 -8.672047
-10.621046 8.862513 -6.132062
-11.846239 8.862513 -3.174190
-12.264124 8.862513 0.000000
12.264126 8.862513 0.000000
11.846237 8.862513 -3.174191
10.621046 8.862513 -6.132063
8.672048 8.862513 -8.672048
6.132062 8.862513 -10.621046
3.174191 8.862513 -11.846231
-0.000001 8.862513 -12.264124
-3.174193 8.862513 -11.846231
-0.000001 2.954171 -7.600053
-1.967040 2.954171 -7.341087
-3.800026 2.954171 -6.581838
-5.374048 2.954171 -5.374048
-6.581838 2.954171 -3.800025
-7.341089 2.954171 -1.967038
-7.600053 2.954171 0.000000
7.600054 2.954171 0.000000
7.341089 2.954171 -1.967039
6.581839 2.954171 -3.800027
5.374049 2.954171 -5.374049
3.800026 2.954171 -6.581838
1.967039 2.954171 -7.341087
9.157534 23.024340 0.000000
8.845497 23.024340 -2.370145
7.930660 23.024340 -4.578767
6.475358 23.024340 -6.475358
4.578766 23.024340 -7.930660
2.370145 23.024340 -8.845497
-0.000001 23.024340 -9.157532
-2.370146 23.024340 -8.845497
-4.578767 23.024340 -7.930660
-6.475358 23.024340 -6.475357
-7.930660 23.024340 -4.578766
-8.845497 23.024340 -2.370144
-9.157534 23.024340 0.000000
-5.491904 30.313711 0.000000
-5.304771 30.313711 -1.421409
-4.756128 30.313711 -2.745952
-3.883363 30.313711 -3.883363
-2.745952 30.313711 -4.756128
-1.421409 30.313711 -5.304771
0.000000 30.313711 -5.491904
1.421409 30.313711 -5.304771
2.745952 30.313711 -4.756129
3.883363 30.313711 -3.883364
4.756129 30.313711 -2.745953
5.304773 30.313711 -1.421409
5.491905 30.313711 0.000000
-1.317214 27.277252 -4.915908
-2.544662 27.277252 -4.407483
-3.598695 27.277252 -3.598695
-4.407483 27.277252 -2.544661
-4.915908 27.277252 -1.317214
-5.089323 27.277252 0.000000
5.089324 27.277252 0.000000
4.915909 27.277252 -1.317214
4.407484 27.277252 -2.544662
3.598696 27.277252 -3.598696
2.544662 27.277252 -4.407484
1.317214 27.277252 -4.915909
0.000000 27.277252 -5.089323
5.108495 28.795483 0.000000
4.934426 28.795483 -1.322176
4.424086 28.795483 -2.554247
3.612251 28.795483 -3.612251
2.554247 28.795483 -4.424086
1.322176 28.795483 -4.934426
0.000000 28.795483 -5.108494
-1.322176 28.795483 -4.934426
-2.554247 28.795483 -4.424085
-3.612250 28.795483 -3.612250
-4.424085 28.795483 -2.554246
-4.934426 28.795483 -1.322175
-5.108493 28.795483 0.000000
5.089324 25.759026 0.000000
4.915909 25.759026 -1.317214
4.407484 25.759026 -2.544662
3.598696 25.759026 -3.598696
2.544662 25.759026 -4.407484
1.317214 25.759026 -4.915909
0.000000 25.759026 -5.089323
-1.317214 25.759026 -4.915908
-2.544662 25.759026 -4.407483
-3.598695 25.759026 -3.598695
-4.407483 25.759026 -2.544661
-4.915908 25.759026 -1.317214
-5.089323 25.759026 0.000000
5.271444 24.999912 0.000000
5.091824 24.999912 -1.364350
4.565205 24.999912 -2.635722
3.727474 24.999912 -3.727474
2.635721 24.999912 -4.565205
1.364350 24.999912 -5.091824
0.000000 24.999912 -5.271442
-1.364350 24.999912 -5.091823
-2.635722 24.999912 -4.565204
-3.727473 24.999912 -3.727473
-4.565204 24.999912 -2.635721
-5.091823 24.999912 -1.364350
-5.271442 24.999912 0.000000
-4.981251 0.336286 0.000000
-7.037817 3.104557 0.000000
-4.811520 0.336286 -1.289242
-6.798012 3.104557 -1.821521
-4.313890 0.336286 -2.490625
-6.094928 3.104557 -3.518908
-3.522276 0.336286 -3.522276
-4.976488 3.104557 -4.976488
-2.490626 0.336286 -4.313890
-3.518909 3.104557 -6.094928
-1.289243 0.336286 -4.811520
-1.821522 3.104557 -6.798010
0.000000 0.336286 -4.981251
-0.000001 3.104557 -7.037817
1.289243 0.336286 -4.811520
1.821522 3.104557 -6.798010
2.490626 0.336286 -4.313890
3.518909 3.104557 -6.094927
3.522277 0.336286 -3.522277
4.976489 3.104557 -4.976489
4.313890 0.336286 -2.490626
6.094930 3.104557 -3.518909
4.811521 0.336286 -1.289243
6.798012 3.104557 -1.821522
4.981253 0.336286 0.000000
7.037819 3.104557 0.000000
0.000000 0.420616 0.000000
-9.450401 11.808084 -9.450399
-11.574334 11.808084 -6.682439
-10.060148 14.535162 -10.060148
-12.321117 14.535162 -7.113595
-12.909484 11.808083 -3.459088
-13.742412 14.535160 -3.682270
-13.364879 11.808083 0.000000
-14.227191 14.535160 0.000000
13.364882 11.808083 0.000000
14.227191 14.535162 0.000000
12.909480 11.808083 -3.459089
13.742409 14.535162 -3.682271
11.574334 11.808084 -6.682439
12.321117 14.535162 -7.113596
9.450401 11.808084 -9.450401
10.060148 14.535162 -10.060148
6.682441 11.808084 -11.574333
7.113595 14.535162 -12.321117
3.459088 11.808083 -12.909480
3.682271 14.535162 -13.742407
-0.000002 11.808083 -13.364879
-0.000002 14.535162 -14.227187
-3.459090 11.808083 -12.909480
-3.682273 14.535162 -13.742407
-6.682441 11.808084 -11.574333
-7.113597 14.535162 -12.321117
-12.031003 17.220514 -6.946095
-13.418827 17.220514 -3.595566
-11.224020 19.081621 -6.480185
-12.518757 19.081621 -3.354393
-13.892193 17.220514 0.000000
-12.960371 19.081621 0.000000
13.892194 17.220514 0.000000
12.960371 19.081621 0.000000
13.418827 17.220514 -3.595567
12.518755 19.081621 -3.354393
12.031002 17.220514 -6.946097
11.224020 19.081621 -6.480186
9.823274 17.220514 -9.823274
9.164373 19.081621 -9.164373
6.946097 17.220514 -12.031002
6.480186 19.081621 -11.224020
3.595567 17.220514 -13.418824
3.354393 19.081621 -12.518755
-0.000002 17.220514 -13.892190
-0.000002 19.081621 -12.960369
-3.595571 17.220514 -13.418824
-3.354396 19.081621 -12.518755
-6.946098 17.220514 -12.030998
-6.480186 19.081621 -11.224018
-9.823274 17.220514 -9.823272
-9.164373 19.081621 -9.164371
-6.699030 6.054200 -6.699030
-8.204603 6.054200 -4.736929
-8.248657 8.962983 -8.248657
-10.102502 8.962983 -5.832680
-9.151052 6.054200 -2.452016
-11.267879 8.962983 -3.019219
-9.473860 6.054200 0.000000
-11.665359 8.962982 0.000000
9.473862 6.054200 0.000000
11.665361 8.962982 0.000000
9.151052 6.054200 -2.452017
11.267876 8.962982 -3.019220
8.204603 6.054200 -4.736930
10.102502 8.962983 -5.832682
6.699030 6.054200 -6.699030
8.248657 8.962983 -8.248657
4.736930 6.054200 -8.204603
5.832681 8.962983 -10.102502
2.452016 6.054200 -9.151045
3.019219 8.962983 -11.267872
-0.000001 6.054200 -9.473862
-0.000001 8.962982 -11.665359
-2.452018 6.054200 -9.151046
-3.019221 8.962983 -11.267872
-4.736931 6.054200 -8.204603
-5.832682 8.962983 -10.102502
-5.443133 21.006781 -9.427786
-7.697757 21.006781 -7.697754
-4.427243 22.071833 -7.668214
-6.261072 22.071833 -6.261070
-9.427788 21.006781 -5.443131
-7.668214 22.071833 -4.427243
-10.515324 21.006781 -2.817574
-8.552777 22.071833 -2.291710
-10.886262 21.006781 0.000000
-8.854486 22.071833 0.000000
10.886266 21.006781 0.000000
8.854486 22.071833 0.000000
10.515324 21.006781 -2.817575
8.552777 22.071833 -2.291711
9.427788 21.006781 -5.443131
7.668214 22.071833 -4.427243
7.697756 21.006781 -7.697757
6.261072 22.071833 -6.261072
5.443131 21.006781 -9.427788
4.427243 22.071833 -7.668214
2.817574 21.006781 -10.515322
2.291711 22.071833 -8.552776
-0.000001 21.006781 -10.886262
-0.000001 22.071833 -8.854485
-2.817576 21.006781 -10.515322
-2.291712 22.071833 -8.552776
5.687741 23.329409 0.000000
5.493935 23.329409 -1.472095
4.925728 23.329409 -2.843870
4.021840 23.329409 -4.021841
2.843870 23.329409 -4.925728
1.472095 23.329409 -5.493935
0.000000 23.329409 -5.687740
-1.472096 23.329409 -5.493935
-2.843870 23.329409 -4.925727
-4.021840 23.329409 -4.021840
-4.925727 23.329409 -2.843870
-5.493935 23.329409 -1.472095
-5.687738 23.329409 0.000000
-4.651771 24.333908 0.000000
-4.493265 24.333908 -1.203967
-4.028552 24.333908 -2.325886
-3.289299 24.333908 -3.289299
-2.325886 24.333908 -4.028552
-1.203967 24.333908 -4.493265
0.000000 24.333908 -4.651771
1.203967 24.333908 -4.493266
2.325886 24.333908 -4.028553
3.289300 24.333908 -3.289300
4.028553 24.333908 -2.325886
4.493267 24.333908 -1.203967
4.651772 24.333908 0.000000
-1.092716 26.982410 -4.078072
-2.110965 26.982410 -3.656300
-1.096884 28.590347 -4.093626
-2.119017 28.590347 -3.670245
-2.985356 26.982410 -2.985356
-2.996742 28.590347 -2.996742
-3.656299 26.982410 -2.110965
-3.670245 28.590347 -2.119016
-4.078072 26.982410 -1.092716
-4.093626 28.590347 -1.096884
-4.221931 26.982410 0.000000
-4.238033 28.590347 0.000000
4.221933 26.982410 0.000000
4.238035 28.590347 0.000000
4.078073 26.982410 -1.092716
4.093627 28.590347 -1.096884
3.656300 26.982410 -2.110966
3.670246 28.590347 -2.119017
2.985357 26.982410 -2.985357
2.996743 28.590347 -2.996743
2.110966 26.982410 -3.656300
2.119017 28.590347 -3.670246
1.092716 26.982410 -4.078073
1.096884 28.590347 -4.093626
0.000000 26.982410 -4.221932
0.000000 28.590347 -4.238034
4.519250 30.256004 0.000000
4.365260 30.256004 -1.169667
3.913785 30.256004 -2.259625
3.195592 30.256004 -3.195593
2.259624 30.256004 -3.913785
1.169668 30.256004 -4.365259
0.000000 30.256004 -4.519248
-1.169667 30.256004 -4.365259
-2.259625 30.256004 -3.913784
-3.195591 30.256004 -3.195591
-3.913784 30.256004 -2.259624
-4.365258 30.256004 -1.169667
-4.519248 30.256004 0.000000
4.374406 25.374235 0.000000
4.225351 25.374235 -1.132179
3.788346 25.374235 -2.187203
3.093172 25.374235 -3.093172
2.187203 25.374235 -3.788346
1.132180 25.374235 -4.225351
0.000000 25.374235 -4.374405
-1.132180 25.374235 -4.225350
-2.187203 25.374235 -3.788346
-3.093171 25.374235 -3.093171
-3.788345 25.374235 -2.187202
-4.225350 25.374235 -1.132179
-4.374404 25.374235 0.000000
-6.003407 31.520311 0.000000
-6.009513 31.436123 0.000000
-5.928720 31.560822 0.000000
-5.798848 31.520311 -1.553796
-5.804745 31.436123 -1.555376
-5.726706 31.560822 -1.534466
-5.199105 31.520311 -3.001704
-5.204392 31.436123 -3.004756
-5.134424 31.560822 -2.964360
-4.245051 31.520311 -4.245051
-4.249368 31.436123 -4.249368
-4.192240 31.560822 -4.192239
-3.001705 31.520311 -5.199105
-3.004757 31.436123 -5.204392
-2.964361 31.560822 -5.134424
-1.553797 31.520311 -5.798848
-1.555377 31.436123 -5.804745
-1.534467 31.560822 -5.726706
0.000000 31.520311 -6.003409
0.000000 31.436123 -6.009514
0.000000 31.560822 -5.928722
1.553797 31.520311 -5.798848
1.555376 31.436123 -5.804745
1.534466 31.560822 -5.726706
3.001705 31.520311 -5.199106
3.004757 31.436123 -5.204392
2.964361 31.560822 -5.134425
4.245051 31.520311 -4.245052
4.249368 31.436123 -4.249369
4.192240 31.560822 -4.192241
5.199106 31.520311 -3.001705
5.204392 31.436123 -3.004757
5.134425 31.560822 -2.964361
5.798849 31.520311 -1.553797
5.804745 31.436123 -1.555376
5.726706 31.560822 -1.534466
6.003409 31.520311 0.000000
6.009515 31.436123 0.000000
5.928722 31.560822 0.000000
-5.188196 31.539751 0.000000
-5.135838 31.482815 0.000000
-5.262946 31.560822 0.000000
-5.011413 31.539751 -1.342804
-4.960840 31.482815 -1.329252
-5.083616 31.560822 -1.362151
-4.493111 31.539751 -2.594099
-4.447767 31.482815 -2.567919
-4.557846 31.560822 -2.631474
-3.668610 31.539751 -3.668609
-3.631587 31.482815 -3.631587
-3.721466 31.560822 -3.721466
-2.594100 31.539751 -4.493111
-2.567920 31.482815 -4.447767
-2.631474 31.560822 -4.557846
-1.342805 31.539751 -5.011414
-1.329254 31.482815 -4.960840
-1.362152 31.560822 -5.083616
0.000000 31.539751 -5.188197
0.000000 31.482815 -5.135839
0.000000 31.560822 -5.262948
1.342804 31.539751 -5.011414
1.329253 31.482815 -4.960840
1.362151 31.560822 -5.083616
2.594099 31.539751 -4.493112
2.567920 31.482815 -4.447769
2.631474 31.560822 -4.557847
3.668610 31.539751 -3.668611
3.631587 31.482815 -3.631588
3.721466 31.560822 -3.721467
4.493112 31.539751 -2.594099
4.447769 31.482815 -2.567920
4.557847 31.560822 -2.631474
5.011415 31.539751 -1.342804
4.960840 31.482815 -1.329253
5.083618 31.560822 -1.362151
5.188198 31.539751 0.000000
5.135839 31.482815 0.000000
5.262948 31.560822 0.000000
-13.614435 18.797262 1.284241
-13.556277 18.855419 1.469449
-13.415873 18.995825 1.546165
-13.987657 20.367517 0.954099
-13.843998 20.709286 0.968580
-14.053123 20.211769 0.754480
-13.415873 18.995825 -1.343609
-13.556277 18.855419 -1.266894
-13.614435 18.797262 -1.081685
-13.976470 20.311893 -0.769390
-13.805994 20.534567 -0.804266
-14.053123 20.211769 -0.566631
-11.105657 21.125742 1.082610
-11.067610 21.199701 1.287990
-10.975757 21.378256 1.373062
-12.262194 21.532688 0.907496
-12.081531 21.733391 1.046829
-12.333910 21.453016 0.645310
-10.975757 21.378256 -1.170506
-11.067610 21.199701 -1.085434
-11.105657 21.125742 -0.880054
-12.262194 21.532688 -0.704940
-12.081531 21.733391 -0.844273
-12.333910 21.453016 -0.442754
-13.512856 21.475275 0.752337
-13.349875 21.358786 0.843329
-13.579239 21.522722 0.553053
-12.598999 22.107758 0.870978
-12.769441 21.918409 0.931719
-12.524912 22.190063 0.657567
-12.958061 20.951809 0.738922
-12.891232 20.904043 0.546854
-13.116587 21.065115 0.810474
-13.300341 20.087477 1.035918
-13.435472 19.765995 1.235019
-13.248096 20.211769 0.720703
-12.958061 20.951809 -0.536367
-13.116587 21.065115 -0.607918
-12.891232 20.904043 -0.344299
-13.314412 20.125147 -0.830462
-13.485361 19.901855 -1.004754
-13.248096 20.211769 -0.536117
-13.512856 21.475275 -0.549781
-13.349875 21.358786 -0.640774
-13.579239 21.522722 -0.350498
-12.598999 22.107758 -0.668422
-12.769441 21.918409 -0.729163
-12.524912 22.190063 -0.455011
-10.927918 21.471247 1.373062
-10.840997 21.640215 1.294129
-10.804993 21.710203 1.103570
-10.804993 21.710203 -0.901014
-10.840997 21.640215 -1.091573
-10.927918 21.471247 -1.170506
-13.125159 19.286539 1.546165
-12.971129 19.440569 1.447291
-12.907329 19.504370 1.208589
-12.907329 19.504370 -1.006033
-12.971129 19.440569 -1.244736
-13.125159 19.286539 -1.343609
-14.389477 18.367426 -2.402481
-14.369643 18.365362 -2.410172
-14.399317 18.362217 -2.383913
-14.213531 19.024063 -1.958755
-14.193040 19.024452 -1.964787
-14.224958 19.012928 -1.944190
-14.082885 19.511642 -1.278645
-14.061961 19.513647 -1.282426
-14.095357 19.496611 -1.269518
-14.013347 19.771158 -0.444105
-13.992215 19.773941 -0.445386
-14.026322 19.754250 -0.441014
-14.013347 19.771160 0.444100
-13.992215 19.773943 0.445380
-14.026322 19.754251 0.441008
-14.082885 19.511642 1.278643
-14.061961 19.513647 1.282424
-14.095357 19.496611 1.269516
-14.213531 19.024065 1.958757
-14.193040 19.024454 1.964789
-14.224958 19.012930 1.944192
-14.389476 18.367428 2.402479
-14.369642 18.365364 2.410171
-14.399316 18.362219 2.383911
-14.589489 17.620970 2.556536
-14.570468 17.615873 2.564853
-14.597367 17.623081 2.536456
-14.789501 16.874514 2.402479
-14.771293 16.866385 2.410171
-14.795418 16.883945 2.383911
-14.965446 16.217880 1.958757
-14.947895 16.207296 1.964789
-14.969775 16.233236 1.944192
-15.096092 15.730299 1.278643
-15.078975 15.718101 1.282424
-15.099378 15.749554 1.269516
-15.165630 15.470781 0.444103
-15.148721 15.457806 0.445384
-15.168412 15.491913 0.441012
-15.165630 15.470781 -0.444105
-15.148721 15.457806 -0.445386
-15.168412 15.491913 -0.441014
-15.096092 15.730299 -1.278645
-15.078975 15.718101 -1.282426
-15.099378 15.749554 -1.269518
-14.965446 16.217880 -1.958755
-14.947895 16.207296 -1.964787
-14.969775 16.233236 -1.944190
-14.789501 16.874514 -2.402481
-14.771293 16.866385 -2.410172
-14.795418 16.883945 -2.383913
-14.589489 17.620970 -2.556536
-14.570468 17.615873 -2.564853
-14.597367 17.623081 -2.536456
-14.429967 18.216314 -1.912420
-14.435884 18.225746 -1.930989
-14.411758 18.208185 -1.904729
-14.289742 18.739641 -1.558787
-14.294071 18.754997 -1.573352
-14.272191 18.729057 -1.552754
-14.185718 19.127861 -1.017267
-14.189003 19.147116 -1.026394
-14.168600 19.115664 -1.013486
-14.130391 19.334345 -0.353264
-14.133173 19.355476 -0.356355
-14.113482 19.321369 -0.351983
-14.130390 19.334347 0.353258
-14.133172 19.355478 0.356350
-14.113481 19.321371 0.351977
-14.185718 19.127861 1.017261
-14.189003 19.147116 1.026388
-14.168600 19.115664 1.013480
-14.289742 18.739641 1.558782
-14.294071 18.754997 1.573346
-14.272191 18.729057 1.552749
-14.429967 18.216316 1.912422
-14.435884 18.225748 1.930990
-14.411758 18.208187 1.904731
-14.589489 17.620970 2.035286
-14.597367 17.623081 2.055365
-14.570468 17.615873 2.026969
-14.749011 17.025625 1.912422
-14.758851 17.020416 1.930990
-14.729177 17.023561 1.904731
-14.889235 16.502302 1.558782
-14.900662 16.491167 1.573346
-14.868744 16.502691 1.552749
-14.993258 16.114082 1.017261
-15.005731 16.099051 1.026388
-14.972335 16.116087 1.013480
-15.048585 15.907597 0.353262
-15.061561 15.890687 0.356353
-15.027453 15.910378 0.351981
-15.048585 15.907597 -0.353264
-15.061561 15.890687 -0.356355
-15.027453 15.910378 -0.351983
-14.993258 16.114082 -1.017267
-15.005731 16.099051 -1.026394
-14.972335 16.116087 -1.013486
-14.889235 16.502302 -1.558787
-14.900662 16.491167 -1.573352
-14.868744 16.502691 -1.552754
-14.749011 17.025625 -1.912420
-14.758851 17.020416 -1.930989
-14.729177 17.023561 -1.904729
-14.589489 17.620970 -2.035288
-14.597367 17.623081 -2.055367
-14.570468 17.615873 -2.026971
-5.138116 -0.000000 1.376754
-4.606709 -0.000000 2.659684
-3.761362 -0.000000 3.761362
-2.659685 -0.000000 4.606709
-1.376754 -0.000000 5.138116
0.000000 -0.000000 5.319370
1.376754 -0.000000 5.138116
2.659685 -0.000000 4.606710
3.761363 -0.000000 3.761363
4.606710 -0.000000 2.659685
5.138117 -0.000000 1.376754
-5.860291 24.240799 1.570260
-5.254193 24.240799 3.033509
-4.290031 24.240799 4.290031
-3.033510 24.240799 5.254193
-1.570261 24.240799 5.860291
0.000000 24.240799 6.067019
1.570260 24.240799 5.860291
3.033510 24.240799 5.254194
4.290031 24.240799 4.290031
5.254194 24.240799 3.033510
5.860291 24.240799 1.570260
-9.916151 11.816685 9.916150
-12.144758 11.816685 7.011775
-13.545712 11.816685 3.629564
13.545708 11.816685 3.629565
12.144758 11.816685 7.011775
9.916151 11.816685 9.916151
7.011775 11.816685 12.144757
3.629564 11.816685 13.545707
-0.000002 11.816685 14.023550
-3.629566 11.816685 13.545707
-7.011776 11.816685 12.144757
-12.628702 17.725025 7.291176
-14.085473 17.725025 3.774193
14.085473 17.725025 3.774194
12.628701 17.725025 7.291178
10.311293 17.725025 10.311294
7.291177 17.725025 12.628701
3.774193 17.725025 14.085472
-0.000002 17.725025 14.582355
-3.774197 17.725025 14.085472
-7.291179 17.725025 12.628700
-10.311294 17.725025 10.311291
-7.099131 5.908342 7.099130
-8.694624 5.908342 5.019843
-9.697598 5.908342 2.598463
9.697598 5.908342 2.598464
8.694624 5.908342 5.019844
7.099131 5.908342 7.099131
5.019843 5.908342 8.694624
2.598463 5.908342 9.697592
-0.000001 5.908342 10.039688
-2.598465 5.908342 9.697592
-5.019844 5.908342 8.694622
-5.654346 21.889225 9.793619
-7.996459 21.889225 7.996456
-9.793621 21.889225 5.654345
-10.923357 21.889225 2.926905
10.923357 21.889225 2.926906
9.793621 21.889225 5.654345
7.996458 21.889225 7.996459
5.654345 21.889225 9.793621
2.926905 21.889225 10.923355
-0.000001 21.889225 11.308690
-2.926908 21.889225 10.923355
-3.867892 14.770855 14.435148
-7.472186 14.770855 12.942211
-10.567272 14.770855 10.567269
-12.942211 14.770855 7.472183
-14.435153 14.770855 3.867889
14.435150 14.770855 3.867890
12.942211 14.770855 7.472185
10.567269 14.770855 10.567272
7.472183 14.770855 12.942211
3.867889 14.770855 14.435148
-0.000002 14.770855 14.944366
-3.504605 19.807125 13.079346
-6.770368 19.807125 11.726630
-9.574754 19.807125 9.574752
-11.726631 19.807125 6.770366
-13.079347 19.807125 3.504601
13.079346 19.807125 3.504603
11.726631 19.807125 6.770368
9.574754 19.807125 9.574754
6.770368 19.807125 11.726631
3.504602 19.807125 13.079346
-0.000002 19.807125 13.540735
-6.132063 8.862513 10.621046
-8.672048 8.862513 8.672047
-10.621046 8.862513 6.132062
-11.846239 8.862513 3.174190
11.846237 8.862513 3.174191
10.621046 8.862513 6.132063
8.672048 8.862513 8.672048
6.132062 8.862513 10.621046
3.174191 8.862513 11.846231
-0.000001 8.862513 12.264124
-3.174193 8.862513 11.846231
-0.000001 2.954171 7.600053
-1.967040 2.954171 7.341087
-3.800026 2.954171 6.581838
-5.374048 2.954171 5.374048
-6.581838 2.954171 3.800025
-7.341089 2.954171 1.967038
7.341089 2.954171 1.967039
6.581839 2.954171 3.800027
5.374049 2.954171 5.374049
3.800026 2.954171 6.581838
1.967039 2.954171 7.341087
8.845497 23.024340 2.370145
7.930660 23.024340 4.578767
6.475358 23.024340 6.475358
4.578766 23.024340 7.930660
2.370145 23.024340 8.845497
-0.000001 23.024340 9.157532
-2.370146 23.024340 8.845497
-4.578767 23.024340 7.930660
-6.475358 23.024340 6.475357
-7.930660 23.024340 4.578766
-8.845497 23.024340 2.370144
-5.304771 30.313711 1.421409
-4.756128 30.313711 2.745952
-3.883363 30.313711 3.883363
-2.745952 30.313711 4.756128
-1.421409 30.313711 5.304771
0.000000 30.313711 5.491904
1.421409 30.313711 5.304771
2.745952 30.313711 4.756129
3.883363 30.313711 3.883364
4.756129 30.313711 2.745953
5.304773 30.313711 1.421409
-1.317214 27.277252 4.915908
-2.544662 27.277252 4.407483
-3.598695 27.277252 3.598695
-4.407483 27.277252 2.544661
-4.915908 27.277252 1.317214
4.915909 27.277252 1.317214
4.407484 27.277252 2.544662
3.598696 27.277252 3.598696
2.544662 27.277252 4.407484
1.317214 27.277252 4.915909
0.000000 27.277252 5.089323
4.934426 28.795483 1.322176
4.424086 28.795483 2.554247
3.612251 28.795483 3.612251
2.554247 28.795483 4.424086
1.322176 28.795483 4.934426
0.000000 28.795483 5.108494
-1.322176 28.795483 4.934426
-2.554247 28.795483 4.424085
-3.612250 28.795483 3.612250
-4.424085 28.795483 2.554246
-4.934426 28.795483 1.322175
4.915909 25.759026 1.317214
4.407484 25.759026 2.544662
3.598696 25.759026 3.598696
2.544662 25.759026 4.407484
1.317214 25.759026 4.915909
0.000000 25.759026 5.089323
-1.317214 25.759026 4.915908
-2.544662 25.759026 4.407483
-3.598695 25.759026 3.598695
-4.407483 25.759026 2.544661
-4.915908 25.759026 1.317214
5.091824 24.999912 1.364350
4.565205 24.999912 2.635722
3.727474 24.999912 3.727474
2.635721 24.999912 4.565205
1.364350 24.999912 5.091824
0.000000 24.999912 5.271442
-1.364350 24.999912 5.091823
-2.635722 24.999912 4.565204
-3.727473 24.999912 3.727473
-4.565204 24.999912 2.635721
-5.091823 24.999912 1.364350
-4.811520 0.336286 1.289242
-6.798012 3.104557 1.821521
-4.313890 0.336286 2.490625
-6.094928 3.104557 3.518908
-3.522276 0.336286 3.522276
-4.976488 3.104557 4.976488
-2.490626 0.336286 4.313890
-3.518909 3.104557 6.094928
-1.289243 0.336286 4.811520
-1.821522 3.104557 6.798010
0.000000 0.336286 4.981251
-0.000001 3.104557 7.037817
1.289243 0.336286 4.811520
1.821522 3.104557 6.798010
2.490626 0.336286 4.313890
3.518909 3.104557 6.094927
3.522277 0.336286 3.522277
4.976489 3.104557 4.976489
4.313890 0.336286 2.490626
6.094930 3.104557 3.518909
4.811521 0.336286 1.289243
6.798012 3.104557 1.821522
-9.450401 11.808084 9.450399
-11.574334 11.808084 6.682439
-10.060148 14.535162 10.060148
-12.321117 14.535162 7.113595
-12.909484 11.808083 3.459088
-13.742412 14.535160 3.682270
12.909480 11.808083 3.459089
13.742409 14.535162 3.682271
11.574334 11.808084 6.682439
12.321117 14.535162 7.113596
9.450401 11.808084 9.450401
10.060148 14.535162 10.060148
6.682441 11.808084 11.574333
7.113595 14.535162 12.321117
3.459088 11.808083 12.909480
3.682271 14.535162 13.742407
-0.000002 11.808083 13.364879
-0.000002 14.535162 14.227187
-3.459090 11.808083 12.909480
-3.682273 14.535162 13.742407
-6.682441 11.808084 11.574333
-7.113597 14.535162 12.321117
-12.031003 17.220514 6.946095
-13.418827 17.220514 3.595566
-11.224020 19.081621 6.480185
-12.518757 19.081621 3.354393
13.418827 17.220514 3.595567
12.518755 19.081621 3.354393
12.031002 17.220514 6.946097
11.224020 19.081621 6.480186
9.823274 17.220514 9.823274
9.164373 19.081621 9.164373
6.946097 17.220514 12.031002
6.480186 19.081621 11.224020
3.595567 17.220514 13.418824
3.354393 19.081621 12.518755
-0.000002 17.220514 13.892190
-0.000002 19.081621 12.960369
-3.595571 17.220514 13.418824
-3.354396 19.081621 12.518755
-6.946098 17.220514 12.030998
-6.480186 19.081621 11.224018
-9.823274 17.220514 9.823272
-9.164373 19.081621 9.164371
-6.699030 6.054200 6.699030
-8.204603 6.054200 4.736929
-8.248657 8.962983 8.248657
-10.102502 8.962983 5.832680
-9.151052 6.054200 2.452016
-11.267879 8.962983 3.019219
9.151052 6.054200 2.452017
11.267876 8.962982 3.019220
8.204603 6.054200 4.736930
10.102502 8.962983 5.832682
6.699030 6.054200 6.699030
8.248657 8.962983 8.248657
4.736930 6.054200 8.204603
5.832681 8.962983 10.102502
2.452016 6.054200 9.151045
3.019219 8.962983 11.267872
-0.000001 6.054200 9.473862
-0.000001 8.962982 11.665359
-2.452018 6.054200 9.151046
-3.019221 8.962983 11.267872
-4.736931 6.054200 8.204603
-5.832682 8.962983 10.102502
-5.443133 21.006781 9.427786
-7.697757 21.006781 7.697754
-4.427243 22.071833 7.668214
-6.261072 22.071833 6.261070
-9.427788 21.006781 5.443131
-7.668214 22.071833 4.427243
-10.515324 21.006781 2.817574
-8.552777 22.071833 2.291710
10.515324 21.006781 2.817575
8.552777 22.071833 2.291711
9.427788 21.006781 5.443131
7.668214 22.071833 4.427243
7.697756 21.006781 7.697757
6.261072 22.071833 6.261072
5.443131 21.006781 9.427788
4.427243 22.071833 7.668214
2.817574 21.006781 10.515322
2.291711 22.071833 8.552776
-0.000001 21.006781 10.886262
-0.000001 22.071833 8.854485
-2.817576 21.006781 10.515322
-2.291712 22.071833 8.552776
5.493935 23.329409 1.472095
4.925728 23.329409 2.843870
4.021840 23.329409 4.021841
2.843870 23.329409 4.925728
1.472095 23.329409 5.493935
0.000000 23.329409 5.687740
-1.472096 23.329409 5.493935
-2.843870 23.329409 4.925727
-4.021840 23.329409 4.021840
-4.925727 23.329409 2.843870
-5.493935 23.329409 1.472095
-4.493265 24.333908 1.203967
-4.028552 24.333908 2.325886
-3.289299 24.333908 3.289299
-2.325886 24.333908 4.028552
-1.203967 24.333908 4.493265
0.000000 24.333908 4.651771
1.203967 24.333908 4.493266
2.325886 24.333908 4.028553
3.289300 24.333908 3.289300
4.028553 24.333908 2.325886
4.493267 24.333908 1.203967
-1.092716 26.982410 4.078072
-2.110965 26.982410 3.656300
-1.096884 28.590347 4.093626
-2.119017 28.590347 3.670245
-2.985356 26.982410 2.985356
-2.996742 28.590347 2.996742
-3.656299 26.982410 2.110965
-3.670245 28.590347 2.119016
-4.078072 26.982410 1.092716
-4.093626 28.590347 1.096884
4.078073 26.982410 1.092716
4.093627 28.590347 1.096884
3.656300 26.982410 2.110966
3.670246 28.590347 2.119017
2.985357 26.982410 2.985357
2.996743 28.590347 2.996743
2.110966 26.982410 3.656300
2.119017 28.590347 3.670246
1.092716 26.982410 4.078073
1.096884 28.590347 4.093626
0.000000 26.982410 4.221932
0.000000 28.590347 4.238034
4.365260 30.256004 1.169667
3.913785 30.256004 2.259625
3.195592 30.256004 3.195593
2.259624 30.256004 3.913785
1.169668 30.256004 4.365259
0.000000 30.256004 4.519248
-1.169667 30.256004 4.365259
-2.259625 30.256004 3.913784
-3.195591 30.256004 3.195591
-3.913784 30.256004 2.259624
-4.365258 30.256004 1.169667
4.225351 25.374235 1.132179
3.788346 25.374235 2.187203
3.093172 25.374235 3.093172
2.187203 25.374235 3.788346
1.132180 25.374235 4.225351
0.000000 25.374235 4.374405
-1.132180 25.374235 4.225350
-2.187203 25.374235 3.788346
-3.093171 25.374235 3.093171
-3.788345 25.374235 2.187202
-4.225350 25.374235 1.132179
-5.798848 31.520311 1.553796
-5.804745 31.436123 1.555376
-5.726706 31.560822 1.534466
-5.199105 31.520311 3.001704
-5.204392 31.436123 3.004756
-5.134424 31.560822 2.964360
-4.245051 31.520311 4.245051
-4.249368 31.436123 4.249368
-4.192240 31.560822 4.192239
-3.001705 31.520311 5.199105
-3.004757 31.436123 5.204392
-2.964361 31.560822 5.134424
-1.553797 31.520311 5.798848
-1.555377 31.436123 5.804745
-1.534467 31.560822 5.726706
0.000000 31.520311 6.003409
0.000000 31.436123 6.009514
0.000000 31.560822 5.928722
1.553797 31.520311 5.798848
1.555376 31.436123 5.804745
1.534466 31.560822 5.726706
3.001705 31.520311 5.199106
3.004757 31.436123 5.204392
2.964361 31.560822 5.134425
4.245051 31.520311 4.245052
4.249368 31.436123 4.249369
4.192240 31.560822 4.192241
5.199106 31.520311 3.001705
5.204392 31.436123 3.004757
5.134425 31.560822 2.964361
5.798849 31.520311 1.553797
5.804745 31.436123 1.555376
5.726706 31.560822 1.534466
-5.011413 31.539751 1.342804
-4.960840 31.482815 1.329252
-5.083616 31.560822 1.362151
-4.493111 31.539751 2.594099
-4.447767 31.482815 2.567919
-4.557846 31.560822 2.631474
-3.668610 31.539751 3.668609
-3.631587 31.482815 3.631587
-3.721466 31.560822 3.721466
-2.594100 31.539751 4.493111
-2.567920 31.482815 4.447767
-2.631474 31.560822 4.557846
-1.342805 31.539751 5.011414
-1.329254 31.482815 4.960840
-1.362152 31.560822 5.083616
0.000000 31.539751 5.188197
0.000000 31.482815 5.135839
0.000000 31.560822 5.262948
1.342804 31.539751 5.011414
1.329253 31.482815 4.960840
1.362151 31.560822 5.083616
2.594099 31.539751 4.493112
2.567920 31.482815 4.447769
2.631474 31.560822 4.557847
3.668610 31.539751 3.668611
3.631587 31.482815 3.631588
3.721466 31.560822 3.721467
4.493112 31.539751 2.594099
4.447769 31.482815 2.567920
4.557847 31.560822 2.631474
5.011415 31.539751 1.342804
4.960840 31.482815 1.329253
5.083618 31.560822 1.362151
12.907329 19.504370 -0.101278
13.248096 20.211769 -0.101278
12.891232 20.904043 -0.101278
12.333910 21.453016 -0.101278
11.105657 21.125742 -0.101278
10.804993 21.710203 -0.101278
12.524912 22.190063 -0.101278
13.579239 21.522722 -0.101278
14.053123 20.211769 -0.101278
13.614435 18.797262 -0.101278
13.614435 18.797262 -1.284241
13.556277 18.855419 -1.469449
13.415873 18.995825 -1.546165
13.987657 20.367517 -0.954099
13.843998 20.709286 -0.968580
14.053123 20.211769 -0.754480
13.415873 18.995825 1.343609
13.556277 18.855419 1.266894
13.614435 18.797262 1.081685
13.976470 20.311893 0.769390
13.805994 20.534567 0.804266
14.053123 20.211769 0.566631
11.105657 21.125742 -1.082610
11.067610 21.199701 -1.287990
10.975757 21.378256 -1.373062
12.262194 21.532688 -0.907496
12.081531 21.733391 -1.046829
12.333910 21.453016 -0.645310
10.975757 21.378256 1.170506
11.067610 21.199701 1.085434
11.105657 21.125742 0.880054
12.262194 21.532688 0.704940
12.081531 21.733391 0.844273
12.333910 21.453016 0.442754
13.512856 21.475275 -0.752337
13.349875 21.358786 -0.843329
13.579239 21.522722 -0.553053
12.598999 22.107758 -0.870978
12.769441 21.918409 -0.931719
12.524912 22.190063 -0.657567
12.958061 20.951809 -0.738922
12.891232 20.904043 -0.546854
13.116587 21.065115 -0.810474
13.300341 20.087477 -1.035918
13.435472 19.765995 -1.235019
13.248096 20.211769 -0.720703
12.958061 20.951809 0.536367
13.116587 21.065115 0.607918
12.891232 20.904043 0.344299
13.314412 20.125147 0.830462
13.485361 19.901855 1.004754
13.248096 20.211769 0.536117
13.512856 21.475275 0.549781
13.349875 21.358786 0.640774
13.579239 21.522722 0.350498
12.598999 22.107758 0.668422
12.769441 21.918409 0.729163
12.524912 22.190063 0.455011
10.927918 21.471247 -1.373062
10.840997 21.640215 -1.294129
10.804993 21.710203 -1.103570
10.804993 21.710203 0.901014
10.840997 21.640215 1.091573
10.927918 21.471247 1.170506
13.125159 19.286539 -1.546165
12.971129 19.440569 -1.447291
12.907329 19.504370 -1.208589
12.907329 19.504370 1.006033
12.971129 19.440569 1.244736
13.125159 19.286539 1.343609
13.320457 18.084234 2.410172
13.143855 18.743324 1.964787
13.012775 19.232519 1.282426
12.943030 19.492813 0.445386
12.943029 19.492815 -0.445380
13.012775 19.232519 -1.282424
13.143854 18.743326 -1.964789
13.320457 18.084236 -2.410171
13.521282 17.334745 -2.564853
13.722108 16.585257 -2.410171
13.898709 15.926166 -1.964789
14.029789 15.436972 -1.282424
14.099535 15.176677 -0.445384
14.099535 15.176677 0.445386
14.029789 15.436972 1.282426
13.898709 15.926166 1.964787
13.722108 16.585257 2.410172
13.521282 17.334745 2.564853
13.362573 17.927057 1.904729
13.223004 18.447929 1.552754
13.119414 18.834536 1.013486
13.064295 19.040241 0.351983
13.064294 19.040243 -0.351977
13.119414 18.834536 -1.013480
13.223004 18.447929 -1.552749
13.362572 17.927059 -1.904731
13.521281 17.334745 -2.026969
13.679991 16.742434 -1.904731
13.819558 16.221561 -1.552749
13.923148 15.834956 -1.013480
13.978268 15.629250 -0.351981
13.978268 15.629250 0.351983
13.923148 15.834956 1.013486
13.819558 16.221561 1.552754
13.679991 16.742434 1.904729
13.521281 17.334745 2.026971
14.389477 18.367426 2.402481
14.369643 18.365362 2.410172
14.399317 18.362217 2.383913
14.213531 19.024063 1.958755
14.193040 19.024452 1.964787
14.224958 19.012928 1.944190
14.082885 19.511642 1.278645
14.061961 19.513647 1.282426
14.095357 19.496611 1.269518
14.013347 19.771158 0.444105
13.992215 19.773941 0.445386
14.026322 19.754250 0.441014
14.013347 19.771160 -0.444100
13.992215 19.773943 -0.445380
14.026322 19.754251 -0.441008
14.082885 19.511642 -1.278643
14.061961 19.513647 -1.282424
14.095357 19.496611 -1.269516
14.213531 19.024065 -1.958757
14.193040 19.024454 -1.964789
14.224958 19.012930 -1.944192
14.389476 18.367428 -2.402479
14.369642 18.365364 -2.410171
14.399316 18.362219 -2.383911
14.589489 17.620970 -2.556536
14.570468 17.615873 -2.564853
14.597367 17.623081 -2.536456
14.789501 16.874514 -2.402479
14.771293 16.866385 -2.410171
14.795418 16.883945 -2.383911
14.965446 16.217880 -1.958757
14.947895 16.207296 -1.964789
14.969775 16.233236 -1.944192
15.096092 15.730299 -1.278643
15.078975 15.718101 -1.282424
15.099378 15.749554 -1.269516
15.165630 15.470781 -0.444103
15.148721 15.457806 -0.445384
15.168412 15.491913 -0.441012
15.165630 15.470781 0.444105
15.148721 15.457806 0.445386
15.168412 15.491913 0.441014
15.096092 15.730299 1.278645
15.078975 15.718101 1.282426
15.099378 15.749554 1.269518
14.965446 16.217880 1.958755
14.947895 16.207296 1.964787
14.969775 16.233236 1.944190
14.789501 16.874514 2.402481
14.771293 16.866385 2.410172
14.795418 16.883945 2.383913
14.589489 17.620970 2.556536
14.570468 17.615873 2.564853
14.597367 17.623081 2.536456
14.429967 18.216314 1.912420
14.435884 18.225746 1.930989
14.411758 18.208185 1.904729
14.289742 18.739641 1.558787
14.294071 18.754997 1.573352
14.272191 18.729057 1.552754
14.185718 19.127861 1.017267
14.189003 19.147116 1.026394
14.168600 19.115664 1.013486
14.130391 19.334345 0.353264
14.133173 19.355476 0.356355
14.113482 19.321369 0.351983
14.130390 19.334347 -0.353258
14.133172 19.355478 -0.356350
14.113481 19.321371 -0.351977
14.185718 19.127861 -1.017261
14.189003 19.147116 -1.026388
14.168600 19.115664 -1.013480
14.289742 18.739641 -1.558782
14.294071 18.754997 -1.573346
14.272191 18.729057 -1.552749
14.429967 18.216316 -1.912422
14.435884 18.225748 -1.930990
14.411758 18.208187 -1.904731
14.589489 17.620970 -2.035286
14.597367 17.623081 -2.055365
14.570468 17.615873 -2.026969
14.749011 17.025625 -1.912422
14.758851 17.020416 -1.930990
14.729177 17.023561 -1.904731
14.889235 16.502302 -1.558782
14.900662 16.491167 -1.573346
14.868744 16.502691 -1.552749
14.993258 16.114082 -1.017261
15.005731 16.099051 -1.026388
14.972335 16.116087 -1.013480
15.048585 15.907597 -0.353262
15.061561 15.890687 -0.356353
15.027453 15.910378 -0.351981
15.048585 15.907597 0.353264
15.061561 15.890687 0.356355
15.027453 15.910378 0.351983
14.993258 16.114082 1.017267
15.005731 16.099051 1.026394
14.972335 16.116087 1.013486
14.889235 16.502302 1.558787
14.900662 16.491167 1.573352
14.868744 16.502691 1.552754
14.749011 17.025625 1.912420
14.758851 17.020416 1.930989
14.729177 17.023561 1.904729
14.589489 17.620970 2.035288
14.597367 17.623081 2.055367
14.570468 17.615873 2.026971
