-6.384846 8.951696 -4.638865
-4.638862 8.951696 -6.384846
-2.438794 8.951696 -7.505840
0.000000 8.951696 -7.892103
2.438794 8.951696 -7.505840
4.638862 8.951696 -6.384846
6.384846 8.951696 -4.638865
7.505840 8.951696 -2.438795
7.892103 8.951696 0.000000
0.000000 0.000000 0.000000
-10.329346 16.567436 0.000000
-9.823795 16.567436 -3.191945
-8.356615 16.567436 -6.071441
-6.071437 16.567436 -8.356615
-3.191943 16.567436 -9.823795
0.000000 16.567436 -10.329346
3.191943 16.567436 -9.823795
6.071437 16.567436 -8.356615
8.356615 16.567436 -6.071441
9.823793 16.567436 -3.191945
10.329344 16.567436 0.000000
-10.329346 18.901497 0.000000
-9.823795 18.901497 -3.191945
-8.356615 18.901497 -6.071441
-6.071437 18.901497 -8.356615
-3.191943 18.901497 -9.823795
0.000000 18.901497 -10.329346
3.191943 18.901497 -9.823795
6.071437 18.901497 -8.356615
8.356615 18.901497 -6.071441
9.823793 18.901497 -3.191945
10.329344 18.901497 0.000000
-9.451057 20.821373 0.000000
-8.988494 20.821373 -2.920539
-7.646065 20.821373 -5.555196
-5.555192 20.821373 -7.646065
-2.920537 20.821373 -8.988493
0.000000 20.821373 -9.451057
2.920537 20.821373 -8.988493
5.555192 20.821373 -7.646065
7.646065 20.821373 -5.555196
8.988492 20.821373 -2.920538
9.451056 20.821373 0.000000
-8.305150 22.208344 0.000000
-7.898671 22.208344 -2.566433
-6.719007 22.208344 -4.881648
-4.881645 22.208344 -6.719007
-2.566432 22.208344 -7.898669
0.000000 22.208344 -8.305150
2.566432 22.208344 -7.898669
4.881645 22.208344 -6.719007
6.719007 22.208344 -4.881648
7.898669 22.208344 -2.566433
8.305149 22.208344 0.000000
9.307871 12.759565 0.000000
8.852315 12.759565 -2.876291
7.530226 12.759565 -5.471033
5.471030 12.759565 -7.530226
2.876290 12.759565 -8.852315
0.000000 12.759565 -9.307871
-2.876290 12.759565 -8.852315
-5.471030 12.759565 -7.530226
-7.530226 12.759565 -5.471033
-8.852316 12.759565 -2.876292
-9.307871 12.759565 0.000000
0.000000 4.475848 -6.271596
-1.938030 4.475848 -5.964645
-3.686352 4.475848 -5.073828
-5.073828 4.475848 -3.686354
-5.964645 4.475848 -1.938030
-6.271596 4.475848 0.000000
6.271596 4.475848 0.000000
5.964644 4.475848 -1.938030
5.073828 4.475848 -3.686354
3.686352 4.475848 -5.073828
1.938030 4.475848 -5.964644
0.000000 1.929128 0.000000
-7.696615 12.652035 0.000000
7.696613 12.652035 0.000000
7.319927 12.652035 -2.378386
6.226695 12.652035 -4.523958
4.523956 12.652035 -6.226695
2.378386 12.652035 -7.319926
0.000000 12.652035 -7.696613
-2.378386 12.652035 -7.319926
-4.523956 12.652035 -6.226695
-6.226695 12.652035 -4.523958
-7.319928 12.652035 -2.378386
8.948457 18.013489 0.000000
8.510498 18.013489 -2.765225
7.239450 18.013489 -5.259773
5.259771 18.013489 -7.239450
2.765224 18.013489 -8.510496
0.000000 18.013489 -8.948457
-2.765225 18.013489 -8.510496
-5.259771 18.013489 -7.239450
-7.239450 18.013489 -5.259773
-8.510499 18.013489 -2.765225
-8.948458 18.013489 0.000000
5.994236 7.290581 0.000000
5.700862 7.290581 -1.852320
4.849440 7.290581 -3.523326
3.523324 7.290581 -4.849439
1.852320 7.290581 -5.700861
0.000000 7.290581 -5.994236
-1.852321 7.290581 -5.700861
-3.523324 7.290581 -4.849439
-4.849441 7.290581 -3.523326
-5.700867 7.290581 -1.852321
-5.994237 7.290581 0.000000
-2.616654 20.110916 -8.053244
-4.977172 20.110916 -6.850490
-6.850489 20.110916 -4.977179
-8.053246 20.110916 -2.616656
-8.467673 20.110916 0.000000
8.467673 20.110916 0.000000
8.053246 20.110916 -2.616655
6.850490 20.110916 -4.977179
4.977174 20.110916 -6.850490
2.616655 20.110916 -8.053244
0.000001 20.110916 -8.467673
-4.433757 0.061194 0.000000
-4.565628 0.223770 0.000000
-4.232150 0.000000 0.000000
-4.216753 0.061194 -1.370106
-4.342170 0.223770 -1.410857
-4.025014 0.000000 -1.307806
-3.586985 0.061194 -2.606097
-3.693670 0.223770 -2.683609
-3.423881 0.000000 -2.487595
-2.606097 0.061194 -3.586984
-2.683609 0.223770 -3.693670
-2.487595 0.000000 -3.423880
-1.370106 0.061194 -4.216753
-1.410857 0.223770 -4.342170
-1.307806 0.000000 -4.025013
0.000000 0.061194 -4.433756
0.000000 0.223770 -4.565627
0.000000 0.000000 -4.232150
1.370106 0.061194 -4.216753
1.410856 0.223770 -4.342169
1.307806 0.000000 -4.025013
2.606096 0.061194 -3.586984
2.683608 0.223770 -3.693670
2.487594 0.000000 -3.423881
3.586984 0.061194 -2.606096
3.693670 0.223770 -2.683608
3.423881 0.000000 -2.487594
4.216753 0.061194 -1.370106
4.342169 0.223770 -1.410856
4.025013 0.000000 -1.307806
4.433756 0.061194 0.000000
4.565626 0.223770 0.000000
4.232149 0.000000 0.000000
-5.730981 24.731003 0.000000
-5.743644 24.700809 0.000000
-5.700410 24.743511 0.000000
-5.450492 24.731003 -1.770971
-5.462536 24.700809 -1.774884
-5.421418 24.743511 -1.761524
-4.636461 24.731003 -3.368588
-4.646705 24.700809 -3.376031
-4.611729 24.743511 -3.350619
-3.368586 24.731003 -4.636460
-3.376029 24.700809 -4.646705
-3.350617 24.743511 -4.611728
-1.770970 24.731003 -5.450490
-1.774884 24.700809 -5.462533
-1.761524 24.743511 -5.421415
0.000000 24.731003 -5.730980
0.000000 24.700809 -5.743643
0.000000 24.743511 -5.700409
1.770970 24.731003 -5.450490
1.774883 24.700809 -5.462533
1.761523 24.743511 -5.421415
3.368586 24.731003 -4.636460
3.376029 24.700809 -4.646705
3.350617 24.743511 -4.611728
4.636460 24.731003 -3.368588
4.646705 24.700809 -3.376031
4.611728 24.743511 -3.350619
5.450490 24.731003 -1.770970
5.462533 24.700809 -1.774884
5.421415 24.743511 -1.761524
5.730980 24.731003 0.000000
5.743643 24.700809 0.000000
5.700409 24.743511 0.000000
-5.559021 24.731003 0.000000
-5.589592 24.743511 0.000000
-5.546359 24.700809 0.000000
-5.286948 24.731003 -1.717832
-5.316023 24.743511 -1.727279
-5.274906 24.700809 -1.713919
-4.497342 24.731003 -3.267513
-4.522073 24.743511 -3.285482
-4.487098 24.700809 -3.260070
-3.267511 24.731003 -4.497342
-3.285480 24.743511 -4.522073
-3.260068 24.700809 -4.487097
-1.717832 24.731003 -5.286947
-1.727279 24.743511 -5.316021
-1.713919 24.700809 -5.274903
0.000000 24.731003 -5.559021
0.000000 24.743511 -5.589591
0.000000 24.700809 -5.546357
1.717831 24.731003 -5.286947
1.727278 24.743511 -5.316021
1.713918 24.700809 -5.274903
3.267510 24.731003 -4.497342
3.285480 24.743511 -4.522073
3.260068 24.700809 -4.487097
4.497342 24.731003 -3.267513
4.522073 24.743511 -3.285482
4.487097 24.700809 -3.260070
5.286947 24.731003 -1.717832
5.316021 24.743511 -1.727278
5.274904 24.700809 -1.713919
5.559021 24.731003 0.000000
5.589591 24.743511 0.000000
5.546357 24.700809 0.000000
-5.573359 22.221928 0.000000
-5.648407 22.135075 0.000000
-5.546357 22.332954 0.000000
-5.300584 22.221928 -1.722263
-5.371960 22.135075 -1.745455
-5.274905 22.332952 -1.713920
-4.508941 22.221928 -3.275941
-4.569656 22.135075 -3.320054
-4.487097 22.332952 -3.260070
-3.275938 22.221928 -4.508942
-3.320051 22.135075 -4.569658
-3.260067 22.332952 -4.487098
-1.722262 22.221928 -5.300584
-1.745453 22.135075 -5.371960
-1.713918 22.332952 -5.274904
0.000001 22.221928 -5.573359
0.000001 22.135075 -5.648408
0.000001 22.332952 -5.546358
1.722263 22.221928 -5.300584
1.745455 22.135075 -5.371960
1.713919 22.332952 -5.274904
3.275939 22.221928 -4.508942
3.320052 22.135075 -4.569658
3.260068 22.332952 -4.487098
4.508943 22.221928 -3.275941
4.569659 22.135075 -3.320054
4.487098 22.332952 -3.260070
5.300585 22.221928 -1.722263
5.371960 22.135075 -1.745454
5.274905 22.332952 -1.713919
5.573359 22.221928 0.000000
5.648409 22.135075 0.000000
5.546359 22.332954 0.000000
-5.765799 23.051163 0.000000
-5.823776 23.009422 0.000000
-5.743644 23.118561 0.000000
-5.483607 23.051163 -1.781730
-5.538747 23.009422 -1.799646
-5.462536 23.118561 -1.774884
-4.664629 23.051163 -3.389054
-4.711534 23.009422 -3.423132
-4.646705 23.118561 -3.376031
-3.389052 23.051163 -4.664629
-3.423130 23.009422 -4.711534
-3.376029 23.118561 -4.646705
-1.781730 23.051163 -5.483604
-1.799646 23.009422 -5.538745
-1.774884 23.118561 -5.462533
0.000000 23.051163 -5.765798
0.000000 23.009422 -5.823776
0.000000 23.118561 -5.743643
1.781729 23.051163 -5.483604
1.799646 23.009422 -5.538745
1.774883 23.118561 -5.462533
3.389052 23.051163 -4.664629
3.423130 23.009422 -4.711534
3.376029 23.118561 -4.646705
4.664629 23.051163 -3.389054
4.711534 23.009422 -3.423132
4.646705 23.118561 -3.376031
5.483604 23.051163 -1.781730
5.538745 23.009422 -1.799646
5.462533 23.118561 -1.774884
5.765798 23.051163 0.000000
5.823776 23.009422 0.000000
5.743643 23.118561 0.000000
-3.988072 2.002797 0.000000
-3.752068 1.929128 0.000000
-4.138175 2.197174 0.000000
-3.792887 2.002797 -1.232382
-3.568433 1.929128 -1.159452
-3.935643 2.197174 -1.278766
-3.226418 2.002797 -2.344131
-3.035487 1.929128 -2.205411
-3.347854 2.197174 -2.432359
-2.344130 2.002797 -3.226416
-2.205410 1.929128 -3.035485
-2.432358 2.197174 -3.347852
-1.232382 2.002797 -3.792885
-1.159453 1.929128 -3.568431
-1.278767 2.197174 -3.935641
0.000000 2.002797 -3.988071
0.000000 1.929128 -3.752067
0.000000 2.197174 -4.138174
1.232381 2.002797 -3.792885
1.159452 1.929128 -3.568431
1.278766 2.197174 -3.935641
2.344130 2.002797 -3.226416
2.205410 1.929128 -3.035485
2.432358 2.197174 -3.347852
3.226417 2.002797 -2.344131
3.035486 1.929128 -2.205411
3.347853 2.197174 -2.432359
3.792885 2.002797 -1.232381
3.568431 1.929128 -1.159452
3.935641 2.197174 -1.278766
3.988071 2.002797 0.000000
3.752067 1.929128 0.000000
4.138174 2.197174 0.000000
-7.505840 8.951696 2.438795
-6.384846 8.951696 4.638865
-4.638862 8.951696 6.384846
-2.438794 8.951696 7.505840
0.000000 8.951696 7.892103
2.438794 8.951696 7.505840
4.638862 8.951696 6.384846
6.384846 8.951696 4.638865
7.505840 8.951696 2.438795
-9.823795 16.567436 3.191945
-8.356615 16.567436 6.071441
-6.071437 16.567436 8.356615
-3.191943 16.567436 9.823795
0.000000 16.567436 10.329346
3.191943 16.567436 9.823795
6.071437 16.567436 8.356615
8.356615 16.567436 6.071441
9.823793 16.567436 3.191945
-9.823795 18.901497 3.191945
-8.356615 18.901497 6.071441
-6.071437 18.901497 8.356615
-3.191943 18.901497 9.823795
0.000000 18.901497 10.329346
3.191943 18.901497 9.823795
6.071437 18.901497 8.356615
8.356615 18.901497 6.071441
9.823793 18.901497 3.191945
-8.988494 20.821373 2.920539
-7.646065 20.821373 5.555196
-5.555192 20.821373 7.646065
-2.920537 20.821373 8.988493
0.000000 20.821373 9.451057
2.920537 20.821373 8.988493
5.555192 20.821373 7.646065
7.646065 20.821373 5.555196
8.988492 20.821373 2.920538
-7.898671 22.208344 2.566433
-6.719007 22.208344 4.881648
-4.881645 22.208344 6.719007
-2.566432 22.208344 7.898669
0.000000 22.208344 8.305150
2.566432 22.208344 7.898669
4.881645 22.208344 6.719007
6.719007 22.208344 4.881648
7.898669 22.208344 2.566433
8.852315 12.759565 2.876291
7.530226 12.759565 5.471033
5.471030 12.759565 7.530226
2.876290 12.759565 8.852315
0.000000 12.759565 9.307871
-2.876290 12.759565 8.852315
-5.471030 12.759565 7.530226
-7.530226 12.759565 5.471033
-8.852316 12.759565 2.876292
0.000000 4.475848 6.271596
-1.938030 4.475848 5.964645
-3.686352 4.475848 5.073828
-5.073828 4.475848 3.686354
-5.964645 4.475848 1.938030
5.964644 4.475848 1.938030
5.073828 4.475848 3.686354
3.686352 4.475848 5.073828
1.938030 4.475848 5.964644
7.319927 12.652035 2.378386
6.226695 12.652035 4.523958
4.523956 12.652035 6.226695
2.378386 12.652035 7.319926
0.000000 12.652035 7.696613
-2.378386 12.652035 7.319926
-4.523956 12.652035 6.226695
-6.226695 12.652035 4.523958
-7.319928 12.652035 2.378386
8.510498 18.013489 2.765225
7.239450 18.013489 5.259773
5.259771 18.013489 7.239450
2.765224 18.013489 8.510496
0.000000 18.013489 8.948457
-2.765225 18.013489 8.510496
-5.259771 18.013489 7.239450
-7.239450 18.013489 5.259773
-8.510499 18.013489 2.765225
5.700862 7.290581 1.852320
4.849440 7.290581 3.523326
3.523324 7.290581 4.849439
1.852320 7.290581 5.700861
0.000000 7.290581 5.994236
-1.852321 7.290581 5.700861
-3.523324 7.290581 4.849439
-4.849441 7.290581 3.523326
-5.700867 7.290581 1.852321
-2.616654 20.110916 8.053244
-4.977172 20.110916 6.850490
-6.850489 20.110916 4.977179
-8.053246 20.110916 2.616656
8.053246 20.110916 2.616655
6.850490 20.110916 4.977179
4.977174 20.110916 6.850490
2.616655 20.110916 8.053244
0.000001 20.110916 8.467673
-4.216753 0.061194 1.370106
-4.342170 0.223770 1.410857
-4.025014 -0.000000 1.307806
-3.586985 0.061194 2.606097
-3.693670 0.223770 2.683609
-3.423881 -0.000000 2.487595
-2.606097 0.061194 3.586984
-2.683609 0.223770 3.693670
-2.487595 -0.000000 3.423880
-1.370106 0.061194 4.216753
-1.410857 0.223770 4.342170
-1.307806 -0.000000 4.025013
0.000000 0.061194 4.433756
0.000000 0.223770 4.565627
0.000000 -0.000000 4.232150
1.370106 0.061194 4.216753
1.410856 0.223770 4.342169
1.307806 -0.000000 4.025013
2.606096 0.061194 3.586984
2.683608 0.223770 3.693670
2.487594 -0.000000 3.423881
3.586984 0.061194 2.606096
3.693670 0.223770 2.683608
3.423881 -0.000000 2.487594
4.216753 0.061194 1.370106
4.342169 0.223770 1.410856
4.025013 -0.000000 1.307806
-5.450492 24.731003 1.770971
-5.462536 24.700809 1.774884
-5.421418 24.743511 1.761524
-4.636461 24.731003 3.368588
-4.646705 24.700809 3.376031
-4.611729 24.743511 3.350619
-3.368586 24.731003 4.636460
-3.376029 24.700809 4.646705
-3.350617 24.743511 4.611728
-1.770970 24.731003 5.450490
-1.774884 24.700809 5.462533
-1.761524 24.743511 5.421415
0.000000 24.731003 5.730980
0.000000 24.700809 5.743643
0.000000 24.743511 5.700409
1.770970 24.731003 5.450490
1.774883 24.700809 5.462533
1.761523 24.743511 5.421415
3.368586 24.731003 4.636460
3.376029 24.700809 4.646705
3.350617 24.743511 4.611728
4.636460 24.731003 3.368588
4.646705 24.700809 3.376031
4.611728 24.743511 3.350619
5.450490 24.731003 1.770970
5.462533 24.700809 1.774884
5.421415 24.743511 1.761524
-5.286948 24.731003 1.717832
-5.316023 24.743511 1.727279
-5.274906 24.700809 1.713919
-4.497342 24.731003 3.267513
-4.522073 24.743511 3.285482
-4.487098 24.700809 3.260070
-3.267511 24.731003 4.497342
-3.285480 24.743511 4.522073
-3.260068 24.700809 4.487097
-1.717832 24.731003 5.286947
-1.727279 24.743511 5.316021
-1.713919 24.700809 5.274903
0.000000 24.731003 5.559021
0.000000 24.743511 5.589591
0.000000 24.700809 5.546357
1.717831 24.731003 5.286947
1.727278 24.743511 5.316021
1.713918 24.700809 5.274903
3.267510 24.731003 4.497342
3.285480 24.743511 4.522073
3.260068 24.700809 4.487097
4.497342 24.731003 3.267513
4.522073 24.743511 3.285482
4.487097 24.700809 3.260070
5.286947 24.731003 1.717832
5.316021 24.743511 1.727278
5.274904 24.700809 1.713919
-5.300584 22.221928 1.722263
-5.371960 22.135075 1.745455
-5.274905 22.332952 1.713920
-4.508941 22.221928 3.275941
-4.569656 22.135075 3.320054
-4.487097 22.332952 3.260070
-3.275938 22.221928 4.508942
-3.320051 22.135075 4.569658
-3.260067 22.332952 4.487098
-1.722262 22.221928 5.300584
-1.745453 22.135075 5.371960
-1.713918 22.332952 5.274904
0.000001 22.221928 5.573359
0.000001 22.135075 5.648408
0.000001 22.332952 5.546358
1.722263 22.221928 5.300584
1.745455 22.135075 5.371960
1.713919 22.332952 5.274904
3.275939 22.221928 4.508942
3.320052 22.135075 4.569658
3.260068 22.332952 4.487098
4.508943 22.221928 3.275941
4.569659 22.135075 3.320054
4.487098 22.332952 3.260070
5.300585 22.221928 1.722263
5.371960 22.135075 1.745454
5.274905 22.332952 1.713919
-5.483607 23.051163 1.781730
-5.538747 23.009422 1.799646
-5.462536 23.118561 1.774884
-4.664629 23.051163 3.389054
-4.711534 23.009422 3.423132
-4.646705 23.118561 3.376031
-3.389052 23.051163 4.664629
-3.423130 23.009422 4.711534
-3.376029 23.118561 4.646705
-1.781730 23.051163 5.483604
-1.799646 23.009422 5.538745
-1.774884 23.118561 5.462533
0.000000 23.051163 5.765798
0.000000 23.009422 5.823776
0.000000 23.118561 5.743643
1.781729 23.051163 5.483604
1.799646 23.009422 5.538745
1.774883 23.118561 5.462533
3.389052 23.051163 4.664629
3.423130 23.009422 4.711534
3.376029 23.118561 4.646705
4.664629 23.051163 3.389054
4.711534 23.009422 3.423132
4.646705 23.118561 3.376031
5.483604 23.051163 1.781730
5.538745 23.009422 1.799646
5.462533 23.118561 1.774884
-3.792887 2.002797 1.232382
-3.568433 1.929128 1.159452
-3.935643 2.197174 1.278766
-3.226418 2.002797 2.344131
-3.035487 1.929128 2.205411
-3.347854 2.197174 2.432359
-2.344130 2.002797 3.226416
-2.205410 1.929128 3.035485
-2.432358 2.197174 3.347852
-1.232382 2.002797 3.792885
-1.159453 1.929128 3.568431
-1.278767 2.197174 3.935641
0.000000 2.002797 3.988071
0.000000 1.929128 3.752067
0.000000 2.197174 4.138174
1.232381 2.002797 3.792885
1.159452 1.929128 3.568431
1.278766 2.197174 3.935641
2.344130 2.002797 3.226416
2.205410 1.929128 3.035485
2.432358 2.197174 3.347852
3.226417 2.002797 2.344131
3.035486 1.929128 2.205411
3.347853 2.197174 2.432359
3.792885 2.002797 1.232381
3.568431 1.929128 1.159452
3.935641 2.197174 1.278766
