-0.525531 0.219385 -10.049794
-0.525531 0.000000 -9.798432
-3.104894 0.062647 -9.626308
-3.126611 0.219385 -9.707356
-3.061554 0.000000 -9.464561
-5.508475 0.062647 -8.630712
-5.550429 0.219385 -8.703378
-5.424749 0.000000 -8.485694
-7.572478 0.062647 -7.046947
-7.631810 0.219385 -7.106279
-7.454071 0.000000 -6.928539
-9.156243 0.062647 -4.982944
-9.228910 0.219385 -5.024899
-9.011225 0.000000 -4.899218
-10.151839 0.062647 -2.579362
-10.232888 0.219385 -2.601079
-9.990092 0.000000 -2.536022
-10.491419 0.062647 -0.000001
-10.575326 0.219385 -0.000001
-10.323966 0.000000 -0.000001
-10.151840 0.062647 2.579361
-10.232888 0.219385 2.601078
-9.990092 -0.000000 2.536021
-9.156245 0.062647 4.982944
-9.228911 0.219385 5.024898
-9.011226 -0.000000 4.899217
-7.572480 0.062647 7.046947
-7.631812 0.219385 7.106279
-7.454073 -0.000000 6.928539
-5.508477 0.062647 8.630713
-5.550431 0.219385 8.703380
-5.424751 -0.000000 8.485694
-3.104896 0.062647 9.626310
-3.126613 0.219385 9.707359
-3.061556 -0.000000 9.464563
-0.525532 0.062647 9.965891
-0.525532 0.219385 10.049798
-0.525532 -0.000000 9.798438
2.053829 0.062647 9.626310
2.075547 0.219385 9.707359
2.010489 -0.000000 9.464563
4.457412 0.062647 8.630714
4.499367 0.219385 8.703382
4.373686 -0.000000 8.485696
6.521418 0.062647 7.046949
6.580750 0.219385 7.106281
6.403011 -0.000000 6.928542
8.105188 0.062647 4.982945
8.177856 0.219385 5.024899
7.960170 -0.000000 4.899219
9.100784 0.062647 2.579362
9.181834 0.219385 2.601079
8.939037 -0.000000 2.536022
9.440361 0.062647 0.000000
9.524269 0.219385 0.000000
9.272908 0.000000 0.000000
10.397197 10.618656 -2.926733
10.455026 10.443712 -2.942229
10.227237 10.679444 -2.881192
9.267518 10.618656 -5.654016
9.319366 10.443712 -5.683951
9.115136 10.679444 -5.566039
7.470456 10.618656 -7.995987
7.512790 10.443712 -8.038320
7.346036 10.679444 -7.871567
5.128486 10.618656 -9.793045
5.158421 10.443712 -9.844893
5.040508 10.679444 -9.640662
2.401203 10.618656 -10.922724
2.416698 10.443712 -10.980550
2.355663 10.679444 -10.752761
-0.525531 10.618656 -11.308036
-0.525531 10.443712 -11.367905
-0.525531 10.679444 -11.132079
-3.452267 10.618656 -10.922724
-3.467763 10.443712 -10.980552
-3.406727 10.679444 -10.752763
-6.179548 10.618656 -9.793047
-6.209484 10.443712 -9.844895
-6.091571 10.679444 -9.640665
-8.521520 10.618656 -7.995989
-8.563852 10.443712 -8.038323
-8.397100 10.679444 -7.871570
-10.318577 10.618656 -5.654019
-10.370424 10.443712 -5.683954
-10.166194 10.679444 -5.566041
-11.448257 10.618656 -2.926736
-11.506084 10.443712 -2.942231
-11.278296 10.679444 -2.881195
-11.833569 10.618656 -0.000001
-11.893437 10.443712 -0.000001
-11.657611 10.679444 -0.000001
-11.448257 10.618656 2.926734
-11.506084 10.443712 2.942230
-11.278296 10.679444 2.881194
-10.318580 10.618656 5.654018
-10.370427 10.443712 5.683952
-10.166197 10.679444 5.566040
-8.521522 10.618656 7.995989
-8.563854 10.443712 8.038323
-8.397101 10.679444 7.871571
-6.179552 10.618656 9.793049
-6.209486 10.443712 9.844896
-6.091573 10.679444 9.640666
-3.452270 10.618656 10.922728
-3.467765 10.443712 10.980555
-3.406729 10.679444 10.752765
-0.525533 10.618656 11.308038
-0.525533 10.443712 11.367908
-0.525533 10.679444 11.132082
2.401203 10.618656 10.922728
2.416698 10.443712 10.980555
2.355663 10.679444 10.752765
5.128488 10.618656 9.793050
5.158422 10.443712 9.844896
5.040509 10.679444 9.640667
7.470460 10.618656 7.995992
7.512794 10.443712 8.038324
7.346040 10.679444 7.871572
9.267524 10.618656 5.654020
9.319370 10.443712 5.683954
9.115140 10.679444 5.566041
10.397203 10.618656 2.926736
10.455030 10.443712 2.942231
10.227242 10.679444 2.881195
10.782516 10.618656 0.000000
10.842385 10.443712 0.000000
10.606560 10.679444 0.000000
4.456815 0.068763 -1.335015
4.618551 0.000000 -1.378352
4.389822 0.234772 -1.317064
3.941521 0.068763 -2.579051
4.086530 0.000000 -2.662771
3.881457 0.234772 -2.544373
3.121799 0.068763 -3.647328
3.240197 0.000000 -3.765727
3.072756 0.234772 -3.598285
2.053522 0.068763 -4.467052
2.137243 0.000000 -4.612061
2.018843 0.234772 -4.406987
0.809485 0.068763 -4.982346
0.852822 0.000000 -5.144082
0.791534 0.234772 -4.915352
-0.525530 0.068763 -5.158103
-0.525530 0.000000 -5.325545
-0.525530 0.234772 -5.088747
-1.860547 0.068763 -4.982347
-1.903884 0.000000 -5.144083
-1.842596 0.234772 -4.915353
-3.104585 0.068763 -4.467052
-3.188305 0.000000 -4.612062
-3.069906 0.234772 -4.406988
-4.172862 0.068763 -3.647331
-4.291261 0.000000 -3.765730
-4.123819 0.234772 -3.598288
-4.992587 0.068763 -2.579052
-5.137595 0.000000 -2.662773
-4.932522 0.234772 -2.544374
-5.507880 0.068763 -1.335016
-5.669615 0.000000 -1.378353
-5.440886 0.234772 -1.317065
-5.683636 0.068763 0.000001
-5.851078 0.000000 0.000000
-5.614279 0.234772 0.000001
-5.507882 0.068763 1.335017
-5.669617 -0.000000 1.378353
-5.440888 0.234772 1.317066
-4.992587 0.068763 2.579053
-5.137596 -0.000000 2.662774
-4.932523 0.234772 2.544375
-4.172863 0.068763 3.647331
-4.291263 -0.000000 3.765730
-4.123821 0.234772 3.598289
-3.104586 0.068763 4.467055
-3.188307 -0.000000 4.612063
-3.069908 0.234772 4.406991
-1.860548 0.068763 4.982349
-1.903885 -0.000000 5.144086
-1.842597 0.234772 4.915356
-0.525531 0.068763 5.158108
-0.525531 -0.000000 5.325550
-0.525531 0.234772 5.088752
0.809485 0.068763 4.982349
0.852822 -0.000000 5.144085
0.791534 0.234772 4.915356
2.053522 0.068763 4.467055
2.137243 -0.000000 4.612063
2.018843 0.234772 4.406991
3.121800 0.068763 3.647333
3.240199 -0.000000 3.765732
3.072758 0.234772 3.598290
3.941523 0.068763 2.579054
4.086532 -0.000000 2.662775
3.881459 0.234772 2.544376
4.456818 0.068763 1.335017
4.618554 -0.000000 1.378354
4.389825 0.234772 1.317066
4.632577 0.068763 0.000001
4.800018 -0.000000 0.000001
4.563220 0.234772 0.000001
4.451260 9.907516 -1.333526
4.389822 9.741516 -1.317064
4.604554 9.989825 -1.374601
3.936541 9.907516 -2.576175
3.881457 9.741516 -2.544373
4.073980 9.989825 -2.655526
3.117732 9.907516 -3.643262
3.072756 9.741516 -3.598285
3.229951 9.989825 -3.755480
2.050646 9.907516 -4.462071
2.018843 9.741516 -4.406987
2.129997 9.989825 -4.599510
0.807997 9.907516 -4.976790
0.791534 9.741516 -4.915352
0.849071 9.989825 -5.130085
-0.525530 9.907516 -5.152353
-0.525530 9.741516 -5.088747
-0.525530 9.989825 -5.311054
-1.859058 9.907516 -4.976792
-1.842596 9.741516 -4.915353
-1.900133 9.989825 -5.130085
-3.101709 9.907516 -4.462072
-3.069906 9.741516 -4.406988
-3.181060 9.989825 -4.599511
-4.168796 9.907516 -3.643264
-4.123819 9.741516 -3.598288
-4.281014 9.989825 -3.755483
-4.987605 9.907516 -2.576176
-4.932522 9.741516 -2.544374
-5.125045 9.989825 -2.655527
-5.502324 9.907516 -1.333527
-5.440886 9.741516 -1.317065
-5.655617 9.989825 -1.374602
-5.677885 9.907516 0.000001
-5.614279 9.741516 0.000001
-5.836586 9.989825 0.000000
-5.502327 9.907516 1.333528
-5.440888 9.741516 1.317066
-5.655619 9.989825 1.374603
-4.987607 9.907516 2.576177
-4.932523 9.741516 2.544375
-5.125046 9.989825 2.655529
-4.168797 9.907516 3.643265
-4.123821 9.741516 3.598289
-4.281015 9.989825 3.755484
-3.101711 9.907516 4.462075
-3.069908 9.741516 4.406991
-3.181062 9.989825 4.599514
-1.859059 9.907516 4.976795
-1.842597 9.741516 4.915356
-1.900134 9.989825 5.130087
-0.525531 9.907516 5.152358
-0.525531 9.741516 5.088752
-0.525531 9.989825 5.311059
0.807997 9.907516 4.976795
0.791534 9.741516 4.915356
0.849071 9.989825 5.130087
2.050646 9.907516 4.462075
2.018843 9.741516 4.406991
2.129997 9.989825 4.599514
3.117733 9.907516 3.643266
3.072758 9.741516 3.598290
3.229952 9.989825 3.755485
3.936543 9.907516 2.576179
3.881459 9.741516 2.544376
4.073982 9.989825 2.655529
4.451263 9.907516 1.333529
4.389825 9.741516 1.317066
4.604557 9.989825 1.374604
4.626825 9.907516 0.000001
4.563220 9.741516 0.000001
4.785526 9.989825 0.000001
8.857934 0.325092 -2.514289
8.871755 0.322255 -2.517993
7.899846 0.322255 -4.864389
7.887453 0.325092 -4.857235
8.873715 0.345025 -2.518518
7.901603 0.345025 -4.865404
9.203257 0.322255 0.000000
9.205286 0.345025 0.000000
9.188948 0.325092 0.000000
6.353757 0.322255 -6.879286
6.343639 0.325092 -6.869168
6.355193 0.345024 -6.880721
4.338859 0.322255 -8.425372
4.331705 0.325093 -8.412980
4.339874 0.345024 -8.427129
1.992463 0.322256 -9.397280
1.988759 0.325093 -9.383460
1.992988 0.345024 -9.399240
-0.525531 0.322255 -9.728781
-0.525531 0.325093 -9.714473
-0.525531 0.345025 -9.730810
-3.043527 0.322255 -9.397283
-3.039824 0.325092 -9.383461
-3.044052 0.345024 -9.399242
-5.389923 0.322255 -8.425373
-5.382768 0.325092 -8.412981
-5.390938 0.345024 -8.427132
-7.404820 0.322255 -6.879289
-7.394702 0.325093 -6.869171
-7.406255 0.345025 -6.880723
-8.950906 0.322255 -4.864393
-8.938514 0.325093 -4.857238
-8.952662 0.345025 -4.865407
-9.922813 0.322255 -2.517995
-9.908993 0.325092 -2.514292
-9.924774 0.345024 -2.518520
-10.254313 0.322254 -0.000001
-10.240005 0.325092 -0.000001
-10.256344 0.345025 0.000000
-9.922814 0.322255 2.517994
-9.908992 0.325092 2.514291
-9.924775 0.345025 2.518520
-8.950906 0.322254 4.864391
-8.938514 0.325092 4.857237
-8.952663 0.345025 4.865407
-7.404821 0.322255 6.879289
-7.394703 0.325092 6.869171
-7.406258 0.345025 6.880723
-5.389925 0.322254 8.425375
-5.382770 0.325092 8.412983
-5.390940 0.345025 8.427132
-3.043529 0.322255 9.397285
-3.039825 0.325092 9.383464
-3.044054 0.345025 9.399245
-0.525532 0.322254 9.728786
-0.525532 0.325092 9.714477
-0.525532 0.345024 9.730816
1.992462 0.322255 9.397285
1.988759 0.325092 9.383464
1.992988 0.345025 9.399245
4.338860 0.322255 8.425376
4.331706 0.325092 8.412985
4.339875 0.345024 8.427134
6.353760 0.322255 6.879291
6.343642 0.325093 6.869173
6.355195 0.345024 6.880726
7.899850 0.322255 4.864393
7.887460 0.325093 4.857238
7.901608 0.345025 4.865408
8.871759 0.322256 2.517996
8.857939 0.325093 2.514292
8.873719 0.345025 2.518521
10.117077 10.408993 -2.851676
10.150830 10.376664 -2.860719
10.527458 10.376664 0.000000
10.492515 10.408993 0.000000
10.184625 10.330634 -2.869775
10.562444 10.330634 0.000000
9.046631 10.376665 -5.526487
9.076931 10.330634 -5.543981
9.016369 10.408994 -5.509016
7.290102 10.376664 -7.815633
7.314842 10.330634 -7.840373
7.265394 10.408994 -7.790924
5.000957 10.376664 -9.572158
5.018450 10.330634 -9.602458
4.983485 10.408994 -9.541896
2.335189 10.376665 -10.676356
2.344245 10.330634 -10.710149
2.326145 10.408995 -10.642601
-0.525531 10.376665 -11.052978
-0.525531 10.330634 -11.087964
-0.525531 10.408994 -11.018034
-3.386254 10.376664 -10.676356
-3.395309 10.330634 -10.710151
-3.377210 10.408994 -10.642603
-6.052019 10.376664 -9.572160
-6.069513 10.330634 -9.602460
-6.034549 10.408993 -9.541899
-8.341166 10.376664 -7.815636
-8.365906 10.330634 -7.840376
-8.316457 10.408993 -7.790927
-10.097690 10.376665 -5.526490
-10.127989 10.330634 -5.543983
-10.067428 10.408994 -5.509018
-11.201889 10.376665 -2.860721
-11.235684 10.330634 -2.869777
-11.168136 10.408995 -2.851677
-11.578509 10.376665 -0.000001
-11.613496 10.330634 -0.000001
-11.543567 10.408995 -0.000001
-11.201889 10.376665 2.860720
-11.235684 10.330634 2.869776
-11.168136 10.408996 2.851676
-10.097692 10.376665 5.526489
-10.127993 10.330634 5.543982
-10.067430 10.408995 5.509017
-8.341168 10.376664 7.815636
-8.365908 10.330634 7.840377
-8.316459 10.408994 7.790927
-6.052022 10.376665 9.572162
-6.069516 10.330634 9.602461
-6.034551 10.408994 9.541900
-3.386256 10.376664 10.676360
-3.395311 10.330634 10.710153
-3.377212 10.408994 10.642606
-0.525533 10.376664 11.052979
-0.525533 10.330634 11.087967
-0.525533 10.408994 11.018037
2.335189 10.376665 10.676360
2.344245 10.330634 10.710153
2.326145 10.408994 10.642606
5.000958 10.376665 9.572163
5.018452 10.330634 9.602463
4.983487 10.408995 9.541900
7.290107 10.376665 7.815638
7.314846 10.330634 7.840377
7.265398 10.408994 7.790928
9.046637 10.376665 5.526491
9.076935 10.330634 5.543984
9.016374 10.408994 5.509019
10.150836 10.376664 2.860722
10.184629 10.330634 2.869777
10.117082 10.408994 2.851678
4.704579 9.616658 -1.401402
4.163660 9.616658 -2.707303
4.889080 9.616657 0.000001
3.303174 9.616656 -3.828703
2.181773 9.616656 -4.689189
0.875873 9.616657 -5.230108
-0.525530 9.616657 -5.414607
-1.926934 9.616657 -5.230109
-3.232836 9.616657 -4.689190
-4.354237 9.616657 -3.828706
-5.214725 9.616658 -2.707304
-5.755643 9.616658 -1.401403
-5.940139 9.616657 0.000000
-5.755645 9.616657 1.401404
-5.214726 9.616657 2.707305
-4.354239 9.616657 3.828707
-3.232838 9.616657 4.689193
-1.926936 9.616657 5.230113
-0.525531 9.616657 5.414611
0.875873 9.616657 5.230112
2.181774 9.616657 4.689193
3.303176 9.616657 3.828707
4.163662 9.616657 2.707306
4.704582 9.616657 1.401405
