4.365077 0.023451 0.556233
4.365076 0.023451 -0.556236
4.088415 0.023451 -1.633758
4.211893 0.097071 -1.682647
4.276890 0.603074 -1.708381
4.566188 0.603073 -0.581644
4.566189 0.603074 0.581639
3.552477 0.023451 -2.608625
3.659918 0.097071 -2.686686
3.716473 0.603074 -2.727775
2.790937 0.023451 -3.419582
2.875591 0.097071 -3.521910
2.920150 0.603074 -3.575774
1.851646 0.023451 -4.015675
1.908192 0.097071 -4.135840
1.937956 0.603074 -4.199093
0.793622 0.023451 -4.359448
0.818507 0.097071 -4.489900
0.831606 0.603074 -4.558568
-0.316655 0.023451 -4.429300
-0.324994 0.097071 -4.561843
-0.329383 0.603074 -4.631611
-1.409422 0.023451 -4.220844
-1.450461 0.097071 -4.347148
-1.472063 0.603074 -4.413633
-2.416018 0.023451 -3.747176
-2.487178 0.097071 -3.859306
-2.524636 0.603074 -3.918330
-3.273193 0.023451 -3.038059
-3.370003 0.097071 -3.128970
-3.420962 0.603074 -3.176824
-3.927087 0.023451 -2.138049
-4.043465 0.097071 -2.202028
-4.104724 0.603074 -2.235706
-4.336615 0.023451 -1.103698
-4.465247 0.097071 -1.136725
-4.532957 0.603074 -1.154110
-4.476045 0.023451 0.000003
-4.608849 0.097071 0.000003
-4.678755 0.603074 0.000003
-4.336614 0.023451 1.103703
-4.465247 0.097071 1.136730
-4.532956 0.603074 1.154115
-3.927085 0.023451 2.138054
-4.043462 0.097071 2.202033
-4.104721 0.603074 2.235710
-3.273190 0.023451 3.038062
-3.370000 0.097071 3.128973
-3.420959 0.603074 3.176827
-2.416014 0.023451 3.747178
-2.487174 0.097071 3.859309
-2.524632 0.603074 3.918332
-1.409419 0.023451 4.220845
-1.450457 0.097071 4.347150
-1.472059 0.603074 4.413634
-0.316651 0.023451 4.429301
-0.324989 0.097071 4.561843
-0.329379 0.603074 4.631611
0.793627 0.023451 4.359447
0.818512 0.097071 4.489899
0.831611 0.603074 4.558567
1.851651 0.023451 4.015673
1.908197 0.097071 4.135838
1.937961 0.603074 4.199091
2.790942 0.023451 3.419579
2.875595 0.097071 3.521906
2.920155 0.603074 3.575770
3.552481 0.023451 2.608620
3.659922 0.097071 2.686681
3.716477 0.603074 2.727770
4.088418 0.023451 1.633752
4.211897 0.097071 1.682641
4.276893 0.603073 1.708376
2.262038 0.712207 0.290559
2.725698 0.389603 0.349133
2.552046 0.389603 1.025462
2.215653 0.389603 1.637360
1.683835 0.712207 1.616895
1.037966 0.712207 1.975352
0.066622 0.712207 1.662684
-0.671194 0.712207 -0.169403
1.003567 0.712207 -1.288372
2.042915 0.712207 -0.562865
2.552045 0.389603 -1.025466
2.725697 0.389603 -0.349134
3.804574 -0.000000 0.485425
3.804572 0.000000 -0.485428
3.563130 0.000000 -1.425783
3.563133 -0.000000 1.425778
3.095420 -0.000000 2.276546
2.430824 -0.000000 2.984272
1.611103 -0.000000 3.504484
0.687764 -0.000000 3.804496
-0.281177 -0.000000 3.865457
-1.234837 -0.000000 3.683538
-2.113295 -0.000000 3.270168
-2.861353 -0.000000 2.651321
-3.432009 -0.000000 1.865882
-3.789405 -0.000000 0.963203
-3.911087 -0.000000 0.000002
-3.789406 0.000000 -0.963199
-3.432010 0.000000 -1.865879
-2.861356 0.000000 -2.651319
-2.113298 0.000000 -3.270166
-1.234841 0.000000 -3.683537
-0.281181 0.000000 -3.865457
0.687760 0.000000 -3.804497
1.611099 0.000000 -3.504486
2.430820 0.000000 -2.984275
3.095416 0.000000 -2.276551
3.164574 0.044120 -0.404577
2.963345 0.044120 -1.188311
3.060753 0.010620 -1.226878
3.268512 0.010620 -0.417708
3.268513 0.010620 0.417706
3.164574 0.044120 0.404575
3.060755 0.010620 1.226873
2.963347 0.044120 1.188307
2.658291 0.010620 1.958955
2.573534 0.044120 1.897375
2.086410 0.010620 2.567948
2.019630 0.044120 2.487225
1.737655 0.389603 2.146378
1.381045 0.010620 3.015587
1.336438 0.044120 2.920793
1.148088 0.389603 2.520530
0.586517 0.010620 3.273746
0.566886 0.044120 3.170837
0.483995 0.389603 2.736308
-0.247251 0.010620 3.326203
-0.240672 0.044120 3.221645
-0.212896 0.389603 2.780153
-1.067869 0.010620 3.169662
-1.035495 0.044120 3.070025
-0.898798 0.389603 2.649311
-1.823777 0.010620 2.813960
-1.767641 0.044120 2.725504
-1.530611 0.389603 2.352003
-2.467477 0.010620 2.281446
-2.391106 0.044120 2.209729
-2.068637 0.389603 1.906910
-2.958522 0.010620 1.605581
-2.866716 0.044120 1.555110
-2.479069 0.389603 1.341999
-3.266060 0.010620 0.828831
-3.164587 0.044120 0.802777
-2.736119 0.389603 0.692765
-3.370766 0.010620 0.000002
-3.266001 0.044120 0.000002
-2.823636 0.389603 0.000002
-3.266061 0.010620 -0.828827
-3.164587 0.044120 -0.802773
-2.736120 0.389603 -0.692761
-2.958524 0.010620 -1.605578
-2.866717 0.044120 -1.555107
-2.479070 0.389603 -1.341996
-2.467479 0.010620 -2.281444
-2.391108 0.044120 -2.209727
-2.068638 0.389603 -1.906908
-1.823780 0.010620 -2.813958
-1.767644 0.044120 -2.725502
-1.530613 0.389603 -2.352001
-1.067872 0.010620 -3.169661
-1.035498 0.044120 -3.070024
-0.898800 0.389603 -2.649310
-0.247254 0.010620 -3.326202
-0.240675 0.044120 -3.221644
-0.212899 0.389603 -2.780152
0.586514 0.010620 -3.273746
0.566883 0.044120 -3.170837
0.483992 0.389603 -2.736308
1.381041 0.010620 -3.015589
1.336435 0.044120 -2.920794
1.148085 0.389603 -2.520531
2.086406 0.010620 -2.567950
2.019627 0.044120 -2.487228
1.737653 0.389603 -2.146380
2.658288 0.010620 -1.958959
2.573531 0.044120 -1.897379
2.215651 0.389603 -1.637364
4.813379 1.237042 -0.612872
4.508549 1.237042 -1.800101
5.020469 1.548236 -2.002785
5.359620 1.548236 -0.681879
5.359621 1.548236 0.681872
4.813379 1.237042 0.612866
3.918044 1.237042 -2.874225
4.363475 1.548236 -3.197850
3.078967 1.237042 -3.767751
3.429922 1.548236 -4.191984
2.044041 1.237042 -4.424536
2.278468 1.548236 -4.922719
0.878293 1.237042 -4.803310
0.981462 1.548236 -5.344141
-0.345028 1.237042 -4.880275
-0.379599 1.548236 -5.429772
-1.549057 1.237042 -4.650594
-1.719197 1.548236 -5.174230
-2.658140 1.237042 -4.128699
-2.953158 1.548236 -4.593572
-3.602589 1.237042 -3.347382
-4.003947 1.548236 -3.724283
-4.323061 1.237042 -2.355737
-4.805541 1.548236 -2.620983
-4.774286 1.237042 -1.216073
-5.307572 1.548236 -1.352997
-4.927911 1.237042 0.000003
-5.478495 1.548236 0.000003
-4.774284 1.237042 1.216078
-5.307570 1.548236 1.353003
-4.323058 1.237042 2.355742
-4.805539 1.548236 2.620988
-3.602586 1.237042 3.347386
-4.003944 1.548236 3.724287
-2.658136 1.237042 4.128701
-2.953153 1.548236 4.593575
-1.549053 1.237042 4.650595
-1.719192 1.548236 5.174231
-0.345023 1.237042 4.880275
-0.379594 1.548236 5.429772
0.878299 1.237042 4.803309
0.981468 1.548236 5.344140
2.044047 1.237042 4.424533
2.278474 1.548236 4.922716
3.078973 1.237042 3.767747
3.429928 1.548236 4.191978
3.918049 1.237042 2.874220
4.363480 1.548236 3.197844
4.508551 1.237042 1.800097
5.020471 1.548236 2.002779
6.094996 1.996909 -0.774777
5.709637 1.996909 -2.275646
6.460307 2.678865 -2.572857
6.895995 2.678865 -0.875966
6.895996 2.678865 0.875961
6.094997 1.996909 0.774771
4.963135 1.996909 -3.633529
5.616307 2.678865 -4.108087
3.902394 1.996909 -4.763103
4.417028 2.678865 -5.385190
2.594064 1.996909 -5.593395
2.937824 2.678865 -6.323921
1.120353 1.996909 -6.072232
1.271638 2.678865 -6.865298
-0.426141 1.996909 -6.169529
-0.476836 2.678865 -6.975302
-1.948246 1.996909 -5.879172
-2.197736 2.678865 -6.647023
-3.350323 1.996909 -5.219405
-3.782932 2.678865 -5.901086
-4.544274 1.996909 -4.231683
-5.132819 2.678865 -4.784363
-5.455077 1.996909 -2.978068
-6.162578 2.678865 -3.367019
-6.025504 1.996909 -1.537330
-6.807507 2.678865 -1.738114
-6.219714 1.996909 0.000003
-7.027081 2.678865 0.000004
-6.025503 1.996909 1.537337
-6.807504 2.678865 1.738121
-5.455074 1.996909 2.978074
-6.162575 2.678865 3.367027
-4.544270 1.996909 4.231687
-5.132814 2.678865 4.784368
-3.350319 1.996909 5.219407
-3.782927 2.678865 5.901090
-1.948241 1.996909 5.879173
-2.197730 2.678865 6.647025
-0.426135 1.996909 6.169530
-0.476830 2.678865 6.975303
1.120360 1.996909 6.072231
1.271646 2.678865 6.865297
2.594071 1.996909 5.593391
2.937831 2.678865 6.323918
3.902400 1.996909 4.763098
4.417035 2.678865 5.385183
4.963140 1.996909 3.633521
5.616314 2.678865 4.108078
5.709641 1.996909 2.275639
6.460312 2.678865 2.572848
8.788477 5.193124 -1.115042
8.267264 4.333647 -1.049197
7.745413 4.333647 -3.081667
8.233878 5.193124 -3.275064
8.586347 6.025893 -3.414616
9.164578 6.025893 -1.162555
9.164581 6.025893 1.162548
8.788480 5.193124 1.115035
8.267265 4.333647 1.049191
6.734504 4.333647 -4.920504
7.159526 5.193124 -5.229301
7.466217 6.025893 -5.452126
5.298055 4.333647 -6.450168
5.632929 5.193124 -6.854962
5.874571 6.025893 -7.147057
3.526321 4.333647 -7.574543
3.750008 5.193124 -8.049900
3.911417 6.025893 -8.392912
1.530630 4.333647 -8.222983
1.629072 5.193124 -8.739034
1.700106 6.025893 -9.111410
-0.563624 4.333647 -8.354742
-0.596611 5.193124 -8.879062
-0.620415 6.025893 -9.257405
-2.624850 4.333647 -7.961542
-2.787194 5.193124 -8.461186
-2.904340 6.025893 -8.821723
-4.523534 4.333647 -7.068089
-4.805035 5.193124 -7.511662
-5.008162 6.025893 -7.831740
-6.140376 4.333647 -5.730521
-6.523344 5.193124 -6.090152
-6.799690 6.025893 -6.349657
-7.373781 4.333647 -4.032883
-7.834155 5.193124 -4.285975
-8.166354 6.025893 -4.468604
-8.146251 4.333647 -2.081844
-8.655103 5.193124 -2.212495
-9.022284 6.025893 -2.306771
-8.409248 4.333647 0.000005
-8.934605 5.193124 0.000005
-9.313696 6.025893 0.000005
-8.146249 4.333647 2.081853
-8.655100 5.193124 2.212505
-9.022281 6.025893 2.306781
-7.373777 4.333647 4.032891
-7.834149 5.193124 4.285984
-8.166350 6.025893 4.468613
-6.140370 4.333647 5.730527
-6.523338 5.193124 6.090158
-6.799683 6.025893 6.349664
-4.523528 4.333647 7.068093
-4.805028 5.193124 7.511666
-5.008155 6.025893 7.831744
-2.624843 4.333647 7.961545
-2.787187 5.193124 8.461188
-2.904332 6.025893 8.821725
-0.563616 4.333647 8.354743
-0.596603 5.193124 8.879063
-0.620406 6.025893 9.257406
1.530639 4.333647 8.222982
1.629081 5.193124 8.739033
1.700116 6.025893 9.111409
3.526331 4.333647 7.574540
3.750017 5.193124 8.049896
3.911427 6.025893 8.392908
5.298063 4.333647 6.450160
5.632938 5.193124 6.854954
5.874580 6.025893 7.147048
6.734512 4.333647 4.920494
7.159534 5.193124 5.229291
7.466225 6.025893 5.452114
7.745419 4.333647 3.081656
8.233884 5.193124 3.275051
8.586353 6.025893 3.414604
9.378002 6.943756 -1.189516
8.786360 6.943756 -3.493807
8.847435 7.931497 -3.517989
9.443172 7.931496 -1.197749
9.443174 7.931496 1.197742
9.378004 6.943755 1.189509
7.640253 6.943756 -5.578569
7.693394 7.931496 -5.617179
6.011693 6.943756 -7.312809
6.053564 7.931496 -7.363422
4.003010 6.943756 -8.587559
4.030978 7.931496 -8.646994
1.740416 6.943756 -9.322720
1.752724 7.931496 -9.387244
-0.633922 6.943756 -9.472099
-0.638047 7.931496 -9.537658
-2.970816 6.943756 -9.026314
-2.991114 7.931496 -9.088786
-5.123429 6.943756 -8.013371
-5.158627 7.931496 -8.068832
-6.956506 6.943756 -6.496918
-7.004390 7.931496 -6.541884
-8.354866 6.943756 -4.572239
-8.412429 7.931496 -4.603884
-9.230646 6.943756 -2.360269
-9.294270 7.931496 -2.376604
-9.528816 6.943756 0.000006
-9.594504 7.931496 0.000006
-9.230643 6.943756 2.360280
-9.294267 7.931496 2.376615
-8.354861 6.943756 4.572247
-8.412424 7.931496 4.603893
-6.956499 6.943756 6.496924
-7.004383 7.931496 6.541890
-5.123422 6.943756 8.013374
-5.158619 7.931496 8.068837
-2.970808 6.943756 9.026316
-2.991106 7.931496 9.088789
-0.633913 6.943756 9.472101
-0.638038 7.931497 9.537658
1.740426 6.943756 9.322717
1.752734 7.931496 9.387242
4.003020 6.943756 8.587553
4.030989 7.931496 8.646989
6.011703 6.943756 7.312801
6.053574 7.931497 7.363414
7.640260 6.943756 5.578558
7.693403 7.931496 5.617168
8.786366 6.943756 3.493794
8.847441 7.931496 3.517975
7.623998 3.460227 -0.967934
7.142567 3.460227 -2.842984
7.624001 3.460227 0.967928
6.209956 3.460227 -4.539398
4.884763 3.460227 -5.950584
3.250256 3.460227 -6.987874
1.409136 3.460227 -7.586090
-0.522912 3.460227 -7.707644
-2.424490 3.460227 -7.344898
-4.176116 3.460227 -6.520645
-5.667729 3.460227 -5.286676
-6.805604 3.460227 -3.720525
-7.518243 3.460227 -1.920600
-7.760870 3.460227 0.000004
-7.518241 3.460227 1.920608
-6.805599 3.460227 3.720533
-5.667723 3.460227 5.286682
-4.176110 3.460227 6.520650
-2.424483 3.460227 7.344901
-0.522904 3.460227 7.707645
1.409144 3.460227 7.586089
3.250264 3.460227 6.987871
4.884771 3.460227 5.950578
6.209962 3.460227 4.539388
7.142573 3.460227 2.842973
8.791605 8.482613 -3.495884
9.383600 8.482613 -1.190223
9.383601 8.482613 1.190216
7.644817 8.482613 -5.581886
6.015289 8.482613 -7.317156
4.005412 8.482613 -8.592662
1.741472 8.482613 -9.328261
-0.634276 8.482613 -9.477731
-2.972559 8.482613 -9.031680
-5.126452 8.482613 -8.018134
-6.960619 8.482613 -6.500780
-8.359810 8.482613 -4.574956
-9.236110 8.482613 -2.361671
-9.534457 8.482613 0.000006
-9.236108 8.482613 2.361682
-8.359805 8.482613 4.574965
-6.960612 8.482613 6.500786
-5.126445 8.482613 8.018138
-2.972551 8.482613 9.031682
-0.634267 8.482613 9.477731
1.741483 8.482613 9.328260
4.005422 8.482613 8.592658
6.015298 8.482613 7.317148
7.644824 8.482613 5.581874
8.791612 8.482613 3.495871
2.170633 1.379172 0.279012
3.821420 1.959634 0.487554
3.821419 1.959634 -0.487553
3.578917 1.959634 -1.432034
1.949586 1.379172 -1.092679
1.434471 1.379172 -1.580314
0.456366 1.379172 -1.521465
-0.667383 1.379172 0.006347
0.623081 1.379172 1.447032
1.763025 1.379172 1.020447
3.109157 1.959634 2.286527
3.578921 1.959634 1.432026
8.643217 8.532161 -3.437133
9.225261 8.532161 -1.170220
9.225264 8.532161 1.170214
7.515701 8.532161 -5.488077
5.913559 8.532161 -7.194186
3.937459 8.532161 -8.448256
1.711567 8.532161 -9.171492
-0.624255 8.532161 -9.318449
-2.923241 8.532161 -8.879894
-5.040936 8.532161 -7.883382
-6.844279 8.532161 -6.391529
-8.219955 8.532161 -4.498071
-9.081528 8.532161 -2.321982
-9.374861 8.532161 0.000005
-9.081525 8.532161 2.321992
-8.219950 8.532161 4.498079
-6.844272 8.532161 6.391535
-5.040929 8.532161 7.883387
-2.923233 8.532161 8.879897
-0.624246 8.532161 9.318451
1.711577 8.532161 9.171490
3.937469 8.532161 8.448252
5.913568 8.532161 7.194177
7.515709 8.532161 5.488066
8.643222 8.532161 3.437120
8.442798 7.255363 -1.071371
8.442801 7.255362 1.071367
9.066925 8.482613 1.150211
9.066924 8.482613 -1.150218
8.494828 8.482613 -3.378381
7.909918 7.255363 -3.146799
6.864781 4.889340 -2.733000
7.327589 4.889340 -0.930486
7.327591 4.889339 0.930484
7.386584 8.482613 -5.394269
6.877643 7.255363 -5.024502
5.968248 4.889340 -4.363789
5.811829 8.482613 -7.071214
5.410834 7.255363 -6.586495
4.694323 4.889340 -5.720382
3.869506 8.482613 -8.303849
3.601655 7.255363 -7.734635
3.123048 4.889340 -6.717543
1.681662 8.482613 -9.014722
1.563783 7.255363 -8.396779
1.353153 4.889340 -7.292617
-0.614234 8.482613 -9.159168
-0.574734 7.255363 -8.531323
-0.504153 4.889340 -7.409468
-2.873923 8.482613 -8.728109
-2.679525 7.255363 -8.129813
-2.332168 4.889340 -7.060756
-4.955421 8.482613 -7.748631
-4.618340 7.255363 -7.217476
-4.016031 4.889340 -6.268389
-6.727938 8.482613 -6.282278
-6.269354 7.255363 -5.851638
-5.449940 4.889340 -5.082157
-8.080099 8.482613 -4.421184
-7.528827 7.255363 -4.118120
-6.543794 4.889340 -3.576595
-8.926945 8.482613 -2.282292
-8.317622 7.255363 -2.125845
-7.228865 4.889340 -1.846300
-9.215265 8.482613 0.000005
-8.586180 7.255363 0.000005
-7.462107 4.889340 0.000005
-8.926943 8.482613 2.282302
-8.317622 7.255363 2.125855
-7.228864 4.889340 1.846309
-8.080095 8.482613 4.421193
-7.528823 7.255363 4.118128
-6.543791 4.889340 3.576601
-6.727931 8.482613 6.282284
-6.269347 7.255363 5.851644
-5.449935 4.889340 5.082161
-4.955413 8.482613 7.748636
-4.618332 7.255363 7.217479
-4.016025 4.889340 6.268392
-2.873915 8.482613 8.728112
-2.679517 7.255363 8.129815
-2.332160 4.889340 7.060757
-0.614225 8.482613 9.159169
-0.574725 7.255363 8.531325
-0.504145 4.889340 7.409470
1.681672 8.482613 9.014722
1.563792 7.255363 8.396778
1.353160 4.889340 7.292616
3.869516 8.482613 8.303844
3.601663 7.255363 7.734631
3.123054 4.889340 6.717539
5.811837 8.482613 7.071207
5.410841 7.255363 6.586488
4.694329 4.889340 5.720375
7.386593 8.482613 5.394258
6.877650 7.255363 5.024492
5.968255 4.889340 4.363778
8.494834 8.482613 3.378369
7.909924 7.255363 3.146787
6.864787 4.889340 2.732989
5.702504 3.120558 -2.272822
6.087385 3.120558 -0.773811
6.087387 3.120558 0.773811
4.956927 3.120558 -3.629021
3.897503 3.120558 -4.757193
2.590798 3.120558 -5.586453
1.118915 3.120557 -6.064697
-0.425661 3.120558 -6.161873
-1.945878 3.120558 -5.871876
-3.346215 3.120558 -5.212928
-4.538684 3.120558 -4.226432
-5.448357 3.120558 -2.974374
-6.018076 3.120558 -1.535423
-6.212046 3.120558 0.000005
-6.018076 3.120558 1.535430
-5.448355 3.120558 2.974378
-4.538681 3.120558 4.226434
-3.346210 3.120558 5.212930
-1.945871 3.120558 5.871878
-0.425654 3.120558 6.161875
1.118920 3.120558 6.064697
2.590802 3.120558 5.586452
3.897509 3.120558 4.757188
4.956934 3.120558 3.629012
5.702509 3.120558 2.272811
3.109152 1.959634 -2.286533
2.441642 1.959634 -2.997359
1.618329 1.959634 -3.519850
0.690941 1.959634 -3.821176
-0.282249 1.959634 -3.882404
-1.240090 1.959634 -3.699686
-2.122399 1.959634 -3.284503
-2.873736 1.959634 -2.662943
-3.446893 1.959634 -1.874060
-3.805856 1.959634 -0.967422
-3.928069 1.959634 0.000003
-3.805855 1.959634 0.967427
-3.446892 1.959634 1.874063
-2.873735 1.959634 2.662944
-2.122396 1.959634 3.284505
-1.240085 1.959634 3.699688
-0.282244 1.959634 3.882406
0.690943 1.959634 3.821177
1.618330 1.959634 3.519849
2.441646 1.959634 2.997356
0.104429 1.379172 -2.263651
-0.583309 1.379172 -2.090012
-1.872942 1.379172 -1.333171
-2.094842 1.379172 -0.659454
-2.146839 1.379172 0.834955
-1.696902 1.379172 1.383306
-0.462990 1.379172 2.227953
0.662903 1.379172 2.157117
-0.480578 0.712207 2.320158
-1.129308 0.712207 1.966903
-2.234114 0.712207 0.869510
-2.283457 0.712207 0.132486
-1.948881 0.712207 -1.388345
-1.353031 0.712207 -1.824925
0.110324 0.712207 -2.357334
1.227633 0.712207 -1.994299
4.437296 0.053582 -0.565360
4.533019 0.097071 -0.000001
4.389412 0.097071 -1.136763
4.540770 0.248656 -0.578432
4.156098 0.053582 -1.660556
3.967616 0.097071 -2.202099
4.253069 0.248656 -1.698949
3.611369 0.053582 -2.651413
3.294133 0.097071 -3.129069
3.695746 0.248656 -2.712716
2.837339 0.053582 -3.475671
2.411280 0.097071 -3.859428
2.903819 0.248656 -3.556033
1.882641 0.053582 -4.081541
1.374532 0.097071 -4.347285
1.927047 0.248656 -4.175911
0.807263 0.053582 -4.430953
0.249029 0.097071 -4.561986
0.826805 0.248656 -4.533401
-0.321226 0.053582 -4.501952
-0.894508 0.097071 -4.490041
-0.327774 0.248656 -4.606041
-1.431917 0.053582 -4.290075
-1.984227 0.097071 -4.135969
-1.464146 0.248656 -4.389266
-2.455023 0.053582 -3.808638
-2.951656 0.097071 -3.522020
-2.510907 0.248656 -3.896698
-3.326257 0.053582 -3.087890
-3.736009 0.097071 -2.686768
-3.402285 0.248656 -3.159285
-3.990878 0.053582 -2.173118
-4.288000 0.097071 -1.682698
-4.082272 0.248656 -2.223363
-4.407123 0.053582 -1.121801
-4.572949 0.097071 -0.572897
-4.508142 0.248656 -1.147738
-4.548839 0.053582 0.000003
-4.572948 0.097071 0.572902
-4.653135 0.248656 0.000003
-4.407122 0.053582 1.121806
-4.287999 0.097071 1.682703
-4.508141 0.248656 1.147744
-3.990875 0.053582 2.173123
-3.736006 0.097071 2.686773
-4.082270 0.248656 2.223368
-3.326254 0.053582 3.087894
-2.951653 0.097071 3.522022
-3.402282 0.248656 3.159289
-2.455019 0.053582 3.808641
-1.984223 0.097071 4.135971
-2.510904 0.248656 3.896700
-1.431913 0.053582 4.290077
-0.894504 0.097071 4.490041
-1.464142 0.248656 4.389267
-0.321221 0.053582 4.501952
0.249034 0.097071 4.561986
-0.327770 0.248656 4.606041
0.807267 0.053582 4.430952
1.374536 0.097071 4.347283
0.826810 0.248656 4.533400
1.882645 0.053582 4.081539
2.411285 0.097071 3.859425
1.927052 0.248656 4.175909
2.837343 0.053582 3.475668
3.294137 0.097071 3.129064
2.903823 0.248656 3.556029
3.611373 0.053582 2.651408
3.967619 0.097071 2.202093
3.695750 0.248656 2.712711
4.156100 0.053582 1.660550
4.389414 0.097071 1.136757
4.253072 0.248656 1.698943
4.437297 0.053582 0.565356
4.540770 0.248656 0.578428
2.297239 0.631556 0.769557
2.415255 0.631556 0.309915
2.169956 0.712207 0.072491
2.415254 0.631556 -0.164636
4.260777 0.023451 -1.103735
4.400211 0.023451 -0.000001
4.185669 0.005863 -0.533572
4.260778 0.023451 1.103729
4.185670 0.005863 0.533569
3.851238 0.023451 2.138112
3.920284 0.005863 1.567183
3.197324 0.023451 3.038150
3.406184 0.005863 2.502329
2.340123 0.023451 3.747291
2.675675 0.005863 3.280245
1.333496 0.023451 4.220975
1.774656 0.005863 3.852050
0.240694 0.023451 4.429439
0.759742 0.005863 4.181817
-0.869618 0.023451 4.359585
-0.305296 0.005863 4.248825
-1.927676 0.023451 4.015802
-1.353538 0.005863 4.048863
-2.866998 0.023451 3.419691
-2.319119 0.005863 3.594496
-3.628562 0.023451 2.608710
-3.141368 0.005863 2.914273
-4.164517 0.023451 1.633812
-3.768620 0.005863 2.050937
-4.441187 0.023451 0.556256
-4.161462 0.005863 1.058732
-4.441188 0.023451 -0.556251
-4.295212 0.005863 0.000002
-4.164518 0.023451 -1.633808
-4.161464 0.005863 -1.058727
-3.628564 0.023451 -2.608706
-3.768622 0.005863 -2.050933
-2.867001 0.023451 -3.419689
-3.141371 0.005863 -2.914270
-1.927680 0.023451 -4.015800
-2.319123 0.005863 -3.594493
-0.869622 0.023451 -4.359584
-1.353542 0.005863 -4.048862
0.240690 0.023451 -4.429440
-0.305300 0.005863 -4.248824
1.333491 0.023451 -4.220977
0.759738 0.005863 -4.181818
2.340118 0.023451 -3.747294
1.774651 0.005863 -3.852053
3.197319 0.023451 -3.038155
2.675670 0.005863 -3.280248
3.851235 0.023451 -2.138118
3.406181 0.005863 -2.502334
3.920281 0.005863 -1.567189
3.215468 0.024305 -0.411007
3.088712 0.044120 -0.802800
3.190129 0.044120 -0.000000
3.029945 0.141930 -0.387570
3.215469 0.024305 0.411005
3.088713 0.044120 0.802795
3.029945 0.141930 0.387568
3.011044 0.024305 1.207191
2.790834 0.044120 1.555152
2.837177 0.141930 1.138353
2.615036 0.024305 1.927528
2.315211 0.044120 2.209794
2.463751 0.141930 1.817614
2.052329 0.024305 2.526752
1.691727 0.044120 2.725586
1.933131 0.141930 2.382667
1.358280 0.024305 2.967210
0.959559 0.044120 3.070119
1.278660 0.141930 2.798009
0.576499 0.024305 3.221227
0.164712 0.044120 3.221745
0.541459 0.141930 3.037541
-0.243893 0.024305 3.272843
-0.642872 0.044120 3.170937
-0.232152 0.141930 3.086213
-1.051348 0.024305 3.118814
-1.412449 0.044120 2.920887
-0.993562 0.141930 2.940967
-1.795129 0.024305 2.768818
-2.095663 0.044120 2.487307
-1.694930 0.141930 2.610929
-2.428502 0.024305 2.244846
-2.649586 0.044120 1.897441
-2.292186 0.141930 2.116837
-2.911670 0.024305 1.579823
-3.039412 0.044120 1.188351
-2.747802 0.141930 1.489736
-3.214274 0.024305 0.815534
-3.240648 0.044120 0.404592
-3.033150 0.141930 0.769030
-3.317300 0.024305 0.000002
-3.240648 0.044120 -0.404588
-3.130302 0.141930 0.000002
-3.214275 0.024305 -0.815530
-3.039412 0.044120 -1.188347
-3.033151 0.141930 -0.769026
-2.911671 0.024305 -1.579820
-2.649587 0.044120 -1.897438
-2.747803 0.141930 -1.489733
-2.428504 0.024305 -2.244844
-2.095665 0.044120 -2.487305
-2.292188 0.141930 -2.116835
-1.795131 0.024305 -2.768815
-1.412452 0.044120 -2.920886
-1.694932 0.141930 -2.610928
-1.051351 0.024305 -3.118812
-0.642875 0.044120 -3.170936
-0.993565 0.141930 -2.940966
-0.243897 0.024305 -3.272842
0.164708 0.044120 -3.221745
-0.232155 0.141930 -3.086213
0.576495 0.024305 -3.221227
0.959556 0.044120 -3.070120
0.541455 0.141930 -3.037542
1.358277 0.024305 -2.967212
1.691724 0.044120 -2.725588
1.278657 0.141930 -2.798010
2.052326 0.024305 -2.526754
2.315208 0.044120 -2.209797
1.933129 0.141930 -2.382670
2.615033 0.024305 -1.927532
2.790832 0.044120 -1.555157
2.463748 0.141930 -1.817617
3.011042 0.024305 -1.207196
2.837175 0.141930 -1.138357
4.698459 1.237042 -1.216113
4.636065 0.989482 -0.590472
5.065455 1.403908 -0.644717
4.852090 1.237042 -0.000004
4.247220 1.237042 -2.355813
4.342377 0.989482 -1.734309
4.744786 1.403908 -1.893634
3.526726 1.237042 -3.347488
3.773455 0.989482 -2.769175
4.123599 1.403908 -3.023570
2.582247 1.237042 -4.128829
2.965046 0.989482 -3.630043
3.240924 1.403908 -3.963523
1.473130 1.237042 -4.650740
1.967945 0.989482 -4.262823
2.152223 1.403908 -4.654434
0.269064 1.237042 -4.880428
0.844804 0.989482 -4.627753
0.925903 1.403908 -5.052889
-0.954296 1.237042 -4.803460
-0.333806 0.989482 -4.701905
-0.360982 1.403908 -5.133853
-2.120081 1.237042 -4.424674
-1.493828 0.989482 -4.480619
-1.627572 1.403908 -4.892238
-3.155040 1.237042 -3.767869
-2.562375 0.989482 -3.977799
-2.794283 1.403908 -4.343225
-3.994143 1.237042 -2.874314
-3.472306 0.989482 -3.225039
-3.787805 1.403908 -3.521312
-4.584666 1.237042 -1.800156
-4.166445 0.989482 -2.269637
-4.545713 1.403908 -2.478141
-4.889504 1.237042 -0.612887
-4.601178 0.989482 -1.171626
-5.020383 1.403908 -1.279259
-4.889504 1.237042 0.612892
-4.749188 0.989482 0.000003
-5.181990 1.403908 0.000003
-4.584665 1.237042 1.800161
-4.601176 0.989482 1.171631
-5.020382 1.403908 1.279265
-3.994141 1.237042 2.874318
-4.166442 0.989482 2.269641
-4.545710 1.403908 2.478146
-3.155037 1.237042 3.767872
-3.472302 0.989482 3.225042
-3.787802 1.403908 3.521316
-2.120077 1.237042 4.424675
-2.562372 0.989482 3.977801
-2.794279 1.403908 4.343228
-0.954292 1.237042 4.803461
-1.493824 0.989482 4.480620
-1.627567 1.403908 4.892239
0.269069 1.237042 4.880428
-0.333801 0.989482 4.701905
-0.360977 1.403908 5.133853
1.473135 1.237042 4.650739
0.844809 0.989482 4.627752
0.925909 1.403908 5.052888
2.582253 1.237042 4.128825
1.967950 0.989482 4.262820
2.152229 1.403908 4.654431
3.526730 1.237042 3.347484
2.965050 0.989482 3.630039
3.240929 1.403908 3.963519
4.247224 1.237042 2.355807
3.773459 0.989482 2.769170
4.123603 1.403908 3.023564
4.698460 1.237042 1.216109
4.342379 0.989482 1.734304
4.744788 1.403908 1.893629
4.636066 0.989482 0.590467
5.065455 1.403908 0.644711
5.949718 1.996909 -1.537382
5.701070 1.726934 -0.725014
6.505328 2.325205 -0.826613
6.143934 1.996909 -0.000003
5.379271 1.996909 -2.978164
5.340463 1.726934 -2.129480
6.094187 2.325205 -2.427900
4.468439 1.996909 -4.231817
4.641909 1.726934 -3.400145
5.297739 2.325205 -3.876633
3.274451 1.996909 -5.219569
3.649300 1.726934 -4.457166
4.166028 2.325205 -5.081783
1.872331 1.996909 -5.879357
2.425006 1.726934 -5.234127
2.770164 2.325205 -5.967625
0.350179 1.996909 -6.169723
1.045952 1.726934 -5.682208
1.197853 2.325205 -6.478500
-1.196364 1.996909 -6.072422
-0.401210 1.726934 -5.773256
-0.452111 2.325205 -6.582307
-2.670121 1.996909 -5.593569
-1.825549 1.726934 -5.501549
-2.076054 2.325205 -6.272523
-3.978493 1.996909 -4.763251
-3.137570 1.726934 -4.884158
-3.571938 2.325205 -5.568613
-5.039268 1.996909 -3.633641
-4.254831 1.726934 -3.959879
-4.845771 2.325205 -4.514807
-5.785793 1.996909 -2.275715
-5.107133 1.726934 -2.786785
-5.817512 2.325205 -3.177318
-6.171162 1.996909 -0.774797
-5.640922 1.726934 -1.438587
-6.426105 2.325205 -1.640187
-6.171161 1.996909 0.774804
-5.822657 1.726934 0.000003
-6.633308 2.325205 0.000004
-5.785790 1.996909 2.275721
-5.640921 1.726934 1.438593
-6.426102 2.325205 1.640194
-5.039264 1.996909 3.633646
-5.107131 1.726934 2.786790
-5.817509 2.325205 3.177324
-3.978489 1.996909 4.763255
-4.254828 1.726934 3.959883
-4.845766 2.325205 4.514811
-2.670117 1.996909 5.593571
-3.137565 1.726934 4.884161
-3.571933 2.325205 5.568616
-1.196358 1.996909 6.072423
-1.825544 1.726934 5.501550
-2.076048 2.325205 6.272524
0.350185 1.996909 6.169723
-0.401204 1.726934 5.773256
-0.452105 2.325205 6.582307
1.872338 1.996909 5.879354
1.045958 1.726934 5.682207
1.197860 2.325205 6.478499
3.274458 1.996909 5.219565
2.425012 1.726934 5.234124
2.770171 2.325205 5.967622
4.468445 1.996909 4.231810
3.649306 1.726934 4.457161
4.166035 2.325205 5.081777
5.379276 1.996909 2.978156
4.641914 1.726934 3.400137
5.297744 2.325205 3.876625
5.949720 1.996909 1.537375
5.340466 1.726934 2.129473
6.094191 2.325205 2.427891
5.701070 1.726934 0.725007
6.505328 2.325205 0.826608
8.579396 5.193124 -2.212569
8.545615 4.777716 -1.084361
8.995061 5.601855 -1.141140
8.858909 5.193124 -0.000002
7.758421 5.193124 -4.286113
8.006275 4.777716 -3.184950
8.427481 5.601855 -3.351717
6.447570 5.193124 -6.090345
6.961485 4.777716 -5.085416
7.327985 5.601855 -5.351693
4.729207 5.193124 -7.511898
5.476892 4.777716 -6.666346
5.765657 5.601855 -7.015403
2.711304 5.193124 -8.461450
3.645780 4.777716 -7.828405
3.838666 5.601855 -8.238309
0.520653 5.193124 -8.879340
1.583202 4.777716 -8.498577
1.668089 5.601855 -8.943572
-1.705100 5.193124 -8.739308
-0.581240 4.777716 -8.634753
-0.609686 5.601855 -9.086877
-3.826102 5.193124 -8.050153
-2.711549 4.777716 -8.228374
-2.851539 5.601855 -8.659221
-5.709084 5.193124 -6.855176
-4.673869 4.777716 -7.304977
-4.916608 5.601855 -7.687473
-7.235730 5.193124 -5.229462
-6.344899 4.777716 -5.922581
-6.675134 5.601855 -6.232693
-8.310114 5.193124 -3.275163
-7.619641 4.777716 -4.168046
-8.016624 5.601855 -4.386289
-8.864730 5.193124 -1.115072
-8.418001 4.777716 -2.151618
-8.856787 5.601855 -2.264278
-8.864728 5.193124 1.115082
-8.689812 4.777716 0.000005
-9.142831 5.601855 0.000005
-8.310110 5.193124 3.275172
-8.417999 4.777716 2.151627
-8.856784 5.601855 2.264289
-7.235724 5.193124 5.229470
-7.619637 4.777716 4.168054
-8.016620 5.601855 4.386298
-5.709078 5.193124 6.855180
-6.344893 4.777716 5.922587
-6.675128 5.601855 6.232699
-3.826096 5.193124 8.050156
-4.673862 4.777716 7.304981
-4.916601 5.601855 7.687478
-1.705092 5.193124 8.739309
-2.711542 4.777716 8.228377
-2.851532 5.601855 8.659223
0.520662 5.193124 8.879340
-0.581232 4.777716 8.634753
-0.609677 5.601855 9.086878
2.711314 5.193124 8.461449
1.583212 4.777716 8.498576
1.668099 5.601855 8.943570
4.729216 5.193124 7.511892
3.645789 4.777716 7.828401
3.838676 5.601855 8.238304
6.447578 5.193124 6.090336
5.476901 4.777716 6.666338
5.765667 5.601855 7.015395
7.758428 5.193124 4.286102
6.961493 4.777716 5.085405
7.327992 5.601855 5.351682
8.579401 5.193124 2.212557
8.006281 4.777716 3.184938
8.427487 5.601855 3.351704
8.545618 4.777716 1.084355
8.995064 5.601855 1.141133
9.154956 6.943756 -2.360347
9.293427 6.471204 -1.178832
9.425514 7.433777 -1.195518
9.453139 6.943755 -0.000002
8.279147 6.943756 -4.572385
8.707098 6.471204 -3.462426
8.830887 7.433778 -3.511436
6.880744 6.943756 -6.497123
7.571286 6.471204 -5.528462
7.678996 7.433778 -5.606718
5.047611 6.943756 -8.013622
5.957354 6.471204 -7.247125
6.042219 7.433777 -7.349709
2.894931 6.943756 -9.026598
3.966714 6.471204 -8.510425
4.023400 7.433777 -8.630890
0.557964 6.943756 -9.472397
1.724442 6.471204 -9.238982
1.749389 7.433777 -9.369761
-1.816448 6.943756 -9.323010
-0.628569 6.471204 -9.387021
-0.636929 7.433777 -9.519894
-4.079114 6.943756 -8.587827
-2.944473 6.471204 -8.945238
-2.985614 7.433777 -9.071860
-6.087861 6.943756 -7.313037
-5.077751 6.471204 -7.941394
-5.149090 7.433777 -8.053806
-7.716472 6.943756 -5.578741
-6.894363 6.471204 -6.438561
-6.991415 7.433777 -6.529700
-8.862614 6.943756 -3.493913
-8.280163 6.471204 -4.531170
-8.396832 7.433777 -4.595309
-9.454274 6.943756 -1.189548
-9.148076 6.471204 -2.339069
-9.277030 7.433777 -2.372178
-9.454272 6.943756 1.189560
-9.443568 6.471204 0.000006
-9.576706 7.433777 0.000006
-8.862611 6.943756 3.493923
-9.148074 6.471204 2.339079
-9.277028 7.433777 2.372189
-7.716466 6.943756 5.578749
-8.280157 6.471204 4.531179
-8.396827 7.433777 4.595319
-6.087854 6.943756 7.313042
-6.894357 6.471204 6.438568
-6.991409 7.433777 6.529706
-4.079106 6.943756 8.587830
-5.077744 6.471204 7.941398
-5.149082 7.433777 8.053809
-1.816439 6.943756 9.323013
-2.944465 6.471204 8.945241
-2.985606 7.433777 9.071861
0.557974 6.943756 9.472397
-0.628561 6.471204 9.387022
-0.636920 7.433778 9.519896
2.894941 6.943756 9.026593
1.724452 6.471204 9.238980
1.749399 7.433778 9.369759
5.047621 6.943756 8.013616
3.966724 6.471204 8.510419
4.023411 7.433777 8.630885
6.880753 6.943756 6.497113
5.957364 6.471204 7.247116
6.042229 7.433778 7.349700
8.279155 6.943756 4.572373
7.571294 6.471204 5.528451
7.679004 7.433778 5.606707
9.154961 6.943756 2.360335
8.707105 6.471204 3.462413
8.830893 7.433777 3.511423
9.293430 6.471204 1.178825
9.425517 7.433777 1.195512
7.442502 3.460227 -1.920664
7.268414 3.057376 -0.923013
7.958399 3.886092 -1.010179
7.685138 3.460227 -0.000001
6.729838 3.460227 -3.720645
6.809325 3.057376 -2.711044
7.455956 3.886092 -2.967063
5.591928 3.460227 -5.286844
5.919995 3.057376 -4.328729
6.482641 3.886092 -4.737516
4.100270 3.460227 -6.520851
4.656303 3.057376 -5.674424
5.099612 3.886092 -6.210292
2.348589 3.460227 -7.345129
3.097652 3.057376 -6.663574
3.393768 3.886092 -7.292853
0.446951 3.460227 -7.707886
1.341977 3.057376 -7.234027
1.472295 3.886092 -7.917178
-1.485157 3.460227 -7.586327
-0.500407 3.057376 -7.349940
-0.544076 3.886092 -8.044037
-3.326335 3.460227 -6.988092
-2.313735 3.057376 -7.004028
-2.528647 3.886092 -7.665459
-4.960894 3.460227 -5.950769
-3.984070 3.057376 -6.218029
-4.356721 3.886092 -6.805234
-6.286129 3.460227 -4.539538
-5.406458 3.057376 -5.041327
-5.913434 3.886092 -5.517408
-7.218769 3.460227 -2.843069
-6.491525 3.057376 -3.547859
-7.100970 3.886092 -3.882904
-7.700214 3.460227 -0.967960
-7.171092 3.057376 -1.831466
-7.844713 3.886092 -2.004422
-7.700213 3.460227 0.967969
-7.402459 3.057376 0.000004
-8.097929 3.886092 0.000005
-7.218767 3.460227 2.843077
-7.171090 3.057376 1.831475
-7.844710 3.886092 2.004431
-6.286124 3.460227 4.539544
-6.491521 3.057376 3.547867
-7.100966 3.886092 3.882912
-4.960889 3.460227 5.950774
-5.406453 3.057376 5.041332
-5.913428 3.886092 5.517414
-3.326329 3.460227 6.988095
-3.984064 3.057376 6.218033
-4.356715 3.886092 6.805237
-1.485150 3.460227 7.586329
-2.313729 3.057376 7.004031
-2.528640 3.886092 7.665462
0.446959 3.460227 7.707886
-0.500400 3.057376 7.349940
-0.544068 3.886092 8.044038
2.348598 3.460227 7.345128
1.341985 3.057376 7.234027
1.472303 3.886092 7.917178
4.100278 3.460227 6.520846
3.097660 3.057376 6.663571
3.393777 3.886092 7.292850
5.591935 3.460227 5.286835
4.656311 3.057376 5.674417
5.099620 3.886092 6.210285
6.729845 3.460227 3.720634
5.920002 3.057376 4.328720
6.482648 3.886092 4.737506
7.442505 3.460227 1.920654
6.809330 3.057376 2.711033
7.455962 3.886092 2.967052
7.268415 3.057376 0.923008
7.958401 3.886092 1.010173
9.218582 7.931496 -2.376684
9.429645 8.320059 -1.196040
9.518827 7.931496 -0.000002
8.336713 7.931497 -4.604031
8.834757 8.320060 -3.512969
6.928629 7.931496 -6.542091
7.682364 8.320059 -5.609165
5.082810 7.931496 -8.069086
6.044873 8.320059 -7.352917
2.915230 7.931496 -9.089072
4.025173 8.320059 -8.634656
0.562089 7.931496 -9.537957
1.750169 8.320059 -9.373849
-1.828757 7.931496 -9.387538
-0.637191 8.320059 -9.524050
-4.107083 7.931496 -8.647265
-2.986901 8.320059 -9.075819
-6.129733 7.931496 -7.363652
-5.151321 8.320059 -8.057320
-7.769616 7.931496 -5.617353
-6.994450 8.320059 -6.532550
-8.923692 7.931496 -3.518095
-8.400481 8.320059 -4.597314
-9.519446 7.931496 -1.197781
-9.281062 8.320059 -2.373214
-9.519444 7.931496 1.197793
-9.580869 8.320059 0.000006
-8.923689 7.931496 3.518105
-9.281061 8.320059 2.373224
-7.769610 7.931496 5.617361
-8.400475 8.320059 4.597324
-6.129726 7.931496 7.363657
-6.994444 8.320059 6.532556
-4.107075 7.931496 8.647269
-5.151313 8.320059 8.057324
-1.828748 7.931496 9.387540
-2.986893 8.320059 9.075821
0.562099 7.931497 9.537956
-0.637182 8.320060 9.524050
2.915240 7.931496 9.089069
1.750179 8.320059 9.373848
5.082819 7.931496 8.069080
4.025183 8.320059 8.634651
6.928638 7.931497 6.542081
6.044882 8.320060 7.352908
8.336719 7.931496 4.604019
7.682372 8.320059 5.609154
9.218586 7.931496 2.376671
8.834764 8.320059 3.512956
9.429646 8.320059 1.196033
8.946588 6.025893 -2.306848
9.238011 6.025893 -0.000002
8.090631 6.025893 -4.468747
6.723923 6.025893 -6.349859
4.932341 6.025893 -7.831985
2.828453 6.025893 -8.821999
0.544457 6.025893 -9.257695
-1.776137 6.025893 -9.111696
-3.987517 6.025893 -8.393175
-5.950734 6.025893 -7.147279
-7.542430 6.025893 -5.452293
-8.662595 6.025893 -3.414719
-9.240844 6.025893 -1.162586
-9.240842 6.025893 1.162597
-8.662592 6.025893 3.414729
-7.542425 6.025893 5.452301
-5.950727 6.025893 7.147285
-3.987510 6.025893 8.393179
-1.776129 6.025893 9.111697
0.544466 6.025893 9.257695
2.828463 6.025893 8.821997
4.932351 6.025893 7.831979
6.723933 6.025893 6.349849
8.090639 6.025893 4.468736
8.946593 6.025893 2.306836
8.070529 4.333647 -2.081914
8.333536 4.333647 -0.000002
7.298033 4.333647 -4.033013
6.064589 4.333647 -5.730703
4.447699 4.333647 -7.068311
2.548955 4.333647 -7.961791
0.487664 4.333647 -8.355004
-1.606655 4.333647 -8.223241
-3.602409 4.333647 -7.574780
-5.374199 4.333647 -6.450369
-6.810694 4.333647 -4.920656
-7.821634 4.333647 -3.081760
-8.343500 4.333647 -1.049226
-8.343497 4.333647 1.049235
-7.821632 4.333647 3.081769
-6.810688 4.333647 4.920663
-5.374193 4.333647 6.450374
-3.602403 4.333647 7.574784
-1.606647 4.333647 8.223242
0.487673 4.333647 8.355004
2.548964 4.333647 7.961790
4.447707 4.333647 7.068306
6.064597 4.333647 5.730693
7.298040 4.333647 4.033002
8.070532 4.333647 2.081903
6.731743 2.678865 -1.738172
6.951325 2.678865 -0.000001
6.086793 2.678865 -3.367128
5.057001 2.678865 -4.784515
3.707074 2.678865 -5.901272
2.121829 2.678865 -6.647231
0.400875 2.678865 -6.975521
-1.347654 2.678865 -6.865513
-3.013892 2.678865 -6.324119
-4.493144 2.678865 -5.385357
-5.692462 2.678865 -4.108213
-6.536487 2.678865 -2.572935
-6.972188 2.678865 -0.875990
-6.972186 2.678865 0.875997
-6.536484 2.678865 2.572942
-5.692457 2.678865 4.108220
-4.493139 2.678865 5.385361
-3.013887 2.678865 6.324122
-1.347648 2.678865 6.865514
0.400882 2.678865 6.975520
2.121836 2.678865 6.647230
3.707080 2.678865 5.901268
5.057008 2.678865 4.784507
6.086799 2.678865 3.367118
6.731746 2.678865 1.738163
5.231762 1.548236 -1.353042
5.402691 1.548236 -0.000004
4.729715 1.548236 -2.621067
3.928096 1.548236 -3.724401
2.877274 1.548236 -4.593717
1.643275 1.548236 -5.174393
0.303636 1.548236 -5.429942
-1.057469 1.548236 -5.344308
-2.354516 1.548236 -4.922873
-3.506007 1.548236 -4.192113
-4.439589 1.548236 -3.197949
-5.096603 1.548236 -2.002845
-5.435764 1.548236 -0.681895
-5.435763 1.548236 0.681901
-5.096600 1.548236 2.002851
-4.439586 1.548236 3.197953
-3.506003 1.548236 4.192117
-2.354511 1.548236 4.922874
-1.057464 1.548236 5.344309
0.303642 1.548236 5.429942
1.643281 1.548236 5.174390
2.877280 1.548236 4.593713
3.928101 1.548236 3.724395
4.729719 1.548236 2.621060
5.231763 1.548236 1.353038
2.619148 1.524288 -0.196165
2.619149 1.524288 0.335673
2.032911 1.379172 0.459846
2.486886 1.524288 0.850802
9.458780 8.482613 -0.000002
9.160421 8.482613 -2.361750
9.312863 8.519774 -1.181287
8.284091 8.482613 -4.575103
8.725314 8.519774 -3.469637
6.884857 8.482613 -6.500986
7.587135 8.519774 -5.539977
5.050634 8.482613 -8.018385
5.969842 8.519774 -7.262220
2.896674 8.482613 -9.031963
3.975055 8.519774 -8.528149
0.558319 8.482613 -9.478028
1.728112 8.519774 -9.258226
-1.817505 8.482613 -9.328554
-0.629800 8.519774 -9.406573
-4.081516 8.482613 -8.592932
-2.950526 8.519774 -8.963871
-6.091457 8.482613 -7.317384
-5.088248 8.519774 -7.957935
-7.721037 8.482613 -5.582058
-6.908645 8.519774 -6.451973
-8.867860 8.482613 -3.495989
-8.297330 8.519774 -4.540608
-9.459871 8.482613 -1.190256
-9.167051 8.519774 -2.343940
-9.459870 8.482613 1.190266
-9.463159 8.519774 0.000005
-8.867857 8.482613 3.496000
-9.167049 8.519774 2.343951
-7.721031 8.482613 5.582066
-8.297326 8.519774 4.540617
-6.091451 8.482613 7.317389
-6.908638 8.519774 6.451979
-4.081508 8.482613 8.592935
-5.088242 8.519774 7.957939
-1.817496 8.482613 9.328555
-2.950519 8.519774 8.963873
0.558328 8.482613 9.478027
-0.629791 8.519774 9.406573
2.896685 8.482613 9.031960
1.728123 8.519774 9.258224
5.050644 8.482613 8.018380
3.975065 8.519774 8.528146
6.884866 8.482613 6.500976
5.969851 8.519774 7.262212
8.284099 8.482613 4.575091
7.587143 8.519774 5.539966
9.160425 8.482613 2.361738
8.725320 8.519774 3.469624
9.312865 8.519774 1.181281
8.879741 8.151027 -1.126571
8.510472 7.255363 -0.000001
8.241905 7.255363 -2.125915
7.883085 6.075006 -1.000662
8.319406 8.151027 -3.308927
7.453082 7.255363 -4.118253
7.385373 6.075006 -2.939117
7.233946 8.151027 -5.283371
6.193570 7.255363 -5.851824
6.421226 6.075006 -4.692896
5.691565 8.151027 -6.925841
4.542506 7.255363 -7.217703
5.051223 6.075006 -6.151801
3.789174 8.151027 -8.133134
2.603631 7.255363 -8.130067
3.361447 6.075006 -7.224165
1.646309 8.151027 -8.829393
0.498774 7.255363 -8.531590
1.458070 6.075006 -7.842610
-0.602388 8.151027 -8.970869
-1.639810 7.255363 -8.397042
-0.539310 6.075006 -7.968274
-2.815620 8.151027 -8.548672
-3.677746 7.255363 -7.734877
-2.505190 6.075006 -7.593263
-4.854326 8.151027 -7.589331
-5.486983 7.255363 -6.586700
-4.316046 6.075006 -6.741138
-6.590403 8.151027 -6.153123
-6.953839 7.255363 -5.024656
-5.858097 6.075006 -5.465443
-7.914766 8.151027 -4.330291
-7.986145 7.255363 -3.146894
-7.034448 6.075006 -3.846333
-8.744202 8.151027 -2.235371
-8.519041 7.255363 -1.071401
-7.771185 6.075006 -1.985543
-9.026595 8.151027 0.000005
-8.519040 7.255363 1.071412
-8.022018 6.075006 0.000005
-8.744200 8.151027 2.235382
-7.986143 7.255363 3.146904
-7.771184 6.075006 1.985553
-7.914761 8.151027 4.330300
-6.953834 7.255363 5.024663
-7.034445 6.075006 3.846340
-6.590396 8.151027 6.153130
-5.486977 7.255363 6.586704
-5.858092 6.075006 5.465447
-4.854319 8.151027 7.589335
-3.677738 7.255363 7.734879
-4.316040 6.075006 6.741141
-2.815613 8.151027 8.548676
-1.639802 7.255363 8.397044
-2.505182 6.075006 7.593265
-0.602379 8.151027 8.970871
0.498782 7.255363 8.531590
-0.539302 6.075006 7.968275
1.646318 8.151027 8.829392
2.603640 7.255363 8.130065
1.458077 6.075006 7.842609
3.789184 8.151027 8.133131
4.542513 7.255363 7.217697
3.361454 6.075006 7.224162
5.691574 8.151027 6.925833
6.193577 7.255363 5.851815
5.051231 6.075006 6.151794
7.233955 8.151027 5.283361
7.453090 7.255363 4.118241
6.421233 6.075006 4.692886
8.319412 8.151027 3.308915
8.241910 7.255362 2.125904
7.385379 6.075006 2.939106
8.879742 8.151026 1.126565
7.883087 6.075005 1.000659
7.386363 4.889339 0.000001
7.153113 4.889340 -1.846360
6.740844 3.852984 -0.856363
6.468018 4.889340 -3.576709
6.314904 3.852984 -2.515288
5.374129 4.889340 -5.082319
5.489789 3.852984 -4.016167
3.940178 4.889340 -6.268587
4.317345 3.852984 -5.264695
2.256263 4.889340 -7.060977
2.871239 3.852984 -6.182421
0.428190 4.889340 -7.409702
1.242334 3.852984 -6.711684
-1.429174 4.889340 -7.292845
-0.467019 3.852984 -6.819227
-3.199124 4.889340 -6.717754
-2.149413 3.852984 -6.498293
-4.770450 4.889340 -5.720559
-3.699139 3.852984 -5.769047
-6.044416 4.889340 -4.363923
-5.018822 3.852984 -4.677310
-6.940976 4.889340 -2.733083
-6.025539 3.852984 -3.291682
-7.403797 4.889340 -0.930514
-6.656037 3.852984 -1.699223
-7.403796 4.889340 0.930523
-6.870699 3.852984 0.000005
-6.940974 4.889340 2.733091
-6.656036 3.852984 1.699231
-6.044412 4.889340 4.363927
-6.025537 3.852984 3.291687
-4.770444 4.889340 5.720562
-5.018818 3.852984 4.677314
-3.199117 4.889340 6.717754
-3.699133 3.852984 5.769049
-1.429166 4.889340 7.292847
-2.149405 3.852984 6.498294
0.428198 4.889340 7.409702
-0.467011 3.852984 6.819228
2.256269 4.889340 7.060975
1.242340 3.852984 6.711683
3.940184 4.889340 6.268582
2.871244 3.852984 6.182418
5.374136 4.889340 5.082310
4.317351 3.852984 5.264688
6.468025 4.889340 3.576698
5.489796 3.852984 4.016158
7.153117 4.889339 1.846350
6.314909 3.852984 2.515277
6.740846 3.852984 0.856361
5.942286 3.120558 -1.535472
5.177485 2.540096 -0.658864
6.136263 3.120558 0.000003
5.372547 3.120558 -2.974468
4.849776 2.540096 -1.935203
4.462845 3.120558 -4.226567
4.214951 2.540096 -3.089944
3.270341 3.120558 -5.213092
3.312902 2.540096 -4.050531
1.869961 3.120558 -5.872060
2.200303 2.540096 -4.756607
0.349696 3.120557 -6.162066
0.947061 2.540096 -5.163809
-1.194928 3.120558 -6.064886
-0.368074 2.540096 -5.246550
-2.666858 3.120558 -5.586628
-1.662468 2.540096 -4.999632
-3.973605 3.120558 -4.757340
-2.854791 2.540096 -4.438567
-5.033064 3.120558 -3.629132
-3.870123 2.540096 -3.598611
-5.778661 3.120557 -2.272892
-4.644668 2.540096 -2.532542
-6.163554 3.120558 -0.773835
-5.129758 2.540096 -1.307342
-6.163553 3.120558 0.773844
-5.294914 2.540096 0.000004
-5.778661 3.120558 2.272897
-5.129757 2.540096 1.307348
-5.033061 3.120558 3.629136
-4.644666 2.540096 2.532545
-3.973602 3.120558 4.757343
-3.870121 2.540096 3.598614
-2.666851 3.120558 5.586629
-2.854787 2.540096 4.438569
-1.194921 3.120558 6.064889
-1.662462 2.540096 4.999635
0.349702 3.120558 6.162067
-0.368068 2.540096 5.246553
1.869965 3.120558 5.872060
0.947066 2.540096 5.163810
3.270345 3.120558 5.213088
2.200305 2.540096 4.756606
4.462852 3.120558 4.226558
3.312906 2.540096 4.050526
5.372553 3.120558 2.974458
4.214958 2.540096 3.089936
5.942290 3.120558 1.535464
4.849781 2.540096 1.935193
5.177486 2.540096 0.658864
3.729997 1.959634 -0.967452
3.852216 1.959634 0.000003
3.371021 1.959634 -1.874120
2.431622 1.524288 -1.054223
2.797846 1.959634 -2.663028
2.175405 1.524288 -1.520281
2.046487 1.959634 -3.284607
1.682556 1.524288 -2.029885
1.164151 1.959634 -3.699802
1.233508 1.524288 -2.314859
0.206279 1.959634 -3.882526
0.395185 1.524288 -2.650042
-0.766940 1.959634 -3.821296
-0.135608 1.524288 -2.683436
-1.694357 1.959634 -3.519960
-0.829963 1.524288 -2.540369
-2.517698 1.959634 -2.997452
-1.311188 1.524288 -2.313922
-3.185229 1.959634 -2.286603
-2.043388 1.524288 -1.785703
-3.655008 1.959634 -1.432078
-2.355996 1.524288 -1.355435
-3.897516 1.959634 -0.487569
-2.607255 1.524288 -0.692511
-3.897515 1.959634 0.487575
-2.673912 1.524288 -0.164862
-3.655007 1.959634 1.432082
-2.620254 1.524288 0.736389
-3.185228 1.959634 2.286605
-2.424470 1.524288 1.230882
-2.517696 1.959634 2.997453
-1.999377 1.524288 1.798238
-1.694353 1.959634 3.519962
-1.589585 1.524288 2.137246
-0.766935 1.959634 3.821298
-0.799881 1.524288 2.574856
0.206284 1.959634 3.882527
-0.277459 1.524288 2.674513
1.164153 1.959634 3.699802
0.534805 1.524288 2.623409
2.046489 1.959634 3.284605
1.040616 1.524288 2.459060
2.797851 1.959634 2.663023
1.764696 1.524288 1.889916
3.371027 1.959634 1.874113
2.128767 1.524288 1.502219
3.730000 1.959634 0.967447
8.851246 8.482613 -2.282368
9.137660 8.519774 -1.159154
9.139577 8.482613 -0.000001
8.004372 8.482613 -4.421326
8.561119 8.519774 -3.404628
6.652168 8.482613 -6.282476
7.444266 8.519774 -5.436177
4.879597 8.482613 -7.748875
5.857276 8.519774 -7.126151
2.798035 8.482613 -8.728383
3.899864 8.519774 -8.368361
0.538276 8.482613 -9.159454
1.695022 8.519774 -9.084758
-1.757692 8.482613 -9.015005
-0.618711 8.519774 -9.230325
-3.945606 8.482613 -8.304109
-2.895956 8.519774 -8.795918
-5.887991 8.482613 -7.071435
-4.993624 8.519774 -7.808830
-7.462797 8.482613 -5.394436
-6.779912 8.519774 -6.331084
-8.571074 8.482613 -3.378483
-8.142579 8.519774 -4.455533
-9.143185 8.482613 -1.150249
-8.996004 8.519774 -2.300023
-9.143185 8.482613 1.150260
-9.286563 8.519774 0.000005
-8.571071 8.482613 3.378493
-8.996001 8.519774 2.300034
-7.462791 8.482613 5.394443
-8.142574 8.519774 4.455541
-5.887983 8.482613 7.071440
-6.779906 8.519774 6.331091
-3.945599 8.482613 8.304112
-4.993617 8.519774 7.808835
-1.757684 8.482613 9.015007
-2.895948 8.519774 8.795921
0.538285 8.482613 9.159455
-0.618702 8.519774 9.230327
2.798045 8.482613 8.728381
1.695032 8.519774 9.084756
4.879606 8.482613 7.748869
3.899874 8.519774 8.368357
6.652177 8.482613 6.282467
5.857285 8.519774 7.126143
8.004380 8.482613 4.421314
7.444275 8.519774 5.436166
8.851250 8.482613 2.282356
8.561125 8.519774 3.404615
9.137662 8.519774 1.159147
9.005833 8.532161 -2.322059
9.299179 8.532161 -0.000002
8.144232 8.532161 -4.498214
6.768513 8.532161 -6.391730
4.965116 8.532161 -7.883630
2.847354 8.532161 -8.880173
0.548297 8.532161 -9.318742
-1.787599 8.532161 -9.171779
-4.013561 8.532161 -8.448521
-5.989724 8.532161 -7.194409
-7.591917 8.532161 -5.488247
-8.719467 8.532161 -3.437236
-9.301527 8.532161 -1.170252
-9.301527 8.532161 1.170263
-8.719463 8.532161 3.437246
-7.591911 8.532161 5.488255
-5.989717 8.532161 7.194415
-4.013554 8.532161 8.448524
-1.787590 8.532161 9.171780
0.548307 8.532161 9.318742
2.847365 8.532161 8.880170
4.965125 8.532161 7.883624
6.768521 8.532161 6.391721
8.144240 8.532161 4.498203
9.005838 8.532161 2.322047
4.457124 0.603073 -1.154149
4.602927 0.603074 -0.000002
4.028876 0.603074 -2.235777
3.345094 0.603074 -3.176924
2.448739 0.603074 -3.918453
1.396134 0.603074 -4.413771
0.253418 0.603074 -4.631756
-0.907607 0.603074 -4.558710
-2.013992 0.603074 -4.199224
-2.996217 0.603074 -3.575885
-3.792566 0.603074 -2.727859
-4.353000 0.603074 -1.708433
-4.642306 0.603074 -0.581658
-4.642305 0.603074 0.581664
-4.352998 0.603074 1.708437
-3.792563 0.603074 2.727864
-2.996214 0.603074 3.575888
-2.013988 0.603074 4.199226
-0.907603 0.603074 4.558712
0.253423 0.603074 4.631756
1.396139 0.603074 4.413770
2.448744 0.603074 3.918450
3.345098 0.603074 3.176920
4.028880 0.603074 2.235772
4.457126 0.603073 1.154144
3.835235 0.000000 -0.000000
3.429587 0.002655 -0.438056
3.713550 0.000000 -0.963231
3.713552 -0.000000 0.963226
3.429588 0.002655 0.438054
3.356145 -0.000000 1.865934
3.211709 0.002655 1.286640
2.785473 -0.000000 2.651398
2.789639 0.002655 2.054384
2.037393 -0.000000 3.270267
2.189898 0.002655 2.693044
1.158908 -0.000000 3.683651
1.450172 0.002655 3.162490
0.205219 -0.000000 3.865578
0.616940 0.002655 3.433225
-0.763753 -0.000000 3.804617
-0.257445 0.002655 3.488237
-1.687121 -0.000000 3.504597
-1.118040 0.002655 3.324071
-2.506869 -0.000000 2.984370
-1.910771 0.002655 2.951041
-3.171487 -0.000000 2.276625
-2.585828 0.002655 2.392586
-3.639216 -0.000000 1.425830
-3.100795 0.002655 1.683796
-3.880666 -0.000000 0.485446
-3.423314 0.002655 0.869207
-3.880667 0.000000 -0.485441
-3.533121 0.002655 0.000002
-3.639217 0.000000 -1.425826
-3.423315 0.002655 -0.869203
-3.171489 0.000000 -2.276621
-3.100796 0.002655 -1.683793
-2.506872 0.000000 -2.984368
-2.585830 0.002655 -2.392583
-1.687124 0.000000 -3.504595
-1.910774 0.002655 -2.951039
-0.763756 0.000000 -3.804615
-1.118043 0.002655 -3.324070
0.205215 0.000000 -3.865578
-0.257448 0.002655 -3.488237
1.158904 0.000000 -3.683652
0.616936 0.002655 -3.433225
2.037389 0.000000 -3.270269
1.450169 0.002655 -3.162492
2.785469 0.000000 -2.651402
2.189895 0.002655 -2.693047
3.356142 0.000000 -1.865939
2.789636 0.002655 -2.054388
3.211707 0.002655 -1.286645
3.294897 0.010620 -0.000000
3.190188 0.010620 -0.828855
3.190190 0.010620 0.828850
2.882644 0.010620 1.605625
2.391584 0.010620 2.281512
1.747865 0.010620 2.814045
0.991934 0.010620 3.169760
0.171290 0.010620 3.326307
-0.662504 0.010620 3.273849
-1.457057 0.010620 3.015685
-2.162445 0.010620 2.568032
-2.734345 0.010620 1.959022
-3.136823 0.010620 1.226919
-3.344590 0.010620 0.417723
-3.344590 0.010620 -0.417719
-3.136824 0.010620 -1.226915
-2.734347 0.010620 -1.959019
-2.162447 0.010620 -2.568030
-1.457060 0.010620 -3.015683
-0.662507 0.010620 -3.273849
0.171287 0.010620 -3.326307
0.991931 0.010620 -3.169761
1.747861 0.010620 -2.814046
2.391580 0.010620 -2.281516
2.882641 0.010620 -1.605629
2.747750 0.389603 0.000000
2.660231 0.389603 -0.692784
2.660232 0.389603 0.692781
2.403175 0.389603 1.342035
1.992730 0.389603 1.906965
1.924071 0.631556 1.516995
1.454688 0.389603 2.352074
1.599218 0.631556 1.862929
0.822856 0.389603 2.649392
1.037073 0.631556 2.206822
0.136934 0.389603 2.780240
0.585747 0.631556 2.353468
-0.559979 0.389603 2.736394
-0.267505 0.631556 2.469467
-1.224094 0.389603 2.520611
-0.733652 0.631556 2.380545
-1.813681 0.389603 2.146448
-1.325223 0.631556 2.090177
-2.291694 0.389603 1.637417
-1.690873 0.631556 1.787686
-2.628099 0.389603 1.025500
-2.246009 0.631556 1.129417
-2.801757 0.389603 0.349147
-2.420704 0.631556 0.688189
-2.801757 0.389603 -0.349144
-2.492517 0.631556 0.033123
-2.628099 0.389603 -1.025497
-2.433040 0.631556 -0.437688
-2.291695 0.389603 -1.637414
-2.174702 0.631556 -1.259124
-1.813683 0.389603 -2.146447
-1.895767 0.631556 -1.643045
-1.224096 0.389603 -2.520610
-1.381155 0.631556 -2.054681
-0.559982 0.389603 -2.736394
-0.951767 0.631556 -2.256736
0.136931 0.389603 -2.780239
-0.119782 0.631556 -2.478760
0.822853 0.389603 -2.649393
0.353834 0.631556 -2.448963
1.454685 0.389603 -2.352075
1.084488 0.631556 -2.211559
1.992728 0.389603 -1.906968
1.485165 0.631556 -1.957282
2.403173 0.389603 -1.342039
2.013840 0.631556 -1.253489
2.242457 0.631556 -0.837636
1.710819 0.712207 -0.585121
1.448830 1.379172 0.961841
0.479613 0.712207 -0.666332
0.332842 0.712207 -2.077486
1.164848 0.712207 -1.807151
0.284303 1.379172 0.743355
-0.189199 1.379172 2.020807
0.649199 1.379172 1.968059
1.513159 0.712207 1.697862
0.823553 0.712207 1.802010
-0.640394 0.712207 2.219436
-0.734736 0.712207 1.863850
-0.129551 0.712207 1.018392
-2.234704 0.712207 0.680604
-1.806376 0.712207 0.123255
-1.789699 0.712207 -1.490065
-1.198842 0.712207 -1.313057
1.810178 1.379172 -1.208744
1.193653 1.379172 -1.470292
-0.068267 1.379172 -2.208135
-0.240930 1.379172 -1.899937
0.120046 1.379172 -0.969063
-1.918603 1.379172 -1.157612
-1.653317 1.379172 -0.536940
-2.023076 1.379172 0.967577
-1.431255 1.379172 0.944044
4.473008 0.053582 -0.000001
4.331286 0.053582 -1.121839
4.432308 0.248656 -1.147777
4.577306 0.248656 -0.000001
3.915027 0.053582 -2.173188
4.006424 0.248656 -2.223434
3.250386 0.053582 -3.087988
3.326416 0.248656 -3.159385
2.379124 0.053582 -3.808758
2.435010 0.248656 -3.896820
1.355987 0.053582 -4.290210
1.388217 0.248656 -4.389404
0.245261 0.053582 -4.502093
0.251810 0.248656 -4.606186
-0.883263 0.053582 -4.431092
-0.902807 0.248656 -4.533543
-1.958675 0.053582 -4.081669
-2.003083 0.248656 -4.176041
-2.913403 0.053582 -3.475780
-2.979886 0.248656 -3.556144
-3.687458 0.053582 -2.651495
-3.771837 0.248656 -2.712800
-4.232203 0.053582 -1.660606
-4.329178 0.248656 -1.699001
-4.513410 0.053582 -0.565375
-4.616887 0.248656 -0.578447
-4.513410 0.053582 0.565380
-4.616886 0.248656 0.578452
-4.232202 0.053582 1.660611
-4.329176 0.248656 1.699006
-3.687456 0.053582 2.651499
-3.771835 0.248656 2.712804
-2.913400 0.053582 3.475782
-2.979882 0.248656 3.556146
-1.958671 0.053582 4.081671
-2.003079 0.248656 4.176043
-0.883259 0.053582 4.431092
-0.902802 0.248656 4.533544
0.245265 0.053582 4.502092
0.251814 0.248656 4.606186
1.355992 0.053582 4.290209
1.388222 0.248656 4.389403
2.379129 0.053582 3.808755
2.435015 0.248656 3.896817
3.250390 0.053582 3.087984
3.326421 0.248656 3.159381
3.915030 0.053582 2.173182
4.006428 0.248656 2.223429
4.331287 0.053582 1.121833
4.432309 0.248656 1.147771
2.439013 0.568827 0.602650
1.885007 0.696276 1.042528
2.347742 0.631556 -0.452702
2.511067 0.568827 0.032284
4.219372 0.005863 -0.000001
4.085619 0.005863 -1.058762
4.085621 0.005863 1.058757
3.692768 0.005863 2.050993
3.065498 0.005863 2.914359
2.243224 0.005863 3.594604
1.277614 0.005863 4.048988
0.229339 0.005863 4.248957
-0.835732 0.005863 4.181950
-1.850679 0.005863 3.852175
-2.751727 0.005863 3.280353
-3.482260 0.005863 2.502415
-3.996377 0.005863 1.567241
-4.261774 0.005863 0.533591
-4.261774 0.005863 -0.533586
-3.996379 0.005863 -1.567236
-3.482263 0.005863 -2.502411
-2.751730 0.005863 -3.280351
-1.850682 0.005863 -3.852173
-0.835736 0.005863 -4.181949
0.229335 0.005863 -4.248957
1.277609 0.005863 -4.048989
2.243220 0.005863 -3.594606
3.065494 0.005863 -2.914363
3.692765 0.005863 -2.050998
3.138401 0.024305 -0.815558
3.241430 0.024305 -0.000000
3.054425 0.141930 -0.000000
2.957271 0.141930 -0.769052
3.138402 0.024305 0.815553
2.957273 0.141930 0.769047
2.835790 0.024305 1.579867
2.671917 0.141930 1.489777
2.352607 0.024305 2.244912
2.216287 0.141930 2.116899
1.719215 0.024305 2.768900
1.619013 0.141930 2.611007
0.975412 0.024305 3.118909
0.917624 0.141930 2.941058
0.167933 0.024305 3.272945
0.156190 0.141930 3.086310
-0.652485 0.024305 3.221329
-0.617444 0.141930 3.037637
-1.434292 0.024305 2.967306
-1.354669 0.141930 2.798099
-2.128364 0.024305 2.526835
-2.009163 0.141930 2.382746
-2.691089 0.024305 1.927594
-2.539799 0.141930 1.817676
-3.087110 0.024305 1.207236
-2.913238 0.141930 1.138395
-3.291544 0.024305 0.411022
-3.106014 0.141930 0.387584
-3.291544 0.024305 -0.411018
-3.106014 0.141930 -0.387580
-3.087111 0.024305 -1.207232
-2.913239 0.141930 -1.138391
-2.691090 0.024305 -1.927592
-2.539801 0.141930 -1.817673
-2.128366 0.024305 -2.526833
-2.009165 0.141930 -2.382744
-1.434295 0.024305 -2.967304
-1.354672 0.141930 -2.798098
-0.652488 0.024305 -3.221328
-0.617447 0.141930 -3.037636
0.167929 0.024305 -3.272945
0.156187 0.141930 -3.086309
0.975408 0.024305 -3.118910
0.917621 0.141930 -2.941058
1.719212 0.024305 -2.768902
1.619010 0.141930 -2.611010
2.352604 0.024305 -2.244915
2.216284 0.141930 -2.116902
2.835787 0.024305 -1.579871
2.671914 0.141930 -1.489781
4.525346 0.989482 -1.171665
4.944564 1.403908 -1.279303
5.106178 1.403908 -0.000004
4.673362 0.989482 -0.000003
4.090599 0.989482 -2.269710
4.469879 1.403908 -2.478221
3.396439 0.989482 -3.225140
3.711947 1.403908 -3.521423
2.486480 0.989482 -3.977924
2.718394 1.403908 -4.343362
1.417900 0.989482 -4.480759
1.551647 1.403908 -4.892391
0.257841 0.989482 -4.702053
0.285018 1.403908 -5.134014
-0.920806 0.989482 -4.627898
-1.001908 1.403908 -5.053047
-2.043982 0.989482 -4.262957
-2.228266 1.403908 -4.654580
-3.041114 0.989482 -3.630156
-3.317002 1.403908 -3.963647
-3.849549 0.989482 -2.769260
-4.199705 1.403908 -3.023663
-4.418489 0.989482 -1.734362
-4.820911 1.403908 -1.893692
-4.712186 0.989482 -0.590486
-5.141589 1.403908 -0.644732
-4.712186 0.989482 0.590491
-5.141588 1.403908 0.644738
-4.418488 0.989482 1.734366
-4.820909 1.403908 1.893697
-3.849546 0.989482 2.769264
-4.199702 1.403908 3.023667
-3.041111 0.989482 3.630159
-3.316998 1.403908 3.963650
-2.043978 0.989482 4.262957
-2.228262 1.403908 4.654581
-0.920801 0.989482 4.627899
-1.001903 1.403908 5.053048
0.257846 0.989482 4.702052
0.285023 1.403908 5.134013
1.417905 0.989482 4.480758
1.551653 1.403908 4.892390
2.486485 0.989482 3.977921
2.718400 1.403908 4.343359
3.396443 0.989482 3.225136
3.711952 1.403908 3.521418
4.090602 0.989482 2.269704
4.469882 1.403908 2.478215
4.525348 0.989482 1.171661
4.944565 1.403908 1.279298
5.565123 1.726934 -1.438635
6.350330 2.325205 -1.640241
6.557540 2.325205 -0.000002
5.746864 1.726934 -0.000004
5.031317 1.726934 -2.786874
5.741718 2.325205 -3.177420
4.178988 1.726934 -3.960004
4.769945 2.325205 -4.514950
3.061691 1.726934 -4.884312
3.496073 2.325205 -5.568789
1.749630 1.726934 -5.501720
2.000143 2.325205 -6.272720
0.325247 1.726934 -5.773437
0.376149 2.325205 -6.582513
-1.121960 1.726934 -5.682386
-1.273866 2.325205 -6.478703
-2.501058 1.726934 -5.234291
-2.846227 2.325205 -5.967811
-3.725392 1.726934 -4.457304
-4.242136 2.325205 -5.081940
-4.718031 1.726934 -3.400249
-5.373883 2.325205 -3.876752
-5.416608 1.726934 -2.129544
-6.170354 2.325205 -2.427973
-5.777224 1.726934 -0.725031
-6.581507 2.325205 -0.826635
-5.777223 1.726934 0.725038
-6.581506 2.325205 0.826643
-5.416604 1.726934 2.129550
-6.170352 2.325205 2.427980
-4.718028 1.726934 3.400254
-5.373878 2.325205 3.876758
-3.725387 1.726934 4.457307
-4.242131 2.325205 5.081945
-2.501053 1.726934 5.234292
-2.846221 2.325205 5.967814
-1.121955 1.726934 5.682387
-1.273860 2.325205 6.478703
0.325253 1.726934 5.773437
0.376156 2.325205 6.582513
1.749636 1.726934 5.501719
2.000150 2.325205 6.272718
3.061697 1.726934 4.884309
3.496080 2.325205 5.568784
4.178993 1.726934 3.959998
4.769951 2.325205 4.514943
5.031321 1.726934 2.786867
5.741722 2.325205 3.177411
5.565124 1.726934 1.438629
6.350333 2.325205 1.640233
8.342286 4.777717 -2.151689
8.781086 5.601855 -2.264354
9.067140 5.601855 -0.000002
8.614109 4.777717 -0.000002
7.543902 4.777717 -4.168180
7.940898 5.601855 -4.386430
6.269118 4.777717 -5.922768
6.599365 5.601855 -6.232890
4.598037 4.777717 -7.305206
4.840784 5.601855 -7.687715
2.635657 4.777717 -8.228633
2.775651 5.601855 -8.659492
0.505282 4.777717 -8.635023
0.533728 5.601855 -9.087163
-1.659229 4.777717 -8.498843
-1.744119 5.601855 -8.943853
-3.721872 4.777717 -7.828650
-3.914764 5.601855 -8.238567
-5.553043 4.777717 -6.666554
-5.841816 5.601855 -7.015622
-7.037682 4.777717 -5.085573
-7.404194 5.601855 -5.351858
-8.082504 4.777717 -3.185046
-8.503724 5.601855 -3.351818
-8.621861 4.777717 -1.084391
-9.071321 5.601855 -1.141171
-8.621860 4.777717 1.084401
-9.071319 5.601855 1.141181
-8.082501 4.777717 3.185055
-8.503720 5.601855 3.351828
-7.037677 4.777717 5.085580
-7.404187 5.601855 5.351866
-5.553036 4.777717 6.666559
-5.841810 5.601855 7.015627
-3.721865 4.777717 7.828653
-3.914756 5.601855 8.238570
-1.659221 4.777717 8.498846
-1.744111 5.601855 8.943854
0.505290 4.777717 8.635024
0.533737 5.601855 9.087163
2.635666 4.777717 8.228630
2.775661 5.601855 8.659490
4.598046 4.777717 7.305201
4.840793 5.601855 7.687708
6.269127 4.777717 5.922759
6.599373 5.601855 6.232880
7.543909 4.777717 4.168168
7.940903 5.601855 4.386418
8.342291 4.777717 2.151678
8.781091 5.601855 2.264342
9.072385 6.471204 -2.339147
9.201343 7.433777 -2.372257
9.501030 7.433776 -0.000002
9.367887 6.471204 -0.000002
8.204442 6.471204 -4.531316
8.321115 7.433777 -4.595457
6.818600 6.471204 -6.438766
6.915656 7.433777 -6.529906
5.001932 6.471204 -7.941644
5.073272 7.433777 -8.054059
2.868587 6.471204 -8.945518
2.909730 7.433777 -9.072144
0.552612 6.471204 -9.387315
0.560972 7.433777 -9.520193
-1.800473 6.471204 -9.239272
-1.825422 7.433777 -9.370054
-4.042816 6.471204 -8.510690
-4.099504 7.433777 -8.631160
-6.033520 6.471204 -7.247351
-6.118387 7.433777 -7.349938
-7.647504 6.471204 -5.528632
-7.755218 7.433777 -5.606891
-8.783351 6.471204 -3.462530
-8.907143 7.433777 -3.511543
-9.369697 6.471204 -1.178864
-9.501788 7.433777 -1.195551
-9.369694 6.471204 1.178875
-9.501786 7.433777 1.195562
-8.783347 6.471204 3.462540
-8.907139 7.433777 3.511553
-7.647496 6.471204 5.528640
-7.755210 7.433777 5.606898
-6.033513 6.471204 7.247356
-6.118380 7.433777 7.349943
-4.042809 6.471204 8.510694
-4.099497 7.433777 8.631164
-1.800465 6.471204 9.239273
-1.825413 7.433777 9.370055
0.552621 6.471204 9.387315
0.560981 7.433777 9.520193
2.868598 6.471204 8.945516
2.909740 7.433777 9.072141
5.001942 6.471204 7.941637
5.073282 7.433777 8.054051
6.818608 6.471204 6.438754
6.915664 7.433777 6.529897
8.204449 6.471204 4.531303
8.321123 7.433777 4.595444
9.072388 6.471203 2.339134
9.201347 7.433777 2.372245
7.095340 3.057376 -1.831528
7.768980 3.886092 -2.004489
8.022206 3.886093 -0.000002
7.326716 3.057376 -0.000001
6.415750 3.057376 -3.547973
7.025214 3.886092 -3.883029
5.330650 3.057376 -5.041487
5.837640 3.886092 -5.517583
3.908218 3.057376 -6.218224
4.280880 3.886092 -6.805447
2.237831 3.057376 -7.004248
2.452749 3.886092 -7.665701
0.424446 3.057376 -7.350170
0.468116 3.886092 -8.044289
-1.417995 3.057376 -7.234254
-1.548317 3.886092 -7.917426
-3.173726 3.057376 -6.663782
-3.469852 3.886092 -7.293082
-4.732427 3.057376 -5.674601
-5.175750 3.886092 -6.210486
-5.996159 3.057376 -4.328862
-6.558823 3.886092 -4.737661
-6.885516 3.057376 -2.711125
-7.532168 3.886092 -2.967153
-7.344618 3.057376 -0.923038
-8.034626 3.886092 -1.010206
-7.344616 3.057376 0.923047
-8.034624 3.886092 1.010215
-6.885514 3.057376 2.711133
-7.532166 3.886092 2.967161
-5.996154 3.057376 4.328868
-6.558817 3.886092 4.737669
-4.732422 3.057376 5.674605
-5.175744 3.886092 6.210490
-3.173720 3.057376 6.663786
-3.469846 3.886092 7.293085
-1.417989 3.057376 7.234254
-1.548310 3.886092 7.917428
0.424453 3.057376 7.350171
0.468124 3.886092 8.044289
2.237839 3.057376 7.004247
2.452758 3.886092 7.665698
3.908225 3.057376 6.218220
4.280889 3.886092 6.805442
5.330656 3.057376 5.041479
5.837648 3.886092 5.517575
6.415756 3.057376 3.547964
7.025220 3.886092 3.883018
7.095343 3.057376 1.831518
7.768985 3.886092 2.004479
9.205376 8.320061 -2.373293
9.505193 8.320060 -0.000002
8.324763 8.320061 -4.597463
6.918690 8.320060 -6.532757
5.075503 8.320060 -8.057573
2.911016 8.320060 -9.076103
0.561233 8.320060 -9.524348
-1.826202 8.320060 -9.374143
-4.101277 8.320060 -8.634927
-6.121041 8.320060 -7.353145
-7.758585 8.320060 -5.609338
-8.911013 8.320060 -3.513075
-9.505917 8.320060 -1.196073
-9.505916 8.320060 1.196084
-8.911009 8.320060 3.513085
-7.758578 8.320060 5.609346
-6.121035 8.320060 7.353150
-4.101270 8.320060 8.634930
-1.826193 8.320061 9.374145
0.561243 8.320061 9.524348
2.911027 8.320060 9.076101
5.075513 8.320061 8.057568
6.918699 8.320061 6.532747
8.324770 8.320060 4.597450
9.205379 8.320060 2.373280
2.949842 1.637156 0.031003
2.057656 1.407837 -0.525348
2.339067 1.524288 1.137132
2.863685 1.637156 0.713011
9.091360 8.519775 -2.344019
9.387480 8.519775 -0.000002
8.221610 8.519775 -4.540754
6.832880 8.519775 -6.452177
5.012430 8.519775 -7.958186
2.874641 8.519775 -8.964152
0.553842 8.519775 -9.406868
-1.804144 8.519775 -9.258515
-4.051157 8.519775 -8.528417
-6.046009 8.519775 -7.262447
-7.663353 8.519775 -5.540149
-8.801567 8.519775 -3.469742
-9.389133 8.519775 -1.181319
-9.389132 8.519775 1.181330
-8.801564 8.519775 3.469752
-7.663348 8.519775 5.540156
-6.046001 8.519775 7.262453
-4.051150 8.519775 8.528421
-1.804136 8.519775 9.258517
0.553851 8.519775 9.406868
2.874652 8.519775 8.964149
5.012439 8.519775 7.958179
6.832890 8.519775 6.452167
8.221618 8.519775 4.540742
9.091366 8.519775 2.344007
8.950901 8.151028 -0.000001
8.668497 8.151027 -2.235446
7.695450 6.075006 -1.985608
7.946292 6.075005 0.000000
7.839034 8.151027 -4.330431
6.958688 6.075006 -3.846457
6.514629 8.151027 -6.153318
5.782301 6.075006 -5.465616
4.778499 8.151027 -7.589569
4.240203 6.075006 -6.741350
2.739731 8.151027 -8.548940
2.429290 6.075006 -7.593501
0.526429 8.151027 -8.971151
0.463348 6.075006 -7.968525
-1.722338 8.151027 -8.829670
-1.534093 6.075006 -7.842856
-3.865271 8.151027 -8.133389
-3.437529 6.075006 -7.224392
-5.767723 8.151027 -6.926056
-5.127361 6.075006 -6.151991
-7.310153 8.151027 -5.283534
-6.497408 6.075006 -4.693040
-8.395646 8.151027 -3.309027
-7.461585 6.075006 -2.939206
-8.955997 8.151027 -1.126602
-7.959310 6.075006 -1.000691
-8.955996 8.151027 1.126612
-7.959309 6.075006 1.000701
-8.395643 8.151027 3.309037
-7.461583 6.075006 2.939215
-7.310148 8.151027 5.283541
-6.497403 6.075006 4.693046
-5.767716 8.151027 6.926060
-5.127356 6.075006 6.151995
-3.865263 8.151027 8.133392
-3.437523 6.075006 7.224393
-1.722330 8.151027 8.829671
-1.534086 6.075006 7.842857
0.526438 8.151027 8.971151
0.463357 6.075006 7.968524
2.739741 8.151027 8.548938
2.429297 6.075006 7.593498
4.778508 8.151027 7.589563
4.240210 6.075006 6.741345
6.514637 8.151027 6.153309
5.782307 6.075006 5.465608
7.839041 8.151027 4.330419
6.958694 6.075006 3.846445
8.668502 8.151027 2.235434
7.695454 6.075005 1.985599
6.580267 3.852983 -1.699277
6.794936 3.852984 0.000002
5.949748 3.852984 -3.291787
4.942997 3.852984 -4.677460
3.623276 3.852984 -5.769229
2.073502 3.852983 -6.498496
0.391054 3.852983 -6.819440
-1.318351 3.852984 -6.711893
-2.947307 3.852983 -6.182614
-4.393460 3.852984 -5.264857
-5.565942 3.852984 -4.016291
-6.391081 3.852983 -2.515365
-6.817034 3.852984 -0.856388
-6.817033 3.852984 0.856398
-6.391080 3.852984 2.515372
-5.565938 3.852984 4.016295
-4.393456 3.852984 5.264860
-2.947300 3.852983 6.182615
-1.318344 3.852984 6.711896
0.391061 3.852984 6.819441
2.073507 3.852984 6.498495
3.623281 3.852983 5.769224
4.943005 3.852984 4.677451
5.949754 3.852983 3.291777
6.580271 3.852983 1.699269
5.053940 2.540096 -1.307383
5.219102 2.540096 0.000003
4.568833 2.540096 -2.532623
3.794264 2.540096 -3.598727
2.778902 2.540096 -4.438707
1.586543 2.540096 -4.999789
0.292107 2.540096 -5.246716
-1.023069 2.540096 -5.163971
-2.276350 2.540096 -4.756757
-3.388985 2.540096 -4.050656
-4.291064 2.540096 -3.090039
-4.925907 2.540096 -1.935262
-5.253625 2.540096 -0.658885
-5.253624 2.540096 0.658892
-4.925906 2.540096 1.935267
-4.291063 2.540096 3.090041
-3.388982 2.540096 4.050658
-2.276344 2.540096 4.756758
-1.023063 2.540096 5.163974
0.292112 2.540096 5.246717
1.586546 2.540096 4.999789
2.778905 2.540096 4.438705
3.794270 2.540096 3.598720
4.568839 2.540096 2.532614
5.053944 2.540096 1.307376
2.586060 1.637156 -1.442583
1.970761 1.524288 -1.754643
1.595085 1.637156 -2.491098
0.644170 1.443668 -2.273181
0.150034 1.637155 -2.988531
-0.443140 1.524288 -2.636228
-1.266249 1.637156 -2.713645
-1.447204 1.426557 -1.736276
-2.460542 1.637156 -1.760088
-2.480921 1.524288 -1.070481
-2.987330 1.637156 -0.416988
-2.358669 1.443668 0.345249
-2.822149 1.637156 1.102329
-2.250814 1.524288 1.489044
-1.970400 1.637156 2.266777
-0.959772 1.443668 2.040090
-0.599087 1.637156 2.941402
0.141504 1.472046 2.490494
0.887347 1.637156 2.847882
1.308948 1.472046 2.026889
2.161270 1.637156 1.990700
8.920307 8.519775 -2.300100
9.210879 8.519775 -0.000001
8.066854 8.519775 -4.455676
6.704144 8.519775 -6.331285
4.917801 8.519775 -7.809076
2.820068 8.519775 -8.796194
0.542753 8.519775 -9.230614
-1.771053 8.519775 -9.085043
-3.975964 8.519775 -8.368623
-5.933439 8.519775 -7.126373
-7.520480 8.519775 -5.436345
-8.637366 8.519775 -3.404731
-9.213924 8.519775 -1.159185
-9.213923 8.519775 1.159196
-8.637363 8.519775 3.404741
-7.520474 8.519775 5.436352
-5.933432 8.519775 7.126378
-3.975957 8.519775 8.368627
-1.771044 8.519775 9.085044
0.542762 8.519775 9.230614
2.820079 8.519775 8.796192
4.917811 8.519775 7.809069
6.704153 8.519775 6.331276
8.066862 8.519775 4.455664
8.920311 8.519775 2.300088
3.457257 0.002655 -0.000000
3.347447 0.002655 -0.869232
3.347449 0.002655 0.869227
3.024921 0.002655 1.683842
2.509939 0.002655 2.392655
1.834862 0.002655 2.951129
1.042107 0.002655 3.324173
0.181485 0.002655 3.488346
-0.692927 0.002655 3.433334
-1.526187 0.002655 3.162592
-2.265937 0.002655 2.693133
-2.865697 0.002655 2.054455
-3.287781 0.002655 1.286687
-3.505669 0.002655 0.438072
-3.505669 0.002655 -0.438068
-3.287782 0.002655 -1.286684
-2.865698 0.002655 -2.054452
-2.265939 0.002655 -2.693131
-1.526190 0.002655 -3.162590
-0.692930 0.002655 -3.433333
0.181481 0.002655 -3.488346
1.042103 0.002655 -3.324174
1.834858 0.002655 -2.951131
2.509936 0.002655 -2.392659
3.024918 0.002655 -1.683846
1.825215 0.568827 1.749658
1.364240 0.631556 2.022965
0.790295 0.568827 2.400727
0.052544 0.676362 2.329224
-0.516920 0.568827 2.510667
-0.994682 0.631556 2.267898
-1.621172 0.568827 1.985714
-1.825508 0.685871 1.325647
-2.414438 0.568827 0.940906
-2.465459 0.631556 0.407436
-2.562894 0.568827 -0.272729
-2.158639 0.676362 -0.897492
-2.105785 0.568827 -1.502343
-1.682700 0.631556 -1.831269
-1.160626 0.568827 -2.277986
-0.413070 0.676362 -2.158384
0.122502 0.568827 -2.550896
0.725484 0.660590 -2.273034
1.331554 0.568827 -2.158051
1.697954 0.660590 -1.557025
2.203030 0.568827 -1.167440
