-1.840413 56.119440 0.026531
-2.283399 54.693829 0.026531
-2.637788 52.664142 0.026531
-2.774709 51.013025 0.026531
-2.597516 43.522531 0.026531
-2.573351 35.548782 0.026531
-2.275340 24.804352 0.026530
-1.880677 15.896304 0.026530
-1.550453 8.373611 0.027860
-1.719593 8.381665 0.027860
-1.687376 8.140035 0.027860
-0.237597 8.109624 0.027860
0.124843 3.557153 0.029992
0.044299 0.119090 0.026529
-0.946380 0.119090 0.026529
-0.946380 0.119090 0.226360
-0.745023 0.119090 1.070630
0.193791 0.119090 1.650995
1.458317 0.119090 1.650995
2.444483 0.119090 1.070630
2.766655 0.119090 0.305261
2.774709 0.119090 0.026529
1.767921 0.119090 0.026529
1.445748 3.661858 0.029992
1.292723 8.285030 0.027860
2.742498 8.728017 0.027860
2.718335 8.956319 0.202406
2.508923 8.977699 0.027860
2.472684 9.618031 0.026530
2.263272 14.321745 0.026530
1.941110 21.087398 0.026530
1.635054 28.046338 0.026530
1.296794 33.942133 0.026531
0.781318 42.302505 0.026531
0.281966 51.677753 0.026531
-0.426812 54.609521 0.026531
-0.959946 56.089069 0.026531
0.551252 8.344125 0.527447
0.527563 8.071262 0.396864
0.906110 0.119090 0.026529
1.337016 0.119090 0.026529
0.475205 0.119090 0.026529
-0.946380 -0.000000 0.026529
-0.946380 -0.000000 0.226360
-0.745023 -0.000000 1.070630
0.193791 -0.000000 1.650995
1.458317 -0.000000 1.650995
2.444483 -0.000000 1.070630
2.766655 -0.000000 0.305261
2.774709 -0.000000 0.026529
-1.365164 56.103046 0.234921
-1.711606 8.348704 0.202406
0.546236 8.313289 0.753257
-1.691082 8.194772 0.202406
0.530199 8.128564 0.753257
2.739182 8.782591 0.202406
0.740126 3.605925 0.422904
0.906110 0.119090 0.377815
-1.403402 57.056030 -0.026528
-1.840409 56.119440 -0.026529
-2.283396 54.693829 -0.026529
-2.637785 52.664142 -0.026529
-2.774706 51.013025 -0.026529
-2.597514 43.522531 -0.026529
-2.573350 35.548782 -0.026529
-2.275340 24.804352 -0.026530
-1.880678 15.896304 -0.026530
-1.550454 8.373611 -0.027876
-1.719594 8.381665 -0.027876
-1.687377 8.140035 -0.027876
-0.237598 8.109624 -0.027876
0.124841 3.557153 -0.029356
0.044297 0.119090 -0.026530
-0.946382 0.119090 -0.026530
-0.946382 0.119090 -0.226361
-0.745024 0.119090 -1.070632
0.193790 0.119090 -1.650996
1.458316 0.119090 -1.650996
2.444481 0.119090 -1.070632
2.766653 0.119090 -0.305262
2.774707 0.119090 -0.026530
1.767919 0.119090 -0.026530
1.445747 3.661858 -0.029356
1.292722 8.285030 -0.027876
2.742497 8.728017 -0.027876
2.718334 8.956319 -0.202422
2.508922 8.977699 -0.027876
2.472683 9.618031 -0.026530
2.263272 14.321745 -0.026530
1.941110 21.087398 -0.026530
1.635054 28.046338 -0.026530
1.296795 33.942133 -0.026529
0.781320 42.302505 -0.026529
0.459163 47.682819 -0.026529
0.281969 51.677753 -0.026529
-0.426809 54.609521 -0.026529
-0.959943 56.089069 -0.026529
0.551251 8.344125 -0.527463
0.527562 8.071262 -0.396881
0.906108 0.119090 -0.026530
1.337014 0.119090 -0.026530
0.475203 0.119090 -0.026530
-0.946382 0.000000 -0.026530
-0.946382 0.000000 -0.226361
-0.745024 0.000000 -1.070632
0.193790 0.000000 -1.650996
1.458316 0.000000 -1.650996
2.444481 0.000000 -1.070632
2.766653 0.000000 -0.305262
2.774707 0.000000 -0.026530
-1.365161 56.103046 -0.234919
-1.711607 8.348704 -0.202422
0.546235 8.313289 -0.753274
-1.691083 8.194772 -0.202422
0.530197 8.128564 -0.753274
2.739182 8.782591 -0.202422
0.740125 3.605925 -0.422268
0.906108 0.119090 -0.485037
-2.298120 54.609521 0.026531
-1.306823 54.649121 0.502129
-1.383825 54.647693 0.484914
-1.770947 54.637720 0.365213
-2.298117 54.609521 -0.026529
-1.303642 54.569910 -0.502127
-1.384799 54.571423 -0.484010
-1.786444 54.581750 -0.359981
-1.424607 51.466949 0.447290
-1.182087 51.540582 0.502129
-1.535013 42.855930 0.345431
-0.817626 42.457867 0.502129
-2.388625 35.472095 0.026531
-1.636592 34.933408 0.251717
-0.486427 34.204068 0.502129
0.310926 14.333276 0.502128
0.424638 14.333363 0.440560
-2.107993 24.656830 0.026530
-1.772680 24.319417 0.126166
-0.021509 22.617888 0.502128
0.253337 22.436409 0.357263
1.237931 33.950073 0.026531
0.006222 34.125687 0.237100
1.576386 27.758987 0.026530
0.910143 8.178146 0.360054
1.092937 3.633892 0.383709
1.337016 0.119090 0.342773
0.144983 8.090443 0.345171
0.432485 3.581540 0.367862
0.475205 0.119090 0.342509
0.910142 8.178146 -0.349759
1.092936 3.633892 -0.372093
0.144982 8.090443 -0.349759
0.432483 3.581538 -0.372093
1.337014 0.119090 -0.401279
0.475203 0.119090 -0.386844
1.001540 5.906019 0.383709
0.633845 5.838594 0.422904
0.288734 5.835991 0.367862
1.001539 5.906019 -0.372093
0.633843 5.838594 -0.422267
0.288733 5.835991 -0.372093
1.369236 5.973444 0.029992
1.369235 5.973444 0.000318
1.369234 5.973444 -0.029355
-0.056377 5.833388 0.029992
-0.056378 5.833388 0.000318
-0.056378 5.833388 -0.029355
1.214976 1.876491 0.383709
0.823118 1.862507 0.422904
0.453845 1.850315 0.375638
0.823117 1.862508 -0.482230
1.214975 1.876491 -0.410302
0.453843 1.850314 -0.402229
1.606835 1.890474 0.029992
1.606834 1.890474 0.000318
1.606833 1.890475 -0.029356
0.084571 1.838121 0.029992
0.084570 1.838121 0.000318
0.084569 1.838122 -0.029356
