5.101176 0.393161 1.014685
4.324569 0.393161 2.889581
2.801517 0.000002 1.870944
1.873927 0.000001 2.798535
0.661971 0.000001 3.300544
-0.649841 0.000001 3.300545
-1.861797 0.000001 2.798537
-2.789388 0.000002 1.870946
-3.291397 0.000002 0.658989
-3.291397 0.000002 -0.652825
-2.789388 0.000002 -1.864781
-1.861797 0.000002 -2.792372
-0.649841 0.000002 -3.294380
0.661971 0.000002 -3.294379
1.873927 0.000002 -2.792370
3.386611 0.000002 -1.398585
5.101176 0.393161 -1.014689
-5.101175 0.393160 1.014687
-5.101174 0.393161 -1.014690
-4.324566 0.393161 2.889585
-2.889582 0.393161 4.324569
-1.014685 0.393161 5.101176
1.014688 0.393161 5.101174
2.889586 0.393161 4.324565
-4.324567 0.393162 -2.889588
-2.889582 0.393162 -4.324573
-1.014685 0.393162 -5.101180
1.014689 0.393162 -5.101178
2.889586 0.393162 -4.324569
4.324569 0.393162 -2.889585
-7.830092 16.844446 1.557502
-7.433365 17.003070 1.478588
-7.433365 17.003070 -1.478586
-7.830092 16.844446 -1.557500
-8.470958 15.527861 -1.684977
-8.470958 15.527859 1.684978
-7.181331 15.527861 4.798412
-6.638031 16.844446 4.435390
-6.301701 17.003070 4.210662
-10.089374 13.159819 -1.584319
-10.089374 13.159818 1.584320
-8.440408 13.254242 5.639700
-10.708902 10.441284 2.130133
-10.708902 10.441285 -2.130133
-9.905276 7.416829 -1.970283
-9.905275 7.416828 1.970281
-8.397285 7.416828 5.610888
-9.078569 10.441284 6.066106
-8.287849 4.868261 -1.648557
-8.287849 4.868259 1.648556
-7.026099 4.868260 4.694691
-6.339673 2.383141 -1.261042
-6.339673 2.383141 1.261039
-5.374515 2.383141 3.591138
-4.798412 15.527861 7.181333
-4.435390 16.844446 6.638032
-4.210662 17.003070 6.301702
-5.639700 13.254242 8.440411
-6.066104 10.441284 9.078571
-5.610886 7.416828 8.397288
-4.694688 4.868260 7.026102
-3.591135 2.383141 5.374518
-1.684978 15.527859 8.470959
-1.557503 16.844444 7.830092
-1.478588 17.003070 7.433365
-1.980399 13.254242 9.956142
-2.130132 10.441284 10.708904
-1.970280 7.416828 9.905276
-1.648554 4.868259 8.287851
-1.261037 2.383141 6.339674
1.684978 15.527859 8.470958
1.557502 16.844444 7.830091
1.478587 17.003070 7.433364
1.980400 13.254242 9.956141
2.130134 10.441284 10.708902
1.970283 7.416828 9.905274
1.648557 4.868259 8.287849
1.261041 2.383141 6.339673
4.798414 15.527861 7.181331
4.435391 16.844446 6.638029
4.210663 17.003070 6.301701
5.639703 13.254242 8.440408
6.066109 10.441284 9.078568
5.610890 7.416828 8.397285
4.694692 4.868260 7.026098
3.591139 2.383141 5.374514
7.181332 15.527861 4.798412
6.638032 16.844446 4.435390
6.301702 17.003070 4.210662
8.440410 13.254242 5.639700
9.078571 10.441284 6.066105
8.397289 7.416828 5.610886
7.026102 4.868260 4.694688
5.374518 2.383141 3.591135
8.470959 15.527861 1.684979
7.830092 16.844446 1.557503
7.433364 17.003070 1.478589
9.956142 13.254242 1.980400
10.708904 10.441284 2.130133
9.905276 7.416828 1.970281
8.287850 4.868259 1.648555
6.339674 2.383142 1.261038
8.470959 15.527861 -1.684978
7.830092 16.844446 -1.557501
7.433364 17.003070 -1.478587
9.956142 13.254242 -1.980399
10.708904 10.441285 -2.130133
9.905276 7.416829 -1.970282
8.287850 4.868261 -1.648557
6.339674 2.383141 -1.261041
-6.301703 17.003072 -4.210661
-6.638031 16.844446 -4.435388
-7.181331 15.527863 -4.798411
-8.440408 13.254243 -5.639700
-9.078569 10.441286 -6.066106
-8.397285 7.416830 -5.610889
-7.026099 4.868261 -4.694692
-5.374515 2.383143 -3.591141
-4.210663 17.003072 -6.301700
-4.435390 16.844446 -6.638030
-4.798412 15.527863 -7.181331
-5.639700 13.254245 -8.440409
-6.066104 10.441287 -9.078571
-5.610886 7.416830 -8.397289
-4.694688 4.868262 -7.026104
-3.591135 2.383143 -5.374520
-1.478589 17.003073 -7.433362
-1.557502 16.844447 -7.830090
-1.684978 15.527863 -8.470957
-1.980399 13.254245 -9.956140
-2.130132 10.441288 -10.708904
-1.970280 7.416831 -9.905277
-1.648554 4.868262 -8.287853
-1.261038 2.383143 -6.339677
1.478587 17.003073 -7.433361
1.557502 16.844447 -7.830090
1.684978 15.527863 -8.470956
1.980400 13.254245 -9.956139
2.130135 10.441288 -10.708902
1.970283 7.416831 -9.905276
1.648557 4.868262 -8.287850
1.261042 2.383143 -6.339676
4.210663 17.003072 -6.301699
4.435391 16.844446 -6.638028
4.798413 15.527863 -7.181329
5.639703 13.254245 -8.440406
6.066109 10.441287 -9.078568
5.610890 7.416830 -8.397285
4.694692 4.868262 -7.026099
3.591139 2.383143 -5.374516
6.301702 17.003072 -4.210661
6.638032 16.844446 -4.435389
7.181332 15.527863 -4.798411
8.440410 13.254243 -5.639700
9.078571 10.441286 -6.066105
8.397289 7.416830 -5.610886
7.026102 4.868261 -4.694690
5.374518 2.383143 -3.591138
-7.491928 16.352698 1.490240
-5.321151 12.841516 1.063957
-5.321150 12.841516 -1.054574
-7.491928 16.352698 -1.490238
-6.351361 16.352708 4.243844
-4.510442 12.841530 3.021226
-4.243845 16.352708 6.351362
-3.012412 12.841530 4.519255
-1.490240 16.352707 7.491943
-1.055144 12.841530 5.329983
1.490239 16.352707 7.491942
1.063389 12.841530 5.329982
4.243845 16.352708 6.351360
3.020659 12.841530 4.519254
6.351362 16.352708 4.243844
4.518687 12.841530 3.021226
7.491942 16.352710 1.490241
5.329414 12.841530 1.063958
7.491942 16.352710 -1.490239
5.329414 12.841531 -1.054575
4.518687 12.841531 -3.011843
3.020659 12.841531 -4.509871
1.063389 12.841531 -5.320599
-1.055144 12.841531 -5.320599
-3.012412 12.841531 -4.509872
-4.510442 12.841531 -3.011843
-6.351361 16.352710 -4.243842
-4.243845 16.352710 -6.351360
-1.490240 16.352710 -7.491941
1.490239 16.352710 -7.491940
4.243845 16.352710 -6.351359
6.351362 16.352710 -4.243842
2.718431 0.000002 1.126724
4.670970 0.072736 0.929459
2.962555 0.000001 -0.182587
-2.926624 0.000001 0.003853
-4.668726 0.072736 0.929461
-2.703271 0.000002 1.126726
-3.957784 0.072736 2.645829
-2.067215 0.000002 2.078651
-2.644133 0.072736 3.959478
-1.115290 0.000001 2.714706
-0.927767 0.072736 4.670419
0.007581 0.000001 2.938058
0.930014 0.072736 4.670418
1.130452 0.000001 2.714704
2.646380 0.072736 3.959475
2.082376 0.000002 2.078649
3.960030 0.072736 2.645825
-2.703271 0.000002 -1.119019
-2.067215 0.000002 -2.070944
-3.957784 0.072736 -2.644691
-1.115290 0.000002 -2.706999
-2.644133 0.072736 -3.958340
0.007581 0.000002 -2.930351
-0.927767 0.072736 -4.669282
1.130452 0.000002 -2.706997
0.930014 0.072736 -4.669280
2.228650 0.000002 -1.954393
2.646380 0.072736 -3.958337
4.068272 0.072736 -2.558441
4.686341 0.072736 -1.066288
-4.668726 0.072736 -0.928323
-7.984996 16.844446 0.000001
-7.751254 17.129970 1.541820
-7.923018 16.291083 1.575986
-7.377173 16.844446 3.055725
-8.638539 15.527859 0.000001
-9.199745 14.570119 1.751765
-7.980969 15.527861 3.305826
-10.920758 10.441285 -0.000000
-10.626334 11.803650 2.035532
-10.528188 9.022323 2.094186
-10.089464 10.441284 4.179193
-10.101233 7.416828 -0.000001
-9.131810 5.899372 1.816430
-9.332321 7.416828 3.865574
-8.451810 4.868260 -0.000001
-7.382700 3.848885 1.468510
-7.808453 4.868260 3.234367
-6.465091 2.383141 -0.000001
-5.427937 1.008998 1.079684
-5.972964 2.383141 2.474084
-5.202092 0.393160 -0.000002
-4.806106 0.393162 1.990755
-6.571196 17.129970 4.390733
-6.716809 16.291083 4.488029
-5.646243 16.844446 5.646244
-7.778271 14.587587 5.197275
-6.108369 15.527861 6.108370
-9.413553 13.230635 3.786404
-8.987675 11.821118 6.005373
-7.179327 13.254242 7.179330
-8.925366 9.022323 5.963740
-7.722141 10.441284 7.722143
-7.741574 5.899372 5.172756
-7.142648 7.416828 7.142651
-6.258749 3.848885 4.181965
-5.976331 4.868260 5.976333
-4.601582 1.008998 3.074681
-4.571509 2.383141 4.571512
-3.678433 0.393161 3.678436
-4.390733 17.129970 6.571198
-4.488028 16.291083 6.716811
-3.055725 16.844444 7.377174
-5.197273 14.587587 7.778274
-3.305824 15.527861 7.980972
-6.005373 11.821118 8.987677
-3.885423 13.254242 9.380247
-5.963736 9.022323 8.925368
-4.179191 10.441284 10.089467
-5.172753 5.899372 7.741576
-3.865572 7.416828 9.332323
-4.181962 3.848885 6.258753
-3.234364 4.868260 7.808455
-3.074677 1.008998 4.601585
-2.474081 2.383141 5.972968
-1.990752 0.393161 4.806108
-1.541821 17.129968 7.751256
-1.575986 16.291083 7.923018
-0.000001 16.844444 7.984995
-1.825040 14.587587 9.175098
0.000000 15.527859 8.638540
-2.108806 11.821118 10.601688
0.000001 13.254242 10.153104
-2.094186 9.022323 10.528188
0.000000 10.441284 10.920758
-1.816428 5.899372 9.131812
0.000001 7.416828 10.101232
-1.468509 3.848885 7.382702
0.000001 4.868259 8.451809
-1.079682 1.008998 5.427938
0.000002 2.383141 6.465092
0.000002 0.393161 5.202092
1.541820 17.129968 7.751254
1.575986 16.291083 7.923016
3.055725 16.844444 7.377172
1.825041 14.587587 9.175098
3.305827 15.527861 7.980969
2.108807 11.821118 10.601686
3.885426 13.254242 9.380244
2.094188 9.022323 10.528188
4.179195 10.441284 10.089463
1.816432 5.899372 9.131809
3.865576 7.416828 9.332319
1.468512 3.848885 7.382700
3.234370 4.868260 7.808452
1.079686 1.008998 5.427937
2.474086 2.383141 5.972964
1.990757 0.393161 4.806105
4.390734 17.129970 6.571195
4.488029 16.291083 6.716808
5.646245 16.844446 5.646243
5.197277 14.587587 7.778271
6.108371 15.527861 6.108369
6.005375 11.821118 8.987674
7.179330 13.254242 7.179327
5.963742 9.022323 8.925365
7.722144 10.441284 7.722140
5.172758 5.899372 7.741573
7.142652 7.416828 7.142647
4.181966 3.848885 6.258749
5.976334 4.868260 5.976329
3.074682 1.008998 4.601581
4.571513 2.383141 4.571508
3.678437 0.393161 3.678432
6.571197 17.129970 4.390733
6.716811 16.291083 4.488029
7.377174 16.844444 3.055726
7.778273 14.587587 5.197275
7.980971 15.527861 3.305827
8.987678 11.821118 6.005372
9.380246 13.254242 3.885425
8.925368 9.022323 5.963737
10.089465 10.441284 4.179192
7.741576 5.899372 5.172752
9.332323 7.416828 3.865573
6.258753 3.848885 4.181962
7.808454 4.868260 3.234366
4.601585 1.008998 3.074677
5.972968 2.383141 2.474082
4.806107 0.393162 1.990753
7.751254 17.129970 1.541821
7.923017 16.291083 1.575987
7.984995 16.844446 0.000001
9.175098 14.587587 1.825041
8.638540 15.527861 0.000001
10.601687 11.821118 2.108807
10.153104 13.254242 0.000000
10.528188 9.022323 2.094186
10.920758 10.441285 -0.000000
9.131811 5.899372 1.816429
10.101232 7.416828 -0.000001
7.382701 3.848886 1.468509
8.451809 4.868260 -0.000001
5.427938 1.008998 1.079682
6.465092 2.383141 -0.000001
5.202092 0.393161 -0.000002
-10.078925 13.451193 0.000000
-10.496637 12.726808 0.000000
-7.923018 16.291083 -1.575984
-7.751254 17.129970 -1.541818
-7.377173 16.844446 -3.055723
-9.199745 14.570119 -1.751764
-7.980969 15.527861 -3.305824
-10.528188 9.022324 -2.094187
-10.626334 11.803651 -2.035531
-10.089464 10.441286 -4.179193
-9.131810 5.899373 -1.816431
-9.332321 7.416829 -3.865575
-7.382700 3.848886 -1.468513
-7.808453 4.868261 -3.234370
-5.427937 1.008998 -1.079687
-5.972964 2.383143 -2.474087
-4.806105 0.393162 -1.990759
-6.716809 16.291084 -4.488027
-6.571196 17.129971 -4.390730
-5.646244 16.844446 -5.646243
-7.778271 14.587589 -5.197274
-6.108369 15.527863 -6.108369
-9.413553 13.230637 -3.786404
-8.987675 11.821120 -6.005373
-7.179327 13.254243 -7.179328
-8.925366 9.022325 -5.963740
-7.722141 10.441287 -7.722143
-7.741574 5.899374 -5.172758
-7.142648 7.416830 -7.142652
-6.258749 3.848887 -4.181967
-5.976331 4.868262 -5.976335
-4.601582 1.008999 -3.074684
-4.571509 2.383143 -4.571515
-3.678433 0.393163 -3.678439
-4.488028 16.291086 -6.716809
-4.390733 17.129971 -6.571194
-3.055724 16.844447 -7.377172
-5.197273 14.587589 -7.778272
-3.305824 15.527863 -7.980970
-6.005373 11.821121 -8.987677
-3.885423 13.254245 -9.380245
-5.963736 9.022326 -8.925368
-4.179191 10.441288 -10.089467
-5.172753 5.899375 -7.741578
-3.865572 7.416831 -9.332324
-4.181962 3.848887 -6.258755
-3.234364 4.868262 -7.808457
-3.074677 1.008999 -4.601588
-2.474081 2.383143 -5.972971
-1.990752 0.393163 -4.806111
-1.575986 16.291086 -7.923016
-1.541821 17.129971 -7.751253
-0.000001 16.844447 -7.984993
-1.825040 14.587590 -9.175097
0.000000 15.527863 -8.638538
-2.108806 11.821122 -10.601687
0.000001 13.254245 -10.153103
-2.094186 9.022327 -10.528188
0.000000 10.441288 -10.920757
-1.816428 5.899375 -9.131813
0.000001 7.416831 -10.101234
-1.468509 3.848887 -7.382703
0.000001 4.868262 -8.451810
-1.079682 1.008999 -5.427941
0.000002 2.383143 -6.465095
0.000002 0.393163 -5.202096
1.575986 16.291086 -7.923015
1.541820 17.129971 -7.751251
3.055725 16.844447 -7.377171
1.825041 14.587590 -9.175096
3.305827 15.527863 -7.980968
2.108807 11.821122 -10.601686
3.885426 13.254245 -9.380242
2.094188 9.022327 -10.528188
4.179195 10.441288 -10.089463
1.816432 5.899375 -9.131811
3.865576 7.416831 -9.332320
1.468512 3.848887 -7.382702
3.234370 4.868262 -7.808453
1.079686 1.008999 -5.427940
2.474086 2.383143 -5.972968
1.990757 0.393163 -4.806108
4.488029 16.291086 -6.716807
4.390734 17.129971 -6.571192
5.646245 16.844446 -5.646241
5.197277 14.587589 -7.778270
6.108371 15.527863 -6.108368
6.005375 11.821121 -8.987674
7.179330 13.254243 -7.179326
5.963742 9.022326 -8.925365
7.722144 10.441287 -7.722140
5.172758 5.899375 -7.741574
7.142652 7.416830 -7.142648
4.181966 3.848887 -6.258752
5.976334 4.868262 -5.976331
3.074682 1.008999 -4.601585
4.571513 2.383143 -4.571510
3.678437 0.393163 -3.678436
6.716811 16.291084 -4.488026
6.571197 17.129971 -4.390731
7.377174 16.844446 -3.055724
7.778273 14.587589 -5.197273
7.980971 15.527861 -3.305825
8.987678 11.821120 -6.005371
9.380246 13.254242 -3.885424
8.925368 9.022325 -5.963737
10.089465 10.441286 -4.179193
7.741576 5.899374 -5.172755
9.332323 7.416829 -3.865574
6.258753 3.848887 -4.181964
7.808454 4.868261 -3.234367
4.601585 1.008999 -3.074681
5.972968 2.383142 -2.474085
4.806107 0.393162 -1.990756
7.923017 16.291084 -1.575985
7.751254 17.129970 -1.541819
9.175098 14.587587 -1.825040
10.601687 11.821119 -2.108806
10.528188 9.022324 -2.094187
9.131811 5.899373 -1.816431
7.382701 3.848886 -1.468512
5.427938 1.008998 -1.079685
-7.640135 16.352692 0.000001
-7.402803 15.503255 1.473533
-7.168626 16.672891 1.425929
-7.058578 16.352705 2.923760
-7.580420 17.003070 0.000001
-7.003394 17.003070 2.900900
-6.275697 15.503273 4.194663
-6.077269 16.672891 4.060701
-5.402406 16.352708 5.402406
-5.360166 17.003070 5.360165
-4.193033 15.503273 6.277327
-4.060702 16.672891 6.077270
-2.923761 16.352707 7.058584
-2.900900 17.003070 7.003395
-1.471903 15.503273 7.404456
-1.425929 16.672891 7.168629
-0.000002 16.352707 7.640156
-0.000002 17.003070 7.580419
1.473428 15.503273 7.404456
1.425928 16.672891 7.168629
2.923761 16.352707 7.058582
2.900901 17.003070 7.003394
4.194559 15.503273 6.277325
4.060703 16.672891 6.077269
5.402406 16.352708 5.402405
5.360167 17.003070 5.360165
6.277222 15.503273 4.194663
6.077271 16.672891 4.060702
7.058584 16.352708 2.923761
7.003394 17.003070 2.900901
7.404351 15.503273 1.473534
7.168629 16.672893 1.425930
7.640156 16.352710 0.000001
7.580419 17.003070 0.000001
-4.733467 12.043030 0.005864
-4.372777 12.043044 1.819263
-3.345573 12.043048 3.356590
-1.808246 12.043048 4.383799
0.005154 12.043048 4.744507
1.818554 12.043048 4.383798
3.355881 12.043048 3.356590
4.383089 12.043048 1.819264
4.743797 12.043048 0.005864
-7.168626 16.672891 -1.425927
-7.402803 15.503256 -1.471796
-7.058578 16.352707 -2.923759
-7.003394 17.003072 -2.900898
-6.077269 16.672894 -4.060699
-6.275697 15.503275 -4.192926
-5.402406 16.352710 -5.402404
-5.360166 17.003072 -5.360164
-4.060702 16.672894 -6.077268
-4.193033 15.503275 -6.275591
-2.923761 16.352710 -7.058582
-2.900901 17.003072 -7.003392
-1.425929 16.672894 -7.168627
-1.471903 15.503276 -7.402719
-0.000002 16.352710 -7.640154
-0.000002 17.003073 -7.580416
1.425928 16.672894 -7.168627
1.473428 15.503276 -7.402719
2.923761 16.352710 -7.058581
2.900901 17.003072 -7.003391
4.060703 16.672894 -6.077267
4.194559 15.503275 -6.275589
5.402406 16.352710 -5.402402
5.360167 17.003072 -5.360162
6.077271 16.672894 -4.060700
6.277222 15.503275 -4.192926
7.058584 16.352710 -2.923760
7.003394 17.003072 -2.900900
7.168629 16.672893 -1.425928
7.404351 15.503275 -1.471797
-4.372777 12.043045 -1.807535
-3.345573 12.043049 -3.344862
-1.808246 12.043050 -4.372070
0.005154 12.043050 -4.732778
1.818554 12.043050 -4.372070
3.355881 12.043049 -3.344861
4.383089 12.043048 -1.807536
-0.000002 17.129968 7.904598
-0.017000 0.000004 0.021955
7.904598 17.129968 0.000001
5.589396 17.129968 5.589394
3.024959 17.129968 7.302896
-5.589394 17.129968 5.589395
-7.904599 17.129968 0.000001
-3.024958 17.129968 7.302897
7.302897 17.129968 3.024959
-7.302896 17.129968 3.024958
-7.302896 17.129970 -3.024956
-5.589394 17.129971 -5.589393
-3.024958 17.129971 -7.302895
-0.000002 17.129971 -7.904595
3.024960 17.129971 -7.302892
5.589396 17.129971 -5.589392
7.302897 17.129971 -3.024958
0.011082 3.509370 0.012607
3.312758 0.072734 3.312064
-4.325089 0.072735 -1.791383
-3.309950 0.072737 -3.310645
-1.790688 0.072737 -4.325784
0.001405 0.072737 -4.682251
1.793496 0.072737 -4.325780
3.339818 0.072737 -3.289080
4.573672 0.129307 -1.894133
-8.079761 16.291083 0.000001
-7.464723 16.291083 3.091989
-9.342888 14.624023 0.000001
-8.650542 14.583218 3.562300
-10.874973 11.723544 0.000000
-10.736465 9.022324 -0.000000
-9.919200 9.022323 4.108669
-9.994609 11.816751 4.119032
-9.312466 5.899373 -0.000001
-8.603595 5.899372 3.563726
-7.528752 3.848886 -0.000001
-6.955659 3.848885 2.881129
-5.535320 1.008997 -0.000002
-5.113967 1.008999 2.118276
-5.713251 16.291083 5.713252
-6.616121 14.587587 6.616122
-7.644827 11.821118 7.644828
-7.591826 9.022323 7.591830
-6.584908 5.899373 6.584909
-5.323631 3.848886 5.323633
-3.914059 1.008998 3.914063
-3.091989 16.291083 7.464725
-3.580618 14.587587 8.644381
-4.137350 11.821118 9.988451
-4.108665 9.022323 9.919203
-3.563723 5.899372 8.603597
-2.881126 3.848886 6.955662
-2.118272 1.008998 5.113969
-0.000001 16.291083 8.079758
-0.000001 14.587587 9.356609
0.000001 11.821119 10.811420
0.000002 9.022323 10.736469
0.000002 5.899372 9.312465
0.000002 3.848886 7.528753
0.000002 1.008998 5.535319
3.091991 16.291083 7.464723
3.580621 14.587587 8.644379
4.137353 11.821118 9.988448
4.108670 9.022323 9.919200
3.563728 5.899372 8.603594
2.881131 3.848886 6.955659
2.118277 1.008998 5.113966
5.713253 16.291083 5.713251
7.644831 11.821118 7.644827
7.591831 9.022323 7.591827
6.584910 5.899373 6.584905
5.323634 3.848886 5.323630
3.914063 1.008998 3.914059
7.464724 16.291084 3.091990
8.644380 14.587585 3.580620
9.988451 11.821118 4.137351
9.919203 9.022323 4.108668
8.603597 5.899372 3.563725
6.955662 3.848886 2.881128
5.113969 1.008999 2.118273
8.079758 16.291083 0.000001
9.356610 14.587587 0.000001
10.811420 11.821118 0.000000
10.736468 9.022324 -0.000000
9.312466 5.899373 -0.000001
7.528754 3.848886 -0.000001
5.535319 1.008997 -0.000002
6.616123 14.587587 6.616120
4.327895 0.072736 1.792803
-7.464723 16.291084 -3.091988
-8.650542 14.583221 -3.562299
-9.994611 11.816753 -4.119032
-9.919199 9.022324 -4.108669
-8.603595 5.899374 -3.563728
-6.955659 3.848886 -2.881132
-5.113967 1.008997 -2.118279
4.688206 0.072735 -0.033780
-5.713251 16.291086 -5.713251
-6.616121 14.587589 -6.616121
-7.644827 11.821121 -7.644829
-7.591826 9.022326 -7.591830
-6.584906 5.899375 -6.584911
-5.323630 3.848887 -5.323636
-3.914059 1.008998 -3.914066
-4.681558 0.072735 0.000711
-3.091989 16.291086 -7.464723
-3.580618 14.587590 -8.644379
-4.137350 11.821122 -9.988451
-4.108665 9.022327 -9.919204
-3.563723 5.899376 -8.603600
-2.881126 3.848888 -6.955663
-2.118272 1.008998 -5.113972
-4.325089 0.072735 1.792806
-0.000001 16.291086 -8.079757
-0.000001 14.587590 -9.356606
0.000001 11.821122 -10.811420
0.000002 9.022327 -10.736469
0.000002 5.899376 -9.312466
0.000002 3.848888 -7.528754
0.000002 1.008998 -5.535322
-3.309949 0.072734 3.312068
3.091991 16.291086 -7.464722
3.580621 14.587590 -8.644378
4.137353 11.821122 -9.988448
4.108670 9.022326 -9.919201
3.563728 5.899376 -8.603596
2.881131 3.848888 -6.955660
2.118277 1.008998 -5.113969
-1.790688 0.072734 4.327207
5.713253 16.291086 -5.713249
6.616123 14.587589 -6.616119
7.644831 11.821121 -7.644827
7.591831 9.022325 -7.591827
6.584910 5.899375 -6.584907
5.323634 3.848887 -5.323632
3.914063 1.008998 -3.914062
0.001405 0.072734 4.683675
7.464724 16.291084 -3.091989
8.644380 14.587589 -3.580618
9.988451 11.821120 -4.137351
9.919203 9.022324 -4.108669
8.603597 5.899374 -3.563727
6.955662 3.848886 -2.881130
5.113969 1.008997 -2.118276
-7.421048 15.355527 0.001086
-7.310443 16.672890 0.000001
-6.753970 16.672893 2.797586
-6.856107 15.355550 2.841374
-5.169267 16.672894 5.169266
-5.247218 15.355554 5.249255
-2.797586 16.672894 6.753971
-2.839336 15.355554 6.858151
-0.000001 16.672893 7.310447
0.000951 15.355554 7.423119
2.797586 16.672894 6.753970
2.841243 15.355554 6.858150
5.169267 16.672894 5.169264
5.249125 15.355554 5.249254
6.753972 16.672893 2.797587
6.858019 15.355554 2.841375
7.310446 16.672894 0.000001
7.422987 15.355554 0.001086
1.793496 0.072734 4.327204
-6.856108 15.355551 -2.839202
-6.753970 16.672894 -2.797584
-5.247218 15.355556 -5.247084
-5.169267 16.672894 -5.169263
-2.839336 15.355556 -6.855980
-2.797587 16.672894 -6.753970
0.000952 15.355556 -7.420948
-0.000001 16.672896 -7.310445
2.841243 15.355556 -6.855978
2.797586 16.672894 -6.753969
5.249125 15.355556 -5.247083
5.169267 16.672894 -5.169263
6.858019 15.355554 -2.839204
6.753972 16.672894 -2.797585
9.960985 13.567395 0.635729
9.747218 13.966719 -0.406233
10.131570 13.202390 -0.297067
10.231002 13.583722 -0.409614
10.241081 13.923029 0.350207
10.015394 14.142941 -0.411485
8.945750 14.775569 -0.265211
9.027025 15.234317 -0.263443
8.756062 15.308215 0.471775
8.776775 15.290460 -0.901328
10.185760 13.967097 -1.165145
9.917805 13.601714 -1.339030
9.208743 15.515549 -0.247418
9.098069 15.666083 0.345476
9.096727 15.668639 -0.728845
9.624030 15.570526 -0.213686
9.680209 15.769498 0.323766
9.673210 15.774409 -0.699345
10.401317 14.550395 0.307050
10.155777 14.511935 -0.366903
10.347434 14.591068 -1.032962
10.401040 15.125323 0.271018
10.209841 14.971074 -0.294786
10.359906 15.153702 -0.865550
10.185577 15.569682 0.281712
10.057131 15.345906 -0.222425
10.167983 15.581934 -0.727753
8.986053 15.819174 -0.135950
8.537344 15.697226 -0.104297
9.729389 15.973383 -0.161893
10.424303 14.036499 -0.416583
10.592974 14.629529 -0.359009
10.296429 15.805711 -0.223616
10.551105 15.307951 -0.299747
9.826968 13.447217 0.896841
9.789320 13.905048 0.459080
10.128224 13.233261 0.609966
10.098017 13.716394 0.433793
8.930235 14.831586 0.398560
8.976225 15.019505 -0.269885
8.925438 14.517072 -0.254979
8.901036 14.903400 -0.794196
9.551224 13.876567 -0.394602
9.912260 14.055850 -0.413362
9.777167 13.888512 -1.116484
9.002592 15.246777 0.252156
9.102935 15.404749 -0.253436
8.962361 15.245280 -0.699794
9.199419 15.536595 0.259987
9.372943 15.569783 -0.236973
9.179469 15.550288 -0.648676
10.066135 14.098552 0.250176
10.086579 14.278226 -0.397150
10.040621 14.112723 -0.966936
10.205460 14.498001 0.234347
10.203395 14.768181 -0.329772
10.188273 14.542961 -0.868116
10.245753 14.975456 0.209596
10.164594 15.152890 -0.259738
10.237097 15.023918 -0.718223
10.076568 15.364070 0.217412
9.879570 15.501369 -0.201017
10.080900 15.407915 -0.592885
9.631680 15.592542 0.249486
9.635135 15.620477 -0.591757
8.549171 15.653979 0.347072
8.886955 15.522186 0.379020
8.470653 15.590071 0.591211
8.712940 14.991203 0.735820
8.532761 15.546074 -0.979280
8.756834 14.941739 -1.289000
8.603863 15.597655 -0.550298
8.896751 15.515535 -0.767334
9.014320 15.786349 -0.540433
9.360835 15.753639 -0.726102
10.069237 13.306335 -1.067885
10.043851 13.760066 -1.212889
9.799688 13.467700 -1.504369
10.249899 13.605510 0.300321
10.422952 14.011166 0.262635
10.340891 14.231085 0.329062
8.996581 15.795834 0.320848
9.369216 15.746368 0.338080
9.728020 15.946957 0.293177
9.972009 15.716821 0.304366
10.292783 15.776550 0.242542
10.326669 15.361409 0.266898
10.552110 15.278098 0.215941
10.421615 14.856595 0.286819
10.591650 14.606960 0.242402
10.353706 14.027766 -0.981473
10.283949 14.277310 -1.114401
10.208456 13.687737 -0.996014
10.520066 14.629007 -0.862806
10.373618 14.889493 -0.942716
10.492999 15.276390 -0.728735
10.295095 15.384311 -0.795789
9.713036 15.927115 -0.551155
9.965158 15.720618 -0.687065
10.259465 15.752892 -0.610255
10.184498 13.379742 -0.367274
10.075433 13.038350 -0.212926
8.459076 15.720276 -0.089868
8.688655 15.716188 -0.119425
10.300974 13.805562 -0.425559
9.357108 15.930225 -0.151048
10.541475 14.302499 -0.391472
10.591837 14.977905 -0.326125
10.457169 15.592830 -0.269152
10.057597 15.936070 -0.181682
10.232957 14.807471 -0.789298
10.032604 15.883441 -0.562737
9.368369 15.613420 -0.634491
10.189982 15.216124 -0.653287
10.118882 14.291132 -0.934165
9.899426 15.556845 -0.563535
10.138055 13.483080 -1.007949
8.956548 15.041377 -0.625058
9.929122 13.995454 -1.009032
9.355396 15.892041 -0.551667
8.745309 15.668675 -0.534346
9.050208 15.428452 -0.661411
10.465496 14.306261 -0.933011
10.290164 13.832994 -0.846760
10.526279 14.963289 -0.788750
10.408102 15.546771 -0.672618
10.246423 14.762994 0.220430
9.375021 15.591583 0.259594
10.139739 14.252510 0.246033
10.192714 15.165709 0.206904
9.891496 15.522397 0.233985
10.319583 13.800208 0.212372
8.701618 15.692087 0.333847
10.539355 14.279185 0.256066
9.362552 15.901898 0.307487
10.051819 15.911635 0.273126
10.457387 15.559456 0.217967
9.082676 15.423138 0.255796
10.193571 13.401123 0.397376
9.956797 13.999512 0.302776
8.972309 15.032756 0.235052
10.591886 14.953569 0.227181
8.448032 15.703105 0.360110
9.592773 13.812872 0.667236
8.905906 14.566191 0.587936
10.058368 13.083661 0.880323
8.497614 15.464677 0.794093
8.591061 15.367062 -1.390494
8.485190 15.679131 -0.551320
9.604984 13.786731 -1.256614
8.881873 14.622910 -0.979748
10.001212 13.143549 -1.151823
-9.592279 13.995947 0.667236
-9.833409 13.634827 0.896841
-9.965108 13.757542 0.635729
-9.787030 14.091858 0.459080
-10.071704 13.275754 0.880323
-10.138693 13.426660 0.609966
-10.200826 13.595738 0.397376
-10.099274 13.909128 0.433793
-9.952676 14.189500 0.302776
-8.948648 15.203769 0.235051
-8.910422 15.001831 0.398560
-8.927003 14.946121 -0.265211
-8.952817 15.190594 -0.269885
-8.891162 14.736021 0.587936
-8.911626 14.687283 -0.254979
-8.866049 14.792271 -0.979748
-8.879857 15.073074 -0.794196
-8.932727 15.212086 -0.625058
-9.743759 14.152713 -0.406233
-9.549522 14.058838 -0.394603
-9.907069 14.244978 -0.413362
-9.925081 14.184915 -1.009032
-9.775197 14.075092 -1.116484
-9.604988 13.970044 -1.256614
-9.051544 15.596185 0.255796
-8.974843 15.418327 0.252156
-8.999507 15.406337 -0.263443
-9.072153 15.578186 -0.253437
-8.934647 15.416064 -0.699794
-9.018982 15.600877 -0.661412
-9.340623 15.770178 0.259594
-9.166103 15.711848 0.259987
-9.175827 15.690984 -0.247418
-9.338962 15.748343 -0.236973
-9.145894 15.725159 -0.648677
-9.333554 15.791885 -0.634491
-10.060104 14.290608 0.250175
-10.008522 14.334023 -0.411485
-10.130756 14.445943 0.246033
-10.077113 14.470639 -0.397150
-10.109166 14.484158 -0.934165
-10.034323 14.304289 -0.966936
-10.191782 14.692644 0.234347
-10.141840 14.705627 -0.366903
-10.227678 14.958369 0.220429
-10.184558 14.962735 -0.329772
-10.213365 15.002582 -0.789298
-10.173738 14.737268 -0.868116
-10.222955 15.170781 0.209596
-10.187132 15.165714 -0.294786
-10.166295 15.359987 0.206904
-10.138423 15.346632 -0.259739
-10.162602 15.410341 -0.653287
-10.213374 15.219069 -0.718223
-10.046384 15.556094 0.217412
-10.027298 15.537563 -0.222425
-9.858325 15.710861 0.233985
-9.846802 15.689609 -0.201017
-9.865594 15.745454 -0.563535
-10.049878 15.600014 -0.592885
-9.597217 15.776035 0.249486
-9.589987 15.753877 -0.213686
-9.600137 15.804031 -0.591757
-8.665425 15.857814 0.333847
-8.513731 15.816805 0.347072
-8.727185 15.475052 0.471775
-8.853972 15.691479 0.379020
-8.411674 15.863989 0.360110
-8.436450 15.751408 0.591211
-8.465797 15.626553 0.794093
-8.690120 15.157272 0.735820
-8.561092 15.530737 -1.390494
-8.499384 15.708604 -0.979280
-8.748232 15.457693 -0.901328
-8.734950 15.108655 -1.289000
-8.449283 15.840729 -0.551320
-8.569490 15.761533 -0.550298
-8.709555 15.835240 -0.534347
-8.863890 15.685017 -0.767334
-8.976273 15.958026 -0.540434
-9.060909 15.841908 -0.728845
-9.315268 16.070207 -0.551667
-9.323346 15.931935 -0.726102
-10.143755 13.676620 -1.007949
-10.078323 13.498596 -1.067886
-9.921280 13.791029 -1.339030
-10.044284 13.951759 -1.212889
-10.013416 13.334540 -1.151823
-9.805743 13.654787 -1.504370
-10.253242 13.801163 0.300321
-10.238365 14.118454 0.350207
-10.319199 13.997154 0.212372
-10.418523 14.210048 0.262635
-10.529788 14.480240 0.256065
-10.332280 14.428362 0.329062
-9.322234 16.080199 0.307487
-8.958354 15.967171 0.320848
-9.062299 15.839380 0.345476
-9.331865 15.924825 0.338080
-10.011189 16.103087 0.273126
-9.686775 16.132225 0.293177
-9.642360 15.953885 0.323766
-9.935112 15.906786 0.304366
-10.423405 15.758713 0.217966
-10.254688 15.972627 0.242542
-10.151448 15.763751 0.281712
-10.296490 15.558208 0.266898
-10.569441 15.155502 0.227181
-10.523480 15.479214 0.215941
-10.375352 15.323584 0.271018
-10.401051 15.055298 0.286819
-10.575821 14.808951 0.242402
-10.386601 14.748766 0.307050
-10.455429 14.505901 -0.933011
-10.348970 14.225323 -0.981474
-10.182214 14.161461 -1.165145
-10.274466 14.473491 -1.114402
-10.289159 14.029373 -0.846760
-10.210239 13.882584 -0.996014
-10.503661 15.163969 -0.788750
-10.503828 14.829630 -0.862806
-10.331952 14.788403 -1.032962
-10.352435 15.087273 -0.942716
-10.374370 15.745090 -0.672618
-10.464410 15.476378 -0.728735
-10.333684 15.351172 -0.865551
-10.264487 15.580502 -0.795789
-9.672173 16.112100 -0.551155
-9.635269 15.958662 -0.699345
-9.992517 16.074533 -0.562738
-9.928191 15.910452 -0.687065
-10.221826 15.948335 -0.610256
-10.133624 15.775664 -0.727753
-10.142628 13.395859 -0.297067
-10.192160 13.574190 -0.367274
-10.089632 13.230777 -0.212926
-8.501082 15.859816 -0.104297
-8.422389 15.881367 -0.089868
-8.652003 15.881662 -0.119425
-10.234764 13.779019 -0.409614
-10.300491 14.002153 -0.425559
-8.947382 15.990305 -0.135951
-9.316249 16.108417 -0.151049
-10.419391 14.235402 -0.416583
-10.531465 14.503590 -0.391472
-10.576714 14.831541 -0.359009
-10.568929 15.179834 -0.326125
-10.521904 15.509042 -0.299747
-10.422549 15.792076 -0.269152
-10.257777 16.001851 -0.223616
-10.016501 16.127629 -0.181682
-9.687639 16.158670 -0.161893
