-4.604995 1.909214 1.559785
3.476805 1.909214 3.027511
-3.901840 1.909214 -2.558271
4.300552 1.909214 -1.299744
-3.503888 0.652553 -2.558271
3.961057 0.000000 -1.299744
-3.240916 1.909214 -2.875655
-3.027954 0.404101 -2.875655
-3.216841 0.404101 1.913694
-3.216841 1.909214 1.913694
-2.884371 1.909214 -1.672925
-4.424606 1.909214 -1.992751
-3.824094 0.652553 -1.992751
-2.884371 0.404101 -1.672925
3.924390 0.000000 -0.253625
4.263885 1.909214 -0.253625
3.772483 1.909214 1.138180
-3.015472 1.909214 -0.072311
-4.623101 1.909214 -0.401418
-4.022589 0.652553 -0.401418
-3.015472 0.404101 -0.072311
3.432989 0.000000 1.138180
3.853081 1.909214 2.376693
-3.104682 1.909214 1.016856
-4.669453 1.909214 0.732215
-4.068941 0.652553 0.732215
-3.104681 0.404101 1.016856
3.513587 0.000000 2.376693
1.573380 2.033210 2.696980
1.630665 2.033210 1.892240
1.745218 2.033210 0.851961
1.913483 2.033210 -0.626097
2.089694 2.033210 -1.818628
2.089694 -0.034062 -1.818628
1.913483 -0.034062 -0.626097
1.745218 -0.034062 0.851961
1.630665 -0.034062 1.892240
1.573380 -0.034062 2.696980
0.335554 2.033210 1.662965
0.322430 2.033210 2.408089
0.322430 0.090024 2.408089
0.335554 0.090024 1.662965
0.382417 0.090024 0.615181
0.481610 0.090024 -0.910056
0.560191 0.090024 -2.097614
0.560191 2.033210 -2.097614
0.481610 2.033210 -0.910056
0.382417 2.033210 0.615181
4.409918 1.368476 -0.253625
3.918516 1.368476 1.138180
3.999114 1.368476 2.376693
3.622838 1.368476 3.027511
1.573380 1.358829 2.696980
0.322430 1.393973 2.408089
-3.216841 1.482928 1.913694
-4.604995 1.566213 1.559785
-4.669453 1.566213 0.732215
-4.623101 1.566213 -0.401418
-4.424606 1.566213 -1.992751
-3.901840 1.566213 -2.558271
-3.240916 1.482928 -2.875655
0.560191 1.393973 -2.097614
2.089694 1.358829 -1.818628
4.446585 1.368476 -1.299744
0.947892 1.788118 2.552532
1.261366 1.865213 2.624925
0.634396 1.865120 2.480134
0.983172 1.787285 1.777606
0.664717 1.863846 1.758066
1.301739 1.863378 1.797153
1.063834 1.782467 0.733573
0.745872 1.855313 0.707125
1.381826 1.855183 0.760022
1.197572 1.777951 -0.768074
0.880035 1.847429 -0.799207
1.515154 1.847218 -0.736936
1.324946 1.775123 -1.958120
1.010631 1.842346 -2.015452
1.639269 1.842311 -1.900787
1.324942 1.376401 -1.958121
1.011051 1.376401 -2.015375
1.638833 1.376401 -1.900867
1.324942 0.027985 -1.958121
1.011158 0.054260 -2.015356
1.638727 0.001710 -1.900886
1.197549 0.028005 -0.768076
0.881141 0.055160 -0.799098
1.513956 0.000849 -0.737054
1.063819 0.027996 0.733571
0.747124 0.056617 0.707230
1.380514 -0.000626 0.759913
0.983115 0.028035 1.777602
0.666031 0.058202 1.758149
1.300199 -0.002132 1.797056
0.947905 0.027970 2.552535
0.635153 0.058492 2.480309
1.260656 -0.002552 2.624761
0.947905 1.376401 2.552535
0.637017 1.376401 2.480739
1.258792 1.376401 2.624330
1.710282 2.024066 2.721353
1.791090 2.024066 1.927963
1.891253 2.024066 0.873066
2.083345 2.024066 -0.598631
2.249266 2.024066 -1.780366
2.268324 1.359540 -1.780366
2.227686 -0.031550 -1.780366
2.061765 -0.031550 -0.598631
1.869673 -0.031550 0.873066
1.769510 -0.031550 1.927963
1.688702 -0.031550 2.721353
1.729340 1.359540 2.721353
0.211747 2.029332 2.392628
0.227969 2.029332 1.642759
0.276156 2.029332 0.593682
0.376346 2.029332 -0.933913
0.441320 2.029332 -2.121945
0.441320 1.396755 -2.121945
0.441320 0.099846 -2.121945
0.376346 0.099846 -0.933913
0.276156 0.099846 0.593682
0.227969 0.099846 1.642759
0.211747 0.099846 2.392628
0.211747 1.396755 2.392628
3.277023 1.922557 2.991943
3.618973 1.922557 2.324562
3.559375 1.922557 1.107381
4.016005 1.922557 -0.293706
4.067688 1.922557 -1.355580
4.185909 1.367438 -1.355580
3.759685 -0.003665 -1.355580
3.708002 -0.003665 -0.293706
3.251373 -0.003665 1.107381
3.310970 -0.003665 2.324562
2.969020 -0.003665 2.991943
3.395245 1.367438 2.991943
3.548995 1.758175 3.027511
3.341444 1.767501 2.991943
1.715605 1.838452 2.721353
1.573380 1.844842 2.696980
1.260647 1.728679 2.624759
0.947896 1.673118 2.552533
0.635128 1.728612 2.480303
0.322430 1.854659 2.408089
0.211747 1.852641 2.392628
-3.216841 1.790144 1.913694
-4.604995 1.813407 1.559785
-4.669453 1.813407 0.732215
-4.623101 1.813407 -0.401418
-4.424606 1.813407 -1.992751
-3.901840 1.813407 -2.558271
-3.240916 1.790144 -2.875655
0.441320 1.852641 -2.121945
0.560191 1.854659 -2.097614
1.010749 1.712199 -2.015431
1.324945 1.663752 -1.958120
1.639147 1.712173 -1.900809
2.089694 1.844842 -1.818628
2.254589 1.838452 -1.780366
4.132109 1.767501 -1.355580
4.372741 1.758175 -1.299744
4.336074 1.758175 -0.253625
3.844673 1.758175 1.138180
3.925271 1.758175 2.376693
4.292287 1.909214 -1.063957
4.056039 1.922557 -1.116241
2.211869 2.024066 -1.514012
2.049977 2.033210 -1.549841
1.611294 1.843417 -1.638464
1.296237 1.775760 -1.689893
0.981196 1.843492 -1.741320
0.542479 2.033210 -1.829947
0.426675 2.029332 -1.854172
-3.160553 1.909214 -2.604568
-4.019667 1.909214 -2.430807
-4.019667 1.813407 -2.430807
-4.019667 1.566213 -2.430807
-3.621716 0.652553 -2.430807
-2.947591 0.404101 -2.604568
0.426675 0.099846 -1.854172
0.542479 0.090024 -1.829947
0.981853 0.054462 -1.741221
1.296229 0.027989 -1.689894
1.610605 0.001516 -1.638567
2.049977 -0.034062 -1.549841
2.190289 -0.031550 -1.514012
3.748036 -0.003665 -1.116241
3.952793 0.000000 -1.063957
4.438320 1.368476 -1.063957
4.364477 1.758175 -1.063957
3.567521 1.909214 2.870606
3.359463 1.922557 2.831046
1.729764 2.024066 2.530077
1.587191 2.033210 2.502967
1.271099 1.864771 2.425359
0.956398 1.787918 2.365707
0.641706 1.864813 2.306052
0.325594 2.033210 2.228449
0.215658 2.029332 2.211844
-3.189801 1.909214 1.697477
-4.620535 1.909214 1.360268
-4.620535 1.813407 1.360268
-4.620535 1.566213 1.360268
-4.020023 0.652553 1.360268
-3.189801 0.404101 1.697477
0.215658 0.099846 2.211844
0.325594 0.090024 2.228449
0.642597 0.058422 2.306205
0.956393 0.027986 2.365708
1.270190 -0.002451 2.425211
1.587191 -0.034062 2.502967
1.708184 -0.031550 2.530076
3.051460 -0.003665 2.831046
3.228027 0.000000 2.870606
3.713554 1.368476 2.870606
3.639710 1.758175 2.870606
-3.378588 0.587143 -2.641829
-3.444238 0.587143 -2.476553
-3.576692 0.587143 -1.908549
-3.757443 0.587143 -0.314774
-3.815079 0.587143 0.807153
-3.801449 0.587143 1.449045
-3.797120 0.587143 1.652959
-4.239533 1.544286 1.652959
-4.239533 1.807283 1.652959
-4.239533 1.909214 1.652959
-4.243864 1.909214 1.449045
-4.257493 1.909214 0.807153
-4.199858 1.909214 -0.314774
-4.019106 1.909214 -1.908549
-3.793487 1.909214 -2.476553
-3.727837 1.909214 -2.641829
-3.727837 1.807283 -2.641829
-3.727837 1.544286 -2.641829
-3.568946 0.801919 -2.558271
-3.686773 0.801919 -2.430807
-3.922267 0.801919 -1.992751
-4.120761 0.801919 -0.401418
-4.167113 0.801919 0.732215
-4.118196 0.801919 1.360268
-4.102656 0.801919 1.559785
-3.869446 0.743617 1.652959
-3.216841 0.580469 1.913694
0.211747 0.311866 2.392628
0.322430 0.303195 2.408089
0.635458 0.273945 2.480379
0.947905 0.248413 2.552535
1.260351 0.222881 2.624691
1.573380 0.193650 2.696980
1.695345 0.195867 2.721353
3.038700 0.220484 2.991943
3.216686 0.223720 3.027511
3.307401 0.223720 2.870606
3.592961 0.223720 2.376693
3.512363 0.223720 1.138180
4.003765 0.223720 -0.253625
4.032167 0.223720 -1.063957
4.040432 0.223720 -1.299744
3.829365 0.220484 -1.355580
2.234329 0.195867 -1.780366
2.089694 0.193650 -1.818628
1.638744 0.226446 -1.900882
1.324942 0.248425 -1.958121
1.011140 0.270405 -2.015359
0.560191 0.303195 -2.097614
0.441320 0.311866 -2.121945
-3.062769 0.580469 -2.875655
-3.435684 0.743617 -2.641829
-1.352370 1.974534 2.174139
-1.337908 1.974534 1.977190
-1.292382 1.974534 1.357223
-1.225480 1.974534 0.289857
-1.111188 1.974534 -1.271049
-1.209813 1.974534 -2.196502
-1.238511 1.974534 -2.465786
-1.238511 1.824130 -2.465786
-1.238511 1.436067 -2.465786
-1.157241 0.434402 -2.465786
-1.141358 0.238647 -2.465786
-1.112660 0.238647 -2.196502
-1.111188 0.238647 -1.271049
-1.225480 0.238647 0.289857
-1.292382 0.238647 1.357223
-1.337908 0.238647 1.977190
-1.352370 0.238647 2.174139
-1.352370 0.434402 2.174139
-1.352370 1.436067 2.174139
-1.352370 1.824130 2.174139
