-22.341699 9.407809 0.091344
-22.378296 8.370949 0.091342
-22.695451 7.809824 0.091341
-23.329767 7.419476 0.091341
-24.305637 7.334088 0.091341
-25.147321 7.724435 0.091341
-25.562067 8.675908 0.091343
-25.415686 9.529793 0.091344
-24.305637 9.700570 -0.157474
-24.598395 9.432206 -0.157474
-24.659389 8.968668 -0.157475
-24.500809 8.468536 -0.157476
-24.073866 8.248966 -0.157476
-23.561537 8.212370 -0.157476
-23.171188 8.468536 -0.157476
-22.927222 8.932073 -0.157475
-23.122395 9.493198 -0.157474
-23.476147 9.773760 -0.157474
-23.890891 9.846951 -0.157473
-30.989026 15.560660 0.091355
-32.369128 12.231217 0.091349
-33.887222 7.590676 0.091341
-34.491013 5.003014 0.091337
-34.508264 3.467667 0.091334
-33.938977 2.743122 0.091333
-32.334628 2.501606 0.091332
-26.055164 2.329114 0.091332
-19.416173 2.268899 0.091332
-16.049417 1.732169 0.091331
-12.780259 0.853886 0.091329
-8.779193 0.024398 0.091328
-0.923442 -0.000000 0.091328
10.079478 0.439142 0.091329
21.850908 2.500666 0.091332
24.383629 3.346538 0.091334
25.652255 3.517316 0.091334
26.554932 4.029647 0.091335
26.994077 3.883266 0.091335
30.068063 5.347069 0.091337
33.020062 7.250013 0.091340
34.044724 8.908990 0.091343
34.508264 9.226146 0.700303
34.337314 9.815676 0.700304
33.617609 10.535380 0.091346
32.910104 11.291679 0.091347
32.800323 11.791811 0.091348
32.434369 12.194360 0.091349
29.348187 13.841138 0.091352
28.396713 13.816742 0.091352
27.164673 14.133899 0.091352
26.420572 14.975586 0.091354
21.931583 16.390597 0.091356
21.285069 16.378400 0.091356
19.516307 16.854135 0.091357
18.930788 16.817541 0.091357
17.357196 17.305475 0.091357
13.624490 17.964188 0.091359
5.646753 18.818074 0.091360
-3.294650 18.610702 0.091360
-5.953893 18.513115 0.091360
-8.210597 18.293545 0.091359
-9.771986 17.805609 0.091358
-10.333112 17.171295 0.091357
-12.333650 16.573575 0.091356
-16.932431 15.975854 0.091355
-19.860043 15.841672 0.091355
-26.398364 15.914862 0.091355
-29.460162 15.780681 0.091355
-10.799760 9.431948 0.700303
-6.116510 9.476600 0.700303
-4.703769 9.490069 0.700303
-2.135701 9.514553 0.700303
7.867619 9.609928 0.700304
18.017377 9.706700 0.700304
20.376549 9.729193 0.700304
21.555721 9.740435 0.700304
23.178786 9.755909 0.700304
26.043045 9.783219 0.700304
26.902625 9.791414 0.700304
27.829572 9.800252 0.700304
32.217072 9.842083 0.700304
32.949350 9.849066 0.700304
32.972183 9.009858 0.700303
31.821848 9.015405 0.700303
27.721539 9.035175 0.700303
26.857239 9.039343 0.700303
25.852515 9.044187 0.700303
23.310272 9.056446 0.700303
21.583272 9.064773 0.700303
20.511012 9.069943 0.700303
18.371962 9.040174 0.700303
8.039714 8.896385 0.700302
-2.039068 8.756124 0.700302
-4.398329 8.723291 0.700302
-5.693826 8.705263 0.700302
-9.652078 8.650177 0.700302
-10.531635 8.183585 0.091342
-10.225103 6.756406 0.091340
-4.621007 6.747523 0.091340
-3.610650 6.745921 0.091340
-1.782578 6.743025 0.091340
8.563026 6.726629 0.091339
19.343875 7.213235 0.091340
20.875612 7.282373 0.091340
21.654510 7.317529 0.091340
23.620476 7.406266 0.091341
25.451556 7.488914 0.091341
26.767258 7.548300 0.091341
27.516364 7.582112 0.091341
31.216452 7.749120 0.091341
33.004291 7.829816 0.091341
33.980936 9.151895 0.700303
33.803238 9.828524 0.700304
-11.206317 11.324831 0.091347
-7.133604 11.332649 0.091347
-5.439050 11.335902 0.091347
-2.368512 11.341796 0.091347
7.445374 11.360635 0.091347
17.127615 11.379221 0.091347
20.038866 11.384809 0.091347
21.488559 11.387591 0.091347
22.871559 11.390247 0.091347
26.459122 11.397134 0.091347
26.999585 11.398170 0.091347
28.055490 11.400198 0.091347
-5.424056 8.212973 0.091342
-4.197854 8.220028 0.091342
-1.972394 8.232833 0.091342
8.185654 8.291280 0.091342
18.738066 8.351996 0.091342
20.655199 8.363026 0.091342
21.611661 8.368530 0.091342
23.437611 8.379036 0.091342
25.684366 8.391963 0.091342
26.818564 8.398489 0.091342
27.632300 8.403171 0.091342
31.539893 8.425655 0.091342
32.987851 8.433986 0.091342
-10.972930 10.238209 0.091345
-6.550014 10.267685 0.091346
-5.017598 10.277898 0.091346
-2.235321 10.296440 0.091346
7.686095 10.362561 0.091346
17.633200 10.428853 0.091346
20.230318 10.446162 0.091346
21.526598 10.454800 0.091346
23.045505 10.464923 0.091346
26.224252 10.486108 0.091346
26.944833 10.490910 0.091346
27.928024 10.497462 0.091346
32.545111 10.528233 0.091346
32.930801 10.530803 0.091346
-14.114871 9.459074 0.091344
10.079478 0.439143 -0.700303
21.850908 2.500667 -0.700299
24.383629 3.346539 -0.700298
25.652255 3.517317 -0.700297
26.554932 4.029648 -0.700297
26.994077 3.883267 -0.700297
30.068063 5.347071 -0.700294
34.044724 8.908991 -0.700288
34.508264 9.226148 -0.091328
34.337314 9.815678 -0.091327
33.617609 10.535382 -0.700285
32.434369 12.194361 -0.700283
29.348187 13.841140 -0.700279
28.396713 13.816742 -0.700280
27.164673 14.133901 -0.700279
26.420572 14.975588 -0.700278
19.516307 16.854136 -0.700275
13.624490 17.964188 -0.700273
-5.953893 18.513117 -0.700272
-8.210597 18.293546 -0.700272
-25.122926 10.054323 -0.700287
-24.598395 10.383679 -0.700286
-23.634726 10.493464 -0.700286
-22.939420 10.225100 -0.700287
-22.748976 9.996888 -0.700287
-22.341699 9.407811 -0.700288
-22.378296 8.370950 -0.700290
-22.695451 7.809826 -0.700291
-23.329767 7.419478 -0.700291
-24.305637 7.334089 -0.700292
-25.147321 7.724437 -0.700291
-25.562067 8.675909 -0.700289
-25.415686 9.529794 -0.700288
-24.305637 9.700570 -0.451468
-24.598395 9.432206 -0.451468
-24.659389 8.968669 -0.451469
-24.500809 8.468537 -0.451470
-24.073866 8.248966 -0.451470
-23.561537 8.212371 -0.451470
-23.171188 8.468537 -0.451470
-22.927222 8.932074 -0.451469
-23.122395 9.493199 -0.451468
-23.476147 9.773761 -0.451468
-23.890891 9.846951 -0.451468
-30.989026 15.560660 -0.700277
-32.369128 12.231218 -0.700283
-33.887222 7.590677 -0.700291
-34.491013 5.003014 -0.700295
-34.508264 3.467668 -0.700298
-33.938977 2.743123 -0.700299
-32.334628 2.501607 -0.700299
-26.055164 2.329115 -0.700299
-19.416173 2.268900 -0.700300
-16.049417 1.732169 -0.700300
-12.780259 0.853888 -0.700302
-8.779193 0.024399 -0.700303
-0.923442 0.000001 -0.700303
33.020062 7.250014 -0.700291
34.044724 8.908990 -0.024736
34.508264 9.226149 -0.700288
34.337314 9.815679 -0.700287
33.617609 10.535381 -0.024733
32.910104 11.291680 -0.700284
32.800323 11.791813 -0.700283
29.332776 13.688620 -0.700281
21.931583 16.390600 -0.700275
21.285069 16.378400 -0.700275
18.930788 16.817542 -0.700275
17.357196 17.305477 -0.700274
5.646753 18.818076 -0.700271
-3.294650 18.610703 -0.700272
-9.771986 17.805611 -0.700273
-10.333112 17.171296 -0.700274
-12.333650 16.573575 -0.700275
-16.932431 15.975856 -0.700276
-19.860043 15.841674 -0.700276
-26.398364 15.914864 -0.700276
-29.460162 15.780683 -0.700277
32.930829 10.529916 -0.024733
32.544443 10.526843 -0.024733
27.926984 10.490105 -0.024733
26.944318 10.482288 -0.024733
26.221786 10.476540 -0.024733
23.048067 10.451290 -0.024733
21.527228 10.439190 -0.024733
20.233836 10.428901 -0.024733
17.644139 10.408297 -0.024733
7.694158 10.329134 -0.024733
-2.229427 10.250183 -0.024733
-4.997785 10.228158 -0.024733
-6.521709 10.216033 -0.024733
-10.960583 10.180718 -0.024733
-10.670069 8.828121 -0.024736
-5.766007 8.836990 -0.024736
-4.444571 8.839381 -0.024736
-2.050227 8.843711 -0.024736
8.048015 8.861974 -0.024736
18.456750 8.880798 -0.024736
20.548822 8.884582 -0.024736
21.590536 8.886466 -0.024736
23.341629 8.889633 -0.024736
25.813821 8.894104 -0.024736
26.848590 8.895976 -0.024736
27.702103 8.897519 -0.024736
31.769000 8.904874 -0.024736
32.974979 8.907056 -0.024736
28.032349 11.236319 -0.700285
26.989105 11.224479 -0.700285
26.412924 11.217939 -0.700285
22.911420 11.178199 -0.700285
21.497749 11.162154 -0.700285
20.087543 11.146150 -0.700285
17.268633 11.114156 -0.700285
7.531477 11.003643 -0.700285
-2.311193 10.891934 -0.700285
-5.248915 10.858592 -0.700286
-6.863780 10.840264 -0.700286
-11.091934 10.792276 -0.700286
33.862317 8.613668 -0.700289
32.983087 8.609096 -0.700289
31.624216 8.602031 -0.700289
27.657468 8.581408 -0.700289
26.829349 8.577102 -0.700289
25.730627 8.571390 -0.700289
23.403725 8.559292 -0.700289
21.604257 8.549937 -0.700289
20.618124 8.544810 -0.700289
18.640961 8.534530 -0.700290
8.140157 8.479936 -0.700290
-1.997164 8.427231 -0.700290
-4.275673 8.415385 -0.700290
-5.531396 8.408857 -0.700290
-10.574387 8.382637 -0.700290
-14.294038 8.743447 -0.700289
-13.634641 11.377199 -0.700285
-21.523979 8.410314 -0.700290
