17.384418 2.266314 0.000000
17.132401 2.278041 0.212532
16.321686 0.919194 0.000000
15.945651 4.463777 0.000000
16.045685 0.903809 0.277565
15.788022 4.336284 0.212410
15.782735 2.342837 0.394958
13.763778 6.381502 0.213199
15.490855 0.841590 0.416409
14.931863 3.644782 0.391593
13.001163 5.596107 0.395928
13.903663 6.525612 0.000000
-0.155254 -0.045051 0.908124
11.051057 7.416260 0.397452
11.774001 8.238427 0.213342
11.906533 8.389167 0.000000
9.221199 8.932117 0.400031
9.848845 9.832776 0.213482
7.152268 10.132480 0.402800
9.963842 9.997823 0.000000
4.848177 11.022758 0.405036
7.626556 11.121690 0.213783
2.381802 11.570389 0.406503
7.713321 11.302703 0.000000
5.165396 12.072341 0.214039
1.690897 11.780146 0.378651
2.042329 11.023979 0.430825
1.675583 10.138576 0.469634
0.790179 9.771830 0.488128
-0.095225 10.138576 0.475473
0.084825 9.841793 0.487483
0.451572 8.956389 0.523872
0.084825 8.070986 0.562681
2.540600 12.654949 0.214225
0.856097 12.132340 0.327662
-0.162935 11.750909 0.407099
-1.791457 11.883300 0.366247
-1.464113 11.105827 0.431034
-1.830860 10.220424 0.467418
-0.800579 7.704240 0.576971
-1.685983 8.070986 0.558480
-2.052729 8.956389 0.519678
-1.685983 9.841793 0.483294
-0.800579 10.208540 0.470642
-0.461972 11.023979 0.437136
5.223350 12.264151 0.000000
-0.167345 12.851243 0.214322
-2.875290 12.654953 0.214225
-2.855428 12.205787 0.314791
-3.969239 11.233709 0.410781
-5.161005 11.027659 0.405295
-2.716264 9.853678 0.478979
-3.601667 10.220424 0.455409
2.569584 12.852962 0.000000
-5.500087 12.072349 0.214039
-3.643548 11.790789 0.341113
-7.470168 10.025647 0.402926
-0.167344 13.051242 0.000000
-2.904272 12.852965 0.000000
-5.558041 12.264159 0.000000
-7.982266 10.995609 0.213783
-9.512031 8.738716 0.400541
-8.069029 11.176620 0.000000
-10.162450 9.621860 0.213482
-11.251617 7.251091 0.398049
-10.277449 9.786908 0.000000
-11.993937 8.056046 0.213168
-12.867174 5.644433 0.396502
-12.135772 8.199346 0.000000
-13.664998 6.394520 0.213218
-14.603059 3.668115 0.393234
-13.817070 6.525626 0.000000
-15.469893 4.340195 0.212770
-15.664289 2.109991 0.389698
-15.629260 4.463791 0.000000
-16.591051 2.694855 0.212508
-15.994489 0.864520 0.388544
-16.761641 2.802526 0.000000
-17.307095 1.323336 0.212508
-17.384418 1.580391 0.000000
1.242747 11.482710 0.000000
1.387313 11.010357 0.000000
1.216196 10.597241 0.000000
0.747433 10.420755 0.000000
0.300127 10.597300 0.000000
-0.800635 9.559600 0.000000
-0.374541 9.383152 0.000000
-0.197776 8.956450 0.000000
-0.374540 8.529687 0.000000
0.799676 11.662861 0.000000
-2.089900 11.635695 0.000000
-1.873759 11.141356 0.000000
-2.084670 10.679064 0.000000
-0.800525 8.353201 0.000000
-1.226599 8.529692 0.000000
-1.403386 8.956501 0.000000
-1.226644 9.383175 0.000000
0.123344 11.024359 0.000000
0.296634 11.497629 0.000000
-2.590263 11.792038 0.000000
-2.510593 10.502674 0.000000
-2.965058 10.673137 0.000000
-3.134167 11.141356 0.000000
-2.997360 11.587921 0.000000
17.132401 2.278041 -0.212532
16.045685 0.903809 -0.277565
15.788022 4.336284 -0.212410
15.782735 2.342837 -0.394958
13.763778 6.381502 -0.213199
15.490855 0.841590 -0.416409
14.931863 3.644782 -0.391593
13.001163 5.596107 -0.395928
-0.155254 -0.045051 -0.908124
11.051057 7.416260 -0.397452
11.774001 8.238427 -0.213342
9.221199 8.932117 -0.400031
9.848845 9.832776 -0.213482
7.152268 10.132480 -0.402801
4.848177 11.022758 -0.405036
7.626556 11.121690 -0.213783
2.381802 11.570389 -0.406503
5.165396 12.072341 -0.214039
1.690897 11.780146 -0.378651
2.042329 11.023979 -0.430825
1.675583 10.138576 -0.469634
0.790179 9.771830 -0.488128
-0.095225 10.138576 -0.475472
0.084825 9.841793 -0.487483
0.451572 8.956389 -0.523872
0.084825 8.070986 -0.562681
2.540600 12.654949 -0.214225
0.856097 12.132340 -0.327662
-0.162935 11.750909 -0.407099
-1.791457 11.883300 -0.366247
-1.464113 11.105827 -0.431034
-1.830860 10.220424 -0.467418
-0.800579 7.704240 -0.576971
-1.685983 8.070986 -0.558480
-2.052729 8.956389 -0.519678
-1.685983 9.841793 -0.483294
-0.800579 10.208540 -0.470642
-0.461972 11.023979 -0.437136
-0.167345 12.851243 -0.214322
-2.875290 12.654953 -0.214225
-2.855428 12.205787 -0.314791
-3.969239 11.233709 -0.410781
-5.161005 11.027659 -0.405295
-2.716264 9.853678 -0.478979
-3.601667 10.220424 -0.455409
-5.500087 12.072349 -0.214039
-3.643548 11.790789 -0.341113
-7.470168 10.025647 -0.402927
-7.982266 10.995609 -0.213783
-9.512031 8.738716 -0.400541
-10.162450 9.621860 -0.213482
-11.251617 7.251091 -0.398049
-11.993937 8.056046 -0.213168
-12.867174 5.644433 -0.396502
-13.664998 6.394520 -0.213218
-14.603059 3.668115 -0.393234
-15.469893 4.340195 -0.212770
-15.664289 2.109991 -0.389698
-16.591051 2.694855 -0.212508
-15.994489 0.864520 -0.388544
-17.307095 1.323336 -0.212508
-0.800635 9.559600 0.000000
-0.374541 9.383152 0.000000
-0.374540 8.529687 0.000000
-0.800525 8.353201 0.000000
-1.226599 8.529692 0.000000
-1.226644 9.383175 0.000000
