0.5400 -26.5460 6.3966
0.5551 -25.6863 4.6848
0.5511 -27.5495 4.9986
0.5869 -27.5815 6.5565
1.1154 -20.7132 -0.0277
1.1061 -22.1420 -1.4873
0.9838 -20.8124 -1.4166
0.5060 -28.1455 5.6000
1.1104 -29.5212 4.8549
1.2265 -28.0132 4.2907
1.2167 -26.9294 5.4646
0.5492 -26.6915 4.7577
1.1033 -24.0158 -0.6071
1.2779 -31.7426 7.9370
1.2096 -30.4614 8.4105
1.3859 -31.9362 8.7846
1.1022 -22.5451 0.2365
1.1021 -28.5900 6.2985
0.7104 -32.8171 9.1886
0.7159 -31.4133 8.9168
0.6874 -31.2823 7.1874
0.6444 -32.8857 6.9489
1.2682 -30.4403 7.2959
1.4312 -33.0542 7.4282
1.3837 -32.5723 6.1766
0.5368 -22.8701 2.6237
0.4942 -23.7922 2.4894
0.5554 -24.5967 3.2712
1.5066 -32.8466 8.9665
1.1779 -25.6575 5.3397
1.2451 -25.8800 4.3037
1.3540 -24.6677 4.7384
0.4424 -12.6030 3.2623
0.4531 -14.7564 2.6716
0.3783 -14.0376 5.3513
1.2633 -30.8912 6.1377
1.0876 -30.2476 5.6078
1.2174 -21.2872 3.0736
1.1758 -19.7382 1.1298
1.1474 -18.1369 1.7581
1.1802 -25.4784 2.9483
1.0995 -24.9564 2.6860
1.2453 -24.4295 3.5133
1.3106 -23.6881 5.0716
1.3398 -31.4112 9.3758
1.4137 -33.5250 7.1188
1.5066 -33.4236 6.2179
0.6190 -24.5068 9.2497
0.5329 -24.3866 7.4872
0.6228 -25.7549 9.5930
0.6219 -25.7699 8.0241
1.6400 -33.1524 8.0495
1.7145 -33.6409 8.2094
0.5911 -23.1691 7.5334
1.1425 -25.1213 5.9521
1.2924 -21.1380 6.9133
1.1961 -19.7337 4.9454
0.5558 -22.0409 6.2511
0.5974 -24.3214 6.5663
0.5974 -22.3248 8.3002
1.2169 -27.0567 2.8807
1.0851 -18.6333 2.6219
1.0859 -17.4554 4.6185
0.5994 -30.5755 3.1463
0.5299 -32.0709 3.7837
0.5814 -31.6823 4.9361
0.5392 -19.6193 4.3263
1.2823 -31.9469 4.8991
1.3173 -23.2952 2.7840
1.2207 -22.1619 2.2159
1.0996 -31.4545 4.5681
0.6020 -30.8266 5.8537
0.5797 -28.7047 4.0008
0.5158 -20.7929 1.2181
0.5437 -19.7042 6.7068
1.1246 -22.5601 1.2720
1.1354 -31.6795 3.4089
1.1885 -32.2292 3.6796
1.2211 -30.1107 3.8672
0.6371 -32.5157 2.9917
0.4946 -32.1411 0.4183
0.7297 -32.7476 1.0234
0.5277 -31.3582 1.1380
0.8964 -32.9869 2.3817
0.8235 -33.2692 4.6176
0.7417 -33.1507 5.6681
0.4939 -16.9587 1.8016
0.4774 -18.1022 1.4757
0.4706 -18.8960 2.8093
0.3795 -18.9314 0.9462
0.4813 -19.6656 1.4713
0.8680 -32.9134 1.1877
0.6455 -32.6166 -0.6969
1.3893 -23.8998 6.5222
0.5259 -31.3814 -0.6401
1.4907 -32.9413 4.9763
1.3439 -32.5755 3.3473
1.4012 -33.1401 4.2758
1.0552 -31.8202 1.5547
0.9631 -32.0004 -0.0701
1.0208 -30.9565 1.0102
0.9995 -30.9947 -0.1471
1.1315 -32.3437 1.4442
0.3245 -18.2527 1.0163
0.8364 -32.9025 -0.9423
1.3840 -32.7186 2.6301
0.9982 -18.7521 -0.6796
1.0859 -17.9627 0.2171
0.9289 -32.8424 0.2107
0.5675 -28.0915 2.0825
0.5417 -29.3779 0.7620
1.0391 -32.3639 -0.9176
1.1889 -32.7714 0.9939
1.1893 -32.6374 -0.5982
0.4846 -28.1454 -0.2147
0.4688 -27.5697 -1.7454
0.4609 -28.4326 -1.4941
0.5046 -23.3882 -2.3501
0.4425 -24.9073 -2.1045
0.3995 -23.8816 -1.2986
0.3483 -25.8076 -2.5674
0.4168 -25.3506 -3.3050
0.4188 -25.6993 -0.9706
0.4638 -26.0042 0.0040
0.3616 -26.7135 -1.8634
1.0789 -28.5921 1.6579
1.1098 -29.8705 2.6183
0.4641 -15.9955 4.4079
0.9903 -29.6807 -0.4556
0.3985 -27.5786 -2.6911
1.2771 -29.4829 3.5495
0.4333 -27.0165 -3.4841
0.4047 -26.4020 -2.3267
1.2221 -31.1894 2.7339
1.0064 -26.6808 -1.6388
1.0843 -25.8583 -3.3475
1.1157 -25.3786 -1.9770
0.2976 -26.8157 -2.7022
0.7664 -34.1969 12.7243
0.7602 -34.3316 13.4866
0.7363 -33.5935 12.9190
0.6212 -34.5961 13.8657
0.6272 -34.9331 13.6250
0.6881 -35.3387 14.6320
0.7695 -35.0910 13.1101
0.8852 -35.7663 14.0310
1.0140 -27.9826 -1.3237
0.9659 -27.0235 -2.8912
1.1571 -32.9233 2.3428
0.4589 -29.6766 -5.2425
0.4703 -30.6969 -4.6777
0.4152 -28.8136 -3.7744
1.0737 -14.8863 2.6435
1.0545 -16.1980 2.4161
1.1262 -14.5480 0.8361
0.4264 -32.4753 -4.3251
0.4961 -32.4341 -2.1591
0.4275 -30.8430 -3.3884
0.5597 -33.0485 -4.0251
0.6125 -32.8796 -3.1589
0.3815 -23.3619 0.5376
0.1963 -23.4775 0.3326
0.3267 -24.1856 0.4267
0.5200 -25.0866 1.0934
0.4790 -16.9343 0.8354
0.4328 -12.9711 1.3625
0.3991 -32.6212 -6.4833
0.7812 -32.2343 11.9874
0.7717 -33.3530 11.7108
0.3674 -17.8429 0.5478
0.6381 -34.2438 11.9385
0.6932 -33.9395 11.0258
0.4467 -24.4797 -0.4119
0.3788 -25.4674 0.6082
0.5185 -25.0420 2.2213
1.2676 -24.1347 2.4133
1.0672 -24.2203 0.8393
1.0105 -15.3791 4.7137
0.5268 -26.3340 2.3575
1.1875 -25.7511 1.5671
1.0246 -25.3337 0.9640
1.5018 -33.3694 10.9039
1.3284 -32.5838 10.5431
1.2847 -32.5950 11.3804
1.4340 -32.8542 11.9713
0.7668 -33.8851 9.2485
0.7394 -34.5335 11.4312
0.9139 -34.3787 9.7758
0.4655 -21.8886 0.7109
0.4668 -29.6737 -1.0961
1.1066 -16.1569 0.8195
1.0149 -35.0051 12.1186
0.5415 -30.1036 -1.6734
1.0961 -24.7712 0.2797
1.1802 -25.2299 -0.5588
0.4575 -26.7463 0.7964
0.1621 -19.2629 0.6512
0.3219 -20.4087 0.8335
0.1609 -19.9798 0.7325
0.2604 -21.3485 0.2317
0.7332 -33.0282 -2.3929
0.0762 -18.6097 0.6204
1.4636 -34.0404 12.4645
1.3674 -35.1487 12.7550
1.4456 -34.0552 10.4143
0.2206 -18.8900 0.0515
0.4104 -30.9315 -1.8286
0.2429 -18.0476 -0.0289
0.5085 -31.7341 -2.0192
0.2582 -20.3582 -0.0312
0.2854 -19.7021 0.1321
0.4716 -20.5299 -0.3950
0.4919 -18.3579 -0.6261
1.0953 -26.2621 0.2655
1.0437 -27.4620 1.0825
0.5777 -30.0714 9.6023
0.6742 -29.8146 8.7935
0.7012 -30.4006 10.0642
0.6056 -30.0073 11.1273
0.6633 -29.3037 11.6701
0.5159 -29.9002 10.4809
0.1817 -23.0901 -0.0062
0.3512 -22.4007 0.2357
0.7892 -31.3812 12.2763
0.2849 -23.3069 -0.3767
0.5161 -21.7677 -0.4130
0.4778 -22.8990 -0.7056
0.4731 -21.7391 -1.8182
1.0974 -32.6772 -1.9026
1.0175 -32.7481 -4.3107
1.1509 -32.8823 -2.7774
1.0322 -32.8814 -1.7263
1.1948 -27.2034 1.6871
0.5561 -29.4270 9.8375
0.7040 -28.7813 10.1507
0.9215 -31.9190 -3.5469
0.2905 -23.9863 -0.0633
0.9844 -24.1656 -0.3125
1.2166 -32.8154 -0.8053
1.2810 -31.5552 11.5328
1.2403 -26.8787 10.9375
0.9853 -30.9660 -2.2776
0.6157 -27.0182 8.9884
0.4455 -22.8370 -2.3485
0.4919 -29.0893 -2.9079
1.0821 -23.8573 -1.7306
1.0664 -23.7730 -3.2939
0.6885 -27.6488 9.2273
0.6151 -28.0983 7.4966
1.1936 -28.0774 8.1117
1.1803 -26.1865 8.3407
0.3463 -28.9310 -4.8214
0.6567 -28.6326 8.4389
0.5782 -29.4676 8.1474
0.6141 -30.0527 7.3691
0.6138 -29.0636 7.1623
0.4843 -28.3698 6.9973
0.9387 -28.1456 -3.9075
0.9301 -29.9936 -5.6430
0.8618 -33.3440 -4.0888
0.5174 -28.9368 6.1276
0.4955 -33.2323 -5.5171
0.6599 -33.4833 -4.3820
0.5250 -28.3475 4.4776
0.3833 -27.5122 4.4683
0.8769 -33.7192 6.9578
0.6777 -33.8419 -6.0210
0.4995 -27.0244 4.0351
0.9097 -31.2244 -8.3041
0.8806 -32.7320 -6.0316
1.1209 -33.2371 -5.6780
1.1216 -33.3192 -4.7492
1.1267 -33.7648 -6.8182
0.5247 -27.3322 3.0735
1.1295 -33.0124 -3.4679
1.2288 -31.5808 10.0031
1.5161 -32.7910 10.1908
1.6491 -33.4732 9.7476
1.1328 -26.4745 6.5424
1.3256 -24.0173 7.7950
1.2005 -24.7179 8.6628
1.3085 -25.2625 7.3684
1.7189 -33.2745 8.9974
1.4967 -34.0102 9.2793
1.4585 -33.9420 8.4461
1.2298 -25.3789 6.6865
0.3545 10.7820 -9.3031
0.3693 9.1505 -9.4797
0.3727 10.3165 -8.2587
0.2590 8.2212 -7.8285
0.2488 5.4489 -17.4574
0.3107 5.9551 -18.0885
0.1071 5.3101 -18.1407
0.3505 4.7226 -18.0024
0.4021 11.7902 -9.9527
0.3600 11.0426 -11.2107
0.3114 6.5712 -17.5379
0.4130 2.3647 -18.4616
0.3529 3.3403 -18.8767
0.3073 2.3691 -18.9882
0.2472 1.8332 -4.9442
0.3085 1.1224 -4.0529
0.3264 2.6206 -4.0773
0.3524 2.6815 -5.5088
1.0689 8.8725 -13.7500
1.0176 8.7966 -14.7643
1.1274 9.7886 -14.6448
1.1174 9.6919 -13.3305
1.0488 8.5090 -11.6945
1.1497 7.1163 -14.8251
0.4224 2.9132 -17.6479
0.4064 2.6721 -16.4932
0.3457 4.4145 -16.8489
1.0544 6.3035 -14.7663
0.4332 4.3197 -17.4404
0.3930 9.8728 -11.9463
0.4496 8.2161 -9.4667
0.2427 -0.1900 -4.1157
0.1975 -0.2664 -4.9419
0.2670 -1.1255 -4.6523
0.4018 6.0283 -14.5886
0.3472 5.8714 -15.5016
0.3775 4.0349 -12.7901
0.3914 3.6267 -14.4692
0.3006 3.5619 -13.5854
0.2127 0.7725 -5.3402
0.4236 3.9251 -18.6084
0.2773 1.4578 -6.4967
0.4368 5.4414 -15.8227
0.3541 0.6801 -6.1515
0.2798 -0.0983 -5.9643
0.3765 -0.8628 -5.7024
0.4294 4.8756 -12.1341
0.4786 8.1911 -11.5650
0.4424 6.8803 -10.3380
0.4350 8.2437 -10.6141
0.4694 6.3673 -12.1648
0.3547 4.6717 -10.9799
0.3827 7.8117 -19.0015
0.2867 8.1593 -18.4225
0.3580 9.0933 -19.2397
0.3109 7.5850 -8.5778
0.4256 6.6720 -8.2151
0.5636 9.2932 -19.7238
0.4549 9.0345 -20.0464
0.7233 9.0617 -20.2466
0.4840 7.4596 -13.2801
0.3845 8.6166 -20.5807
0.3903 8.8987 -20.5115
1.0266 8.5203 -20.4848
0.9106 8.6572 -20.7159
0.7341 8.6830 -21.0625
0.4363 8.5831 -21.0933
0.3087 5.3996 -6.5996
0.2374 4.1890 -7.2604
0.3804 3.8893 -6.4981
0.3574 4.8061 -5.4555
0.2965 3.2765 -7.5904
0.3635 2.4837 -7.2029
0.3060 5.4190 -18.9470
0.1775 4.8760 -18.6708
1.1237 4.5770 -7.1352
0.9967 4.2938 -6.7419
1.2036 3.9479 -7.3637
0.3931 6.4122 -18.9971
1.0032 3.2917 -6.3464
1.0642 0.4999 -8.0359
1.1575 2.1639 -8.0932
0.3878 2.2692 -15.1216
0.3653 1.3257 -13.3179
0.3988 7.0349 -19.8460
0.2686 1.6520 -7.9342
0.3911 0.5338 -7.2916
0.3803 6.1009 -20.4395
0.3774 5.2262 -19.7493
0.3925 2.1819 -8.8457
0.3193 6.8395 -20.3552
0.3127 0.5723 -8.5552
0.3608 -1.6514 -7.9708
0.2726 4.0135 -19.4197
0.3952 3.7707 -19.7546
0.4216 2.3287 -19.4021
0.2359 4.6497 -19.8508
0.4581 3.2990 -20.2768
0.3555 4.9885 -20.8425
0.2027 4.9789 -20.4319
0.5287 4.2681 -21.0265
0.5085 3.5040 -21.2859
0.3900 3.7393 -20.7807
0.3393 3.9027 -10.8393
1.0514 2.9807 -18.4700
1.0245 4.0859 -19.2499
1.0166 5.6406 -19.0188
1.1718 3.7701 -19.9557
0.3468 2.7424 -12.6386
1.0276 3.3008 -11.0856
1.0578 3.1081 -16.8142
0.4229 3.2114 -11.6645
0.3938 0.9688 -11.5279
0.4501 7.1858 -15.7221
0.9938 -2.2418 -8.4312
0.3644 3.0071 -9.7054
1.0032 6.1409 -20.2420
1.0457 4.7412 -20.2273
0.3882 5.3170 -16.5723
0.3444 6.8302 -16.9023
0.3925 7.5172 -17.3533
1.1964 5.3647 -20.9214
1.0130 0.0092 -11.9084
1.0286 0.0774 -13.8250
0.5076 6.9792 -21.3892
0.4367 6.1843 -21.2365
0.3550 5.9616 -7.1525
0.3907 5.8238 -8.5841
0.6369 6.1728 -21.6634
0.3866 4.6636 -7.8286
1.0080 7.3271 -16.4212
1.0309 6.9347 -17.7153
1.0628 8.6021 -16.3719
0.6489 7.8313 -21.8550
0.6452 7.5208 -21.5669
0.4994 8.0458 -21.5012
1.0960 6.5989 -16.0095
0.7153 7.0687 -21.6303
0.3885 7.5423 -7.3450
0.9411 6.1031 -21.4666
0.4319 7.8969 -20.7788
1.0165 5.6753 -7.8536
1.0785 7.6141 -10.1553
1.0616 6.9903 -8.1702
1.1212 7.4102 -20.7457
1.0432 7.8411 -19.9327
1.1435 7.5380 -15.4904
1.0986 6.4516 -19.1936
1.1806 5.9705 -20.6747
1.1121 7.2461 -21.2456
0.6560 8.3951 -21.4747
0.9945 8.2178 -21.3734
0.9395 7.9482 -21.7973
0.4043 4.2053 -9.6968
0.9655 7.4821 -21.6035
1.0323 6.6851 -21.3654
0.4924 5.3945 -21.4874
1.0601 4.6042 -7.7382
1.0088 5.7396 -10.2579
1.0757 3.3763 -8.2806
0.7102 5.3392 -21.6723
1.1474 5.0933 -21.3304
0.9953 4.6022 -21.5073
0.7270 4.2464 -21.4603
0.9853 2.9428 -21.2951
1.2406 3.6075 -20.7702
1.1646 2.9279 -21.0305
0.3047 8.5857 -16.9054
0.4076 9.0749 -16.4069
0.2902 9.2412 -17.5759
0.6287 9.9259 -17.4624
0.4061 9.6954 -17.8926
0.4819 9.7608 -17.1148
0.3587 8.1496 -17.1602
0.1771 8.0742 -17.8745
0.1166 8.6196 -17.7861
0.3244 9.1140 -18.3587
0.4268 7.3308 -12.4016
0.3700 -1.9010 -9.5755
0.4108 -1.0501 -12.0022
0.5543 9.4959 -18.7243
0.8008 9.7083 -18.0013
0.9746 -0.3762 -9.7277
1.0641 -1.6048 -9.7321
1.1199 8.5795 -17.3055
1.0650 8.1228 -17.9692
1.1730 9.1981 -17.5779
1.1122 8.7279 -18.8168
1.0842 9.3541 -18.3073
0.8259 9.2386 -19.2407
0.4209 9.8062 -16.2869
0.6008 10.0301 -16.7965
0.4104 9.8107 -13.8450
0.4694 10.4679 -15.1729
0.3802 8.8783 -15.1664
0.8395 10.1213 -16.5338
0.5823 10.1550 -16.0477
0.4579 9.8966 -15.6760
0.7468 10.3329 -15.9132
0.9307 9.8817 -17.0619
0.8886 10.4243 -15.1606
0.7012 10.6289 -14.8086
1.0185 10.1304 -15.8947
1.1088 9.6292 -17.0462
1.1517 9.7999 -15.7058
0.3296 8.5585 -14.6088
0.4283 8.3980 -13.9125
0.9688 8.7397 -19.6704
1.0945 8.5294 -15.6404
0.3457 11.0616 -12.8606
0.3064 10.4831 -13.3322
0.4533 11.4957 -11.7008
0.3484 11.5646 -10.6812
1.0018 11.6097 -10.3346
1.0149 11.0720 -11.7668
0.6772 11.6876 -11.2785
1.1432 10.8519 -11.3144
1.2358 10.8320 -10.1876
1.0701 10.0478 -11.9226
1.0761 10.1362 -10.3151
0.8241 11.3785 -11.8388
0.6150 11.1652 -12.9440
0.8656 10.8054 -13.2032
1.1346 10.3672 -12.6807
0.5704 12.0401 -10.3481
0.6603 11.8628 -10.7203
0.5075 10.9929 -13.6901
0.3844 10.7386 -13.9287
0.4734 10.7214 -14.3324
0.8348 10.6770 -14.1972
1.0969 10.3527 -14.0331
0.2838 -8.0347 -11.3328
0.1520 -8.8151 -10.5930
0.1573 -7.4817 -10.7444
0.2313 -7.5658 -10.2840
0.4072 -27.7325 -4.8222
0.2273 -27.6638 -5.2991
0.2747 -27.8344 -5.8162
0.1789 -9.8182 -11.4107
0.3143 -9.9776 -10.9651
0.2149 -9.0488 -10.9661
0.4183 -28.3970 -5.0245
0.4160 -34.7047 -9.3554
0.5109 -34.3702 -8.4885
0.3477 -33.6265 -8.8196
0.2822 -9.6564 -11.8959
0.7189 -34.7900 -9.1343
0.3228 -34.2447 -9.9303
0.3565 -9.5747 -9.8603
0.2224 -28.5821 -5.9424
0.2988 -29.1503 -5.9160
0.2394 -8.4825 -9.4871
0.2892 -26.9808 -5.5624
0.4038 -26.7926 -6.2724
0.5397 -33.9474 -7.2574
0.3837 -27.7115 -7.2639
0.3344 -5.6277 -10.7337
0.2870 -7.8320 -12.5737
0.3402 -5.2282 -12.5574
0.4180 -29.2122 -6.8182
0.2530 -28.5166 -7.2495
0.3103 -33.0432 -10.3489
0.1590 -33.6069 -10.7040
0.3678 -29.6339 -7.9705
0.2419 -9.5286 -13.7513
0.2961 -33.3186 -11.4121
0.4052 -30.7687 -6.6287
0.8955 -11.0171 -12.7982
0.8749 -10.3717 -13.7592
0.9038 -7.6436 -13.6866
0.4284 -30.7067 -7.7890
0.3816 -32.4459 -9.0480
0.3707 -31.4002 -10.2860
0.3361 -30.9541 -8.9060
1.0540 -8.0577 -11.4821
0.9199 -6.0619 -11.3329
0.3703 0.1478 -14.8090
0.3585 -0.2471 -15.4889
0.3785 -3.4787 -13.0480
0.3612 -3.2509 -16.4033
0.3585 -5.1082 -14.6413
0.8649 -32.3801 -8.4654
0.9324 -33.5192 -8.3411
0.8545 -34.0204 -9.8849
0.0997 -17.8925 -22.0352
0.0953 -18.0484 -21.1654
0.0425 -16.9254 -21.6705
0.1694 -17.2642 -21.1188
0.3899 -1.5893 -16.7792
0.9639 -2.1290 -14.5598
0.9810 -2.8370 -16.8802
0.2568 -31.1294 -11.4279
0.2544 -15.9861 -18.4564
0.2186 -18.0545 -18.9994
0.2438 -19.6606 -18.1683
0.8519 -32.6426 -10.8677
0.2622 -29.1184 -7.9117
0.3624 -28.6025 -8.6561
0.4034 -26.4988 -7.6824
0.4039 -25.3780 -8.4362
0.3322 -34.9131 -10.6384
0.5170 -35.2683 -10.1619
0.2598 -34.2926 -10.9778
0.3370 -27.8856 -11.4652
0.8100 -16.4552 -16.6066
0.8472 -17.9759 -18.2887
0.8569 -16.4158 -18.2300
0.4758 -35.4400 -11.1074
0.6847 -35.4569 -10.7447
0.6019 -35.8120 -11.1974
0.7951 -36.0125 -11.3286
0.9442 -35.3323 -10.8347
0.2915 -34.7107 -12.1598
0.3165 -33.9174 -12.0397
0.3314 -7.1383 -13.7438
0.8713 -34.3451 -10.6708
0.9785 -35.1418 -11.3251
0.9785 -33.5498 -11.4654
0.2396 -17.8387 -17.1133
0.9894 -34.9522 -12.3240
0.5011 -35.4495 -11.8123
0.5728 -36.1301 -12.2850
0.7160 -36.1291 -11.7926
0.3446 -35.4936 -12.6004
0.9621 -36.0942 -11.7846
0.2963 -14.6737 -20.3884
0.2972 -16.3022 -20.2024
0.2260 -14.0586 -21.1886
0.1629 -14.5727 -20.8919
0.8690 -26.4052 -11.5863
0.9208 -25.2882 -7.8655
0.9087 -26.9387 -7.0488
1.0144 -34.7712 -10.1077
1.0468 -34.1623 -9.1723
0.9729 -34.9027 -9.8975
0.8514 -28.4892 -11.1115
0.8651 -29.2038 -8.5647
0.2489 -29.2200 -9.3088
0.3468 -30.5287 -9.6227
0.3256 -11.4015 -19.3803
0.2921 -12.4762 -20.4593
0.2522 -14.1240 -17.6346
0.3018 -7.7908 -15.2185
0.6045 -36.5822 -12.7406
0.8143 -36.5309 -12.4549
0.4698 -36.5106 -13.2339
0.7793 -36.9038 -13.2211
0.9689 -36.5773 -12.8448
0.9630 -35.9828 -12.5813
0.8429 -15.6697 -19.5647
0.8069 -16.0199 -20.4009
0.8258 -13.4509 -20.1166
0.3406 -29.5896 -9.5134
0.8337 -13.5672 -18.0831
0.3535 -30.0094 -10.9144
0.2471 -18.6270 -20.4833
0.7740 -18.6401 -20.7325
0.8869 -16.2841 -20.9277
0.7817 -18.3690 -19.6048
0.2566 -34.8162 -13.5755
0.1367 -16.1078 -21.5362
0.1600 -15.7501 -21.0663
0.4011 -26.9724 -4.6451
0.8377 -35.6323 -13.7592
0.8433 -34.4322 -14.8142
0.8190 -33.2333 -13.3305
0.2942 -34.2195 -15.0465
0.1323 -34.4106 -14.2845
0.2543 -33.6420 -14.3381
0.3052 -33.1688 -13.5083
0.2671 -35.0668 -14.2203
0.2213 -35.7422 -14.5507
0.3015 -35.4976 -15.1058
0.9158 -16.9937 -19.2480
0.2940 -7.8261 -16.9066
0.3081 -4.4950 -16.6526
0.2894 -32.2105 -15.3729
0.2677 -31.6309 -14.1392
0.3703 -5.8315 -17.7180
0.3856 -22.3500 -8.2668
0.3938 -24.0962 -6.5212
0.2758 -29.7356 -15.4952
0.2371 -31.4576 -17.1974
0.2690 -6.2101 -0.0891
0.0921 -6.4549 -0.2965
0.2468 -7.0879 -0.3949
0.2935 -7.3688 0.1343
0.2682 -29.0152 -13.7107
0.1784 -5.7055 -0.4431
0.3175 -5.4327 -0.8164
0.3705 -19.7478 -9.0715
0.3099 -21.2891 -11.2630
0.3954 -7.1932 -1.1049
0.3414 -25.1421 -10.7031
0.2523 -33.0554 -16.9064
0.3795 -12.2115 0.4276
0.0925 -11.2254 0.0015
0.1118 -12.0376 -0.1630
0.1939 -12.8208 0.0465
0.9356 -21.6134 -11.2117
0.9818 -22.6770 -7.6378
0.9743 -23.7473 -8.9278
0.3097 -26.8227 -10.7473
0.3885 -11.0740 2.6502
0.2853 -34.5822 -16.7397
0.2247 -9.9042 0.0066
0.3921 -10.2518 0.3604
0.9745 -4.2750 -13.6041
0.9435 -6.3091 -16.0948
0.4143 -9.1288 0.8854
0.9842 -10.3174 2.6362
0.9884 -12.7116 0.8477
1.0136 -12.1260 -0.2430
1.0066 -12.3375 2.3666
0.1569 -8.4360 -0.3926
0.0747 -7.9023 -0.1867
0.3021 -8.6014 0.3126
0.2242 -9.5566 -0.4759
0.0489 -10.3700 -0.1249
0.3742 -7.7664 -1.5874
0.3428 -8.6502 -0.7954
0.4377 -9.5369 -1.5745
0.8809 -24.8932 -11.7406
1.1334 -9.3003 -0.7012
1.1365 -8.7520 -0.3986
1.0171 -9.9721 0.5721
0.9954 -10.2069 -0.4399
0.8145 -30.6280 -15.4569
0.8608 -30.9157 -13.5651
0.1881 -10.5213 -0.4398
-0.0233 -10.8276 -0.2304
0.2553 -11.5515 -0.4652
0.3144 -12.4212 -0.4055
0.2929 -24.3487 -13.1380
0.3193 -21.0053 -12.4662
0.4362 -10.8311 -0.8479
0.4518 -12.1466 -1.2393
0.4056 -12.8756 -2.1876
0.3116 -30.7555 -13.0073
0.2818 -30.5566 -11.9480
0.4061 -11.1207 -3.2028
0.2556 -5.8004 -6.2159
0.3542 -5.3118 -5.4743
0.3329 -4.9686 -7.3459
0.3140 -3.4567 -6.2883
0.9566 -10.3858 -1.8963
1.0130 -11.3959 -1.6051
0.9652 -11.8921 -3.2691
0.8560 -31.3491 -12.0683
0.2760 -1.9550 -9.0381
1.0783 -11.6742 -0.9016
1.1233 -10.4547 -1.0831
1.1909 -13.2052 -0.5212
1.1839 -12.0803 -1.3974
1.0227 -9.4562 -1.9437
1.1355 -9.5402 -1.4918
0.9669 -32.3051 -11.9394
0.2387 -5.4191 -10.0977
0.4112 -3.2664 -11.0886
0.4064 -3.4548 -2.4638
0.3379 -4.2771 -2.4302
0.2854 -3.9720 -1.8474
0.3297 -6.3943 -2.8400
0.2828 -5.6275 -3.1853
0.1735 -6.3407 -3.1508
0.3486 -6.5484 -3.5285
0.3792 -4.6829 -8.9713
0.4029 -4.8631 -1.6343
0.4043 -6.4276 -2.1369
0.3922 -3.9778 -1.3850
0.9641 -23.8383 -12.4132
0.8808 -26.0066 -14.4546
0.9187 -25.4710 -15.0452
0.9883 -7.1930 -1.9561
0.9828 -6.8556 -3.0884
1.0749 -5.6747 -2.4752
0.3863 -2.4660 -6.2465
0.3422 -2.1891 -3.8246
0.3940 -4.2846 -4.7833
0.4083 -20.0260 -5.9805
0.3846 -1.0853 -3.3945
0.3287 -2.4733 -1.9624
0.9093 -21.4395 -6.4523
0.9474 -20.8626 -7.6200
1.0899 -21.7677 -5.9009
1.0195 -19.2866 -8.5310
1.1307 -3.3942 -9.3339
1.0619 -4.2752 -10.5768
1.1866 -1.7588 -9.3313
0.4277 -4.0574 -3.4824
0.3485 -1.4789 -6.9470
1.1047 -4.1161 -3.0307
1.0326 -4.1726 -4.0918
0.9766 -2.2269 -2.8644
0.3360 -4.6198 -3.6605
0.2732 -5.2385 -3.9196
0.3697 -5.7307 -4.0962
0.4005 -6.7223 -4.7505
0.4766 -37.2802 -15.1741
0.7310 -37.2662 -14.2859
0.4975 -36.9320 -14.3078
0.8494 -37.4170 -14.7935
0.9490 -18.3313 -10.8963
0.3500 -6.7481 -6.3554
0.3438 -36.7323 -15.1400
0.3607 -36.2028 -14.0863
0.2431 -35.0302 -16.9711
0.2782 -37.2817 -16.2550
0.9913 -3.5579 -6.9973
0.9985 -0.0478 -5.8531
0.3393 -28.4918 -11.0584
0.6962 -37.5742 -15.0944
0.5744 -37.8512 -15.8680
0.9415 -37.7961 -15.6041
0.9503 -37.1768 -15.1836
0.8237 -36.6654 -15.5330
0.9291 -37.5534 -16.1402
1.0557 -1.1493 -6.9897
1.0172 -5.9954 -5.0864
0.5910 -36.9569 -13.8380
0.9376 -36.5403 -13.5628
0.9291 -37.0347 -14.2156
0.9534 -5.4933 -6.7949
0.2064 -8.0799 -4.0307
0.1017 -8.3344 -4.7527
0.0969 -9.0298 -3.7922
0.2579 -8.9029 -4.6413
0.9237 -27.1844 -10.3512
0.2460 -11.0129 -4.3199
0.2869 -10.9979 -3.5829
0.1138 -9.8162 -3.5085
0.9616 -7.2965 -5.6815
0.2388 -9.8750 -4.0074
0.3051 -10.2664 -4.9578
0.6258 -38.1466 -16.2955
0.8461 -38.0214 -16.4879
0.2871 -11.5359 -5.5929
0.2783 -7.6448 -4.7636
0.2112 -8.5708 -5.1722
0.3118 -8.2206 -5.7876
0.8219 -35.4523 -17.4512
0.2734 -35.7979 -17.7443
0.2971 -7.1585 -7.2995
0.2822 -8.5046 -7.2939
0.1968 -8.8144 -6.1265
0.7979 -37.0910 -18.0835
0.2548 -10.7817 -6.5389
0.2754 -10.1346 -5.8765
0.3029 -9.8958 -6.3958
0.9913 -22.3258 -2.2879
0.3777 -9.7320 -7.5865
0.3724 -11.3199 -7.0561
0.3762 -9.2806 -5.5153
0.9749 -23.2679 -4.7588
0.3120 -33.5248 -7.6578
0.9620 -10.7945 -5.0887
0.9725 -11.6919 -7.5267
0.9627 -8.7594 -4.9732
0.8785 -38.1590 -17.1700
0.6120 -38.3198 -16.8439
0.7163 -34.2955 -7.4265
0.2970 -9.0030 -6.4393
0.3484 -8.4655 -3.3190
0.2176 -9.3018 -3.1777
0.4044 -9.0806 -2.5934
0.9572 -33.9801 -6.6924
0.9953 -34.3139 -8.5325
0.0460 -24.7394 -21.9236
-0.0403 -26.3253 -22.6084
0.0831 -25.9746 -22.0566
0.4062 -7.3194 -3.4673
0.2910 -6.9907 -8.7113
0.1361 -28.2602 -21.0114
0.0504 -27.9344 -21.9264
-0.0530 -29.7445 -21.7484
0.0608 -26.3941 -21.3329
-0.0326 -27.6996 -22.5678
0.0931 -25.9917 -22.7905
0.2453 -26.7607 -22.9198
0.0454 -27.8698 -23.1193
-0.0986 -28.3767 -23.0345
0.3266 -27.9571 -23.1485
0.6274 -27.8475 -22.8152
0.5428 -25.7362 -22.6834
1.1777 -7.6861 -1.0495
1.0145 -7.9870 -1.7382
1.1495 -6.8292 -1.4332
0.0346 -24.2739 -22.5203
0.2882 -24.8672 -22.7154
0.3120 -19.7531 -13.0700
0.2608 -21.3778 -14.1039
0.2143 -21.0008 -13.0386
1.1323 -8.5399 -1.7291
1.1316 -8.8688 -2.5292
1.0633 -8.2626 -0.6577
0.8913 -21.2960 -14.5439
0.8904 -23.7985 -14.6834
0.0947 -19.7963 -14.0705
-0.1425 -19.7711 -14.3268
-0.1301 -20.9999 -14.7465
0.1515 -21.1435 -14.4860
0.0459 -19.8903 -14.7735
0.1153 -21.0932 -15.2788
-0.1792 -21.5526 -14.9874
-0.0775 -22.2867 -15.3359
-0.0074 -22.2549 -14.9627
0.1756 -22.2791 -15.7088
0.9102 -8.4489 -9.0592
0.2196 -23.5933 -15.1493
0.9817 -7.6080 -9.2240
0.9589 -9.9668 -3.8664
0.0003 -23.4266 -15.4404
0.1152 -23.5973 -15.8853
-0.0565 -24.5305 -15.9046
0.2904 -9.1487 -8.6525
0.0852 -25.1182 -15.7834
0.9283 -18.1125 -12.4944
0.3456 -10.7872 -9.2636
0.9618 -10.1410 -9.3033
1.0438 -9.1012 -4.0383
0.9856 -20.2309 -15.2904
0.9448 -17.9644 -13.8797
0.3233 -9.3640 -19.9714
0.2449 -7.9345 -20.0758
0.2118 -9.1908 -21.0346
0.2397 -10.5673 -20.5081
0.2498 -24.6151 -14.7146
0.9251 -25.7160 -16.9753
0.1634 -11.9867 -21.5559
0.1861 -12.6921 -21.7289
0.4902 -12.5569 -21.7646
0.3519 -11.6749 -21.8110
0.1480 -11.1584 -21.5591
0.8167 -26.1322 -16.7011
0.2269 -21.3822 -16.8021
0.1758 -21.2179 -18.9459
0.2801 -20.4284 -15.6653
0.8193 -10.4936 -20.3562
0.8764 -12.0863 -21.2626
0.8866 -11.0970 -19.4411
0.1878 -10.7122 -21.2481
0.2467 -10.3331 -21.7357
0.1413 -9.4666 -21.5574
0.4328 -10.9174 -21.8037
0.8422 -11.0327 -20.9121
0.7472 -10.9140 -21.5336
0.8873 -9.9070 -21.0981
0.6913 -9.8169 -21.5007
1.0315 -5.7792 -9.8356
0.9426 -7.5815 -10.1408
1.0960 -6.9641 -10.4082
0.7372 -12.4108 -21.5807
0.2774 -18.3549 -15.2740
0.2419 -7.4897 -21.3748
0.2426 -8.6067 -21.6617
1.1712 -5.1877 -10.1969
1.1052 -6.0623 -10.8142
0.6783 -7.6481 -21.5642
0.3281 -7.9014 -21.6947
0.3967 -6.8703 -21.5682
0.5078 -8.7331 -21.7043
0.8282 -8.6476 -21.3613
0.4585 -9.8332 -21.7093
0.1116 -16.7866 -21.9654
0.2253 -16.1444 -22.0359
0.4806 -17.0156 -22.0592
0.3657 -17.6244 -22.1868
0.4267 -22.9171 -3.8268
0.1369 -13.1777 -21.4674
0.2361 -14.1323 -21.8828
0.4469 -20.0300 -3.0618
0.1038 -15.2853 -21.7805
0.4609 -19.1729 -4.1133
0.4302 -17.0371 -4.8990
0.3061 -15.0567 -22.0068
0.1961 -25.7649 -16.6718
0.7448 -23.4762 -17.3826
0.8234 -20.5800 -15.9572
0.8647 -24.8257 -17.1783
0.6973 -15.0635 -21.8310
0.9263 -14.0026 -21.5712
0.8418 -14.5984 -21.1838
0.3435 -13.3142 -21.8965
0.2347 -23.3304 -18.7235
0.7972 -13.5842 -21.7617
0.5392 -14.1652 -21.9721
1.1198 -18.9576 -3.1431
0.9594 -20.3022 -3.1789
1.0367 -22.8186 -5.9279
0.7382 -22.3564 -19.5391
0.9160 -9.8665 -11.0015
0.8978 -13.1829 -21.0811
0.9021 -19.9562 -5.9740
0.9864 -19.2224 -4.5873
1.0099 -20.6903 -5.5803
1.1423 -20.3056 -4.7573
0.7795 -24.4024 -18.9328
1.0406 -8.7683 -11.2410
0.2278 -14.1589 -6.6675
0.3238 -14.9888 -6.6516
0.1096 -14.8896 -6.1628
0.3226 -16.3862 -6.7990
0.3597 -15.5552 -5.8348
0.4087 -17.2066 -6.6955
0.3942 -16.0073 -8.0829
0.5237 -16.0157 -21.9893
0.3702 -14.2679 -7.9167
0.7861 -16.7527 -21.8078
0.1988 -13.4283 -7.0328
0.3300 -12.7742 -7.7131
0.8965 -16.7099 -21.5313
0.8409 -17.9411 -16.4127
0.3624 -14.4509 -9.8442
0.2889 -12.7383 -9.1854
0.0534 -27.7186 -16.7045
0.0757 -25.8203 -16.3824
0.1546 -26.7253 -16.2359
0.2207 -28.9202 -16.2745
0.2805 -27.3022 -14.9528
0.3505 -15.3656 -9.6457
0.1277 -31.0381 -17.7496
0.2183 -29.9350 -17.0257
0.3544 1.0962 -14.3870
0.7884 -30.1400 -17.9242
0.8133 -28.2188 -15.0336
0.9348 -13.7957 -10.1650
0.9530 -15.8255 -7.5275
0.3807 0.4684 -17.0107
0.4340 -0.8154 -16.5472
0.1595 -28.2364 -17.5281
0.2245 -26.6874 -17.9333
0.7585 -27.4522 -16.4905
0.1436 -24.8033 -20.4027
0.0168 -25.8188 -20.3368
0.0942 -26.1478 -19.5395
0.1797 -24.8707 -18.6820
0.3552 -19.9851 -7.2924
1.0287 -0.2088 -16.0019
0.9528 -1.6355 -17.4062
1.0541 -2.3126 -17.7962
0.9518 -2.5184 -18.1942
0.7084 -27.1659 -18.5976
0.7627 -26.0713 -19.0617
0.2091 -26.0847 -19.2135
0.9784 -4.1606 -11.5464
0.1972 -28.1126 -19.5864
0.1018 -29.3453 -19.7711
0.1316 -28.3090 -18.9971
0.1734 -29.2736 -18.6723
0.0726 -27.2905 -19.9564
0.1331 -26.5744 -20.4910
1.0556 -17.0735 -6.2571
1.0117 -19.0275 -6.3072
0.9854 0.1310 -17.7035
0.1120 -28.1427 -20.3890
0.4186 0.5947 -19.6165
0.3990 -0.5605 -18.6614
0.3610 -0.1335 -13.4461
0.7777 -28.1633 -18.3340
1.0478 1.0562 -19.6791
0.8760 -29.7786 -18.6401
0.3320 -0.0269 -17.9446
0.2487 0.4033 -13.9621
0.7067 -29.4814 -20.2900
0.7248 -27.4876 -20.6072
0.6918 -26.2761 -19.9650
0.2689 -25.8723 -15.6359
0.3446 -17.6704 -9.7308
0.3528 -3.0473 -19.2908
0.2752 -16.2793 -10.4954
0.9031 -4.0910 -19.3147
0.3536 -17.3913 -11.2668
0.3920 -1.0511 -20.0499
0.9527 -16.3717 -9.9189
1.0376 -17.3604 -10.2798
0.9503 -1.1009 -19.5607
0.9867 -1.4831 -20.2719
0.3391 -7.4863 -18.3495
0.3542 -6.1554 -19.4562
0.2933 -8.9699 -19.2187
0.2561 -14.2711 -11.7448
0.2191 -15.2966 -12.5610
0.2094 -14.9904 -11.7227
0.1939 -13.5797 -12.0748
0.0026 -14.6329 -12.6146
0.3602 -4.6321 -18.7801
0.3709 -17.1237 -0.1781
0.2712 -16.7647 0.0245
0.0917 -13.1470 -12.3266
0.0348 -14.6759 -13.0341
0.4930 -16.0498 -1.2381
0.4019 -4.9412 -17.5061
0.2718 -12.2490 -12.6340
0.4467 -17.4491 -1.6105
0.2789 -13.8446 -13.2855
0.1957 -14.3860 -14.2825
0.2755 -12.5898 -14.2192
0.9341 -7.3848 -18.4049
0.8925 -7.4274 -19.8484
0.8928 -6.5185 -18.2981
0.2731 -12.5938 -15.4678
0.4455 -14.4030 -3.0281
0.4359 -14.9240 -2.1570
0.3798 -4.3088 -21.4154
0.3435 -4.1515 -20.8073
0.4390 -2.9028 -21.1600
0.3516 -2.3737 -20.6881
0.6256 -3.3415 -21.5884
0.1852 -22.3842 -21.0784
0.0052 -22.9810 -21.6444
-0.0291 -23.4052 -21.2175
0.8515 -3.8252 -21.5583
0.5601 -4.8100 -21.5988
0.8703 -13.6216 -13.6771
0.8208 -13.8770 -15.3927
0.8762 -11.1084 -16.1343
0.9063 -14.6161 -14.3370
0.4087 -13.2323 -3.8917
0.2281 -13.5227 -10.7148
0.3379 -11.2634 -10.6379
0.2566 -12.3031 -11.5529
0.1542 -22.6656 -20.2089
0.2114 -23.4833 -20.4033
0.2181 -21.8587 -19.7482
0.4145 -4.9321 -20.2793
0.1985 -21.5525 -20.4607
0.0846 -22.0503 -20.5325
0.0453 -22.2030 -20.0516
0.4299 -14.9650 -4.6660
0.4535 -16.8243 -3.1295
0.3710 -15.1839 -3.6359
0.4185 -3.7020 -20.1742
0.2057 -19.8210 -19.7850
0.9796 -3.0358 -20.0099
0.9619 -4.5733 -20.4446
0.4269 -18.8431 -1.9854
0.3803 -11.5643 -8.9225
0.7321 -22.9200 -21.0988
1.2215 -2.9595 -20.7958
1.1427 -1.4734 -20.7237
1.2043 -4.3700 -21.0746
1.1537 -3.3557 -21.3044
1.1827 -4.1823 -20.6977
-0.0406 -20.4099 -21.9884
0.1007 -21.3679 -21.3737
0.0607 -19.5615 -21.2157
0.2169 -20.3585 -20.9373
0.3240 -5.6109 -20.6554
0.3182 -5.6770 -21.2931
0.2955 -6.7217 -20.7364
0.2325 -6.2167 -20.1088
1.1366 -14.4122 -2.5165
1.1000 -16.0330 -2.9563
1.0693 -15.2482 -4.0523
1.2313 -16.9678 -2.7695
1.2062 -13.9107 -2.9712
0.0863 -18.4150 -21.8028
0.0234 -19.5409 -21.9448
0.1475 -19.2495 -21.4602
1.0404 -17.5490 -4.0806
0.2679 -18.8609 -22.2026
0.8928 -6.5940 -20.5551
1.0483 -5.4110 -20.8245
1.0321 -6.0941 -21.1526
0.2300 -14.1503 0.1234
0.2186 -14.8211 -0.0478
0.3879 -14.2811 0.3724
1.0322 -7.1632 -20.9362
0.7956 -6.4224 -21.4644
0.2605 -15.5364 0.0880
0.0984 -20.1045 -22.3024
0.4781 -6.2148 -21.5747
0.3705 -19.4958 -22.2399
0.2440 -14.8369 -10.9589
0.5328 -20.7115 -22.2869
0.6736 -19.8987 -22.0801
0.8290 -5.0830 -21.5332
1.0587 -4.9580 -21.3737
0.6619 -18.2678 -22.0977
0.0611 -13.6582 0.0315
0.1013 -14.1139 -0.1494
0.1306 -13.2420 -0.2739
0.2665 -13.6224 -0.3592
0.8401 -19.2892 -21.6563
0.0246 -21.5687 -22.2597
-0.0026 -22.1878 -22.0225
-0.0510 -23.4830 -22.2113
0.0421 -22.7221 -22.4135
0.4358 -13.8018 -0.7553
0.3236 -14.3901 -0.3473
0.3656 -15.3565 -0.5890
0.0976 -15.4447 -11.2943
0.2504 -21.9490 -22.4467
0.5268 -22.4128 -22.3746
0.1968 -23.0784 -22.5144
0.3338 -20.9789 -22.4086
0.0917 -21.0073 -22.3478
1.1036 -15.2199 -0.8539
1.2197 -14.4377 -1.5650
1.0481 -15.0189 -0.0643
0.9175 -12.1237 -10.4743
0.9435 -14.1718 -12.2426
0.9144 -14.9728 -10.8180
0.6888 -20.8198 -21.1612
0.7840 -19.7097 -20.7074
1.0289 -13.5959 2.3177
1.1560 -13.6155 0.7814
0.7521 -21.1583 -21.7189
0.7394 -22.8522 -21.9537
0.8332 -22.0383 -21.6492
0.7903 -21.8638 -22.1113
0.6321 -23.6381 -22.3325
0.3249 -16.1306 -0.1024
0.1487 -15.7611 -0.1165
0.2323 -10.9496 -11.7339
0.0850 -12.1299 -12.1341
0.1236 -19.6741 -18.8399
1.1781 -16.1330 0.0167
0.3396 -10.5408 -13.0994
1.1158 -17.0954 -0.9984
0.4833 2.7287 -20.9962
0.5645 1.4434 -21.4520
0.4487 1.5135 -21.0400
1.2325 -16.4888 -1.7389
0.4626 0.0373 -21.3236
0.3650 0.6200 -20.7111
0.9673 -11.6498 -11.6829
0.3746 -1.2760 -21.2073
0.5212 -2.0162 -21.4433
0.5571 -0.6080 -21.5002
0.8301 -0.9768 -21.4204
0.8866 -2.1592 -21.4825
0.7794 0.2069 -21.5117
1.0638 0.1531 -21.3194
1.1036 -1.2978 -21.1645
1.1879 -13.3961 -1.8580
1.0641 -12.7104 -1.7467
0.9086 1.5548 -21.4371
1.0622 -11.2429 -12.4641
0.7893 -20.4310 -19.5139
0.5152 1.8529 -20.1464
1.0993 -12.9547 -3.0547
0.9655 -12.6635 -2.2249
1.2755 1.1191 -20.5723
1.1976 2.0758 -19.8787
0.7232 2.7861 -21.3753
1.0457 -13.6415 -13.0991
1.2187 0.1900 -21.0338
1.2647 1.5779 -21.0777
1.1370 0.1929 -20.5651
0.1869 -16.5595 -13.1958
-0.0880 -17.2938 -13.6324
0.0727 -18.0191 -13.6325
0.4889 -18.7296 -1.3523
0.3112 -16.1696 -12.6756
0.0456 -15.9675 -13.2156
0.3074 -15.8539 -11.5937
1.0617 -2.7580 -21.5122
1.2688 -2.3347 -21.1299
1.0013 -19.5009 -1.4510
0.3171 -17.7665 -13.0778
0.1325 -25.7792 -21.0925
1.0131 -15.6675 -12.7084
0.0510 -23.8091 -21.3740
1.0165 -18.2027 -1.8371
-0.1655 -18.3914 -14.0950
0.2624 -8.7822 -18.0536
0.3127 -10.2517 -17.4155
0.7839 -25.3936 -20.0317
0.7119 -25.1399 -21.0919
0.8570 -10.3561 -18.6583
0.8978 -8.7335 -19.5469
0.8945 -9.4657 -18.1798
0.8086 -8.1557 -20.0682
0.8887 -8.3877 -20.7903
0.1059 -16.1325 -13.5961
0.1318 -17.8982 -14.2774
0.2850 -17.0284 -14.6567
0.2194 -15.5489 -14.0146
0.2057 -16.0277 -14.5267
0.2409 -15.0588 -14.5230
0.0512 -15.5297 -14.5799
0.2020 -15.5020 -15.0350
0.6643 -27.9473 -21.8161
0.2882 -14.3689 -16.2102
0.2497 -16.5713 -15.5416
0.1190 -16.1392 -14.9811
1.0395 -15.7936 -14.0481
1.0548 -16.5643 -13.8660
0.9753 -7.6202 -21.2083
0.6824 -26.9370 -22.2537
-0.6488 -41.7556 -24.5583
-0.3188 -41.5361 -24.2664
-0.6344 -40.6575 -24.4265
0.8953 -16.9265 -14.6964
-0.2815 -39.8507 -24.1437
-0.1527 -42.3414 -24.2177
-0.3494 -42.5123 -24.7516
1.1598 -18.6189 -3.7529
0.0023 -42.6794 -24.2918
0.0871 -42.7963 -24.7423
0.3911 -42.8349 -24.2993
0.3970 -42.6081 -24.7550
0.3033 -23.7908 -22.5714
0.1793 -42.4897 -25.0848
-0.2048 -42.4489 -25.0614
-0.1839 -42.1624 -25.2919
0.3821 -41.7919 -25.0625
0.7358 -24.6582 -22.2732
0.0765 -41.8194 -25.3395
0.1042 -41.0446 -25.3179
0.4115 -40.4607 -24.9065
0.4212 -39.4671 -19.3044
0.2292 -39.3036 -20.1674
0.3046 -39.9077 -20.3645
0.5345 -40.3472 -20.3732
0.6791 -39.7089 -19.5604
0.8113 -39.9766 -19.8419
0.5813 -39.3649 -18.8347
0.8336 -39.5533 -19.2001
0.8725 -39.3577 -19.9559
0.9142 -39.0676 -18.9451
0.1963 -33.8159 -19.5138
0.3599 -13.3902 -4.8644
0.3539 -12.7131 -5.6640
0.3130 -13.7156 -6.2738
0.3980 -12.5330 -6.9819
0.2548 -41.3929 -23.5012
0.1491 -40.5863 -22.5054
0.1052 -39.3759 -23.0657
0.2807 -40.7312 -21.8079
0.2746 -41.6757 -23.1463
0.1845 -39.2898 -22.3816
0.1155 -40.0959 -21.5416
0.2734 -38.6581 -20.4359
-0.1296 -31.8329 -22.2212
0.0317 -31.7772 -21.6872
0.9359 -12.6453 -4.6657
1.1330 -13.0728 -3.9663
0.4745 -41.3495 -22.2753
0.1500 -29.8479 -20.4919
0.1546 -30.9496 -21.0968
0.1466 -31.9075 -19.8207
0.1110 -30.7115 -19.3231
1.0155 -15.5631 -11.2998
0.0891 -29.7246 -21.4563
1.2227 -13.8829 -4.0104
1.0508 -13.8145 -4.8047
0.9793 -13.3539 -5.5565
0.8497 -40.6482 -21.4585
0.7532 -39.8511 -22.1445
0.8767 -39.9388 -20.7812
0.0015 -33.2432 -21.8808
0.8616 -40.8435 -22.6890
0.7956 -41.2282 -22.6105
0.9215 -41.2254 -21.9554
0.7681 -40.6200 -20.9737
0.0320 -32.4390 -22.6740
-0.0572 -33.2398 -22.4319
0.0548 -34.0058 -23.0502
0.1240 -33.8967 -21.5154
0.2602 -42.2552 -23.7712
0.4451 -42.3604 -23.8315
0.2933 -14.8700 -5.6993
0.7284 -31.2662 -19.6248
0.7087 -33.6966 -21.5156
0.7812 -33.2232 -19.7903
0.7429 -41.6405 -23.6476
0.6653 -41.7255 -22.9985
0.6753 -41.2285 -22.0877
0.9145 -13.8692 -6.3100
1.0316 -15.9236 -5.6857
0.9508 -14.9065 -5.1857
0.6570 -32.4331 -22.2779
1.0813 -14.6859 -4.6475
0.1681 -39.3474 -23.7083
0.1235 -40.5178 -23.9720
0.1063 -37.7476 -23.2067
0.2812 -40.7769 -23.6764
0.6969 -40.0166 -23.4120
0.7209 -40.9289 -23.7873
0.6113 -39.2208 -24.2903
0.2258 -37.2405 -20.5064
-0.2764 -38.0336 -24.0482
-0.5296 -39.3984 -24.3951
-0.4454 -38.7521 -24.5889
0.3680 -11.5096 -6.1171
0.2464 -38.3123 -22.0155
-0.0527 -38.1637 -24.8617
-0.1495 -39.2245 -25.0064
-0.3108 -37.7405 -24.5766
0.1797 -39.3665 -25.0656
-0.0973 -34.4339 -23.3383
0.1132 -34.6736 -22.9470
0.1121 -38.1575 -23.6562
0.3831 -37.6417 -24.4957
-0.2141 -33.8733 -23.7003
-0.1753 -35.1763 -24.0664
-0.2633 -36.3429 -23.9489
-0.1622 -36.4412 -24.3027
-0.0297 -35.4245 -23.1619
0.0287 -36.4602 -23.5666
-0.0534 -34.7737 -22.6380
0.0084 -40.0243 -25.2935
0.0010 -36.0631 -22.7782
0.0796 -36.7354 -22.4556
0.6862 -38.5091 -21.8279
-0.4045 -37.8574 -24.3308
0.6739 -37.8389 -23.3032
0.1351 -37.1690 -24.5632
0.1348 -41.7357 -24.0329
0.3204 -41.4762 -23.8855
0.6658 -42.3405 -23.8746
0.6416 -41.9837 -24.4912
0.1938 -36.6916 -23.2617
0.6309 -36.1630 -23.7004
0.6620 -34.5777 -23.0924
0.1398 -35.6723 -21.1657
0.8520 -38.6832 -20.4863
0.2581 -36.7040 -18.7462
0.7478 -34.5432 -19.6383
0.8590 -12.1063 -17.6534
0.2386 -38.5579 -19.3320
0.7393 -36.3657 -22.0239
0.6657 -36.2667 -21.5323
0.7420 -36.5636 -20.6605
0.7628 -37.9408 -19.3932
0.9139 -38.1500 -18.4682
0.8897 -15.1497 -17.8076
-0.0558 -32.7389 -23.7843
-0.1941 -32.8591 -23.3899
0.0182 -30.4663 -22.3145
-0.1977 -30.6229 -23.2677
-0.0204 -30.7436 -22.7974
-0.0849 -29.2288 -22.8639
-0.1689 -31.5572 -23.1714
-0.0379 -29.4986 -23.2605
0.1183 -28.8848 -23.2718
-0.0576 -30.3201 -23.4367
0.2766 -29.8652 -23.4073
0.5083 -30.4946 -23.3758
0.0730 -29.1072 -22.4146
0.7098 -30.8951 -23.0777
0.5323 -29.3068 -23.1837
-0.0066 -32.4097 -22.9621
-0.1254 -31.6669 -23.5427
0.2872 -29.3243 -10.5276
0.0959 -31.9184 -23.7641
0.3751 -32.9617 -23.8144
0.0757 -33.3335 -23.9348
0.6828 -33.1606 -23.4436
0.5416 -31.8780 -23.5526
0.1797 -30.9993 -23.6627
0.3977 -31.3212 -23.6337
-0.0610 -34.2343 -24.0277
0.3213 -34.5369 -24.0699
0.6130 -34.5939 -23.7922
0.1854 -35.0825 -24.2202
0.0879 -35.9151 -24.3191
0.4023 -35.6534 -24.0986
0.1898 -30.7027 -18.3123
0.2709 -38.4310 -18.1126
0.4212 -39.0247 -18.6339
0.3489 -38.1849 -17.1424
0.2364 -37.6041 -17.8214
0.4645 -38.6919 -17.7683
0.8367 -38.6537 -17.4740
0.7848 -39.0102 -18.2582
0.9472 -38.4549 -17.9395
0.5858 -39.0521 -18.1603
0.3732 -24.5265 -3.8092
0.4325 -25.0389 -4.2109
0.4802 -24.2958 -3.5567
0.4243 -23.7691 -5.1288
1.0481 -24.9119 -4.6409
0.4255 -26.3329 -5.1599
0.3670 -24.7328 -5.4392
0.9401 -25.8635 -5.6293
0.9670 -25.8783 -4.1353
1.0316 -24.9299 -6.5886
-0.1874 -40.9343 -25.1540
-0.0349 9.3260 19.5049
-0.1138 8.7160 19.1270
-0.0446 8.6102 20.3334
0.1438 1.4371 12.3148
0.0372 0.7612 12.1647
0.1811 0.7714 13.6328
0.0393 5.2670 13.7176
0.0129 5.9967 12.9188
-0.0690 5.0794 12.7397
0.1113 -0.0917 12.3765
0.2913 -0.0010 13.6411
-0.0066 5.5492 11.4470
0.1166 -0.4443 11.0235
0.1854 7.5700 13.9545
0.1166 5.8122 15.0811
0.1476 6.7701 15.4211
0.2133 1.9995 12.2317
0.2253 1.3794 11.3806
0.0036 4.5988 14.1945
0.0001 9.3049 17.6094
-0.1734 9.1396 18.3844
-0.0475 10.3703 17.1110
0.0104 10.0054 18.8125
-0.0878 8.6246 18.5593
0.1921 6.5104 13.5878
0.5191 10.9664 17.4615
0.2778 11.0335 17.3501
0.1653 10.6243 18.4480
0.0775 10.8295 17.2553
0.2054 0.6653 10.5398
0.0318 9.9652 16.7498
0.0293 4.9730 10.1784
-0.0191 4.6336 11.6118
-0.0631 4.2240 10.8132
0.1179 3.2815 11.8828
0.0919 3.4786 10.8855
0.6867 10.3684 17.4101
0.5078 9.9578 18.0342
0.7486 9.4932 17.5957
0.9264 9.7411 16.7925
0.3090 8.2397 20.8467
0.1556 9.0385 20.7684
0.4962 8.5000 20.6301
0.0528 9.6625 20.4939
0.0050 9.8084 19.7614
0.2080 10.0881 20.0259
0.1577 10.2232 19.4322
0.1534 6.3646 12.3516
0.1413 4.1647 10.0174
0.2631 9.7438 20.7789
0.4169 9.2449 20.6571
0.2369 5.9588 10.7673
0.1589 5.2985 8.9838
0.4636 9.7538 20.7007
0.2474 4.1055 9.3565
0.5688 9.1382 20.2293
0.5026 9.9762 20.2160
0.4709 9.5806 19.4221
0.6305 8.9489 18.8907
0.4196 10.3163 19.5162
0.1994 3.1995 8.8403
0.3198 2.3980 8.3597
0.2056 1.9615 8.8062
0.4201 10.5993 18.6101
0.2712 2.5960 9.8261
0.2342 1.0493 9.3882
0.5537 10.1541 19.2583
0.5421 10.1946 18.6018
0.5281 9.5142 18.5470
0.2724 1.5501 7.9788
-0.1835 7.9619 19.8238
-0.1116 6.3947 19.6920
-0.0772 6.6902 20.3460
0.0242 7.1235 20.5697
0.3052 6.1126 20.7149
0.1520 9.3216 12.8812
0.1308 8.1092 13.1933
0.0076 9.0179 14.2895
0.0332 5.2463 19.9825
-0.1351 6.9880 18.4145
-0.0849 7.1216 19.3178
0.1589 9.0660 11.3847
0.1251 10.7424 12.9155
0.1757 10.2955 10.4405
0.0627 11.6622 12.0979
0.1493 4.6306 18.8278
0.0035 5.3705 18.2404
0.1931 4.6106 17.4019
0.2450 7.1667 11.0932
0.2170 4.1215 19.5151
0.0020 5.0962 20.3521
0.1153 5.4118 20.6526
0.4792 5.4649 20.6429
0.6539 4.7370 20.3769
0.6651 5.3794 18.4524
0.6579 6.2550 19.6183
0.0947 3.5511 19.9518
0.1661 3.2135 14.1682
0.0582 3.7842 13.1075
0.7530 4.1469 19.0298
0.2381 2.4755 13.5908
0.7451 2.9470 20.1781
0.3158 1.0297 14.7400
-0.1614 5.9650 18.0309
0.2659 -4.3228 20.6628
0.2197 -3.2550 20.1617
0.2411 -4.1271 19.9590
0.3341 -3.8999 19.2273
0.6337 7.2929 17.9971
0.3546 -6.0232 20.7753
0.5121 -5.7403 20.9452
0.3707 -5.2696 19.9761
0.3192 -6.3238 20.4755
0.4274 -7.2574 19.8629
0.3982 -7.9195 20.9003
0.7650 -6.8763 21.0680
0.5451 -7.3826 21.0634
-0.1522 6.7741 17.4560
-0.1471 7.9374 17.8517
0.1387 4.3192 15.5001
0.1889 4.3769 14.6096
0.3446 -5.0619 18.3795
0.4023 -7.1778 17.5895
0.8054 5.4510 10.3039
0.8594 6.6626 10.2240
0.7682 7.7707 11.2660
0.7361 6.4486 13.3794
-0.0269 7.4029 17.1538
0.2281 3.5485 15.7143
0.0032 8.9149 17.1058
-0.1332 8.5791 16.5160
0.0506 7.6911 16.4133
-0.0817 8.1445 15.7282
-0.0027 9.0910 15.9278
0.1236 6.8577 16.5974
0.7222 5.4326 16.5491
0.7242 7.5751 14.8511
0.6643 8.5262 15.6412
0.9130 -5.6935 20.0902
1.0174 -7.7989 18.9547
0.9823 -5.1049 18.7561
1.0719 -7.6496 20.3018
0.7753 2.5630 14.5583
0.8358 2.1196 12.4018
0.6397 8.7546 17.3766
0.2906 -2.4986 18.5350
0.3398 -1.7876 19.7458
0.1884 -2.7567 8.7619
0.1830 -3.7077 8.6837
0.2337 -4.1158 9.5125
0.1154 1.4736 7.5566
0.0172 -0.3913 7.8710
0.1010 0.0924 8.5803
-0.0762 0.2598 7.2940
0.1010 -0.8401 7.6491
0.1830 -1.6172 9.0538
0.0281 -1.8385 8.1528
0.7422 9.0731 17.1784
0.1043 -2.4272 8.0287
0.0767 -2.8966 8.6284
0.8647 -2.2740 17.1740
0.8496 -3.4694 18.7097
0.9986 -3.3110 16.6218
0.8699 -2.4174 18.8835
0.2546 -3.3660 6.9516
0.3077 -4.4101 7.7963
0.2169 -2.7448 7.8261
-0.0191 5.3508 16.4421
-0.0225 6.1377 16.5635
0.1941 -0.9993 6.7881
0.3224 -2.2443 6.1657
0.0689 4.6158 16.3203
0.8009 2.4461 16.3448
0.7726 1.5699 17.8687
0.3538 -4.4685 16.3863
0.8960 -3.0726 6.6427
0.9633 -2.7552 7.5656
0.9050 -5.0740 7.9555
1.0180 -4.9356 15.5067
1.0447 -8.2283 14.6313
0.1308 7.7204 20.7220
0.5445 7.3230 20.6001
0.8800 2.0775 8.7620
0.6007 7.9618 20.2985
0.4569 6.7063 20.6634
0.6479 6.2486 20.3696
0.6109 7.6746 19.8058
0.8134 -0.8850 19.1596
0.8289 -0.1807 15.4194
0.8227 -0.9942 16.8542
0.1844 -1.0980 11.6498
0.1083 -1.9829 10.7242
0.0696 -0.0356 10.4267
0.1539 -1.3772 10.0222
0.0874 9.9243 14.7353
0.0667 11.1088 15.3798
0.2031 -2.0360 11.9458
0.0506 11.3502 14.0500
0.2939 -2.8782 11.0027
0.2936 11.4218 15.0692
0.6561 11.3015 16.2471
0.3867 11.4159 16.2544
0.9286 -2.1115 11.9241
0.8406 -1.0464 11.0688
0.8378 -1.0477 12.9918
0.2770 0.3890 16.3739
0.8700 -2.3223 9.9674
0.8179 10.6601 16.0284
0.9344 10.0445 15.6800
0.2660 11.4554 15.7904
0.5079 11.4969 15.3545
0.7543 11.1640 15.2567
0.9778 10.6604 14.7057
0.3662 -1.5808 14.2683
0.3319 11.7993 13.8317
0.0417 11.8715 12.9724
0.1485 11.5715 14.3038
0.4284 11.5343 14.4558
0.2123 -3.5198 11.6683
0.6283 11.3832 13.6952
0.8360 -0.0123 13.0606
0.2709 12.0122 12.9100
0.4176 12.1847 12.2945
0.1974 12.4393 12.0058
0.3293 -4.7416 10.1645
0.3568 -2.9943 10.2349
0.1257 12.5848 11.1044
0.3417 -4.9132 11.6159
0.5976 11.8349 12.1598
0.8142 11.3139 12.4759
1.0181 -5.8542 11.4310
0.9610 -3.8868 9.2896
0.9741 -3.8274 12.3391
1.0183 11.2990 11.5542
0.9187 10.7794 12.8412
1.0020 10.9020 13.6109
0.1222 8.1544 14.7860
0.9894 -2.9817 10.4023
0.2873 -2.9723 15.7034
0.2876 -2.7113 13.6058
0.2149 -4.5280 13.8976
0.7911 9.6694 13.9879
0.3018 -5.0177 14.7799
0.1160 -0.4075 9.5028
0.1973 -4.5597 12.6941
0.1447 -5.5734 13.9587
0.1850 -1.6201 12.9462
0.2795 -2.6541 12.9568
0.0548 -2.1530 12.5341
0.1988 -3.0237 12.4329
1.0295 10.3187 13.9857
0.9925 -1.9772 14.5477
0.9491 -1.2900 13.5641
0.9088 1.1071 7.3420
0.8647 -1.3059 8.2588
1.0612 -0.8110 7.5623
0.7887 8.8592 11.9155
0.8218 10.2484 12.1807
1.1270 -4.8706 9.2746
1.0303 -2.7168 8.1818
0.1876 2.0552 19.6564
1.0100 -0.0089 6.9790
0.1895 2.0925 18.7668
0.8814 -0.1985 6.4817
0.2619 0.3177 18.8589
0.2950 4.6359 20.6899
0.1508 4.1750 20.5963
0.0209 3.8719 20.3759
0.1055 2.9373 20.5665
0.7638 1.3923 19.5438
0.8336 0.9333 18.2830
0.3039 3.2181 20.7257
0.5189 3.9964 20.6212
0.3180 -1.3555 17.4963
0.5794 2.6360 20.5912
0.2407 -1.7964 20.7653
0.2133 -1.6053 20.3371
0.1625 -2.4350 20.5544
0.6567 -2.0867 20.7948
0.4001 -1.3500 20.8987
0.6066 -1.0217 20.8350
0.1228 1.4263 20.6319
0.1117 0.5213 20.5739
0.3572 0.2373 20.8290
0.0577 1.3421 20.1488
0.0704 2.5261 20.3534
0.2542 0.1991 19.8060
0.2847 2.0497 20.7375
0.5000 1.4740 20.7254
0.6263 0.8886 20.6168
0.7214 0.8084 20.4047
0.9281 -1.5187 16.3619
0.1092 -0.0629 20.2817
0.2162 -0.4864 20.8064
0.0968 -0.7834 20.5741
0.8272 -2.8825 20.5146
0.7671 -0.4760 20.4733
0.3609 -6.3979 14.8537
0.2842 -5.6957 15.2011
0.5249 0.2263 20.7823
0.2107 -3.1051 20.7247
0.6646 -3.3488 20.8819
0.4138 -2.7729 20.9394
0.3913 -3.8521 20.8706
0.6096 -4.7451 20.9784
0.8546 -4.7004 20.7889
0.8012 -3.2345 20.2056
0.8110 -5.8638 20.8964
0.9084 -5.2822 20.5353
1.0548 -7.3332 20.7604
0.2633 -7.9059 14.9227
0.1608 -7.8249 14.0620
0.1879 -8.5482 14.6534
0.3481 -7.3692 14.3618
0.2257 -7.0697 13.1724
0.1934 -6.7520 13.8027
0.1952 -6.5137 12.8037
0.3540 -8.4001 13.7415
0.2260 -7.5364 12.8937
0.9852 -29.6830 19.9657
0.8844 -25.7373 19.0999
0.8224 -27.1308 17.5818
0.8787 -25.6619 20.4060
0.9617 -27.5037 21.0178
0.3652 -8.5298 15.0887
0.4171 -7.6311 15.4729
0.7992 -24.8681 18.2821
0.7843 -24.6154 17.0706
1.5099 -29.0953 20.3039
1.4884 -28.5615 18.8649
1.3596 -24.1286 19.6029
1.3561 -26.3083 16.6676
1.3058 -24.4820 16.9653
0.8219 -20.4932 21.9239
0.6485 -19.7594 21.6323
0.7372 -20.3439 21.5048
0.9696 -19.7006 21.9493
1.2086 -20.9888 22.1222
0.7530 -22.8268 20.6579
0.8051 -23.4364 20.9900
0.7945 -21.7939 21.1745
0.7353 -21.7739 19.8776
0.2863 -5.8881 12.6852
1.3286 -23.1327 17.4417
1.0356 -21.6539 22.2245
0.9466 -22.9491 22.3146
1.2318 -22.9846 22.3987
1.3542 -21.8958 22.1051
1.4287 -22.6896 21.9064
0.7367 -21.3709 21.8799
0.6891 -21.9924 21.5745
0.6584 -23.1104 16.2532
0.4694 -23.7250 16.1803
0.5200 -24.3017 16.1340
0.4947 -23.5896 15.6428
0.7112 -24.8637 15.5996
0.6194 -21.5868 15.7413
0.4464 -22.3275 15.4463
0.3534 -22.8261 15.7688
0.2695 -23.1316 15.5838
0.4527 -22.9933 15.2879
0.4319 -9.1420 14.7532
0.4464 -9.4520 13.2385
0.8080 -20.6373 20.6421
0.3668 -21.7882 15.4409
0.3100 -21.6405 15.1608
0.6102 -21.6483 14.6747
1.3941 -23.0156 21.1523
1.3802 -20.9387 21.5984
0.6415 -22.5550 14.6407
1.2933 -20.0284 21.0090
0.7677 -23.3878 21.6813
0.7799 -23.5559 22.0376
0.6038 -23.8828 15.2911
0.3845 -23.8206 15.0137
0.6087 -24.3707 14.9543
0.4565 -23.7171 14.7108
0.6153 -23.3344 14.6722
0.5488 -24.5559 14.5237
0.5252 -24.3157 13.9791
0.9910 -10.4103 14.8476
1.1542 -10.3113 11.9704
1.0393 -10.9269 13.5299
0.3363 -7.9016 11.9753
0.4174 -8.6502 12.0728
1.4177 -38.8939 19.9714
1.2403 -39.1542 20.9703
1.1061 -38.2961 19.6635
0.7392 -22.4461 16.4043
0.7700 -22.8769 17.2396
0.6834 -21.4103 16.6574
1.3043 -20.1565 21.7767
1.1203 -18.9549 21.8553
0.7761 -22.8263 17.8606
0.6317 -21.8576 17.5015
1.0689 -8.5240 11.6077
0.5998 -22.6936 18.1147
0.9272 -25.4055 21.3704
0.9120 -26.8148 22.2599
0.8500 -25.3750 22.1290
1.2495 -26.1124 22.7209
0.9968 -24.6493 22.4268
1.4441 -25.3744 22.4873
1.2477 -24.3968 22.5003
0.4938 -11.3777 12.7592
0.9851 -27.7252 22.7125
1.4119 -28.6423 22.9959
1.1482 -27.1555 22.7882
0.8975 -29.1250 22.5610
1.2094 -29.0487 23.0755
0.9795 -29.2525 22.8654
1.2932 -23.8890 16.1120
1.0466 -30.5217 22.0942
1.0541 -9.5595 17.4774
1.4497 -27.3209 22.7764
1.6499 -29.3935 22.7159
1.4716 -26.3200 22.6875
1.6016 -27.5118 22.3996
1.5477 -25.7855 22.3327
1.4165 -24.9756 15.7495
1.3523 -21.9816 15.7357
1.6142 -29.3770 21.8965
1.3331 -39.7419 24.1019
1.3011 -39.3360 23.3503
1.4050 -40.7853 24.2221
1.2359 -40.3242 23.3213
0.3378 -5.8690 11.2085
1.2446 -39.3554 22.6593
0.7575 -25.8962 15.8102
0.5832 -25.2248 14.7674
0.6956 -25.8961 16.6525
0.3105 -7.0053 11.9478
1.4025 -41.1093 23.8961
0.6961 -24.1175 21.2941
0.2153 -6.6780 11.2801
0.2856 -7.2016 10.9276
1.2294 -40.8354 23.0177
0.6524 -26.9375 15.8998
0.5272 -26.3415 15.4788
1.0901 -39.6690 21.7857
1.2850 -39.9971 22.6916
0.7892 -24.4029 20.9236
1.1313 -39.2952 21.8852
0.5681 -25.9016 14.2035
1.1577 -40.0139 21.9215
0.6602 -23.4818 19.9438
0.6253 -24.4730 20.2579
1.4704 -40.3183 22.3742
0.4667 -23.5175 19.5464
0.6215 -24.4865 19.7694
0.8902 -24.9125 20.5233
0.2324 -6.2120 9.9815
1.1352 -7.2691 10.3089
0.8301 -24.4936 19.2813
0.3621 -8.2136 11.2038
1.5183 -40.6562 22.7427
1.2094 -24.1403 12.6937
1.2843 -25.2342 15.0170
1.2746 -27.3869 13.7295
1.4068 -22.5275 14.7185
1.1816 -21.9925 13.9242
1.3898 -38.8219 24.3683
1.6948 -40.3429 24.6185
1.3944 -24.1490 22.3396
1.9727 -40.5310 24.3558
1.9843 -40.6869 23.5905
1.8882 -39.2389 24.0729
1.5095 -24.4964 21.9408
2.0697 -38.8556 23.2254
1.9768 -39.4995 22.7122
1.7445 -39.5990 24.7557
1.9570 -40.1393 24.5759
1.8919 -39.3535 24.3750
1.2052 -7.8665 9.8339
2.0743 -41.0482 24.1842
0.5743 -19.9827 10.7714
0.6098 -20.7024 12.2749
0.5750 -19.3187 12.0728
0.5705 -20.5751 10.3497
0.5761 -18.9980 10.6373
0.4883 -11.2127 14.7441
0.9942 -11.8066 13.6229
1.1349 -11.7568 12.3782
1.8711 -40.2755 22.3594
1.7199 -40.9247 23.1408
1.8181 -39.7057 21.9913
1.0411 -12.3323 14.2419
1.0086 -13.3984 13.2120
1.0165 -12.3005 12.1200
0.6764 -18.4331 17.4920
0.6545 -18.6568 15.9103
0.6587 -19.4943 16.7073
0.1198 -16.1597 13.9667
0.4844 -16.6639 14.7050
0.3200 -16.2998 14.9630
1.2497 -11.2401 11.3840
0.5992 -16.6445 15.2595
0.5383 -17.7765 14.5109
0.4172 -18.4519 14.2896
0.6291 -18.9298 14.9580
0.2084 -5.6188 9.8161
0.5879 -15.0181 15.4809
0.2149 -20.9105 15.0664
0.4100 -20.0874 14.7932
0.4913 -20.8050 14.6817
0.5113 -20.3566 15.3427
0.2845 -20.9687 15.4407
1.0677 -38.6309 21.1443
1.4163 -39.6181 21.0769
0.6411 -21.2150 13.4819
0.5863 -19.8463 13.7614
0.4718 -19.0787 13.4163
1.7328 -37.5370 21.0247
1.0612 -5.8973 8.7849
1.7059 -39.2984 20.6583
1.6631 -41.1648 24.5162
1.1289 -21.1462 12.5721
1.1486 -19.6769 13.0557
0.6863 -20.0237 15.8688
0.5663 -16.7388 9.6107
0.4018 -17.3210 8.8372
0.5606 -17.8420 9.5628
0.5527 -20.9571 15.6864
1.6741 -38.2728 20.0601
1.6386 -38.3613 19.1511
0.2974 -18.2397 9.2944
0.1165 -18.0493 8.8716
0.3123 -18.5942 9.0121
1.2784 -20.4045 16.5365
1.3408 -19.6808 14.6190
1.2423 -18.5312 16.0128
0.2233 -17.5572 8.6783
0.4024 -17.6969 8.1444
0.3483 -18.1345 8.5803
0.4993 -19.8383 8.6144
0.4232 -19.0535 9.5526
0.5537 -18.5300 7.8055
0.5520 -17.5290 12.0465
1.1457 -17.9504 15.3886
1.2918 -18.7709 13.2527
0.3582 -17.4342 13.7994
0.1257 -16.8719 13.7158
0.3477 -17.2697 13.3434
0.0627 -16.3659 13.2558
0.4021 -16.4961 12.9919
0.5307 -17.1274 12.8967
0.5601 -17.9678 13.4867
0.6046 -18.5446 12.7894
0.0434 -15.6438 13.1562
0.4389 -15.5997 12.6599
0.5642 -16.3409 12.3025
0.4936 -16.2182 11.3093
0.1505 -17.3060 8.0643
0.2551 -16.6102 8.0529
0.1706 -16.9506 7.8884
0.4546 -16.8276 7.5180
0.5036 -16.3948 7.1785
0.5355 -15.2232 7.7712
0.4594 -16.2059 8.2710
0.3388 -16.6319 14.0798
0.4919 -13.9393 8.2863
0.5132 -15.3315 9.9739
1.2212 -16.0129 13.3926
1.0590 -15.8042 14.0723
1.2031 -17.3660 14.2436
1.3313 -16.9917 13.1523
1.0823 -38.3226 18.8517
1.2829 -37.9013 18.1529
1.3646 -38.3815 18.9436
1.2302 -15.0034 12.0436
1.2446 -16.3438 11.9119
1.0259 -15.4399 13.0698
1.1993 -14.9612 12.5147
0.4238 -15.3582 6.9573
1.1576 -16.5825 8.1975
1.1305 -18.1940 6.5607
1.1233 -15.1023 7.5617
1.2179 -17.7092 12.0799
1.0854 -33.5555 23.4806
0.9925 -33.3661 23.1948
1.2492 -34.6588 23.8126
0.9928 -31.1327 22.8778
1.1112 -33.6869 22.7959
1.1561 -19.6778 11.2547
1.0218 -33.3557 19.8171
1.0373 -37.5889 20.5071
0.9742 -37.3653 19.3925
1.1343 -35.2759 23.7137
1.5629 -35.9152 24.0386
1.0863 -35.6761 22.8580
1.2148 -37.8938 23.7238
1.1596 -37.0083 23.8678
1.4075 -37.3725 24.2523
1.6260 -36.9647 24.2055
1.2162 -18.8203 9.0778
1.2056 -18.2360 7.1035
1.2812 -18.6821 10.9264
1.2314 -16.8649 9.9875
1.6130 -38.6195 24.5552
1.8670 -38.2728 24.4977
1.8706 -38.3027 24.3120
1.7958 -38.5299 24.4955
1.2260 -36.7012 22.4209
1.2312 -37.8387 22.9800
0.6141 -23.0435 11.9019
0.6458 -22.2504 13.6079
1.8823 -37.6369 23.6897
1.7787 -36.5268 23.8677
1.7763 -37.6859 24.2188
1.9394 -37.9163 24.0463
0.5838 -22.9322 13.8514
0.6298 -24.2592 12.8601
1.9562 -35.5999 22.7893
0.6633 -24.7491 11.6759
0.5831 -25.6838 10.5005
0.6452 -25.6374 12.2862
0.6674 -25.3696 13.4165
0.6154 -24.9414 13.8371
1.0367 -34.9487 20.8071
1.0033 -35.2771 19.8972
1.1183 -35.1660 21.8335
0.6301 -23.6159 13.9610
0.6746 -26.8869 12.9810
0.4278 -26.5576 13.4944
1.0590 -14.4176 11.5171
1.0263 -14.8224 11.1884
1.1252 -14.7304 10.5727
1.9629 -35.3350 22.1490
1.8011 -33.6916 22.3218
1.7246 -34.9015 20.7360
1.1012 -12.6676 9.3108
1.1619 -37.8396 21.3188
0.4218 -23.0718 9.1636
0.5875 -22.8488 10.4196
0.4521 -22.4436 9.1850
0.6365 -22.0443 10.9796
0.6024 -21.1796 8.3782
0.5606 -21.6960 9.0177
1.9467 -37.6503 22.0336
1.0684 -36.4440 19.7333
1.3880 -22.4852 7.8120
1.5524 -36.4460 18.3087
0.1460 -15.8115 14.5867
0.3361 -15.2810 14.5755
0.5556 -15.3010 15.1159
0.0116 -15.5201 13.8603
0.1009 -14.6873 12.5786
-0.0004 -14.7696 13.0213
0.2602 -13.7976 12.2500
1.2947 -21.8433 10.0118
0.3494 -14.9080 12.2843
1.1996 -22.1361 10.8921
0.5115 -14.8117 11.7620
0.5160 -14.0710 14.1812
0.1948 -14.9485 13.8598
0.2687 -14.2473 13.7182
1.1703 -23.1313 9.9111
1.1640 -24.1137 10.1673
0.5227 -23.2186 8.6262
0.3803 -13.3013 12.9154
0.1874 -13.5326 12.7222
0.4722 -23.3618 10.1153
0.5920 -24.2430 11.0540
0.5913 -23.7199 9.7244
1.0336 -13.8232 15.7123
1.2277 -25.1285 9.9185
0.9959 -14.5978 12.9691
1.2144 -22.4788 12.6127
0.7817 -8.6117 21.2443
0.9493 -7.5923 21.0646
1.0325 -8.5022 21.0249
0.4009 -13.3293 6.8022
0.5896 -9.8116 21.2038
0.4274 -10.0132 20.8428
0.4511 -14.7013 5.4581
0.3837 -8.2309 20.4137
0.4534 -13.1971 5.1470
0.5213 -11.6696 18.9832
1.4780 -30.7848 18.2978
1.0048 -9.2804 21.0402
1.6158 -32.8014 20.8887
0.8454 -10.0928 21.2859
1.0559 -9.8110 20.2565
0.5543 -11.8820 20.2275
0.5015 -11.6504 21.1203
0.5505 -13.8679 21.0194
0.8195 -28.8380 17.7819
0.8845 -30.5983 18.2286
0.9431 -13.0952 6.4832
1.0089 -13.1834 4.8627
0.6958 -11.1138 21.3357
0.9820 -10.8115 21.2283
0.9216 -11.6111 21.3457
0.6425 -12.1804 21.3529
1.0700 -11.2197 20.9919
0.9963 -12.5313 21.4300
1.0798 -14.4387 6.4374
1.1115 -13.7300 20.5346
0.9849 -10.8017 19.0173
0.5014 -16.4507 20.8505
0.5438 -17.5961 21.1521
0.6446 -18.1864 21.5110
0.5821 -16.6749 20.4609
0.5459 -17.5953 20.2039
0.6494 -17.7397 20.8804
0.6522 -17.2460 19.8531
0.5599 -14.3327 19.3758
0.6249 -15.3846 19.9284
0.5772 -14.8315 20.5284
0.6707 -18.9867 20.9957
0.8573 -18.3576 21.8014
0.9865 -12.2031 4.2766
0.6985 -19.7262 19.6717
0.4680 -15.1590 20.5350
1.5193 -32.1938 17.0789
1.4832 -29.2060 17.0881
0.6221 -16.4943 19.3009
0.6769 -17.1857 18.6869
0.5520 -16.8686 19.2752
0.6234 -17.7764 19.2319
0.6766 -18.2748 20.1283
0.5448 -18.2456 19.1491
1.1281 -16.4431 18.7094
1.2112 -17.7878 20.4420
0.6716 -27.5214 16.4964
0.4923 -28.0388 15.1959
0.6963 -28.4725 15.9784
0.5738 -14.9898 17.5990
1.0519 -13.9005 18.8645
0.7987 -29.7022 14.0132
0.7662 -30.5394 13.1021
0.8733 -32.3923 15.7377
1.2546 -19.9221 19.8203
0.8168 -29.3575 15.3749
0.9428 -37.1911 17.6640
0.9289 -37.2081 16.9119
1.1542 -37.4404 17.1260
0.7684 -20.4472 18.8563
0.5136 -22.3935 19.1262
0.7535 -22.6044 19.8838
0.9854 -36.3215 18.3138
0.8398 -37.3884 18.6705
0.9068 -37.8165 18.6373
1.0234 -37.6181 18.1871
0.6937 -15.4101 21.5897
0.5268 -15.7104 21.2422
0.6149 -14.1105 20.5063
0.8444 -36.3991 17.3728
0.7939 -14.7484 21.7249
1.0247 -15.6362 21.6922
1.0807 -14.6546 21.8271
1.2023 -15.5024 21.4978
0.6415 -13.6322 21.4072
0.9244 -13.6115 21.5692
0.9330 -35.2778 18.7787
1.2194 -14.5401 21.4226
1.1459 -13.3974 21.3017
0.6388 -21.6507 18.5960
0.6887 -16.6440 21.5572
0.9885 -16.7083 21.7431
1.2461 -17.8757 21.7569
0.6212 -20.9758 18.3408
1.2086 -16.6834 21.5332
1.2648 -17.0785 21.2883
1.2706 -20.6505 18.0949
1.5527 -37.6529 17.9602
1.4762 -37.0928 16.7499
1.5121 -31.9145 14.5953
1.4432 -29.8822 14.9199
1.5647 -31.3550 16.2284
0.7213 -27.8789 12.9495
0.5299 -27.5823 13.3516
0.8850 -35.3557 15.8629
0.9371 -34.6967 17.0185
0.8144 -33.6934 14.9260
0.7252 -28.5637 12.1228
0.7853 -28.6235 13.5464
1.0068 -34.2085 19.2485
0.6556 -28.2009 14.4380
0.4559 -27.9741 14.3811
0.4312 -27.0001 14.9947
0.3426 -26.9994 14.0382
1.3891 -28.4968 16.1572
1.4674 -34.2170 17.3126
1.5401 -34.0983 16.2693
0.5885 -17.5792 18.2663
0.6631 -19.6695 17.7525
0.8717 -36.5385 16.3051
1.0248 -36.7165 16.1251
1.2178 -17.6634 18.3763
0.7129 -35.0676 15.1574
1.0158 -36.2600 15.2548
0.8838 -35.0430 16.6288
1.3381 -36.7173 16.0251
1.4863 -36.1555 15.6594
1.4010 -36.0867 14.9903
1.1396 -17.8083 17.5147
0.7584 -29.8687 12.0607
1.4404 -35.1831 15.0873
1.3580 -30.7303 13.0860
0.3894 -20.8728 17.7515
0.8980 -34.4830 19.3440
0.4574 -9.6322 16.0472
0.6948 -27.4660 17.0831
0.8070 -28.0992 16.8209
1.3290 -18.7510 21.4799
0.9510 -10.6958 16.8053
0.4906 -23.6338 19.1737
0.7231 -23.8599 19.1255
0.4851 -11.6454 17.1557
1.1869 -30.9311 23.3000
1.1569 -32.1718 23.3547
0.7896 -34.1671 14.5639
1.4814 -30.7904 23.3724
1.5600 -30.1499 23.2219
1.7191 -31.4211 23.0374
1.3669 -33.5551 23.6812
1.5243 -32.6326 23.4649
1.6191 -33.7406 23.5837
1.7513 -33.3879 23.1281
1.3921 -31.7875 23.5686
1.6624 -31.9346 23.3930
1.1314 -16.7998 16.0558
1.5050 -33.2896 14.5861
0.3900 -9.5278 11.6594
0.3507 -11.5830 12.1695
1.5299 -32.6667 13.6635
0.1156 -6.5924 10.1496
0.0932 -7.2315 10.0759
0.2251 -9.2969 11.1889
0.2211 -8.1923 10.6216
0.1139 -10.7470 11.4418
0.1938 -9.9255 10.7925
1.6784 -35.2976 23.9147
0.2512 -8.4424 9.9287
1.8985 -38.3283 24.4644
1.0079 -9.0048 9.6255
1.1975 -9.3596 9.9319
1.4070 -32.8475 12.9375
1.5131 -33.0294 12.5985
0.4073 -13.6362 8.5827
0.4524 -13.6246 9.4875
0.3530 -12.2300 8.3336
1.5057 -34.3780 23.8914
1.6936 -34.8350 23.6228
0.2683 -12.6338 12.1318
0.4362 -12.9544 11.5156
0.6892 -26.8469 11.6278
1.0418 -13.4910 12.3037
0.1291 -11.7332 11.7498
0.1659 -10.9834 11.1461
0.3110 -11.8230 11.3339
0.3525 -12.2100 10.4005
1.1891 -12.9577 11.7357
1.2242 -11.9781 11.1210
0.4613 -13.0040 10.0329
0.4293 -14.3491 10.4492
0.9875 -13.2069 10.6238
1.1751 -12.9611 11.2886
0.3724 -11.3846 9.8566
0.3164 -9.7326 9.7207
0.3949 -10.3611 8.6209
0.4178 -11.8178 8.4751
0.3986 -10.8276 10.5682
1.2217 -10.3741 10.5038
1.0511 -11.0751 10.3559
0.9221 -9.0451 8.9890
1.1167 -12.5564 8.0613
0.2729 -6.2312 4.5218
0.3790 -6.6903 5.0738
0.3112 -5.9952 5.7256
0.3190 -7.5764 5.5579
0.3393 -8.6219 3.8477
0.3515 -8.5789 6.2173
0.3901 -8.0948 3.2608
0.9431 -7.6037 5.9897
0.9914 -9.4032 5.3194
1.0385 -8.6818 4.2506
0.9567 -6.2284 5.2942
0.2676 -7.6478 8.5098
0.2462 -5.4818 8.6052
0.3232 -6.5508 8.1616
0.3730 -8.8970 7.8293
0.3732 -6.8359 7.3791
0.9460 -8.4277 7.6190
0.9473 -10.5581 6.2802
0.2950 -22.2853 18.5183
0.3211 -21.9267 17.9428
0.4810 -20.3164 16.9634
0.9894 -10.1668 8.0096
0.5554 -20.9778 16.9356
0.3341 -4.8017 5.6254
0.4805 -25.1666 14.2971
0.3303 -22.9780 18.5080
0.2773 -23.2165 19.0143
0.6362 -23.6052 18.5471
0.7646 -25.0991 18.5743
0.7093 -23.9667 18.3692
0.2708 -6.8504 6.7033
0.7996 -26.8820 16.5154
0.3286 -11.9057 6.9882
0.4150 -11.8765 6.5363
0.3336 -10.7533 7.6741
0.3129 -10.6575 5.7483
0.3706 -11.8157 4.8978
0.4165 -9.8885 7.0689
0.3564 -9.5363 4.3660
0.3849 -10.6191 4.2582
0.2748 -9.7994 4.0276
0.3595 -9.9434 3.5165
0.3202 -11.0649 3.3921
0.3819 -9.9013 5.3414
-3.3735 24.8240 2.5457
-3.4238 25.5303 1.3905
-3.4789 24.8702 1.7704
-1.4957 32.6918 -8.5707
-1.5824 33.5835 -8.5962
-0.8143 32.7387 -8.5643
-3.4088 24.2470 1.9337
-1.1189 31.5579 -8.3970
-1.9106 32.2937 -8.5104
-2.8190 23.0592 1.4726
-3.0035 23.4967 2.4273
-3.1772 24.0885 1.7236
-2.8727 24.2326 0.7945
-4.6710 39.6531 7.4427
-5.1833 38.8594 7.0570
-4.6896 37.1128 7.3073
-3.8632 38.4139 7.6253
-2.8628 22.2091 3.7119
-2.6740 21.7412 4.8228
-2.8070 22.4662 4.3259
-4.9306 35.9975 6.9870
-2.5145 21.2050 3.7256
-2.6813 22.2449 3.1223
-2.4613 21.6397 2.6646
0.3929 32.5322 -8.7607
0.1947 33.6757 -8.9314
-4.1832 35.7082 7.5384
-4.1516 37.5611 7.6912
-0.6219 34.6201 -8.8897
-2.2008 20.3797 0.0246
-1.9014 19.2039 3.2179
-5.4169 39.7542 6.3912
-5.2907 40.5250 6.4032
-5.6165 39.8385 4.6050
-5.5234 38.7798 5.9638
-5.1941 40.5959 5.1031
-5.4834 40.2969 4.4024
0.2428 4.6189 3.5213
0.3188 4.5506 3.0140
0.3133 2.8469 4.2045
-2.9495 40.8982 -8.8850
-1.7004 40.4432 -9.1255
-2.6851 40.0970 -8.7913
-4.7295 41.0751 7.4915
-4.8537 41.5539 7.1203
-5.1901 40.4870 7.1155
-2.9102 22.8113 2.3019
0.2529 5.2635 4.7514
0.2233 3.5035 5.7412
-1.0290 41.6983 -9.3978
-2.6966 41.9917 -9.0732
-2.5781 22.0280 1.2782
-0.0395 40.9379 -9.5594
-2.0078 39.9300 -9.3673
-1.3155 40.0622 -9.5796
-1.0988 40.3321 -9.2892
-1.4277 39.7530 -9.7171
-0.4259 39.8233 -9.7532
-5.1203 40.7298 6.0524
-4.9039 41.1905 6.5959
-0.4353 40.3191 -9.5167
-4.2274 41.5148 6.3936
0.9249 2.9251 5.3460
0.9509 3.0831 2.3606
0.8845 4.9258 3.3735
0.9785 1.3407 3.2051
0.0522 42.1095 -8.4198
-1.3725 42.2477 -8.7073
-0.8870 42.2050 -7.7985
-4.5088 40.9567 5.6043
0.3884 -1.6259 1.9451
0.3391 -3.2465 2.9869
0.3475 -2.3156 3.7101
-5.2979 37.3399 6.5470
-5.4881 37.8857 5.5468
0.2958 -2.3837 2.0115
-0.5820 38.1829 -9.5282
-1.1897 38.0776 -9.1693
-1.6156 38.7659 -9.2723
-1.2634 39.3900 -9.6716
-0.1054 38.6532 -9.6486
-5.2551 36.3941 4.3041
-4.8299 34.4674 5.8229
-0.8185 36.8296 -9.1306
0.1555 37.3122 -9.5186
0.0425 1.2006 7.1783
0.1846 0.8433 6.6220
0.8006 38.0586 -9.4682
0.7008 39.1972 -9.5325
0.2675 0.1562 5.5628
0.2593 -0.1004 6.3900
-5.6999 39.1805 2.8289
2.0144 37.9270 -9.0335
-0.1545 42.3442 -7.3891
3.9223 21.1177 -0.5465
4.2485 22.4484 -1.7464
4.3198 22.5312 0.2325
0.6991 42.1817 -8.5746
0.7335 42.3843 -7.6201
1.4648 42.1389 -8.2969
4.3993 23.5173 -3.4017
3.9401 21.4156 -3.1954
4.0369 21.6481 -4.0285
1.3300 41.9340 -6.1630
0.4179 42.0883 -6.0835
1.1513 42.1130 -5.4956
0.6242 42.1454 -6.7014
0.2293 2.1923 6.6368
1.4706 42.0182 -7.0631
2.1484 42.0771 -6.8194
0.9891 42.2433 -7.2067
1.4782 42.0077 -7.8178
4.9010 25.7760 -3.8278
4.6178 23.9542 -1.9593
2.4828 42.1534 -7.4777
2.2315 42.0272 -8.0546
2.3362 38.8660 -8.9129
0.9402 -0.3819 4.1921
0.3404 -0.6216 4.6109
0.2730 -2.1270 5.1625
-5.5839 37.9580 1.6763
0.3227 -2.9955 4.9205
0.4324 30.7346 -8.6440
-0.2729 28.3020 8.1623
-1.0436 27.6968 7.9480
-0.4533 26.7912 8.1225
-1.0550 29.4005 7.7355
-1.5132 27.9630 7.5736
0.9781 33.1843 -8.8509
-0.0586 27.6270 8.1789
1.7836 32.3371 -8.5808
0.2957 28.8293 8.2984
-0.2272 29.1289 7.9674
0.6220 28.5023 8.4530
-1.4088 35.6923 -8.7091
-5.6141 40.2928 0.3685
-5.7923 40.0764 -0.0715
-5.7337 39.7566 1.2929
0.5291 28.0126 8.3101
0.6733 35.6345 -9.1833
0.2051 36.4042 -9.2482
0.6731 29.1106 8.4832
1.1463 28.2909 8.1729
-0.1782 25.7551 8.1530
-0.2347 24.9857 7.9339
0.0758 24.8568 8.2681
-1.1917 25.5250 7.6001
-1.2329 26.5825 7.8931
-1.6618 25.9514 7.5351
0.9495 34.7598 -9.1710
-5.6775 40.2175 -1.0567
-5.8846 39.5344 -0.4670
1.5679 35.9472 -9.0168
1.0991 36.9210 -9.2375
-0.6039 24.8786 7.6793
0.2189 26.4966 8.1349
1.4972 35.3134 -9.0941
0.1935 25.7664 8.4087
0.4326 24.9547 8.4539
0.7928 25.6712 8.4197
-5.9173 39.3012 -1.8511
1.2568 24.5079 8.1979
-5.4615 36.8123 -0.9787
-5.5235 39.9556 2.6441
-5.7077 39.5783 2.9199
-5.4039 40.2189 1.2139
0.8830 27.4730 8.0140
-5.1220 40.2461 2.1488
-4.8088 40.4946 1.3171
1.1137 26.7501 7.9490
2.1064 37.1886 -9.1213
2.2722 36.2618 -9.1122
-4.7917 40.8559 0.4614
0.7968 26.1056 8.1956
1.3941 25.7768 8.0845
1.5957 33.3028 -8.9717
-5.2927 40.2859 3.5640
2.6661 32.9512 -8.7899
2.0515 33.9324 -8.8868
0.0072 23.8441 7.7444
2.1759 34.4698 -8.9332
-0.7890 22.7018 7.4955
-4.5743 40.8656 4.1447
-4.7633 40.5211 3.5998
0.3829 23.8693 8.0258
-4.6948 40.3889 2.5095
0.0915 22.1749 7.7346
-4.2443 41.0544 4.4714
0.5579 23.0029 8.0303
-3.6192 41.2867 4.5152
1.2786 23.6556 8.0794
0.8309 23.8492 8.1674
-3.8600 41.0149 2.9193
-2.9888 41.7091 3.6548
0.9475 22.7278 8.1850
2.9926 36.2506 -8.9210
1.6764 24.7025 8.0043
1.8536 25.8135 7.7371
3.4846 38.0269 -8.7129
3.5794 36.9558 -8.7077
2.1161 24.1989 7.6754
0.3368 1.8783 1.0716
0.3369 0.0852 2.5186
1.5133 22.6550 7.9332
3.9589 36.1627 -8.8235
-3.6922 41.6718 1.3767
-4.1085 40.9667 1.8784
-4.1810 41.5191 0.4126
-3.3740 41.4618 2.1304
0.9628 -0.8184 1.6403
4.4834 37.1242 -8.7006
4.2573 38.0023 -8.7736
2.6481 34.9431 -9.0456
2.9631 25.6440 7.5259
2.3014 25.9068 7.5654
-2.8642 41.6406 2.8441
3.3920 34.3739 -9.1444
3.4605 33.6708 -8.8562
2.9796 24.5455 7.4722
2.6579 23.5810 7.3351
3.2815 33.3256 -8.7164
-3.2058 42.1635 1.0294
-3.0772 42.2908 1.7303
3.3237 23.9472 7.0778
-2.8373 41.9140 2.3071
-2.7874 42.1193 2.1084
-2.7319 42.1643 1.0679
-2.3282 42.1713 1.8105
0.2067 21.2073 7.9255
-0.7780 20.9823 7.5504
-0.4766 20.2394 7.6957
4.1254 33.7705 -9.1067
-0.1265 19.9486 7.9596
0.7936 20.6535 7.9970
0.2455 19.4337 8.0732
3.3823 35.2868 -8.9537
3.5135 34.8605 -9.1773
-4.1752 42.4135 7.6155
-4.5478 41.9421 7.5597
-4.5160 42.0123 6.8902
-4.0593 41.7481 7.7861
-3.9379 42.5381 7.3760
-3.8879 42.1852 6.8530
0.4398 18.7026 8.2250
0.9073 19.0798 8.1025
-2.8829 42.6032 7.6485
-2.7419 42.4313 6.8254
-3.2509 42.3730 7.9769
4.2025 35.5579 -9.0532
-2.2736 42.4968 7.9923
1.6577 19.8365 7.6336
1.3623 20.7564 7.7952
-3.1934 37.9068 7.9145
-3.0782 36.7746 7.8468
1.8154 19.1571 7.4762
1.4606 17.4873 7.7255
4.4048 34.5418 -9.2543
0.8283 17.6841 8.0869
-2.4567 37.7263 8.0024
1.9040 17.6331 7.2325
4.8721 33.8309 -9.1111
4.9724 35.3108 -9.0700
5.2563 34.2787 -9.0548
-4.2249 29.5197 -4.7613
-3.9735 28.4783 -5.1970
-4.2042 29.1348 -3.5253
-3.8913 28.1732 -4.5304
0.7010 21.9031 8.0806
-3.9355 28.8175 -5.9940
1.1237 21.7095 7.9982
-3.6086 27.5677 -6.2679
-3.6198 27.0385 -6.1415
-3.6357 27.1287 -5.1518
-3.8890 27.7403 -4.4682
-2.8265 39.5221 7.8669
-3.9309 41.2983 5.8881
-3.9469 29.4888 -6.3093
-3.6695 28.1110 -6.9233
1.9185 22.3642 7.5089
-3.6810 29.0751 -7.3138
1.8535 20.8893 7.4044
2.3612 20.7464 7.1477
-2.5436 41.8034 8.1348
-2.7474 40.8669 7.9789
-3.3333 27.8593 -7.5056
-3.2670 27.1139 -7.1799
2.9251 22.2786 7.0728
-3.6690 26.4129 -5.2158
-3.4242 26.6939 -6.3565
-3.3964 25.5457 -5.4102
-3.2591 25.5998 -6.1141
-2.9943 25.7558 -6.7655
-2.9936 24.8263 -6.3264
2.0855 19.9973 7.2283
-2.6181 24.0541 -6.9503
2.1783 18.5959 7.0296
-2.8623 27.7890 -7.7254
-2.6438 25.8734 -7.3037
-2.3413 26.8067 -7.6771
-2.4105 38.6553 7.9465
2.8439 19.8862 6.8408
-1.7637 25.0546 -7.6852
2.7417 18.5569 6.6730
-3.8536 30.4629 -7.5920
-3.8019 30.9387 -7.7538
-3.2673 29.6711 -7.9254
-3.2752 28.6998 -7.6616
3.0088 21.0014 6.9494
-1.5694 39.5264 8.3588
-1.0588 39.0871 8.3904
-1.7184 37.3717 8.1117
3.3041 21.1515 6.6977
-1.5708 40.4375 8.3223
-2.5091 28.6227 -7.9860
-1.8672 42.1629 8.2302
0.2749 3.5599 0.6899
0.2902 4.0654 0.0184
3.4856 20.3764 6.1051
-3.0669 30.7140 -8.0671
-2.0663 29.9844 -8.1402
-2.3677 31.0652 -8.1133
-1.7729 42.5901 7.2037
-1.3032 42.4398 7.9433
0.3280 5.2912 -1.9572
0.1747 4.6355 -0.5770
0.2869 6.2181 -1.1550
-1.5903 27.1095 -7.8528
-1.0915 41.6203 8.3943
0.2952 3.5705 -2.0043
0.2800 2.1258 -1.1222
3.8106 22.6565 6.3527
-2.2434 35.9616 7.9513
-0.5139 41.9610 8.4705
0.3243 7.8603 2.1458
0.2888 7.5134 4.3377
-0.1197 42.2029 8.2395
-0.7452 42.3301 7.4742
-2.2782 31.8208 -8.2279
-0.2830 41.4513 8.7330
-1.1505 29.2047 -8.1176
-1.9317 28.8505 -8.0098
-0.3705 40.5537 8.7169
-0.3591 29.1654 -8.3077
-0.5327 27.1563 -8.1326
-0.6032 25.5660 -7.9496
0.2877 6.5310 1.8054
-0.8092 38.1507 8.3682
0.9643 5.2287 1.9699
1.0539 7.1467 1.7700
-0.1673 39.0193 8.5732
1.0410 6.6515 3.1416
0.0314 39.6156 8.7610
-1.1157 36.6850 8.1636
0.6890 27.5377 -8.4392
-0.2761 37.5377 8.6246
-2.9949 34.4029 7.7368
-2.2078 33.4587 7.8502
-1.2685 35.5926 8.2123
0.2678 26.8176 -8.3637
0.3965 39.1999 8.8148
-1.7055 33.3135 7.8399
-3.1357 42.1422 6.4105
-3.4982 41.7158 5.8847
-3.5090 41.4575 5.2230
-3.1984 24.2027 -5.4415
-2.9952 23.9216 -6.3102
-3.6970 33.7414 7.5571
-2.7070 23.1271 -6.6950
-2.8184 42.0129 5.6166
-2.8688 41.9488 4.7408
0.3296 4.7978 1.5081
-2.4728 22.0999 -6.5272
-2.8817 23.0030 -6.2333
-2.2113 24.1366 -7.3692
-2.1572 22.9723 -7.3506
0.9466 3.4326 0.8145
-0.4802 24.5475 -7.9469
-1.6099 22.8367 -7.5838
-1.6493 42.4249 6.0813
-0.4088 34.6439 8.1400
-1.9159 30.9263 7.6044
-2.3926 42.3256 5.1287
-2.3444 42.2819 4.0631
-1.9915 42.5036 4.7567
-2.0272 21.3929 -7.0108
-1.3387 42.4534 5.5621
-1.5492 21.6194 -7.3952
-1.6997 21.0251 -7.2365
-1.2920 42.5436 4.5357
-0.7126 21.3129 -7.7038
-0.2674 36.4708 8.4837
-0.8516 37.2575 8.4660
-0.7847 19.2637 -7.4030
-2.2845 42.2245 3.2107
-1.6327 42.4778 3.5196
-2.0566 42.1149 2.6983
-0.9443 20.4172 -7.5885
-0.5317 22.9273 -7.7874
0.3963 36.1296 8.5341
-1.5062 42.2888 1.4908
-0.2213 42.3723 2.3141
-0.1596 42.5130 3.7853
-1.1445 42.3544 3.0903
0.4072 22.9021 -8.0643
-0.2204 20.0160 -7.6893
0.1310 33.8658 8.2411
0.5958 33.9852 8.3134
1.5624 35.4894 8.2667
-0.1584 42.4908 2.8147
0.3120 6.8017 0.0367
-1.0323 42.3679 6.4727
0.2454 5.7958 0.2301
0.2851 8.8053 0.6034
-0.5004 42.2837 6.1248
0.1687 9.3613 -0.6158
0.2571 42.4514 5.9521
0.1805 7.0416 -0.5785
-0.3328 42.1588 6.7535
0.9212 24.6233 -8.2947
0.1350 42.2473 7.5303
1.0157 42.5436 6.9428
1.3030 26.2594 -8.3113
-0.2785 42.6495 4.4579
3.1299 25.3947 -7.9016
0.3163 42.6375 5.2651
-0.2481 42.5823 3.4977
0.9814 5.5825 0.0055
2.2627 21.8032 -7.9455
0.8911 42.4678 3.2277
0.7319 42.5533 4.7849
1.0612 20.9560 -8.1090
1.6001 42.6005 5.6349
1.9994 42.5353 4.1991
1.7841 42.4283 4.7842
1.2002 8.3577 1.4991
1.2902 8.6844 -0.6461
1.4322 9.4131 -0.2459
1.1137 7.4463 0.2675
-0.1103 30.9754 7.9890
1.6555 42.5871 3.1111
1.0761 6.7299 -0.3343
-0.0175 42.0926 8.7203
0.4973 42.5258 8.6961
0.4820 42.5103 8.2376
0.3157 42.2587 9.0235
0.9665 42.2582 8.9936
0.3108 41.1691 9.0072
1.8245 41.9615 8.8136
2.6400 38.8911 8.3513
1.3190 42.6168 8.6288
0.2275 29.3396 8.1199
0.2315 30.0557 8.2474
2.1036 42.4582 8.6479
0.6383 32.1670 8.2989
0.2515 31.8159 8.2163
0.3526 31.0859 8.4506
0.3996 29.9551 8.5227
1.5480 29.5780 -8.4182
0.6876 30.0910 8.6162
1.0105 30.9932 8.4754
1.2886 32.0918 8.1136
3.8302 28.5024 -7.9897
1.7042 31.0326 8.1679
2.7190 31.3671 7.7230
1.1548 5.7396 -0.6603
1.1762 42.7128 8.1131
0.9985 42.5581 7.6932
1.1255 4.5821 -1.1692
1.0146 4.2292 -0.0551
1.1208 0.8375 -0.8005
2.1125 42.6286 6.5800
1.1944 29.3607 8.4101
1.6352 29.9475 8.3675
3.8961 23.0008 -7.6303
3.0286 20.9564 -7.7872
3.2912 23.7932 -7.8642
1.7778 42.7443 7.9705
0.2520 2.5321 -0.2412
0.3136 0.7641 -0.0171
4.7390 40.6080 8.1560
1.7613 28.5157 7.8893
3.0740 42.4347 8.2089
2.5727 42.5245 7.6652
4.0771 22.1084 -6.7066
3.9831 22.1881 -7.3915
4.3854 23.8883 -7.3638
0.1966 0.0587 -0.3946
0.1504 1.9300 -0.5672
1.8722 30.3512 8.2592
4.3372 26.2545 -7.7453
2.9633 42.5622 6.6810
2.2741 29.0705 7.9043
3.1933 42.3352 7.4309
2.3641 30.2401 7.8621
0.3377 -1.2104 0.0708
0.1611 -1.5831 -0.4433
0.3286 -2.2759 -0.1315
0.2787 -0.4385 -0.7637
0.3098 -1.5159 -0.9347
3.3218 29.6014 7.5388
2.3551 42.5683 5.1897
2.5432 42.6235 5.7997
2.7878 29.2635 7.8455
3.5529 42.4911 6.3050
3.8546 21.1006 -4.3397
4.3120 23.3956 -4.5872
3.2093 42.6196 4.6032
2.8844 42.6037 3.4786
3.0422 42.4344 5.4059
4.6004 24.7400 -6.0458
3.9418 21.6331 -5.7071
3.6427 42.4654 5.5608
0.3832 -3.6242 0.8301
4.1400 42.5528 4.6677
4.8319 25.7119 -4.8328
3.2534 42.2359 8.5343
3.9580 42.4137 8.2141
4.7107 24.7513 -5.0751
3.8058 42.3687 7.3554
3.6056 41.9325 8.5057
4.7947 42.0447 8.3155
5.1302 27.5070 -6.6544
4.7864 25.6286 -6.9207
4.6537 25.8524 -7.4691
0.9755 2.0878 -0.2601
0.9997 1.3158 0.4421
1.0026 -2.1905 -0.3586
4.7563 24.9465 -5.8529
4.9919 26.0772 -5.6079
5.0845 26.5416 -6.2421
4.2497 42.4830 7.6326
4.3120 42.2957 8.3252
0.3150 1.6053 -2.3582
5.2178 27.5202 -6.0399
4.7931 42.5002 7.9134
4.9563 42.4439 7.0233
5.1893 27.7404 -7.1774
5.2973 42.4135 8.0769
5.6765 42.4948 7.5500
0.3681 -0.2151 -1.7708
4.6628 42.5467 5.8215
5.3902 42.3324 4.5599
4.9754 42.4705 5.7060
1.0668 1.2507 -1.2170
0.9760 2.0307 -1.7550
6.2259 42.3369 5.8580
4.4004 30.3305 7.3788
6.1480 42.4564 6.9027
1.0576 2.1626 -3.2405
1.0051 3.4438 -2.7384
4.2259 32.2535 7.5661
3.0072 31.2645 -8.2678
-5.8688 39.9607 -2.1756
3.3628 32.2467 -8.6130
-5.7106 38.4696 -2.2535
-5.5552 40.6124 -2.1845
-5.8476 40.5402 -3.3291
5.5474 34.8390 7.4732
-5.6793 40.9013 -3.9617
-5.1407 41.1095 -3.2294
-5.8459 39.5309 -4.4428
0.9527 0.4643 -2.3045
-5.7009 38.1331 -3.3426
-5.7649 41.1885 -5.2835
-5.9793 41.1875 -6.3528
-5.9379 40.3868 -4.4411
-5.9577 40.6755 -6.7781
-5.7268 39.5157 -6.3529
5.3212 31.5061 7.2337
3.7971 31.5953 -8.2155
5.9420 33.1094 6.9499
5.3720 30.1563 6.8525
-4.8644 41.3561 -4.1166
5.6153 30.5343 6.0745
4.0307 31.9658 -8.5505
-5.3365 41.5490 -5.2624
4.6983 31.7667 -8.1193
5.2358 30.9833 -7.8911
-4.0077 41.7774 -4.7395
-5.8246 41.3087 -8.2715
-5.9100 41.4406 -7.8094
-5.6860 41.8833 -8.2939
-5.8707 40.4787 -8.0794
-5.6063 39.1138 -7.4557
-5.5481 40.8718 -8.3958
-5.3409 41.7397 -8.6295
6.1165 34.8488 7.1902
-5.5283 41.8743 -6.1590
-5.8531 41.7871 -6.8203
5.0158 27.8230 -7.6131
4.9676 29.0386 -7.8346
5.4493 29.4416 -6.6279
-5.4483 42.1309 -6.9615
5.4789 29.4857 -7.2369
5.3970 29.4891 -7.5291
4.5495 29.5334 -7.8906
-5.5535 42.1592 -8.0010
-5.1270 42.3288 -7.8676
5.3073 30.1425 -7.6932
-4.4035 42.0804 -6.7105
-4.4746 42.3536 -7.7912
-4.8268 41.9018 -5.8533
5.9568 38.8127 7.7052
-3.6460 41.9434 -5.8573
4.0964 32.7566 -8.7793
-4.1306 42.1085 -7.4442
4.4304 32.1915 -8.5769
4.8039 33.0319 -8.7767
4.8528 32.2728 -8.2596
-3.6146 41.9510 -7.2738
5.2603 32.4476 -8.1324
-5.2500 42.1076 -8.5538
-4.6655 42.2820 -8.4106
-4.6160 42.0777 -8.7512
6.0397 36.6211 7.5142
-3.8272 42.1722 -8.7233
-4.8988 39.8771 -8.4873
5.3453 33.2011 -8.6956
5.5937 33.6873 -8.5819
-4.1061 41.7910 -8.8459
6.6371 38.3625 7.3204
-3.8654 42.2626 -8.3252
6.6473 37.0993 6.9705
-3.2632 42.3014 -8.5433
-3.1809 42.0514 -7.9356
7.0487 39.0382 6.4550
6.8908 37.8754 5.3737
-2.5705 42.2717 -8.2073
6.3973 35.0097 6.2043
-2.3870 42.2133 -8.9635
-0.8818 42.1200 -9.2391
7.3249 40.2008 5.1168
-0.2414 41.8341 -9.5336
-5.0734 40.8491 -0.8513
0.1534 42.1227 -9.2251
0.5931 41.8738 -9.4376
0.4760 41.1646 -9.6949
0.9218 41.5605 -9.5790
-4.2732 41.4109 -1.6907
0.5126 40.2229 -9.7476
6.9110 37.4465 3.0315
6.6219 35.7579 3.8680
-4.4285 41.5378 -2.2996
0.9392 40.9353 -9.6941
-3.9360 41.6544 -0.0764
0.4092 39.4876 -9.7888
1.4955 40.3043 -9.3218
-3.6153 41.6891 -0.6587
1.5309 42.0314 -9.0308
-4.4900 41.5475 -3.0708
-3.6822 41.7564 -3.6808
1.7252 41.3095 -9.3931
-3.7562 41.9600 -2.9709
0.1958 5.3418 7.9853
0.0842 5.8429 8.7507
2.8984 41.7187 -9.0965
0.2100 6.0625 9.3232
1.9747 40.2512 -9.0938
-2.5246 41.9457 -4.4931
5.9396 31.9998 4.9141
5.8314 31.3529 3.6590
-3.9618 41.9539 -2.4771
0.1839 6.4106 8.4857
6.3715 34.2261 3.2430
-3.3149 41.9953 -1.8999
-2.8658 42.0426 -2.5691
3.6193 41.3526 -9.0408
3.4663 40.9129 -9.0154
-3.0226 41.8243 -3.7010
2.7943 41.9820 -8.7204
0.2934 4.0845 7.5786
-2.3482 41.8951 -3.1538
0.8420 5.0325 7.3374
0.2022 6.1730 7.8447
-2.7527 42.1542 -0.4562
-3.1383 41.9355 -1.0364
3.0733 39.6093 -8.8362
0.2251 7.3504 6.5237
-2.3125 42.1376 0.2218
0.8333 7.1893 8.5105
4.1472 39.8220 -8.9466
-1.5869 42.3947 -0.2751
-2.1201 42.3208 -0.8422
5.1512 38.8430 -8.8029
-2.1623 42.1355 -1.5561
0.2521 4.7901 6.7141
6.5093 34.8741 -0.5445
6.3283 33.4418 -0.3022
6.5163 34.8125 -1.4560
6.2564 32.3666 -0.4662
6.0560 32.2786 -1.5596
-1.4685 41.8864 -3.9405
-0.9504 42.1384 -2.5917
-1.2221 41.8920 -3.0698
6.5398 34.8853 2.1147
-0.9052 42.4815 -1.2631
6.4451 34.4673 -3.4166
6.1746 33.2755 -2.9967
5.9916 31.9598 -3.6587
0.1514 3.8822 6.4006
-0.5566 42.4005 -2.2615
-0.3151 42.0942 -3.2962
0.9083 4.1884 6.1467
-2.8418 42.0716 -4.9682
-2.4829 42.0065 -5.5790
5.9757 31.8692 1.9178
-2.8598 42.0511 -7.2682
-2.1191 42.0192 -6.7881
6.6593 36.1133 -2.7434
0.9979 2.6745 6.4641
2.1935 42.0265 -6.1160
1.8141 42.2029 -5.1698
2.7721 42.3417 -5.6768
2.8025 42.6624 -4.8069
-1.4722 42.1525 -6.7775
-1.1703 42.1575 -5.8892
3.1769 42.3074 -6.6668
3.5977 41.9563 -7.9816
3.7055 42.1422 -7.4496
-1.9902 42.1245 -7.3687
-1.8028 42.3246 -7.8569
3.4108 42.7293 -5.2282
3.4864 42.4480 -5.8184
3.9901 42.4909 -5.4535
3.7103 42.3424 -6.5252
6.2813 34.5460 6.7690
4.1196 42.1226 -6.4361
4.5279 42.1431 -5.9959
4.4826 42.0929 -6.8381
3.4801 42.5277 -3.0454
2.9419 42.4791 -3.8395
2.6988 42.2950 -3.4599
-0.8088 42.3507 -6.8459
3.4798 42.7611 -3.9283
4.4386 42.5262 -3.2374
4.2962 42.6502 -4.2025
4.6553 42.4166 -1.6364
4.5786 42.3271 -2.4998
3.2790 42.3102 -1.8779
0.1205 6.6613 5.9003
0.2460 4.6005 5.6964
0.0966 6.4342 5.4335
5.1329 42.5286 -3.7278
-0.8635 42.0738 -5.2534
5.6240 42.3189 -2.9420
-0.5428 42.1182 -4.1033
3.8059 42.8349 -4.5788
4.5332 42.2879 -5.0914
0.8539 6.4723 6.4859
-0.4643 42.2714 -4.7623
-0.2511 42.1468 -5.5456
5.1626 42.3255 -4.4464
5.3086 42.0504 -5.2833
0.1686 7.7072 4.7668
5.0819 42.0677 -6.9278
0.0229 42.3474 -4.1095
5.3794 42.0961 -6.1291
5.8014 41.9776 -5.8755
0.0680 42.3696 -5.1780
0.3704 42.4335 -4.6258
5.9788 42.1782 -3.7844
0.7731 42.3359 -5.1998
1.0216 7.2374 5.3065
0.9709 4.3340 5.6158
2.1316 27.2442 7.6178
0.9838 5.6862 4.5580
6.4512 42.1323 -4.4042
1.1169 6.5048 5.1888
2.2296 27.8263 7.7438
-0.2222 42.2962 -6.5119
6.0956 42.0557 -5.5130
6.5327 42.0263 -4.9585
6.4812 42.1434 -6.1521
7.1858 41.9290 -5.3104
3.0792 26.9980 7.4255
7.3586 39.5859 -6.8372
7.4922 40.5458 -6.2136
7.1561 38.7790 -4.3377
0.8551 8.1966 7.5575
2.7341 28.4408 7.9073
2.8977 27.9926 7.7684
3.2483 28.0393 7.5101
4.9149 36.7813 -8.8426
1.0908 8.4415 5.3699
-0.8503 42.5505 0.1092
5.5779 35.9811 -8.5734
5.1729 36.4993 -8.7707
5.6072 35.1204 -8.7662
-0.5041 42.4433 1.5389
5.9950 36.6154 -8.3825
3.7316 28.3877 7.4422
6.0527 35.4134 -8.3734
5.9591 34.3407 -8.5162
0.1393 42.4818 -0.1332
4.0817 26.3531 7.1173
0.3354 42.4539 1.2916
4.5030 27.2552 6.9984
0.3246 42.4456 0.4017
6.4402 34.8651 -5.1337
6.2449 33.7381 -6.6746
6.7459 36.2402 -7.1402
6.2021 33.0678 -7.2575
6.3079 34.8213 -7.8109
0.7536 42.6497 0.8115
1.2637 42.5624 0.0743
3.5884 25.7144 7.1817
3.9388 24.3222 6.5854
6.6442 36.6229 -7.6623
6.7030 37.5855 -7.9875
-0.3171 42.7270 -0.5121
0.1016 42.6750 -1.4343
0.3149 42.4933 -2.3969
1.1487 42.4590 -1.9528
0.5664 42.5881 -0.9360
4.4988 26.0980 6.7184
4.3146 24.4880 6.1412
4.7544 26.3406 6.0930
1.1108 42.4489 -0.5439
1.9443 42.5623 -0.8039
4.8676 26.0720 3.4986
5.2170 28.5338 5.0163
5.3180 28.8392 5.3501
2.3140 42.4742 -2.4220
1.1539 42.5770 1.8057
1.5505 42.8078 0.5313
2.1852 42.6109 1.2816
1.9549 42.5607 1.9834
2.4107 42.7045 0.5005
4.6560 24.9685 4.5523
4.7614 26.1512 5.0784
3.2983 42.4073 1.7492
6.7636 36.6264 -5.6227
6.8585 37.0580 -4.0552
3.1708 42.5060 0.5129
2.3569 42.6881 0.0237
2.5684 42.6093 -1.2283
1.0967 7.0677 4.4263
7.0714 38.2537 -7.5376
3.2158 42.4248 -0.7722
1.2298 8.1526 3.9614
3.8641 42.3885 -0.6647
0.5798 42.4264 -3.4934
3.9688 21.5771 4.8574
3.4612 18.6603 3.6960
3.9442 20.9283 3.1342
3.3732 18.9358 5.3309
1.6350 42.3094 -2.8882
1.6207 42.3384 -3.6185
1.2872 8.7872 2.9915
1.4438 42.3661 -4.3277
2.4984 42.5633 -4.2761
1.3871 9.1379 2.0392
6.1544 42.3537 -0.6659
5.4707 42.6099 -0.9666
5.0871 42.4566 0.2963
3.1243 42.5124 -2.4412
6.5393 42.1893 0.0140
6.1340 42.3966 0.9035
3.6537 19.8523 1.5508
4.0202 21.4180 1.6630
4.3569 23.1809 3.0399
7.1103 38.5638 -0.3599
7.4214 39.8939 -1.0160
7.0155 38.1438 2.0306
6.9105 37.3297 1.4698
7.0847 37.3689 0.3447
2.9964 42.5756 2.5980
6.9479 37.5389 -0.8112
3.7560 42.3970 3.3662
3.6191 42.3525 2.6770
-0.6987 13.8769 0.0391
-0.9459 14.7898 -1.7309
-0.7773 13.7879 -1.2073
3.8837 42.5284 0.9743
4.3905 42.3646 1.4979
6.4846 42.0964 3.3424
6.2831 42.1675 2.3629
5.4346 42.1332 2.6240
7.1882 41.8100 4.2111
6.7347 41.9175 3.8457
6.5693 42.1027 4.4896
4.0542 42.6329 3.9561
7.0878 42.1266 4.8277
7.4668 41.8209 3.5971
4.7893 42.4170 3.9026
4.4715 42.3087 2.7332
5.1651 42.1551 3.2842
-1.1603 15.9259 -1.1731
-0.8480 14.4855 1.6066
-1.5094 17.4654 0.1932
4.3300 23.6506 5.4260
5.0838 42.3932 1.4468
7.2939 42.1133 2.1482
6.8353 42.2556 2.0953
5.7987 42.3996 1.7683
7.6111 41.9399 1.6195
7.6906 41.5884 2.4064
4.6941 42.5883 -0.2719
-0.3034 12.4896 -0.3401
-1.4171 16.7905 -1.7950
-1.8082 18.7430 -1.5217
7.5000 40.5004 3.5801
-1.0926 15.9487 -3.9094
-1.7426 18.3497 -2.8507
-1.5944 18.1576 -3.8202
4.8916 25.5855 1.7556
5.4131 26.6564 0.0559
5.2050 26.4021 -0.4182
5.4460 27.1458 -0.2235
5.2895 26.6204 -0.9134
5.4023 27.3051 -1.0341
5.8838 41.9486 8.0879
6.7055 42.4287 1.0580
5.0604 26.4616 -2.1631
5.9796 42.2784 7.8837
5.2641 27.9317 2.5387
5.5460 29.5685 2.5723
7.1612 42.1690 0.6141
7.3585 42.0370 -0.5454
6.5920 41.8196 7.8421
6.8155 40.8534 7.5949
7.6698 41.9006 -0.0831
-0.5982 13.7830 -4.1231
6.7196 42.1416 7.5605
7.7357 41.3722 0.9665
7.0730 41.7522 7.4621
7.7008 41.2616 -1.3899
7.1548 40.3403 7.0867
7.0062 42.3276 6.6619
6.7157 42.4621 6.5357
7.3192 41.9911 6.9172
7.4557 41.5205 6.8205
7.3466 42.0582 5.5873
-0.0490 11.1680 -3.6682
-0.3055 12.1618 -3.2066
-0.4822 13.1331 -3.1336
7.5138 41.7535 6.0662
-0.2573 12.5389 -4.1878
0.2918 9.2749 -3.8290
0.2695 9.1198 -2.2813
0.0045 10.4325 -2.7296
0.0154 11.3920 -4.8212
6.8728 35.3880 0.5457
6.5913 34.7037 1.1601
6.7262 35.1006 0.0008
0.2242 9.5962 -4.6665
5.4446 28.3613 1.2230
-0.4468 12.7619 -1.3097
6.8997 36.5144 1.5953
5.7904 30.2358 1.4728
0.0733 11.1466 -0.9798
5.8285 29.6570 0.9192
6.9571 35.8814 1.1348
-0.1662 11.8457 -2.1895
6.1091 32.4859 1.0245
-0.5189 12.9027 0.2627
-0.5001 13.0460 1.5140
7.1498 36.8243 0.6634
6.0398 30.7713 1.0501
7.4474 41.8960 4.7165
6.1922 31.9963 0.5959
-0.0883 11.7419 0.5825
-3.6103 27.1923 5.7028
-3.3268 26.4140 6.3421
-3.7389 27.9455 6.0758
6.0191 30.6011 0.0950
5.8565 28.7347 0.5369
7.0622 36.2606 -0.0013
6.3326 33.8720 0.6365
-3.3943 28.6471 6.9267
-3.7297 28.9972 6.5026
-3.0353 26.6733 6.8404
-3.1868 29.3780 7.2021
-2.4532 26.2213 7.2136
0.0145 10.9031 0.4006
6.3811 33.2174 0.5134
5.4233 27.5249 0.7900
5.6910 28.1647 0.8123
-2.6785 29.0826 7.3770
5.1941 26.5591 0.7650
5.3656 26.1801 0.4998
0.0934 9.8377 0.4342
5.6305 27.3919 0.4555
-1.8462 26.5614 7.4775
5.7590 27.6750 0.0948
5.6286 28.5612 -0.7259
5.6352 28.1340 -0.7024
0.2622 9.3335 -1.1556
-3.2305 25.0842 5.5675
-3.3583 25.4323 5.2668
-2.9594 25.2797 6.1567
5.8729 29.8095 -0.6968
6.7333 36.2999 -1.0463
6.8892 37.0629 -0.1900
6.8874 36.2277 -0.3997
0.0379 10.5545 -1.9585
-2.4193 21.5802 6.2189
-2.7655 23.0192 5.5665
-2.5881 22.9959 6.2583
-2.8477 23.8979 5.3043
-3.0724 24.2004 4.8729
-2.7955 24.0867 6.1225
-2.7388 23.0261 4.5014
4.7349 24.1948 1.0525
-2.5517 24.6204 6.8555
-1.9934 24.9111 7.3122
-2.6602 25.6149 6.8265
5.1499 25.2203 0.5164
4.9967 25.4415 1.0408
4.9704 24.3434 0.2242
4.6523 23.6709 -0.7481
4.9427 24.1300 -0.5213
1.3253 8.8345 -2.7368
1.4759 10.4808 -0.8033
-0.5683 13.0669 -2.3555
6.0537 42.4510 -2.1508
6.6467 42.1303 -2.5878
-2.0963 22.5773 6.8734
6.8703 42.0858 -3.5562
6.6020 42.2774 -1.6592
-1.5891 21.8761 7.2317
-1.4587 23.9522 7.4131
7.1608 42.2069 -1.3191
4.8315 24.4181 -1.6427
5.0514 25.1910 -1.0164
4.8988 25.4993 -1.6059
7.3745 41.9901 -3.3682
7.4809 42.0129 -1.9650
7.6805 41.7715 -2.4937
1.4770 10.5199 -2.6028
1.5629 10.5790 -3.6977
1.5243 11.4748 -2.3546
1.6991 11.8493 -1.0950
1.4669 11.3380 -1.3276
1.7937 12.2972 -1.9095
7.4908 40.4623 -4.2640
5.2596 25.6480 -0.2735
-1.4718 18.4226 7.0490
-1.6705 19.2439 6.8676
-1.7023 18.2860 6.5610
-1.7904 19.8038 6.5142
-1.8573 18.9017 6.0910
4.9543 24.6605 -0.3114
-1.3996 16.9633 5.4616
-1.5692 16.9334 6.2433
-1.6209 17.7826 5.8328
-1.7092 18.6390 5.0471
1.7087 11.9097 -3.9335
-1.5088 17.6908 6.4368
-1.3112 17.0148 6.8067
1.9273 12.3847 -2.4258
1.9614 12.9370 -3.8009
-2.4972 21.1961 4.4417
-2.0945 20.1996 4.4250
-1.2545 16.9314 -5.1164
-1.8616 20.7288 6.7822
-2.2233 20.5282 6.2925
-2.1971 20.3049 5.7927
-1.7234 18.8760 -4.9800
-2.0130 19.8212 -3.3585
-2.1935 19.9529 5.2437
7.5608 41.7082 -5.0159
7.6756 41.5646 -3.9429
-0.6772 14.9656 -5.8190
4.8095 28.0643 7.0410
4.8376 27.1682 6.6160
-1.5073 18.1040 -5.9914
-1.9289 19.4301 -5.3282
-1.8989 19.9978 -6.3659
-1.4354 18.5553 -6.3360
7.6359 41.0570 -4.6738
7.6034 41.5188 -5.8373
7.5114 41.1337 -6.0266
-1.0487 15.7458 4.1926
5.1671 28.5833 6.5080
-1.2202 18.9734 -7.0675
-1.3348 19.5846 7.3467
-0.7965 19.5349 7.8482
-1.0187 17.4044 -6.8201
7.6300 41.7755 -0.9215
-0.5363 17.5217 -7.2215
-0.6297 15.2362 -6.5629
-0.1613 17.4698 7.8547
-0.7155 18.2401 7.5924
-0.7666 17.3018 7.3409
-1.0796 18.7550 7.6241
-0.3595 16.0215 -7.0173
-0.3979 18.8533 7.9802
0.2852 17.7530 8.0875
5.4955 28.7336 -4.0333
5.2730 27.6582 -3.3064
5.2760 28.1766 -4.5500
5.2902 27.7526 -4.8458
5.4797 28.9995 -1.8206
0.4383 16.5863 -7.7732
0.3213 17.7167 -7.7013
-0.1438 14.8872 -7.1095
0.2467 15.3913 -7.6512
1.0126 16.0831 -7.9637
5.4727 28.7499 -2.9606
5.6149 29.9681 -2.8724
5.7394 30.0463 -3.3862
5.9253 31.4442 -4.6553
-0.0277 11.4378 2.3022
-0.0797 10.9461 1.4566
0.1001 9.9914 2.3667
-0.4010 13.1053 -5.0319
-0.4585 13.7459 -5.8595
5.7779 31.0329 -5.0647
5.6584 30.0350 -4.9337
5.3768 28.6384 -5.5384
-0.1714 12.3148 -4.9633
-0.4825 12.9061 -4.6653
-4.9970 34.4410 -2.6794
-4.9011 33.4196 0.7096
-0.1648 12.3010 -5.7232
0.2403 9.2034 2.5654
5.4556 29.0020 -4.9536
5.5198 29.4914 -4.2925
5.4583 28.6358 -6.0297
-0.4048 13.4739 -6.5231
-4.4917 30.6437 0.9481
-4.5644 31.3843 -0.4831
-4.4375 30.3024 -0.1711
0.3302 9.9235 -7.4053
0.1533 10.7889 -6.3280
0.3315 11.1705 -6.8844
5.9030 30.7362 -1.1482
-4.1797 29.5062 1.0290
-4.1972 29.7563 0.1294
-3.7465 28.3617 0.1300
-3.8405 29.0295 -0.4843
-3.7431 28.3958 -0.6811
-4.1382 29.4965 -0.9711
-4.3839 29.8183 -1.8979
0.1905 10.2407 -5.8155
-0.0773 12.4156 -6.6649
0.1036 11.8396 -6.4086
-0.9437 15.5870 7.3232
-1.0506 14.3629 7.3334
-0.6671 13.8151 7.5156
-1.2006 14.3908 7.0094
-0.4993 12.8209 7.2600
-0.8843 13.0281 6.6460
-4.1380 28.7371 -2.0071
-3.8672 28.6954 -1.4298
-3.9455 28.2825 -1.7387
-0.2472 12.9988 7.7245
-0.2957 13.3526 -7.2396
-0.0988 14.1784 -7.4522
-0.5783 12.0679 6.4854
-0.1498 12.0927 7.2187
-4.6669 31.5036 -2.6471
-0.1299 12.8129 -7.3801
-4.9483 34.3989 -4.8884
-4.8858 33.2425 -3.4847
-0.1552 13.5988 -7.8422
0.1046 12.9949 -8.1860
0.0420 13.9808 -8.0791
0.1839 14.7960 -7.9987
0.4384 13.1045 -8.5160
0.4514 13.1050 11.2748
0.5210 13.6643 -8.3781
0.3785 14.5755 -8.2717
0.2962 13.1834 10.2144
0.1413 12.7183 9.7065
0.5226 13.4487 10.8354
0.5926 13.4316 10.3284
0.8655 15.1681 -8.0269
0.9503 12.5091 10.5990
0.7425 13.2055 10.1320
0.8715 12.6803 9.9557
1.0251 13.8814 -8.3190
0.8862 14.6281 -8.3397
1.1281 12.0923 9.8549
-0.5399 14.4949 7.6259
0.2925 12.3566 -7.4993
0.3632 12.0947 -7.8995
0.2992 11.5409 -8.5584
-0.1014 13.5938 7.7000
-0.0839 14.5138 7.6521
0.2477 13.8525 7.6215
-4.2772 30.2410 -4.4862
0.5147 13.1561 8.7843
0.1818 13.2440 8.2021
0.2376 13.0860 8.7639
0.5026 13.3172 8.0077
-4.6561 31.9864 -4.1428
0.8506 13.1506 7.6635
0.4442 12.5270 -8.5888
0.0824 12.2152 7.9764
0.4488 12.0872 -9.0462
0.9921 12.8415 -8.7811
-0.0358 11.4827 7.2396
0.7641 12.5750 -9.0946
0.1528 12.1740 8.6077
0.7094 12.8355 8.1801
0.5550 12.1738 -9.6816
0.4006 13.1938 9.5081
1.2944 12.4248 -8.8189
0.9244 12.2708 -9.4437
1.1032 11.8175 -9.6649
1.5959 11.8075 -7.7762
1.5510 10.9353 -7.4154
1.2547 10.5281 -7.8251
1.8037 11.5048 -6.9945
1.2875 12.9650 -8.3549
0.8818 12.6600 9.1041
1.4964 12.2432 -8.4403
1.0745 11.4980 10.2608
0.9706 11.6100 9.1619
1.8442 12.7400 -7.8430
1.8062 13.7230 -7.9594
1.0197 12.3646 8.6266
1.4636 14.0029 -8.1415
1.3031 11.1119 -8.8959
1.6064 11.7972 -8.2530
1.3810 11.6444 -9.1637
5.6527 31.1779 -7.7297
-4.5476 31.9732 2.5376
-4.3257 31.2526 4.6687
1.0434 12.4701 7.7388
5.9284 31.8056 -7.3852
5.8159 31.4390 -6.3000
6.0811 32.7562 -5.3976
0.2493 7.6088 8.9590
2.2393 13.4852 -5.4252
2.3802 14.0334 -3.5166
0.2274 8.7403 8.2638
0.2020 8.2472 7.0466
0.1776 7.6566 8.3756
2.6479 15.1311 -5.5410
1.5030 10.0570 -5.4498
1.8847 12.2437 -5.5383
-4.6465 33.9922 6.7226
0.0569 11.0166 6.5780
0.1759 10.1549 7.3597
-0.2171 11.5111 6.2470
-4.2622 34.0807 7.3570
1.7665 11.1549 -6.3465
5.7574 30.7537 -7.0565
0.1048 9.7448 6.8046
0.0868 10.2742 5.9506
-0.0281 7.9179 5.3180
0.0040 8.2982 4.9236
0.0966 8.5862 5.4797
-4.1209 32.1528 7.0455
5.6222 32.9244 -8.2568
-3.4677 31.8299 7.3960
-4.2161 31.4705 6.4606
6.0821 33.3030 -7.8221
5.7883 32.4849 -7.8295
0.1550 10.3221 8.5252
1.9802 13.4806 -7.5606
2.3340 14.9034 -7.5802
2.3218 14.1826 -6.9611
3.9764 41.8758 -8.4409
1.2115 10.2011 6.4953
4.4549 41.7316 -8.6650
2.7027 15.7234 -6.9079
4.2893 42.0794 -7.4128
5.3666 42.0070 -7.8371
2.0139 12.8851 -7.1093
4.9929 40.3222 -8.9370
5.4455 41.4878 -8.6775
5.2786 41.0655 -8.8695
-4.1687 29.8853 4.3854
-4.1147 29.9303 5.8568
6.3020 41.0726 -8.8764
5.8344 40.4361 -9.1143
-3.9013 28.5394 5.1569
5.4750 39.5784 -8.9458
6.1842 39.7892 -8.9146
2.5933 14.5766 0.8279
2.6336 14.9593 -1.6854
3.0939 16.9089 1.4828
-3.6551 27.8556 4.8249
-3.4890 26.7831 5.1405
-3.9767 28.5302 3.1595
5.7341 42.2372 -6.7090
6.1241 42.1299 -7.3914
0.8901 10.3159 10.2047
-3.5815 26.9844 3.6289
6.8443 42.1364 -6.7050
6.0428 41.7051 -8.4145
3.4992 18.7875 1.3825
6.8208 41.6563 -8.1112
2.6903 15.3836 3.8794
2.2654 13.8267 4.9383
2.1497 12.7926 2.0923
6.8020 41.0714 -8.5951
0.8664 8.6891 9.8445
6.5198 40.4948 -9.0566
6.8870 40.4601 -8.7259
6.6644 39.6352 -8.6662
0.8610 10.2792 8.8151
7.1361 39.3473 -7.9481
7.3650 40.4666 -7.9606
7.0820 40.7489 -8.3247
-4.1062 29.4349 2.2826
7.1421 41.9183 -7.3365
7.3864 41.8901 -6.2878
7.5637 41.6140 -6.9291
7.5308 41.0012 -7.4554
7.4212 41.5764 -7.6576
7.3606 41.2383 -8.0507
-3.7724 27.5837 2.4097
5.2768 37.8181 -8.7853
-4.0842 28.7618 1.7550
3.4671 19.0431 -1.1467
5.7996 37.0648 -8.8016
-3.9290 27.5372 1.5459
-3.7985 27.9963 1.1148
6.1327 38.3387 -8.8683
5.8583 37.8054 -8.9565
6.3079 37.7394 -8.8786
6.2950 37.1940 -8.5986
6.6741 38.4820 -8.2511
6.5460 38.4731 -8.5879
6.4420 38.9897 -8.7926
3.3272 18.1279 -2.5609
1.8945 12.3812 -0.1763
1.7364 11.5989 0.6818
1.5859 11.5891 -0.2226
1.9006 11.7752 1.2617
1.9827 12.4922 0.7629
2.2450 13.4766 -0.0691
0.8621 18.0205 -7.9525
0.9543 9.8421 7.4831
1.0943 11.2240 7.1032
0.9800 11.5563 7.7247
0.6126 20.2633 -7.9988
1.5521 10.6958 0.8288
1.5373 18.4339 -7.9368
-1.2442 16.0048 4.9504
-0.9970 14.8768 4.5013
-0.9937 14.7433 4.9482
-1.3696 16.2673 6.5217
-0.7658 16.2765 7.3058
-1.2483 15.5906 7.0332
-1.4082 15.4611 6.5702
1.8956 12.0531 -0.6203
-1.3001 14.2247 6.3124
-1.4651 15.4191 5.6824
2.1250 13.0942 -1.7515
-1.0595 14.2193 5.6039
1.7802 16.7851 -7.9248
2.2517 17.8457 -7.8066
-1.5838 15.9108 6.1328
-1.5804 16.4581 5.7037
2.5460 16.9357 -7.5966
2.0594 16.1232 -8.0642
3.1584 18.2887 -7.2568
2.8405 16.9525 -7.1679
2.9579 18.4225 -7.4988
-0.3933 12.8181 4.2813
-0.4653 12.2522 4.1673
-0.4986 12.6159 5.2461
1.4956 15.7663 -8.1176
1.6895 15.0931 -8.2327
0.8396 12.0595 -10.1722
-1.1131 13.4764 6.3255
-1.0031 13.2536 5.8034
2.0552 15.2238 -8.0832
-0.6881 12.1476 5.7159
-3.4858 27.2365 0.3941
2.3831 15.7563 -7.9054
-0.6752 13.1980 5.3287
2.6160 16.2393 -7.6338
-3.4231 26.4268 0.6020
-3.5678 26.3173 1.3752
-3.3721 25.3870 0.9267
-0.5184 13.4530 4.5968
-3.3198 24.8040 1.1832
3.0470 17.1995 -6.3095
-2.5942 23.0514 0.7299
-3.0441 25.2658 0.4458
-2.8513 25.1563 -0.1560
3.5367 20.4956 -7.4312
3.1285 19.8600 -7.5507
3.4258 19.5247 -7.0978
3.8423 21.1292 -7.0699
-2.5481 23.9261 -0.0871
-2.7680 23.9967 -0.8413
-2.5379 22.7092 0.1691
2.9408 16.3481 -3.7350
-0.4871 13.3264 3.4732
-0.7763 14.1185 2.9113
3.3756 18.4990 -5.3594
-2.5599 21.4569 -0.9632
-2.9023 23.2044 -1.5103
-2.6132 22.5826 -0.5768
-2.6587 22.0540 -1.9655
-0.3215 16.4000 7.7822
-0.3379 15.3096 7.5685
-2.2456 20.5027 -1.8058
0.0823 16.2534 7.9137
0.5596 15.3261 7.6918
0.6703 16.3228 7.9963
1.1977 16.6220 7.9089
1.1189 15.6182 7.6057
1.6452 15.6251 7.5279
1.4160 14.5013 7.2845
0.6505 14.2295 7.4952
0.9901 13.4207 7.3803
1.5883 14.0603 6.9608
3.7008 20.0974 -2.2135
1.3330 12.2178 6.9309
1.6081 13.2032 6.8751
-3.4249 24.1711 -3.4620
-3.5454 25.0813 -3.7054
-3.4853 24.8771 -4.7194
-3.6529 26.2939 -3.8734
2.0304 15.3721 7.0621
2.0862 14.4577 6.6768
2.3985 14.9589 6.1268
2.2192 15.9392 6.5090
1.9047 13.0572 6.5368
-4.0215 27.8801 -2.3249
-3.8267 27.4784 -1.9866
-3.2818 25.6726 -1.4293
-3.6078 27.0991 -1.7730
-3.5626 25.7743 -2.2149
-3.7682 26.7593 -3.0496
2.1405 13.4159 5.9997
-3.5891 25.7727 -2.8584
-3.5741 27.2693 -0.0638
-3.7581 27.4379 -0.9010
2.8392 16.1935 5.1225
-3.5759 26.6359 -0.5593
-3.4486 26.5951 -1.1936
-3.2806 26.2394 -0.2894
-3.3737 25.8839 -0.9688
7.5837 41.5383 4.7522
-3.3338 24.7838 -1.9743
-3.0102 23.4498 -2.3102
-0.5539 11.7952 5.0776
-0.3987 11.0798 4.9621
-0.1634 10.5186 5.4258
-0.1089 10.2881 4.7534
-3.3969 25.0616 -2.8128
-3.2400 23.5745 -2.9996
-0.2823 11.4101 3.9856
-3.0167 25.4428 -0.7031
0.0083 10.6627 3.4849
0.1359 9.6484 4.2727
0.0414 9.5160 5.3965
-0.1080 9.3984 4.8563
-3.7616 27.1966 -3.5724
-4.0315 28.2162 -3.0750
0.2561 5.9577 -2.4012
0.3401 6.7625 -2.1016
0.2982 7.9353 -1.4407
0.3032 8.0516 -2.9614
0.3670 5.9122 -4.2394
0.3258 4.6510 -3.3861
1.3738 10.0750 5.0350
-3.3290 23.3721 -4.1372
-2.9349 22.7215 -3.3345
-2.4728 20.9592 -4.2255
-2.3962 20.6995 -3.4297
-2.4999 21.5934 -4.3521
-2.6929 21.5992 -2.9543
-2.2648 20.3783 -4.4487
0.3952 3.7267 -3.7285
1.5674 10.3391 3.8216
0.9408 5.3461 -1.7809
-3.3547 23.6181 -4.9742
-2.9205 22.8568 -5.0670
0.9415 5.6831 -2.7320
-2.6519 22.1951 -3.8304
-2.4845 21.9433 -5.1489
-2.6648 22.5122 -5.7561
-2.5583 22.4058 -4.8604
-0.2119 12.0491 3.1605
1.0346 5.9492 -3.7299
0.9524 6.6067 -2.8962
0.9838 5.0798 -4.8905
-2.5983 21.9141 -6.0189
0.3912 6.3987 -5.9324
0.3956 7.2327 -4.4390
0.3179 8.6138 -5.6601
0.2692 7.8668 -6.0944
0.3726 8.1563 -5.0089
-2.1789 20.5745 -5.2748
0.2505 8.4168 -4.4966
0.3631 8.2894 -4.0996
-2.4364 21.3158 -5.4172
1.8765 11.9378 3.3191
-2.2162 20.7138 -5.9708
1.0552 7.1180 -4.9023
1.2295 8.3523 -4.1326
1.2100 7.9137 -3.0384
1.4439 11.4814 6.5042
-2.5282 20.9065 -2.4729
1.6801 11.7993 5.2180
1.0050 2.5530 -4.4106
0.2424 7.5346 -6.5297
1.0554 6.2220 -6.3024
1.0377 6.1991 -4.9963
-3.0930 23.7880 3.6870
-2.9849 24.0660 4.4165
-3.4131 25.6461 4.6889
-3.3684 24.9160 3.6399
-3.4474 26.2524 3.8793
-3.2581 25.0965 3.2832
-3.3930 25.7378 2.3070
-3.2520 24.0381 2.7838
-2.8144 23.1687 3.8019
1.2312 8.1334 -6.2212
1.2555 7.3496 -0.7150
1.1801 6.3915 -1.3273
1.2181 7.5831 -1.3124
1.0465 7.2600 -1.8652
0.1974 9.3026 -6.0472
0.3162 8.6567 -6.5041
0.2096 9.1515 -7.1187
0.3287 7.3375 -6.6724
1.3732 8.9218 -6.8755
1.4139 9.9408 -7.1178
1.1600 8.6397 -7.4702
1.1485 6.7646 -6.9102
1.1511 5.6009 -7.3404
1.0263 7.5304 -7.8957
1.1226 9.6020 -8.5539
0.5855 12.7868 11.5389
0.8905 12.3891 11.1728
0.7089 13.3382 10.8642
2.1347 16.9148 7.0341
1.9637 16.2152 7.3651
2.3666 16.5682 6.3626
2.6888 17.7780 6.5574
2.6876 17.2091 6.1499
2.8719 16.8734 5.6428
-5.2072 36.5357 -6.6283
-5.0161 35.6153 -6.5568
-5.4937 37.6206 -5.1115
-4.7627 35.3164 -7.4051
-4.8478 34.6023 -6.8080
-4.9486 34.7769 -6.3096
-5.0615 36.7040 -7.4202
-5.2018 35.9701 -4.8566
-5.3764 36.4541 -2.8187
-4.9535 34.0930 -6.0971
-4.3513 31.2500 -5.8367
-4.5363 32.0374 -5.3481
-4.8595 33.1329 -5.2352
-4.1259 30.4052 -6.3805
-4.4839 31.2747 -6.5976
-4.9345 33.2844 -6.5150
-5.1020 33.8821 -6.6697
-4.8587 33.1225 -6.9851
-4.7253 33.6310 -7.3760
-4.8902 34.0481 -7.0464
-4.9731 33.8004 -5.5106
-4.7131 32.5988 -6.3234
-4.6806 31.9997 -6.9087
-4.4362 32.0313 -7.3435
-4.3713 34.2209 -7.5815
-4.2853 34.9789 -7.7645
-4.3299 32.8379 -7.5725
-4.3122 33.4879 -7.8182
-3.9909 34.7965 -8.0646
-3.4686 33.1732 -8.1843
-4.3540 31.1650 -7.0829
-4.3244 31.3936 -7.4720
-3.6708 31.7849 -7.8394
-2.8446 32.2227 -8.2122
-5.4869 38.9982 -7.9736
-5.0870 38.0103 -8.0382
-4.5562 36.3235 -7.8596
-4.4219 36.9646 -8.1076
-3.3023 36.2917 -8.3157
-3.8008 38.5326 -8.4848
-2.7858 37.2949 -8.6269
-2.9545 38.3000 -8.6145
-2.4548 38.2092 -8.8537
-2.0171 37.2043 -8.7193
-2.4900 39.2454 -8.8052
-2.3244 39.7916 -8.9937
-2.1123 39.2234 -9.2462
-1.9768 39.6463 -9.5003
-3.5718 34.3783 -8.2238
-2.5670 34.5396 -8.4056
-2.3523 33.0416 -8.4994
1.1853 -6.0843 -0.9752
0.2815 -2.9601 -0.7806
0.2709 -3.3084 -0.2695
0.1634 -2.3705 -0.4723
0.3530 -6.2305 3.8701
0.2631 -5.1704 4.5110
0.3666 -4.7733 0.2795
0.2799 -4.2058 3.3019
0.3296 -4.0136 4.2384
0.1964 -4.0495 -0.3735
0.2637 -4.8833 -0.2432
0.3661 -5.0966 1.9298
0.3356 -7.1178 2.4788
0.9857 -3.7599 2.1718
1.1202 -3.5008 -1.0434
0.2992 -2.2701 -0.8013
0.9893 -8.6080 3.0342
1.0492 -9.1103 1.9198
0.9651 -5.1179 0.8936
0.9776 -8.0561 1.1418
0.9953 -3.4711 -1.7314
0.9602 -5.6662 2.5827
0.9964 -6.5692 -0.4379
1.2093 -5.5106 -1.7096
1.0525 -4.6945 -1.9429
1.0199 -7.5076 0.9975
0.2727 -3.7915 4.8247
1.8414 -41.2351 24.2569
1.5279 -39.9097 21.7663
1.7447 -41.0213 23.7722
-0.4800 -40.7274 -24.7367
-0.4496 -42.0075 -24.8640
0.8698 -39.3223 -18.8132
1.1523 -33.7058 7.2973
1.1115 -33.2712 4.6214
0.9849 -33.0446 -2.6998
1.1334 -35.6002 13.6966
1.1949 -34.2860 9.7776
