-5.130459 5.492971 -1.869687
-3.815725 5.492971 -3.454730
-1.848084 5.492971 -4.513821
0.472905 5.492971 -4.885725
2.793894 5.492971 -4.513819
4.761532 5.492971 -3.454727
6.076266 5.492971 -1.869683
6.537938 5.492971 0.000000
6.076265 5.492971 1.869686
4.761530 5.492971 3.454729
2.793890 5.492971 4.513820
0.472901 5.492971 4.885725
-1.848088 5.492971 4.513819
-3.815727 5.492971 3.454728
1.596173 10.723415 -0.451544
1.776521 10.915596 -0.528618
2.022881 10.985939 -0.633904
1.530161 10.460892 -0.423333
1.689087 10.723415 0.000000
1.885295 10.915596 0.000000
2.153320 10.985939 0.000000
1.617270 10.460892 0.000000
1.332007 10.723415 -0.833719
1.468373 10.915596 -0.974423
1.654652 10.985939 -1.166629
1.282093 10.460892 -0.782217
0.937527 10.723415 -1.088516
1.010456 10.915596 -1.270194
1.110079 10.985939 -1.518372
0.910833 10.460892 -1.022017
0.472903 10.723415 -1.177855
0.472903 10.915596 -1.373557
0.472903 10.985939 -1.640890
0.472903 10.460892 -1.106223
0.008278 10.723415 -1.088516
-0.064651 10.915596 -1.270195
-0.164274 10.985939 -1.518372
0.034972 10.460892 -1.022017
-0.386202 10.723415 -0.833720
-0.522568 10.915596 -0.974424
-0.708847 10.985939 -1.166630
-0.336289 10.460892 -0.782218
-0.650368 10.723415 -0.451545
-0.830716 10.915596 -0.528620
-1.077076 10.985939 -0.633906
-0.584356 10.460892 -0.423334
-0.743283 10.723415 0.000000
-0.939491 10.915596 -0.000001
-1.207516 10.985939 -0.000001
-0.671466 10.460892 0.000000
-0.650369 10.723415 0.451544
-0.830717 10.915596 0.528619
-1.077077 10.985939 0.633905
-0.584357 10.460892 0.423333
-0.386202 10.723415 0.833719
-0.522568 10.915596 0.974424
-0.708847 10.985939 1.166630
-0.336289 10.460892 0.782218
0.008277 10.723415 1.088516
-0.064652 10.915596 1.270195
-0.164275 10.985939 1.518372
0.034971 10.460892 1.022017
0.472902 10.723415 1.177855
0.472902 10.915596 1.373557
0.472902 10.985939 1.640890
0.472902 10.460892 1.106223
0.937527 10.723415 1.088516
1.010456 10.915596 1.270195
1.110079 10.985939 1.518372
0.910833 10.460892 1.022017
1.332006 10.723415 0.833719
1.468372 10.915596 0.974424
1.654651 10.985939 1.166630
1.282093 10.460892 0.782218
1.596173 10.723415 0.451544
1.776521 10.915596 0.528619
2.022880 10.985939 0.633905
1.530161 10.460892 0.423333
6.521362 0.082044 -2.005293
6.578408 0.274174 -2.037233
6.352384 0.000000 -1.918690
5.107104 0.081646 -3.711094
5.145918 0.273308 -3.764371
4.988867 0.000000 -3.564181
2.983034 0.081320 -4.854848
3.001950 0.272604 -4.918442
2.923850 0.000000 -4.676699
0.474285 0.081491 -5.256600
0.483680 0.272995 -5.321927
0.466751 0.000000 -5.069843
-3.021810 0.083622 -4.851920
-2.999063 0.277545 -4.922326
-2.982766 0.000000 -4.665897
-5.141403 0.087581 -3.704474
-5.148709 0.285862 -3.763629
-5.032374 0.000000 -3.549117
-6.549335 0.090535 -1.999706
-6.579372 0.291703 -2.036675
-6.383308 0.000000 -1.906122
-7.041123 0.092008 -0.000002
-7.081403 0.294763 -0.000002
-6.850707 0.000000 -0.000002
-6.549338 0.090535 1.999702
-6.579373 0.291703 2.036671
-6.383310 -0.000000 1.906118
-5.141406 0.087581 3.704472
-5.148712 0.285862 3.763627
-5.032376 -0.000000 3.549115
-3.021814 0.083622 4.851918
-2.999067 0.277545 4.922324
-2.982770 -0.000000 4.665895
0.474280 0.081491 5.256600
0.483676 0.272995 5.321927
0.466747 -0.000000 5.069843
2.983030 0.081320 4.854851
3.001946 0.272604 4.918445
2.923846 -0.000000 4.676702
5.107101 0.081646 3.711096
5.145916 0.273308 3.764373
4.988865 -0.000000 3.564183
6.521360 0.082044 2.005296
6.578404 0.274174 2.037236
6.352381 -0.000000 1.918693
7.016288 0.082249 0.000000
7.081403 0.274620 0.000000
6.825693 0.000000 0.000000
5.488894 10.914551 -1.662465
5.571671 10.737278 -1.701314
5.318829 10.985939 -1.577835
4.315780 10.914171 -3.076302
4.375401 10.736334 -3.143677
4.195208 10.985939 -2.931234
2.554319 10.913849 -4.024137
2.584953 10.735521 -4.107476
2.493248 10.985939 -3.846588
0.472905 10.913727 -4.357567
0.472905 10.735208 -4.445928
0.472905 10.985939 -4.170093
-1.608510 10.913849 -4.024139
-1.639144 10.735521 -4.107478
-1.547440 10.985939 -3.846590
-3.369972 10.914171 -3.076304
-3.429594 10.736334 -3.143680
-3.249401 10.985939 -2.931237
-4.543088 10.914551 -1.662468
-4.625864 10.737278 -1.701318
-4.373023 10.985939 -1.577839
-4.953750 10.914719 -0.000002
-5.045922 10.737685 -0.000002
-4.763052 10.985939 -0.000002
-4.543089 10.914551 1.662465
-4.625865 10.737278 1.701315
-4.373024 10.985939 1.577836
-3.369975 10.914171 3.076303
-3.429596 10.736334 3.143678
-3.249403 10.985939 2.931236
-1.608514 10.913849 4.024138
-1.639147 10.735520 4.107477
-1.547443 10.985939 3.846588
0.472901 10.913727 4.357567
0.472901 10.735208 4.445928
0.472901 10.985939 4.170093
2.554316 10.913849 4.024138
2.584950 10.735521 4.107477
2.493245 10.985939 3.846588
4.315777 10.914171 3.076304
4.375399 10.736334 3.143679
4.195206 10.985939 2.931237
5.488892 10.914551 1.662467
5.571669 10.737278 1.701316
5.318828 10.985939 1.577837
5.899554 10.914719 0.000000
5.991726 10.737685 0.000000
5.708856 10.985939 0.000000
0.472902 8.315184 0.000000
1.585548 8.346254 0.000000
1.617270 8.421269 0.000000
1.508962 8.315184 0.000000
1.501002 8.346254 -0.410871
1.530161 8.421269 -0.423333
1.430607 8.315184 -0.380787
1.260046 8.346254 -0.759468
1.282093 8.421269 -0.782217
1.206818 8.315184 -0.704547
0.899042 8.346254 -0.992643
0.910833 8.421269 -1.022017
0.870576 8.315184 -0.921728
0.472903 8.346254 -1.074582
0.472903 8.421269 -1.106223
0.472903 8.315184 -0.998194
0.046763 8.346254 -0.992643
0.034972 8.421269 -1.022017
0.075229 8.315184 -0.921729
-0.314241 8.346254 -0.759469
-0.336289 8.421269 -0.782218
-0.261013 8.315184 -0.704548
-0.555198 8.346254 -0.410872
-0.584356 8.421269 -0.423334
-0.484803 8.315184 -0.380788
-0.639744 8.346254 0.000000
-0.671466 8.421269 0.000000
-0.563158 8.315184 0.000000
-0.555198 8.346254 0.410872
-0.584357 8.421269 0.423333
-0.484803 8.315184 0.380787
-0.314241 8.346254 0.759469
-0.336289 8.421269 0.782218
-0.261014 8.315184 0.704547
0.046762 8.346254 0.992643
0.034971 8.421269 1.022017
0.075228 8.315184 0.921728
0.472902 8.346254 1.074582
0.472902 8.421269 1.106223
0.472902 8.315184 0.998194
0.899042 8.346254 0.992643
0.910833 8.421269 1.022017
0.870575 8.315184 0.921728
1.260045 8.346254 0.759469
1.282093 8.421269 0.782218
1.206818 8.315184 0.704548
1.501002 8.346254 0.410872
1.530161 8.421269 0.423333
1.430607 8.315184 0.380787
-1.441751 10.985939 3.668681
-3.055270 10.985939 2.796396
-4.121170 10.985939 1.505707
-4.491361 10.985939 -0.000001
-4.121168 10.985939 -1.505710
-3.055268 10.985939 -2.796398
-1.441747 10.985939 -3.668683
0.472905 10.985939 -3.976828
2.387555 10.985939 -3.668680
4.001076 10.985939 -2.796395
5.066974 10.985939 -1.505706
5.437165 10.985939 0.000000
5.066974 10.985939 1.505708
4.001073 10.985939 2.796397
2.387553 10.985939 3.668681
0.472901 10.985939 3.976828
4.385427 10.600159 3.151757
5.584775 10.601077 1.705689
6.005912 10.601475 0.000000
5.584775 10.601077 -1.705687
4.385430 10.600159 -3.151755
2.590380 10.599366 -4.118029
0.472905 10.599060 -4.457350
-1.644571 10.599366 -4.118031
-3.439622 10.600159 -3.151757
-4.638970 10.601077 -1.705691
-5.060108 10.601475 -0.000002
-4.638971 10.601077 1.705687
-3.439625 10.600159 3.151757
-1.644574 10.599365 4.118030
0.472901 10.599060 4.457350
2.590377 10.599366 4.118030
5.136228 0.404864 3.756568
2.996703 0.404181 4.908247
0.483404 0.404561 5.310932
-2.970057 0.408997 4.912027
-5.115116 0.417102 3.755842
-6.542854 0.422798 2.032462
-7.043866 0.425781 -0.000002
-6.542853 0.422798 -2.032466
-5.115112 0.417102 -3.755844
-2.970054 0.408997 -4.912029
0.483408 0.404561 -5.310932
2.996706 0.404181 -4.908244
5.136230 0.404864 -3.756566
6.565752 0.405710 -2.033010
7.067706 0.406145 0.000000
6.565748 0.405710 2.033013
6.121935 0.000000 -1.849221
4.807787 0.000000 -3.435135
0.462000 0.000000 0.000000
2.817536 0.000000 -4.507373
0.449399 0.000000 -4.886283
-2.875224 0.000000 -4.496962
-4.850623 0.000000 -3.420617
-6.152645 0.000000 -1.837109
-6.603122 0.000000 -0.000002
-6.152647 -0.000000 1.837105
-4.850625 -0.000000 3.420615
-2.875228 -0.000000 4.496960
0.449395 -0.000000 4.886283
2.817532 -0.000000 4.507376
4.807783 -0.000000 3.435137
6.121932 -0.000000 1.849224
6.578108 0.000000 0.000000
