1.868769 3.062789 5.751475
3.755380 3.062789 5.168839
3.554605 3.062789 4.892498
5.168839 3.062789 3.755379
4.892496 3.062789 3.554605
6.076334 3.062789 1.974322
5.751475 3.062789 1.868768
6.389033 3.062789 0.000000
6.047455 3.062789 0.000000
-4.403957 15.932168 13.553988
-8.376826 15.932168 11.529713
-7.659381 15.627836 10.542233
-4.026773 15.627835 12.393137
-11.529713 15.932168 8.376826
-10.542233 15.627836 7.659381
-13.553988 15.932168 4.403957
-12.393137 15.627835 4.026773
-14.251506 15.932168 0.000000
-13.030915 15.627835 0.000000
14.251501 15.932168 0.000000
13.030910 15.627835 0.000000
13.553983 15.932168 4.403956
12.393130 15.627835 4.026772
11.529706 15.932168 8.376822
10.542228 15.627835 7.659378
8.376822 15.932168 11.529707
7.659375 15.627835 10.542228
4.403956 15.932168 13.553988
4.026772 15.627836 12.393136
0.000000 15.932168 14.251506
-0.000001 15.627835 13.030915
-6.939757 1.955647 0.000000
-6.600106 1.955647 2.144505
-5.614386 1.955647 4.079085
-4.079089 1.955647 5.614382
-2.144506 1.955647 6.600103
-0.000001 1.955647 6.939754
2.144506 1.955647 6.600103
4.079085 1.955647 5.614382
5.614382 1.955647 4.079085
6.600102 1.955647 2.144505
6.939754 1.955647 0.000000
0.000000 10.388182 13.521115
-4.178256 10.388182 12.859341
-7.947511 10.388182 10.938810
-10.938810 10.388182 7.947511
-12.859347 10.388182 4.178254
-13.521115 10.388182 0.000000
13.521113 10.388182 0.000000
12.859341 10.388182 4.178253
10.938810 10.388182 7.947511
7.947508 10.388182 10.938810
4.178252 10.388182 12.859341
0.000098 7.392663 11.846212
-3.660580 7.392663 11.266411
-6.962928 7.392663 9.583780
-9.583684 7.392663 6.963026
-11.266319 7.392663 3.660679
-11.846114 7.392663 0.000000
11.846310 7.392663 0.000000
11.266509 7.392663 3.660679
9.583879 7.392663 6.963026
6.963121 7.392663 9.583780
3.660776 7.392663 11.266411
-4.429689 13.561370 13.633183
-8.425766 13.561370 11.597078
-11.597078 13.561370 8.425767
-13.633183 13.561370 4.429689
-14.334772 13.561370 0.000000
14.334772 13.561370 0.000000
13.633177 13.561370 4.429687
11.597072 13.561370 8.425767
8.425765 13.561370 11.597072
4.429687 13.561370 13.633177
0.000000 13.561370 14.334772
8.353080 12.875393 11.497029
4.391474 12.875393 13.515570
0.000000 12.875393 14.211112
-4.391477 12.875393 13.515575
-8.353084 12.875393 11.497031
-11.497031 12.875393 8.353084
-13.515575 12.875393 4.391477
-14.211112 12.875393 0.000000
14.211109 12.875393 0.000000
13.515570 12.875393 4.391474
11.497029 12.875393 8.353084
8.169901 11.241971 11.244909
4.295172 11.241971 13.219180
0.000000 11.241971 13.899467
-4.295172 11.241971 13.219180
-8.169901 11.241971 11.244909
-11.244909 11.241971 8.169902
-13.219180 11.241971 4.295172
-13.899472 11.241971 0.000000
13.899467 11.241971 0.000000
13.219180 11.241971 4.295172
11.244904 11.241971 8.169901
3.857772 8.194643 11.873002
0.000000 8.194643 12.484015
-3.857773 8.194643 11.873007
-7.337919 8.194643 10.099780
-10.099781 8.194643 7.337919
-11.873007 8.194643 3.857773
-12.484021 8.194643 0.000000
12.484015 8.194643 0.000000
11.873002 8.194643 3.857772
10.099780 8.194643 7.337919
7.337918 8.194643 10.099780
-0.029276 10.457272 13.324630
-4.146764 10.460692 12.664480
-0.029114 11.311065 13.704068
-4.263857 11.314486 13.025393
-7.858844 10.464923 10.764323
-8.081723 11.318716 11.071383
-10.802441 10.471205 7.810974
-11.109290 11.324998 8.034119
-12.690400 10.481349 4.096825
-13.051168 11.335142 4.214192
-13.340360 10.491138 0.000000
-13.719712 11.344931 0.000000
13.316453 10.441437 0.000000
13.695942 11.295230 0.000000
12.661737 10.440470 4.124715
13.022669 11.294262 4.241928
10.763371 10.445662 7.845946
11.070436 11.299454 8.068899
7.809639 10.450331 10.792430
8.032789 11.304124 11.099336
4.090642 10.454001 12.679763
4.208045 11.307795 13.040589
-0.030616 7.526463 11.679731
-3.641261 7.531275 11.102691
-0.030042 8.328443 12.321179
-3.838876 8.333255 11.712862
-6.897039 7.536729 9.438560
-7.273471 8.338709 9.957733
-9.479662 7.543008 6.851273
-9.998034 8.344987 7.228611
-11.137096 7.549541 3.595368
-11.746612 8.351522 3.793890
-11.708050 7.554347 0.000000
-12.348974 8.356328 0.000000
11.665595 7.512789 0.000000
12.307253 8.314770 0.000000
11.092558 7.511690 3.607967
11.702856 8.313669 3.806212
9.430010 7.513937 6.869865
9.949273 8.315916 7.246797
6.841640 7.517747 9.455403
7.219092 8.319726 9.974207
3.581589 7.522005 11.112402
3.780315 8.323984 11.722363
8.210478 12.890215 11.347799
4.301422 12.891755 13.329991
8.283160 13.576192 11.447842
4.339634 13.577737 13.447598
-0.028749 12.893016 14.006960
-0.028749 13.578993 14.130618
-4.356159 12.894292 13.312565
-4.394372 13.580269 13.430172
-8.257219 12.895911 11.314800
-8.329903 13.581889 11.414843
-11.350121 12.898701 8.209222
-11.450163 13.584678 8.281909
-13.332433 12.907109 4.301073
-13.450039 13.593091 4.339285
-14.014181 12.921120 0.000000
-14.137839 13.607098 0.000000
14.002338 12.884234 0.000000
14.125998 13.570212 0.000000
13.312867 12.881452 4.347459
13.430474 13.567430 4.385672
11.315722 12.887714 8.253937
11.415764 13.573692 8.326625
-6.047459 1.955647 0.000000
-5.751479 1.955647 1.868769
-4.892499 1.955647 3.554605
-3.554609 1.955647 4.892496
-1.868770 1.955647 5.751475
-0.000001 1.955647 6.047456
1.868769 1.955647 5.751475
3.554605 1.955647 4.892496
4.892496 1.955647 3.554605
5.751475 1.955647 1.868769
6.047455 1.955647 0.000000
-0.000001 1.955647 0.000000
-10.774701 7.404276 0.000000
-10.249106 7.385753 3.323851
-8.721632 7.360328 6.327089
-6.340549 7.335291 8.712821
-3.338038 7.313393 10.246775
-0.007625 7.294213 10.778018
3.324769 7.276670 10.253863
6.332800 7.260359 8.724954
8.721401 7.246687 6.340231
10.255355 7.239664 3.332798
10.782867 7.243885 0.000000
-0.038254 9.953936 12.133141
-3.796129 9.958318 11.551738
-7.197851 9.962831 9.837111
-9.910853 9.967474 7.153434
-11.665353 9.971818 3.759264
-12.279705 9.974745 0.000000
12.061309 9.939540 0.000000
11.463895 9.938244 3.729290
9.751019 9.940806 7.107082
7.081457 9.945044 9.794181
3.709380 9.949538 11.526808
-4.086423 14.626423 12.577611
-7.775238 14.629952 10.702071
-10.707935 14.637234 7.779392
-12.603475 14.653437 4.093843
-13.273229 14.674209 0.000000
13.210279 14.611233 0.000000
12.558219 14.604931 4.080377
10.686771 14.610913 7.764949
7.768353 14.617597 10.691962
4.085291 14.621082 12.572360
0.000285 14.623750 13.222095
7.468147 14.166902 10.276763
3.930114 14.173042 12.090410
0.001790 14.178390 12.721622
-3.932103 14.183891 12.108084
-7.487715 14.190704 10.309507
-10.320461 14.200669 7.500739
-12.155800 14.214512 3.951376
-12.803650 14.226680 0.000000
12.687801 14.155836 0.000000
12.063807 14.153522 3.919039
10.269137 14.159404 7.459921
-0.000001 3.062789 0.000000
-13.257041 11.969370 0.000000
-12.589902 11.961659 4.077560
-10.692080 11.952327 7.748396
-7.760090 11.944773 10.652022
-4.081911 11.938870 12.509194
-0.015620 11.933697 13.140770
4.042171 11.928592 12.486439
7.695014 11.923037 10.611680
10.586871 11.916942 7.702101
12.441109 11.912582 4.044645
13.086852 11.914457 0.000000
-12.979987 11.428803 0.000000
-12.327971 11.422662 3.986677
-10.470900 11.414968 7.578877
-7.601058 11.408369 10.419934
-4.001419 11.402922 12.236469
-0.022882 11.398009 12.853662
3.946547 11.393137 12.212909
7.519328 11.387930 10.378589
10.347795 11.382445 7.532397
12.161777 11.378675 3.954620
12.793800 11.380359 0.000000
-12.424427 13.239178 0.000000
-11.797624 13.229639 3.825743
-10.018279 13.218527 7.267116
-7.270658 13.210141 9.989837
-3.822819 13.204064 11.732320
-0.009653 13.198970 12.325818
3.796844 13.193983 11.713109
7.224322 13.188398 9.955088
9.937777 13.181897 7.225649
11.676983 13.176993 3.794635
12.282174 13.178996 0.000000
6.534204 1.955647 0.000000
6.214401 1.955647 2.019183
5.286285 1.955647 3.840709
3.840709 1.955647 5.286285
2.019183 1.955647 6.214401
-0.000001 1.955647 6.534204
-2.019184 1.955647 6.214401
-3.840712 1.955647 5.286285
-5.286288 1.955647 3.840709
-6.214404 1.955647 2.019183
-6.534207 1.955647 0.000000
6.685061 3.310814 0.000000
6.357886 3.310557 2.065844
5.408202 3.310984 3.929517
3.929065 3.311813 5.408421
2.065356 3.312803 6.357804
-0.000465 3.313868 6.684775
-2.066165 3.315032 6.357378
-3.929545 3.316360 5.407693
-5.408230 3.317881 3.928728
-6.357527 3.319423 2.065307
-6.684585 3.320547 0.000000
-2.999727 4.812388 9.232207
-0.000001 4.812388 9.707316
2.999726 4.812388 9.232207
5.705815 4.812388 7.853383
7.853383 4.812388 5.705817
9.232206 4.812388 2.999727
9.707316 4.812388 0.000000
-9.707318 4.812388 0.000000
-9.232211 4.812388 2.999727
-7.853385 4.812388 5.705817
-5.705818 4.812388 7.853383
-6.076338 3.062789 -1.974322
-5.751479 3.062789 -1.868769
-5.168842 3.062789 -3.755379
-4.892499 3.062789 -3.554605
-3.755383 3.062789 -5.168839
-3.554609 3.062789 -4.892498
-1.974323 3.062789 -6.076335
-1.868770 3.062789 -5.751475
-0.000001 3.062789 -6.389033
-0.000001 3.062789 -6.047455
1.974323 3.062789 -6.076335
1.868769 3.062789 -5.751475
3.755380 3.062789 -5.168839
3.554605 3.062789 -4.892498
5.168839 3.062789 -3.755379
4.892496 3.062789 -3.554605
6.076334 3.062789 -1.974322
5.751475 3.062789 -1.868768
-4.403957 15.932168 -13.553988
-8.376826 15.932168 -11.529713
-7.659381 15.627836 -10.542233
-4.026773 15.627835 -12.393137
-11.529713 15.932168 -8.376826
-10.542233 15.627836 -7.659381
-13.553988 15.932168 -4.403957
-12.393137 15.627835 -4.026773
13.553983 15.932168 -4.403956
12.393130 15.627835 -4.026772
11.529706 15.932168 -8.376822
10.542228 15.627835 -7.659378
8.376822 15.932168 -11.529707
7.659375 15.627835 -10.542228
4.403956 15.932168 -13.553988
4.026772 15.627836 -12.393136
0.000000 15.932168 -14.251506
-0.000001 15.627835 -13.030915
-6.600106 1.955647 -2.144505
-5.614386 1.955647 -4.079085
-4.079089 1.955647 -5.614382
-2.144506 1.955647 -6.600103
-0.000001 1.955647 -6.939754
2.144506 1.955647 -6.600103
4.079085 1.955647 -5.614382
5.614382 1.955647 -4.079085
6.600102 1.955647 -2.144505
0.000000 10.388182 -13.521115
-4.178256 10.388182 -12.859341
-7.947511 10.388182 -10.938810
-10.938810 10.388182 -7.947511
-12.859347 10.388182 -4.178254
12.859341 10.388182 -4.178253
10.938810 10.388182 -7.947511
7.947508 10.388182 -10.938810
4.178252 10.388182 -12.859341
0.000098 7.392663 -11.846212
-3.660580 7.392663 -11.266411
-6.962928 7.392663 -9.583780
-9.583684 7.392663 -6.963026
-11.266319 7.392663 -3.660679
11.266509 7.392663 -3.660679
9.583879 7.392663 -6.963026
6.963121 7.392663 -9.583780
3.660776 7.392663 -11.266411
-4.429689 13.561370 -13.633183
-8.425766 13.561370 -11.597078
-11.597078 13.561370 -8.425767
-13.633183 13.561370 -4.429689
13.633177 13.561370 -4.429687
11.597072 13.561370 -8.425767
8.425765 13.561370 -11.597072
4.429687 13.561370 -13.633177
0.000000 13.561370 -14.334772
8.353080 12.875393 -11.497029
4.391474 12.875393 -13.515570
0.000000 12.875393 -14.211112
-4.391477 12.875393 -13.515575
-8.353084 12.875393 -11.497031
-11.497031 12.875393 -8.353084
-13.515575 12.875393 -4.391477
13.515570 12.875393 -4.391474
11.497029 12.875393 -8.353084
8.169901 11.241971 -11.244909
4.295172 11.241971 -13.219180
0.000000 11.241971 -13.899467
-4.295172 11.241971 -13.219180
-8.169901 11.241971 -11.244909
-11.244909 11.241971 -8.169902
-13.219180 11.241971 -4.295172
13.219180 11.241971 -4.295172
11.244904 11.241971 -8.169901
3.857772 8.194643 -11.873002
0.000000 8.194643 -12.484015
-3.857773 8.194643 -11.873007
-7.337919 8.194643 -10.099780
-10.099781 8.194643 -7.337919
-11.873007 8.194643 -3.857773
11.873002 8.194643 -3.857772
10.099780 8.194643 -7.337919
7.337918 8.194643 -10.099780
-0.029276 10.457272 -13.324630
-4.146764 10.460692 -12.664480
-0.029114 11.311065 -13.704068
-4.263857 11.314486 -13.025393
-7.858844 10.464923 -10.764323
-8.081723 11.318716 -11.071383
-10.802441 10.471205 -7.810974
-11.109290 11.324998 -8.034119
-12.690400 10.481349 -4.096825
-13.051168 11.335142 -4.214192
12.661737 10.440470 -4.124715
13.022669 11.294262 -4.241928
10.763371 10.445662 -7.845946
11.070436 11.299454 -8.068899
7.809639 10.450331 -10.792430
8.032789 11.304124 -11.099336
4.090642 10.454001 -12.679763
4.208045 11.307795 -13.040589
-0.030616 7.526463 -11.679731
-3.641261 7.531275 -11.102691
-0.030042 8.328443 -12.321179
-3.838876 8.333255 -11.712862
-6.897039 7.536729 -9.438560
-7.273471 8.338709 -9.957733
-9.479662 7.543008 -6.851273
-9.998034 8.344987 -7.228611
-11.137096 7.549541 -3.595368
-11.746612 8.351522 -3.793890
11.092558 7.511690 -3.607967
11.702856 8.313669 -3.806212
9.430010 7.513937 -6.869865
9.949273 8.315916 -7.246797
6.841640 7.517747 -9.455403
7.219092 8.319726 -9.974207
3.581589 7.522005 -11.112402
3.780315 8.323984 -11.722363
8.210478 12.890215 -11.347799
4.301422 12.891755 -13.329991
8.283160 13.576192 -11.447842
4.339634 13.577737 -13.447598
-0.028749 12.893016 -14.006960
-0.028749 13.578993 -14.130618
-4.356159 12.894292 -13.312565
-4.394372 13.580269 -13.430172
-8.257219 12.895911 -11.314800
-8.329903 13.581889 -11.414843
-11.350121 12.898701 -8.209222
-11.450163 13.584678 -8.281909
-13.332433 12.907109 -4.301073
-13.450039 13.593091 -4.339285
13.312867 12.881452 -4.347459
13.430474 13.567430 -4.385672
11.315722 12.887714 -8.253937
11.415764 13.573692 -8.326625
-5.751479 1.955647 -1.868769
-4.892499 1.955647 -3.554605
-3.554609 1.955647 -4.892496
-1.868770 1.955647 -5.751475
-0.000001 1.955647 -6.047456
1.868769 1.955647 -5.751475
3.554605 1.955647 -4.892496
4.892496 1.955647 -3.554605
5.751475 1.955647 -1.868769
-10.249106 7.385753 -3.323851
-8.721632 7.360328 -6.327089
-6.340549 7.335291 -8.712821
-3.338038 7.313393 -10.246775
-0.007625 7.294213 -10.778018
3.324769 7.276670 -10.253863
6.332800 7.260359 -8.724954
8.721401 7.246687 -6.340231
10.255355 7.239664 -3.332798
-0.038254 9.953936 -12.133141
-3.796129 9.958318 -11.551738
-7.197851 9.962831 -9.837111
-9.910853 9.967474 -7.153434
-11.665353 9.971818 -3.759264
11.463895 9.938244 -3.729290
9.751019 9.940806 -7.107082
7.081457 9.945044 -9.794181
3.709380 9.949538 -11.526808
-4.086423 14.626423 -12.577611
-7.775238 14.629952 -10.702071
-10.707935 14.637234 -7.779392
-12.603475 14.653437 -4.093843
12.558219 14.604931 -4.080377
10.686771 14.610913 -7.764949
7.768353 14.617597 -10.691962
4.085291 14.621082 -12.572360
0.000285 14.623750 -13.222095
7.468147 14.166902 -10.276763
3.930114 14.173042 -12.090410
0.001790 14.178390 -12.721622
-3.932103 14.183891 -12.108084
-7.487715 14.190704 -10.309507
-10.320461 14.200669 -7.500739
-12.155800 14.214512 -3.951376
12.063807 14.153522 -3.919039
10.269137 14.159404 -7.459921
-12.589902 11.961659 -4.077560
-10.692080 11.952327 -7.748396
-7.760090 11.944773 -10.652022
-4.081911 11.938870 -12.509194
-0.015620 11.933697 -13.140770
4.042171 11.928592 -12.486439
7.695014 11.923037 -10.611680
10.586871 11.916942 -7.702101
12.441109 11.912582 -4.044645
-12.327971 11.422662 -3.986677
-10.470900 11.414968 -7.578877
-7.601058 11.408369 -10.419934
-4.001419 11.402922 -12.236469
-0.022882 11.398009 -12.853662
3.946547 11.393137 -12.212909
7.519328 11.387930 -10.378589
10.347795 11.382445 -7.532397
12.161777 11.378675 -3.954620
-11.797624 13.229639 -3.825743
-10.018279 13.218527 -7.267116
-7.270658 13.210141 -9.989837
-3.822819 13.204064 -11.732320
-0.009653 13.198970 -12.325818
3.796844 13.193983 -11.713109
7.224322 13.188398 -9.955088
9.937777 13.181897 -7.225649
11.676983 13.176993 -3.794635
6.214401 1.955647 -2.019183
5.286285 1.955647 -3.840709
3.840709 1.955647 -5.286285
2.019183 1.955647 -6.214401
-0.000001 1.955647 -6.534204
-2.019184 1.955647 -6.214401
-3.840712 1.955647 -5.286285
-5.286288 1.955647 -3.840709
-6.214404 1.955647 -2.019183
6.357886 3.310557 -2.065844
5.408202 3.310984 -3.929517
3.929065 3.311813 -5.408421
2.065356 3.312803 -6.357804
-0.000465 3.313868 -6.684775
-2.066165 3.315032 -6.357378
-3.929545 3.316360 -5.407693
-5.408230 3.317881 -3.928728
-6.357527 3.319423 -2.065307
-2.999727 4.812388 -9.232207
-0.000001 4.812388 -9.707316
2.999726 4.812388 -9.232207
5.705815 4.812388 -7.853383
7.853383 4.812388 -5.705817
9.232206 4.812388 -2.999727
-9.232211 4.812388 -2.999727
-7.853385 4.812388 -5.705817
-5.705818 4.812388 -7.853383
-2.186548 2.098727 -6.729495
-4.159058 2.098727 -5.724450
-5.724453 2.098727 -4.159054
-6.729498 2.098727 -2.186547
-7.075809 2.098727 0.000000
-6.729498 2.098727 2.186547
-5.724453 2.098727 4.159054
-4.159058 2.098727 5.724450
-2.186548 2.098727 6.729495
-0.000001 2.098727 7.075805
2.186548 2.098727 6.729495
4.159054 2.098727 5.724450
5.724450 2.098727 4.159054
6.729495 2.098727 2.186547
7.075805 2.098727 0.000000
6.729495 2.098727 -2.186547
5.724450 2.098727 -4.159054
4.159054 2.098727 -5.724450
2.186548 2.098727 -6.729495
-0.000001 2.098727 -7.075805
-2.233477 2.258444 -6.873930
-4.248323 2.258444 -5.847313
-5.847317 2.258444 -4.248320
-6.873933 2.258444 -2.233477
-7.227676 2.258444 0.000000
-6.873933 2.258444 2.233477
-5.847317 2.258444 4.248320
-4.248323 2.258444 5.847313
-2.233477 2.258444 6.873930
-0.000001 2.258444 7.227674
2.233477 2.258444 6.873930
4.248320 2.258444 5.847313
5.847313 2.258444 4.248320
6.873930 2.258444 2.233477
7.227674 2.258444 0.000000
6.873930 2.258444 -2.233477
5.847313 2.258444 -4.248320
4.248320 2.258444 -5.847313
2.233477 2.258444 -6.873930
-0.000001 2.258444 -7.227674
13.560307 15.742840 -4.406011
11.535086 15.742840 -8.380731
8.380731 15.742840 -11.535087
4.406011 15.742840 -13.560312
0.000000 15.742840 -14.258156
-4.406012 15.742840 -13.560313
-8.380734 15.742840 -11.535092
-11.535092 15.742840 -8.380734
-13.560313 15.742840 -4.406012
-14.258156 15.742840 0.000000
-13.560313 15.742840 4.406012
-11.535092 15.742840 8.380734
-8.380734 15.742840 11.535092
-4.406012 15.742840 13.560313
0.000000 15.742840 14.258156
4.406011 15.742840 13.560312
8.380731 15.742840 11.535087
11.535086 15.742840 8.380731
13.560307 15.742840 4.406011
14.258151 15.742840 0.000000
4.035955 15.469851 -12.421261
7.676476 15.469303 -10.565725
10.564911 15.468254 -7.675944
12.419037 15.467315 -4.035184
13.059057 15.468304 0.000000
12.419037 15.467315 4.035184
10.564911 15.468254 7.675944
7.676476 15.469303 10.565725
4.035955 15.469851 12.421261
0.000044 15.470268 13.060917
-4.036134 15.470688 12.422086
-7.677562 15.471243 10.567315
-10.568236 15.472386 7.678214
-12.426145 15.474927 4.037298
-13.068941 15.478186 0.000000
-12.426145 15.474927 -4.037298
-10.568236 15.472386 -7.678214
-7.677562 15.471243 -10.567315
-4.036134 15.470688 -12.422086
0.000044 15.470268 -13.060917
4.215364 15.780002 -12.973562
-0.000001 15.780001 -13.641211
-4.215365 15.780001 -12.973562
-8.018104 15.780002 -11.035973
-11.035973 15.780002 -8.018104
-12.973562 15.780001 -4.215365
-13.641211 15.780001 0.000000
-12.973562 15.780001 4.215365
-11.035973 15.780002 8.018104
-8.018104 15.780002 11.035973
-4.215365 15.780001 12.973562
-0.000001 15.780001 13.641211
4.215364 15.780002 12.973562
8.018098 15.780001 11.035967
11.035967 15.780001 8.018100
12.973557 15.780001 4.215364
13.641206 15.780001 0.000000
12.973557 15.780001 -4.215364
11.035967 15.780001 -8.018100
8.018098 15.780001 -11.035967
-8.423557 13.668371 -11.594038
-11.594038 13.668371 -8.423558
-13.629608 13.668371 -4.428528
-14.331015 13.668371 0.000000
-13.629608 13.668371 4.428528
-11.594038 13.668371 8.423558
-8.423557 13.668371 11.594038
-4.428528 13.668371 13.629608
0.000000 13.668371 14.331015
4.428526 13.668371 13.629602
8.423556 13.668371 11.594031
11.594031 13.668371 8.423558
13.629602 13.668371 4.428526
14.331015 13.668371 0.000000
13.629602 13.668371 -4.428526
11.594031 13.668371 -8.423558
8.423556 13.668371 -11.594031
4.428526 13.668371 -13.629602
0.000000 13.668371 -14.331015
-4.428528 13.668371 -13.629608
-8.314160 13.433315 -11.393174
-11.428495 13.436104 -8.266166
-13.424566 13.444516 -4.331008
-14.111056 13.458523 0.000000
-13.424566 13.444516 4.331008
-11.428495 13.436104 8.266166
-8.314160 13.433315 11.393174
-4.386095 13.431695 13.404699
-0.028749 13.430419 14.103835
4.331357 13.429162 13.422127
8.267418 13.427618 11.426174
11.394096 13.425118 8.310882
13.405003 13.418855 4.377396
14.099215 13.421638 0.000000
13.405003 13.418855 -4.377396
11.394096 13.425118 -8.310882
8.267418 13.427618 -11.426174
4.331357 13.429162 -13.422127
-0.028749 13.430419 -14.103835
-4.386095 13.431695 -13.404699
-8.271072 13.026657 -11.333868
-11.369189 13.029447 -8.223076
-13.354849 13.037856 -4.308356
-14.037750 13.051866 0.000000
-13.354849 13.037856 4.308356
-11.369189 13.029447 8.223076
-8.271072 13.026657 11.333868
-4.363442 13.025038 13.334981
-0.028749 13.023762 14.030529
4.308705 13.022502 13.352407
8.224331 13.020961 11.366868
11.334789 13.018461 8.267792
13.335283 13.012198 4.354743
14.025908 13.014981 0.000000
13.335283 13.012198 -4.354743
11.334789 13.018461 -8.267792
8.224331 13.020961 -11.366868
4.308705 13.022502 -13.352407
-0.028749 13.023762 -14.030529
-4.363442 13.025038 -13.334981
-8.338912 12.749028 -11.477527
-11.477527 12.749028 -8.338912
-13.492645 12.749028 -4.384027
-14.187002 12.749028 0.000000
-13.492645 12.749028 4.384027
-11.477527 12.749028 8.338912
-8.338912 12.749028 11.477527
-4.384027 12.749028 13.492645
0.000000 12.749028 14.187002
4.384024 12.749028 13.492640
8.338908 12.749028 11.477525
11.477524 12.749028 8.338912
13.492640 12.749028 4.384024
14.186999 12.749028 0.000000
13.492640 12.749028 -4.384024
11.477524 12.749028 -8.338912
8.338908 12.749028 -11.477525
4.384024 12.749028 -13.492640
0.000000 12.749028 -14.187002
-4.384027 12.749028 -13.492645
-8.182495 11.354275 -11.262243
-11.262243 11.354275 -8.182496
-13.239558 11.354275 -4.301793
-13.920898 11.354275 0.000000
-13.239558 11.354275 4.301793
-11.262243 11.354275 8.182496
-8.182495 11.354275 11.262243
-4.301794 11.354275 13.239558
0.000000 11.354275 13.920895
4.301793 11.354275 13.239557
8.182495 11.354275 11.262243
11.262238 11.354275 8.182495
13.239557 11.354275 4.301793
13.920895 11.354275 0.000000
13.239557 11.354275 -4.301793
11.262238 11.354275 -8.182495
8.182495 11.354275 -11.262243
4.301793 11.354275 -13.239557
0.000000 11.354275 -13.920895
-4.301794 11.354275 -13.239558
-8.045770 11.180985 -11.021850
-11.059791 11.187267 -7.998121
-12.992970 11.197411 -4.195259
-13.658516 11.207200 0.000000
-12.992970 11.197411 4.195259
-11.059791 11.187267 7.998121
-8.045770 11.180985 11.021850
-4.244968 11.176755 12.967171
-0.029140 11.173334 13.642859
4.189106 11.170064 12.982382
7.996791 11.166393 11.049828
11.020901 11.161723 8.032933
12.964445 11.156531 4.223020
13.634724 11.157499 0.000000
12.964445 11.156531 -4.223020
11.020901 11.161723 -8.032933
7.996791 11.166393 -11.049828
4.189106 11.170064 -12.982382
-0.029140 11.173334 -13.642859
-4.244968 11.176755 -12.967171
-7.900187 10.217892 -10.873675
-10.873675 10.217892 -7.900187
-12.782776 10.217892 -4.153374
-13.440603 10.217892 0.000000
-12.782776 10.217892 4.153374
-10.873675 10.217892 7.900187
-7.900187 10.217892 10.873675
-4.153376 10.217892 12.782769
0.000000 10.217892 13.440602
4.153373 10.217892 12.782769
7.900185 10.217892 10.873675
10.873675 10.217892 7.900187
12.782769 10.217892 4.153373
13.440601 10.217892 0.000000
12.782769 10.217892 -4.153373
10.873675 10.217892 -7.900187
7.900185 10.217892 -10.873675
4.153373 10.217892 -12.782769
0.000000 10.217892 -13.440602
-4.153376 10.217892 -12.782769
-7.900778 10.625561 -10.822096
-10.860173 10.631842 -7.852957
-12.758278 10.641987 -4.118907
-13.411734 10.651776 0.000000
-12.758278 10.641987 4.118907
-10.860173 10.631842 7.852957
-7.900778 10.625561 10.822096
-4.168795 10.621330 12.732385
-0.029245 10.617909 13.396020
4.112731 10.614639 12.747651
7.851624 10.610968 10.850173
10.821144 10.606300 7.887894
12.729645 10.601107 4.146769
13.387852 10.602074 0.000000
12.729645 10.601107 -4.146769
10.821144 10.606300 -7.887894
7.851624 10.610968 -10.850173
4.112731 10.614639 -12.747651
-0.029245 10.617909 -13.396020
-4.168795 10.621330 -12.732385
-7.387456 8.372894 -10.167961
-10.167962 8.372894 -7.387456
-11.953159 8.372894 -3.883816
-12.568298 8.372894 0.000000
-11.953159 8.372894 3.883816
-10.167962 8.372894 7.387456
-7.387456 8.372894 10.167961
-3.883816 8.372894 11.953158
0.000000 8.372894 12.568293
3.883815 8.372894 11.953155
7.387455 8.372894 10.167961
10.167961 8.372894 7.387456
11.953155 8.372894 3.883815
12.568293 8.372894 0.000000
11.953155 8.372894 -3.883815
10.167961 8.372894 -7.387456
7.387455 8.372894 -10.167961
3.883815 8.372894 -11.953155
0.000000 8.372894 -12.568293
-3.883816 8.372894 -11.953158
-7.161650 8.140361 -9.803677
-9.844088 8.146640 -7.116665
-11.565619 8.153173 -3.735019
-12.158663 8.157979 0.000000
-11.565619 8.153173 3.735019
-9.844088 8.146640 7.116665
-7.161650 8.140361 9.803677
-3.780129 8.134907 11.531777
-0.030125 8.130095 12.130791
3.721408 8.125637 11.541304
7.107121 8.121378 9.820197
9.795195 8.117568 7.134902
11.521744 8.115322 3.747376
12.116827 8.116422 0.000000
11.521744 8.115322 -3.747376
9.795195 8.117568 -7.134902
7.107121 8.121378 -9.820197
3.721408 8.125637 -11.541304
-0.030125 8.130095 -12.130791
-3.780129 8.134907 -11.531777
-6.988662 7.697463 -9.564788
-9.605800 7.703742 -6.942997
-11.285396 7.710275 -3.643605
-11.863986 7.715080 0.000000
-11.285396 7.710275 3.643605
-9.605800 7.703742 6.942997
-6.988662 7.697463 9.564788
-3.689396 7.692008 11.251066
-0.030548 7.687197 11.835730
3.629857 7.682738 11.260756
6.933385 7.678481 9.581594
9.556257 7.674670 6.961548
11.240956 7.672423 3.656176
11.821625 7.673523 0.000000
11.240956 7.672423 -3.656176
9.556257 7.674670 -6.961548
6.933385 7.678481 -9.581594
3.629857 7.682738 -11.260756
-0.030548 7.687197 -11.835730
-3.689396 7.692008 -11.251066
-6.879555 7.216995 -9.469028
-9.468931 7.216995 -6.879653
-11.131419 7.216995 -3.616847
-11.704271 7.216995 0.000000
-11.131419 7.216995 3.616847
-9.468931 7.216995 6.879653
-6.879555 7.216995 9.469028
-3.616749 7.216995 11.131510
0.000098 7.216995 11.704370
3.616944 7.216995 11.131510
6.879748 7.216995 9.469028
9.469126 7.216995 6.879653
11.131608 7.216995 3.616847
11.704466 7.216995 0.000000
11.131608 7.216995 -3.616847
9.469126 7.216995 -6.879653
6.879748 7.216995 -9.469028
3.616944 7.216995 -11.131510
0.000098 7.216995 -11.704370
-3.616749 7.216995 -11.131510
6.360436 0.000000 -0.474504
6.360436 -0.000000 0.474502
5.838218 2.149126 -0.715466
5.838218 2.149126 0.715464
7.404190 3.078322 -0.623416
7.404190 3.078322 0.623414
7.259098 0.000000 -0.369543
7.259098 -0.000000 0.369541
6.732633 0.000000 -0.501131
6.464680 2.149126 -0.764331
6.464680 2.149126 0.764328
6.732633 -0.000000 0.501129
7.499476 3.078322 -0.000001
7.340670 0.000000 -0.000001
6.732633 0.000000 -0.000001
6.360436 0.000000 -0.000001
5.838218 2.149126 -0.000001
7.474562 3.078322 -0.344397
7.319342 0.000000 -0.204022
6.732633 0.000000 -0.288023
6.360436 0.000000 -0.272718
5.838218 2.149126 -0.411210
7.477898 3.078322 0.309908
7.322197 -0.000000 0.183585
6.732633 -0.000000 0.267463
6.360436 -0.000000 0.253251
5.838218 2.149126 0.381857
6.109232 2.149126 0.758869
6.521452 -0.000000 0.500400
6.521452 -0.000000 0.267073
6.521452 0.000000 -0.000001
6.521452 0.000000 -0.287603
6.521452 0.000000 -0.500402
6.109232 2.149126 -0.758871
7.068190 2.685210 0.758741
7.010037 -0.000000 0.463586
7.028763 -0.000000 0.277442
7.050197 0.000000 -0.000001
7.027116 0.000000 -0.298787
7.010037 0.000000 -0.463588
7.068190 2.685210 -0.758743
7.059977 0.686380 0.415255
7.115547 0.686380 0.206138
7.131815 0.686380 -0.000001
7.113031 0.686380 -0.229094
7.059977 0.686380 -0.415257
6.816442 0.595367 -0.516814
6.543576 0.471253 -0.552250
6.311331 0.471253 -0.551663
6.152730 0.471253 -0.524306
6.152730 0.471253 -0.301342
6.152730 0.471253 -0.000001
6.152730 0.471253 0.279832
6.152730 0.471253 0.524304
6.311331 0.471253 0.551660
6.543576 0.471253 0.552248
6.816442 0.595367 0.516812
7.500665 1.597442 0.252682
7.523660 1.597442 -0.000001
7.497110 1.597442 -0.280795
7.422118 1.597442 -0.507979
7.070874 1.385623 -0.621014
6.653407 1.141542 -0.649256
6.293989 1.141542 -0.641705
6.042082 1.141542 -0.604713
6.042082 1.141542 -0.347556
6.042082 1.141542 -0.000001
6.042082 1.141542 0.322747
6.042082 1.141542 0.604711
6.293989 1.141542 0.641703
6.653407 1.141542 0.649254
7.070874 1.385623 0.621012
7.422118 1.597442 0.507977
7.461185 2.067669 0.550612
7.532199 2.067669 0.273654
7.552989 2.067669 -0.000001
7.528985 2.067669 -0.304112
7.461185 2.067669 -0.550614
7.029215 1.793498 -0.665610
6.618248 1.576920 -0.686454
6.265905 1.576920 -0.680168
6.027041 1.576920 -0.642755
6.027041 1.576920 -0.369420
6.027041 1.576920 -0.000001
6.027041 1.576920 0.343051
6.027041 1.576920 0.642753
6.265905 1.576920 0.680166
6.618248 1.576920 0.686452
7.029215 1.793498 0.665608
7.295569 1.064543 0.461151
7.362063 1.064543 0.229135
7.381530 1.064543 -0.000001
7.359054 1.064543 -0.254641
7.295569 1.064543 -0.461153
6.925646 1.038898 -0.572115
6.573221 0.822323 -0.601938
6.276941 0.822323 -0.598193
6.073388 0.822323 -0.566330
6.073388 0.822323 -0.325495
6.073388 0.822323 -0.000001
6.073388 0.822323 0.302260
6.073388 0.822323 0.566328
6.276941 0.822323 0.598191
6.573221 0.822323 0.601936
6.925646 1.038898 0.572113
7.090452 0.346590 0.389821
7.149717 0.346590 0.193595
7.167068 0.346590 -0.000001
7.147035 0.346590 -0.215149
7.090452 0.346590 -0.389823
6.844219 0.300632 -0.486823
6.601692 0.237961 -0.524828
6.392112 0.237961 -0.524900
6.232316 0.237961 -0.498302
6.232316 0.237961 -0.286396
6.232316 0.237961 -0.000001
6.232316 0.237961 0.265953
6.232316 0.237961 0.498300
6.392112 0.237961 0.524898
6.601692 0.237961 0.524826
6.844219 0.300632 0.486821
-4.161983 -0.000000 4.833032
-4.833030 -0.000000 4.161984
-3.622333 2.149126 4.634154
-4.634152 2.149126 3.622334
-4.794731 3.078322 5.676374
-5.676373 3.078322 4.794733
-4.871651 -0.000000 5.394264
-5.394262 -0.000000 4.871653
-4.406337 -0.000000 5.115044
-4.030756 2.149126 5.111682
-5.111681 2.149126 4.030757
-5.115042 -0.000000 4.406338
-5.302930 3.078322 5.302931
-5.190637 -0.000000 5.190638
-4.760690 -0.000000 4.760691
-4.497507 -0.000000 4.497508
-4.128243 2.149126 4.128244
-5.041788 3.078322 5.528839
-5.031291 -0.000000 5.319822
-4.557027 -0.000000 4.964353
-4.304666 -0.000000 4.690348
-3.837474 2.149126 4.419013
-5.506810 3.078322 5.068534
-5.307390 -0.000000 5.047760
-4.949815 -0.000000 4.571566
-4.676583 -0.000000 4.318431
-4.398257 2.149126 3.858229
-4.856481 2.149126 3.783278
-4.965199 -0.000000 4.257527
-4.800212 -0.000000 4.422513
-4.611362 -0.000000 4.611363
-4.407997 -0.000000 4.814729
-4.257525 -0.000000 4.965200
-3.783277 2.149126 4.856483
-5.534476 2.685210 4.461454
-5.284650 -0.000000 4.629040
-5.166267 -0.000000 4.773905
-4.985241 -0.000000 4.985242
-4.757647 -0.000000 5.180195
-4.629038 -0.000000 5.284651
-4.461452 2.685210 5.534477
-5.285787 0.686380 4.698528
-5.177213 0.686380 4.885689
-5.042954 0.686380 5.042955
-4.867679 0.686380 5.191667
-4.698526 0.686380 5.285789
-4.454510 0.595367 5.185395
-4.236507 0.471253 5.017507
-4.072701 0.471253 4.852869
-3.979897 0.471253 4.721378
-4.137556 0.471253 4.563719
-4.350637 0.471253 4.350638
-4.548508 0.471253 4.152767
-4.721376 0.471253 3.979898
-4.852868 0.471253 4.072702
-5.017505 0.471253 4.236509
-5.185394 0.595367 4.454511
-5.482444 1.597442 5.125098
-5.320031 1.597442 5.320032
-5.102705 1.597442 5.499809
-4.889034 1.597442 5.607425
-4.560740 1.385623 5.438986
-4.245576 1.141542 5.163762
-3.996769 1.141542 4.904276
-3.844800 1.141542 4.699994
-4.026638 1.141542 4.518156
-4.272397 1.141542 4.272398
-4.500613 1.141542 4.044181
-4.699993 1.141542 3.844802
-4.904274 1.141542 3.996770
-5.163761 1.141542 4.245577
-5.438984 1.385623 4.560741
-5.607424 1.597442 4.889035
-5.665196 2.067669 4.886512
-5.519571 2.067669 5.132566
-5.340769 2.067669 5.340770
-5.108757 2.067669 5.538836
-4.886511 2.067669 5.665197
-4.499748 1.793498 5.441063
-4.194412 1.576920 5.165205
-3.949713 1.576920 4.911615
-3.807265 1.576920 4.716259
-4.000542 1.576920 4.522981
-4.261761 1.576920 4.261762
-4.504335 1.576920 4.019188
-4.716257 1.576920 3.807266
-4.911613 1.576920 3.949714
-5.165203 1.576920 4.194413
-5.441062 1.793498 4.499749
-5.484830 1.064543 4.832664
-5.367788 1.064543 5.043742
-5.219529 1.064543 5.219530
-5.023578 1.064543 5.383695
-4.832663 1.064543 5.484831
-4.492625 1.038898 5.301718
-4.222334 0.822323 5.073603
-4.015481 0.822323 4.861454
-3.894078 0.822323 4.694989
-4.064374 0.822323 4.524693
-4.294533 0.822323 4.294534
-4.508264 0.822323 4.080803
-4.694988 0.822323 3.894080
-4.861452 0.822323 4.015483
-5.073602 0.822323 4.222336
-5.301717 1.038898 4.492626
-5.289352 0.346590 4.738061
-5.192506 0.346590 4.918721
-5.067882 0.346590 5.067883
-4.901584 0.346590 5.205851
-4.738060 0.346590 5.289353
-4.495358 0.300632 5.183830
-4.296992 0.237961 5.039211
-4.148746 0.237961 4.891067
-4.054561 0.237961 4.759266
-4.204401 0.237961 4.609426
-4.406913 0.237961 4.406914
-4.594970 0.237961 4.218856
-4.759264 0.237961 4.054562
-4.891065 0.237961 4.148747
-5.039209 0.237961 4.296993
-5.183829 0.300632 4.495359
-2.104537 0.000000 -6.020899
-1.187869 0.000000 -6.266519
-2.202129 2.149126 -5.454110
-0.819957 2.149126 -5.824461
-2.518519 3.078322 -6.990546
-1.314173 3.078322 -7.313250
-2.235744 0.000000 -6.916105
-1.521843 0.000000 -7.107395
-2.226589 0.000000 -6.373522
-2.411469 2.149126 -6.046577
-0.934898 2.149126 -6.442224
-1.258480 0.000000 -6.632926
-1.941008 3.078322 -7.243937
-1.899906 0.000000 -7.090542
-1.742535 0.000000 -6.503223
-1.646203 0.000000 -6.143709
-1.511043 2.149126 -5.639285
-2.267221 3.078322 -7.130735
-2.091455 0.000000 -7.017136
-2.020742 0.000000 -6.428678
-1.909628 0.000000 -6.073124
-1.908240 2.149126 -5.532856
-1.636074 3.078322 -7.303305
-1.717794 0.000000 -7.120214
-1.484185 0.000000 -6.572448
-1.401580 0.000000 -6.209255
-1.142196 2.149126 -5.738118
-0.848175 2.149126 -6.097475
-1.204527 0.000000 -6.428752
-1.429903 0.000000 -6.368363
-1.687877 0.000000 -6.299239
-1.965680 0.000000 -6.224802
-2.171227 0.000000 -6.169725
-2.314199 2.149126 -5.704655
-1.096494 2.685210 -7.023724
-1.366541 0.000000 -6.891161
-1.551190 0.000000 -6.861071
-1.824726 0.000000 -6.809967
-2.107357 0.000000 -6.710341
-2.262123 0.000000 -6.651190
-2.562272 2.685210 -6.630970
-1.426151 0.686380 -6.926889
-1.642525 0.686380 -6.926443
-1.845850 0.686380 -6.888803
-2.062276 0.686380 -6.811367
-2.228364 0.686380 -6.711937
-2.263429 0.595367 -6.450416
-2.227034 0.471253 -6.177676
-2.166358 0.471253 -5.953496
-2.098885 0.471253 -5.807381
-1.883518 0.471253 -5.865088
-1.592445 0.471253 -5.943081
-1.322147 0.471253 -6.015507
-1.086005 0.471253 -6.078781
-1.100630 0.471253 -6.239058
-1.160172 0.471253 -6.463542
-1.265023 0.595367 -6.717938
-1.697242 1.597442 -7.310485
-1.947268 1.597442 -7.267297
-2.211622 1.597442 -7.168977
-2.411656 1.597442 -7.037741
-2.429930 1.385623 -6.669209
-2.349161 1.141542 -6.258657
-2.248843 1.141542 -5.913441
-2.147914 1.141542 -5.679691
-1.899519 1.141542 -5.746249
-1.563807 1.141542 -5.836202
-1.252056 1.141542 -5.919735
-0.979700 1.141542 -5.992713
-1.009167 1.141542 -6.245611
-1.094898 1.141542 -6.594737
-1.230225 1.385623 -6.990669
-1.430317 1.597442 -7.300689
-1.399246 2.067669 -7.349460
-1.685147 2.067669 -7.346372
-1.954858 2.067669 -7.295627
-2.242394 2.067669 -7.193731
-2.462949 2.067669 -7.064441
-2.462225 1.793498 -6.617428
-2.375993 1.576920 -6.215069
-2.278727 1.576920 -5.876359
-2.180767 1.576920 -5.655317
-1.916746 1.576920 -5.726062
-1.559914 1.576920 -5.821674
-1.228552 1.576920 -5.910463
-0.939061 1.576920 -5.988032
-0.964746 1.576920 -6.228439
-1.049867 1.576920 -6.570403
-1.176367 1.793498 -6.961973
-1.442795 1.064543 -7.166334
-1.684114 1.064543 -7.170511
-1.910481 1.064543 -7.130010
-2.150628 1.064543 -7.042394
-2.333672 1.064543 -6.927624
-2.345110 1.038898 -6.541586
-2.282702 0.822323 -6.193451
-2.202402 0.822323 -5.908236
-2.118941 0.822323 -5.719865
-1.886312 0.822323 -5.782198
-1.571909 0.822323 -5.866442
-1.279947 0.822323 -5.944673
-1.024878 0.822323 -6.013019
-1.046784 0.822323 -6.217883
-1.119850 0.822323 -6.505036
-1.239870 1.038898 -6.837734
-1.458606 0.346590 -6.949744
-1.663485 0.346590 -6.956203
-1.854975 0.346590 -6.922855
-2.057607 0.346590 -6.847821
-2.211684 0.346590 -6.747957
-2.241650 0.300632 -6.485009
-2.215589 0.237961 -6.240909
-2.161415 0.237961 -6.038452
-2.094365 0.237961 -5.890985
-1.889680 0.237961 -5.945830
-1.613043 0.237961 -6.019955
-1.356152 0.237961 -6.088789
-1.131722 0.237961 -6.148925
-1.147388 0.237961 -6.310160
-1.201700 0.237961 -6.512580
-1.301181 0.300632 -6.737007
13.739175 13.023177 -0.214440
13.725471 13.120787 -0.407889
13.704126 13.272818 -0.561411
13.677231 13.464389 -0.659978
13.647417 13.676746 -0.693942
13.617603 13.889103 -0.659978
13.590708 14.080674 -0.561411
13.569364 14.232705 -0.407889
13.555660 14.330315 -0.214440
13.550938 14.363949 0.000000
13.555660 14.330315 0.214440
13.569364 14.232705 0.407889
13.590708 14.080674 0.561411
13.617603 13.889103 0.659978
13.647417 13.676746 0.693942
13.677231 13.464389 0.659978
13.704126 13.272818 0.561411
13.725471 13.120787 0.407889
13.739175 13.023178 0.214440
13.743896 12.989543 0.000000
15.131138 13.175435 -0.228329
15.116547 13.279367 -0.434308
15.093820 13.441245 -0.597774
15.065182 13.645224 -0.702725
15.033437 13.871335 -0.738889
15.001693 14.097447 -0.702725
14.973055 14.301426 -0.597774
14.950328 14.463304 -0.434308
14.935737 14.567236 -0.228329
14.930709 14.603048 0.000000
14.935737 14.567236 0.228329
14.950328 14.463304 0.434308
14.973055 14.301426 0.597774
15.001693 14.097447 0.702725
15.033437 13.871335 0.738889
15.065182 13.645224 0.702725
15.093820 13.441245 0.597774
15.116547 13.279367 0.434308
15.131138 13.175435 0.228329
15.136166 13.139623 0.000000
14.601063 14.021416 0.642424
14.574883 14.207891 0.546478
14.554106 14.355878 0.397040
14.540767 14.450892 0.208736
14.536170 14.483631 0.000000
14.540767 14.450892 -0.208736
14.554106 14.355878 -0.397040
14.574883 14.207891 -0.546479
14.601063 14.021416 -0.642424
14.630083 13.814707 -0.675485
14.659104 13.607998 -0.642424
14.685284 13.421523 -0.546479
14.706060 13.273535 -0.397040
14.719400 13.178522 -0.208736
14.723996 13.145783 0.000000
14.719400 13.178522 0.208736
14.706060 13.273536 0.397040
14.685284 13.421523 0.546478
14.659104 13.607998 0.642424
14.630083 13.814707 0.675484
14.201972 13.988767 0.713685
14.172888 14.195926 0.607096
14.149806 14.360329 0.441081
14.134987 14.465882 0.231890
14.129881 14.502253 0.000000
14.134987 14.465882 -0.231890
14.149806 14.360329 -0.441081
14.172888 14.195926 -0.607096
14.201972 13.988767 -0.713685
14.234212 13.759129 -0.750413
14.266452 13.529491 -0.713685
14.295535 13.322331 -0.607097
14.318617 13.157928 -0.441081
14.333436 13.052375 -0.231890
14.338542 13.016004 0.000000
14.333436 13.052375 0.231890
14.318617 13.157928 0.441081
14.295535 13.322331 0.607096
14.266452 13.529491 0.713685
14.234212 13.759129 0.750412
12.985048 10.908176 0.525350
14.454274 15.912226 3.139898
14.454274 15.912226 0.000000
12.849316 10.969157 -0.002462
14.912749 11.575740 1.135504
14.912749 11.575740 0.000000
15.168097 12.321142 1.892845
15.168098 12.321142 0.000000
14.750612 14.421416 2.731905
14.750612 14.421415 0.000000
14.647493 14.940184 0.000000
14.641522 14.970225 2.902971
14.663361 14.860361 0.000000
14.710312 14.624156 0.000000
14.712799 14.611645 2.413999
14.668659 14.833706 2.425101
14.454274 15.912226 1.794182
14.644081 14.957350 1.658798
14.666388 14.845130 1.385737
14.711279 14.619298 1.379393
14.750612 14.421415 1.584327
15.168098 12.321142 1.013298
14.912749 11.575740 0.700679
12.925739 10.934822 0.408702
14.454274 15.912226 0.939924
14.645704 14.949177 0.869001
14.664947 14.852382 0.725951
14.710313 14.624156 0.722627
14.750612 14.421416 0.829987
15.168098 12.321143 0.530840
14.912749 11.575740 0.391748
12.860118 10.964303 0.124013
14.715467 11.341520 1.179242
14.715467 11.341520 0.604687
14.715467 11.341520 0.287992
14.715467 11.341520 0.000001
15.029001 11.758205 1.568196
15.022322 11.750896 0.831774
15.022322 11.750897 0.450076
15.022322 11.750896 0.000000
14.552747 15.416831 3.015299
14.547845 15.441490 1.722984
14.548700 15.437192 0.902626
14.555886 15.401034 0.000000
14.810659 14.119332 2.728947
14.818380 14.080490 1.546975
14.810659 14.119332 0.840993
14.810659 14.119332 0.000000
14.966466 13.335506 0.000000
14.966466 13.335506 0.658217
14.966466 13.335506 1.256443
14.966466 13.335506 2.397120
12.985048 10.908176 -0.530274
14.454274 15.912226 -3.139898
14.912749 11.575740 -1.135505
15.168098 12.321143 -1.892845
14.750612 14.421416 -2.731905
14.641522 14.970225 -2.902971
14.712798 14.611646 -2.413999
14.668658 14.833707 -2.425101
14.454274 15.912226 -1.881612
14.644081 14.957350 -1.773854
14.666389 14.845130 -1.500793
14.711279 14.619298 -1.494449
14.750612 14.421415 -1.699383
15.168098 12.321142 -1.013298
14.912749 11.575740 -0.700680
12.924230 10.935500 -0.415281
14.454274 15.912226 -1.318304
14.645704 14.949177 -1.165857
14.664947 14.852382 -1.022808
14.710312 14.624156 -1.019484
14.750612 14.421416 -1.126844
15.168098 12.321142 -0.530840
14.912749 11.575740 -0.391749
12.861212 10.963812 -0.163701
14.715467 11.341520 -1.179240
14.715467 11.341520 -0.604685
14.715467 11.341520 -0.287990
15.029001 11.758205 -1.568196
15.022322 11.750896 -0.831774
15.022322 11.750896 -0.450076
14.552747 15.416831 -3.015299
14.569704 15.331521 -1.810415
14.570559 15.327223 -1.281006
14.810659 14.119332 -2.728947
14.810659 14.119332 -1.662031
14.810659 14.119332 -1.137850
14.966466 13.335506 -0.658217
14.966466 13.335506 -1.256443
14.966466 13.335506 -2.397120
14.594768 15.205434 -1.563902
14.644894 14.953262 -1.469856
14.665668 14.848756 -1.261800
14.710796 14.621727 -1.256967
14.750612 14.421415 -1.413113
14.810659 14.119332 -1.399941
14.966466 13.335506 -0.957330
15.168098 12.321142 -0.772069
15.022322 11.750896 -0.640925
14.912749 11.575740 -0.546215
14.715467 11.341520 -0.446338
12.885378 10.952956 -0.291147
14.563040 15.365052 1.312805
14.644894 14.953262 1.263899
14.665667 14.848756 1.055844
14.710796 14.621727 1.051010
14.750612 14.421415 1.207157
14.814520 14.099911 1.193984
14.966466 13.335506 0.957330
15.168098 12.321143 0.772069
15.022322 11.750896 0.640925
14.912749 11.575740 0.546214
14.715467 11.341520 0.446340
12.882359 10.954313 0.259736
13.961515 11.048903 0.751333
13.919969 11.039004 0.477566
13.889579 11.031762 0.325381
13.874000 11.028049 0.181895
13.866433 11.026247 0.000000
13.874766 11.028233 -0.204731
13.891695 11.032265 -0.342780
13.918911 11.038750 -0.478653
13.961515 11.048903 -0.751333
15.428799 14.556225 0.829986
15.428801 14.556225 0.000000
15.388498 14.758966 0.000000
15.388499 14.758965 0.722627
15.227320 10.876640 0.286004
15.227077 10.876370 0.000024
15.458017 11.150543 0.000000
15.458017 11.150542 0.391748
15.645420 11.451130 0.450076
15.645420 11.451130 0.000000
15.859197 12.298894 0.000000
15.859197 12.298896 0.530841
15.488846 14.254140 0.840993
15.488846 14.254140 0.000000
15.226889 15.571999 0.902625
15.234074 15.535841 0.000000
15.132462 16.047029 0.000000
15.132463 16.047031 0.939924
15.343134 14.987189 0.725951
15.341548 14.995166 0.000000
15.325681 15.074990 0.000000
15.323892 15.083990 0.869000
15.230934 15.551639 3.015299
15.226032 15.576297 1.722984
15.132461 16.047033 1.794182
15.132461 16.047033 3.139898
15.346844 14.968517 2.425101
15.344575 14.979938 1.385737
15.322268 15.092157 1.658798
15.319708 15.105033 2.902971
15.389465 14.754106 1.379393
15.390986 14.746453 2.413999
15.428801 14.556223 2.731906
15.428801 14.556221 1.584327
15.488847 14.254139 2.728947
15.496568 14.215297 1.546975
15.641313 11.465006 1.566830
15.645355 11.450997 0.831130
15.859226 12.299912 1.012647
15.841683 12.301124 1.891779
15.229054 10.879580 1.176286
15.229012 10.878526 0.600423
15.457932 11.150429 0.700584
15.457570 11.150331 1.135204
15.343853 14.983569 1.055844
15.323081 15.088071 1.263899
15.388983 14.756536 1.051010
15.428801 14.556222 1.207156
15.492707 14.234720 1.193984
15.645420 11.451129 0.640925
15.859197 12.298896 0.772070
15.227992 10.877398 0.441908
15.458016 11.150540 0.546214
14.040047 10.390450 0.761490
14.001676 10.352449 0.486450
13.956902 10.343637 0.333255
13.939234 10.339693 0.186432
13.929581 10.337681 0.000166
15.241228 15.499859 1.312805
15.644653 13.470314 1.256443
15.644652 13.470313 2.397120
15.644652 13.470313 0.658217
15.644652 13.470313 0.957330
15.644653 13.470314 0.000000
15.388499 14.758966 -1.019484
15.428799 14.556225 -1.126843
15.458018 11.150542 -0.391749
15.227334 10.876656 -0.285826
15.859197 12.298894 -0.530840
15.645420 11.451132 -0.450076
15.488846 14.254140 -1.137850
15.132463 16.047029 -1.318304
15.248747 15.462029 -1.281005
15.323893 15.083984 -1.165857
15.343135 14.987185 -1.022807
15.230934 15.551638 -3.015299
15.132463 16.047031 -3.139898
15.132463 16.047031 -1.881612
15.247891 15.466327 -1.810415
15.346846 14.968515 -2.425102
15.319708 15.105034 -2.902971
15.322268 15.092160 -1.773855
15.344576 14.979937 -1.500793
15.389465 14.754107 -1.494449
15.390985 14.746453 -2.414000
15.428801 14.556223 -2.731906
15.428801 14.556222 -1.699383
15.488846 14.254138 -2.728948
15.488846 14.254138 -1.662032
15.641312 11.465005 -1.566830
15.841683 12.301124 -1.891779
15.859226 12.299912 -1.012647
15.645355 11.450997 -0.831130
15.229048 10.879573 -1.176205
15.457570 11.150331 -1.135204
15.457931 11.150430 -0.700584
15.228996 10.878507 -0.600528
15.323081 15.088071 -1.469855
15.343855 14.983563 -1.261799
15.388983 14.756536 -1.256966
15.428801 14.556223 -1.413113
15.488847 14.254139 -1.399940
15.859196 12.298895 -0.772069
15.645420 11.451130 -0.640925
15.458017 11.150542 -0.546215
15.227985 10.877390 -0.441933
14.039878 10.390492 -0.761886
14.000313 10.352170 -0.488209
13.960072 10.344253 -0.351326
13.939258 10.339809 -0.209620
15.272954 15.340244 -1.563901
15.644651 13.470315 -2.397120
15.644653 13.470314 -1.256443
15.644651 13.470315 -0.957330
15.644653 13.470314 -0.658217
12.656181 10.298657 0.435510
12.720071 10.270047 0.551576
12.605111 10.321280 0.281473
12.578409 10.332961 0.135679
12.566336 10.338298 -0.002197
12.579838 10.332348 -0.176205
12.608511 10.319807 -0.314461
12.654652 10.299382 -0.443039
12.719780 10.270207 -0.557450
15.739232 12.909073 2.150445
15.063253 12.848587 2.150957
15.063255 12.848586 1.139727
15.063255 12.848587 0.868400
15.063255 12.848587 0.597073
15.063254 12.848586 0.000000
15.063254 12.848586 -0.597073
15.063254 12.848586 -0.868400
15.063255 12.848586 -1.139728
15.063255 12.848587 -2.150957
15.739232 12.909074 -2.150445
15.747654 12.908492 -1.139415
15.747639 12.908004 -0.868400
15.747639 12.908004 -0.597073
15.747639 12.908004 0.000000
15.747639 12.908004 0.597073
15.747639 12.908004 0.868400
15.747654 12.908492 1.139415
15.147497 15.971385 0.000000
15.146435 15.976738 0.934404
14.468247 15.841932 0.934405
14.469311 15.836581 0.000000
14.471481 15.825659 -1.312785
15.149670 15.960463 -1.312785
15.148434 15.966675 3.119687
14.470247 15.831868 3.119687
14.469452 15.835868 1.782633
15.147639 15.970675 1.782633
15.154153 15.937912 -1.868234
15.150967 15.953943 -3.116485
14.472778 15.819137 -3.116485
14.475965 15.803106 -1.868233
15.257664 15.417172 1.302984
15.246367 15.474007 0.895874
15.252468 15.443302 0.000000
15.263836 15.386118 -1.257883
15.283020 15.289608 -1.545017
15.262826 15.391194 -1.803074
15.248760 15.461960 -2.992744
14.570573 15.327152 -2.992744
14.584639 15.256387 -1.803073
14.604833 15.154798 -1.545017
14.585648 15.251311 -1.257884
14.574281 15.308495 0.000000
14.568178 15.339198 0.895874
14.579475 15.282364 1.302985
14.567169 15.344274 1.710096
14.570573 15.327152 2.992744
15.248759 15.461960 2.992744
15.245356 15.479082 1.710096
12.576830 10.333659 0.117646
13.937971 10.339429 0.162070
15.227288 10.876604 0.248601
15.458018 11.150542 0.340511
15.645420 11.451130 0.391210
15.859197 12.298896 0.461412
15.747639 12.908004 0.518982
15.644652 13.470313 0.572129
15.488846 14.254140 0.731000
15.428799 14.556225 0.721432
15.388499 14.758965 0.628115
15.342926 14.988232 0.631004
15.324125 15.082813 0.755344
15.247165 15.469991 0.778702
15.227828 15.567270 0.784571
15.146574 15.976038 0.812194
15.132462 16.047031 0.816991
14.454274 15.912226 0.816992
14.468387 15.841232 0.812194
14.549640 15.432463 0.784572
14.568976 15.335183 0.778703
14.645939 14.948001 0.755344
14.664740 14.853425 0.631004
14.710313 14.624156 0.628115
14.750612 14.421416 0.721433
14.810659 14.119332 0.731000
14.966466 13.335506 0.572129
15.063254 12.848587 0.518982
15.168098 12.321143 0.461412
15.022322 11.750897 0.391210
14.912749 11.575740 0.340511
14.715467 11.341520 0.250326
13.873011 11.027814 0.158105
12.858706 10.964938 0.107472
12.661793 10.296144 0.445704
14.005045 10.355787 0.510606
15.229016 10.878619 0.650999
15.457899 11.150421 0.738755
15.645000 11.452227 0.895744
15.857686 12.300018 1.079361
15.746914 12.908543 1.218463
15.644653 13.470314 1.346877
15.495890 14.218708 1.650784
15.428801 14.556221 1.685115
15.389599 14.753433 1.470259
15.344774 14.978935 1.477021
15.322043 15.093288 1.768070
15.245655 15.477578 1.822747
15.226461 15.574131 1.836484
15.147709 15.970324 1.900062
15.132461 16.047033 1.912372
14.454274 15.912226 1.912372
14.469522 15.835516 1.900062
14.548275 15.439324 1.836484
14.567469 15.342771 1.822747
14.643856 14.958480 1.768070
14.666586 14.844127 1.477021
14.711412 14.618626 1.470259
14.750612 14.421415 1.685115
14.817702 14.083902 1.650784
14.966466 13.335506 1.346877
15.063255 12.848586 1.218793
15.168098 12.321141 1.080048
15.022908 11.751538 0.896452
14.912749 11.575740 0.738869
14.715467 11.341520 0.655148
13.923618 11.039873 0.501610
12.930948 10.932482 0.418947
12.860144 10.964292 -0.149221
13.874018 11.028055 -0.186345
14.715467 11.341520 -0.262126
14.912749 11.575740 -0.356567
15.022322 11.750896 -0.409655
15.168098 12.321142 -0.483166
15.063254 12.848587 -0.543451
14.966466 13.335506 -0.599104
14.810659 14.119332 -1.035661
14.750612 14.421416 -1.025643
14.710312 14.624156 -0.927926
14.664804 14.853098 -0.930951
14.645865 14.948369 -1.061153
14.584627 15.256446 -1.144915
14.569241 15.333851 -1.165961
14.471287 15.826639 -1.194886
14.454274 15.912226 -1.199909
15.132463 16.047029 -1.199909
15.149475 15.961444 -1.194885
15.247429 15.468658 -1.165960
15.262815 15.391253 -1.144915
15.324053 15.083176 -1.061153
15.342993 14.987901 -0.930950
15.388499 14.758966 -0.927925
15.428799 14.556225 -1.025643
15.488846 14.254140 -1.035661
15.644653 13.470314 -0.599104
15.747639 12.908004 -0.543451
15.859197 12.298894 -0.483166
15.645420 11.451131 -0.409655
15.458018 11.150542 -0.356567
15.227310 10.876630 -0.260154
13.938388 10.339618 -0.190780
12.578626 10.332882 -0.160578
12.930267 10.932787 -0.426696
13.923141 11.039758 -0.505723
14.715467 11.341520 -0.661722
14.912749 11.575740 -0.743846
15.022985 11.751622 -0.904881
15.168098 12.321142 -1.088747
15.063255 12.848586 -1.229097
14.966466 13.335506 -1.358662
14.810659 14.119332 -1.767947
14.750612 14.421415 -1.801884
14.711430 14.618538 -1.585735
14.666614 14.843996 -1.592551
14.643826 14.958628 -1.885944
14.583242 15.263413 -1.921175
14.568021 15.339990 -1.930026
14.475648 15.804697 -1.992150
14.454274 15.912226 -2.006525
15.132463 16.047031 -2.006525
15.153837 15.939503 -1.992150
15.246208 15.474796 -1.930027
15.261430 15.398219 -1.921175
15.322014 15.093438 -1.885945
15.344801 14.978803 -1.592551
15.389616 14.753347 -1.585735
15.428801 14.556222 -1.801884
15.488846 14.254138 -1.767947
15.644652 13.470314 -1.358662
15.746818 12.908550 -1.228764
15.857485 12.300032 -1.088055
15.644954 11.452387 -0.904164
15.457894 11.150421 -0.743730
15.229001 10.878613 -0.657676
14.004241 10.355975 -0.515378
12.661117 10.296485 -0.454397
12.852414 10.589191 -0.543862
14.000696 10.719698 -0.756609
14.972258 11.110547 -1.177722
15.185160 11.363035 -1.135354
15.335156 11.611605 -1.567513
15.504891 12.311133 -1.892312
15.401243 12.878831 -2.150701
15.305559 13.402910 -2.397120
15.149754 14.186735 -2.728948
15.089706 14.488819 -2.731905
15.051892 14.679050 -2.414000
15.007751 14.901111 -2.425101
14.980616 15.037630 -2.902971
14.909666 15.394556 -2.992744
14.891840 15.484235 -3.015299
14.811872 15.886539 -3.116485
14.793369 15.979629 -3.139898
14.793369 15.979629 -2.006525
14.793369 15.979629 -1.881612
14.815059 15.870509 -1.868233
14.908798 15.398924 -1.810415
14.933861 15.272839 -1.563902
14.909653 15.394626 -1.281006
14.810575 15.893061 -1.312785
14.793368 15.979628 -1.318304
14.793368 15.979628 -1.199909
14.793368 15.979628 0.000000
14.793368 15.979629 0.816992
14.793368 15.979629 0.939924
14.807342 15.909335 0.934405
14.887794 15.504596 0.902626
14.902134 15.432455 1.312805
14.886938 15.508893 1.722984
14.808546 15.903271 1.782633
14.793367 15.979630 1.794182
14.793367 15.979630 1.912372
14.793367 15.979630 3.139898
14.809341 15.899271 3.119687
14.891840 15.484235 3.015299
14.909666 15.394556 2.992744
14.980616 15.037629 2.902971
15.007751 14.901111 2.425101
15.051893 14.679049 2.413999
15.089706 14.488819 2.731905
15.149754 14.186736 2.728947
15.305559 13.402910 2.397120
15.401243 12.878830 2.150701
15.504890 12.311133 1.892312
15.335157 11.611606 1.567513
15.185160 11.363035 1.135354
14.972261 11.110550 1.177764
14.000781 10.719676 0.756411
12.852559 10.589111 0.538463
12.975510 10.912461 -0.512239
13.954833 11.047311 -0.708567
14.715467 11.341520 -1.089131
14.912749 11.575740 -1.067310
15.027954 11.757059 -1.452701
15.168098 12.321142 -1.752837
15.063255 12.848587 -1.990444
14.966466 13.335506 -2.216305
14.810659 14.119332 -2.561620
14.750612 14.421416 -2.569972
14.712560 14.612845 -2.269783
14.668303 14.835499 -2.280139
14.641924 14.968205 -2.725888
14.572779 15.316054 -2.806164
14.555407 15.403452 -2.826333
14.473278 15.816622 -2.920718
14.454274 15.912226 -2.942557
14.793369 15.979629 -2.942557
15.132463 16.047031 -2.942557
15.151466 15.951428 -2.920717
15.233594 15.538259 -2.826334
15.250966 15.450861 -2.806164
15.320109 15.103015 -2.725888
15.346489 14.970306 -2.280139
15.390747 14.747654 -2.269784
15.428801 14.556223 -2.569972
15.488846 14.254138 -2.561620
15.644651 13.470315 -2.216305
15.740553 12.908983 -1.989964
15.844435 12.300934 -1.751836
15.641946 11.462808 -1.451448
15.457626 11.150346 -1.067041
15.229040 10.879406 -1.085920
14.033672 10.384481 -0.718965
12.709565 10.274783 -0.539506
12.709241 10.274897 0.531902
14.033542 10.384008 0.714868
15.229048 10.879401 1.078672
15.457631 11.150347 1.061532
15.641997 11.462631 1.442123
15.844658 12.300919 1.740809
15.740660 12.908975 1.977257
15.644652 13.470313 2.201955
15.490156 14.247555 2.528594
15.428801 14.556222 2.537382
15.390729 14.747750 2.238626
15.346459 14.970452 2.248921
15.320143 15.102851 2.692074
15.248182 15.464863 2.775325
15.230103 15.555819 2.796242
15.148299 15.967353 2.893046
15.132461 16.047033 2.911789
14.793367 15.979630 2.911789
14.454274 15.912226 2.911789
14.470113 15.832546 2.893046
14.551916 15.421011 2.796242
14.569996 15.330055 2.775325
14.641956 14.968042 2.692074
14.668274 14.835642 2.248921
14.712541 14.612942 2.238626
14.750612 14.421416 2.537382
14.811968 14.112748 2.528594
14.966466 13.335506 2.201955
15.063253 12.848586 1.977735
15.168097 12.321142 1.741804
15.027870 11.756966 1.443367
14.912749 11.575740 1.061798
14.715467 11.341520 1.081850
13.954473 11.047225 0.704927
12.974995 10.912693 0.505577
-13.739175 13.023177 -0.214440
-13.725471 13.120787 -0.407889
-13.704126 13.272818 -0.561411
-13.677231 13.464389 -0.659978
-13.647417 13.676746 -0.693942
-13.617603 13.889103 -0.659978
-13.590708 14.080674 -0.561411
-13.569364 14.232705 -0.407889
-13.555660 14.330315 -0.214440
-13.550938 14.363949 0.000000
-13.555660 14.330315 0.214440
-13.569364 14.232705 0.407889
-13.590708 14.080674 0.561411
-13.617603 13.889103 0.659978
-13.647417 13.676746 0.693942
-13.677231 13.464389 0.659978
-13.704126 13.272818 0.561411
-13.725471 13.120787 0.407889
-13.739175 13.023178 0.214440
-13.743896 12.989543 0.000000
-15.131138 13.175435 -0.228329
-15.116547 13.279367 -0.434308
-15.093820 13.441245 -0.597774
-15.065182 13.645224 -0.702725
-15.033437 13.871335 -0.738889
-15.001693 14.097447 -0.702725
-14.973055 14.301426 -0.597774
-14.950328 14.463304 -0.434308
-14.935737 14.567236 -0.228329
-14.930709 14.603048 0.000000
-14.935737 14.567236 0.228329
-14.950328 14.463304 0.434308
-14.973055 14.301426 0.597774
-15.001693 14.097447 0.702725
-15.033437 13.871335 0.738889
-15.065182 13.645224 0.702725
-15.093820 13.441245 0.597774
-15.116547 13.279367 0.434308
-15.131138 13.175435 0.228329
-15.136166 13.139623 0.000000
-14.601063 14.021416 0.642424
-14.574883 14.207891 0.546478
-14.554106 14.355878 0.397040
-14.540767 14.450892 0.208736
-14.536170 14.483631 0.000000
-14.540767 14.450892 -0.208736
-14.554106 14.355878 -0.397040
-14.574883 14.207891 -0.546479
-14.601063 14.021416 -0.642424
-14.630083 13.814707 -0.675485
-14.659104 13.607998 -0.642424
-14.685284 13.421523 -0.546479
-14.706060 13.273535 -0.397040
-14.719400 13.178522 -0.208736
-14.723996 13.145783 0.000000
-14.719400 13.178522 0.208736
-14.706060 13.273536 0.397040
-14.685284 13.421523 0.546478
-14.659104 13.607998 0.642424
-14.630083 13.814707 0.675484
-14.201972 13.988767 0.713685
-14.172888 14.195926 0.607096
-14.149806 14.360329 0.441081
-14.134987 14.465882 0.231890
-14.129881 14.502253 0.000000
-14.134987 14.465882 -0.231890
-14.149806 14.360329 -0.441081
-14.172888 14.195926 -0.607096
-14.201972 13.988767 -0.713685
-14.234212 13.759129 -0.750413
-14.266452 13.529491 -0.713685
-14.295535 13.322331 -0.607097
-14.318617 13.157928 -0.441081
-14.333436 13.052375 -0.231890
-14.338542 13.016004 0.000000
-14.333436 13.052375 0.231890
-14.318617 13.157928 0.441081
-14.295535 13.322331 0.607096
-14.266452 13.529491 0.713685
-14.234212 13.759129 0.750412
-12.985048 10.908176 0.525350
-14.454274 15.912226 3.139898
-14.454274 15.912226 0.000000
-12.849316 10.969157 -0.002462
-14.912749 11.575740 1.135504
-14.912749 11.575740 0.000000
-15.168097 12.321142 1.892845
-15.168098 12.321142 0.000000
-14.750612 14.421416 2.731905
-14.750612 14.421415 0.000000
-14.647493 14.940184 0.000000
-14.641522 14.970225 2.902971
-14.663361 14.860361 0.000000
-14.710312 14.624156 0.000000
-14.712799 14.611645 2.413999
-14.668659 14.833706 2.425101
-14.454274 15.912226 1.794182
-14.644081 14.957350 1.658798
-14.666388 14.845130 1.385737
-14.711279 14.619298 1.379393
-14.750612 14.421415 1.584327
-15.168098 12.321142 1.013298
-14.912749 11.575740 0.700679
-12.925739 10.934822 0.408702
-14.454274 15.912226 0.939924
-14.645704 14.949177 0.869001
-14.664947 14.852382 0.725951
-14.710313 14.624156 0.722627
-14.750612 14.421416 0.829987
-15.168098 12.321143 0.530840
-14.912749 11.575740 0.391748
-12.860118 10.964303 0.124013
-14.715467 11.341520 1.179242
-14.715467 11.341520 0.604687
-14.715467 11.341520 0.287992
-14.715467 11.341520 0.000001
-15.029001 11.758205 1.568196
-15.022322 11.750896 0.831774
-15.022322 11.750897 0.450076
-15.022322 11.750896 0.000000
-14.552747 15.416831 3.015299
-14.547845 15.441490 1.722984
-14.548700 15.437192 0.902626
-14.555886 15.401034 0.000000
-14.810659 14.119332 2.728947
-14.818380 14.080490 1.546975
-14.810659 14.119332 0.840993
-14.810659 14.119332 0.000000
-14.966466 13.335506 0.000000
-14.966466 13.335506 0.658217
-14.966466 13.335506 1.256443
-14.966466 13.335506 2.397120
-12.985048 10.908176 -0.530274
-14.454274 15.912226 -3.139898
-14.912749 11.575740 -1.135505
-15.168098 12.321143 -1.892845
-14.750612 14.421416 -2.731905
-14.641522 14.970225 -2.902971
-14.712798 14.611646 -2.413999
-14.668658 14.833707 -2.425101
-14.454274 15.912226 -1.881612
-14.644081 14.957350 -1.773854
-14.666389 14.845130 -1.500793
-14.711279 14.619298 -1.494449
-14.750612 14.421415 -1.699383
-15.168098 12.321142 -1.013298
-14.912749 11.575740 -0.700680
-12.924230 10.935500 -0.415281
-14.454274 15.912226 -1.318304
-14.645704 14.949177 -1.165857
-14.664947 14.852382 -1.022808
-14.710312 14.624156 -1.019484
-14.750612 14.421416 -1.126844
-15.168098 12.321142 -0.530840
-14.912749 11.575740 -0.391749
-12.861212 10.963812 -0.163701
-14.715467 11.341520 -1.179240
-14.715467 11.341520 -0.604685
-14.715467 11.341520 -0.287990
-15.029001 11.758205 -1.568196
-15.022322 11.750896 -0.831774
-15.022322 11.750896 -0.450076
-14.552747 15.416831 -3.015299
-14.569704 15.331521 -1.810415
-14.570559 15.327223 -1.281006
-14.810659 14.119332 -2.728947
-14.810659 14.119332 -1.662031
-14.810659 14.119332 -1.137850
-14.966466 13.335506 -0.658217
-14.966466 13.335506 -1.256443
-14.966466 13.335506 -2.397120
-14.594768 15.205434 -1.563902
-14.644894 14.953262 -1.469856
-14.665668 14.848756 -1.261800
-14.710796 14.621727 -1.256967
-14.750612 14.421415 -1.413113
-14.810659 14.119332 -1.399941
-14.966466 13.335506 -0.957330
-15.168098 12.321142 -0.772069
-15.022322 11.750896 -0.640925
-14.912749 11.575740 -0.546215
-14.715467 11.341520 -0.446338
-12.885378 10.952956 -0.291147
-14.563040 15.365052 1.312805
-14.644894 14.953262 1.263899
-14.665667 14.848756 1.055844
-14.710796 14.621727 1.051010
-14.750612 14.421415 1.207157
-14.814520 14.099911 1.193984
-14.966466 13.335506 0.957330
-15.168098 12.321143 0.772069
-15.022322 11.750896 0.640925
-14.912749 11.575740 0.546214
-14.715467 11.341520 0.446340
-12.882359 10.954313 0.259736
-13.961515 11.048903 0.751333
-13.919969 11.039004 0.477566
-13.889579 11.031762 0.325381
-13.874000 11.028049 0.181895
-13.866433 11.026247 0.000000
-13.874766 11.028233 -0.204731
-13.891695 11.032265 -0.342780
-13.918911 11.038750 -0.478653
-13.961515 11.048903 -0.751333
-15.428799 14.556225 0.829986
-15.428801 14.556225 0.000000
-15.388498 14.758966 0.000000
-15.388499 14.758965 0.722627
-15.227320 10.876640 0.286004
-15.227077 10.876370 0.000024
-15.458017 11.150543 0.000000
-15.458017 11.150542 0.391748
-15.645420 11.451130 0.450076
-15.645420 11.451130 0.000000
-15.859197 12.298894 0.000000
-15.859197 12.298896 0.530841
-15.488846 14.254140 0.840993
-15.488846 14.254140 0.000000
-15.226889 15.571999 0.902625
-15.234074 15.535841 0.000000
-15.132462 16.047029 0.000000
-15.132463 16.047031 0.939924
-15.343134 14.987189 0.725951
-15.341548 14.995166 0.000000
-15.325681 15.074990 0.000000
-15.323892 15.083990 0.869000
-15.230934 15.551639 3.015299
-15.226032 15.576297 1.722984
-15.132461 16.047033 1.794182
-15.132461 16.047033 3.139898
-15.346844 14.968517 2.425101
-15.344575 14.979938 1.385737
-15.322268 15.092157 1.658798
-15.319708 15.105033 2.902971
-15.389465 14.754106 1.379393
-15.390986 14.746453 2.413999
-15.428801 14.556223 2.731906
-15.428801 14.556221 1.584327
-15.488847 14.254139 2.728947
-15.496568 14.215297 1.546975
-15.641313 11.465006 1.566830
-15.645355 11.450997 0.831130
-15.859226 12.299912 1.012647
-15.841683 12.301124 1.891779
-15.229054 10.879580 1.176286
-15.229012 10.878526 0.600423
-15.457932 11.150429 0.700584
-15.457570 11.150331 1.135204
-15.343853 14.983569 1.055844
-15.323081 15.088071 1.263899
-15.388983 14.756536 1.051010
-15.428801 14.556222 1.207156
-15.492707 14.234720 1.193984
-15.645420 11.451129 0.640925
-15.859197 12.298896 0.772070
-15.227992 10.877398 0.441908
-15.458016 11.150540 0.546214
-14.040047 10.390450 0.761490
-14.001676 10.352449 0.486450
-13.956902 10.343637 0.333255
-13.939234 10.339693 0.186432
-13.929581 10.337681 0.000166
-15.241228 15.499859 1.312805
-15.644653 13.470314 1.256443
-15.644652 13.470313 2.397120
-15.644652 13.470313 0.658217
-15.644652 13.470313 0.957330
-15.644653 13.470314 0.000000
-15.388499 14.758966 -1.019484
-15.428799 14.556225 -1.126843
-15.458018 11.150542 -0.391749
-15.227334 10.876656 -0.285826
-15.859197 12.298894 -0.530840
-15.645420 11.451132 -0.450076
-15.488846 14.254140 -1.137850
-15.132463 16.047029 -1.318304
-15.248747 15.462029 -1.281005
-15.323893 15.083984 -1.165857
-15.343135 14.987185 -1.022807
-15.230934 15.551638 -3.015299
-15.132463 16.047031 -3.139898
-15.132463 16.047031 -1.881612
-15.247891 15.466327 -1.810415
-15.346846 14.968515 -2.425102
-15.319708 15.105034 -2.902971
-15.322268 15.092160 -1.773855
-15.344576 14.979937 -1.500793
-15.389465 14.754107 -1.494449
-15.390985 14.746453 -2.414000
-15.428801 14.556223 -2.731906
-15.428801 14.556222 -1.699383
-15.488846 14.254138 -2.728948
-15.488846 14.254138 -1.662032
-15.641312 11.465005 -1.566830
-15.841683 12.301124 -1.891779
-15.859226 12.299912 -1.012647
-15.645355 11.450997 -0.831130
-15.229048 10.879573 -1.176205
-15.457570 11.150331 -1.135204
-15.457931 11.150430 -0.700584
-15.228996 10.878507 -0.600528
-15.323081 15.088071 -1.469855
-15.343855 14.983563 -1.261799
-15.388983 14.756536 -1.256966
-15.428801 14.556223 -1.413113
-15.488847 14.254139 -1.399940
-15.859196 12.298895 -0.772069
-15.645420 11.451130 -0.640925
-15.458017 11.150542 -0.546215
-15.227985 10.877390 -0.441933
-14.039878 10.390492 -0.761886
-14.000313 10.352170 -0.488209
-13.960072 10.344253 -0.351326
-13.939258 10.339809 -0.209620
-15.272954 15.340244 -1.563901
-15.644651 13.470315 -2.397120
-15.644653 13.470314 -1.256443
-15.644651 13.470315 -0.957330
-15.644653 13.470314 -0.658217
-12.656181 10.298657 0.435510
-12.720071 10.270047 0.551576
-12.605111 10.321280 0.281473
-12.578409 10.332961 0.135679
-12.566336 10.338298 -0.002197
-12.579838 10.332348 -0.176205
-12.608511 10.319807 -0.314461
-12.654652 10.299382 -0.443039
-12.719780 10.270207 -0.557450
-15.739232 12.909073 2.150445
-15.063253 12.848587 2.150957
-15.063255 12.848586 1.139727
-15.063255 12.848587 0.868400
-15.063255 12.848587 0.597073
-15.063254 12.848586 0.000000
-15.063254 12.848586 -0.597073
-15.063254 12.848586 -0.868400
-15.063255 12.848586 -1.139728
-15.063255 12.848587 -2.150957
-15.739232 12.909074 -2.150445
-15.747654 12.908492 -1.139415
-15.747639 12.908004 -0.868400
-15.747639 12.908004 -0.597073
-15.747639 12.908004 0.000000
-15.747639 12.908004 0.597073
-15.747639 12.908004 0.868400
-15.747654 12.908492 1.139415
-15.147497 15.971385 0.000000
-15.146435 15.976738 0.934404
-14.468247 15.841932 0.934405
-14.469311 15.836581 0.000000
-14.471481 15.825659 -1.312785
-15.149670 15.960463 -1.312785
-15.148434 15.966675 3.119687
-14.470247 15.831868 3.119687
-14.469452 15.835868 1.782633
-15.147639 15.970675 1.782633
-15.154153 15.937912 -1.868234
-15.150967 15.953943 -3.116485
-14.472778 15.819137 -3.116485
-14.475965 15.803106 -1.868233
-15.257664 15.417172 1.302984
-15.246367 15.474007 0.895874
-15.252468 15.443302 0.000000
-15.263836 15.386118 -1.257883
-15.283020 15.289608 -1.545017
-15.262826 15.391194 -1.803074
-15.248760 15.461960 -2.992744
-14.570573 15.327152 -2.992744
-14.584639 15.256387 -1.803073
-14.604833 15.154798 -1.545017
-14.585648 15.251311 -1.257884
-14.574281 15.308495 0.000000
-14.568178 15.339198 0.895874
-14.579475 15.282364 1.302985
-14.567169 15.344274 1.710096
-14.570573 15.327152 2.992744
-15.248759 15.461960 2.992744
-15.245356 15.479082 1.710096
-12.576830 10.333659 0.117646
-13.937971 10.339429 0.162070
-15.227288 10.876604 0.248601
-15.458018 11.150542 0.340511
-15.645420 11.451130 0.391210
-15.859197 12.298896 0.461412
-15.747639 12.908004 0.518982
-15.644652 13.470313 0.572129
-15.488846 14.254140 0.731000
-15.428799 14.556225 0.721432
-15.388499 14.758965 0.628115
-15.342926 14.988232 0.631004
-15.324125 15.082813 0.755344
-15.247165 15.469991 0.778702
-15.227828 15.567270 0.784571
-15.146574 15.976038 0.812194
-15.132462 16.047031 0.816991
-14.454274 15.912226 0.816992
-14.468387 15.841232 0.812194
-14.549640 15.432463 0.784572
-14.568976 15.335183 0.778703
-14.645939 14.948001 0.755344
-14.664740 14.853425 0.631004
-14.710313 14.624156 0.628115
-14.750612 14.421416 0.721433
-14.810659 14.119332 0.731000
-14.966466 13.335506 0.572129
-15.063254 12.848587 0.518982
-15.168098 12.321143 0.461412
-15.022322 11.750897 0.391210
-14.912749 11.575740 0.340511
-14.715467 11.341520 0.250326
-13.873011 11.027814 0.158105
-12.858706 10.964938 0.107472
-12.661793 10.296144 0.445704
-14.005045 10.355787 0.510606
-15.229016 10.878619 0.650999
-15.457899 11.150421 0.738755
-15.645000 11.452227 0.895744
-15.857686 12.300018 1.079361
-15.746914 12.908543 1.218463
-15.644653 13.470314 1.346877
-15.495890 14.218708 1.650784
-15.428801 14.556221 1.685115
-15.389599 14.753433 1.470259
-15.344774 14.978935 1.477021
-15.322043 15.093288 1.768070
-15.245655 15.477578 1.822747
-15.226461 15.574131 1.836484
-15.147709 15.970324 1.900062
-15.132461 16.047033 1.912372
-14.454274 15.912226 1.912372
-14.469522 15.835516 1.900062
-14.548275 15.439324 1.836484
-14.567469 15.342771 1.822747
-14.643856 14.958480 1.768070
-14.666586 14.844127 1.477021
-14.711412 14.618626 1.470259
-14.750612 14.421415 1.685115
-14.817702 14.083902 1.650784
-14.966466 13.335506 1.346877
-15.063255 12.848586 1.218793
-15.168098 12.321141 1.080048
-15.022908 11.751538 0.896452
-14.912749 11.575740 0.738869
-14.715467 11.341520 0.655148
-13.923618 11.039873 0.501610
-12.930948 10.932482 0.418947
-12.860144 10.964292 -0.149221
-13.874018 11.028055 -0.186345
-14.715467 11.341520 -0.262126
-14.912749 11.575740 -0.356567
-15.022322 11.750896 -0.409655
-15.168098 12.321142 -0.483166
-15.063254 12.848587 -0.543451
-14.966466 13.335506 -0.599104
-14.810659 14.119332 -1.035661
-14.750612 14.421416 -1.025643
-14.710312 14.624156 -0.927926
-14.664804 14.853098 -0.930951
-14.645865 14.948369 -1.061153
-14.584627 15.256446 -1.144915
-14.569241 15.333851 -1.165961
-14.471287 15.826639 -1.194886
-14.454274 15.912226 -1.199909
-15.132463 16.047029 -1.199909
-15.149475 15.961444 -1.194885
-15.247429 15.468658 -1.165960
-15.262815 15.391253 -1.144915
-15.324053 15.083176 -1.061153
-15.342993 14.987901 -0.930950
-15.388499 14.758966 -0.927925
-15.428799 14.556225 -1.025643
-15.488846 14.254140 -1.035661
-15.644653 13.470314 -0.599104
-15.747639 12.908004 -0.543451
-15.859197 12.298894 -0.483166
-15.645420 11.451131 -0.409655
-15.458018 11.150542 -0.356567
-15.227310 10.876630 -0.260154
-13.938388 10.339618 -0.190780
-12.578626 10.332882 -0.160578
-12.930267 10.932787 -0.426696
-13.923141 11.039758 -0.505723
-14.715467 11.341520 -0.661722
-14.912749 11.575740 -0.743846
-15.022985 11.751622 -0.904881
-15.168098 12.321142 -1.088747
-15.063255 12.848586 -1.229097
-14.966466 13.335506 -1.358662
-14.810659 14.119332 -1.767947
-14.750612 14.421415 -1.801884
-14.711430 14.618538 -1.585735
-14.666614 14.843996 -1.592551
-14.643826 14.958628 -1.885944
-14.583242 15.263413 -1.921175
-14.568021 15.339990 -1.930026
-14.475648 15.804697 -1.992150
-14.454274 15.912226 -2.006525
-15.132463 16.047031 -2.006525
-15.153837 15.939503 -1.992150
-15.246208 15.474796 -1.930027
-15.261430 15.398219 -1.921175
-15.322014 15.093438 -1.885945
-15.344801 14.978803 -1.592551
-15.389616 14.753347 -1.585735
-15.428801 14.556222 -1.801884
-15.488846 14.254138 -1.767947
-15.644652 13.470314 -1.358662
-15.746818 12.908550 -1.228764
-15.857485 12.300032 -1.088055
-15.644954 11.452387 -0.904164
-15.457894 11.150421 -0.743730
-15.229001 10.878613 -0.657676
-14.004241 10.355975 -0.515378
-12.661117 10.296485 -0.454397
-12.852414 10.589191 -0.543862
-14.000696 10.719698 -0.756609
-14.972258 11.110547 -1.177722
-15.185160 11.363035 -1.135354
-15.335156 11.611605 -1.567513
-15.504891 12.311133 -1.892312
-15.401243 12.878831 -2.150701
-15.305559 13.402910 -2.397120
-15.149754 14.186735 -2.728948
-15.089706 14.488819 -2.731905
-15.051892 14.679050 -2.414000
-15.007751 14.901111 -2.425101
-14.980616 15.037630 -2.902971
-14.909666 15.394556 -2.992744
-14.891840 15.484235 -3.015299
-14.811872 15.886539 -3.116485
-14.793369 15.979629 -3.139898
-14.793369 15.979629 -2.006525
-14.793369 15.979629 -1.881612
-14.815059 15.870509 -1.868233
-14.908798 15.398924 -1.810415
-14.933861 15.272839 -1.563902
-14.909653 15.394626 -1.281006
-14.810575 15.893061 -1.312785
-14.793368 15.979628 -1.318304
-14.793368 15.979628 -1.199909
-14.793368 15.979628 0.000000
-14.793368 15.979629 0.816992
-14.793368 15.979629 0.939924
-14.807342 15.909335 0.934405
-14.887794 15.504596 0.902626
-14.902134 15.432455 1.312805
-14.886938 15.508893 1.722984
-14.808546 15.903271 1.782633
-14.793367 15.979630 1.794182
-14.793367 15.979630 1.912372
-14.793367 15.979630 3.139898
-14.809341 15.899271 3.119687
-14.891840 15.484235 3.015299
-14.909666 15.394556 2.992744
-14.980616 15.037629 2.902971
-15.007751 14.901111 2.425101
-15.051893 14.679049 2.413999
-15.089706 14.488819 2.731905
-15.149754 14.186736 2.728947
-15.305559 13.402910 2.397120
-15.401243 12.878830 2.150701
-15.504890 12.311133 1.892312
-15.335157 11.611606 1.567513
-15.185160 11.363035 1.135354
-14.972261 11.110550 1.177764
-14.000781 10.719676 0.756411
-12.852559 10.589111 0.538463
-12.975510 10.912461 -0.512239
-13.954833 11.047311 -0.708567
-14.715467 11.341520 -1.089131
-14.912749 11.575740 -1.067310
-15.027954 11.757059 -1.452701
-15.168098 12.321142 -1.752837
-15.063255 12.848587 -1.990444
-14.966466 13.335506 -2.216305
-14.810659 14.119332 -2.561620
-14.750612 14.421416 -2.569972
-14.712560 14.612845 -2.269783
-14.668303 14.835499 -2.280139
-14.641924 14.968205 -2.725888
-14.572779 15.316054 -2.806164
-14.555407 15.403452 -2.826333
-14.473278 15.816622 -2.920718
-14.454274 15.912226 -2.942557
-14.793369 15.979629 -2.942557
-15.132463 16.047031 -2.942557
-15.151466 15.951428 -2.920717
-15.233594 15.538259 -2.826334
-15.250966 15.450861 -2.806164
-15.320109 15.103015 -2.725888
-15.346489 14.970306 -2.280139
-15.390747 14.747654 -2.269784
-15.428801 14.556223 -2.569972
-15.488846 14.254138 -2.561620
-15.644651 13.470315 -2.216305
-15.740553 12.908983 -1.989964
-15.844435 12.300934 -1.751836
-15.641946 11.462808 -1.451448
-15.457626 11.150346 -1.067041
-15.229040 10.879406 -1.085920
-14.033672 10.384481 -0.718965
-12.709565 10.274783 -0.539506
-12.709241 10.274897 0.531902
-14.033542 10.384008 0.714868
-15.229048 10.879401 1.078672
-15.457631 11.150347 1.061532
-15.641997 11.462631 1.442123
-15.844658 12.300919 1.740809
-15.740660 12.908975 1.977257
-15.644652 13.470313 2.201955
-15.490156 14.247555 2.528594
-15.428801 14.556222 2.537382
-15.390729 14.747750 2.238626
-15.346459 14.970452 2.248921
-15.320143 15.102851 2.692074
-15.248182 15.464863 2.775325
-15.230103 15.555819 2.796242
-15.148299 15.967353 2.893046
-15.132461 16.047033 2.911789
-14.793367 15.979630 2.911789
-14.454274 15.912226 2.911789
-14.470113 15.832546 2.893046
-14.551916 15.421011 2.796242
-14.569996 15.330055 2.775325
-14.641956 14.968042 2.692074
-14.668274 14.835642 2.248921
-14.712541 14.612942 2.238626
-14.750612 14.421416 2.537382
-14.811968 14.112748 2.528594
-14.966466 13.335506 2.201955
-15.063253 12.848586 1.977735
-15.168097 12.321142 1.741804
-15.027870 11.756966 1.443367
-14.912749 11.575740 1.061798
-14.715467 11.341520 1.081850
-13.954473 11.047225 0.704927
-12.974995 10.912693 0.505577
