-18.561159 6.019550 0.265570
-16.638045 3.231398 0.265571
-15.279716 1.129561 0.265572
-14.536209 0.235920 0.265572
-14.293138 0.114386 0.265572
-10.268178 0.021447 0.265572
-5.492563 0.021447 0.265572
-5.256642 0.107236 0.265572
-5.035020 0.042894 0.265572
-4.984975 0.092938 0.265572
-4.706160 0.121535 0.265572
-4.448792 -0.000000 0.265572
-3.576600 0.050043 0.265572
-3.519407 0.128684 0.265572
-3.254887 0.135833 0.265572
0.598491 0.336009 0.265572
1.005991 0.321711 0.265572
1.284806 0.443246 0.265572
1.828139 0.464693 0.265572
2.214191 0.364605 0.265572
2.535902 0.471842 0.265572
2.721779 0.421798 0.265572
4.087260 0.400351 0.265572
4.509064 0.529036 0.265572
5.052396 0.414650 0.265572
7.861999 0.543334 0.265572
8.262350 0.672018 0.265572
8.534016 0.557632 0.265572
10.278398 0.950836 0.265572
13.045107 1.765835 0.265571
13.216684 2.194782 0.265571
13.695676 2.230528 0.265571
14.510675 2.323466 0.265571
14.589314 2.537940 0.265571
15.018262 2.473598 0.265571
18.092387 3.746142 0.265571
18.950282 4.217984 0.265571
18.943132 4.511098 0.265571
18.135283 4.797062 0.265570
15.861859 5.747896 0.265570
12.837782 6.877456 0.265570
10.378485 7.542325 0.265570
7.240024 7.992720 0.265569
3.358044 8.214343 0.265569
3.222211 8.157150 0.265569
2.829009 8.257237 0.265569
2.056905 8.300133 0.265569
1.749493 8.200044 0.265569
1.592212 8.292983 0.265569
-0.702660 8.471712 0.265569
-0.788449 8.393071 0.265569
-1.253141 8.521755 0.265569
-1.396124 8.421667 0.265569
-1.696387 8.564650 0.265569
-1.886703 8.561711 0.265569
-2.069954 8.559523 0.265569
-2.239073 8.558835 0.265569
-2.386996 8.560397 0.265569
-2.506655 8.564963 0.265569
-2.590985 8.573279 0.265569
-2.632921 8.586098 0.265569
-2.660684 8.597874 0.265569
-2.705329 8.603271 0.265569
-2.764044 8.603355 0.265569
-2.834013 8.599187 0.265569
-2.912424 8.591830 0.265569
-2.996463 8.582346 0.265569
-3.083315 8.571799 0.265569
-3.197701 8.650439 0.265569
-3.919762 8.664737 0.265569
-4.162831 8.586098 0.265569
-4.411560 8.656554 0.265569
-15.593637 8.454346 0.265569
-15.856508 8.353242 0.265569
-16.786662 8.333022 0.265569
-17.453947 8.029710 0.265569
-18.566089 7.443308 0.265570
-18.667192 7.119776 0.265570
-18.950282 6.695140 0.265570
-18.940062 6.512839 -0.265571
-14.536209 0.235920 -0.265569
13.045107 1.765835 -0.265570
14.589314 2.537940 -0.265570
15.018262 2.473598 -0.265570
18.092387 3.746142 -0.265571
18.950282 4.217984 -0.265571
10.378485 7.542325 -0.265572
-18.667192 7.119776 -0.265572
-18.561159 6.019550 -0.265571
-16.638045 3.231398 -0.265570
-15.279716 1.129561 -0.265570
-14.293138 0.114386 -0.265569
-10.268178 0.021447 -0.265569
-5.492563 0.021447 -0.265569
-5.256642 0.107236 -0.265569
-5.035020 0.042894 -0.265569
-4.984975 0.092938 -0.265569
-4.706160 0.121535 -0.265569
-4.448792 -0.000000 -0.265569
-3.576600 0.050043 -0.265569
-3.519407 0.128684 -0.265569
-3.254887 0.135833 -0.265569
0.598491 0.336009 -0.265569
1.005991 0.321711 -0.265569
1.284806 0.443246 -0.265569
1.828139 0.464693 -0.265569
2.214191 0.364605 -0.265569
2.535902 0.471842 -0.265569
2.721779 0.421798 -0.265569
4.087260 0.400351 -0.265569
4.509064 0.529036 -0.265569
5.052396 0.414650 -0.265569
7.861999 0.543334 -0.265569
8.262350 0.672018 -0.265570
8.534016 0.557632 -0.265569
10.278398 0.950836 -0.265570
13.216684 2.194782 -0.265570
13.695676 2.230528 -0.265570
14.510675 2.323466 -0.265570
18.943132 4.511098 -0.265571
18.135283 4.797062 -0.265571
15.861859 5.747896 -0.265571
12.837782 6.877456 -0.265572
7.240024 7.992720 -0.265572
3.358044 8.214343 -0.265572
3.222211 8.157150 -0.265572
2.829009 8.257237 -0.265572
2.056905 8.300133 -0.265572
1.749493 8.200044 -0.265572
1.592212 8.292983 -0.265572
-0.702660 8.471712 -0.265572
-0.788449 8.393071 -0.265572
-1.253141 8.521755 -0.265572
-1.396124 8.421667 -0.265572
-1.696387 8.564650 -0.265572
-1.886703 8.561711 -0.265572
-2.069954 8.559523 -0.265572
-2.239073 8.558835 -0.265572
-2.386996 8.560397 -0.265572
-2.506655 8.564963 -0.265572
-2.590985 8.573279 -0.265572
-2.632921 8.586098 -0.265572
-2.660684 8.597874 -0.265572
-2.705329 8.603271 -0.265572
-2.764044 8.603355 -0.265572
-2.834013 8.599187 -0.265572
-2.912424 8.591830 -0.265572
-2.996463 8.582346 -0.265572
-3.083315 8.571799 -0.265572
-3.197701 8.650439 -0.265572
-3.919762 8.664737 -0.265572
-4.162831 8.586098 -0.265572
-4.411560 8.656554 -0.265572
-15.593637 8.454346 -0.265572
-15.856508 8.353242 -0.265572
-16.786662 8.333022 -0.265572
-17.453947 8.029710 -0.265572
-18.566089 7.443308 -0.265572
-18.950282 6.695140 -0.265572
-12.674272 3.831514 -0.661722
-12.313376 4.660180 -0.735371
-10.886544 4.653375 -0.735371
-10.770395 4.652821 -0.735371
-10.625742 4.652131 -0.735371
-10.581130 4.651918 -0.735371
-10.075697 4.649507 -0.735371
-3.861088 4.619866 -0.735371
-3.349952 4.617428 -0.735371
-3.287576 4.617130 -0.735371
-3.241765 4.616912 -0.735371
-3.156273 4.616504 -0.735371
-3.088333 4.616180 -0.735371
-3.049058 4.615993 -0.735371
-2.902420 4.615294 -0.735371
-2.857276 4.615078 -0.735371
-2.793470 4.614774 -0.735371
-2.714772 4.614398 -0.735371
-2.624962 4.613969 -0.735371
-2.527808 4.613506 -0.735371
-2.427048 4.613026 -0.735371
-2.250706 4.612185 -0.735371
-2.186441 4.611878 -0.735371
-1.918274 4.610599 -0.735371
-1.884880 4.610439 -0.735371
-0.482247 4.603751 -0.735371
1.221940 4.595622 -0.735371
1.409249 4.594728 -0.735371
1.533474 4.594136 -0.735371
1.786167 4.592931 -0.735371
2.116707 4.591354 -0.735010
2.690892 4.588616 -0.734591
2.991255 4.587183 -0.734615
3.825130 4.583205 -0.734697
4.147182 4.581669 -0.734735
7.526170 4.565553 -0.734948
7.718752 4.564634 -0.734972
7.836741 4.564071 -0.734989
10.448031 4.551616 -0.735371
11.969650 4.544359 -0.735349
13.269652 4.538158 -0.735293
13.782967 4.535710 -0.735358
15.547382 4.527295 -0.735362
18.123772 4.515006 -0.265571
18.112106 4.229243 0.265571
15.479700 4.264604 0.822869
13.883739 4.286042 0.822869
13.314786 4.293685 0.822869
12.093991 4.310084 0.822869
10.655184 4.329411 0.822869
7.871072 4.366809 0.822869
7.746143 4.368488 0.822869
7.542395 4.371225 0.822869
4.183094 4.416351 0.822869
3.852530 4.420790 0.822869
2.981247 4.432494 0.697577
2.685163 4.436472 0.629307
2.137251 4.389463 0.594063
1.788540 4.359544 0.523738
1.518030 4.336335 0.452449
1.383776 4.324818 0.355834
1.179742 4.307311 0.271809
