15.921968 7.117316 -0.310405
14.905335 5.902007 -0.575000
15.921968 6.084158 -0.310405
15.999159 7.117316 0.000000
14.905335 7.299467 0.000000
14.905335 5.902007 0.000000
15.999159 6.084158 0.000000
15.175098 6.494517 0.533970
15.605593 6.437675 0.440395
15.557268 6.887073 0.440395
15.147165 6.736619 0.533970
15.147165 6.736619 -0.533970
15.557268 6.887073 -0.440395
15.605593 6.437675 -0.440395
15.175098 6.494517 -0.533970
15.300356 6.895236 -0.487182
15.747458 7.163832 -0.405202
15.786054 7.163832 0.000000
15.747458 7.163832 0.405202
15.300356 6.895236 0.487183
15.341182 6.373117 0.487183
15.747458 6.037642 0.405202
15.786054 6.037642 0.000000
15.747458 6.037642 -0.405202
15.341182 6.373117 -0.487182
14.905335 5.902007 0.432767
15.757006 6.037642 0.304971
15.974296 6.084158 0.166351
15.974296 7.117316 0.166351
15.757006 7.163832 0.304971
14.905335 7.299467 0.432767
14.905335 5.902007 -0.418622
15.757955 6.037642 -0.295003
15.976194 6.084158 -0.158715
15.976194 7.117316 -0.158715
15.757955 7.163832 -0.295003
14.905335 7.299467 -0.418622
15.992097 6.885440 -0.310405
16.046324 6.885440 -0.158715
16.069286 6.885440 0.000000
16.044424 6.885440 0.166351
15.992097 6.885440 0.310405
15.989292 6.319741 -0.310405
16.043518 6.319741 -0.158715
16.066483 6.319741 0.000000
16.041618 6.319741 0.166351
15.989292 6.319741 0.310405
15.691957 6.681358 -0.440395
16.028564 6.605038 -0.310405
16.082790 6.605038 -0.158715
16.105755 6.605038 0.000000
16.080891 6.605038 0.166351
16.028564 6.605038 0.310405
15.691957 6.681358 0.440395
15.605593 6.437675 -0.377872
15.341182 6.373117 -0.418018
15.175098 6.494517 -0.458163
15.147165 6.736619 -0.458163
15.300356 6.895236 -0.418018
15.557268 6.887073 -0.377872
15.691957 6.681358 -0.377872
15.691957 6.681358 0.422439
15.605593 6.437675 0.422439
15.341182 6.373117 0.467319
15.175098 6.494517 0.512199
15.147165 6.736619 0.512199
15.300356 6.895236 0.467319
15.557268 6.887073 0.422439
9.264176 0.000000 -3.010113
7.880580 0.000000 -5.725575
5.725576 0.000000 -7.880579
3.010113 0.000000 -9.264174
0.000000 0.000000 -9.740931
-3.010113 0.000000 -9.264174
-5.725574 0.000000 -7.880577
-7.880577 0.000000 -5.725574
-9.264173 0.000000 -3.010113
-9.740928 0.000000 0.000000
-9.264173 -0.000000 3.010112
-7.880576 -0.000000 5.725574
-5.725574 -0.000000 7.880577
-3.010113 -0.000000 9.264174
0.000000 -0.000000 9.740931
3.010113 -0.000000 9.264174
5.725575 -0.000000 7.880579
7.880579 -0.000000 5.725575
9.264175 -0.000000 3.010113
9.740925 0.000000 0.000000
14.395776 8.415914 -4.677469
12.245775 8.415914 -8.897076
8.897078 8.415914 -12.245771
4.677469 8.415914 -14.395771
0.000001 8.415914 -15.136608
-4.677468 8.415914 -14.395771
-8.897075 8.415914 -12.245770
-12.245770 8.415914 -8.897073
-14.395769 8.415914 -4.677467
-15.136604 8.415914 0.000000
-14.395769 8.415914 4.677467
-12.245770 8.415914 8.897074
-8.897074 8.415914 12.245770
-4.677468 8.415914 14.395771
0.000000 8.415914 15.136608
4.677469 8.415914 14.395771
8.897077 8.415914 12.245771
12.245774 8.415914 8.897076
14.395775 8.415914 4.677468
15.136601 8.415914 0.000000
7.681065 0.000000 -2.495729
6.533905 0.000000 -4.747159
4.747159 0.000000 -6.533905
2.495729 0.000000 -7.681063
0.000000 0.000000 -8.076348
-2.495729 0.000000 -7.681063
-4.747158 0.000000 -6.533903
-6.533902 0.000000 -4.747159
-7.681062 0.000000 -2.495729
-8.076346 0.000000 0.000000
-7.681062 -0.000000 2.495728
-6.533901 -0.000000 4.747156
-4.747158 -0.000000 6.533900
-2.495728 -0.000000 7.681061
-0.000001 -0.000000 8.076344
2.495727 -0.000000 7.681059
4.747155 -0.000000 6.533900
6.533899 -0.000000 4.747156
7.681059 -0.000000 2.495727
8.076344 0.000000 0.000000
0.000000 0.000000 -0.000001
9.095439 0.555028 -2.955288
7.737044 0.555028 -5.621290
9.686531 2.100839 -7.037676
11.387203 2.100839 -3.699925
5.621291 0.555028 -7.737042
7.037676 2.100839 -9.686530
2.955287 0.555028 -9.095437
3.699925 2.100839 -11.387199
0.000000 0.555028 -9.563510
0.000000 2.100839 -11.973209
-2.955287 0.555028 -9.095437
-3.699924 2.100839 -11.387197
-5.621289 0.555028 -7.737041
-7.037675 2.100839 -9.686526
-7.737040 0.555028 -5.621289
-9.686527 2.100839 -7.037674
-9.095435 0.555028 -2.955286
-11.387196 2.100839 -3.699924
-9.563507 0.555028 0.000000
-11.973206 2.100839 0.000001
-9.095435 0.555028 2.955286
-11.387196 2.100839 3.699924
-7.737040 0.555028 5.621288
-9.686527 2.100839 7.037675
-5.621288 0.555028 7.737039
-7.037674 2.100839 9.686527
-2.955286 0.555028 9.095434
-3.699924 2.100839 11.387196
0.000000 0.555028 9.563506
0.000000 2.100839 11.973206
2.955285 0.555028 9.095433
3.699924 2.100839 11.387196
5.621286 0.555028 7.737038
7.037672 2.100839 9.686526
7.737037 0.555028 5.621287
9.686525 2.100839 7.037673
9.095432 0.555028 2.955285
11.387193 2.100839 3.699924
9.563504 0.555028 0.000000
11.973204 2.100839 0.000000
4.471233 5.584035 13.761045
0.000000 5.584034 14.469217
4.545340 6.880305 13.989120
0.000000 6.880305 14.709030
-4.471234 5.584034 13.761045
-4.545341 6.880305 13.989120
-8.504793 5.584034 11.705843
-8.645752 6.880305 11.899853
-11.705843 5.584034 8.504794
-11.899856 6.880305 8.645751
-13.761045 5.584034 4.471234
-13.989122 6.880305 4.545339
-14.469218 5.584034 0.000002
-14.709031 6.880306 -0.000001
-13.761045 5.584034 -4.471233
-13.989122 6.880305 -4.545342
-11.705843 5.584034 -8.504793
-11.899856 6.880305 -8.645755
-8.504794 5.584035 -11.705844
-8.645754 6.880305 -11.899859
-4.471234 5.584035 -13.761048
-4.545340 6.880305 -13.989127
0.000001 5.584035 -14.469221
0.000001 6.880305 -14.709038
4.471235 5.584035 -13.761049
4.545342 6.880305 -13.989127
8.504797 5.584034 -11.705846
8.645757 6.880305 -11.899860
11.705849 5.584034 -8.504795
11.899861 6.880305 -8.645757
13.761055 5.584034 -4.471235
13.989131 6.880305 -4.545344
14.469215 5.584034 0.000001
14.709030 6.880305 -0.000002
13.761045 5.584034 4.471234
13.989120 6.880305 4.545338
11.705842 5.584034 8.504793
11.899854 6.880305 8.645751
8.504791 5.584035 11.705842
8.645752 6.880305 11.899852
4.193507 3.861142 12.906292
0.000000 3.861142 13.570476
-4.193508 3.861142 12.906292
-7.976526 3.861142 10.978745
-10.978745 3.861142 7.976528
-12.906292 3.861142 4.193508
-13.570478 3.861142 0.000001
-12.906292 3.861142 -4.193507
-10.978745 3.861142 -7.976526
-7.976527 3.861142 -10.978745
-4.193508 3.861142 -12.906295
0.000000 3.861142 -13.570480
4.193509 3.861142 -12.906295
7.976530 3.861142 -10.978748
10.978749 3.861142 -7.976528
12.906301 3.861142 -4.193509
13.570477 3.861142 0.000001
12.906291 3.861142 4.193508
10.978745 3.861142 7.976526
7.976523 3.861142 10.978745
-4.536867 8.183206 13.963042
-8.629632 8.183205 11.877670
-11.877670 8.183205 8.629633
-13.963041 8.183206 4.536866
-14.681607 8.183206 0.000001
-13.963042 8.183205 -4.536865
-11.877670 8.183205 -8.629632
-8.629634 8.183205 -11.877670
-4.536866 8.183205 -13.963043
0.000001 8.183205 -14.681612
4.536868 8.183205 -13.963043
8.629637 8.183205 -11.877671
11.877675 8.183205 -8.629635
13.963048 8.183205 -4.536868
14.681604 8.183205 0.000000
13.963039 8.183206 4.536865
11.877666 8.183205 8.629633
8.629631 8.183205 11.877667
4.536864 8.183205 13.963039
0.000000 8.183205 14.681608
7.681065 0.582696 -2.495729
6.533905 0.582696 -4.747159
4.747159 0.582696 -6.533905
2.495729 0.582696 -7.681063
0.000000 0.582696 -8.076348
-2.495729 0.582696 -7.681063
-4.747158 0.582696 -6.533903
-6.533902 0.582696 -4.747159
-7.681062 0.582696 -2.495729
-8.076346 0.582696 0.000000
-7.681062 0.582696 2.495728
-6.533901 0.582696 4.747156
-4.747158 0.582696 6.533900
-2.495728 0.582696 7.681061
-0.000001 0.582696 8.076344
2.495727 0.582696 7.681059
4.747155 0.582696 6.533900
6.533899 0.582696 4.747156
7.681059 0.582696 2.495727
8.076344 0.582696 0.000000
0.000000 0.582695 -0.000001
-2.860924 0.560709 -8.805019
-5.441801 0.560709 -7.489996
-7.489996 0.560709 -5.441801
-8.805017 0.560709 -2.860924
-9.258143 0.560709 0.000000
-8.805017 0.560709 2.860923
-7.489995 0.560709 5.441800
-5.441801 0.560709 7.489995
-2.860924 0.560709 8.805017
0.000000 0.560709 9.258142
2.860923 0.560709 8.805016
5.441798 0.560709 7.489994
7.489993 0.560709 5.441799
8.805015 0.560709 2.860923
9.258141 0.560709 0.000000
8.805021 0.560709 -2.860925
7.490000 0.560709 -5.441802
5.441803 0.560709 -7.489998
2.860924 0.560709 -8.805019
0.000000 0.560709 -9.258146
-3.014914 0.678809 -9.278949
0.000000 0.678809 -9.756467
3.014914 0.678809 -9.278949
5.734708 0.678809 -7.893147
7.893149 0.678809 -5.734707
9.278952 0.678809 -3.014915
9.756460 0.678809 0.000000
9.278945 0.678809 3.014912
7.893142 0.678809 5.734704
5.734704 0.678809 7.893143
3.014912 0.678809 9.278946
0.000000 0.678809 9.756462
-3.014913 0.678809 9.278947
-5.734705 0.678809 7.893144
-7.893145 0.678809 5.734705
-9.278948 0.678809 3.014913
-9.756463 0.678809 0.000000
-9.278948 0.678809 -3.014913
-7.893145 0.678809 -5.734706
-5.734706 0.678809 -7.893146
0.000000 -0.000000 9.540462
-2.948165 -0.000000 9.073517
-5.607741 -0.000000 7.718395
-7.718394 -0.000000 5.607741
-9.073517 -0.000000 2.948164
-9.540460 0.000000 0.000000
-9.073517 0.000000 -2.948164
-7.718395 0.000000 -5.607742
-5.607742 0.000000 -7.718395
-2.948165 0.000000 -9.073518
0.000000 0.000000 -9.540462
2.948165 0.000000 -9.073518
5.607744 0.000000 -7.718397
7.718398 0.000000 -5.607743
9.073520 0.000000 -2.948166
9.540458 0.000000 0.000000
9.073519 -0.000000 2.948164
7.718396 -0.000000 5.607743
5.607742 -0.000000 7.718396
2.948164 -0.000000 9.073517
-11.879682 8.065096 8.631094
-13.965405 8.065097 4.537634
-14.684093 8.065097 0.000001
-13.965406 8.065096 -4.537633
-11.879682 8.065096 -8.631093
-8.631095 8.065096 -11.879683
-4.537634 8.065096 -13.965408
0.000001 8.065096 -14.684098
4.537636 8.065096 -13.965408
8.631098 8.065096 -11.879683
11.879686 8.065096 -8.631097
13.965412 8.065096 -4.537636
14.684091 8.065096 0.000000
13.965404 8.065097 4.537633
11.879678 8.065096 8.631094
8.631093 8.065096 11.879679
4.537632 8.065096 13.965404
0.000000 8.065096 14.684094
-4.537635 8.065097 13.965406
-8.631093 8.065096 11.879682
-12.054533 8.295016 8.758131
-8.758131 8.295016 12.054533
-4.604423 8.295017 14.170958
0.000000 8.295016 14.900224
4.604421 8.295016 14.170956
8.758131 8.295016 12.054532
12.054533 8.295016 8.758133
14.170958 8.295017 4.604422
14.900219 8.295016 0.000000
14.170963 8.295016 -4.604423
12.054538 8.295016 -8.758133
8.758135 8.295016 -12.054535
4.604424 8.295016 -14.170959
0.000001 8.295016 -14.900227
-4.604422 8.295016 -14.170959
-8.758133 8.295016 -12.054533
-12.054533 8.295016 -8.758131
-14.170958 8.295016 -4.604421
-14.900223 8.295017 0.000001
-14.170957 8.295017 4.604422
-15.013453 5.375844 0.000000
-14.278643 5.375844 -4.639410
-12.146138 5.375844 -8.824686
-8.824687 5.375844 -12.146138
-4.639412 5.375844 -14.278646
0.000000 5.375844 -15.013455
4.639413 5.375844 -14.278646
8.824690 5.375844 -12.146140
12.146143 5.375844 -8.824688
14.278652 5.375844 -4.639412
15.013450 5.375844 0.000000
-12.353086 1.658995 0.000000
-11.748482 1.658995 -3.817313
-9.993856 1.658995 -7.260962
-7.260963 1.658995 -9.993855
-3.817314 1.658995 -11.748484
0.000000 1.658995 -12.353089
3.817315 1.658995 -11.748486
7.260964 1.658995 -9.993859
9.993860 1.658995 -7.260964
11.748489 1.658995 -3.817314
12.353084 1.658995 0.000000
-15.404252 6.859010 0.000000
-14.650315 6.859010 -4.760174
-12.462300 6.859010 -9.054393
-9.054395 6.859010 -12.462300
-4.760176 6.859010 -14.650318
0.000000 6.859010 -15.404256
4.760177 6.859010 -14.650319
9.054397 6.859010 -12.462303
12.462306 6.859010 -9.054395
14.650325 6.859010 -4.760176
15.404250 6.859010 0.000000
-14.050868 3.531355 0.000000
-13.363170 3.531355 -4.341956
-11.367390 3.531355 -8.258892
-8.258893 3.531355 -11.367390
-4.341957 3.531355 -13.363172
0.000000 3.531355 -14.050871
4.341958 3.531355 -13.363173
8.258896 3.531355 -11.367393
11.367393 3.531355 -8.258894
13.363179 3.531355 -4.341957
14.050866 3.531355 0.000000
-15.377436 7.698672 0.000000
-14.624811 7.698672 -4.751887
-12.440605 7.698672 -9.038630
-9.038631 7.698672 -12.440606
-4.751889 7.698672 -14.624814
0.000001 7.698672 -15.377439
4.751890 7.698672 -14.624815
9.038634 7.698672 -12.440607
12.440611 7.698672 -9.038632
14.624820 7.698672 -4.751889
15.377433 7.698672 0.000000
9.959326 0.138708 0.000000
9.471889 0.138708 -3.077603
8.057270 0.138708 -5.853949
5.853949 0.138708 -8.057270
3.077603 0.138708 -9.471887
0.000000 0.138708 -9.959332
-3.077603 0.138708 -9.471886
-5.853947 0.138708 -8.057267
-8.057267 0.138708 -5.853947
-9.471885 0.138708 -3.077602
-9.959330 0.138708 0.000000
15.181472 8.282279 0.000000
14.438451 8.282279 -4.691335
12.282076 8.282279 -8.923450
8.923452 8.282279 -12.282072
4.691335 8.282279 -14.438446
0.000001 8.282279 -15.181479
-4.691334 8.282279 -14.438446
-8.923450 8.282279 -12.282071
-12.282071 8.282279 -8.923447
-14.438443 8.282279 -4.691333
-15.181476 8.282279 0.000000
-14.278643 5.375844 4.639410
-12.146138 5.375844 8.824686
-8.824687 5.375844 12.146138
-4.639412 5.375844 14.278646
0.000000 5.375844 15.013455
4.639413 5.375844 14.278646
8.824690 5.375844 12.146140
12.146143 5.375844 8.824688
14.278652 5.375844 4.639412
-11.748482 1.658995 3.817313
-9.993856 1.658995 7.260962
-7.260963 1.658995 9.993855
-3.817314 1.658995 11.748484
0.000000 1.658995 12.353089
3.817315 1.658995 11.748486
7.260964 1.658995 9.993859
9.993860 1.658995 7.260964
11.748489 1.658995 3.817314
-14.650315 6.859010 4.760174
-12.462300 6.859010 9.054393
-9.054395 6.859010 12.462300
-4.760176 6.859010 14.650318
0.000000 6.859010 15.404256
4.760177 6.859010 14.650319
9.054397 6.859010 12.462303
12.462306 6.859010 9.054395
14.650325 6.859010 4.760176
-13.363170 3.531355 4.341956
-11.367390 3.531355 8.258892
-8.258893 3.531355 11.367390
-4.341957 3.531355 13.363172
0.000000 3.531355 14.050871
4.341958 3.531355 13.363173
8.258896 3.531355 11.367393
11.367393 3.531355 8.258894
13.363179 3.531355 4.341957
-14.624811 7.698672 4.751887
-12.440605 7.698672 9.038630
-9.038631 7.698672 12.440606
-4.751889 7.698672 14.624814
0.000001 7.698672 15.377439
4.751890 7.698672 14.624815
9.038634 7.698672 12.440607
12.440611 7.698672 9.038632
14.624820 7.698672 4.751889
9.471889 0.138708 3.077603
8.057270 0.138708 5.853949
5.853949 0.138708 8.057270
3.077603 0.138708 9.471887
0.000000 0.138708 9.959332
-3.077603 0.138708 9.471886
-5.853947 0.138708 8.057267
-8.057267 0.138708 5.853947
-9.471885 0.138708 3.077602
14.438451 8.282279 4.691335
12.282076 8.282279 8.923450
8.923452 8.282279 12.282072
4.691335 8.282279 14.438446
0.000001 8.282279 15.181479
-4.691334 8.282279 14.438446
-8.923450 8.282279 12.282071
-12.282071 8.282279 8.923447
-14.438443 8.282279 4.691333
-14.903934 5.902007 0.575000
-15.921968 6.084158 0.310405
-14.903934 7.299467 0.575000
-15.921968 7.117316 0.310405
-14.903934 7.299467 -0.575000
-15.921968 7.117316 -0.310405
-14.903934 5.902007 -0.575000
-15.921968 6.084158 -0.310405
-15.999159 7.117316 0.000000
-14.903934 7.299467 0.000000
-14.903934 5.902007 0.000000
-15.999159 6.084158 0.000000
-15.175098 6.494517 0.533970
-15.605593 6.437675 0.440395
-15.557268 6.887073 0.440395
-15.147165 6.736619 0.533970
-15.147165 6.736619 -0.533970
-15.557268 6.887073 -0.440395
-15.605593 6.437675 -0.440395
-15.175098 6.494517 -0.533970
-15.300356 6.895236 -0.487182
-15.747458 7.163832 -0.405202
-15.786054 7.163832 0.000000
-15.747458 7.163832 0.405202
-15.300356 6.895236 0.487183
-15.341182 6.373117 0.487183
-15.747458 6.037642 0.405202
-15.786054 6.037642 0.000000
-15.747458 6.037642 -0.405202
-15.341182 6.373117 -0.487182
-14.903934 5.902007 0.432767
-15.757006 6.037642 0.304971
-15.974296 6.084158 0.166351
-15.974296 7.117316 0.166351
-15.757006 7.163832 0.304971
-14.903934 7.299467 0.432767
-14.903934 5.902007 -0.418622
-15.757955 6.037642 -0.295003
-15.976194 6.084158 -0.158715
-15.976194 7.117316 -0.158715
-15.757955 7.163832 -0.295003
-14.903934 7.299467 -0.418622
-15.992097 6.885440 -0.310405
-16.046324 6.885440 -0.158715
-16.069286 6.885440 0.000000
-16.044424 6.885440 0.166351
-15.992097 6.885440 0.310405
-15.989292 6.319741 -0.310405
-16.043518 6.319741 -0.158715
-16.066483 6.319741 0.000000
-16.041618 6.319741 0.166351
-15.989292 6.319741 0.310405
-15.691957 6.681358 -0.440395
-16.028564 6.605038 -0.310405
-16.082790 6.605038 -0.158715
-16.105755 6.605038 0.000000
-16.080891 6.605038 0.166351
-16.028564 6.605038 0.310405
-15.691957 6.681358 0.440395
-15.605593 6.437675 -0.377872
-15.341182 6.373117 -0.418018
-15.175098 6.494517 -0.458163
-15.147165 6.736619 -0.458163
-15.300356 6.895236 -0.418018
-15.557268 6.887073 -0.377872
-15.691957 6.681358 -0.377872
-15.691957 6.681358 0.422439
-15.605593 6.437675 0.422439
-15.341182 6.373117 0.467319
-15.175098 6.494517 0.512199
-15.147165 6.736619 0.512199
-15.300356 6.895236 0.467319
-15.557268 6.887073 0.422439
