17.617374 13.238425 3.504341
17.617382 13.316391 -3.504288
14.935305 13.096509 -9.979419
14.390341 11.617343 -9.615287
13.453169 8.731248 -8.989092
15.869088 8.791476 -3.156528
15.869081 8.772110 3.156585
17.873820 11.639388 3.555349
17.873827 11.698286 -3.555301
15.152709 11.534933 -10.124686
9.979461 12.689508 -14.935273
9.615328 11.339909 -14.390312
8.989129 8.624481 -13.453145
10.124729 11.230118 -15.152679
3.504334 12.480540 -17.617368
3.376468 11.197090 -16.974540
3.156578 8.569166 -15.869073
3.555348 11.073789 -17.873817
-3.504294 12.628641 -17.617376
-3.376430 11.296112 -16.974549
-3.156539 8.605753 -15.869080
-3.555301 11.185691 -17.873824
-9.979424 12.870712 -14.935297
-9.615294 11.461147 -14.390332
-8.989099 8.669078 -13.453161
-10.124687 11.366910 -15.152704
-14.935278 12.938461 -9.979454
-14.390317 11.509362 -9.615319
-13.453144 8.689023 -8.989122
-15.152685 11.416545 -10.124719
-17.617374 12.842535 -3.504330
-16.974546 11.445438 -3.376462
-15.869078 8.665578 -3.156568
-17.873820 11.343959 -3.555340
-17.617382 12.764281 3.504298
-16.974557 11.391586 3.376434
-15.869082 8.644556 3.156548
-17.873830 11.285645 3.555307
-14.935303 12.806976 9.979432
-14.390341 11.417471 9.615302
-13.453164 8.652237 8.989108
-15.152710 11.319338 10.124693
-9.979457 12.842102 14.935289
-9.615319 11.438301 14.390329
-8.989119 8.658070 13.453159
-10.124724 11.347316 15.152691
-3.504335 12.735694 17.617381
-3.376464 11.366461 16.974555
-3.156568 8.630959 15.869090
-3.555345 11.267266 17.873826
3.504295 12.635045 17.617388
3.376428 11.299968 16.974560
3.156539 8.607016 15.869091
3.555305 11.190801 17.873832
9.979429 12.740015 14.935308
9.615298 11.372482 14.390344
8.989103 8.635812 13.453171
10.124694 11.268969 15.152714
14.935282 12.996979 9.979465
14.390321 11.550014 9.615331
13.453153 8.705815 8.989132
15.152688 11.460152 10.124729
5.374030 1.802152 1.068976
5.374033 1.802163 -1.068945
4.555886 1.802085 -3.044127
3.044147 1.801968 -4.555870
1.068967 1.801895 -5.374020
-1.068950 1.801903 -5.374022
-3.044132 1.801951 -4.555877
-4.555872 1.801981 -3.044140
-5.374020 1.801974 -1.068958
-5.374023 1.801952 1.068961
-4.555879 1.801934 3.044141
-3.044141 1.801919 4.555881
-1.068962 1.801903 5.374032
1.068959 1.801910 5.374035
3.044140 1.801970 4.555887
4.555879 1.802068 3.044153
8.087164 2.488135 5.403686
9.539466 2.488858 1.897537
9.539467 2.488990 -1.897497
14.793837 8.296384 9.884952
17.450529 8.366341 3.471150
17.450535 8.389046 -3.471103
13.639823 5.389022 9.113863
16.089277 5.407137 3.200378
16.089286 5.412625 -3.200335
11.866442 2.825069 7.823658
13.954768 2.829812 2.661665
13.890920 2.829307 -2.939008
9.665184 0.797409 6.211749
11.301501 0.802098 1.979963
11.153720 0.800139 -2.631295
8.058983 0.029019 5.172140
9.420043 0.033130 1.641590
9.292532 0.032053 -2.206341
4.965782 0.774221 0.987765
4.965787 0.774222 -0.987745
8.088206 0.773455 -1.672011
8.111470 0.773650 1.573185
6.889923 0.772892 4.566885
4.209781 0.774215 2.812895
2.812885 0.774207 4.209790
0.987752 0.774202 4.965783
-0.987760 0.774201 4.965777
-2.812891 0.774202 4.209780
-4.209785 0.774204 2.812886
-4.965776 0.774206 0.987753
-4.965775 0.774207 -0.987756
-4.209777 0.774208 -2.812890
-2.812876 0.774207 -4.209786
-0.987743 0.774204 -4.965778
0.987766 0.774204 -4.965775
2.812898 0.774210 -4.209778
4.209791 0.774217 -2.812879
9.884915 8.221872 14.793860
9.113829 5.369851 13.639845
7.952574 2.812551 11.771588
6.512119 0.776416 9.439048
5.431039 0.011720 7.861114
4.612187 0.769726 6.855758
3.471107 8.191414 17.450535
3.200340 5.361994 16.089283
2.796167 2.805032 13.925112
2.293490 0.762399 11.225305
1.911987 -0.000000 9.350916
1.620580 0.767582 8.100788
-3.471144 8.220763 17.450526
-3.200373 5.368895 16.089276
-2.796195 2.805926 13.925103
-2.293515 0.762420 11.225297
-1.911723 -0.000001 9.350910
-1.620198 0.767581 8.100780
-9.884945 8.251711 14.793838
-9.113859 5.376503 13.639826
-7.954612 2.814266 11.770661
-6.517484 0.778552 9.437381
-5.435827 0.013453 7.859977
-4.612720 0.770037 6.855539
-14.793857 8.241325 9.884917
-13.639841 5.374546 9.113833
-11.868472 2.823637 7.822723
-9.670542 0.799432 6.210078
-8.063769 0.030753 5.170997
-6.890455 0.773196 4.566664
-17.450536 8.228735 3.471109
-16.089284 5.372061 3.200340
-13.954772 2.824329 2.661632
-11.301502 0.801880 1.979938
-9.419760 0.033129 1.641568
-8.111066 0.773632 1.573165
-17.450523 8.251434 -3.471141
-16.089274 5.377851 -3.200370
-13.928984 2.828090 -2.856264
-11.238239 0.808824 -2.435072
-9.362823 0.039272 -2.033957
-8.100671 0.774755 -1.640568
-14.793832 8.279378 -9.884945
-13.639823 5.384541 -9.113857
-11.823630 2.841472 -7.925929
-9.573112 0.833917 -6.461283
-7.983855 0.058406 -5.392445
-6.875864 0.778248 -4.602872
-9.884908 8.259823 -14.793856
-9.113824 5.379225 -13.639842
-7.948681 2.848008 -11.836323
-6.522173 0.847894 -9.617816
-5.451936 0.068387 -8.030935
-4.615644 0.780068 -6.882532
-3.471101 8.189521 -17.450533
-3.200332 5.361620 -16.089283
-2.809300 2.843231 -13.962738
-2.332357 0.843194 -11.345735
-1.950797 0.064656 -9.473289
-1.627309 0.779384 -8.118905
3.471150 8.146398 -17.450521
3.200378 5.351229 -16.089273
2.809341 2.841794 -13.962729
2.332393 0.843147 -11.345728
1.951108 0.064656 -9.473282
1.627737 0.779385 -8.118900
9.884954 8.207090 -14.793826
9.113867 5.366529 -13.639815
7.944608 2.841021 -11.832182
6.509144 0.836570 -9.604729
5.438653 0.059261 -8.017321
4.613592 0.778405 -6.880038
14.793860 8.325322 -9.884909
13.639850 5.396162 -9.113824
11.781469 2.833907 -8.004559
9.475539 0.813832 -6.644442
7.899976 0.042061 -5.551233
6.860919 0.775275 -4.631836
7.566686 0.401437 4.947441
8.880288 0.403595 1.647857
8.813436 0.403031 -1.937478
5.080208 0.392363 7.465917
1.786651 0.386216 8.847014
-1.785985 0.386215 8.847009
-5.082186 0.393270 7.465316
-7.568661 0.402341 4.946833
-8.879604 0.403588 1.647834
-8.849749 0.406810 -1.847105
-7.526757 0.416842 -5.056476
-5.090628 0.422075 -7.548482
-1.806462 0.420119 -8.904702
1.807172 0.420119 -8.904696
5.084209 0.417292 -7.541338
7.483325 0.408276 -5.139721
8.087174 2.488324 -5.403653
5.403684 2.487287 -8.087154
1.897530 2.486695 -9.539455
-1.897500 2.486895 -9.539457
-5.403655 2.487431 -8.087166
-8.087154 2.487695 -5.403674
-9.539454 2.487570 -1.897521
-9.539461 2.487363 1.897511
-8.087169 2.487287 5.403666
-5.403674 2.487208 8.087162
-1.897521 2.487003 9.539466
1.897512 2.486933 9.539470
5.403667 2.487337 8.087173
10.162856 3.859601 6.790619
11.987911 3.863000 2.384564
11.987914 3.863740 -2.384522
14.058469 5.936754 -2.796375
11.918198 5.920032 -7.963460
10.162868 3.860632 -6.790589
14.058462 5.931926 2.796427
7.963495 5.891552 -11.918176
6.790622 3.855623 -10.162847
2.796424 5.876577 -14.058455
2.384563 3.852891 -11.987902
-2.796383 5.885553 -14.058460
-2.384525 3.854179 -11.987907
-7.963465 5.902223 -11.918192
-6.790590 3.856974 -10.162861
-11.918176 5.908120 -7.963486
-10.162847 3.858159 -6.790610
-14.058458 5.902451 -2.796411
-11.987904 3.857365 -2.384551
-14.058461 5.896752 2.796393
-11.987910 3.856354 2.384533
-11.918194 5.897790 7.963474
-10.162864 3.856237 6.790599
-7.963484 5.898394 11.918190
-6.790609 3.856070 10.162858
-2.796410 5.891436 14.058465
-2.384551 3.854951 11.987913
2.796386 5.885886 14.058469
2.384531 3.854279 11.987917
7.963470 5.894104 11.918201
6.790598 3.855955 10.162868
11.918183 5.913529 7.963497
17.356618 13.145792 -3.452418
17.310361 11.764838 0.000028
15.992695 11.723328 -6.624362
16.500501 10.270869 -3.282125
17.965903 13.307675 0.000027
17.843371 13.202151 -3.549242
16.598338 13.250641 -6.875229
14.714240 12.937973 -9.831707
12.240287 11.480074 -12.240253
13.988455 10.171731 -9.346758
15.126888 12.981378 -10.107433
12.703829 12.895596 -12.703790
9.831749 12.556431 -14.714207
6.624408 11.233397 -15.992673
9.346798 9.993333 -13.988429
10.107476 12.569776 -15.126858
6.875273 12.532930 -16.598316
3.452463 12.360306 -17.356603
0.000020 11.221242 -17.310355
3.282174 9.901263 -16.500486
3.549288 12.358656 -17.843359
0.000019 12.517418 -17.965898
-3.452426 12.497869 -17.356611
-6.624371 11.387485 -15.992688
-3.282136 9.963870 -16.500495
-3.549246 12.509619 -17.843368
-6.875234 12.763356 -16.598331
-9.831713 12.724887 -14.714231
-12.240256 11.505605 -12.240279
-9.346764 10.069912 -13.988449
-10.107437 12.754336 -15.126885
-12.703797 12.934489 -12.703821
-14.714215 12.789808 -9.831740
-15.992681 11.485085 -6.624399
-13.988434 10.101943 -9.346788
-15.126864 12.821521 -10.107467
-16.598323 12.901514 -6.875266
-17.356611 12.700845 -3.452460
-17.310361 11.408308 -0.000016
-16.500489 10.061650 -3.282165
-17.843366 12.723615 -3.549283
-17.965903 12.787975 -0.000018
-17.356622 12.627114 3.452429
-15.992692 11.394795 6.624376
-16.500500 10.026788 3.282140
-17.843377 12.644830 3.549249
-16.598335 12.770826 6.875239
-14.714240 12.664931 9.831723
-12.240281 11.438882 12.240268
-13.988452 10.041769 9.346774
-15.126890 12.690079 10.107444
-12.703825 12.841232 12.703805
-9.831746 12.695715 14.714224
-6.624399 11.414552 15.992690
-9.346789 10.053565 13.988446
-10.107471 12.727614 15.126872
-6.875269 12.807585 16.598331
-3.452464 12.596426 17.356615
-0.000020 11.319707 17.310365
-3.282166 10.007747 16.500503
-3.549286 12.619572 17.843372
-0.000021 12.665243 17.965909
3.452423 12.503474 17.356620
6.624372 11.314980 15.992700
3.282134 9.966150 16.500506
3.549247 12.516476 17.843380
6.875236 12.656252 16.598344
9.831717 12.602466 14.714241
12.240263 11.456238 12.240289
9.346769 10.013371 13.988458
10.107443 12.622092 15.126893
12.703801 12.861777 12.703831
14.714216 12.844983 9.831755
15.992681 11.641269 6.624413
13.988438 10.128755 9.346799
15.126869 12.880434 10.107478
16.598323 13.128302 6.875279
4.418002 1.802104 1.830009
4.782014 1.802150 0.000014
7.758896 1.973860 1.543358
17.356609 13.073354 3.452473
17.843365 13.122693 3.549293
18.227423 11.691146 0.000025
16.839937 11.557545 6.975356
17.843101 10.005421 3.549237
17.795757 8.386445 0.000024
16.441129 8.334424 6.810163
16.973541 6.755506 3.376271
16.407578 5.412206 0.000022
15.158616 5.398910 6.278927
15.135420 4.093136 3.000370
14.206148 2.830066 -0.139040
13.165345 2.828247 5.352700
12.727428 1.615954 2.310091
11.468744 0.801163 -0.326431
10.688233 0.801370 4.191489
10.107274 0.224879 1.731483
7.284864 0.774174 1.445435
4.418742 0.774221 0.000009
4.082380 0.774217 1.690985
12.888725 11.359770 12.888754
15.126644 9.893444 10.107326
12.583486 8.257204 12.583517
14.389464 6.722400 9.614760
11.601894 5.378869 11.601923
12.834437 4.086551 8.566245
10.111154 2.819947 9.991100
10.859937 1.611854 7.052117
8.262948 0.789373 7.980888
8.655926 0.219974 5.527886
6.177003 0.774097 4.124040
3.124515 0.774211 3.124523
6.975316 11.206421 16.839957
10.107291 9.774002 15.126668
6.810123 8.197552 16.441145
9.614721 6.687299 14.389487
6.278891 5.363660 15.158630
8.577823 4.078927 12.825921
5.483361 2.806405 13.103475
7.302198 1.593081 10.675469
4.494899 0.765203 10.536948
5.839143 0.199015 8.418654
4.128103 0.773802 6.173940
1.690975 0.774205 4.082385
-0.000021 11.213839 18.227426
3.549193 9.725163 17.843108
-0.000019 8.200227 17.795753
3.376228 6.672963 16.973545
-0.000018 5.364017 16.407574
3.012445 4.075547 15.132758
-0.000015 2.805762 14.208365
2.571024 1.580807 12.669258
-0.000013 0.763105 11.467095
2.056472 0.184867 10.024409
1.449683 0.773603 7.283904
-0.000003 0.774203 4.418737
-6.975349 11.321590 16.839944
-3.549233 9.772932 17.843102
-6.810157 8.241699 16.441129
-3.376263 6.686111 16.973538
-6.278921 5.373950 15.158616
-3.012476 4.077681 15.132751
-5.483888 2.807952 13.103231
-2.571051 1.580924 12.669250
-4.496257 0.765763 10.536521
-2.056422 0.184872 10.024401
-1.449661 0.773601 7.283896
-1.690979 0.774203 4.082377
-12.888747 11.346035 12.888723
-10.107320 9.822944 15.126646
-12.583513 8.251390 12.583489
-9.614753 6.700314 14.389467
-11.601920 5.376665 11.601901
-8.578027 4.080859 12.825821
-10.114195 2.820839 9.989715
-7.306186 1.595060 10.673729
-8.270982 0.792529 7.978394
-5.845021 0.201123 8.417205
-4.128163 0.773823 6.173908
-3.124519 0.774205 3.124515
-16.839952 11.291212 6.975316
-15.126664 9.805464 10.107291
-16.441142 8.230708 6.810123
-14.389487 6.696195 9.614726
-15.158631 5.372294 6.278891
-12.834640 4.081324 8.566138
-13.165860 2.824265 5.352443
-10.863914 1.613353 7.050370
-10.689577 0.801728 4.191052
-8.661799 0.222054 5.526433
-6.177057 0.774110 4.124008
-4.082379 0.774205 1.690976
-18.227423 11.303078 -0.000018
-17.843108 9.784415 3.549195
-17.795755 8.235585 -0.000016
-16.973547 6.691077 3.376231
-16.407574 5.373896 -0.000015
-15.135427 4.080848 3.000335
-14.215665 2.825160 -0.118380
-12.727428 1.615084 2.310060
-11.489873 0.803156 -0.277395
-10.107206 0.224825 1.731461
-7.284822 0.774152 1.445418
-4.418731 0.774207 -0.000001
-16.839934 11.388407 -6.975345
-17.843098 9.820848 -3.549228
-16.441124 8.268596 -6.810154
-16.973533 6.701726 -3.376262
-15.158617 5.382031 -6.278920
-15.133100 4.083120 -3.017879
-13.122409 2.833426 -5.482091
-12.677120 1.620805 -2.687712
-10.586141 0.819028 -4.495551
-10.039681 0.232138 -2.203859
-7.283885 0.774255 -1.451490
-4.082373 0.774208 -1.690978
-12.888718 11.414129 -12.888746
-15.126641 9.866197 -10.107317
-12.583483 8.278285 -12.583512
-14.389459 6.714368 -9.614752
-11.601890 5.384050 -11.601919
-12.830582 4.086373 -8.575446
-10.082451 2.847806 -10.079950
-10.777585 1.644767 -7.251508
-8.213631 0.846026 -8.209596
-8.564867 0.255788 -5.792606
-6.175737 0.774571 -4.127274
-3.124509 0.774208 -3.124519
-6.975310 11.286797 -16.839947
-10.107282 9.835188 -15.126662
-6.810113 8.228674 -16.441141
-9.614718 6.704841 -14.389484
-6.278882 5.371328 -15.158628
-8.577464 4.085053 -12.831747
-5.498802 2.845381 -13.146702
-7.296377 1.658762 -10.803552
-4.545999 0.845092 -10.668882
-5.860823 0.268347 -8.619833
-4.128406 0.774733 -6.176345
-1.690965 0.774207 -4.082379
0.000021 11.101916 -18.227420
-3.549187 9.721974 -17.843105
0.000024 8.157163 -17.795752
-3.376223 6.672212 -16.973543
0.000022 5.353716 -16.407571
-3.013617 4.078885 -15.136144
0.000020 2.841915 -14.247169
-2.597249 1.654229 -12.745192
0.000016 0.842458 -11.590608
-2.101624 0.263784 -10.167912
-1.450281 0.774668 -7.285529
0.000010 0.774205 -4.418733
6.975357 11.112720 -16.839931
3.549240 9.652064 -17.843095
6.810165 8.161587 -16.441120
3.376270 6.652633 -16.973531
6.278928 5.355165 -15.158611
3.013663 4.075542 -15.136135
5.497819 2.841838 -13.145654
2.597288 1.654017 -12.745183
4.542770 0.842202 -10.665601
2.101725 0.263772 -10.167906
1.450347 0.774669 -7.285525
1.690988 0.774207 -4.082374
12.888750 11.384637 -12.888714
10.107329 9.749731 -15.126632
12.583519 8.266978 -12.583478
9.614762 6.680869 -14.389456
11.601929 5.381476 -11.601888
8.577137 4.080543 -12.831350
10.066794 2.838618 -10.094441
7.288119 1.648394 -10.795231
8.172929 0.826898 -8.239036
5.845312 0.257229 -8.604201
4.128248 0.774587 -6.176110
3.124524 0.774213 -3.124511
16.839951 11.649864 -6.975310
15.126665 9.940166 -10.107283
16.441144 8.370039 -6.810118
14.389490 6.735719 -9.614716
15.158634 5.407556 -6.278886
12.826817 4.089627 -8.582496
13.064290 2.829824 -5.605195
10.695841 1.626983 -7.404046
10.456096 0.803027 -4.786632
8.464106 0.235923 -5.982606
6.174405 0.774315 -4.129867
4.082386 0.774220 -1.690969
17.843108 10.042219 -3.549191
16.973547 6.765826 -3.376224
15.129685 4.094804 -3.025295
12.603659 1.613683 -2.848546
9.954526 0.223411 -2.409474
7.282775 0.774158 -1.454305
8.909622 0.032513 3.486811
9.068237 0.126239 1.637857
9.558321 0.032450 -0.282977
6.891622 0.022228 6.647076
7.740515 0.123267 5.020122
3.747679 0.002606 8.775360
5.205497 0.110760 7.599259
0.000130 0.000323 9.554021
1.831543 0.102287 9.020045
-3.748676 0.003039 8.775069
-1.831035 0.102287 9.020040
-6.898940 0.024828 6.645374
-5.208638 0.112012 7.598435
-8.910608 0.032946 3.486508
-7.743655 0.124519 5.019290
-9.575680 0.034254 -0.239897
-9.067711 0.126237 1.637834
-8.819461 0.047537 -3.748758
-9.026550 0.130677 -1.917620
-6.860012 0.066986 -6.856132
-7.685883 0.144510 -5.175501
-3.801557 0.066360 -8.906703
-5.220284 0.151725 -7.718143
0.000154 0.063885 -9.679285
-1.859278 0.149029 -9.104631
3.798472 0.064079 -8.903290
1.859829 0.149029 -9.104624
6.822279 0.051493 -6.878819
5.211005 0.145129 -7.708298
8.710482 0.034427 -4.003946
7.625574 0.132695 -5.290284
8.976061 0.125461 -2.042231
8.384707 0.403270 3.369402
8.635074 0.680848 1.637623
9.030756 0.403239 -0.145126
6.455446 0.397874 6.330203
7.346741 0.679366 4.835796
3.503201 0.387583 8.317286
4.925622 0.673146 7.278835
0.000332 0.386385 9.031467
1.731576 0.668932 8.613403
-3.503194 0.387809 8.317129
-1.730922 0.668932 8.613396
-6.458750 0.399234 6.329305
-4.926779 0.673765 7.278418
-8.384691 0.403492 3.369232
-7.347894 0.679980 4.835375
-9.039315 0.404178 -0.122548
-8.634401 0.680835 1.637601
-8.336897 0.411143 -3.500269
-8.613946 0.683043 -1.771668
-6.438334 0.421341 -6.433341
-7.319182 0.689917 -4.908041
-3.530911 0.421012 -8.379677
-4.932554 0.693501 -7.332947
0.000355 0.419714 -9.090673
-1.744941 0.692159 -8.650473
3.529839 0.419817 -8.377883
1.745640 0.692160 -8.650467
6.419098 0.413221 -6.445229
4.928369 0.690225 -7.328049
8.280302 0.404275 -3.634058
7.289637 0.684053 -4.965065
8.589277 0.680462 -1.833573
4.418006 1.802120 -1.829981
7.758899 1.973905 -1.543320
3.381397 1.802026 -3.381379
6.577679 1.973661 -4.395042
1.830002 1.801936 -4.417993
4.395068 1.973285 -6.577660
0.000008 1.801907 -4.782004
1.543350 1.973063 -7.758885
-1.829988 1.801939 -4.417996
-1.543326 1.973121 -7.758888
-3.381383 1.801977 -3.381389
-4.395047 1.973303 -6.577669
-4.417993 1.801987 -1.829993
-6.577662 1.973399 -4.395060
-4.782005 1.801970 0.000002
-7.758885 1.973361 -1.543340
-4.418000 1.801952 1.829996
-7.758888 1.973286 1.543337
-3.381390 1.801940 3.381392
-6.577671 1.973251 4.395056
-1.829995 1.801924 4.418003
-4.395061 1.973215 6.577670
-0.000001 1.801917 4.782017
-1.543341 1.973148 7.758897
1.829995 1.801945 4.418008
1.543337 1.973138 7.758901
3.381390 1.802018 3.381400
4.395056 1.973298 6.577678
6.577670 1.973596 4.395073
8.987669 2.488541 3.722833
10.890787 3.175714 2.166332
9.728187 2.489027 0.000020
13.245283 5.931316 -5.486349
15.061388 7.342946 -2.995866
12.990567 4.725990 -2.583959
14.336586 5.936805 0.000028
10.137505 5.905809 -10.137478
12.768432 7.309486 -8.531567
11.012874 4.718533 -7.358543
5.486392 5.880671 -13.245263
8.531602 7.251254 -12.768408
7.358577 4.706100 -11.012853
0.000022 5.878471 -14.336578
2.995916 7.220901 -15.061373
2.584004 4.699478 -12.990553
-5.486357 5.894558 -13.245275
-2.995877 7.240175 -15.061379
-2.583964 4.703137 -12.990560
-10.137479 5.907195 -10.137500
-8.531574 7.274548 -12.768425
-7.358546 4.710299 -11.012869
-13.245263 5.906154 -5.486380
-12.768408 7.285961 -8.531596
-11.012853 4.713014 -7.358567
-14.336578 5.898740 -0.000010
-15.061375 7.273689 -2.995905
-12.990556 4.710723 -2.583991
-13.245279 5.896448 5.486366
-15.061379 7.262130 2.995888
-12.990563 4.708225 2.583973
-10.137500 5.899023 10.137491
-12.768428 7.265401 8.531583
-11.012870 4.708402 7.358555
-5.486376 5.895874 13.245278
-8.531590 7.267714 12.768423
-7.358565 4.708411 11.012866
-0.000015 5.887350 14.336584
-2.995904 7.253165 15.061386
-2.583992 4.705466 12.990564
5.486359 5.887863 13.245284
2.995879 7.240837 15.061387
2.583968 4.703315 12.990567
10.137489 5.903147 10.137509
8.531577 7.256993 12.768435
7.358553 4.707104 11.012876
13.245269 5.923654 5.486394
12.768416 7.295853 8.531606
11.012861 4.715794 7.358577
14.951157 8.742077 6.192998
15.061380 7.332684 2.995923
16.500494 10.237828 3.282180
16.183023 8.790411 0.000030
12.990561 4.723982 2.584005
11.294495 3.862675 -4.678311
10.890789 3.176056 -2.166292
12.225072 3.863843 0.000022
8.644441 3.858114 -8.644413
9.232771 3.174504 -6.169117
4.678349 3.853701 -11.294479
6.169150 3.172044 -9.232749
0.000019 3.853085 -12.225063
2.166329 3.170676 -10.890778
-4.678312 3.855649 -11.294489
-2.166295 3.171243 -10.890782
-8.644413 3.857896 -8.644432
-6.169117 3.172575 -9.232763
-11.294482 3.857926 -4.678336
-9.232750 3.173178 -6.169139
-12.225065 3.856749 -0.000010
-10.890780 3.172829 -2.166319
-11.294492 3.856182 4.678322
-10.890784 3.172334 2.166304
-8.644435 3.856279 8.644425
-9.232767 3.172223 6.169128
-4.678336 3.855623 11.294490
-6.169138 3.172094 9.232760
-0.000013 3.854391 12.225072
-2.166318 3.171570 10.890788
4.678321 3.854755 11.294497
2.166303 3.171308 10.890793
8.644423 3.857648 8.644439
6.169128 3.172188 9.232770
11.294487 3.861493 4.678349
9.232760 3.174023 6.169149
14.951171 8.772644 -6.192949
11.443136 8.678218 -11.443108
6.192995 8.583607 -14.951151
0.000020 8.577700 -16.183017
-6.192960 8.640489 -14.951162
-11.443107 8.686823 -11.443131
-14.951153 8.680376 -6.192984
-16.183020 8.651385 -0.000011
-14.951167 8.644901 6.192968
-11.443133 8.659111 11.443120
-6.192979 8.648794 14.951168
-0.000017 8.613916 16.183028
6.192961 8.613300 14.951173
11.443117 8.668626 11.443139
8.987674 2.488754 -3.722795
6.878876 2.487801 -6.878848
3.722828 2.486884 -8.987659
0.000015 2.486705 -9.728177
-3.722795 2.487170 -8.987666
-6.878852 2.487624 -6.878865
-8.987660 2.487668 -3.722818
-9.728178 2.487452 -0.000005
-8.987668 2.487307 3.722808
-6.878867 2.487266 6.878861
-3.722817 2.487118 8.987667
-0.000006 2.486921 9.728190
3.722809 2.487062 8.987676
6.878859 2.487709 6.878873
7.648570 0.773534 3.133018
8.263167 0.773527 -0.049522
5.867229 0.771648 5.824545
3.178677 0.768060 7.626010
0.000191 0.767640 8.264307
-3.178521 0.768136 7.625945
-5.868222 0.772114 5.824224
-7.648407 0.773597 3.132948
-8.265975 0.773838 -0.041676
-7.631767 0.776264 -3.176602
-5.861107 0.779814 -5.858481
-3.188153 0.779696 -7.645762
0.000213 0.779243 -8.282954
3.187964 0.779281 -7.645133
5.854588 0.776992 -5.862609
7.612240 0.773886 -3.223157
10.249481 0.224028 -0.339733
-9.456826 0.242196 -4.032731
15.546061 10.240338 -6.439360
16.826927 10.268356 0.000028
-6.439395 10.038188 15.546058
3.590679 0.104171 8.473348
-7.415290 0.214948 7.110637
11.898447 10.083310 -11.898415
-0.000019 9.978362 16.826935
7.406450 0.211797 7.112804
6.439407 9.924940 -15.546039
-4.031796 0.188468 9.402878
6.439371 9.976143 15.546066
0.000019 9.916257 -16.826921
-10.270716 0.226164 -0.288345
9.564044 0.224137 3.716560
-6.439369 10.022342 -15.546054
11.898426 10.067641 11.898448
0.000024 0.185336 10.244126
-11.898418 10.098979 -11.898440
-9.565463 0.224619 3.716180
15.546048 10.188292 6.439410
-15.546044 10.086826 -6.439396
-7.365600 0.266608 -7.362101
-0.000001 1.802017 0.000006
-16.826929 10.037832 -0.000014
7.148800 1.973743 2.961147
7.737811 1.973916 0.000018
-15.546058 10.028204 6.439377
-0.000001 0.774215 0.000003
-12.239135 4.712259 -5.069625
-11.898444 10.054538 11.898428
4.030365 0.187935 9.403250
-4.092258 0.265806 -9.557778
0.000049 0.262900 -10.391027
4.088460 0.263012 -9.553859
7.320966 0.247755 -7.390069
9.325154 0.226289 -4.337259
8.568624 0.125793 3.403879
9.212875 0.125748 -0.202622
6.610582 0.118357 6.435582
0.000252 0.102520 9.211546
-3.591080 0.104483 8.473136
-6.615551 0.120235 6.434350
-8.569017 0.126105 3.403653
-9.225101 0.127050 -0.171485
-8.503123 0.136654 -3.589362
-6.587409 0.150713 -6.582831
-3.629306 0.150260 -8.564417
0.000273 0.148471 -9.298222
3.627400 0.148611 -8.561946
6.560459 0.139513 -6.599227
8.424668 0.127177 -3.773832
8.147984 0.680624 3.305180
8.788630 0.680605 -0.098191
6.262300 0.676923 6.177628
3.395712 0.669870 8.102925
0.000327 0.669048 8.790238
-3.395512 0.670024 8.102811
-6.264363 0.677851 6.177009
-8.147774 0.680769 3.305059
-8.794286 0.681240 -0.082730
-8.115028 0.686013 -3.392382
-6.250372 0.692999 -6.245833
-3.414488 0.692771 -8.143214
0.000348 0.691882 -8.828346
3.413969 0.691953 -8.141983
6.237403 0.687437 -6.253972
8.076464 0.681313 -3.484029
7.148806 1.973814 -2.961110
5.471462 1.973471 -5.471438
2.961138 1.973140 -7.148790
0.000013 1.973064 -7.737798
-2.961114 1.973216 -7.148795
-5.471442 1.973373 -5.471453
-7.148787 1.973394 -2.961130
-7.737798 1.973322 -0.000001
-7.148794 1.973265 2.961126
-5.471454 1.973242 5.471452
-2.961131 1.973188 7.148799
-0.000003 1.973130 7.737813
2.961127 1.973196 7.148806
5.471451 1.973438 5.471463
10.260826 3.174969 4.250192
11.106242 3.176123 0.000020
14.190189 7.332289 -5.877741
12.239150 4.723514 -5.069597
13.247559 4.726100 0.000025
15.359344 7.342671 0.000030
10.860706 7.280489 -10.860677
9.367447 4.712308 -9.367420
5.877785 7.228988 -14.190170
5.069639 4.701345 -12.239133
0.000020 7.225221 -15.359337
0.000022 4.700181 -13.247548
-5.877749 7.258903 -14.190180
-5.069602 4.706969 -12.239144
-10.860678 7.284454 -10.860700
-9.367420 4.712517 -9.367439
-14.190170 7.281547 -5.877775
-15.359338 7.266009 -0.000010
-13.247552 4.709135 -0.000010
-14.190186 7.261959 5.877761
-12.239147 4.707984 5.069610
-10.860700 7.268604 10.860691
-9.367440 4.708778 9.367431
-5.877769 7.262609 14.190186
-5.069624 4.707306 12.239145
-0.000015 7.244277 15.359348
-0.000014 4.703825 13.247557
5.877752 7.244518 14.190191
5.069606 4.704291 12.239152
10.860688 7.275144 10.860710
9.367431 4.711144 9.367448
14.190176 7.316055 5.877789
12.239139 4.720319 5.069638
10.260831 3.175516 -4.250154
7.853309 3.173265 -7.853282
4.250189 3.171095 -10.260816
0.000017 3.170741 -11.106234
-4.250154 3.171936 -10.260825
-7.853282 3.173032 -7.853301
-10.260816 3.173086 -4.250179
-11.106234 3.172536 -0.000008
-10.260825 3.172229 4.250166
-7.853299 3.172212 7.853292
-4.250175 3.171876 10.260824
-0.000011 3.171329 11.106245
4.250167 3.171573 10.260833
7.853291 3.173042 7.853306
6.963370 9.676386 -16.810985
6.624016 6.659811 -15.991724
5.911353 4.076897 -14.259756
5.068630 1.653012 -11.989512
16.811255 13.136646 -6.963424
2.822755 0.774661 -6.810077
12.866599 9.846269 -12.866558
12.239566 6.708582 -12.239524
10.914472 4.085208 -10.916925
9.186830 1.639830 -9.240640
12.515793 12.749404 -12.515753
5.212513 0.774464 -5.213217
16.811009 10.011967 -6.963321
15.991745 6.756671 -6.623970
14.252457 4.093069 -5.920979
11.829877 1.616164 -5.276372
12.866790 12.778403 -12.866752
6.807131 0.774194 -2.825897
6.773506 12.409811 -16.352635
6.963469 12.411271 -16.811235
0.000018 12.394221 -17.699974
-5.070661 1.655867 -11.991604
0.000019 12.396564 -18.196361
-6.773470 12.623879 -16.352650
-6.963428 12.646112 -16.811252
-12.515761 12.785371 -12.515783
-12.866758 12.818176 -12.866782
-16.352641 12.755776 -6.773501
-16.811241 12.783594 -6.963461
-17.699982 12.649722 -0.000017
-18.196368 12.668416 -0.000018
-16.352659 12.632394 6.773476
-16.811256 12.652251 6.963432
-12.866787 12.725976 12.866763
-6.773504 12.663203 16.352649
-6.963465 12.692857 16.811250
-0.000022 12.531236 17.699983
-0.000020 12.547525 18.196373
6.773471 12.523699 16.352661
6.963432 12.537605 16.811264
12.515765 12.717114 12.515795
12.866763 12.744759 12.866792
16.352641 12.969316 6.773515
16.811241 13.012088 6.963474
16.810994 9.954290 6.963365
18.196095 10.037758 0.000024
15.991732 6.740442 6.624017
17.309332 6.764874 0.000023
14.261532 4.090215 5.898287
15.432629 4.094827 -0.012495
12.025612 1.615220 4.785965
12.931430 1.615095 -0.269935
-12.515788 12.695710 12.515770
7.370119 0.774164 -0.004445
6.810389 0.774160 2.817806
12.866572 9.830731 12.866601
12.239530 6.703859 12.239562
10.918435 4.082627 10.907653
9.271701 1.604819 9.038601
5.213636 0.773979 5.209806
6.963325 9.734923 16.811011
6.623975 6.675931 15.991743
5.910020 4.076288 14.255978
5.039338 1.582967 11.904948
2.821901 0.773648 6.808369
-0.000020 9.739555 18.196094
-0.000019 6.676866 17.309328
-0.000016 4.076184 15.432828
-0.000015 1.581744 12.935120
0.000011 0.773607 7.370215
-6.963360 9.806872 16.810997
-6.624010 6.695620 15.991728
-5.910092 4.079438 14.255944
-5.040356 1.583607 11.904500
-2.821899 0.773652 6.808350
-12.866595 9.822144 12.866570
-12.239558 6.700429 12.239536
-10.918729 4.081602 10.907509
-5.213737 0.774012 5.209766
-16.811006 9.787892 6.963327
-15.991746 6.691712 6.623977
-9.277666 1.607552 9.035998
-14.261594 4.080811 5.898236
-12.026611 1.615014 4.785505
-6.810379 0.774147 2.817786
-18.196094 9.795307 -0.000017
-17.309326 6.694385 -0.000015
-15.433484 4.081573 -0.010668
-12.949792 1.616153 -0.229750
-7.370362 0.774171 -0.003754
-16.810994 9.848618 -6.963356
-15.991728 6.709566 -6.624008
-14.257671 4.084913 -5.909928
-11.942142 1.630018 -5.037180
-6.808876 0.774392 -2.821721
-12.866566 9.864687 -12.866593
-12.239527 6.713628 -12.239556
-10.915849 4.086690 -10.915648
-9.217613 1.657024 -9.212898
-5.213079 0.774711 -5.212859
-6.963317 9.785138 -16.811005
-6.623966 6.690278 -15.991743
-5.911400 4.082204 -14.259870
17.699982 13.138408 0.000028
16.352658 13.083110 -6.773463
-2.822743 0.774698 -6.810140
0.000024 9.669635 -18.196092
0.000024 6.657409 -17.309326
0.000022 4.076271 -15.436319
0.000018 1.653670 -13.013368
18.196365 13.192599 0.000026
0.000032 0.774654 -7.371892
