12.428196 16.877014 2.472121
12.885959 16.517465 2.563176
12.885957 16.517465 -2.563176
10.924187 16.517465 -7.299309
10.536115 16.877014 -7.040007
10.394430 16.420198 -6.945335
8.515929 0.000000 -1.693927
9.033382 0.901168 -1.796854
9.033382 0.901168 1.796848
8.515930 -0.000000 1.693921
6.737027 0.599670 1.340075
6.737027 0.599670 -1.340081
5.711375 0.599670 -3.816222
7.219456 0.000000 -4.823889
7.658131 0.901168 -5.117002
7.989001 14.678513 -5.338080
9.423669 14.678513 -1.874485
9.423669 14.678513 1.874484
3.721977 12.968883 -2.486946
4.390371 12.968883 -0.873300
4.390371 12.968883 0.873298
2.486946 12.968883 -3.721977
0.873300 12.968883 -4.390371
-0.873298 12.968883 -4.390371
-2.486944 12.968883 -3.721977
-3.721975 12.968883 -2.486946
-4.390369 12.968883 -0.873300
-4.390369 12.968883 0.873297
-3.721975 12.968883 2.486944
-2.486943 12.968883 3.721975
-0.873298 12.968883 4.390369
0.873300 12.968883 4.390369
2.486946 12.968883 3.721974
3.721977 12.968883 2.486943
7.299310 16.517465 -10.924187
7.040009 16.877014 -10.536115
6.945337 16.420198 -10.394429
3.816219 0.599670 -5.711376
4.823886 0.000000 -7.219458
5.116999 0.901168 -7.658133
5.338081 14.678513 -7.989001
2.563178 16.517465 -12.885957
2.472123 16.877014 -12.428195
2.438879 16.420198 -12.261065
1.340077 0.599670 -6.737027
1.693923 0.000000 -8.515930
1.796851 0.901168 -9.033383
1.874486 14.678513 -9.423669
-2.563175 16.517465 -12.885959
-2.472121 16.877014 -12.428195
-2.438876 16.420198 -12.261066
-1.340079 0.599670 -6.737028
-1.693925 0.000000 -8.515930
-1.796852 0.901168 -9.033382
-1.874483 14.678513 -9.423669
-7.299306 16.517465 -10.924188
-7.040005 16.877014 -10.536116
-6.945334 16.420198 -10.394431
-3.816219 0.599670 -5.711376
-4.823887 0.000000 -7.219456
-5.117000 0.901168 -7.658131
-5.338077 14.678513 -7.989001
-10.924184 16.517465 -7.299310
-10.536113 16.877014 -7.040009
-10.394427 16.420198 -6.945336
-5.711375 0.599670 -3.816219
-7.219456 0.000000 -4.823886
-7.658131 0.901168 -5.116999
-7.988998 14.678513 -5.338080
-12.885956 16.517465 -2.563177
-12.428193 16.877014 -2.472123
-12.261063 16.420198 -2.438878
-6.737025 0.599670 -1.340078
-8.515929 0.000000 -1.693923
-9.033381 0.901168 -1.796850
-9.423666 14.678513 -1.874485
-12.885956 16.517465 2.563174
-12.428193 16.877014 2.472120
-12.261063 16.420198 2.438875
-6.737025 0.599670 1.340077
-8.515928 -0.000000 1.693924
-9.033379 0.901168 1.796851
-9.423666 14.678513 1.874482
-10.924185 16.517465 7.299307
-10.536113 16.877014 7.040005
-10.394427 16.420198 6.945334
-5.711373 0.599670 3.816218
-7.219453 -0.000000 4.823886
-7.658128 0.901168 5.116999
-7.988998 14.678513 5.338078
-7.299306 16.517465 10.924187
-7.040004 16.877014 10.536114
-6.945332 16.420198 10.394429
-3.816215 0.599670 5.711375
-4.823882 -0.000000 7.219456
-5.116995 0.901168 7.658131
-5.338077 14.678513 7.988999
-2.563175 16.517465 12.885957
-2.472120 16.877014 12.428195
-2.438876 16.420198 12.261064
-1.340075 0.599670 6.737025
-1.693920 -0.000000 8.515929
-1.796848 0.901168 9.033380
-1.874482 14.678513 9.423666
2.563177 16.517465 12.885956
2.472122 16.877014 12.428194
2.438878 16.420198 12.261063
1.340080 0.599670 6.737025
1.693927 -0.000000 8.515927
1.796854 0.901168 9.033379
1.874485 14.678513 9.423666
7.299311 16.517465 10.924184
7.040009 16.877014 10.536111
6.945338 16.420198 10.394426
3.816222 0.599670 5.711372
4.823890 -0.000000 7.219453
5.117003 0.901168 7.658127
5.338081 14.678513 7.988997
10.924189 16.517465 7.299306
10.536118 16.877014 7.040005
10.394431 16.420198 6.945334
5.711377 0.599670 3.816216
7.219459 -0.000000 4.823882
7.658133 0.901168 5.116995
7.989001 14.678513 5.338077
13.292857 15.703192 2.644113
13.292856 15.703192 -2.644114
11.269141 15.703192 -7.529799
13.206390 14.862482 2.626914
13.206390 14.862482 -2.626915
11.195837 14.862482 -7.480820
11.400784 13.397841 2.267756
11.400784 13.397841 -2.267757
9.665118 13.397841 -6.458026
8.013362 11.573643 1.593956
8.013361 11.573643 -1.593958
6.793400 11.573644 -4.539205
4.992139 10.389240 0.992997
4.992139 10.389240 -0.992999
4.232131 10.389240 -2.827820
3.583250 9.633130 0.712751
3.583250 9.633130 -0.712754
3.037733 9.633130 -2.029749
3.623940 8.792415 0.720845
3.623940 8.792415 -0.720848
3.072228 8.792415 -2.052798
4.061357 8.136761 0.807853
4.061357 8.136761 -0.807856
3.443053 8.136761 -2.300575
4.590327 7.787787 0.913071
4.590326 7.787787 -0.913074
3.891491 7.787787 -2.600212
5.454988 6.212116 1.085063
5.454987 6.212116 -1.085066
4.624515 6.212116 -3.090004
6.573975 4.520113 1.307643
6.573974 4.520113 -1.307647
5.573146 4.520113 -3.723859
7.896410 3.520770 1.570691
7.896410 3.520770 -1.570696
6.694253 3.520770 -4.472958
8.954349 2.309935 1.781128
8.954348 2.309935 -1.781133
7.591129 2.309935 -5.072233
7.529800 15.703192 -11.269139
7.480820 14.862482 -11.195837
6.458026 13.397841 -9.665118
4.539205 11.573643 -6.793401
2.827820 10.389240 -4.232132
2.029749 9.633130 -3.037733
2.052798 8.792415 -3.072229
2.300574 8.136761 -3.443053
2.600211 7.787787 -3.891492
3.090002 6.212116 -4.624516
3.723857 4.520113 -5.573147
4.472956 3.520770 -6.694254
5.072231 2.309935 -7.591132
2.644115 15.703192 -13.292856
2.626916 14.862482 -13.206390
2.267758 13.397841 -11.400784
1.593958 11.573643 -8.013362
0.992999 10.389240 -4.992140
0.712753 9.633130 -3.583250
0.720847 8.792415 -3.623941
0.807855 8.136761 -4.061358
0.913073 7.787787 -4.590327
1.085065 6.212116 -5.454988
1.307645 4.520113 -6.573975
1.570693 3.520770 -7.896410
1.781130 2.309935 -8.954349
-2.644113 15.703192 -13.292856
-2.626913 14.862482 -13.206390
-2.267756 13.397841 -11.400784
-1.593956 11.573643 -8.013362
-0.992997 10.389240 -4.992140
-0.712752 9.633130 -3.583250
-0.720846 8.792415 -3.623941
-0.807854 8.136761 -4.061358
-0.913072 7.787787 -4.590327
-1.085064 6.212116 -5.454988
-1.307645 4.520113 -6.573975
-1.570694 3.520770 -7.896410
-1.781131 2.309935 -8.954349
-7.529797 15.703192 -11.269141
-7.480818 14.862482 -11.195837
-6.458024 13.397841 -9.665118
-4.539203 11.573643 -6.793401
-2.827818 10.389240 -4.232132
-2.029747 9.633130 -3.037733
-2.052796 8.792415 -3.072229
-2.300573 8.136761 -3.443053
-2.600210 7.787787 -3.891491
-3.090001 6.212116 -4.624516
-3.723856 4.520113 -5.573147
-4.472956 3.520770 -6.694254
-5.072231 2.309935 -7.591130
-11.269138 15.703192 -7.529799
-11.195835 14.862482 -7.480820
-9.665115 13.397841 -6.458026
-6.793398 11.573643 -4.539205
-4.232129 10.389240 -2.827820
-3.037730 9.633130 -2.029749
-3.072226 8.792415 -2.052798
-3.443050 8.136761 -2.300575
-3.891489 7.787787 -2.600211
-4.624514 6.212116 -3.090002
-5.573145 4.520113 -3.723857
-6.694251 3.520770 -4.472956
-7.591129 2.309935 -5.072231
-13.292856 15.703192 -2.644114
-13.206387 14.862482 -2.626915
-11.400781 13.397841 -2.267757
-8.013359 11.573644 -1.593957
-4.992137 10.389240 -0.992999
-3.583248 9.633130 -0.712754
-3.623938 8.792415 -0.720847
-4.061356 8.136761 -0.807855
-4.590324 7.787787 -0.913073
-5.454986 6.212116 -1.085065
-6.573972 4.520113 -1.307644
-7.896408 3.520770 -1.570693
-8.954347 2.309935 -1.781130
-13.292856 15.703192 2.644112
-13.206387 14.862482 2.626912
-11.400781 13.397841 2.267755
-8.013360 11.573643 1.593955
-4.992138 10.389240 0.992997
-3.583248 9.633130 0.712751
-3.623939 8.792415 0.720845
-4.061356 8.136761 0.807853
-4.590324 7.787787 0.913072
-5.454986 6.212116 1.085064
-6.573972 4.520113 1.307644
-7.896408 3.520770 1.570693
-8.954346 2.309935 1.781131
-11.269138 15.703192 7.529797
-11.195835 14.862482 7.480817
-9.665116 13.397841 6.458023
-6.793398 11.573643 4.539203
-4.232130 10.389240 2.827818
-3.037731 9.633130 2.029746
-3.072226 8.792415 2.052796
-3.443051 8.136761 2.300573
-3.891489 7.787787 2.600210
-4.624514 6.212116 3.090001
-5.573144 4.520113 3.723856
-6.694250 3.520770 4.472956
-7.591128 2.309935 5.072230
-7.529795 15.703192 11.269140
-7.480816 14.862482 11.195837
-6.458022 13.397841 9.665117
-4.539202 11.573643 6.793399
-2.827818 10.389240 4.232130
-2.029746 9.633130 3.037731
-2.052795 8.792415 3.072227
-2.300572 8.136761 3.443051
-2.600208 7.787787 3.891490
-3.089999 6.212116 4.624514
-3.723854 4.520113 5.573145
-4.472953 3.520770 6.694252
-5.072227 2.309935 7.591130
-2.644112 15.703192 13.292857
-2.626912 14.862482 13.206390
-2.267754 13.397841 11.400783
-1.593955 11.573643 8.013360
-0.992997 10.389240 4.992137
-0.712751 9.633130 3.583248
-0.720845 8.792415 3.623938
-0.807852 8.136761 4.061356
-0.913071 7.787787 4.590325
-1.085062 6.212116 5.454986
-1.307642 4.520113 6.573972
-1.570690 3.520770 7.896408
-1.781127 2.309935 8.954347
2.644115 15.703192 13.292856
2.626916 14.862482 13.206389
2.267758 13.397841 11.400782
1.593958 11.573643 8.013359
0.992999 10.389240 4.992137
0.712754 9.633130 3.583247
0.720848 8.792415 3.623938
0.807855 8.136761 4.061355
0.913074 7.787787 4.590324
1.085066 6.212116 5.454986
1.307647 4.520113 6.573972
1.570696 3.520770 7.896407
1.781133 2.309935 8.954346
7.529801 15.703192 11.269137
7.480821 14.862482 11.195834
6.458027 13.397841 9.665114
4.539206 11.573643 6.793397
2.827821 10.389240 4.232129
2.029749 9.633130 3.037730
2.052798 8.792415 3.072226
2.300576 8.136761 3.443050
2.600212 7.787787 3.891488
3.090004 6.212116 4.624512
3.723859 4.520113 5.573143
4.472960 3.520770 6.694249
5.072234 2.309935 7.591125
11.269141 15.703192 7.529796
11.195839 14.862482 7.480816
9.665119 13.397841 6.458022
6.793401 11.573643 4.539202
4.232132 10.389240 2.827818
3.037733 9.633130 2.029746
3.072229 8.792415 2.052795
3.443053 8.136761 2.300572
3.891492 7.787787 2.600209
4.624517 6.212116 3.090000
5.573148 4.520113 3.723854
6.694255 3.520770 4.472953
7.591132 2.309935 5.072227
3.506406 1.199341 0.697465
3.506406 1.199341 -0.697469
2.972587 1.199341 -1.986221
1.986219 1.199341 -2.972588
0.697467 1.199341 -3.506406
-0.697467 1.199341 -3.506406
-1.986218 1.199341 -2.972587
-2.972586 1.199341 -1.986220
-3.506404 1.199341 -0.697468
-3.506403 1.199341 0.697466
-2.972585 1.199341 1.986218
-1.986217 1.199341 2.972586
-0.697465 1.199341 3.506404
0.697469 1.199341 3.506404
1.986221 1.199341 2.972585
2.972588 1.199341 1.986216
12.674063 16.877014 -0.000000
12.302489 16.744304 -2.447118
12.600314 16.898849 -2.506358
11.709307 16.877014 -4.850154
8.684401 0.000000 -0.000003
8.814420 0.031541 -1.753300
7.920462 0.149918 -1.575481
8.023340 0.000000 -3.323379
12.503627 16.420198 -0.000000
11.551845 16.420198 -4.784931
12.162422 15.968820 -2.419256
9.610098 14.678513 -0.000000
8.878573 14.678513 -3.677626
6.608057 13.389325 -1.314425
3.906715 12.871945 -0.000001
3.609335 12.871945 -1.495036
10.429548 16.744304 -6.968800
10.682030 16.898849 -7.137504
8.961917 16.877014 -8.961916
7.472503 0.031541 -4.992971
6.714642 0.149918 -4.486584
6.140798 0.000000 -6.140801
8.841400 16.420198 -8.841399
10.310805 15.968820 -6.889459
6.795366 14.678513 -6.795365
5.602041 13.389325 -3.743164
2.762466 12.871945 -2.762466
6.968802 16.744304 -10.429547
7.137505 16.898849 -10.682030
4.850156 16.877014 -11.709307
4.992967 0.031541 -7.472505
4.486581 0.149918 -6.714645
3.323375 0.000000 -8.023341
4.784933 16.420198 -11.551845
6.889461 15.968820 -10.310803
3.677626 14.678513 -8.878573
3.743164 13.389325 -5.602041
1.495036 12.871945 -3.609335
2.447119 16.744304 -12.302489
2.506360 16.898849 -12.600314
0.000001 16.877014 -12.674063
1.753296 0.031541 -8.814420
1.575477 0.149918 -7.920463
-0.000001 0.000000 -8.684402
0.000001 16.420198 -12.503627
2.419258 15.968820 -12.162422
0.000001 14.678513 -9.610098
1.314426 13.389325 -6.608058
0.000001 12.871945 -3.906717
-2.447116 16.744304 -12.302490
-2.506357 16.898849 -12.600314
-4.850153 16.877014 -11.709308
-1.753298 0.031541 -8.814420
-1.575479 0.149918 -7.920463
-3.323377 0.000000 -8.023341
-4.784930 16.420198 -11.551846
-2.419255 15.968820 -12.162423
-3.677624 14.678513 -8.878573
-1.314423 13.389325 -6.608058
-1.495034 12.871945 -3.609335
-6.968799 16.744304 -10.429548
-7.137502 16.898849 -10.682031
-8.961913 16.877014 -8.961917
-4.992968 0.031541 -7.472504
-4.486582 0.149918 -6.714644
-6.140798 0.000000 -6.140799
-8.841396 16.420198 -8.841401
-6.889456 15.968820 -10.310805
-6.795363 14.678513 -6.795366
-3.743162 13.389325 -5.602041
-2.762463 12.871945 -2.762466
-10.429545 16.744304 -6.968802
-10.682027 16.898849 -7.137505
-11.709305 16.877014 -4.850155
-7.472503 0.031541 -4.992967
-6.714642 0.149918 -4.486581
-8.023340 0.000000 -3.323375
-11.551842 16.420198 -4.784931
-10.310802 15.968820 -6.889460
-8.878571 14.678513 -3.677626
-5.602039 13.389325 -3.743165
-3.609333 12.871945 -1.495036
-12.302487 16.744304 -2.447118
-12.600311 16.898849 -2.506359
-12.674060 16.877014 -0.000002
-8.814418 0.031541 -1.753296
-7.920461 0.149918 -1.575477
-8.684399 -0.000000 0.000001
-12.503625 16.420198 -0.000001
-12.162421 15.968820 -2.419257
-9.610096 14.678513 -0.000001
-6.608056 13.389325 -1.314426
-3.906714 12.871945 -0.000001
-12.302487 16.744304 2.447115
-12.600311 16.898849 2.506356
-11.709305 16.877014 4.850151
-8.814417 0.031541 1.753297
-7.920460 0.149918 1.575478
-8.023338 -0.000000 3.323376
-11.551843 16.420198 4.784929
-12.162421 15.968820 2.419254
-8.878571 14.678513 3.677623
-6.608056 13.389325 1.314423
-3.609333 12.871945 1.495034
-10.429546 16.744304 6.968799
-10.682027 16.898849 7.137502
-8.961914 16.877014 8.961915
-7.472501 0.031541 4.992968
-6.714641 0.149918 4.486581
-6.140795 -0.000000 6.140799
-8.841397 16.420198 8.841399
-10.310802 15.968820 6.889457
-6.795363 14.678513 6.795364
-5.602040 13.389325 3.743163
-2.762464 12.871945 2.762464
-6.968797 16.744304 10.429547
-7.137502 16.898849 10.682029
-4.850151 16.877014 11.709307
-4.992963 0.031541 7.472504
-4.486577 0.149918 6.714643
-3.323372 -0.000000 8.023340
-4.784928 16.420198 11.551845
-6.889456 15.968820 10.310803
-3.677622 14.678513 8.878571
-3.743162 13.389325 5.602040
-1.495033 12.871945 3.609333
-2.447116 16.744304 12.302489
-2.506357 16.898849 12.600313
0.000000 16.877014 12.674063
-1.753293 0.031541 8.814418
-1.575475 0.149918 7.920461
0.000003 -0.000000 8.684399
0.000000 16.420198 12.503625
-2.419254 15.968820 12.162421
0.000001 14.678513 9.610096
-1.314423 13.389325 6.608056
0.000001 12.871945 3.906713
2.447118 16.744304 12.302488
2.506359 16.898849 12.600313
4.850156 16.877014 11.709306
1.753300 0.031541 8.814417
1.575480 0.149918 7.920461
3.323380 -0.000000 8.023338
4.784933 16.420198 11.551842
2.419257 15.968820 12.162421
3.677627 14.678513 8.878571
1.314425 13.389325 6.608056
1.495036 12.871945 3.609333
6.968803 16.744304 10.429544
7.137506 16.898849 10.682026
8.961919 16.877014 8.961913
4.992971 0.031541 7.472501
4.486584 0.149918 6.714639
6.140802 -0.000000 6.140794
8.841402 16.420198 8.841396
6.889462 15.968820 10.310801
6.795367 14.678513 6.795362
3.743165 13.389325 5.602038
2.762466 12.871945 2.762463
10.429549 16.744304 6.968799
10.682032 16.898849 7.137502
11.709309 16.877014 4.850153
7.472507 0.031541 4.992963
6.714645 0.149918 4.486577
8.023341 -0.000000 3.323373
11.551846 16.420198 4.784930
10.310805 15.968820 6.889456
8.878573 14.678513 3.677624
5.602041 13.389325 3.743162
3.609335 12.871945 1.495034
12.302490 16.744304 2.447117
12.600314 16.898849 2.506358
8.814420 0.031541 1.753294
7.920463 0.149918 1.575475
12.162422 15.968820 2.419256
6.608057 13.389325 1.314424
13.140881 16.517465 -0.000000
13.169821 16.120164 -2.619640
12.140591 16.517465 -5.028798
13.555830 15.703192 -0.000000
13.398624 15.285295 -2.665152
12.523954 15.703192 -5.187592
13.467653 14.862482 -0.000000
12.953986 14.417830 -2.576708
12.442489 14.862482 -5.153848
11.626326 13.397841 -0.000001
9.792217 12.365266 -1.947794
10.741325 13.397841 -4.449203
8.171890 11.573643 -0.000001
6.247321 10.804414 -1.242670
7.549842 11.573644 -3.127248
5.090899 10.389240 -0.000001
3.793388 9.989057 -0.754553
4.703377 10.389240 -1.948203
3.654137 9.633130 -0.000001
3.423847 9.274242 -0.681047
3.375983 9.633130 -1.398379
3.695633 8.792415 -0.000001
3.837918 8.317065 -0.763411
3.414320 8.792415 -1.414258
4.141703 8.136761 -0.000002
4.288000 7.967191 -0.852938
3.826435 8.136761 -1.584963
4.681137 7.787787 -0.000002
4.904401 7.565447 -0.975548
4.324807 7.787787 -1.791395
5.562904 6.212116 -0.000002
6.014475 4.854712 -1.196355
5.139453 6.212116 -2.128833
6.704028 4.520113 -0.000002
7.140593 4.209755 -1.420354
6.193714 4.520113 -2.565522
8.052625 3.520770 -0.000002
8.642968 2.824381 -1.719196
7.439655 3.520770 -3.081608
9.131493 2.309935 -0.000002
9.231466 1.788561 -1.836255
8.436398 2.309935 -3.494473
9.212090 0.901168 -0.000003
8.510860 0.901168 -3.525317
11.164835 16.120164 -7.460104
9.292007 16.517465 -9.292006
11.358805 15.285295 -7.589711
9.585421 15.703192 -9.585420
10.981858 14.417830 -7.337843
9.523069 14.862482 -9.523070
8.301441 12.365266 -5.546846
8.221055 13.397841 -8.221055
5.296223 10.804414 -3.538824
5.778400 11.573643 -5.778400
3.215879 9.989057 -2.148782
3.599810 10.389240 -3.599810
2.902597 9.274242 -1.939454
2.583866 9.633130 -2.583866
3.253630 8.317065 -2.174007
2.613207 8.792415 -2.613208
3.635191 7.967191 -2.428958
2.928627 8.136761 -2.928627
4.157750 7.565447 -2.778121
3.310064 7.787787 -3.310065
5.098826 4.854713 -3.406928
3.933567 6.212116 -3.933569
6.053503 4.209755 -4.044823
4.740463 4.520113 -4.740465
7.327154 2.824381 -4.895850
5.694065 3.520770 -5.694067
7.826058 1.788561 -5.229208
6.456940 2.309935 -6.456942
6.513930 0.901168 -6.513933
7.460105 16.120164 -11.164834
5.028799 16.517465 -12.140591
7.589712 15.285295 -11.358805
5.187593 15.703192 -12.523953
7.337843 14.417830 -10.981858
5.153849 14.862482 -12.442489
5.546846 12.365266 -8.301441
4.449203 13.397841 -10.741325
3.538824 10.804414 -5.296224
3.127248 11.573643 -7.549843
2.148782 9.989056 -3.215879
1.948204 10.389240 -4.703378
1.939454 9.274242 -2.902598
1.398379 9.633130 -3.375983
2.174006 8.317065 -3.253631
1.414258 8.792415 -3.414320
2.428957 7.967191 -3.635192
1.584962 8.136761 -3.826436
2.778121 7.565447 -4.157751
1.791394 7.787787 -4.324807
3.406927 4.854713 -5.098827
2.128831 6.212116 -5.139454
4.044821 4.209755 -6.053504
2.565520 4.520113 -6.193715
4.895848 2.824381 -7.327155
3.081606 3.520770 -7.439656
5.229205 1.788561 -7.826060
3.494471 2.309935 -8.436400
3.525314 0.901168 -8.510863
2.619642 16.120164 -13.169820
0.000001 16.517465 -13.140881
2.665154 15.285295 -13.398624
0.000001 15.703192 -13.555829
2.576709 14.417830 -12.953986
0.000001 14.862482 -13.467653
1.947795 12.365266 -9.792218
0.000001 13.397841 -11.626327
1.242671 10.804414 -6.247323
0.000001 11.573643 -8.171891
0.754553 9.989056 -3.793388
0.000001 10.389240 -5.090900
0.681046 9.274242 -3.423848
0.000001 9.633130 -3.654138
0.763410 8.317065 -3.837918
0.000001 8.792415 -3.695633
0.852937 7.967191 -4.288000
0.000001 8.136761 -4.141704
0.975547 7.565447 -4.904402
0.000001 7.787787 -4.681138
1.196354 4.854713 -6.014476
0.000000 6.212116 -5.562905
1.420352 4.209755 -7.140594
-0.000000 4.520113 -6.704028
1.719193 2.824381 -8.642970
-0.000000 3.520770 -8.052626
1.836252 1.788561 -9.231467
-0.000000 2.309935 -9.131493
-0.000001 0.901168 -9.212091
-2.619639 16.120164 -13.169821
-5.028796 16.517465 -12.140592
-2.665151 15.285295 -13.398624
-5.187591 15.703192 -12.523954
-2.576707 14.417830 -12.953986
-5.153847 14.862482 -12.442489
-1.947792 12.365266 -9.792218
-4.449201 13.397841 -10.741325
-1.242669 10.804414 -6.247323
-3.127246 11.573643 -7.549843
-0.754551 9.989056 -3.793388
-1.948202 10.389240 -4.703378
-0.681045 9.274242 -3.423848
-1.398377 9.633130 -3.375983
-0.763409 8.317065 -3.837918
-1.414257 8.792415 -3.414320
-0.852936 7.967191 -4.288000
-1.584961 8.136761 -3.826435
-0.975546 7.565447 -4.904402
-1.791393 7.787787 -4.324807
-1.196354 4.854713 -6.014476
-2.128831 6.212116 -5.139454
-1.420352 4.209755 -7.140594
-2.565520 4.520113 -6.193714
-1.719194 2.824381 -8.642970
-3.081606 3.520770 -7.439656
-1.836254 1.788561 -9.231467
-3.494471 2.309935 -8.436400
-3.525315 0.901168 -8.510861
-7.460101 16.120164 -11.164835
-9.292004 16.517465 -9.292007
-7.589710 15.285295 -11.358805
-9.585417 15.703192 -9.585420
-7.337841 14.417830 -10.981859
-9.523067 14.862482 -9.523071
-5.546844 12.365266 -8.301442
-8.221052 13.397841 -8.221056
-3.538822 10.804414 -5.296224
-5.778397 11.573643 -5.778400
-2.148780 9.989056 -3.215880
-3.599807 10.389240 -3.599810
-1.939452 9.274242 -2.902598
-2.583863 9.633130 -2.583866
-2.174005 8.317065 -3.253631
-2.613205 8.792415 -2.613208
-2.428956 7.967191 -3.635192
-2.928625 8.136761 -2.928627
-2.778119 7.565447 -4.157751
-3.310062 7.787787 -3.310065
-3.406926 4.854713 -5.098827
-3.933566 6.212116 -3.933568
-4.044820 4.209755 -6.053503
-4.740462 4.520113 -4.740464
-4.895848 2.824381 -7.327155
-5.694064 3.520770 -5.694066
-5.229205 1.788561 -7.826060
-6.456940 2.309935 -6.456940
-6.513931 0.901168 -6.513931
-11.164832 16.120164 -7.460104
-12.140589 16.517465 -5.028798
-11.358804 15.285295 -7.589712
-12.523952 15.703192 -5.187592
-10.981856 14.417830 -7.337844
-12.442487 14.862482 -5.153848
-8.301439 12.365266 -5.546846
-10.741322 13.397841 -4.449202
-5.296222 10.804414 -3.538824
-7.549840 11.573644 -3.127247
-3.215876 9.989057 -2.148782
-4.703375 10.389240 -1.948203
-2.902595 9.274242 -1.939454
-3.375981 9.633130 -1.398379
-3.253628 8.317065 -2.174007
-3.414317 8.792415 -1.414258
-3.635189 7.967191 -2.428957
-3.826433 8.136761 -1.584962
-4.157749 7.565447 -2.778121
-4.324805 7.787787 -1.791394
-5.098824 4.854713 -3.406927
-5.139452 6.212116 -2.128831
-6.053500 4.209755 -4.044821
-6.193712 4.520113 -2.565520
-7.327153 2.824381 -4.895848
-7.439654 3.520770 -3.081606
-7.826058 1.788561 -5.229205
-8.436398 2.309935 -3.494470
-8.510860 0.901168 -3.525313
-13.169818 16.120164 -2.619641
-13.140878 16.517465 -0.000002
-13.398624 15.285295 -2.665153
-13.555829 15.703192 -0.000001
-12.953983 14.417830 -2.576708
-13.467651 14.862482 -0.000001
-9.792216 12.365266 -1.947794
-11.626324 13.397841 -0.000001
-6.247319 10.804414 -1.242670
-8.171889 11.573643 -0.000001
-3.793386 9.989057 -0.754553
-5.090897 10.389240 -0.000001
-3.423845 9.274242 -0.681046
-3.654136 9.633130 -0.000001
-3.837917 8.317065 -0.763410
-3.695631 8.792415 -0.000001
-4.287998 7.967191 -0.852937
-4.141702 8.136761 -0.000001
-4.904399 7.565447 -0.975546
-4.681135 7.787787 -0.000001
-6.014473 4.854712 -1.196353
-5.562902 6.212116 -0.000000
-7.140591 4.209755 -1.420352
-6.704025 4.520113 -0.000000
-8.642966 2.824381 -1.719193
-8.052623 3.520770 0.000000
-9.231465 1.788561 -1.836252
-9.131491 2.309935 0.000001
-9.212088 0.901168 0.000001
-13.169818 16.120164 2.619638
-12.140589 16.517465 5.028795
-13.398624 15.285295 2.665150
-12.523952 15.703192 5.187589
-12.953983 14.417830 2.576706
-12.442487 14.862482 5.153845
-9.792216 12.365265 1.947792
-10.741323 13.397841 4.449200
-6.247320 10.804414 1.242668
-7.549841 11.573643 3.127245
-3.793387 9.989056 0.754550
-4.703376 10.389240 1.948201
-3.423845 9.274242 0.681044
-3.375981 9.633130 1.398376
-3.837917 8.317065 0.763408
-3.414318 8.792415 1.414256
-4.287999 7.967191 0.852935
-3.826433 8.136761 1.584960
-4.904399 7.565447 0.975545
-4.324805 7.787787 1.791392
-6.014473 4.854712 1.196353
-5.139451 6.212116 2.128830
-7.140591 4.209755 1.420352
-6.193712 4.520113 2.565520
-8.642966 2.824381 1.719193
-7.439653 3.520770 3.081605
-9.231464 1.788561 1.836253
-8.436398 2.309935 3.494471
-8.510858 0.901168 3.525314
-11.164832 16.120164 7.460102
-9.292004 16.517465 9.292006
-11.358804 15.285295 7.589709
-9.585417 15.703192 9.585419
-10.981856 14.417830 7.337841
-9.523067 14.862482 9.523068
-8.301440 12.365265 5.546844
-8.221051 13.397841 8.221053
-5.296222 10.804414 3.538823
-5.778397 11.573643 5.778398
-3.215878 9.989056 2.148780
-3.599808 10.389240 3.599808
-2.902595 9.274242 1.939452
-2.583864 9.633130 2.583864
-3.253628 8.317065 2.174005
-2.613205 8.792415 2.613206
-3.635189 7.967191 2.428956
-2.928625 8.136761 2.928625
-4.157749 7.565447 2.778119
-3.310062 7.787787 3.310063
-5.098824 4.854712 3.406925
-3.933565 6.212116 3.933566
-6.053500 4.209755 4.044820
-4.740461 4.520113 4.740462
-7.327152 2.824381 4.895848
-5.694063 3.520770 5.694065
-7.826057 1.788561 5.229205
-6.456937 2.309935 6.456940
-6.513927 0.901168 6.513931
-7.460101 16.120164 11.164834
-5.028794 16.517465 12.140590
-7.589708 15.285295 11.358805
-5.187588 15.703192 12.523955
-7.337840 14.417830 10.981857
-5.153844 14.862482 12.442490
-5.546842 12.365266 8.301440
-4.449198 13.397841 10.741324
-3.538821 10.804414 5.296223
-3.127244 11.573643 7.549841
-2.148780 9.989056 3.215877
-1.948201 10.389240 4.703376
-1.939451 9.274242 2.902596
-1.398376 9.633130 3.375981
-2.174004 8.317065 3.253629
-1.414255 8.792415 3.414318
-2.428954 7.967191 3.635190
-1.584959 8.136761 3.826434
-2.778118 7.565447 4.157750
-1.791391 7.787787 4.324805
-3.406923 4.854712 5.098825
-2.128828 6.212116 5.139452
-4.044818 4.209755 6.053502
-2.565516 4.520113 6.193713
-4.895844 2.824381 7.327155
-3.081602 3.520770 7.439655
-5.229202 1.788561 7.826058
-3.494466 2.309935 8.436398
-3.525309 0.901168 8.510860
-2.619638 16.120164 13.169821
0.000000 16.517465 13.140881
-2.665150 15.285295 13.398624
0.000001 15.703192 13.555829
-2.576705 14.417830 12.953986
0.000001 14.862482 13.467653
-1.947791 12.365266 9.792216
0.000001 13.397841 11.626324
-1.242668 10.804414 6.247320
0.000001 11.573643 8.171889
-0.754550 9.989056 3.793386
0.000001 10.389240 5.090897
-0.681044 9.274242 3.423845
0.000001 9.633130 3.654135
-0.763408 8.317065 3.837917
0.000001 8.792415 3.695631
-0.852934 7.967191 4.287999
0.000001 8.136761 4.141702
-0.975544 7.565447 4.904399
0.000001 7.787787 4.681135
-1.196351 4.854712 6.014474
0.000002 6.212116 5.562902
-1.420349 4.209755 7.140591
0.000002 4.520113 6.704025
-1.719190 2.824381 8.642967
0.000002 3.520770 8.052623
-1.836249 1.788561 9.231464
0.000003 2.309935 9.131491
0.000003 0.901168 9.212088
2.619641 16.120164 13.169820
5.028799 16.517465 12.140588
2.665153 15.285295 13.398624
5.187594 15.703192 12.523952
2.576709 14.417830 12.953984
5.153850 14.862482 12.442487
1.947794 12.365266 9.792216
4.449204 13.397841 10.741322
1.242671 10.804414 6.247319
3.127249 11.573643 7.549840
0.754553 9.989056 3.793386
1.948204 10.389240 4.703375
0.681047 9.274242 3.423845
1.398379 9.633130 3.375980
0.763411 8.317065 3.837917
1.414259 8.792415 3.414317
0.852937 7.967191 4.287998
1.584963 8.136761 3.826433
0.975548 7.565447 4.904399
1.791395 7.787787 4.324805
1.196355 4.854712 6.014473
2.128833 6.212116 5.139451
1.420355 4.209755 7.140591
2.565523 4.520113 6.193711
1.719196 2.824381 8.642966
3.081609 3.520770 7.439653
1.836256 1.788561 9.231464
3.494474 2.309935 8.436396
3.525317 0.901168 8.510858
7.460106 16.120164 11.164831
9.292008 16.517465 9.292003
7.589713 15.285295 11.358802
9.585422 15.703192 9.585416
7.337845 14.417830 10.981854
9.523071 14.862482 9.523064
5.546848 12.365266 8.301439
8.221056 13.397841 8.221050
3.538825 10.804414 5.296221
5.778400 11.573643 5.778396
2.148783 9.989056 3.215876
3.599810 10.389240 3.599807
1.939455 9.274242 2.902595
2.583867 9.633130 2.583863
2.174008 8.317065 3.253628
2.613208 8.792415 2.613204
2.428959 7.967191 3.635188
2.928628 8.136761 2.928624
2.778122 7.565447 4.157748
3.310065 7.787787 3.310061
3.406929 4.854712 5.098822
3.933569 6.212116 3.933564
4.044824 4.209755 6.053499
4.740466 4.520113 4.740460
4.895852 2.824381 7.327150
5.694069 3.520770 5.694061
5.229209 1.788561 7.826054
6.456943 2.309935 6.456936
6.513934 0.901168 6.513926
11.164836 16.120164 7.460101
12.140592 16.517465 5.028797
11.358807 15.285295 7.589709
12.523955 15.703192 5.187591
10.981860 14.417830 7.337840
12.442490 14.862482 5.153846
8.301442 12.365265 5.546843
10.741325 13.397841 4.449200
5.296225 10.804414 3.538821
7.549843 11.573643 3.127245
3.215879 9.989056 2.148779
4.703378 10.389240 1.948201
2.902598 9.274242 1.939451
3.375983 9.633130 1.398376
3.253631 8.317065 2.174004
3.414320 8.792415 1.414256
3.635192 7.967191 2.428955
3.826435 8.136761 1.584959
4.157751 7.565447 2.778118
4.324807 7.787787 1.791392
5.098827 4.854712 3.406923
5.139454 6.212116 2.128829
6.053505 4.209755 4.044818
6.193715 4.520113 2.565518
7.327157 2.824381 4.895844
7.439657 3.520770 3.081604
7.826060 1.788561 5.229202
8.436400 2.309935 3.494468
8.510862 0.901168 3.525311
13.169821 16.120164 2.619640
13.398624 15.285295 2.665152
12.953986 14.417830 2.576707
9.792218 12.365265 1.947792
6.247322 10.804414 1.242668
3.793388 9.989056 0.754550
3.423847 9.274242 0.681044
3.837918 8.317065 0.763408
4.288000 7.967191 0.852935
4.904401 7.565447 0.975544
6.014476 4.854712 1.196351
7.140594 4.209755 1.420350
8.642970 2.824381 1.719191
9.231467 1.788561 1.836250
6.870306 0.599670 -0.000003
5.190662 1.049423 -1.032489
6.347335 0.599670 -2.629155
4.400431 1.049423 -2.940276
4.858039 0.599670 -4.858041
2.940273 1.049423 -4.400431
2.629152 0.599670 -6.347335
1.032486 1.049423 -5.190662
-0.000001 0.599670 -6.870306
-1.032487 1.049423 -5.190662
-2.629153 0.599670 -6.347336
-2.940273 1.049423 -4.400431
-4.858039 0.599670 -4.858041
-4.400430 1.049423 -2.940274
-6.347334 0.599670 -2.629152
-5.190660 1.049423 -1.032487
-6.870304 0.599670 0.000000
-5.190659 1.049423 1.032486
-6.347333 0.599670 2.629151
-4.400428 1.049423 2.940273
-4.858036 0.599670 4.858039
-2.940271 1.049423 4.400430
-2.629148 0.599670 6.347334
-1.032484 1.049423 5.190660
0.000002 0.599670 6.870304
1.032489 1.049423 5.190660
2.629155 0.599670 6.347333
2.940276 1.049423 4.400428
4.858043 0.599670 4.858036
4.400433 1.049423 2.940271
6.347336 0.599670 2.629149
5.190662 1.049423 1.032484
3.120131 1.199341 -0.000002
2.882625 1.199341 -1.194024
2.206265 1.199341 -2.206266
1.194022 1.199341 -2.882625
0.000000 1.199341 -3.120131
-1.194022 1.199341 -2.882625
-2.206264 1.199341 -2.206266
-2.882623 1.199341 -1.194023
-3.120128 1.199341 -0.000001
-2.882623 1.199341 1.194021
-2.206263 1.199341 2.206264
-1.194020 1.199341 2.882623
0.000001 1.199341 3.120129
1.194024 1.199341 2.882623
2.206267 1.199341 2.206263
2.882625 1.199341 1.194020
12.545872 16.744302 -0.000000
-3.090994 0.149918 -7.462317
-4.801093 16.744302 11.590872
11.590874 16.744302 -4.801097
-3.090988 0.149918 7.462316
8.077153 0.149918 -0.000003
7.462316 0.149918 -3.090996
-11.590871 16.744302 4.801094
-7.462315 0.149918 3.090992
-8.871268 16.744302 -8.871272
-5.711410 0.149918 -5.711410
11.590875 16.744302 4.801096
0.000001 12.314559 -0.000001
7.462318 0.149918 3.090989
8.871272 16.744302 -8.871271
5.711409 0.149918 -5.711412
4.801098 16.744302 11.590870
3.090996 0.149918 7.462315
-11.590871 16.744302 -4.801097
-7.462316 0.149918 -3.090992
4.801098 16.744302 -11.590874
3.090992 0.149918 -7.462318
-8.871268 16.744302 8.871269
-5.711406 0.149918 5.711410
0.000000 16.744302 12.545870
0.000002 0.149918 8.077151
0.000001 16.744302 -12.545872
-0.000001 0.149918 -8.077154
-12.545869 16.744302 -0.000002
-8.077151 0.149918 0.000000
8.871272 16.744302 8.871266
5.711413 0.149918 5.711406
-4.801096 16.744302 -11.590875
0.000001 1.199341 -0.000001
5.179439 1.049423 -0.000002
4.785178 1.049423 -1.982088
3.662416 1.049423 -3.662418
1.982085 1.049423 -4.785177
-0.000000 1.049423 -5.179439
-1.982086 1.049423 -4.785178
-3.662415 1.049423 -3.662416
-4.785176 1.049423 -1.982085
-5.179436 1.049423 -0.000000
-4.785175 1.049423 1.982084
-3.662414 1.049423 3.662415
-1.982082 1.049423 4.785176
0.000002 1.049423 5.179436
1.982087 1.049423 4.785175
3.662418 1.049423 3.662413
4.785178 1.049423 1.982082
-0.000001 0.031541 -8.988797
0.000002 15.968822 -12.403032
0.000001 13.385933 -6.718819
-4.917323 16.898849 -11.871471
-3.439865 0.031541 -8.304566
-4.746434 15.968822 -11.458909
-2.571179 13.385933 -6.207379
-9.086028 16.898849 -9.086031
-6.356038 0.031541 -6.356039
-8.770265 15.968822 -8.770270
-4.750919 13.385933 -4.750923
-11.871468 16.898849 -4.917325
-8.304565 0.031541 -3.439862
-11.458906 15.968822 -4.746436
-6.207376 13.385933 -2.571181
-12.849585 16.898849 -0.000002
-8.988795 0.031541 0.000001
-12.403030 15.968822 -0.000001
-6.718816 13.385933 -0.000001
-11.871468 16.898849 4.917321
-8.304562 0.031541 3.439863
-11.458906 15.968822 4.746433
-6.207376 13.385933 2.571178
-9.086028 16.898849 9.086029
-6.356035 0.031541 6.356039
-8.770267 15.968822 8.770267
-4.750920 13.385933 4.750920
-4.917321 16.898849 11.871470
-3.439859 0.031541 8.304565
-4.746432 15.968822 11.458907
-2.571178 13.385933 6.207377
0.000000 16.898849 12.849586
0.000003 0.031541 8.988795
0.000001 15.968822 12.403031
0.000001 13.385933 6.718816
4.917326 16.898849 11.871468
3.439867 0.031541 8.304562
4.746437 15.968822 11.458906
2.571181 13.385933 6.207376
9.086033 16.898849 9.086027
6.356042 0.031541 6.356034
8.770271 15.968822 8.770264
4.750923 13.385933 4.750919
11.871471 16.898849 4.917323
8.304565 0.031541 3.439860
11.458909 15.968822 4.746434
6.207378 13.385933 2.571179
13.430360 16.120164 -0.000000
12.408035 16.120164 -5.139577
13.663690 15.285294 -0.000000
12.623604 15.285294 -5.228868
13.210255 14.417831 -0.000001
12.204684 14.417831 -5.055347
9.985938 12.365267 -0.000001
9.225804 12.365267 -3.821454
6.370913 10.804414 -0.000001
5.885956 10.804414 -2.438044
3.868433 9.989056 -0.000001
3.573965 9.989056 -1.480386
3.491581 9.274242 -0.000001
3.225801 9.274242 -1.336171
3.913845 8.317065 -0.000001
3.615921 8.317065 -1.497765
4.372830 7.967193 -0.000002
4.039968 7.967192 -1.673411
5.001426 7.565448 -0.000002
4.620715 7.565448 -1.913964
6.133460 4.854713 -0.000002
5.666578 4.854713 -2.347175
7.281857 4.209756 -0.000002
6.727558 4.209756 -2.786648
8.813953 2.824381 -0.000002
8.143031 2.824381 -3.372956
9.414094 1.788561 -0.000003
8.697488 1.788561 -3.602620
9.496700 16.120164 -9.496699
9.661690 15.285294 -9.661688
9.341062 14.417831 -9.341061
7.061125 12.365267 -7.061125
4.504916 10.804414 -4.504917
2.735396 9.989056 -2.735395
2.468921 9.274242 -2.468922
2.767506 8.317065 -2.767507
3.092058 7.967192 -3.092059
3.536542 7.565448 -3.536543
4.337011 4.854713 -4.337012
5.149050 4.209756 -5.149052
6.232405 2.824381 -6.232407
6.656768 1.788561 -6.656771
5.139578 16.120164 -12.408035
5.228870 15.285294 -12.623604
5.055347 14.417831 -12.204684
3.821454 12.365267 -9.225804
2.438044 10.804414 -5.885957
1.480386 9.989056 -3.573966
1.336171 9.274242 -3.225801
1.497764 8.317065 -3.615921
1.673410 7.967193 -4.039969
1.913963 7.565448 -4.620716
2.347174 4.854713 -5.666579
2.786646 4.209756 -6.727560
3.372953 2.824381 -8.143031
3.602617 1.788561 -8.697490
0.000001 16.120164 -13.430360
0.000001 15.285294 -13.663690
0.000001 14.417831 -13.210255
0.000001 12.365267 -9.985938
0.000001 10.804414 -6.370914
0.000001 9.989056 -3.868433
0.000001 9.274242 -3.491582
0.000001 8.317065 -3.913845
0.000001 7.967193 -4.372831
0.000001 7.565448 -5.001427
0.000000 4.854713 -6.133461
-0.000000 4.209756 -7.281857
-0.000000 2.824381 -8.813953
-0.000001 1.788561 -9.414094
-5.139576 16.120164 -12.408036
-5.228868 15.285294 -12.623604
-5.055345 14.417831 -12.204684
-3.821452 12.365267 -9.225804
-2.438042 10.804414 -5.885957
-1.480384 9.989056 -3.573967
-1.336170 9.274242 -3.225801
-1.497763 8.317065 -3.615921
-1.673409 7.967192 -4.039969
-1.913962 7.565448 -4.620715
-2.347174 4.854713 -5.666579
-2.786646 4.209756 -6.727559
-3.372954 2.824381 -8.143031
-3.602618 1.788561 -8.697489
-9.496696 16.120164 -9.496700
-9.661687 15.285294 -9.661690
-9.341059 14.417831 -9.341063
-7.061123 12.365267 -7.061126
-4.504914 10.804414 -4.504917
-2.735393 9.989056 -2.735396
-2.468919 9.274242 -2.468921
-2.767504 8.317065 -2.767506
-3.092056 7.967192 -3.092059
-3.536541 7.565448 -3.536543
-4.337009 4.854713 -4.337012
-5.149049 4.209756 -5.149051
-6.232405 2.824381 -6.232406
-6.656768 1.788561 -6.656770
-12.408034 16.120164 -5.139577
-12.623604 15.285294 -5.228869
-12.204682 14.417831 -5.055346
-9.225802 12.365267 -3.821453
-5.885954 10.804414 -2.438043
-3.573964 9.989056 -1.480386
-3.225798 9.274242 -1.336171
-3.615919 8.317065 -1.497764
-4.039966 7.967193 -1.673410
-4.620713 7.565448 -1.913963
-5.666577 4.854713 -2.347173
-6.727557 4.209756 -2.786645
-8.143029 2.824381 -3.372953
-8.697487 1.788561 -3.602617
-13.430359 16.120164 -0.000001
-13.663690 15.285294 -0.000001
-13.210252 14.417831 -0.000001
-9.985938 12.365267 -0.000001
-6.370911 10.804414 -0.000001
-3.868431 9.989056 -0.000001
-3.491580 9.274242 -0.000001
-3.913843 8.317065 -0.000001
-4.372829 7.967193 -0.000001
-5.001424 7.565448 -0.000001
-6.133458 4.854713 -0.000000
-7.281854 4.209756 0.000000
-8.813952 2.824381 0.000000
-9.414091 1.788561 0.000001
-12.408034 16.120164 5.139574
-12.623604 15.285294 5.228866
-12.204682 14.417831 5.055343
-9.225803 12.365266 3.821451
-5.885955 10.804414 2.438041
-3.573965 9.989056 1.480383
-3.225799 9.274242 1.336169
-3.615919 8.317065 1.497762
-4.039967 7.967193 1.673408
-4.620713 7.565448 1.913961
-5.666576 4.854713 2.347173
-6.727557 4.209756 2.786645
-8.143029 2.824381 3.372953
-8.697485 1.788561 3.602617
-9.496697 16.120164 9.496698
-9.661687 15.285294 9.661688
-9.341058 14.417831 9.341060
-7.061122 12.365267 7.061124
-4.504914 10.804414 4.504915
-2.735394 9.989056 2.735394
-2.468919 9.274242 2.468919
-2.767504 8.317065 2.767505
-3.092056 7.967193 3.092057
-3.536540 7.565448 3.536541
-4.337009 4.854713 4.337011
-5.149048 4.209756 5.149050
-6.232403 2.824381 6.232406
-6.656766 1.788561 6.656769
-5.139573 16.120164 12.408035
-5.228865 15.285294 12.623606
12.849586 16.898849 -0.000000
-3.821450 12.365267 9.225803
-2.438041 10.804414 5.885955
-1.480383 9.989056 3.573964
-1.336168 9.274242 3.225799
-1.497761 8.317065 3.615919
-1.673407 7.967193 4.039967
-1.913960 7.565448 4.620713
-2.347170 4.854713 5.666577
-2.786642 4.209756 6.727557
-3.372950 2.824381 8.143031
-3.602613 1.788561 8.697488
0.000001 16.120164 13.430360
0.000001 15.285294 13.663690
0.000001 14.417831 13.210255
0.000001 12.365267 9.985937
0.000001 10.804414 6.370911
0.000001 9.989056 3.868430
0.000001 9.274242 3.491579
0.000001 8.317065 3.913842
0.000001 7.967193 4.372828
0.000001 7.565448 5.001424
0.000002 4.854713 6.133458
0.000002 4.209756 7.281854
0.000002 2.824381 8.813951
0.000003 1.788561 9.414091
5.139579 16.120164 12.408033
5.228870 15.285294 12.623602
5.055348 14.417831 12.204681
3.821455 12.365267 9.225801
2.438044 10.804414 5.885954
1.480386 9.989056 3.573964
1.336172 9.274242 3.225798
1.497765 8.317065 3.615918
1.673411 7.967193 4.039966
1.913964 7.565448 4.620713
2.347176 4.854713 5.666576
2.786649 4.209756 6.727555
3.372957 2.824381 8.143028
3.602621 1.788561 8.697485
9.496701 16.120164 9.496696
9.661691 15.285294 9.661684
-5.055341 14.417831 12.204684
7.061127 12.365267 7.061121
4.504918 10.804414 4.504913
2.735396 9.989056 2.735393
2.468922 9.274242 2.468918
2.767507 8.317065 2.767503
3.092059 7.967193 3.092055
3.536544 7.565448 3.536539
4.337013 4.854713 4.337008
5.149053 4.209756 5.149046
6.232409 2.824381 6.232402
6.656772 1.788561 6.656764
12.408035 16.120164 5.139575
12.623606 15.285294 5.228867
12.204686 14.417831 5.055345
9.225804 12.365266 3.821452
5.885957 10.804414 2.438041
3.573967 9.989056 1.480384
3.225801 9.274242 1.336169
3.615921 8.317065 1.497762
4.039969 7.967193 1.673408
4.620716 7.565448 1.913961
5.666579 4.854713 2.347171
6.727560 4.209756 2.786643
8.143032 2.824381 3.372951
8.697488 1.788561 3.602614
11.871471 16.898849 -4.917324
8.988797 0.031541 -0.000003
8.304565 0.031541 -3.439867
11.458909 15.968822 -4.746435
12.403032 15.968822 -0.000000
6.207378 13.385933 -2.571181
6.718818 13.385933 -0.000001
9.086031 16.898849 -9.086030
6.356038 0.031541 -6.356041
8.770270 15.968822 -8.770268
4.750922 13.385933 -4.750922
4.917326 16.898849 -11.871471
3.439863 0.031541 -8.304565
4.746436 15.968822 -11.458907
2.571181 13.385933 -6.207379
0.000002 16.898849 -12.849586
9.341064 14.417831 9.341057
