-10.597102 0.660240 3.490854
-10.496715 0.902357 3.648828
-10.496978 1.270090 3.648413
-10.403560 1.487635 3.795421
-10.171896 1.410515 4.159977
-10.012783 2.127733 4.410366
-10.074786 2.679970 4.312794
-10.162101 3.399947 4.175391
-10.416742 3.340274 3.774676
-10.492757 3.653206 3.655054
-10.810871 3.537352 3.154457
-10.910506 3.130307 2.997667
-11.061934 3.210955 2.759372
-11.308364 3.213714 2.371579
-11.533698 2.732257 2.016981
-11.517087 2.299279 2.043122
-11.734624 1.867646 1.700795
-11.671303 1.543449 1.800439
-11.515054 1.234027 2.046321
-11.549972 0.921043 1.991372
-11.470641 0.709120 2.116210
-11.238564 0.644627 2.481418
-11.147631 0.786397 2.624514
-11.013718 0.923295 2.835246
-12.557113 3.275107 -0.612454
-12.586649 3.367133 -0.691476
-12.685798 3.334805 -0.956747
-12.707848 3.040777 -1.015740
-12.789233 2.918474 -1.233484
-12.874228 2.995387 -1.460887
-12.922418 2.767981 -1.589819
-12.874371 2.436888 -1.461275
-13.017740 2.362624 -1.844852
-13.027274 1.917487 -1.870356
-12.915341 1.811049 -1.570887
-13.013528 1.455852 -1.833584
-12.979059 1.226410 -1.741360
-12.852444 1.253934 -1.402605
-12.885782 0.800557 -1.491802
-12.841876 0.643926 -1.374333
-12.708161 0.819157 -1.016579
-12.703057 0.321826 -1.002925
-12.625115 0.283378 -0.794393
-12.512029 0.598708 -0.491833
-12.491448 0.272437 -0.436769
-12.409846 0.220927 -0.218446
-12.318713 0.614590 0.025379
-12.242406 0.315808 0.229534
-12.167593 0.315141 0.429695
-12.137119 0.818695 0.511229
-12.016328 0.574193 0.834398
-11.961350 0.750757 0.981492
-12.030074 1.035828 0.797624
-12.009613 1.255661 0.852366
-11.897417 1.161567 1.152543
-11.870914 1.479649 1.223450
-11.998540 1.588839 0.881992
-12.002945 1.750941 0.870207
-11.893084 1.731759 1.164137
-11.895323 2.178948 1.158146
-12.013079 2.013359 0.843092
-11.997071 2.209156 0.885922
-11.916433 2.480551 1.101667
-11.931767 2.867973 1.060644
-12.051328 2.801967 0.740759
-12.061198 3.076780 0.714355
-12.138081 3.164652 0.508654
-12.227048 3.056077 0.270624
-12.257113 3.123400 0.190186
-12.274829 3.399547 0.142788
-12.388879 3.407052 -0.162350
-12.407751 3.261396 -0.212841
-13.593991 2.388525 -5.264498
-13.593991 2.302775 -5.670715
-13.593991 2.143538 -6.081426
-13.593991 1.754807 -6.055080
-13.593991 1.387549 -5.776814
-13.593991 1.366165 -5.427272
-13.593991 1.396832 -5.024425
-13.593991 0.869313 -5.140224
-13.593991 0.618311 -5.255818
-13.593991 0.324487 -4.973060
-13.593991 0.276602 -4.491480
-13.593994 0.534769 -4.191669
-13.593994 1.120441 -4.122433
-13.593994 0.728694 -3.745422
-13.593994 0.721602 -3.328176
-13.593994 1.165489 -3.050419
-13.593994 1.960259 -3.386073
-13.593994 2.472480 -3.020600
-13.593994 3.005062 -3.288755
-13.593994 3.031527 -3.721523
-13.593994 2.950857 -4.210966
-13.593994 3.338547 -4.521397
-13.593994 3.371116 -5.054034
-13.593991 2.869093 -5.285226
-13.593991 2.415098 -5.095802
-1.116703 1.202474 7.312951
-1.048090 0.955818 7.312952
-0.633334 0.900987 7.312952
-0.676232 0.596266 7.312952
-0.411269 0.296262 7.312952
-0.017461 0.357328 7.312952
0.406574 0.353452 7.312952
0.550588 0.497590 7.312952
0.858550 0.133657 7.312952
1.291813 0.365079 7.312952
1.340491 0.770802 7.312952
1.705297 0.695750 7.312952
1.886480 0.859300 7.312952
2.102500 1.075490 7.312952
1.603652 2.700233 7.312952
0.579971 3.382975 7.312952
0.301220 3.145555 7.312952
0.032815 3.311193 7.312952
-0.178489 2.843765 7.312952
-0.980106 2.921849 7.312952
-0.943996 2.589089 7.312952
-1.340089 2.377044 7.312951
-1.198254 2.001348 7.312951
-1.518784 1.626900 7.312951
-1.346722 1.186331 7.312951
-8.694479 3.357122 5.114934
-8.903770 3.205806 4.985191
-8.861227 2.857240 5.011565
-9.095173 2.569840 4.866540
-9.169083 1.977011 4.820722
-8.982236 1.036830 4.936550
-8.544683 0.469411 5.207794
-8.289962 0.590970 5.365698
-7.675696 0.172137 5.746487
-7.316373 0.553730 5.969235
-7.227724 1.449461 6.024188
-7.588440 2.744072 5.800578
-8.290629 3.356785 5.365284
-5.685940 2.604086 6.377512
-5.478212 2.350657 6.410590
-5.864767 2.071818 6.349036
-5.488374 1.763187 6.408973
-5.701653 1.362486 6.375011
-5.590169 0.666364 6.392763
-5.241371 0.573755 6.448306
-5.174870 0.712500 6.458895
-4.365943 0.384289 6.587708
-4.209850 0.143869 6.612564
-3.400974 -0.000000 6.741370
-3.029343 0.311294 6.800547
-2.899844 0.823342 6.821169
-2.487052 1.640415 6.886903
-3.082747 2.553738 6.792044
-3.700125 3.046475 6.693733
-4.510098 3.022649 6.564753
-4.967814 2.856134 6.491866
-5.494392 2.768546 6.408015
5.633694 0.701286 6.368783
5.883492 0.719147 6.314745
6.084524 0.532378 6.271257
6.208283 0.557991 6.244485
6.096911 0.902041 6.268578
6.297837 1.084058 6.225112
6.640818 0.840369 6.150917
6.821326 0.953873 6.111869
6.923319 1.665227 6.089806
6.596203 2.044123 6.160569
6.655073 2.651814 6.147834
6.837762 3.100742 6.108314
6.721880 3.327143 6.133382
6.384652 3.303013 6.206332
5.713511 3.573494 6.351516
4.757490 3.421268 6.558326
3.901588 2.538647 6.743478
3.830375 1.376884 6.758883
4.280271 0.487085 6.661560
4.722085 0.082878 6.565984
5.548649 0.292867 6.387180
8.860026 0.146343 5.142374
9.193082 0.313869 5.004213
9.622523 0.417465 4.826069
9.741553 0.782106 4.776693
10.227065 1.186312 4.575288
10.502491 1.207105 4.461034
10.932763 1.844217 4.282545
10.751354 2.081908 4.357798
10.376870 2.003284 4.513145
10.315603 2.400986 4.538561
9.890531 2.921999 4.714893
10.094324 3.255939 4.630352
9.789491 3.568142 4.756807
9.097343 3.633049 5.043928
8.324870 3.105229 5.364371
7.957197 1.635711 5.516894
8.429676 0.380765 5.320895
-11.518903 0.692603 2.687004
-11.431358 0.829092 2.824768
-11.302435 0.960889 3.027649
-11.116140 0.671100 3.320810
-10.901340 0.707634 3.658830
-10.804693 0.940730 3.810918
-10.804946 1.294763 3.810519
-10.715009 1.504203 3.952049
-10.491976 1.429956 4.303023
-10.338792 2.120452 4.544082
-10.398485 2.652114 4.450146
-10.482546 3.345266 4.317862
-10.727700 3.287815 3.932077
-10.800883 3.589089 3.816912
-11.107145 3.477551 3.334966
-11.203067 3.085672 3.184018
-11.348853 3.163315 2.954601
-11.586102 3.165971 2.581257
-11.803041 2.702452 2.239870
-11.787048 2.285606 2.265038
-11.996481 1.870055 1.935465
-11.935519 1.557937 2.031397
-11.785091 1.260044 2.268118
-11.818709 0.958720 2.215216
-11.742334 0.754694 2.335402
-12.355451 0.621540 0.917830
-12.302522 0.791526 1.059444
-12.368684 1.065975 0.882427
-12.348986 1.277618 0.935129
-12.240970 1.187029 1.224123
-12.215455 1.493261 1.292388
-12.338326 1.598383 0.963651
-12.342566 1.754444 0.952305
-12.236798 1.735978 1.235284
-12.238954 2.166505 1.229517
-12.352323 2.007086 0.926201
-12.336911 2.195588 0.967435
-12.259277 2.456870 1.175142
-12.274039 2.829858 1.135647
-12.389146 2.766311 0.827681
-12.398648 3.030886 0.802261
-12.472667 3.115483 0.604224
-12.558320 3.010954 0.375062
-12.587264 3.075769 0.297622
-12.604321 3.341627 0.251989
-12.714121 3.348852 -0.041780
-12.732290 3.208624 -0.090390
-12.876086 3.221823 -0.475114
-12.904523 3.310421 -0.551192
-12.999976 3.279297 -0.806580
-13.021207 2.996223 -0.863375
-13.099557 2.878477 -1.073005
-13.181387 2.952525 -1.291936
-13.227783 2.733591 -1.416064
-13.181525 2.414835 -1.292309
-13.319553 2.343338 -1.661595
-13.328729 1.914785 -1.686149
-13.220969 1.812313 -1.397837
-13.315497 1.470350 -1.650747
-13.282312 1.249457 -1.561959
-13.160416 1.275956 -1.235825
-13.192511 0.839470 -1.321698
-13.150241 0.688675 -1.208607
-13.021506 0.857377 -0.864183
-13.016592 0.378576 -0.851037
-12.941556 0.341560 -0.650275
-12.832681 0.645142 -0.358987
-12.812869 0.331027 -0.305976
-12.734307 0.281436 -0.095786
-12.646568 0.660432 0.138955
-12.573106 0.372783 0.335503
-12.501080 0.372141 0.528206
-12.471741 0.856933 0.606702
-13.940863 0.661614 -5.231657
-13.940863 0.378737 -4.959434
-13.940863 0.332637 -4.495796
-13.940863 0.581184 -4.207156
-13.940863 1.145036 -4.140499
-13.940863 0.767885 -3.777535
-13.940863 0.761057 -3.375835
-13.940863 1.188405 -3.108427
-13.940863 1.953563 -3.431575
-13.940863 2.446700 -3.079719
-13.940863 2.959439 -3.337882
-13.940863 2.984918 -3.754527
-13.940863 2.907254 -4.225734
-13.940863 3.280499 -4.524599
-13.940863 3.311855 -5.037390
-13.940863 2.828536 -5.259969
-13.940863 2.391456 -5.077602
-13.940863 2.365874 -5.240013
-13.940863 2.283318 -5.631095
-13.940863 2.130013 -6.026505
-13.940863 1.755766 -6.001140
-13.940863 1.402192 -5.733241
-13.940863 1.381605 -5.396722
-13.940863 1.411129 -5.008884
-13.940863 0.903264 -5.120369
2.026029 1.090779 7.659821
1.545768 2.654988 7.659821
0.560226 3.312293 7.659821
0.291862 3.083718 7.659821
0.033456 3.243185 7.659821
-0.169975 2.793172 7.659821
-0.941726 2.868347 7.659821
-0.906960 2.547985 7.659821
-1.288297 2.343840 7.659821
-1.151746 1.982142 7.659821
-1.460332 1.621645 7.659821
-1.294682 1.197491 7.659821
-1.073232 1.213032 7.659821
-1.007177 0.975567 7.659821
-0.607873 0.922779 7.659821
-0.649172 0.629410 7.659821
-0.394082 0.340584 7.659821
-0.014947 0.399375 7.659821
0.393290 0.395644 7.659821
0.531939 0.534411 7.659821
0.828426 0.184037 7.659821
1.245547 0.406837 7.659821
1.292411 0.797443 7.659821
1.643626 0.725188 7.659821
1.818058 0.882644 7.659821
-7.883836 0.235484 6.025571
-7.537900 0.602859 6.240020
-7.452556 1.465217 6.292925
-7.799830 2.711593 6.077647
-8.475857 3.301477 5.658571
-8.864660 3.301802 5.417548
-9.066154 3.156124 5.292640
-9.025196 2.820544 5.318031
-9.250425 2.543853 5.178409
-9.321583 1.973112 5.134298
-9.141697 1.067959 5.245811
-8.720446 0.521681 5.506949
-8.475214 0.638711 5.658970
-3.498183 0.058154 7.077129
-3.140398 0.357849 7.134103
-3.015724 0.850819 7.153956
-2.618312 1.637450 7.217240
-3.191812 2.516743 7.125916
-3.786188 2.991122 7.031268
-4.565983 2.968184 6.907094
-5.006645 2.807873 6.836923
-5.513603 2.723548 6.756196
-5.698015 2.565216 6.726830
-5.498027 2.321229 6.758675
-5.870180 2.052779 6.699414
-5.507809 1.755647 6.757117
-5.713143 1.369875 6.724421
-5.605812 0.699690 6.741512
-5.270010 0.610531 6.794984
-5.205986 0.744107 6.805180
-4.427199 0.428125 6.929194
-4.276921 0.196662 6.953124
5.632665 0.342555 6.723898
5.714541 0.735758 6.706186
5.955033 0.752953 6.654162
6.148574 0.573143 6.612295
6.267722 0.597801 6.586520
6.160500 0.929033 6.609715
6.353941 1.104268 6.567869
6.684142 0.869658 6.496438
6.857925 0.978933 6.458845
6.956118 1.663784 6.437603
6.641189 2.028563 6.505730
6.697866 2.613613 6.493470
6.873748 3.045814 6.455422
6.762185 3.263779 6.479556
6.437521 3.240549 6.549788
5.791384 3.500953 6.689562
4.870983 3.354399 6.888667
4.046970 2.504662 7.066921
3.978411 1.386184 7.081752
4.411546 0.529537 6.988055
4.836898 0.140390 6.896041
10.210802 3.202317 4.957564
9.917326 3.502888 5.079307
9.250967 3.565377 5.355731
8.507275 3.057222 5.664235
8.153300 1.642455 5.811075
8.608176 0.434266 5.622379
9.022492 0.208578 5.450509
9.343139 0.369863 5.317496
9.756579 0.469599 5.145989
9.871175 0.820654 5.098452
10.338598 1.209800 4.904551
10.603762 1.229819 4.794554
11.018003 1.843193 4.622715
10.843353 2.072028 4.695164
10.482821 1.996334 4.844724
10.423837 2.379218 4.869193
10.014602 2.880819 5.038955
-13.244235 0.741067 -3.622903
-7.651165 0.741067 5.261624
10.679956 0.741067 3.375250
12.889917 0.741067 -1.693168
12.052863 0.741067 -7.454983
-13.058034 3.091066 -6.698353
-7.651165 3.091066 5.261624
0.056264 3.091066 6.689977
4.961449 3.091066 5.769408
8.386842 3.091066 4.902943
10.679956 3.091066 3.375250
11.882884 3.091066 1.638983
12.889917 3.091066 -1.693168
12.734753 3.091066 -4.222545
12.052863 3.091066 -7.454983
-13.607440 0.741067 -6.712673
12.708413 0.741067 -7.659821
12.708413 3.091066 -7.659821
-13.058034 0.741067 -6.698353
-4.317991 0.741067 6.152567
8.386842 0.741067 4.902943
-12.102835 0.741067 -0.245447
0.056263 0.741067 6.689977
4.961449 0.741067 5.769408
11.882884 0.741067 1.638983
-13.244235 3.091066 -3.622903
-12.102834 3.091066 -0.245447
-10.107066 3.091066 3.156585
-4.317991 3.091066 6.152567
-13.764929 0.741067 -3.739230
-13.764929 3.091066 -3.739230
-13.607440 3.091066 -6.712673
-12.662512 3.091066 -0.124528
-10.562670 0.741067 3.551922
-10.562670 3.091066 3.551922
-7.885372 3.091066 5.703570
-4.420633 0.741067 6.701337
-4.420633 3.091066 6.701337
0.041532 0.741067 7.278992
0.041532 3.091066 7.278992
5.186146 3.091066 6.491283
8.545893 0.741067 5.441003
8.545893 3.091066 5.441003
11.065704 0.741067 3.900760
11.065704 3.091066 3.900760
12.523611 3.091066 1.893588
13.559955 0.741067 -1.577006
13.559955 3.091066 -1.577006
13.402948 3.091066 -4.353465
-10.107066 0.741067 3.156585
-7.885372 0.741067 5.703571
5.186146 0.741067 6.491283
12.523611 0.741067 1.893588
13.402948 0.741067 -4.353465
11.621862 0.632105 3.787454
11.896856 0.706503 3.277000
11.584051 1.137455 3.857639
11.554324 0.836131 3.912820
13.764096 0.856933 -2.026709
13.643509 0.660432 -1.542138
13.694180 0.372782 -1.745755
13.743860 0.372140 -1.945391
13.594479 1.145036 -5.317034
13.486737 2.391456 -6.247923
13.494638 1.411128 -6.179660
11.297857 0.586531 3.657523
11.503078 0.522038 3.276575
11.819439 0.570014 3.420702
11.583489 0.663808 3.127312
11.701910 0.800706 2.907500
12.010860 0.838300 3.065376
11.873025 0.499702 2.589876
12.175597 0.548511 2.759581
12.070324 0.537650 2.223640
12.365548 0.585045 2.406999
12.159093 0.779767 2.058861
12.451015 0.818141 2.248360
12.158862 1.147501 2.059297
12.450787 1.172174 2.248775
12.241470 1.365046 1.905949
12.530318 1.381614 2.101143
12.446328 1.287926 1.525679
12.727544 1.307367 1.735042
12.587032 2.005144 1.264507
12.863007 1.997863 1.483599
12.532204 2.557381 1.366286
12.810220 2.529525 1.581581
12.454992 3.277358 1.509606
12.735888 3.222677 1.719567
12.229815 3.217685 1.927589
12.519094 3.165226 2.121971
12.162597 3.530617 2.052370
12.454382 3.466500 2.242104
11.881289 3.414762 2.574535
12.183556 3.354962 2.744817
11.793182 3.007718 2.738084
12.098733 2.963083 2.902272
11.659274 3.088366 2.986647
11.969814 3.040726 3.141573
11.441360 3.091125 3.391150
11.760018 3.043382 3.531006
11.242095 2.609668 3.761028
11.568179 2.579863 3.887103
11.256786 2.176690 3.733760
11.582320 2.163017 3.860852
11.064419 1.745057 4.090845
11.397118 1.747466 4.204622
11.120412 1.420860 3.986900
11.451028 1.435348 4.104561
11.258581 1.111438 3.730423
11.227703 0.798453 3.787741
13.434186 0.818695 -2.137375
13.517496 0.574193 -2.472173
13.844302 0.621540 -2.349031
13.555417 0.750757 -2.624555
13.880811 0.791526 -2.495740
13.508014 1.035828 -2.434076
13.835175 1.065975 -2.312354
13.522131 1.255661 -2.490784
13.848764 1.277618 -2.366951
13.599515 1.161567 -2.801762
13.923264 1.187029 -2.666343
13.617795 1.479649 -2.875220
13.940863 1.493261 -2.737063
13.529770 1.588839 -2.521476
13.856116 1.598383 -2.396500
13.526730 1.750941 -2.509269
13.853192 1.754444 -2.384746
13.602505 1.731759 -2.813772
13.926141 1.735978 -2.677904
13.600958 2.178948 -2.807566
13.924655 2.166505 -2.671930
13.519739 2.013359 -2.481177
13.846460 2.007086 -2.357703
13.530780 2.209156 -2.525550
13.857089 2.195588 -2.400420
13.586398 2.480551 -2.749053
13.910638 2.456871 -2.615599
13.575821 2.867973 -2.706556
13.900458 2.829858 -2.574685
13.493359 2.801967 -2.375164
13.821063 2.766311 -2.255640
13.486551 3.076780 -2.347809
13.814511 3.030886 -2.229303
13.433521 3.164652 -2.134708
13.763455 3.115483 -2.024143
13.372159 3.056077 -1.888115
13.704382 3.010954 -1.786739
13.351422 3.123400 -1.804784
13.684418 3.075769 -1.706511
13.339203 3.399547 -1.755680
13.672653 3.341627 -1.659235
13.260541 3.407051 -1.439565
13.596921 3.348852 -1.354900
13.247525 3.261396 -1.387259
13.584390 3.208624 -1.304541
13.144504 3.275107 -0.973269
13.485208 3.221824 -0.905977
13.124133 3.367133 -0.891404
13.465598 3.310421 -0.827161
13.055746 3.334805 -0.616591
13.399756 3.279297 -0.562588
13.040540 3.040776 -0.555475
13.385117 2.996223 -0.503749
12.984406 2.918474 -0.329899
13.331073 2.878477 -0.286577
12.925781 2.995387 -0.094316
13.274634 2.952525 -0.059771
12.892545 2.767981 0.039254
13.242633 2.733591 0.068822
12.925681 2.436888 -0.093916
13.274536 2.414835 -0.059385
12.826797 2.362625 0.303461
13.179337 2.343338 0.323185
12.820224 1.917487 0.329884
13.173007 1.914785 0.348623
12.897424 1.811049 0.019640
13.247333 1.812313 0.049940
12.829700 1.455852 0.291788
13.182132 1.470350 0.311947
12.853476 1.226411 0.196247
13.205023 1.249457 0.219966
12.940808 1.253935 -0.154694
13.289102 1.275956 -0.117899
12.917813 0.800557 -0.062289
13.266962 0.839470 -0.028937
12.948093 0.643926 -0.183984
13.296115 0.688675 -0.146097
13.040323 0.819157 -0.554607
13.384906 0.857377 -0.502913
13.043845 0.321826 -0.568752
13.388297 0.378576 -0.516531
13.097601 0.283378 -0.784786
13.440051 0.341560 -0.724515
13.175601 0.598708 -1.098229
13.515143 0.645142 -1.026282
13.189798 0.272436 -1.155274
13.528812 0.331026 -1.081200
13.246078 0.220927 -1.381452
13.582999 0.281436 -1.298951
13.308936 0.614590 -1.634047
13.361566 0.315808 -1.845548
13.413168 0.315141 -2.052909
13.481818 0.903265 -6.290406
13.134967 0.869313 -6.270245
13.121677 0.618310 -6.385074
13.469025 0.661614 -6.400955
13.154187 0.324487 -6.104191
13.500323 0.378737 -6.130537
13.209558 0.276602 -5.625806
13.553632 0.332636 -5.669975
13.244031 0.534769 -5.327983
13.586816 0.581184 -5.383250
13.251987 1.120441 -5.259206
13.295334 0.728694 -4.884695
13.636212 0.767885 -4.956477
13.343307 0.721602 -4.470216
13.682397 0.761057 -4.557439
13.375244 1.165489 -4.194301
13.713144 1.188405 -4.291806
13.336652 1.960259 -4.527729
13.675989 1.953563 -4.612811
13.378674 2.472480 -4.164680
13.716443 2.446700 -4.263288
13.347842 3.005062 -4.431056
13.686761 2.959439 -4.519740
13.298083 3.031527 -4.860954
13.638855 2.984918 -4.933621
13.241809 2.950857 -5.347152
13.584677 2.907254 -5.401704
13.206116 3.338547 -5.655524
13.550314 3.280499 -5.698587
13.144879 3.371116 -6.184628
13.491360 3.311855 -6.207977
13.118295 2.869093 -6.414287
13.465768 2.828536 -6.429080
13.140076 2.415098 -6.226119
13.120679 2.388525 -6.393697
13.468063 2.365874 -6.409258
13.073975 2.302775 -6.797220
13.423096 2.283318 -6.797745
13.026752 2.143538 -7.205208
13.377634 2.130013 -7.190530
13.029782 1.754807 -7.179036
13.380551 1.755766 -7.165335
13.061774 1.387549 -6.902615
13.411353 1.402192 -6.899213
13.101965 1.366166 -6.555391
13.450046 1.381605 -6.564926
13.148282 1.396832 -6.155215
-12.662513 0.741067 -0.124528
12.734753 0.741067 -4.222545
-8.987321 3.091066 4.365814
-8.987321 0.741067 4.365814
-9.337674 0.741067 4.788804
-9.337674 3.091066 4.788804
-11.256493 3.091066 1.557923
-11.793288 3.091066 1.835976
-11.793288 0.741067 1.835976
-11.256493 0.741067 1.557923
-12.824918 0.741067 -1.905192
-12.824918 3.091066 -1.905192
-13.365236 3.091066 -1.903963
-13.365236 0.741067 -1.903963
-6.033465 0.741067 5.838396
-6.033465 3.091066 5.838396
-6.198932 3.091066 6.330091
-6.198932 0.741067 6.330092
-2.130556 3.091066 6.561869
-2.130556 0.741067 6.561869
-2.193324 3.091066 7.130206
-2.193324 0.741067 7.130206
2.521444 2.813427 6.362323
2.521443 0.741067 6.362323
2.633576 2.813427 7.051266
2.633576 0.741067 7.051266
6.717273 3.091066 5.434586
6.717273 0.741067 5.434586
6.904072 3.091066 6.060780
6.904072 0.741067 6.060780
9.625826 0.741067 4.264124
9.625826 3.091066 4.264124
9.895694 3.091066 4.788697
9.895694 0.741067 4.788697
12.578512 0.741067 0.026555
12.578512 3.091066 0.026555
13.245929 3.091066 0.218289
13.245929 0.741067 0.218289
12.897614 3.091066 -2.959083
13.573399 3.091066 -2.966793
13.573399 0.741067 -2.966793
12.897614 0.741067 -2.959083
12.393808 0.741067 -5.838764
12.393808 3.091066 -5.838764
13.055681 3.091066 -6.006643
13.055681 0.741067 -6.006643
