-17.093726 15.577795 0.412188
-16.001997 12.364948 1.461672
-14.491531 9.308480 2.460074
-12.667010 6.778001 3.286661
-10.289137 4.446550 4.048235
-7.133575 2.442087 4.702998
-4.037846 1.290559 5.079147
-1.510405 0.849861 5.223102
0.628199 0.764565 5.250964
3.469683 1.134181 5.130228
5.354047 1.660175 4.958411
7.492627 2.740572 4.605497
8.434808 3.209701 4.452254
9.077885 4.048448 4.178276
10.124745 4.474921 4.038968
11.485675 5.683285 3.644253
13.773831 8.242174 2.808385
14.716010 9.862791 2.279007
16.076939 12.819711 1.313122
17.183629 16.146268 0.226495
17.647249 18.591402 -0.572214
17.707071 20.539000 -1.208401
17.407965 20.610080 -1.231620
14.312224 20.567432 -1.217688
10.902404 20.510558 -1.199110
10.752851 19.487001 -0.864763
10.304193 18.562958 -0.562922
9.691027 17.880586 -0.340024
8.300187 17.297729 -0.149632
6.326091 17.070271 -0.075333
4.576297 17.127132 -0.093907
3.813578 17.610478 -0.251793
3.514473 18.676682 -0.600071
3.529428 20.240446 -1.110878
3.245278 20.439471 -1.175890
-3.364967 20.425255 -1.171246
-3.484609 19.700235 -0.934417
-3.424788 18.648247 -0.590782
-3.454698 17.667339 -0.270367
-4.022999 17.098697 -0.084618
-5.279241 16.942320 -0.033538
-6.849545 16.885457 -0.014963
-8.629222 17.041833 -0.066043
-10.020062 17.752635 -0.298229
-10.693050 18.932568 -0.683657
-11.156662 20.368388 -1.152671
-17.707071 20.439470 -1.175889
-17.706892 17.912329 -2.940750
-16.778546 13.885687 -1.625438
-16.001997 11.600382 -0.878938
-12.667010 6.013435 0.946051
-10.289137 3.681984 1.707625
-7.133575 1.677521 2.362387
-1.510404 0.085295 2.882492
0.628199 -0.000000 2.910354
7.492627 1.976006 2.264887
8.434808 2.445135 2.111645
11.485675 4.918719 1.303643
13.773831 7.477609 0.467775
16.076939 12.055145 -1.027488
17.647249 17.826836 -2.912824
17.707071 19.774434 -3.549011
17.407965 19.845514 -3.572230
14.312225 20.149002 -2.498311
10.902404 19.745992 -3.539720
10.752851 18.722435 -3.205373
10.304193 17.798392 -2.903532
9.691027 17.116022 -2.680634
8.300187 16.533163 -2.490242
6.326091 16.305707 -2.415943
4.576297 16.362566 -2.434516
3.813578 16.845912 -2.592402
3.514473 17.912117 -2.940681
3.529428 19.475880 -3.451488
3.245278 19.674905 -3.516500
-3.364967 19.660689 -3.511855
-3.484609 18.935669 -3.275027
-3.424788 17.883681 -2.931392
-3.454698 16.902774 -2.610977
-4.022999 16.334132 -2.425228
-5.279241 16.177756 -2.374148
-6.849545 16.120891 -2.355573
-8.629222 16.277267 -2.406654
-10.020062 16.988069 -2.638839
-10.693050 18.168002 -3.024266
-11.156662 19.603824 -3.493281
-17.707071 19.674904 -3.516499
-17.707071 19.126543 -5.195234
-11.156662 19.055461 -5.172015
-3.484609 18.387306 -4.953761
-3.364967 19.112326 -5.190590
3.245278 19.126543 -5.195234
3.514473 17.363754 -4.619415
3.813578 16.297549 -4.271137
6.326091 15.757344 -4.094678
8.300187 15.984801 -4.168977
9.691027 16.567659 -4.359369
10.304193 17.250029 -4.582266
10.752851 18.174072 -4.884107
10.902404 19.197629 -5.218454
17.407965 19.297151 -5.250964
17.647249 17.278473 -4.591558
17.183629 14.833339 -3.792849
16.958684 14.975929 -2.281965
-16.863966 14.407457 -2.096272
-14.431866 20.403929 -1.164280
-13.316867 19.627264 -3.500938
-0.059844 20.432362 -1.173568
1.055226 19.670195 -3.514960
15.427155 19.819745 -3.563810
14.312227 19.456529 -4.618221
13.197299 19.785786 -3.552721
-14.431866 19.293126 -4.564846
-15.546866 19.651462 -3.508842
-14.431866 19.985600 -2.444934
-0.059844 19.321559 -4.574134
-1.174914 19.665399 -3.513394
-0.059844 20.014034 -2.454222
-15.220291 19.403093 -4.257187
-15.220291 19.892746 -2.758183
-13.643442 19.875635 -2.752593
-13.643442 19.385982 -4.251598
-0.848317 19.421274 -4.263126
-0.848317 19.910928 -2.764122
0.728629 19.914319 -2.765230
0.728629 19.424666 -4.264233
13.523854 19.545934 -4.303846
13.523851 20.035587 -2.804843
15.100600 20.059599 -2.812685
15.100601 19.569945 -4.311687
17.071156 14.651065 -3.302173
14.312225 19.556279 -2.430889
14.914902 19.487935 -2.671213
15.164537 19.304578 -3.245414
14.914902 19.113618 -3.817131
14.312227 19.026917 -4.051460
13.709554 19.095262 -3.811137
13.459917 19.278618 -3.236935
13.709550 19.469579 -2.665219
-13.579501 19.118945 -3.184778
-13.829152 18.934496 -3.758623
-14.431866 18.863512 -3.998087
-15.034581 18.947577 -3.762895
-15.284232 19.137444 -3.190821
-15.034581 19.321895 -2.616976
-14.431866 19.392876 -2.377512
-13.829152 19.308813 -2.612703
0.792575 19.158461 -3.197685
0.542907 18.970766 -3.770470
-0.059844 18.891946 -4.007375
-0.662595 18.968173 -3.769624
-0.912263 19.154796 -3.196489
-0.662596 19.342491 -2.623704
-0.059844 19.421310 -2.386801
0.542907 19.345084 -2.624551
1.982737 0.317702 2.704670
-3.538342 0.523170 2.956265
1.663473 6.743173 0.715677
-3.968062 6.739562 0.707622
1.088053 0.323071 -0.377284
-1.776704 0.323027 -0.354054
0.800269 2.528471 -0.656374
-2.671281 2.997289 -0.442857
-2.956425 4.590710 0.282845
-2.638701 0.319511 1.553722
1.979649 0.319582 1.516277
1.663473 4.590710 0.282846
1.698698 0.322238 0.074580
-2.380407 0.322177 0.108612
1.399935 2.998170 -0.442456
-2.065448 2.528471 -0.656374
1.477500 3.466889 -0.228984
-2.760150 3.493898 -0.216684
0.548132 4.590711 0.282845
-0.448760 6.436016 0.651369
-1.875113 4.590710 0.282845
-1.292566 3.484544 -0.220943
-0.446868 6.741820 0.712659
0.370586 5.757909 0.516535
-1.528468 5.673528 0.498523
0.030203 3.476114 -0.224783
-0.050439 2.686663 -0.469720
-1.215461 2.692632 -0.464238
-1.744537 3.509548 0.264485
-1.424196 4.327924 0.866247
-0.454684 4.887141 1.280073
0.256686 4.406358 0.924550
0.422463 3.515269 0.267858
-14.491531 8.543915 0.119464
-4.037846 0.525993 2.738537
3.469683 0.369615 2.789618
5.354047 0.895610 2.617801
9.077885 3.283882 1.837666
10.124745 3.710355 1.698358
14.716010 9.098225 -0.061603
16.875052 14.454161 -1.811131
-10.693050 17.619640 -4.703001
-10.020062 16.439708 -4.317573
-8.629222 15.728905 -4.085388
-6.849545 15.572530 -4.034307
-5.279241 15.629393 -4.052882
-4.022999 15.785770 -4.103963
-3.454698 16.354411 -4.289711
-3.424788 17.335320 -4.610126
3.529428 18.927519 -5.130222
4.576297 15.814204 -4.113251
14.312224 19.254503 -5.237032
17.707071 19.226073 -5.227745
-17.093726 14.264868 -3.607156
-17.706892 17.363966 -4.619484
-14.431866 19.091002 -5.183624
-0.059844 19.119435 -5.192912
-16.978847 14.082594 -3.116480
