-7.984131 1.762732 8.170716
19.493690 1.140587 12.140990
24.211577 7.361988 12.822681
24.470811 9.746859 12.860136
24.315276 14.879515 12.837665
-15.916519 16.953311 7.024567
-24.211581 17.419914 3.047745
-12.701988 3.525451 -3.474841
-7.984130 1.762733 -5.541208
3.732841 0.000002 -9.539510
24.211572 7.361993 -12.906870
24.470807 9.746864 -12.920439
-24.470943 21.878589 3.378524
-3.758832 15.346126 -6.971475
-18.845758 18.042061 -0.014958
23.744977 18.664201 12.755262
24.315279 14.879521 -12.912321
9.798669 15.242432 10.740158
-12.105898 16.227483 7.575164
-21.775002 19.130798 1.667304
-12.105895 16.227486 -3.467043
-25.092950 21.463823 5.698663
-22.241476 9.798694 6.110672
-19.182620 6.791682 6.552646
-16.953285 6.014008 6.874763
-3.266234 0.259228 8.852406
3.732841 -0.000000 9.863703
10.576382 0.155535 10.852527
25.092949 1.659037 12.950027
-25.092947 21.463823 3.746601
-23.952357 13.427853 2.739212
-22.241472 9.798698 1.607703
-19.182616 6.791684 -0.180223
-16.953281 6.014009 -1.362225
-3.266236 0.259229 -7.344756
10.576384 0.155538 -11.169195
19.493681 1.140591 -12.532920
25.092943 1.659042 -12.950032
-3.758833 15.346124 -1.798231
-3.378777 15.333095 -1.340314
-3.489044 15.336874 3.482537
-5.101927 15.392172 4.727585
-8.295277 15.501657 5.033142
-11.098409 16.035583 4.385474
9.798670 15.242433 -2.411592
6.461141 15.223253 -5.214968
3.393559 15.205624 -5.535460
0.777605 15.190590 -4.173550
-0.886888 15.247658 -2.406804
0.777603 15.190588 4.675840
2.606634 15.201100 5.177202
4.537381 15.212196 5.307582
10.353719 15.319530 -6.326196
11.206074 15.425252 -8.598738
12.912138 15.636859 -9.843358
16.486682 16.080215 -10.241313
17.275409 16.227008 -10.010892
18.865152 16.547780 -9.256104
20.397484 16.849005 -3.884678
16.924318 16.166246 -0.949401
15.312956 15.926378 -1.009264
11.759196 15.493857 -2.162292
10.178689 15.289568 5.248391
10.587608 15.340285 7.418494
14.838876 15.867574 9.402802
16.486681 16.071953 9.478436
20.940918 16.947574 6.417129
21.323849 17.022850 4.293707
20.623598 16.885194 2.649120
19.543866 16.672940 1.312456
18.502962 16.468318 0.561046
16.486681 16.071956 -0.038377
13.513805 15.703227 0.132382
10.818265 15.368895 1.430483
5.364046 15.216948 -5.548139
1.769371 15.196291 -5.117656
0.039241 15.215906 -3.702583
-12.105896 16.227486 1.432255
-3.758835 15.346124 3.840888
16.993257 16.171538 0.036071
15.680624 15.971980 -0.150127
13.513805 15.703227 0.132382
12.091750 15.526848 0.664336
10.277162 15.301781 3.219670
12.516418 15.579517 8.734847
16.486681 16.071953 9.478436
19.913638 16.745630 8.328374
21.323849 17.022850 4.293707
16.924318 16.157988 -0.949401
18.292751 16.435252 -1.316622
19.540639 16.680563 -2.237416
20.396416 16.848796 -7.675224
17.275409 16.235265 -10.010892
10.667004 15.358391 -3.368798
15.312956 15.934636 -1.009264
16.486681 16.080214 -0.962504
2.606634 15.192305 5.177201
4.537381 15.203401 5.307582
6.642543 15.215500 5.035167
8.228018 15.224611 4.002140
9.376233 15.231210 2.673413
9.798670 15.233638 2.080544
10.323229 15.298700 0.552745
10.394775 15.307573 -0.726221
9.798670 15.233638 -2.411592
8.723021 15.227457 -3.893064
6.461141 15.205663 -5.214968
5.364046 15.208154 -5.548139
3.393559 15.188034 -5.535460
1.769371 15.187495 -5.117656
0.777605 15.173000 -4.173550
0.039241 15.207111 -3.702583
-0.886888 15.230067 -2.406804
-1.722638 15.267517 -0.927394
-1.773553 15.269261 0.346010
-0.315512 15.219272 3.750578
0.777603 15.181793 4.675840
-4.235493 15.314310 -2.372542
-6.128374 15.379208 -3.062150
-8.295274 15.453502 -2.997379
-9.689943 15.719151 -2.415747
-11.333068 16.032124 -0.739408
-12.105896 16.179327 1.432255
-12.105896 16.179327 3.369316
-11.098409 15.987427 4.385474
-9.786355 15.737514 4.839382
-8.295277 15.453500 5.033142
-7.324370 15.420213 5.031350
-5.101927 15.344016 4.727585
-3.758835 15.297966 3.840888
-3.489044 15.288718 3.482537
-2.862544 15.267238 1.998443
-2.657899 15.260222 0.767984
-3.378777 15.284938 -1.340314
-3.758833 15.297969 -1.798231
20.623598 12.086579 2.649119
19.543866 11.874325 1.312455
18.502962 11.669703 0.561045
16.993257 11.372923 0.036070
16.486681 11.273341 -0.038378
15.680624 11.173365 -0.150128
13.513805 10.904611 0.132382
12.091750 10.728232 0.664335
10.818265 10.570280 1.430482
10.277162 10.503166 3.219670
10.178689 10.490952 5.248390
10.587608 10.541669 7.418493
12.516418 10.780901 8.734846
14.838876 11.068958 9.402801
16.486681 11.273338 9.478436
18.230750 11.616188 9.320023
19.913638 11.947014 8.328374
20.940918 12.148957 6.417128
21.323849 12.224235 4.293706
17.239003 11.421236 -9.071242
16.486684 11.273344 -9.443732
16.267918 11.246210 -9.546321
16.099185 11.225282 -9.579103
15.600960 11.163485 -9.675893
12.997507 10.840574 -9.064169
11.511358 10.656244 -8.357065
10.726866 10.558939 -6.799095
10.692770 10.554710 -6.542639
10.605575 10.543896 -5.886752
10.795746 10.567484 -4.641363
11.234048 10.621848 -3.621589
11.833454 10.696194 -2.976287
12.142387 10.734512 -2.817145
13.337271 10.882716 -2.201617
14.495030 11.026314 -1.703431
15.739482 11.180665 -1.784937
16.486681 11.273341 -1.953941
16.971231 11.368594 -2.160176
17.712158 11.514246 -2.475529
18.380513 11.645632 -4.038675
18.571121 11.683103 -5.977337
18.274051 11.624706 -7.907656
17.877618 11.546774 -8.630617
5.141493 10.417055 -4.682486
4.157644 10.411401 -4.791989
2.691546 10.402975 -4.688307
1.843893 10.398103 -4.201348
0.777605 10.391975 -3.579694
-0.008528 10.418928 -2.698979
-0.554295 10.437640 -1.367659
-0.626367 10.440110 0.057258
-0.199361 10.425469 1.310306
-0.010131 10.418982 1.865600
0.777603 10.391974 3.022471
2.501014 10.401878 3.878519
2.913639 10.404250 3.983063
4.626029 10.414090 4.103848
6.430467 10.424461 3.279622
7.263947 10.429251 2.368451
8.016674 10.433576 1.373328
8.294239 10.435172 -0.253244
8.168737 10.434451 -1.514391
7.631347 10.431363 -2.872286
6.546880 10.425130 -3.742896
5.477082 10.418983 -4.612437
-10.113550 11.049377 3.659230
-11.013019 11.220703 2.810728
-11.466084 11.307001 1.870466
-11.431889 11.300488 0.566963
-11.192346 11.254861 -0.231840
-10.182420 11.062497 -1.416066
-8.295274 10.703043 -2.759421
-4.744215 10.581294 -2.450839
-4.309937 10.566404 -2.080026
-3.758834 10.547510 -1.116164
-3.414176 10.535693 0.207967
-3.449651 10.536909 1.759538
-3.758834 10.547509 2.461899
-4.955901 10.588550 3.530950
-6.992152 10.658364 4.235039
-8.295277 10.703042 4.174509
-7.903677 10.689616 -2.937109
20.623598 16.513553 2.649119
19.543866 16.301299 1.312456
18.502962 16.096677 0.561046
16.993257 15.799898 0.036071
16.486681 15.700314 -0.038378
15.680624 15.600339 -0.150128
13.513805 15.331586 0.132382
12.091750 15.155206 0.664336
10.818265 14.997255 1.430483
10.277162 14.930141 3.219670
10.178689 14.917926 5.248391
10.587608 14.968645 7.418494
12.516418 15.207877 8.734847
14.838876 15.495934 9.402802
16.486681 15.700311 9.478436
18.230750 16.043164 9.320023
19.913638 16.373987 8.328374
20.940918 16.575932 6.417129
21.323849 16.651208 4.293707
-4.029249 15.355394 4.200068
7.271970 15.227913 -4.968732
-1.747055 15.277150 1.568667
-1.177731 15.257629 2.891357
20.612419 16.883000 -5.675612
13.443633 15.694522 -1.249724
10.071660 15.276292 -4.870684
9.988349 15.265959 -6.669173
22.552544 17.264388 12.582967
0.777602 15.190588 9.436703
-8.295277 15.501656 8.125761
-24.470947 21.878584 5.788537
-18.845763 18.042059 6.601321
23.744974 18.664209 -12.880214
22.552548 17.264395 -12.801318
16.486684 16.071960 -12.150902
-8.295274 15.501659 -5.172381
-15.916516 16.953317 -1.590588
16.486679 16.071951 11.706510
-21.775006 19.130798 6.178074
-3.758836 15.346123 8.781232
9.798672 15.242435 -10.953490
0.777606 15.190591 -8.536581
-11.333068 16.080281 -0.739408
-9.689943 15.767307 -2.415747
-8.295274 15.501659 -2.997379
-4.235493 15.362466 -2.372542
-12.105896 16.227486 3.369316
8.228018 15.233406 4.002140
10.323229 15.307495 0.552745
15.254060 15.927332 -10.594454
20.396416 16.840538 -7.675224
19.540639 16.672307 -2.237416
18.292751 16.426996 -1.316622
16.486681 16.071956 -0.962504
10.667004 15.350133 -3.368798
10.277162 15.301781 3.219670
12.516418 15.579517 8.734847
18.230750 16.414804 9.320023
19.913638 16.745630 8.328374
16.993257 16.171538 0.036071
15.680624 15.971980 -0.150127
12.091750 15.526848 0.664336
10.818265 15.368895 1.430483
18.195436 19.463037 2.321676
18.049033 18.730026 2.462987
18.371410 18.220215 2.143396
18.964754 17.427399 1.555183
19.197687 16.623990 1.324265
19.046901 15.663144 1.473746
18.730487 14.718384 1.787425
18.277290 13.914561 2.236703
17.805663 13.214865 2.704251
17.154761 12.530054 3.349524
16.359871 12.186080 4.137540
16.885648 18.671053 1.686914
17.067152 18.162093 1.263948
17.387517 17.374455 0.479736
17.507443 16.583784 0.166420
17.423009 15.637660 0.357058
17.253851 14.702946 0.767786
17.016432 13.904585 1.362835
16.770816 13.208656 1.985454
16.431310 12.527458 2.846973
16.016792 12.185455 3.899504
15.351056 19.190013 1.116531
15.495679 18.507147 1.429200
15.519850 17.998111 0.956174
15.531424 17.219650 0.082501
15.527011 16.460152 -0.272373
15.527184 15.553957 -0.074957
15.535094 14.649318 0.366264
15.551797 13.869896 1.014318
15.569693 13.187776 1.697108
15.591116 12.519262 2.645846
15.617943 12.183611 3.804778
14.075644 18.272993 1.744038
13.951920 17.756958 1.279964
13.670732 16.976823 0.432203
13.556924 16.249837 0.075645
13.653355 15.397900 0.238207
13.842944 14.542340 0.636986
14.111748 13.800616 1.238864
14.388158 13.147672 1.880137
14.762898 12.504780 2.775970
15.224112 12.180656 3.867708
12.399478 18.627965 2.375402
12.826640 18.013972 2.598459
12.588929 17.479066 2.199046
12.080399 16.673218 1.483844
11.896153 15.962781 1.158441
12.092107 15.166371 1.243612
12.442093 14.374971 1.531723
12.920923 13.692143 1.996935
13.409091 13.086717 2.503697
14.073540 12.484279 3.216746
14.895329 12.176873 4.078648
11.405317 18.381046 3.794251
11.932563 17.773547 3.868584
11.632934 17.208282 3.578895
10.999091 16.351022 3.080737
10.797139 15.633546 2.811563
11.083319 14.883485 2.786018
11.548729 14.163028 2.911362
12.162849 13.554713 3.170909
12.782790 13.010992 3.471624
13.628322 12.460081 3.900737
14.681680 12.172768 4.405449
10.960284 18.203215 5.469329
11.535782 17.584297 5.354850
11.234922 16.984293 5.204046
10.594878 16.063318 4.976355
10.427596 15.321394 4.782943
10.778373 14.603442 4.632785
11.295934 13.948441 4.568763
11.950699 13.415526 4.584272
12.603356 12.935225 4.637794
13.494691 12.436668 4.724142
14.615660 12.169035 4.798394
11.711792 17.465291 6.816025
11.468625 16.837474 6.814060
10.937608 15.863638 6.873865
10.844738 15.095926 6.771507
11.218387 14.395753 6.508024
11.715123 13.787207 6.258615
12.311376 13.310924 6.027205
12.895108 12.878683 5.827645
13.692195 12.419545 5.562399
14.707248 12.166412 5.197726
11.985945 18.067490 8.477467
12.448892 17.424918 8.014696
12.311604 16.786458 8.150795
11.983424 15.792104 8.476138
11.986027 15.013542 8.473560
12.331068 14.318913 8.131502
12.735410 13.727196 7.730659
13.184570 13.271988 7.285380
13.610631 12.857704 6.863007
14.189967 12.413249 6.288678
14.942430 12.165466 5.542723
13.334036 18.100497 9.319309
13.641115 17.465291 8.762179
13.640970 16.837474 9.005353
13.576556 15.863637 9.535831
13.678102 15.095927 9.629587
13.944821 14.395753 9.258242
14.198535 13.787207 8.763689
14.435117 13.310924 8.169469
14.639740 12.878683 7.587490
14.911896 12.419545 6.792740
15.285373 12.166412 5.780893
14.985057 18.203214 9.529218
15.100706 17.584297 8.950874
15.248892 16.984291 9.253033
15.471014 16.063321 9.895029
15.662970 15.321396 10.063988
15.816167 14.603444 9.714527
15.884682 13.948444 9.197540
15.874863 13.415526 8.542664
15.827010 12.935225 7.889566
15.748407 12.436668 6.997517
15.683896 12.169034 5.875946
16.590364 17.773552 8.567015
16.877440 17.208284 8.869149
17.370073 16.351024 9.507294
17.637486 15.633546 9.711578
17.665514 14.883487 9.425629
17.544220 14.163029 8.959149
17.290018 13.554715 8.342799
16.994695 13.010992 7.720271
16.572942 12.460081 6.871043
16.077399 12.172768 5.813340
17.868208 18.013974 7.684006
18.265541 17.479066 7.925174
18.976299 16.673219 8.439899
19.300090 15.962782 8.626962
19.216623 15.166371 8.430276
18.931563 14.374973 8.077802
18.470528 13.692145 7.594949
17.968022 13.086717 7.102396
17.260773 12.484279 6.431780
16.406041 12.176872 5.602537
18.733444 18.272995 6.442467
19.196426 17.756960 6.570218
20.041713 16.976826 6.858759
20.397269 16.249837 6.975659
20.235551 15.397900 6.877818
19.838434 14.542342 6.684770
19.238916 13.800618 6.410752
18.600064 13.147672 6.128782
17.707521 12.504780 5.746275
16.619829 12.180656 5.275598
19.375830 19.190015 5.176416
19.060605 18.507147 5.025220
19.533823 17.998112 5.005159
20.407561 17.219650 5.001173
20.762383 16.460153 5.008669
20.564978 15.553958 5.006781
20.123842 14.649319 4.995039
19.475957 13.869896 4.972710
18.793347 13.187776 4.948881
17.844833 12.519262 4.919217
16.686177 12.183611 4.882331
18.814972 18.671053 3.633069
19.239500 18.162094 3.455240
20.026465 17.374455 3.141702
20.340810 16.583788 3.024500
20.149443 15.637662 3.107277
19.737265 14.702946 3.272858
19.140173 13.904587 3.505101
18.515445 13.208656 3.745301
17.651009 12.527458 4.077313
16.594919 12.185455 4.482670
15.639597 12.001563 4.851586
17.402097 19.003526 3.108154
16.463171 18.956679 2.474219
15.349414 18.827072 2.251820
14.219266 18.643631 2.485839
13.233665 18.443466 3.151669
12.538052 18.260872 4.152514
12.242935 18.119824 5.331432
12.404362 18.032616 6.497925
13.008873 18.003328 7.463385
13.969044 18.032614 8.076258
15.134093 18.119824 8.247810
16.315532 18.260872 7.962946
17.322379 18.443471 7.276053
17.996747 18.643629 6.296272
18.240572 18.827072 5.168198
15.673875 14.762575 4.817603
18.027853 18.956679 4.052552
19.070860 19.389815 3.632100
16.892665 19.389818 1.434905
13.781589 18.915099 1.438532
11.155843 18.100497 7.122115
16.663942 18.381046 9.098747
18.091374 18.627968 8.116949
19.040211 18.915100 6.743030
-11.128748 17.477672 1.388462
-10.546000 17.275638 1.388462
-10.283762 17.267415 2.707470
-9.536971 17.244000 3.825671
-8.419318 17.208958 4.572829
-7.100958 17.167622 4.835196
-5.782598 17.126286 4.572829
-4.664946 17.091246 3.825671
-3.918155 17.067830 2.707469
-3.655917 17.059607 1.388461
-3.918155 17.067830 0.069453
-4.664947 17.091245 -1.048748
-5.782600 17.126286 -1.795906
-7.100960 17.167622 -2.058273
-8.419320 17.208958 -1.795905
-9.536972 17.244000 -1.048746
-10.821712 17.468045 -0.155867
-10.283762 17.267415 0.069454
-7.182272 14.574178 1.388461
-9.947350 17.440631 4.242010
-3.368692 17.234366 2.932790
-5.551632 17.302809 -2.339880
-7.095203 17.351205 -2.647065
-8.638774 17.399603 -2.339879
-9.947350 17.440631 -1.465086
-11.543213 17.922742 1.830517
-11.898160 17.164856 1.830517
-11.914063 16.828899 1.830517
-11.550755 15.984341 1.830517
-11.114304 17.465987 1.830517
-11.141624 18.465540 1.830517
-11.379733 18.366212 1.830517
-11.543213 17.922745 0.648775
-11.699178 17.548463 0.648775
-11.898160 17.164856 0.648775
-11.914063 16.828899 0.648775
-11.697091 16.255974 0.648775
-11.550755 15.984341 0.648775
-11.297482 16.905643 0.648775
-11.114304 17.465988 0.648775
-10.884620 17.976804 0.648775
-10.878716 18.334439 0.648775
-11.141624 18.465540 0.648775
-11.379733 18.366212 0.648775
-11.699178 17.548463 1.830517
-11.697091 16.255972 1.830517
-11.297482 16.905643 1.830517
-10.884620 17.976804 1.830517
-10.878716 18.334439 1.830517
-8.560861 13.152287 1.388461
-9.815185 13.614680 1.388461
-11.368288 15.143852 1.388462
-11.611358 16.541200 1.388462
-8.459416 13.149107 1.898713
-9.617252 13.608475 2.384032
-10.514172 14.376851 2.765340
-11.048602 15.133829 2.996425
-11.205653 15.909148 3.071511
-11.269854 16.530493 3.106157
-10.821712 17.468045 2.932792
-8.170523 13.140050 2.331283
-9.053583 13.590800 3.228035
-9.734615 14.352409 3.932600
-10.138211 15.105284 4.359591
-10.252751 15.879271 4.498330
-10.297337 16.500000 4.562348
-7.738166 13.126494 2.620318
-8.209995 13.564351 3.791980
-8.567928 14.315829 4.712539
-8.775714 15.062566 5.270429
-8.826630 15.834557 5.451701
-8.841860 16.454366 5.535343
-8.638773 17.399603 5.116803
-7.228165 13.110503 2.721814
-7.214912 13.533153 3.990012
-7.191725 14.272679 4.986417
-7.168539 15.012173 5.590273
-7.144408 15.781813 5.786480
-7.125009 16.400537 5.877014
-7.095202 17.351205 5.423989
-6.718164 13.094511 2.620318
-6.219831 13.501953 3.791980
-5.815524 14.229532 4.712539
-5.561366 14.961783 5.270429
-5.462186 15.729068 5.451701
-5.408158 16.346707 5.535343
-5.551631 17.302809 5.116802
-6.285806 13.080957 2.331284
-5.376243 13.475504 3.228036
-4.648837 14.192950 3.932600
-4.198870 14.919064 4.359591
-4.036068 15.684355 4.498330
-3.952682 16.301073 4.562347
-4.243055 17.261780 4.242010
-5.996914 13.071898 1.898713
-4.812574 13.457829 2.384031
-3.869281 14.168509 2.765339
-3.288478 14.890520 2.996425
-3.083164 15.654477 3.071510
-2.980164 16.270580 3.106155
-3.595537 14.159926 1.388461
-2.968792 14.880496 1.388461
-2.748550 15.643985 1.388462
-2.638661 16.259872 1.388462
-3.061657 17.224739 1.388461
-8.459416 13.149107 0.878210
-9.617252 13.608475 0.392892
-10.514172 14.376851 0.011583
-10.787914 14.385435 1.388461
-11.048602 15.133829 -0.219502
-11.205653 15.909148 -0.294587
-11.540268 15.919640 1.388462
-11.269854 16.530493 -0.329233
-8.170523 13.140050 0.445639
-9.053583 13.590802 -0.451112
-9.734615 14.352411 -1.155677
-10.138211 15.105286 -1.582667
-10.252751 15.879271 -1.721406
-10.297337 16.500002 -1.785424
-7.738166 13.126494 0.156605
-8.209995 13.564352 -1.015057
-8.567928 14.315829 -1.935616
-8.775714 15.062566 -2.493506
-8.826630 15.834558 -2.674777
-8.841860 16.454369 -2.758419
-7.228165 13.110503 0.055109
-7.214912 13.533153 -1.213089
-7.191725 14.272682 -2.209494
-7.168539 15.012175 -2.813350
-7.144408 15.781813 -3.009556
-7.125009 16.400537 -3.100089
-6.718164 13.094513 0.156605
-6.219831 13.501953 -1.015057
-5.815524 14.229532 -1.935616
-5.561366 14.961784 -2.493506
-5.462186 15.729070 -2.674778
-5.408158 16.346709 -2.758419
-6.285806 13.080957 0.445639
-5.376243 13.475504 -0.451113
-4.648837 14.192952 -1.155677
-4.198870 14.919064 -1.582667
-4.036068 15.684355 -1.721407
-3.952682 16.301073 -1.785423
-4.243055 17.261781 -1.465087
-5.996914 13.071898 0.878209
-4.812574 13.457829 0.392892
-3.869281 14.168510 0.011584
-3.288478 14.890520 -0.219502
-3.083164 15.654478 -0.294587
-2.980164 16.270581 -0.329231
-3.368692 17.234366 -0.155867
-5.895467 13.068718 1.388461
-4.614641 13.451624 1.388461
-7.228165 13.110503 1.388461
10.287253 23.707523 0.399270
6.177526 19.089734 0.399269
-2.487370 24.169046 0.399270
-1.136378 22.096210 2.671571
0.067101 20.495653 2.173073
1.202780 19.762335 1.702660
2.660516 19.033113 1.098846
0.150779 22.128407 4.597938
1.071882 20.530769 3.676833
1.941092 19.787035 2.807620
3.056794 19.037834 1.691919
4.237363 18.823985 0.511351
1.733110 24.297791 6.715662
2.077143 22.247462 5.885092
2.575642 20.613910 4.681612
3.046053 19.834790 3.545933
3.649868 19.045689 2.088198
4.288786 18.823985 0.545711
4.349443 22.497105 6.337082
4.349443 20.759126 5.034442
4.349443 19.907750 3.805194
4.349443 19.056163 2.227351
4.349443 18.823985 0.557775
6.621745 22.864967 5.885093
6.123248 20.955368 4.681610
5.652836 19.998712 3.545934
5.049021 19.067950 2.088197
4.410101 18.823985 0.545711
9.183802 25.622769 5.233626
8.548111 23.269412 4.597934
7.627008 21.161702 3.676831
6.757796 20.089922 2.807620
5.642094 19.078973 1.691918
4.461525 18.823985 0.511350
10.665835 26.053436 3.015605
9.835265 23.587001 2.671571
8.631783 21.320009 2.173072
7.496107 20.158078 1.702660
6.038373 19.086862 1.098846
4.495884 18.823985 0.459927
-1.588367 22.093903 0.399269
-1.136378 22.096210 -1.873033
-0.285731 20.487207 0.399269
0.067101 20.495653 -1.374535
0.943519 19.755032 0.399269
1.202780 19.762337 -0.904123
2.521361 19.031555 0.399269
2.660516 19.033113 -0.300308
4.190937 18.823985 0.399269
4.203003 18.823985 0.338610
0.150779 22.128409 -3.799399
1.071882 20.530769 -2.878295
1.941092 19.787035 -2.009083
3.056794 19.037834 -0.893381
4.237363 18.823985 0.287186
2.077143 22.247462 -5.086553
2.575642 20.613910 -3.883075
3.046053 19.834793 -2.747395
3.649868 19.045689 -1.289660
4.288786 18.823985 0.252826
4.349443 22.497110 -5.538543
4.349443 20.759126 -4.235903
4.349443 19.907753 -3.006656
4.349443 19.056166 -1.428814
4.349443 18.823985 0.240762
6.621745 22.864969 -5.086554
6.123248 20.955370 -3.883072
5.652836 19.998712 -2.747396
5.049021 19.067950 -1.289660
4.410101 18.823985 0.252826
8.548111 23.269412 -3.799395
7.627008 21.161702 -2.878293
6.757796 20.089925 -2.009082
5.642094 19.078973 -0.893380
4.461525 18.823985 0.287187
9.835265 23.587001 -1.873032
8.631783 21.320009 -1.374534
7.496107 20.158078 -0.904122
6.038373 19.086862 -0.300308
4.495884 18.823985 0.338610
8.984617 21.379480 0.399269
7.755367 20.183382 0.399269
4.507950 18.823985 0.399269
-0.484913 24.174066 -4.435087
4.349443 24.603401 -6.437545
9.183802 25.622772 -4.435086
-1.129692 23.692932 0.399270
-0.712617 23.699899 2.496044
0.475110 23.743697 4.273602
2.252671 23.875502 5.461332
4.349443 24.133098 5.878405
6.446219 24.501225 5.461329
8.223778 24.899881 4.273602
9.411504 25.210527 2.496045
-0.712617 23.699901 -1.697505
-1.966948 24.160612 -2.217065
0.475110 23.743697 -3.475063
2.252671 23.875504 -4.662793
1.733110 24.297794 -5.917123
4.349443 24.133098 -5.079866
6.446219 24.501227 -4.662790
6.965779 25.081827 -5.917122
8.223778 24.899883 -3.475063
9.411504 25.210529 -1.697505
4.349444 19.666939 0.399269
10.665835 26.053439 -2.217065
9.828577 25.328024 0.399270
11.186256 26.217825 0.399270
-1.966948 24.160611 3.015604
-0.484913 24.174062 5.233627
4.349443 24.603398 7.236084
6.965779 25.081824 6.715661
1.818413 19.921991 1.447657
2.412278 19.921991 2.336435
3.301057 19.921989 2.930301
4.349444 19.921989 3.138837
5.397831 19.921989 2.930299
6.286611 19.921991 2.336435
6.880474 19.921991 1.447656
1.609877 19.921991 0.399269
1.818413 19.921991 -0.649118
2.412278 19.921991 -1.537897
3.301057 19.921991 -2.131762
4.349444 19.921991 -2.340298
5.397831 19.921991 -2.131761
6.286610 19.921991 -1.537897
6.880474 19.921991 -0.649118
7.089011 19.921991 0.399269
2.840435 19.819000 1.024321
2.863667 19.809317 0.618139
3.237930 19.772220 0.496453
3.546691 19.745900 0.627426
3.606969 19.741759 0.706812
3.697073 19.740866 0.824765
3.667406 19.756737 1.081307
3.649258 19.770699 1.246063
3.375620 19.795155 1.373092
3.052594 19.818953 1.340948
2.877470 19.824281 1.179870
4.437012 18.823985 0.270808
4.461583 18.843643 0.128540
4.474475 18.854555 0.054529
4.499059 18.857951 0.038064
4.689759 18.891209 -0.087754
4.807746 18.898763 -0.059034
4.953223 18.915727 -0.022108
5.049294 18.918298 0.109381
5.123532 18.927226 0.212209
2.912509 19.580890 0.780009
3.029370 19.568564 0.701847
3.219448 19.548874 0.638741
3.394907 19.535016 0.727937
3.432370 19.532475 0.779133
3.508729 19.531929 0.883054
3.495211 19.547250 1.153329
3.373955 19.562273 1.256745
3.117197 19.584514 1.294187
2.937730 19.592094 1.169345
2.870155 19.589130 1.012011
3.544379 19.772935 1.204334
4.524571 19.683244 0.399269
4.532063 19.685342 0.323626
4.544839 19.692665 0.203874
4.741422 19.715590 0.063369
4.969363 19.729408 0.142490
5.092763 19.738409 0.276788
5.109288 19.737680 0.399269
5.048386 19.734598 0.539109
4.924855 19.724922 0.637612
4.716583 19.709201 0.651199
4.535418 19.687790 0.516278
4.524693 19.684599 0.471859
5.888465 19.812637 0.268801
5.910766 19.817006 0.144923
5.991000 19.826161 0.053853
6.131477 19.840564 -0.017530
6.338757 19.857536 0.108040
6.348754 19.855162 0.286424
6.301995 19.848720 0.399269
6.284951 19.847884 0.439838
6.091500 19.831126 0.507534
5.899514 19.811473 0.411420
5.898466 19.811151 0.399269
5.888427 19.812450 0.278692
4.704386 19.805569 1.797217
4.812663 19.796785 1.701836
4.880161 19.796053 1.680531
4.961279 19.798347 1.655418
5.181518 19.820869 1.793616
5.200211 19.842278 2.052371
5.129840 19.849698 2.193420
5.097729 19.848982 2.205788
4.987784 19.850874 2.247975
4.799053 19.844902 2.221398
4.657364 19.818161 1.962330
4.696103 19.834584 2.131021
4.314408 19.781557 -0.824894
4.307976 19.800963 -1.032052
4.349444 19.803178 -1.064132
4.454764 19.812723 -1.145662
4.707812 19.817091 -1.142279
4.828241 19.802628 -0.962951
4.795620 19.782751 -0.755951
4.695473 19.772107 -0.661532
4.493944 19.767020 -0.646972
4.349444 19.772575 -0.735408
19.079265 18.430147 -5.791805
19.708867 17.824422 -5.791805
20.303108 16.578259 -5.791805
20.242194 15.482719 -5.791805
19.658563 14.286958 -5.791805
18.790088 13.356047 -5.791806
18.315738 12.877103 -5.791806
16.883887 12.426497 -5.791806
10.495618 15.325826 -5.791805
10.829891 14.280751 -5.791805
11.695293 13.270035 -5.791806
12.769838 12.587251 -5.791806
13.349327 12.242884 -5.791806
14.848470 12.166570 -5.791806
11.514117 17.464064 -4.274784
11.098306 16.724838 -4.065150
10.868893 15.373492 -3.899984
11.188126 14.326498 -3.976214
11.998377 13.308739 -4.255726
12.998970 12.616512 -4.630526
13.538351 12.267022 -4.833807
14.925938 12.176463 -5.399182
12.366520 17.572917 -2.988715
12.068501 16.848734 -2.601362
11.931892 15.509239 -2.296174
12.208292 14.456775 -2.437030
12.861487 13.418959 -2.953500
13.651483 12.699839 -3.646040
14.076642 12.335763 -4.021655
15.146550 12.204636 -5.066333
13.883728 18.151567 -2.834864
13.642229 17.735826 -2.129391
13.520497 17.034155 -1.623289
13.522781 15.712399 -1.224544
13.735078 14.651749 -1.408580
14.153223 13.583916 -2.083381
14.628040 12.824547 -2.988227
14.882253 12.438640 -3.478993
15.476717 12.246799 -4.843930
15.147029 17.927994 -1.827637
15.233243 17.252876 -1.279837
15.399362 15.952042 -0.848237
15.536043 14.881735 -1.047437
15.676927 13.778496 -1.777836
15.779964 12.971649 -2.757234
15.832533 12.559994 -3.288435
15.866177 12.296533 -4.765833
16.313605 18.461867 -2.834864
16.651831 18.120160 -2.129391
16.945990 17.471597 -1.623290
17.275945 16.191685 -1.224544
17.337009 15.111722 -1.408581
17.200636 13.973076 -2.083382
16.931889 13.118752 -2.988228
16.782816 12.681346 -3.478993
16.255638 12.346268 -4.843930
17.927541 18.283069 -2.988716
18.397987 17.657021 -2.601363
18.866833 16.394846 -2.296176
18.863794 15.306696 -2.437032
18.492371 14.138033 -2.953502
17.908444 13.243460 -3.646041
17.588425 12.784224 -4.021656
16.585806 12.388431 -5.066334
18.779942 18.391922 -4.274784
19.368179 17.780916 -4.065149
19.929831 16.530591 -3.899984
19.883958 15.436972 -3.976214
19.355478 14.248253 -4.255726
18.560957 13.326787 -4.630526
18.126715 12.852965 -4.833807
16.806418 12.416604 -5.399183
10.560835 15.663234 -5.791805
11.214793 17.425841 -5.791805
10.757621 16.681332 -5.791805
11.514117 17.464064 -7.308826
11.098306 16.724838 -7.518460
11.188126 14.326500 -7.607397
10.868893 15.373494 -7.683627
11.998377 13.308739 -7.327887
12.998970 12.616512 -6.953086
13.538351 12.267022 -6.749806
14.925938 12.176463 -6.184430
12.366520 17.572917 -8.594896
12.068501 16.848735 -8.982249
11.931892 15.509241 -9.287437
12.208292 14.456778 -9.146581
12.861487 13.418961 -8.630112
13.651483 12.699840 -7.937572
14.076642 12.335763 -7.561958
15.146550 12.204636 -6.517280
13.642229 17.735829 -9.454219
13.520497 17.034157 -9.960322
13.522781 15.712401 -10.359068
13.735078 14.651750 -10.175032
14.153223 13.583917 -9.500230
14.628040 12.824548 -8.595385
14.882253 12.438641 -8.104620
15.476717 12.246799 -6.739682
15.147029 17.927995 -9.755974
15.233243 17.252879 -10.303773
15.399362 15.952045 -10.735373
15.536043 14.881737 -10.536173
15.676927 13.778497 -9.805775
15.779964 12.971651 -8.826378
15.832533 12.559995 -8.295177
15.866177 12.296533 -6.817780
16.651831 18.120161 -9.454219
16.945990 17.471599 -9.960320
17.275945 16.191685 -10.359066
17.337009 15.111723 -10.175030
17.200636 13.973077 -9.500230
16.931889 13.118755 -8.595383
16.782816 12.681347 -8.104620
16.255638 12.346268 -6.739682
17.927541 18.283072 -8.594894
18.397987 17.657021 -8.982246
18.866833 16.394846 -9.287434
18.863794 15.306697 -9.146581
18.492371 14.138034 -8.630109
17.908444 13.243460 -7.937571
17.588425 12.784224 -7.561957
16.585806 12.388431 -6.517279
18.779942 18.391922 -7.308826
19.368179 17.780916 -7.518461
19.929831 16.530591 -7.683627
19.883958 15.436974 -7.607397
19.355478 14.248254 -7.327885
18.560957 13.326788 -6.953086
18.126715 12.852965 -6.749805
16.806418 12.416604 -6.184429
15.878793 12.197735 -5.791806
18.031787 18.681282 -4.567001
12.165544 17.932150 -7.016610
16.313605 18.461867 -8.748746
18.099344 18.371950 -5.791805
12.403263 17.644550 -4.649584
13.045070 17.726509 -3.681255
14.005598 17.849170 -3.034237
15.138617 17.993858 -2.807035
16.271640 18.138547 -3.034237
17.232169 18.261208 -3.681255
17.873973 18.343169 -4.649583
12.177891 17.615768 -5.791805
11.923878 17.901292 -5.791805
12.403263 17.644550 -6.934026
13.045070 17.726509 -7.902356
12.853752 18.020038 -8.054950
14.005598 17.849170 -8.549373
13.883728 18.151569 -8.748746
15.138617 17.993858 -8.776575
15.098665 18.306718 -8.992376
16.271640 18.138550 -8.549373
17.232169 18.261211 -7.902356
17.343581 18.593398 -8.054949
17.873973 18.343169 -6.934028
15.681134 13.745564 -5.791806
18.273454 18.712144 -5.791805
12.165544 17.932150 -4.567001
12.853752 18.020038 -3.528660
15.098665 18.306717 -2.591235
17.343581 18.593398 -3.528661
18.031787 18.681282 -7.016610
8.770874 18.190562 -0.371565
9.894105 16.781766 -0.371565
10.141596 15.506233 -0.371565
9.817953 14.249741 -0.371565
8.808951 12.859981 -0.371565
5.762904 10.861013 -0.371566
1.034895 19.351868 -0.371564
-0.335826 18.190562 -0.371565
-1.459055 16.781766 -0.371565
0.010777 18.190562 1.370926
-1.026952 16.781766 1.800768
-1.255603 15.506233 1.895479
-0.956597 14.249741 1.771626
-0.024400 12.859981 1.385498
1.259569 11.508298 0.853660
2.789780 10.861013 0.219827
0.997820 18.190562 2.848140
0.203577 16.781766 3.642383
0.028574 15.506233 3.817387
0.257424 14.249741 3.588536
0.970897 12.859981 2.875064
1.953605 11.508298 1.892356
3.124777 10.861014 0.721184
2.475034 18.190562 3.835183
2.045192 16.781766 4.872912
1.950482 15.506233 5.101563
2.074335 14.249741 4.802557
2.460464 12.859981 3.870360
2.992301 11.508298 2.586390
3.626134 10.861013 1.056180
4.217524 18.190562 4.181785
4.217524 16.781766 5.305015
4.217525 15.506233 5.552506
4.217525 14.249741 5.228864
4.217525 12.859981 4.219861
4.217525 11.508298 2.830102
4.217525 10.861013 1.173815
5.960017 18.190562 3.835182
6.389858 16.781766 4.872911
6.484569 15.506233 5.101563
6.360717 14.249741 4.802556
5.974588 12.859981 3.870359
5.442751 11.508298 2.586389
4.808916 10.861013 1.056180
7.437231 18.190562 2.848139
8.231473 16.781766 3.642382
8.406477 15.506233 3.817385
8.177626 14.249741 3.588535
7.464154 12.859981 2.875062
6.481446 11.508298 1.892355
5.310274 10.861014 0.721183
8.424271 18.190562 1.370927
9.462000 16.781766 1.800769
9.690652 15.506233 1.895479
9.391646 14.249741 1.771626
8.459450 12.859981 1.385497
7.175480 11.508298 0.853659
5.645269 10.861013 0.219826
1.277157 19.351868 -1.589502
0.010777 18.190562 -2.114055
-1.026952 16.781766 -2.543897
-1.255603 15.506235 -2.638609
-1.706547 15.506233 -0.371565
-0.956597 14.249741 -2.514757
-1.382904 14.249741 -0.371565
-0.024400 12.859981 -2.128628
-0.373901 12.859981 -0.371565
1.259569 11.508298 -1.596792
1.015857 11.508298 -0.371566
2.789780 10.861014 -0.962958
2.672145 10.861013 -0.371566
1.967066 19.351868 -2.622022
0.997820 18.190562 -3.591270
0.203577 16.781767 -4.385512
0.028574 15.506235 -4.560516
0.257424 14.249741 -4.331667
0.970897 12.859982 -3.618196
1.953605 11.508298 -2.635487
3.124777 10.861014 -1.464315
2.475034 18.190562 -4.578312
2.045192 16.781767 -5.616041
1.950482 15.506236 -5.844693
2.074335 14.249741 -5.545686
2.460464 12.859982 -4.613491
2.992301 11.508298 -3.329522
3.626134 10.861014 -1.799311
4.217524 18.190562 -4.924915
4.217524 16.781767 -6.048144
4.217525 15.506236 -6.295635
4.217525 14.249741 -5.971993
4.217525 12.859982 -4.962992
4.217525 11.508298 -3.573233
4.217525 10.861014 -1.916946
5.435463 19.351868 -3.311930
5.960017 18.190562 -4.578310
6.389858 16.781767 -5.616039
6.484569 15.506236 -5.844693
6.360717 14.249741 -5.545685
5.974588 12.859982 -4.613491
5.442751 11.508298 -3.329521
4.808916 10.861014 -1.799311
6.467983 19.351868 -2.622022
7.437231 18.190562 -3.591269
8.231473 16.781767 -4.385511
8.406477 15.506235 -4.560514
8.177626 14.249741 -4.331664
7.464154 12.859982 -3.618193
6.481446 11.508298 -2.635486
5.310274 10.861014 -1.464314
8.424271 18.190562 -2.114057
9.462000 16.781766 -2.543897
9.690652 15.506235 -2.638609
9.391646 14.249741 -2.514757
8.459450 12.859981 -2.128628
7.175480 11.508298 -1.596791
5.645269 10.861014 -0.962957
7.419193 11.508298 -0.371566
4.217525 10.861014 -0.371566
7.400155 19.351868 -0.371564
4.217524 19.351868 2.811065
5.435463 19.351868 2.568802
6.467983 19.351868 1.878894
1.548915 18.799771 -0.371565
1.752050 18.799771 0.649667
1.277157 19.351866 0.846374
2.330533 18.799771 1.515427
1.967066 19.351868 1.878894
3.196292 18.799771 2.093909
2.999585 19.351868 2.568802
4.217524 18.799771 2.297045
5.238757 18.799771 2.093909
6.104517 18.799771 1.515427
6.682998 18.799771 0.649668
4.217524 13.716682 -0.371565
1.752050 18.799771 -1.392796
2.330533 18.799771 -2.258556
3.196292 18.799773 -2.837038
4.217524 18.799773 -3.040174
5.238757 18.799773 -2.837038
6.104517 18.799771 -2.258556
6.682998 18.799771 -1.392797
7.157891 19.351868 -1.589504
6.886134 18.799771 -0.371565
7.157891 19.351866 0.846376
2.999585 19.351868 -3.311930
4.217524 19.351868 -3.554194
24.437631 5.899257 3.634694
24.211575 7.361990 3.366618
24.417805 9.259233 3.034329
24.470808 9.746861 2.546623
24.439146 10.791748 1.494713
24.420505 11.406942 -0.881241
24.443079 10.661981 -2.061160
24.470807 9.746862 -3.106409
24.211575 7.361991 -3.363259
24.653522 4.502353 -3.483433
24.808850 3.497279 -2.747289
24.869580 3.104339 2.916736
24.619164 4.724659 3.538039
22.401891 11.123331 -0.940680
22.433461 10.081444 -2.375775
22.443599 9.746862 -2.472141
22.306451 8.485123 -2.856617
22.184367 7.361991 -2.993431
22.384741 6.065455 -3.090052
22.515170 5.221508 -3.064538
22.519276 5.194923 2.972805
22.268887 6.815096 3.240607
22.184367 7.361990 3.138431
22.318967 8.600263 2.894004
22.443602 9.746861 2.340052
22.418314 10.581348 1.365761
13.337271 10.882716 -2.201617
16.486681 11.273341 -1.953941
16.486681 11.273341 -1.953941
13.337271 10.882716 -2.201617
16.924318 16.166246 -0.949401
-12.105896 16.227486 1.432255
-3.758835 15.346124 3.840888
13.513805 15.703227 0.132382
16.924318 16.157988 -0.949401
16.486681 16.080214 -0.962504
2.606634 15.192305 5.177201
5.364046 15.208154 -5.548139
1.769371 15.187495 -5.117656
0.039241 15.207111 -3.702583
-9.689943 15.719151 -2.415747
-11.333068 16.032124 -0.739408
-12.105896 16.179327 1.432255
-3.758835 15.297966 3.840888
-3.758833 15.297969 -1.798231
14.495030 11.026314 -1.703431
-11.333068 16.080281 -0.739408
-9.689943 15.767307 -2.415747
12.091750 15.526848 0.664336
10.818265 15.368895 1.430483
