-6.379853 1.540602 -1.149535
-2.748781 0.273245 -1.149535
0.356781 0.000000 -1.149535
3.314582 0.343544 -1.149535
6.457392 1.431505 -1.149535
7.298835 4.983498 -1.149535
7.233705 17.865372 -1.149533
7.281249 25.148951 -1.149532
5.411723 26.137091 -1.149532
4.550745 26.184522 -1.149532
2.797427 26.358054 -1.149532
0.718383 26.300647 -1.149532
-2.102876 26.263559 -1.149532
-3.041929 26.333258 -1.149532
1.240480 22.877436 -1.149532
1.569938 22.759552 -1.149532
1.860662 22.574616 -1.149532
2.103211 22.332068 -1.149533
2.288147 22.041346 -1.149533
2.406030 21.711887 -1.149533
2.447422 21.353131 -1.149533
2.406031 20.994379 -1.149533
2.288147 20.664920 -1.149533
2.103211 20.374196 -1.149533
1.860662 20.131647 -1.149533
1.569939 19.946712 -1.149533
1.240481 19.828827 -1.149533
0.881727 19.787436 -1.149533
0.522973 19.828827 -1.149533
0.193515 19.946711 -1.149533
-0.097209 20.131647 -1.149533
-0.339758 20.374196 -1.149533
-0.524694 20.664920 -1.149533
-0.642578 20.994377 -1.149533
-0.683970 21.353131 -1.149533
-0.642578 21.711887 -1.149533
-0.524694 22.041344 -1.149533
-0.339758 22.332067 -1.149533
-0.097209 22.574616 -1.149532
0.193514 22.759552 -1.149532
0.522972 22.877436 -1.149532
0.881726 22.918828 -1.149532
1.189808 22.662137 -0.923535
1.472733 22.560904 -0.923535
1.722393 22.402089 -0.923535
1.930684 22.193799 -0.923535
2.089499 21.944138 -0.923535
2.190732 21.661214 -0.923535
2.226278 21.353131 -0.923535
2.190732 21.045050 -0.923535
2.089499 20.762125 -0.923535
1.930684 20.512465 -0.923535
1.722393 20.304175 -0.923535
1.472733 20.145360 -0.923535
1.189809 20.044126 -0.923535
0.881727 20.008580 -0.923535
0.573645 20.044126 -0.923535
0.290720 20.145359 -0.923535
0.041060 20.304174 -0.923535
-0.167231 20.512465 -0.923535
-0.326046 20.762125 -0.923535
-0.427279 21.045050 -0.923535
-0.462825 21.353131 -0.923535
-0.427279 21.661214 -0.923535
-0.326046 21.944138 -0.923535
-0.167231 22.193798 -0.923535
0.041059 22.402088 -0.923535
0.290720 22.560904 -0.923535
0.573644 22.662137 -0.923535
0.881726 22.697683 -0.923535
1.189808 22.662137 0.940230
1.475208 22.565964 0.940232
1.722393 22.402089 0.940230
2.089499 21.944138 0.940230
2.226278 21.353131 0.940230
2.089499 20.762125 0.940230
1.722393 20.304174 0.940230
1.189809 20.044126 0.940230
0.573645 20.044126 0.940230
0.041060 20.304174 0.940230
-0.171625 20.508943 0.940232
-0.326046 20.762125 0.940230
-0.432763 21.043759 0.940232
-0.462825 21.353131 0.940230
-0.432763 21.662505 0.940232
-0.326046 21.944138 0.940230
-0.171625 22.197319 0.940232
0.041059 22.402088 0.940230
0.288244 22.565964 0.940232
0.573644 22.662137 0.940230
0.881726 22.703315 0.940232
-5.118342 26.357871 1.149537
-5.433463 23.227011 1.149537
-5.877359 17.897261 1.149536
-6.497747 10.903849 1.149535
-7.329327 3.099830 1.149534
-7.140840 2.282054 1.149534
-6.379853 1.540602 1.149534
-4.768740 0.874139 1.149534
-2.748781 0.273245 1.149534
-1.172327 0.017288 1.149534
0.356781 -0.000000 1.149534
1.753790 0.095041 1.149534
3.314582 0.343544 1.149534
5.006220 0.861728 1.149534
6.457392 1.431505 1.149534
7.329329 2.031299 1.149534
7.298835 4.983498 1.149534
7.256880 13.294589 1.149535
7.233705 17.865372 1.149536
7.272056 22.357061 1.149536
7.281249 25.148951 1.149537
6.149579 25.940210 1.149537
5.411723 26.137091 1.149537
4.854740 26.240827 1.149537
4.550745 26.184522 1.149537
3.767657 26.201520 1.149537
2.797427 26.358054 1.149537
1.651443 26.287992 1.149537
0.718383 26.300647 1.149537
-0.842249 26.196436 1.149537
-2.102876 26.263559 1.149537
-2.503204 26.189353 1.149537
-3.041929 26.333258 1.149537
-3.738157 26.144352 1.149537
1.240480 22.877436 1.149536
1.569938 22.759552 1.149536
1.860662 22.574616 1.149536
2.103211 22.332068 1.149536
2.288147 22.041346 1.149536
2.406030 21.711885 1.149536
2.447422 21.353131 1.149536
2.406031 20.994379 1.149536
2.288147 20.664919 1.149536
2.103211 20.374196 1.149536
1.860662 20.131647 1.149536
1.569939 19.946711 1.149536
1.240481 19.828827 1.149536
0.881727 19.787435 1.149536
0.522973 19.828827 1.149536
0.193515 19.946711 1.149536
-0.097209 20.131647 1.149536
-0.339758 20.374196 1.149536
-0.524694 20.664920 1.149536
-0.642578 20.994377 1.149536
-0.683970 21.353131 1.149536
-0.642578 21.711885 1.149536
-0.524694 22.041344 1.149536
-0.339758 22.332067 1.149536
-0.097209 22.574616 1.149536
0.193514 22.759552 1.149536
0.522972 22.877436 1.149536
0.881726 22.918828 1.149536
1.192390 22.673105 0.940235
1.729436 22.410877 0.940235
1.935078 22.197321 0.940232
2.099618 21.949091 0.940235
2.196215 21.662503 0.940232
2.237542 21.353131 0.940235
2.196216 21.043759 0.940232
2.099618 20.757173 0.940234
1.935078 20.508943 0.940232
1.729437 20.295386 0.940234
1.475209 20.140300 0.940232
1.192390 20.033158 0.940234
0.881727 20.002948 0.940232
0.571064 20.033159 0.940234
0.288245 20.140299 0.940232
0.034017 20.295386 0.940234
-0.336165 20.757175 0.940234
-0.474090 21.353131 0.940235
-0.336165 21.949089 0.940235
0.034016 22.410877 0.940235
0.571063 22.673105 0.940235
-5.118342 26.357871 -1.149535
-5.433463 23.227011 -1.149534
-5.877359 17.897261 -1.149535
-6.497747 10.903850 -1.149535
-7.329327 3.099830 -1.149537
-7.140840 2.282054 -1.149536
-6.379853 1.540602 -1.149537
-4.768740 0.874139 -1.149536
-2.748781 0.273245 -1.149537
-1.172327 0.017288 -1.149536
0.356781 0.000000 -1.149538
1.753790 0.095041 -1.149536
3.314582 0.343544 -1.149537
5.006220 0.861728 -1.149536
6.457392 1.431505 -1.149537
7.329329 2.031299 -1.149536
7.298835 4.983498 -1.149537
7.256880 13.294589 -1.149535
7.233705 17.865372 -1.149535
7.272056 22.357061 -1.149534
7.281249 25.148951 -1.149535
6.149579 25.940210 -1.149533
5.411723 26.137091 -1.149535
4.854740 26.240827 -1.149533
4.550745 26.184522 -1.149535
3.767657 26.201520 -1.149533
2.797427 26.358054 -1.149535
1.651443 26.287992 -1.149533
0.718383 26.300647 -1.149535
-0.842249 26.196436 -1.149533
-2.102876 26.263559 -1.149535
-2.503204 26.189353 -1.149533
-3.041929 26.333258 -1.149535
-3.738157 26.144352 -1.149533
1.475208 22.565964 0.940232
-0.171625 20.508943 0.940232
-0.432763 21.043759 0.940232
-0.432763 21.662505 0.940232
-0.171625 22.197319 0.940232
0.288244 22.565964 0.940232
0.881726 22.703315 0.940232
1.935078 22.197321 0.940232
2.196215 21.662503 0.940232
2.196216 21.043759 0.940232
1.935078 20.508943 0.940232
1.475209 20.140300 0.940232
0.881727 20.002948 0.940232
0.288245 20.140299 0.940232
-5.433463 23.227011 -1.149534
-6.497747 10.903850 -1.149535
-7.140840 2.282054 -1.149536
-4.768740 0.874139 -1.149536
-1.172327 0.017288 -1.149536
1.753790 0.095041 -1.149536
5.006220 0.861728 -1.149536
7.329329 2.031299 -1.149536
7.256880 13.294589 -1.149535
7.272056 22.357061 -1.149534
6.149579 25.940210 -1.149533
4.854740 26.240827 -1.149533
3.767657 26.201520 -1.149533
1.651443 26.287992 -1.149533
-0.842249 26.196436 -1.149533
-2.503204 26.189353 -1.149533
-3.738157 26.144352 -1.149533
