1.852956 0.344102 0.473993
1.852956 0.503598 0.599150
1.852956 0.814910 0.655110
1.852956 1.125903 0.599139
1.852956 1.285710 0.473928
1.852956 1.393594 0.310898
1.852956 1.459477 0.000000
-1.795938 1.549263 -0.398220
-1.795938 1.434922 -0.617196
-1.795938 1.209031 -0.742630
-1.795938 0.805964 -0.778499
-1.795938 0.366377 -0.744196
-1.795938 0.179708 -0.626594
-1.795938 0.091357 -0.399786
-1.795938 0.050713 -0.001347
-1.795938 0.091357 0.390383
-1.795938 0.179708 0.615935
-1.795938 0.366377 0.733170
-1.795938 0.805964 0.767789
-1.795938 1.209031 0.731604
-1.795938 1.434922 0.606537
-1.795938 1.549263 0.388817
-1.795938 1.586504 -0.001347
0.008570 1.454981 -0.322569
0.008570 1.491149 0.000000
0.008570 1.454981 0.322570
0.008570 1.345162 0.518562
0.008570 1.139669 0.644300
0.008570 0.805842 0.678302
0.008570 0.433537 0.645637
0.008570 0.265565 0.526587
0.008570 0.180861 0.323907
0.008570 0.141413 -0.000000
0.008570 0.180861 -0.323907
0.008570 0.265565 -0.526534
0.008570 0.433537 -0.645314
0.008570 0.805842 -0.678195
0.008570 1.139669 -0.643976
0.008570 1.345161 -0.518508
1.908171 1.320669 -0.274057
1.908171 1.229620 -0.414972
1.908171 1.089043 -0.512371
1.908171 0.814986 -0.572287
1.908171 0.540929 -0.512371
1.908171 0.400352 -0.414973
1.908171 0.309475 -0.274057
1.908171 0.272351 -0.000000
1.908171 0.309475 0.274057
1.908171 0.400352 0.415111
1.908171 0.540929 0.513200
1.908171 0.814986 0.572564
1.908171 1.089043 0.513200
1.908171 1.229620 0.415111
1.908171 1.320669 0.274057
1.908171 1.358658 0.000000
3.956792 1.017636 -0.108824
3.939718 0.979632 -0.164646
3.928094 0.923810 -0.202649
3.920653 0.814986 -0.226979
3.928094 0.706161 -0.202650
3.939718 0.650340 -0.164646
3.956792 0.612336 -0.108824
3.984756 0.588007 0.000000
3.983897 0.612336 0.108825
3.980726 0.650340 0.164646
3.978567 0.706161 0.202650
3.977185 0.814986 0.226979
3.978567 0.923810 0.202650
3.980726 0.979632 0.164646
3.983897 1.017636 0.108825
3.984756 1.041965 0.000000
-1.998756 1.668296 -0.720812
-1.998756 1.653983 -0.877447
-1.998756 1.494787 -0.890929
-1.998756 0.819823 -0.892517
-1.998756 0.181554 -0.890998
-1.998756 0.027548 -0.877862
-1.998756 0.013659 -0.720881
-1.998756 0.011860 -0.010286
-1.998756 0.013659 0.649143
-1.998756 0.027548 0.797408
-1.998756 0.181554 0.810789
-1.998756 0.819823 0.812321
-1.998756 1.494786 0.810720
-1.998756 1.653983 0.796992
-1.998756 1.668296 0.649074
-1.998756 1.669944 -0.010286
-4.627757 0.816137 -0.001253
-2.981746 1.616568 -0.659900
-2.981746 1.616569 -0.002963
-2.981746 1.616568 0.640429
-2.981746 1.609048 0.781021
-2.981746 1.471122 0.789405
-2.981746 0.820138 0.789406
-2.981746 0.200974 0.789405
-2.981746 0.073668 0.781021
-2.981746 0.066882 0.640429
-2.981746 0.066881 -0.002963
-2.981746 0.066882 -0.659900
-2.981746 0.073668 -0.795832
-2.981746 0.200974 -0.802946
-2.981746 0.820138 -0.802947
-2.981746 1.471122 -0.802946
-2.981746 1.609048 -0.795832
-2.476450 1.666690 -0.701286
-2.476450 1.666691 -0.001231
-2.476450 1.666690 0.692785
-2.476450 1.658845 0.837914
-2.476450 1.512855 0.845796
-2.476450 0.820314 0.845797
-2.476450 0.166181 0.845796
-2.476450 0.025439 0.837914
-2.476450 0.017173 0.692785
-2.476450 0.017172 -0.001231
-2.476450 0.017173 -0.701286
-2.476450 0.025439 -0.846931
-2.476450 0.166181 -0.854694
-2.476450 0.820314 -0.854695
-2.476450 1.512855 -0.854694
-2.476450 1.658845 -0.846931
-3.868474 1.365974 -0.450915
-3.868474 1.365975 -0.001623
-3.868474 1.365974 0.443980
-3.868474 1.359941 0.547636
-3.868474 1.261026 0.554487
-3.868474 0.819753 0.554487
-3.868474 0.398461 0.554487
-3.868474 0.309215 0.547636
-3.868474 0.304159 0.443980
-3.868474 0.304159 -0.001623
-3.868474 0.304159 -0.450915
-3.868474 0.309215 -0.551111
-3.868474 0.398461 -0.557238
-3.868474 0.819753 -0.557239
-3.868474 1.261026 -0.557238
-3.868474 1.359941 -0.551111
-3.432236 1.521601 -0.581215
-3.432236 1.521602 -0.002548
-3.432236 1.521601 0.564702
-3.432236 1.514588 0.694217
-3.432236 1.391129 0.702557
-3.432236 0.819360 0.702558
-3.432236 0.273892 0.702557
-3.432236 0.163748 0.694217
-3.432236 0.158124 0.564702
-3.432236 0.158124 -0.002548
-3.432236 0.158124 -0.581216
-3.432236 0.163748 -0.705351
-3.432236 0.273892 -0.712370
-3.432236 0.819360 -0.712371
-3.432236 1.391129 -0.712370
-3.432236 1.514589 -0.705351
-4.490749 0.974443 -0.010036
-4.490749 0.974443 0.104392
-4.490749 0.971727 0.146701
-4.490749 0.938385 0.151229
-4.490749 0.817506 0.151230
-4.490749 0.704699 0.151229
-4.490749 0.671071 0.146701
-4.490749 0.668005 0.104392
-4.490749 0.668005 -0.010036
-4.490749 0.668005 -0.126731
-4.490749 0.671071 -0.166174
-4.490749 0.704700 -0.170105
-4.490749 0.817506 -0.170105
-4.490749 0.938384 -0.170105
-4.490749 0.971727 -0.166174
-4.490749 0.974443 -0.126731
-4.211117 1.175899 -0.006090
-4.211117 1.175898 0.279039
-4.211117 1.171464 0.352961
-4.211117 1.104296 0.358634
-4.211117 0.818980 0.358634
-4.211117 0.548968 0.358634
-4.211117 0.485114 0.352961
-4.211117 0.480723 0.279039
-4.211117 0.480723 -0.006090
-4.211117 0.480723 -0.292177
-4.211117 0.485114 -0.364901
-4.211117 0.548968 -0.370335
-4.211117 0.818980 -0.370335
-4.211117 1.104297 -0.370335
-4.211117 1.171464 -0.364901
-4.211117 1.175898 -0.292177
3.967008 0.975562 -0.086083
3.953438 0.945434 -0.130448
3.990875 0.814986 0.000000
3.944223 0.901069 -0.160576
3.938365 0.814986 -0.179728
3.944223 0.728903 -0.160576
3.953438 0.684538 -0.130448
3.967008 0.654410 -0.086083
3.989024 0.635258 0.000000
3.988448 0.654410 0.086083
3.985928 0.684538 0.130448
3.984217 0.728903 0.160576
3.983129 0.814986 0.179728
3.984217 0.901069 0.160576
3.985929 0.945434 0.130448
3.988448 0.975562 0.086083
3.989024 0.994714 0.000000
1.547795 1.302480 -0.487333
1.547795 1.412599 -0.316861
1.547795 1.476561 0.000000
1.547795 1.412599 0.316861
1.547795 1.302480 0.488238
1.547795 1.132271 0.616918
1.547795 0.813235 0.668151
1.547795 0.486832 0.617169
1.547795 0.323807 0.489743
1.547795 0.218497 0.317112
1.547795 0.153907 -0.000000
1.547795 0.218497 -0.317112
1.547795 0.323807 -0.488839
1.547795 0.486832 -0.611745
1.547795 0.813235 -0.666343
1.547795 1.132271 -0.611494
3.669634 0.945912 -0.243806
3.662911 0.814986 -0.273077
3.669634 0.684060 -0.243806
3.680135 0.616902 -0.198084
3.695561 0.571870 -0.130926
3.720825 0.546048 0.000000
3.720049 0.571870 0.130926
3.717184 0.616902 0.198084
3.715234 0.684060 0.243806
3.713985 0.814986 0.273077
3.715234 0.945912 0.243806
3.717183 1.013070 0.198085
3.720049 1.058127 0.130926
3.720825 1.084072 0.000000
3.695561 1.058127 -0.130926
3.680136 1.013070 -0.198084
2.231407 1.058363 -0.453209
2.230444 0.814986 -0.507621
2.231407 0.571609 -0.453209
2.232911 0.446769 -0.368217
2.235120 0.366606 -0.243377
2.238738 0.336341 0.000000
2.238627 0.366606 0.243377
2.238217 0.446768 0.368217
2.237937 0.571609 0.453209
2.237759 0.814986 0.507621
2.237937 1.058363 0.453209
2.238217 1.183203 0.368217
2.238627 1.263539 0.243377
2.238738 1.294668 0.000000
2.235120 1.263539 -0.243377
2.232911 1.183203 -0.368217
-1.499014 1.523756 -0.357284
-1.499014 1.562757 0.000000
-1.499014 1.523756 0.357284
-1.499014 1.402400 0.577330
-1.499014 1.174068 0.711195
-1.499014 0.804622 0.749179
-1.499014 0.391567 0.712870
-1.499014 0.205760 0.587381
-1.499014 0.112869 0.358959
-1.499014 0.070150 -0.000000
-1.499014 0.112869 -0.358959
-1.499014 0.205760 -0.587467
-1.499014 0.391568 -0.713389
-1.499014 0.804622 -0.749351
-1.499014 1.174068 -0.711713
-1.499014 1.402400 -0.577416
-1.884824 1.624085 -0.611540
-1.884824 1.639066 -0.009594
-1.884824 1.624085 0.544592
-1.884824 1.572141 0.718128
-1.884824 1.386969 0.773595
-1.884824 0.814658 0.788150
-1.884824 0.251742 0.774224
-1.884824 0.084397 0.721905
-1.884824 0.042416 0.545222
-1.884824 0.026069 -0.009594
-1.884824 0.042416 -0.612170
-1.884824 0.084397 -0.797205
-1.884824 0.251743 -0.849470
-1.884824 0.814658 -0.863269
-1.884824 1.386969 -0.848841
-1.884824 1.572141 -0.793428
1.807445 1.354431 -0.413152
1.807445 1.228432 -0.549760
1.807445 0.985848 -0.649195
1.807445 0.642909 -0.649195
1.807445 0.400073 -0.549934
1.807445 0.275460 -0.413326
1.807445 0.176571 -0.170862
1.807445 0.176571 0.170862
1.807445 0.275460 0.413326
1.807445 0.400073 0.554215
1.807445 0.642909 0.653476
1.807445 0.985848 0.653476
1.807445 1.228432 0.554041
1.807445 1.354431 0.413152
1.807445 1.453573 0.170862
1.807445 1.453572 -0.170862
3.968392 0.921278 -0.081561
3.960827 0.896547 -0.106292
3.954773 0.848769 -0.126082
3.954774 0.781202 -0.126082
3.960827 0.733425 -0.106292
3.968392 0.708694 -0.081561
3.983005 0.688904 -0.033783
3.991419 0.688904 0.033784
3.988705 0.708694 0.081561
3.987301 0.733425 0.106292
3.986176 0.781202 0.126082
3.986176 0.848769 0.126082
3.987301 0.896547 0.106292
3.988705 0.921278 0.081561
3.991419 0.941068 0.033784
3.983005 0.941068 -0.033783
-0.848601 1.518420 -0.180076
-0.848601 1.518420 0.180076
-0.848601 1.445289 0.458671
-0.848601 1.282083 0.624693
-0.848601 0.995062 0.706249
-0.848601 0.593454 0.706249
-0.848601 0.297823 0.631064
-0.848601 0.181943 0.465043
-0.848601 0.117422 0.180076
-0.848601 0.117422 -0.180076
-0.848601 0.181943 -0.465043
-0.848601 0.297823 -0.631410
-0.848601 0.593454 -0.706595
-0.848601 0.995062 -0.706595
-0.848601 1.282083 -0.625038
-0.848601 1.445289 -0.458671
1.880563 1.394271 -0.158071
1.880563 1.312318 -0.381617
1.880563 1.196603 -0.502749
1.880563 0.973057 -0.595345
1.880563 0.656915 -0.595345
1.880563 0.433369 -0.502749
1.880563 0.317653 -0.381617
1.880563 0.236096 -0.158071
1.880563 0.236096 0.158071
1.880563 0.317653 0.381617
1.880563 0.433369 0.504960
1.880563 0.656915 0.597555
1.880563 0.973057 0.597555
1.880563 1.196603 0.504960
1.880563 1.312319 0.381617
1.880563 1.394271 0.158071
1.953687 1.327260 -0.142967
1.953687 1.264798 -0.345153
1.953687 1.160139 -0.449812
1.953687 0.957953 -0.533560
1.953687 0.672019 -0.533560
1.953687 0.469833 -0.449812
1.953687 0.365174 -0.345153
1.953687 0.303502 -0.142967
1.953687 0.303502 0.142967
1.953687 0.365174 0.345153
1.953687 0.469833 0.449812
1.953687 0.672019 0.533561
1.953687 0.957953 0.533561
1.953687 1.160139 0.449812
1.953687 1.264798 0.345153
1.953687 1.327260 0.142967
-1.843569 1.550787 -0.627665
-1.843569 1.422696 -0.755647
-1.843569 1.074376 -0.813667
-1.843569 0.537435 -0.813667
-1.843569 0.193445 -0.760180
-1.843569 0.095603 -0.632198
-1.843569 0.047666 -0.273117
-1.843569 0.047666 0.251559
-1.843569 0.095603 0.589537
-1.843569 0.193445 0.717745
-1.843569 0.537435 0.771232
-1.843569 1.074376 0.771232
-1.843569 1.422696 0.713212
-1.843569 1.550787 0.585004
-1.843569 1.604422 0.251559
-1.843569 1.604422 -0.273117
-2.208586 1.673447 -0.845998
-2.208586 1.638377 -0.878339
-2.208586 1.207808 -0.878341
-2.208586 0.449136 -0.878341
-2.208586 0.048190 -0.878339
-2.208586 0.010416 -0.845998
-2.208586 0.010415 -0.406829
-2.208586 0.010415 0.384632
-2.208586 0.010416 0.801987
-2.208586 0.048190 0.834711
-2.208586 0.449135 0.834712
-2.208586 1.207808 0.834712
-2.208586 1.638377 0.834711
-2.208586 1.673447 0.801987
-2.208586 1.673449 0.384632
-2.208586 1.673449 -0.406829
-3.210526 1.575901 -0.354064
-3.210526 1.575901 0.341393
-3.210526 1.575899 0.716892
-3.210526 1.546587 0.750998
-3.210526 1.165701 0.750999
-3.210526 0.484819 0.750999
-3.210526 0.130910 0.750998
-3.210526 0.106309 0.716891
-3.210526 0.106308 0.341393
-3.210526 0.106308 -0.354064
-3.210526 0.106309 -0.736475
-3.210526 0.130910 -0.764822
-3.210526 0.484819 -0.764824
-3.210526 1.165702 -0.764824
-3.210526 1.546587 -0.764822
-3.210526 1.575899 -0.736475
-2.735612 1.647281 -0.386065
-2.735612 1.647281 0.380691
-2.735612 1.647280 0.793615
-2.735612 1.617041 0.825848
-2.735612 1.200021 0.825850
-2.735612 0.454648 0.825850
-2.735612 0.066320 0.825848
-2.735612 0.036584 0.793615
-2.735612 0.036582 0.380691
-2.735612 0.036582 -0.386065
-2.735612 0.036584 -0.801680
-2.735612 0.066320 -0.831232
-2.735612 0.454648 -0.831233
-2.735612 1.200021 -0.831233
-2.735612 1.617041 -0.831232
-2.735612 1.647280 -0.801680
-4.049352 1.274430 -0.211805
-4.049352 1.274430 0.204294
-4.049352 1.274429 0.436339
-4.049352 1.253303 0.461131
-4.049352 1.024131 0.461132
-4.049352 0.621786 0.461132
-4.049352 0.408382 0.461131
-4.049352 0.389275 0.436339
-4.049352 0.389274 0.204293
-4.049352 0.389274 -0.211805
-4.049352 0.389275 -0.443850
-4.049352 0.408382 -0.467051
-4.049352 0.621786 -0.467052
-4.049352 1.024131 -0.467052
-4.049352 1.253303 -0.467051
-4.049352 1.274429 -0.443850
-3.657161 1.449996 -0.294085
-3.657161 1.449996 0.287314
-3.657161 1.449995 0.605317
-3.657161 1.423617 0.636007
-3.657161 1.106212 0.636008
-3.657161 0.541576 0.636008
-3.657161 0.246780 0.636007
-3.657161 0.225593 0.605317
-3.657161 0.225592 0.287314
-3.657161 0.225592 -0.294085
-3.657161 0.225593 -0.614631
-3.657161 0.246780 -0.641093
-3.657161 0.541576 -0.641094
-3.657161 1.106212 -0.641094
-3.657161 1.423617 -0.641093
-3.657161 1.449995 -0.614631
-4.557070 0.913682 -0.046219
-4.557070 0.913682 0.029192
-4.557070 0.913682 0.078790
-4.557070 0.906401 0.091673
-4.557070 0.857417 0.091673
-4.557070 0.778542 0.091673
-4.557070 0.732928 0.091673
-4.557070 0.724488 0.078790
-4.557070 0.724488 0.029192
-4.557070 0.724488 -0.046219
-4.557070 0.724488 -0.095816
-4.557070 0.732928 -0.106718
-4.557070 0.778542 -0.106718
-4.557070 0.857417 -0.106718
-4.557070 0.906401 -0.106718
-4.557070 0.913682 -0.095816
-4.365095 1.070919 -0.118459
-4.365095 1.070919 0.099618
-4.365095 1.070919 0.228761
-4.365095 1.056586 0.249684
-4.365095 0.929042 0.249685
-4.365095 0.712355 0.249685
-4.365095 0.593587 0.249684
-4.365095 0.578294 0.228761
-4.365095 0.578293 0.099618
-4.365095 0.578293 -0.118459
-4.365095 0.578294 -0.247602
-4.365095 0.593587 -0.266888
-4.365095 0.712355 -0.266888
-4.365095 0.929042 -0.266888
-4.365095 1.056586 -0.266888
-4.365095 1.070919 -0.247602
3.952583 0.988632 -0.133243
3.940225 0.948229 -0.173646
3.930336 0.870177 -0.205977
3.930336 0.759795 -0.205977
3.940225 0.681742 -0.173646
3.952583 0.641340 -0.133243
3.976457 0.609009 -0.055191
3.990203 0.609009 0.055191
3.985769 0.641340 0.133244
3.983474 0.681742 0.173646
3.981638 0.759795 0.205977
3.981638 0.870177 0.205977
3.983475 0.948229 0.173646
3.985769 0.988632 0.133244
3.990203 1.020963 0.055191
3.976457 1.020963 -0.055191
0.877769 1.381536 -0.420654
0.877769 1.463613 -0.169348
0.877769 1.463613 0.169348
0.877769 1.381536 0.420654
0.877769 1.240955 0.569906
0.877769 0.984334 0.657297
0.877769 0.623695 0.657297
0.877769 0.362518 0.573051
0.877769 0.246985 0.423799
0.877769 0.169466 0.169348
0.877769 0.169466 -0.169348
0.877769 0.246985 -0.423799
0.877769 0.362518 -0.571153
0.877769 0.623695 -0.655399
0.877769 0.984334 -0.655399
0.877769 1.240955 -0.568008
3.911536 0.875225 -0.224817
3.911536 0.754747 -0.224817
3.922329 0.669555 -0.189529
3.935817 0.625457 -0.145431
3.961875 0.590169 -0.060239
3.976878 0.590169 0.060240
3.972039 0.625457 0.145431
3.969534 0.669555 0.189529
3.967530 0.754746 0.224817
3.967529 0.875225 0.224817
3.969534 0.960417 0.189529
3.972039 1.004515 0.145431
3.976878 1.039803 0.060240
3.961875 1.039803 -0.060239
3.935817 1.004515 -0.145431
3.922329 0.960417 -0.189529
2.953023 0.915744 -0.376033
2.953023 0.714228 -0.376033
2.958468 0.571735 -0.317010
2.965271 0.497976 -0.243250
2.978415 0.449992 -0.100758
2.985983 0.449992 0.100758
2.983542 0.497976 0.243251
2.982279 0.571735 0.317010
2.981267 0.714228 0.376033
2.981267 0.915744 0.376033
2.982278 1.058236 0.317010
2.983542 1.131996 0.243251
2.985983 1.180375 0.100758
2.978415 1.180375 -0.100758
2.965271 1.131996 -0.243250
2.958467 1.058236 -0.317010
-1.747939 1.566342 -0.192917
-1.747939 1.566342 0.192917
-1.747939 1.485689 0.491378
-1.747939 1.313083 0.666799
-1.747939 1.007902 0.754171
-1.747939 0.580614 0.754171
-1.747939 0.266823 0.673625
-1.747939 0.141542 0.498204
-1.747939 0.069500 0.192917
-1.747939 0.069500 -0.192917
-1.747939 0.141542 -0.498204
-1.747939 0.266823 -0.673971
-1.747939 0.580614 -0.754517
-1.747939 1.007902 -0.754517
-1.747939 1.313083 -0.667145
-1.747939 1.485689 -0.491377
-1.913694 1.656908 -0.385067
-1.913694 1.656908 0.339346
-1.913694 1.643800 0.725056
-1.913694 1.582244 0.782740
-1.913694 1.171604 0.796919
-1.913694 0.474635 0.796919
-1.913694 0.087450 0.783847
-1.913694 0.030906 0.726163
-1.913694 0.019191 0.339346
-1.913694 0.019191 -0.385067
-1.913694 0.030906 -0.816480
-1.913694 0.087450 -0.873094
-1.913694 0.474636 -0.886165
-1.913694 1.171604 -0.886165
-1.913694 1.582244 -0.871986
-1.913694 1.643800 -0.815372
1.852956 1.343109 -0.405048
1.807445 1.295792 -0.483017
1.547795 1.362001 -0.415247
1.807445 1.406355 -0.316866
1.852956 1.220108 -0.537472
1.807445 1.131925 -0.607209
1.547795 1.231929 -0.554856
1.547795 0.985426 -0.650928
1.852956 0.982695 -0.635551
1.807445 0.814682 -0.666322
1.547795 0.637543 -0.650928
1.852956 0.646974 -0.635551
1.807445 0.496162 -0.607252
1.852956 0.409497 -0.537516
1.807445 0.333540 -0.483279
1.547795 0.389584 -0.555860
1.852956 0.286843 -0.405092
1.807445 0.223811 -0.316910
1.547795 0.267508 -0.416251
1.547795 0.174587 -0.170440
1.852956 0.191661 -0.167709
1.807445 0.154054 -0.000000
1.547795 0.174587 0.170440
1.852956 0.191661 0.167709
1.807445 0.223811 0.316910
1.852956 0.286843 0.405092
1.807445 0.333540 0.484349
1.547795 0.267507 0.416251
1.852956 0.409497 0.541349
1.807445 0.496162 0.613674
1.547795 0.389584 0.559476
1.547795 0.637543 0.654543
1.852956 0.646973 0.639384
1.807445 0.814682 0.668463
1.547795 0.985425 0.654543
1.852956 0.982695 0.639384
1.807445 1.131926 0.613630
1.852956 1.220108 0.541306
1.807445 1.295793 0.484088
1.547795 1.231930 0.558472
1.852956 1.343109 0.405049
1.807445 1.406356 0.316866
1.547795 1.362002 0.415247
1.547795 1.456377 0.170440
1.852956 1.438453 0.167709
1.807445 1.476004 0.000000
1.547795 1.456377 -0.170440
1.852956 1.438453 -0.167709
3.958203 0.964689 -0.114871
3.976768 0.916965 -0.054174
3.968014 0.897782 -0.082796
3.947549 0.929857 -0.149703
3.962146 0.869160 -0.101979
3.958556 0.814986 -0.113716
3.939023 0.862567 -0.177576
3.962146 0.760812 -0.101980
3.939023 0.767405 -0.177576
3.947549 0.700114 -0.149703
3.968014 0.732190 -0.082796
3.958203 0.665282 -0.114871
3.976768 0.713006 -0.054174
3.990275 0.701270 0.000000
3.978785 0.637410 -0.047581
3.990261 0.713006 0.054174
3.990636 0.637410 0.047581
3.986813 0.665282 0.114872
3.988635 0.732190 0.082796
3.984835 0.700114 0.149704
3.987545 0.760812 0.101980
3.986879 0.814986 0.113716
3.983251 0.767405 0.177576
3.987545 0.869160 0.101980
3.983251 0.862567 0.177576
3.984835 0.929858 0.149704
3.988635 0.897782 0.082796
3.986813 0.964690 0.114872
3.990261 0.916966 0.054174
3.990275 0.928702 0.000000
3.990636 0.992562 0.047581
3.978785 0.992562 -0.047581
-0.848601 1.526855 0.000000
0.008570 1.482041 -0.171318
-0.848601 1.491702 -0.339763
-1.499014 1.553078 -0.189362
-0.848601 1.491702 0.339763
0.008570 1.482041 0.171318
-1.499014 1.553078 0.189363
0.008570 1.410233 0.433690
-1.499014 1.474507 0.482325
-0.848601 1.376357 0.549436
0.008570 1.257131 0.591071
-1.499014 1.304503 0.655145
-0.848601 1.156855 0.678833
-0.848601 0.804622 0.713276
0.008570 0.986304 0.671334
-1.499014 1.004348 0.740907
-0.848601 0.408781 0.680426
0.008570 0.607091 0.671334
-1.499014 0.584168 0.740907
0.008570 0.328666 0.596421
-1.499014 0.275403 0.661845
-0.848601 0.231803 0.558994
0.008570 0.217321 0.439040
-1.499014 0.152725 0.489025
-0.848601 0.144922 0.341356
-0.848601 0.106052 -0.000000
0.008570 0.153111 0.171318
-1.499014 0.082764 0.189362
-0.848601 0.144922 -0.341356
0.008570 0.153111 -0.171318
-1.499014 0.082764 -0.189363
0.008570 0.217321 -0.439040
-1.499014 0.152725 -0.489025
-0.848601 0.231803 -0.559080
0.008570 0.328666 -0.596205
-1.499014 0.275403 -0.662191
-0.848601 0.408781 -0.680944
-0.848601 0.804622 -0.713449
0.008570 0.607091 -0.671118
-1.499014 0.584168 -0.741253
-0.848601 1.156855 -0.679351
0.008570 0.986304 -0.671118
-1.499014 1.004348 -0.741253
0.008570 1.257131 -0.590855
-1.499014 1.304502 -0.655490
-0.848601 1.376357 -0.549522
0.008570 1.410233 -0.433690
-1.499014 1.474507 -0.482325
1.880563 1.357927 -0.292993
1.880563 1.410127 0.000000
1.908172 1.348162 -0.147855
1.908172 1.280176 -0.356953
1.880563 1.258269 -0.444637
1.908172 1.171939 -0.466544
1.880563 1.107979 -0.553727
1.880563 0.814986 -0.613814
1.908172 0.962841 -0.553155
1.880563 0.521993 -0.553727
1.908172 0.667131 -0.553156
1.908172 0.458033 -0.466544
1.880563 0.371703 -0.444637
1.908172 0.349796 -0.356953
1.880563 0.272144 -0.292993
1.880563 0.220438 -0.000000
1.908172 0.282502 -0.147855
1.880563 0.272143 0.292993
1.908172 0.282502 0.147855
1.908172 0.349796 0.356953
1.880563 0.371703 0.445190
1.908172 0.458033 0.467097
1.880563 0.521993 0.557042
1.880563 0.814986 0.614919
1.908172 0.667131 0.553708
1.880563 1.107979 0.557043
1.908172 0.962841 0.553708
1.908172 1.171939 0.467097
1.880563 1.258269 0.445190
1.908172 1.280176 0.356953
1.880563 1.357927 0.292993
1.908172 1.348162 0.147855
1.953687 1.303134 -0.264997
1.953687 1.335771 0.000000
2.237104 1.286390 -0.131303
2.233817 1.228100 -0.316993
1.953687 1.215913 -0.400927
2.232116 1.131979 -0.413114
1.953687 1.079983 -0.493469
2.230755 0.946289 -0.490029
1.953687 0.814986 -0.552714
2.230755 0.683683 -0.490029
1.953687 0.549989 -0.493469
2.232117 0.497992 -0.413114
1.953687 0.414059 -0.400927
2.233817 0.401872 -0.316993
1.953687 0.327036 -0.264997
2.237104 0.344274 -0.131303
1.953687 0.295387 -0.000000
2.238995 0.344274 0.131303
1.953687 0.327036 0.264997
2.238385 0.401872 0.316994
1.953687 0.414059 0.400927
2.238069 0.497992 0.413114
1.953687 0.549989 0.493469
2.237817 0.683683 0.490030
1.953687 0.814986 0.552715
2.237817 0.946289 0.490030
1.953687 1.079983 0.493469
2.238069 1.131979 0.413114
1.953687 1.215913 0.400927
2.238385 1.228100 0.316994
1.953687 1.303134 0.264997
2.238995 1.286390 0.131303
-1.795938 1.503046 -0.526325
-1.843569 1.498728 -0.700376
-1.884824 1.605507 -0.741859
-1.843569 1.584232 -0.498312
-1.795938 1.341317 -0.690398
-1.843569 1.291607 -0.793427
-1.884824 1.516559 -0.827855
-1.795938 1.024865 -0.770588
-1.843569 0.809990 -0.819402
-1.884824 1.131576 -0.860083
-1.795938 0.569475 -0.770588
-1.843569 0.313117 -0.794561
-1.884824 0.500490 -0.860083
-1.795938 0.247648 -0.696663
-1.843569 0.135309 -0.707176
-1.884824 0.131088 -0.830373
-1.795938 0.128975 -0.532591
-1.843569 0.068373 -0.499446
-1.884824 0.057542 -0.744378
-1.795938 0.062758 -0.213311
-1.843569 0.038943 -0.005389
-1.884824 0.030914 -0.340860
-1.795938 0.062758 0.207921
-1.843569 0.068373 0.461833
-1.884824 0.030914 0.302483
-1.795938 0.128975 0.521926
-1.843569 0.135309 0.664799
-1.884824 0.057542 0.668472
-1.795938 0.247648 0.685796
-1.843569 0.313117 0.752011
-1.884824 0.131088 0.755190
-1.795938 0.569475 0.759720
-1.843569 0.809990 0.777082
-1.884824 0.500490 0.784901
-1.795938 1.024865 0.759720
-1.843569 1.291607 0.750878
-1.884824 1.131576 0.784901
-1.795938 1.341317 0.679530
-1.843569 1.498728 0.657999
-1.884824 1.516559 0.752672
-1.795938 1.503046 0.515661
-1.843569 1.584233 0.460700
-1.884824 1.605508 0.665954
-1.795938 1.577146 0.207921
-1.843569 1.611203 -0.005389
-1.884824 1.635300 0.302483
-1.795938 1.577146 -0.213311
-1.884824 1.635300 -0.340860
-1.998756 1.666252 -0.849614
-2.208586 1.664679 -0.870254
-2.476450 1.666690 -0.823646
-2.208586 1.673448 -0.720035
-1.998756 1.622075 -0.888620
-2.208586 1.513200 -0.878340
-2.476450 1.635311 -0.854693
-2.476450 1.208242 -0.854694
-1.998756 1.196376 -0.892166
-2.208586 0.820390 -0.878341
-2.476450 0.447918 -0.854694
-1.998756 0.458106 -0.892166
-2.208586 0.167313 -0.878340
-1.998756 0.060497 -0.888897
-2.208586 0.019860 -0.870254
-2.476450 0.050231 -0.854693
-1.998756 0.015323 -0.849891
-2.208586 0.010416 -0.720036
-2.476450 0.017174 -0.823646
-2.476450 0.017173 -0.396300
-1.998756 0.012393 -0.406727
-2.208586 0.010415 -0.005549
-2.476450 0.017173 0.391374
-1.998756 0.012393 0.365583
-2.208586 0.010416 0.681287
-1.998756 0.015323 0.768654
-2.208586 0.019860 0.826530
-2.476450 0.017174 0.814271
-1.998756 0.060497 0.808695
-2.208586 0.167313 0.834712
-2.476450 0.050231 0.845795
-2.476450 0.447918 0.845797
-1.998756 0.458106 0.811964
-2.208586 0.820390 0.834713
-2.476450 1.208242 0.845797
-1.998756 1.196376 0.811964
-2.208586 1.513200 0.834712
-1.998756 1.622075 0.808418
-2.208586 1.664679 0.826530
-2.476450 1.635312 0.845795
-1.998756 1.666252 0.768377
-2.208586 1.673448 0.681287
-2.476450 1.666690 0.814271
-2.476450 1.666691 0.391374
-1.998756 1.669530 0.365584
-2.208586 1.673449 -0.005549
-2.476450 1.666691 -0.396300
-1.998756 1.669530 -0.406726
-3.432236 1.521602 -0.328113
-3.210526 1.575901 -0.003168
-2.981746 1.616569 -0.373021
-3.210526 1.575900 -0.626699
-3.432236 1.521602 0.317922
-3.210526 1.575900 0.605964
-2.981746 1.616569 0.361169
-2.981746 1.616567 0.755871
-3.432236 1.521600 0.669200
-3.210526 1.568571 0.742471
-2.981746 1.586490 0.789404
-3.432236 1.493554 0.702556
-3.210526 1.436710 0.750999
-3.432236 1.139943 0.702557
-3.210526 0.819694 0.750999
-2.981746 1.185168 0.789406
-3.432236 0.508741 0.702557
-3.210526 0.231687 0.750999
-2.981746 0.467543 0.789406
-2.981746 0.094024 0.789404
-3.432236 0.180615 0.702556
-3.210526 0.112460 0.742471
-2.981746 0.066883 0.755871
-3.432236 0.158125 0.669200
-3.210526 0.106309 0.605964
-3.432236 0.158124 0.317922
-3.210526 0.106308 -0.003168
-2.981746 0.066881 0.361169
-3.432236 0.158124 -0.328113
-3.210526 0.106309 -0.626699
-2.981746 0.066881 -0.373021
-2.981746 0.066883 -0.774493
-3.432236 0.158125 -0.684297
-3.210526 0.112460 -0.757735
-2.981746 0.094024 -0.802945
-3.432236 0.180616 -0.712370
-3.210526 0.231687 -0.764823
-3.432236 0.508742 -0.712371
-3.210526 0.819694 -0.764824
-2.981746 0.467543 -0.802946
-3.432236 1.139943 -0.712371
-3.210526 1.436710 -0.764823
-2.981746 1.185168 -0.802946
-2.981746 1.586490 -0.802945
-3.432236 1.493554 -0.712370
-3.210526 1.568571 -0.757735
-2.981746 1.616567 -0.774493
-3.432236 1.521600 -0.684297
-2.735612 1.647282 -0.001343
-2.735612 1.647281 -0.683001
-2.735612 1.647281 0.674268
-2.735612 1.639720 0.817790
-2.735612 1.497667 0.825849
-2.735612 0.820287 0.825850
-2.735612 0.178270 0.825849
-2.735612 0.044018 0.817790
-2.735612 0.036583 0.674268
-2.735612 0.036582 -0.001344
-2.735612 0.036583 -0.683001
-2.735612 0.044018 -0.823843
-2.735612 0.178270 -0.831232
-2.735612 0.820288 -0.831233
-2.735612 1.497666 -0.831232
-2.735612 1.639720 -0.823843
-4.049352 1.274430 -0.003358
-3.868474 1.365974 -0.254482
-4.049352 1.274429 -0.374238
-4.211117 1.175899 -0.166361
-4.211117 1.175899 0.153702
-4.049352 1.274429 0.365932
-3.868474 1.365974 0.249471
-3.868474 1.365974 0.527084
-4.211117 1.175898 0.335944
-4.049352 1.269147 0.454933
-3.868474 1.341844 0.554486
-4.211117 1.158161 0.358633
-4.049352 1.185447 0.461132
-4.211117 0.978176 0.358634
-4.049352 0.819521 0.461132
-3.868474 1.066834 0.554487
-4.211117 0.665888 0.358634
-4.049352 0.471286 0.461132
-3.868474 0.580274 0.554487
-3.868474 0.324378 0.554486
-4.211117 0.498286 0.358633
-4.049352 0.394052 0.454933
-3.868474 0.304160 0.527084
-4.211117 0.480724 0.335944
-4.049352 0.389274 0.365932
-4.211117 0.480723 0.153702
-4.049352 0.389274 -0.003358
-3.868474 0.304159 0.249471
-4.211117 0.480723 -0.166361
-4.049352 0.389274 -0.374238
-3.868474 0.304159 -0.254482
-3.868474 0.304160 -0.532730
-4.211117 0.480724 -0.348603
-4.049352 0.394052 -0.461251
-3.868474 0.324378 -0.557238
-4.211117 0.498287 -0.370334
-4.049352 0.471286 -0.467052
-4.211117 0.665888 -0.370335
-4.049352 0.819521 -0.467052
-3.868474 0.580274 -0.557238
-4.211117 0.978176 -0.370335
-4.049352 1.185447 -0.467052
-3.868474 1.066834 -0.557239
-3.868474 1.341844 -0.557238
-4.211117 1.158161 -0.370334
-4.049352 1.269147 -0.461251
-3.868474 1.365974 -0.532730
-4.211117 1.175898 -0.348603
-3.657161 1.449996 -0.001693
-3.657161 1.449995 -0.521264
-3.657161 1.449995 0.510472
-3.657161 1.443400 0.628334
-3.657161 1.331077 0.636007
-3.657161 0.819540 0.636008
-3.657161 0.331073 0.636007
-3.657161 0.230890 0.628334
-3.657161 0.225592 0.510472
-3.657161 0.225591 -0.001693
-3.657161 0.225592 -0.521264
-3.657161 0.230890 -0.634477
-3.657161 0.331073 -0.641093
-3.657161 0.819540 -0.641094
-3.657161 1.331077 -0.641093
-3.657161 1.443400 -0.634477
-4.567542 0.901424 -0.007078
-4.488131 0.977508 -0.075833
-4.567542 0.901424 -0.067352
-4.567542 0.901424 0.051710
-4.488131 0.977508 0.054096
-4.488131 0.977508 0.135980
-4.567542 0.899603 0.076993
-4.488131 0.966643 0.154094
-4.567542 0.880077 0.080214
-4.567542 0.816835 0.080214
-4.488131 0.885774 0.154094
-4.567542 0.757833 0.080214
-4.488131 0.752727 0.154094
-4.488131 0.677421 0.154094
-4.567542 0.737989 0.076993
-4.488131 0.665157 0.135980
-4.567542 0.735879 0.051710
-4.567542 0.735879 -0.007078
-4.488131 0.665157 0.054096
-4.567542 0.735879 -0.067352
-4.488131 0.665157 -0.075833
-4.488131 0.665157 -0.157717
-4.567542 0.737989 -0.090653
-4.488131 0.677421 -0.173440
-4.567542 0.757833 -0.093378
-4.567542 0.816835 -0.093378
-4.488131 0.752727 -0.173440
-4.567542 0.880077 -0.093378
-4.488131 0.885774 -0.173440
-4.488131 0.966643 -0.173440
-4.567542 0.899603 -0.090653
-4.488131 0.977508 -0.157717
-4.365095 1.070919 -0.009011
-4.365095 1.070919 -0.205674
-4.365095 1.070919 0.186014
-4.365095 1.067335 0.244453
-4.365095 1.017533 0.249684
-4.365095 0.818265 0.249685
-4.365095 0.630925 0.249684
-4.365095 0.582117 0.244453
-4.365095 0.578293 0.186014
-4.365095 0.578293 -0.009011
-4.365095 0.578293 -0.205674
-4.365095 0.582117 -0.262066
-4.365095 0.630925 -0.266888
-4.365095 0.818265 -0.266888
-4.365095 1.017533 -0.266888
-4.365095 1.067335 -0.262066
3.946724 0.999707 -0.141741
3.962048 1.005486 -0.102300
3.945997 0.969761 -0.154775
3.933578 0.956728 -0.184721
3.935070 0.917286 -0.190500
3.923059 0.873697 -0.219113
3.928075 0.814986 -0.213371
3.923059 0.756275 -0.219113
3.935070 0.712686 -0.190500
3.933578 0.673244 -0.184721
3.945997 0.660211 -0.154775
3.946724 0.630265 -0.141742
3.962048 0.624486 -0.102300
3.972121 0.595872 -0.058711
3.988334 0.601615 0.000000
3.986744 0.595872 0.058711
3.987527 0.624486 0.102300
3.982027 0.630265 0.141742
3.984546 0.660211 0.154775
3.979586 0.673244 0.184721
3.982517 0.712686 0.190500
3.977632 0.756275 0.219114
3.981218 0.814986 0.213371
3.977632 0.873697 0.219114
3.982517 0.917286 0.190500
3.979586 0.956728 0.184721
3.984546 0.969761 0.154775
3.982027 0.999707 0.141742
3.987527 1.005486 0.102300
3.986744 1.034100 0.058711
3.988334 1.028357 0.000000
3.972121 1.034099 -0.058711
0.877769 1.319736 -0.498471
0.877769 1.428710 -0.316849
0.877769 1.477996 0.000000
0.877769 1.428710 0.316849
0.877769 1.319736 0.498946
0.877769 1.133164 0.625401
0.877769 0.809500 0.667346
0.877769 0.462756 0.626187
0.877769 0.298691 0.503663
0.877769 0.204783 0.317635
0.877769 0.153529 -0.000000
0.877769 0.204783 -0.317635
0.877769 0.298691 -0.503189
0.877769 0.462756 -0.623340
0.877769 0.809500 -0.666396
0.877769 1.133164 -0.622554
3.909067 0.814986 -0.232887
3.665084 0.885621 -0.263614
3.916702 0.926643 -0.207924
3.916703 0.703329 -0.207924
3.665084 0.744351 -0.263614
3.674588 0.644458 -0.222237
3.928629 0.646054 -0.168931
3.686465 0.592749 -0.170528
3.946148 0.607062 -0.111657
3.974838 0.582099 0.000000
3.709409 0.554132 -0.070635
3.973957 0.607062 0.111657
3.722620 0.554132 0.070635
3.718359 0.592749 0.170528
3.970704 0.646054 0.168931
3.716154 0.644458 0.222237
3.968489 0.703329 0.207924
3.967071 0.814986 0.232887
3.714388 0.744351 0.263614
3.968489 0.926643 0.207924
3.714388 0.885621 0.263614
3.716154 0.985514 0.222237
3.970704 0.983917 0.168932
3.718360 1.037223 0.170528
3.973957 1.022910 0.111657
3.974838 1.047873 0.000000
3.722620 1.075939 0.070635
3.946148 1.022910 -0.111657
3.709409 1.075939 -0.070635
3.686465 1.037223 -0.170528
3.928629 0.983917 -0.168931
3.674588 0.985514 -0.222237
2.951778 0.814986 -0.389532
2.955629 1.001746 -0.347778
2.955629 0.628226 -0.347778
2.961645 0.532428 -0.282558
2.970482 0.469967 -0.186760
2.984954 0.442012 0.000000
2.984510 0.469967 0.186760
2.982869 0.532428 0.282558
2.981751 0.628226 0.347778
2.981036 0.814986 0.389532
2.981751 1.001746 0.347778
2.982869 1.097544 0.282558
2.984510 1.160103 0.186760
2.984954 1.188553 0.000000
2.970482 1.160103 -0.186760
2.961645 1.097544 -0.282558
-1.747939 1.576497 0.000000
-1.747939 1.536023 -0.363990
-1.747939 1.536024 0.363990
-1.747939 1.412367 0.588005
-1.747939 1.180656 0.723581
-1.747939 0.804622 0.762919
-1.747939 0.384980 0.725287
-1.747939 0.195793 0.598245
-1.747939 0.100601 0.365697
-1.747939 0.056410 -0.000000
-1.747939 0.100601 -0.365697
-1.747939 0.195793 -0.598331
-1.747939 0.384980 -0.725806
-1.747939 0.804622 -0.763092
-1.747939 1.180656 -0.724099
-1.747939 1.412367 -0.588091
-1.913694 1.651974 -0.685177
-1.913694 1.658565 -0.011430
-1.913694 1.651974 0.605446
-1.913694 1.623515 0.762659
-1.913694 1.453702 0.791945
-1.913694 0.817924 0.798348
-1.913694 0.208793 0.792221
-1.913694 0.048768 0.764320
-1.913694 0.024252 0.605723
-1.913694 0.017060 -0.011430
-1.913694 0.024252 -0.685454
-1.913694 0.048768 -0.853806
-1.913694 0.208793 -0.881496
-1.913694 0.817924 -0.887567
-1.913694 1.453702 -0.881219
-1.913694 1.623515 -0.852145
