-2.297736 125.886255 -2.224083
-0.742425 125.294788 -1.520315
1.973892 125.930066 -1.334133
3.284560 7.527216 -0.804144
5.725843 3.395386 -0.051101
6.996001 6.927039 -0.051101
8.173250 11.512012 -0.051100
8.978714 17.243207 -0.051099
9.102637 25.824475 -0.051098
9.009720 40.167926 -0.051096
8.730905 40.663593 -0.051095
8.947760 41.066324 -0.051095
9.009737 48.439407 -0.051094
9.412489 60.211536 -0.051092
9.164655 71.271210 -0.051090
8.607037 88.031042 -0.051088
8.049422 103.768567 -0.051085
7.832565 104.264233 -0.051085
7.987463 104.821863 -0.051085
7.584752 119.165283 -0.051083
7.367897 119.629980 -0.051083
7.584752 120.187610 -0.051082
7.486734 126.032300 -0.703815
8.013385 126.651892 -2.297824
7.703589 128.959863 -2.297823
7.207918 129.687878 -2.297822
6.108148 130.044141 -2.297822
2.855305 130.121582 -2.297822
2.375123 129.873755 -2.297822
2.266729 129.393640 -2.297822
-0.955134 129.393640 -2.297821
-4.207941 129.114844 -2.297821
-4.517736 129.610522 -2.297821
-6.113177 129.626001 -2.297821
-8.638004 129.083862 -2.297821
-9.211124 128.324866 -2.297821
-9.412489 125.583179 -2.297822
-9.118185 125.388806 -0.703813
-8.839366 124.746704 -0.051081
-8.545061 123.755371 -0.051081
-8.777406 122.655603 -0.051081
-8.637999 122.376782 -0.051081
-8.281706 110.620068 -0.051083
-7.847975 95.114844 -0.051086
-7.290331 82.397766 -0.051088
-7.104437 71.632385 -0.051090
-6.810132 70.811432 -0.051090
-7.057967 70.176355 -0.051090
-5.718033 51.983594 -0.051093
-3.983114 32.280597 -0.051096
-2.867854 17.162616 -0.051099
0.415968 6.133942 -0.051101
3.823708 0.000006 -0.051102
1.886269 126.280554 2.528697
-0.895765 125.667188 2.643726
-2.297736 125.886255 2.528697
-0.742425 125.294788 1.791291
1.973892 125.930066 1.680126
3.284560 7.527216 1.075082
0.818119 6.303137 0.598606
3.825288 0.890234 0.233554
5.329890 3.576001 0.598605
6.580983 7.054651 0.598606
7.747133 11.596387 0.598606
8.545439 17.276654 0.598607
8.668904 25.826196 0.598609
8.576744 40.053003 0.598611
8.235854 40.659024 0.598611
8.514966 41.177377 0.598611
8.576086 48.448645 0.598612
8.978610 60.214099 0.598614
8.731104 71.259137 0.598616
8.173579 88.016156 0.598619
7.618910 103.670520 0.598621
7.373395 104.231702 0.598622
7.552087 104.875000 0.598622
7.153732 119.063306 0.598624
6.896515 119.614490 0.598624
7.149673 120.265454 0.598624
7.050340 126.188574 0.992933
7.557832 126.785620 2.528697
7.287373 128.800537 2.528698
6.932986 129.321045 0.992934
6.034627 129.612061 2.528698
2.955758 129.685364 2.528699
2.753671 129.581055 2.528699
2.613440 128.959924 2.528698
-0.936581 128.959924 2.528698
-4.435160 128.660059 2.528699
-4.759575 129.179126 2.528699
-6.069220 129.191846 0.992935
-8.389145 128.693701 2.528699
-8.787943 128.165564 2.528699
-8.961319 125.804980 2.528698
-8.771669 125.679712 0.992934
-8.431070 124.895349 0.598626
-8.097977 123.773352 0.598625
-8.321759 122.714111 0.598625
-8.207378 122.485352 0.598625
-7.848178 110.632703 0.598623
-7.414529 95.130408 0.598621
-6.856783 82.411017 0.598619
-6.672025 71.711407 0.598617
-6.347081 70.804980 0.598617
-6.618208 70.110217 0.598617
-5.285720 52.018542 0.598614
-3.550803 32.315576 0.598610
-2.438773 17.241370 0.598608
-2.087893 125.359290 1.892922
-3.129341 128.775293 0.222414
-4.237712 137.479822 0.303586
-5.269843 137.655066 0.303586
-5.357465 138.618921 0.303586
-5.056342 158.596997 0.303589
-8.138719 159.385596 0.303589
-8.182532 160.130396 0.303589
-2.999513 128.775293 0.746807
-4.029707 137.479822 1.224477
-4.983272 137.655066 1.572310
-5.064224 138.618921 1.601839
-4.797637 158.596997 1.604192
-7.645381 159.385596 2.783767
-7.685858 160.130396 2.800533
-2.629794 128.775293 1.191366
-3.437360 137.479822 2.005170
-4.167187 137.655066 2.647883
-4.229146 138.618921 2.702446
-4.060905 158.596997 2.706790
-6.240474 159.385596 4.886361
-6.271453 160.130396 4.917340
-2.076472 128.775293 1.488411
-2.550851 137.479822 2.526812
-2.945830 137.655066 3.366557
-2.979362 138.618921 3.437848
-2.958307 158.596997 3.443523
-4.137881 159.385596 6.291268
-4.154647 160.130396 6.331744
-1.423783 128.775293 1.592719
-1.505142 137.479822 2.709989
-1.505142 137.655066 3.618922
-1.505142 138.618921 3.696086
-1.657704 158.596997 3.702229
-1.657703 159.385596 6.784607
-1.657703 160.130396 6.828418
-0.771095 128.775293 1.488410
-0.459432 137.479822 2.526812
-0.064453 137.655066 3.366557
-0.030922 138.618921 3.437848
-0.357100 158.596997 3.443524
0.822475 159.385596 6.291269
0.839241 160.130396 6.331745
-0.217773 128.775293 1.191364
0.427077 137.479822 2.005169
1.156903 137.655066 2.647882
1.218862 138.618921 2.702445
0.745498 158.596997 2.706791
2.925068 159.385596 4.886362
2.956047 160.130396 4.917341
0.151945 128.775293 0.746805
1.019423 137.479822 1.224475
1.972988 137.655066 1.572309
2.053941 138.618921 1.601838
0.221599 146.614160 0.958459
1.482231 158.596997 1.604193
4.329976 159.385596 2.783767
4.370452 160.130396 2.800533
0.281773 128.775293 0.222412
1.227427 137.479822 0.303584
2.259558 137.655066 0.303584
2.347181 138.618921 0.303584
0.376438 146.614160 0.303586
1.740937 158.596997 0.303590
4.823314 159.385596 0.303590
4.867125 160.130396 0.303590
0.151944 128.775293 -0.301982
1.019422 137.479822 -0.617307
1.972987 137.655066 -0.965140
2.053940 138.618921 -0.994669
0.221598 146.614160 -0.351286
1.482230 158.596997 -0.997013
4.329976 159.385596 -2.176588
4.370452 160.130396 -2.193354
-0.217774 128.775293 -0.746541
0.427075 137.479822 -1.398000
1.156902 137.655066 -2.040713
1.218860 138.618921 -2.095276
-0.219349 146.614160 -0.906460
0.745498 158.596997 -2.099611
2.925067 159.385596 -4.279181
2.956046 160.130396 -4.310160
-0.771097 128.775293 -1.043585
-0.459435 137.479822 -1.919643
-0.064456 137.655066 -2.759388
-0.030924 138.618921 -2.830677
-0.879273 146.614160 -1.277416
-0.357100 158.596997 -2.836345
0.822473 159.385596 -5.684090
0.839239 160.130396 -5.724565
-1.423785 128.775293 -1.147893
-1.505144 137.479822 -2.102819
-1.505143 137.655066 -3.011753
-1.505143 138.618921 -3.088915
-1.657705 146.614160 -1.407678
-1.657702 158.596997 -3.095051
-1.657703 159.385596 -6.177427
-1.657703 160.130396 -6.221237
-2.076474 128.775293 -1.043584
-2.550853 137.479822 -1.919642
-2.945832 137.655066 -2.759387
-2.979364 138.618921 -2.830676
-2.436138 146.614160 -1.277415
-2.958306 158.596997 -2.836344
-4.137881 159.385596 -5.684089
-4.154647 160.130396 -5.724564
-2.629796 128.775293 -0.746539
-3.437362 137.479822 -1.397998
-4.167189 137.655066 -2.040711
-4.229148 138.618921 -2.095274
-4.060905 158.596997 -2.099611
-6.240475 159.385596 -4.279180
-6.271455 160.130396 -4.310159
-2.999514 128.775293 -0.301980
-4.029708 137.479822 -0.617305
-4.983273 137.655066 -0.965139
-5.064225 138.618921 -0.994668
-4.797636 158.596997 -0.997014
-7.645381 159.385596 -2.176589
-7.685858 160.130396 -2.193354
-1.657703 160.371362 0.303590
-2.346657 137.283350 1.758169
-3.060058 137.283350 1.416876
-3.536738 137.283350 0.906094
-3.704126 137.283350 0.303585
-3.536739 137.283350 -0.298923
-3.060060 137.283350 -0.809705
-2.346658 137.283350 -1.150998
-1.505143 137.283350 -1.270845
-0.663630 137.283350 -1.150999
0.049773 137.283350 -0.809706
0.526453 137.283350 -0.298924
0.693841 137.283350 0.303584
0.526454 137.283350 0.906093
0.049774 137.283350 1.416875
-0.663627 137.283350 1.758169
-1.505142 137.283350 1.878015
-0.744736 136.795715 1.490492
-1.505142 136.795715 1.588284
-2.265547 136.795715 1.490492
-2.910188 136.795715 1.212005
-3.340923 136.795715 0.795218
-3.492178 136.795715 0.303585
-3.340924 136.795715 -0.188048
-2.910189 136.795715 -0.604834
-2.265549 136.795715 -0.883322
-1.505143 136.795715 -0.981114
-0.744739 136.795715 -0.883323
-0.100097 136.795715 -0.604835
0.330638 136.795715 -0.188049
0.481892 136.795715 0.303584
0.330638 136.795715 0.795217
-0.100097 136.795715 1.212004
-3.198274 139.387573 0.303586
-3.069392 139.387573 0.783610
-3.493486 143.998999 0.943293
-3.644741 143.998999 0.303587
-4.390276 144.683093 0.303587
-4.182271 144.683093 1.349296
-5.135835 144.858350 1.744275
-5.422406 144.858350 0.303587
-5.216788 145.822192 1.777807
-5.510029 145.822192 0.303587
-3.537008 146.614160 0.958460
-3.691848 146.614160 0.303587
-2.702367 139.387573 1.190554
-3.062751 143.998999 1.485610
-3.589924 144.683093 2.235805
-4.319751 144.858350 2.965632
-4.381710 145.822192 3.027590
-3.096061 146.614160 1.513634
-2.153076 139.387573 1.462465
-2.418111 143.998999 1.847974
-2.703414 144.683093 2.828152
-3.098394 144.858350 3.781716
-3.131926 145.822192 3.862669
-2.436137 146.614160 1.884589
-1.505144 139.387573 1.557948
-1.657705 143.998999 1.975220
-1.657705 144.683093 3.036156
-1.657705 144.858350 4.068287
-1.657705 145.822192 4.155910
-1.657704 146.614160 2.014851
-0.857210 139.387573 1.462465
-0.897300 143.998999 1.847974
-0.611996 144.683093 2.828151
-0.217017 144.858350 3.781715
-0.183485 145.822192 3.862669
-0.879271 146.614160 1.884589
-0.307920 139.387573 1.190553
-0.252660 143.998999 1.485609
0.274513 144.683093 2.235804
1.004339 144.858350 2.965631
1.066298 145.822192 3.027590
-0.219348 146.614160 1.513633
0.059104 139.387573 0.783608
0.178075 143.998999 0.943292
0.866860 144.683093 1.349294
1.820424 144.858350 1.744273
1.901377 145.822192 1.777805
0.187985 139.387573 0.303584
0.329328 143.998999 0.303585
1.074864 144.683093 0.303585
2.106994 144.858350 0.303585
2.194617 145.822192 0.303585
0.059103 139.387573 -0.176439
0.178074 143.998999 -0.336121
0.866858 144.683093 -0.742124
1.820423 144.858350 -1.137103
1.901376 145.822192 -1.170634
-0.307921 139.387573 -0.583384
-0.252661 143.998999 -0.878438
0.274511 144.683093 -1.628633
1.004338 144.858350 -2.358460
1.066297 145.822192 -2.420418
-0.857213 139.387573 -0.855295
-0.897302 143.998999 -1.240803
-0.611998 144.683093 -2.220980
-0.217020 144.858350 -3.174545
-0.183488 145.822192 -3.255497
-1.505145 139.387573 -0.950777
-1.657707 143.998999 -1.368048
-1.657707 144.683093 -2.428984
-1.657707 144.858350 -3.461115
-1.657707 145.822192 -3.548737
-2.153078 139.387573 -0.855295
-2.418112 143.998999 -1.240802
-2.703417 144.683093 -2.220979
-3.098396 144.858350 -3.174543
-3.131928 145.822192 -3.255495
-2.702369 139.387573 -0.583383
-3.062753 143.998999 -0.878437
-3.589925 144.683093 -1.628631
-4.319753 144.858350 -2.358458
-4.381711 145.822192 -2.420416
-3.096061 146.614160 -0.906459
-3.069392 139.387573 -0.176438
-3.493487 143.998999 -0.336120
-4.182272 144.683093 -0.742122
-5.135835 144.858350 -1.137102
-5.216789 145.822192 -1.170633
-3.537008 146.614160 -0.351285
-3.689302 144.486621 1.145101
-3.856690 144.486621 0.303587
-3.212622 144.486621 1.858503
-2.499220 144.486621 2.335182
-1.657705 144.486621 2.502570
-0.816191 144.486621 2.335182
-0.102790 144.486621 1.858502
0.373890 144.486621 1.145100
0.541278 144.486621 0.303585
0.373889 144.486621 -0.537929
-0.102791 144.486621 -1.251331
-0.816193 144.486621 -1.728010
-1.657707 144.486621 -1.895397
-2.499222 144.486621 -1.728009
-3.212623 144.486621 -1.251329
-3.689302 144.486621 -0.537928
-1.505143 139.118066 2.051917
-2.264886 139.118066 1.918833
-2.908964 139.118066 1.539843
-3.339324 139.118066 0.972644
-3.490446 139.118066 0.303586
-3.339325 139.118066 -0.365472
-2.908965 139.118066 -0.932672
-2.264887 139.118066 -1.311663
-1.505145 139.118066 -1.444747
-0.745403 139.118066 -1.311664
-0.101324 139.118066 -0.932673
0.329036 139.118066 -0.365473
0.480158 139.118066 0.303584
0.329037 139.118066 0.972642
-0.101322 139.118066 1.539842
-0.745401 139.118066 1.918833
-0.748958 146.251318 2.497493
-1.657704 146.251318 2.678254
-2.566450 146.251318 2.497493
-3.336848 146.251318 1.982730
-3.851612 146.251318 1.212333
-4.032372 146.251318 0.303587
-3.851612 146.251318 -0.605159
-3.336849 146.251318 -1.375556
-2.566452 146.251318 -1.890320
-1.657705 146.251318 -2.071081
-0.748960 146.251318 -1.890321
0.021438 146.251318 -1.375557
0.536201 146.251318 -0.605160
0.716963 146.251318 0.303586
0.536202 146.251318 1.212332
0.021439 146.251318 1.982730
0.060719 158.001636 1.749247
-0.727700 158.001636 2.192432
-1.657704 158.001636 2.348058
-2.587707 158.001636 2.192432
-3.376125 158.001636 1.749247
-3.902930 158.001636 1.085973
-4.087919 158.001636 0.303589
-3.902929 158.001636 -0.478795
-3.376125 158.001636 -1.142068
-2.587706 158.001636 -1.585254
-1.657703 158.001636 -1.740880
-0.727700 158.001636 -1.585254
0.060719 158.001636 -1.142068
0.587523 158.001636 -0.478795
0.772512 158.001636 0.303590
0.587523 158.001636 1.085974
1.950289 125.981763 -2.247640
1.210491 68.182562 -1.520324
-6.946574 68.663934 -0.051090
9.247290 67.583575 -0.051091
1.215343 68.040649 1.791282
8.813441 67.584741 0.598616
-6.507484 68.606860 0.598616
-6.651123 68.644226 -0.051090
-2.724453 68.406653 -0.621730
-6.185826 68.585400 0.598616
-2.463393 68.317322 1.060419
5.482315 67.863763 -0.729546
5.226834 67.800446 1.149944
8.349823 67.643445 -0.051091
7.869711 67.647705 0.598616
9.139682 67.590753 -0.051091
8.706181 67.591895 0.598616
