-6.385514 1.162492 0.295355
5.151965 1.425099 1.140731
-6.377992 1.162492 -0.922426
5.302536 1.425099 -0.796901
-5.721131 0.538831 -0.941685
5.238556 0.270305 -0.803384
0.143280 1.930125 1.049775
0.143280 1.930125 -1.073125
0.578595 -0.055388 -1.051510
0.578595 -0.055388 1.056221
1.374820 1.963825 1.175714
1.374820 1.963825 -1.030580
2.017610 0.045108 -1.010771
2.017610 0.045108 1.174894
4.242717 1.624053 1.240276
4.350451 1.624053 -0.958658
4.342698 -0.059362 -0.959444
4.236317 -0.059362 1.240276
3.484703 1.751680 1.171638
3.484703 1.751680 -0.974925
3.474188 -0.062024 -0.975182
3.474188 -0.062024 1.171638
-4.430979 1.626065 0.589322
-4.430979 1.626065 -1.003505
-3.602239 0.378721 -1.016496
-3.602239 0.378721 0.682062
-2.643219 1.806705 0.847962
-2.643219 1.806705 -0.914947
-1.610862 0.194195 -1.014332
-1.610862 0.194195 0.971595
2.585450 1.766839 1.155356
2.585450 1.766839 -0.996896
2.834333 -0.014962 -0.990815
2.834333 -0.014962 1.155356
4.779556 1.514901 1.143957
4.901774 1.514901 -0.825152
4.819952 0.115238 -0.833443
4.712012 0.115238 1.143957
-5.716632 1.390207 0.418241
-5.716632 1.390207 -0.945941
-4.930085 0.477222 -0.966456
-4.930085 0.477222 0.567142
-0.760960 1.992783 1.032278
-0.760960 1.992783 -1.174541
-0.791293 0.239912 -1.176172
-0.791293 0.239912 1.028721
-0.242008 2.017773 1.127972
-0.242008 2.017773 -1.111814
-0.002567 0.110236 -1.098944
-0.002567 0.110236 1.156054
4.342634 1.624053 -0.305924
3.484703 1.751681 -0.328733
2.585450 1.766839 -0.344101
1.374820 1.963825 -0.367413
0.143280 1.930125 -0.410513
-0.242008 2.017773 -0.438580
-0.760960 1.992783 -0.511217
-2.643219 1.806705 -0.448394
-4.430979 1.626065 -0.524733
-5.716632 1.390207 -0.535896
-6.433152 1.162492 -0.567183
-5.776291 0.538831 -0.538501
-4.930085 0.477222 -0.505488
-3.602239 0.378721 -0.505944
-1.610862 0.194195 -0.480744
-0.791293 0.239912 -0.513426
-0.002567 0.110236 -0.421138
0.578595 -0.055388 -0.393457
2.017610 0.045108 -0.353805
2.834333 -0.014962 -0.339848
3.474188 -0.062024 -0.328913
4.335288 -0.059362 -0.306473
4.787507 0.115238 -0.272650
5.405000 0.270305 -0.239239
5.465624 1.425099 -0.234704
4.865038 1.514901 -0.266851
-6.205573 1.234818 0.313855
-6.205573 1.234819 -0.557246
-6.205573 1.234818 -0.931606
-5.507522 0.519263 -0.951264
-5.507522 0.519263 -0.528016
-5.507522 0.519263 0.456843
-6.205573 1.234818 0.107943
-6.433152 1.162492 0.068493
-5.776291 0.538831 0.182360
-5.507522 0.519263 0.224042
-4.930085 0.477222 0.313593
-3.602239 0.378721 0.401241
-1.610862 0.194195 0.628290
-0.791293 0.239912 0.664187
-0.002567 0.110236 0.783237
0.578595 -0.055388 0.713545
2.017610 0.045108 0.813539
2.834333 -0.014962 0.801919
3.474188 -0.062024 0.816937
4.259711 -0.059362 0.874655
4.729857 0.115238 0.809099
5.228217 0.270305 0.840620
5.282877 1.425099 0.841692
4.799762 1.514901 0.810470
4.266335 1.624053 0.874785
3.484703 1.751681 0.816979
2.585450 1.766839 0.800914
1.374820 1.963825 0.810949
0.143280 1.930125 0.704591
-0.242008 2.017773 0.757670
-0.760960 1.992783 0.667426
-2.643219 1.806705 0.541529
-4.430979 1.626065 0.325981
-5.716632 1.390207 0.192702
-6.259133 1.049641 -0.925911
-6.314293 1.049641 -0.561993
-6.314293 1.049641 0.089097
-6.266655 1.049641 0.320731
-6.079261 1.105339 0.339728
-5.574307 1.225003 0.445185
-4.281019 1.400359 0.606104
-2.456414 1.514923 0.870334
-0.766449 1.675602 1.031634
-0.198681 1.672606 1.133054
0.222050 1.570848 1.050941
1.491133 1.616635 1.175566
2.630485 1.444424 1.155356
3.482800 1.423492 1.171638
4.241559 1.319440 1.240276
4.767334 1.261633 1.143957
5.142408 1.216140 1.140731
5.272986 1.216140 0.841498
5.454654 1.216140 -0.235525
5.290959 1.216140 -0.798074
4.886968 1.261633 -0.826652
4.349048 1.319440 -0.958800
3.482800 1.423492 -0.974971
2.630485 1.444424 -0.995796
1.491132 1.616635 -1.026995
0.222050 1.570848 -1.069214
-0.198681 1.672606 -1.109485
-0.766449 1.675602 -1.174837
-2.456414 1.514923 -0.932930
-4.281019 1.400359 -1.005855
-5.574306 1.225003 -0.949653
-6.079261 1.105339 -0.935163
-5.840257 0.651936 -0.938192
-5.895417 0.651936 -0.543703
-5.895417 0.651936 0.161709
-5.847779 0.651936 0.410159
-5.634118 0.649034 0.430911
-5.072731 0.642798 0.540138
-3.752537 0.604936 0.665243
-1.798087 0.486635 0.949173
-0.785792 0.557807 1.029366
-0.045991 0.456181 1.150961
0.499647 0.304699 1.055052
1.901035 0.393081 1.175043
2.789196 0.308180 1.155356
3.476095 0.266904 1.171638
4.237477 0.245937 1.240276
4.724262 0.369076 1.143957
5.108728 0.479735 1.140731
5.238130 0.479735 0.840815
5.415994 0.479735 -0.238416
5.250159 0.479735 -0.802209
4.834790 0.369076 -0.831939
4.344104 0.245937 -0.959301
3.476095 0.266904 -0.975135
2.789196 0.308180 -0.991918
1.901035 0.393081 -1.014363
0.499647 0.304699 -1.055430
-0.045991 0.456181 -1.101278
-0.785792 0.557807 -1.175876
-1.798087 0.486635 -0.996307
-3.752537 0.604936 -1.014140
-5.072731 0.642798 -0.962735
-5.634118 0.649034 -0.947698
