2.179383 8.911829 -10.956473
4.169386 8.911829 -10.065775
6.206349 8.911829 -9.288446
7.704015 8.911829 -7.704007
9.288449 8.911829 -6.206338
10.065777 8.911829 -4.169376
10.956470 8.911829 -2.179372
10.895130 8.911829 0.000000
10.956481 8.911829 2.179380
10.065786 8.911829 4.169385
9.288456 8.911829 6.206351
7.704016 8.911829 7.704019
6.206349 8.911829 9.288456
4.169384 8.911829 10.065786
2.179378 8.911829 10.956480
-0.000002 8.911829 10.895128
-2.179381 8.911829 10.956478
-4.169385 8.911829 10.065783
-6.206348 8.911829 9.288454
-7.704018 8.911829 7.704013
-9.288456 8.911829 6.206344
-10.065781 8.911829 4.169381
-10.956475 8.911829 2.179376
-10.895122 8.911829 -0.000003
-10.956475 8.911829 -2.179383
-10.065778 8.911829 -4.169385
-9.288447 8.911829 -6.206348
-7.704009 8.911829 -7.704016
-6.206340 8.911829 -9.288454
-4.169377 8.911829 -10.065780
-2.464647 11.490958 -12.390647
0.000005 11.490958 -12.321259
2.464658 11.490958 -12.390647
4.715148 11.490958 -11.383356
7.018741 11.490958 -10.504279
8.712449 11.490958 -8.712441
10.504284 11.490958 -7.018732
11.383356 11.490958 -4.715135
12.390644 11.490958 -2.464646
12.321270 11.490958 0.000000
12.390655 11.490958 2.464655
11.383373 11.490958 4.715146
10.504290 11.490958 7.018744
8.712451 11.490958 8.712454
7.018741 11.490958 10.504290
4.715144 11.490958 11.383370
2.464652 11.490958 12.390654
-0.000002 11.490958 12.321267
-2.464656 11.490958 12.390651
-4.715147 11.490958 11.383364
-7.018741 11.490958 10.504286
-8.712454 11.490958 8.712446
-10.504289 11.490958 7.018738
-11.383367 11.490958 4.715141
-12.390650 11.490958 2.464650
-12.321262 11.490958 -0.000004
-12.390648 11.490958 -2.464658
-11.383359 11.490958 -4.715147
-10.504281 11.490958 -7.018741
-8.712444 11.490958 -8.712451
-7.018734 11.490958 -10.504286
-4.715137 11.490958 -11.383364
0.000000 6.332699 8.100009
-1.620265 6.332699 8.145623
-3.099737 6.332699 7.483430
-4.614123 6.332699 6.905525
-5.727571 6.332699 5.727568
-6.905525 6.332699 4.614123
-7.483430 6.332699 3.099737
-8.145620 6.332699 1.620263
-8.100004 6.332699 -0.000001
-8.145617 6.332699 -1.620266
-7.483426 6.332699 -3.099737
-6.905518 6.332699 -4.614122
-5.727563 6.332699 -5.727570
-4.614119 6.332699 -6.905522
-3.099732 6.332699 -7.483428
-1.620259 6.332699 -8.145615
0.000005 6.332699 -8.100001
1.620268 6.332699 -8.145614
3.099740 6.332699 -7.483423
4.614127 6.332699 -6.905518
5.727568 6.332699 -5.727562
6.905523 6.332699 -4.614118
7.483426 6.332699 -3.099731
8.145614 6.332699 -1.620258
8.100010 6.332699 0.000001
8.145625 6.332699 1.620266
7.483435 6.332699 3.099740
6.905525 6.332699 4.614128
5.727571 6.332699 5.727572
4.614125 6.332699 6.905527
3.099738 6.332699 7.483435
1.620264 6.332699 8.145623
0.000002 1.869089 0.000003
11.434643 11.490958 -2.274487
10.505077 11.490958 -4.351340
9.693828 11.490958 -6.477203
8.040241 11.490958 -8.040233
6.477211 11.490958 -9.693823
4.351351 11.490958 -10.505075
2.274498 11.490958 -11.434648
0.000005 11.490958 -11.370613
-2.274488 11.490958 -11.434648
-4.351341 11.490958 -10.505080
-6.477203 11.490958 -9.693831
-8.040236 11.490958 -8.040243
-9.693825 11.490958 -6.477212
-10.505080 11.490958 -4.351351
-11.434650 11.490958 -2.274498
-11.370616 11.490958 -0.000004
-11.434653 11.490958 2.274490
-10.505085 11.490958 4.351345
-9.693834 11.490958 6.477207
-8.040245 11.490958 8.040240
-6.477212 11.490958 9.693828
-4.351349 11.490958 10.505083
-2.274496 11.490958 11.434653
-0.000002 11.490958 11.370622
2.274493 11.490958 11.434658
4.351348 11.490958 10.505085
6.477210 11.490958 9.693834
8.040243 11.490958 8.040245
9.693834 11.490958 6.477214
10.505088 11.490958 4.351351
11.434660 11.490958 2.274495
11.370626 11.490958 0.000000
10.136111 8.911829 -2.016192
9.312108 8.911829 -3.857197
8.592985 8.911829 -5.741643
7.127182 8.911829 -7.127174
5.741652 8.911829 -8.592980
3.857206 8.911829 -9.312105
2.016204 8.911829 -10.136116
0.000005 8.911829 -10.079352
-2.016194 8.911829 -10.136116
-3.857197 8.911829 -9.312110
-5.741643 8.911829 -8.592987
-7.127177 8.911829 -7.127184
-8.592983 8.911829 -5.741651
-9.312110 8.911829 -3.857206
-10.136118 8.911829 -2.016202
-10.079354 8.911829 -0.000003
-10.136121 8.911829 2.016197
-9.312116 8.911829 3.857201
-8.592990 8.911829 5.741648
-7.127185 8.911829 7.127181
-5.741652 8.911829 8.592987
-3.857205 8.911829 9.312114
-2.016202 8.911829 10.136121
-0.000001 8.911829 10.079361
2.016200 8.911829 10.136124
3.857204 8.911829 9.312116
5.741651 8.911829 8.592991
7.127184 8.911829 7.127186
8.592991 8.911829 5.741655
9.312119 8.911829 3.857206
10.136127 8.911829 2.016201
10.079364 8.911829 0.000001
7.568561 6.332699 -1.505475
6.953282 6.332699 -2.880139
6.416320 6.332699 -4.287243
5.321817 6.332699 -5.321809
4.287250 6.332699 -6.416314
2.880148 6.332699 -6.953279
1.505486 6.332699 -7.568561
0.000005 6.332699 -7.526178
-1.505476 6.332699 -7.568561
-2.880140 6.332699 -6.953283
-4.287243 6.332699 -6.416319
-5.321810 6.332699 -5.321814
-6.416315 6.332699 -4.287247
-6.953283 6.332699 -2.880147
-7.568563 6.332699 -1.505482
-7.526180 6.332699 -0.000001
-7.568566 6.332699 1.505481
-6.953286 6.332699 2.880145
-6.416321 6.332699 4.287248
-5.321816 6.332699 5.321816
-4.287248 6.332699 6.416321
-2.880146 6.332699 6.953288
-1.505482 6.332699 7.568568
0.000000 6.332699 7.526188
1.505482 6.332699 7.568568
2.880146 6.332699 6.953290
4.287250 6.332699 6.416324
5.321817 6.332699 5.321818
6.416324 6.332699 4.287252
6.953290 6.332699 2.880148
7.568571 6.332699 1.505483
7.526189 6.332699 0.000002
3.584428 4.139429 -0.712982
3.293035 4.139429 -1.364015
0.000002 3.753569 0.000003
3.038734 4.139429 -2.030413
2.520383 4.139429 -2.520377
2.030419 4.139429 -3.038728
1.364023 4.139429 -3.293031
0.712991 4.139429 -3.584424
0.000004 4.139429 -3.564355
-0.712983 4.139429 -3.584424
-1.364016 4.139429 -3.293032
-2.030413 4.139429 -3.038732
-2.520377 4.139429 -2.520378
-3.038729 4.139429 -2.030416
-3.293033 4.139429 -1.364020
-3.584426 4.139429 -0.712986
-3.564357 4.139429 0.000002
-3.584427 4.139429 0.712989
-3.293034 4.139429 1.364022
-3.038734 4.139429 2.030420
-2.520379 4.139429 2.520384
-2.030417 4.139429 3.038735
-1.364020 4.139429 3.293039
-0.712987 4.139429 3.584432
0.000001 4.139429 3.564363
0.712989 4.139429 3.584432
1.364022 4.139429 3.293040
2.030419 4.139429 3.038738
2.520383 4.139429 2.520384
3.038737 4.139429 2.030421
3.293039 4.139429 1.364024
3.584432 4.139429 0.712990
3.564363 4.139429 0.000003
13.072066 14.049994 -2.600190
13.080838 14.005615 -2.601935
13.031302 14.070086 -2.592082
12.009426 14.050026 -4.974462
12.017445 14.005615 -4.977784
11.971936 14.070086 -4.958933
11.081968 14.049994 -7.404728
11.089404 14.005615 -7.409696
11.047411 14.070086 -7.381638
9.191619 14.050026 -9.191611
9.197758 14.005615 -9.197750
9.162927 14.070086 -9.162918
7.404737 14.049994 -11.081963
7.409705 14.005615 -11.089399
7.381645 14.070086 -11.047406
4.974472 14.050026 -12.009423
4.977794 14.005615 -12.017445
4.958943 14.070086 -11.971936
2.600201 14.049994 -13.072071
2.601947 14.005615 -13.080845
2.592094 14.070086 -13.031308
0.000006 14.050026 -12.998908
0.000006 14.005615 -13.007590
0.000006 14.070086 -12.958330
-2.600191 14.049994 -13.072071
-2.601936 14.005615 -13.080845
-2.592083 14.070086 -13.031308
-4.974463 14.050026 -12.009429
-4.977785 14.005615 -12.017450
-4.958934 14.070086 -11.971942
-7.404729 14.049994 -11.081971
-7.409698 14.005615 -11.089407
-7.381639 14.070086 -11.047413
-9.191615 14.050026 -9.191621
-9.197753 14.005615 -9.197761
-9.162922 14.070086 -9.162929
-11.081966 14.049994 -7.404739
-11.089402 14.005615 -7.409708
-11.047408 14.070086 -7.381648
-12.009429 14.050026 -4.974474
-12.017450 14.005615 -4.977795
-11.971942 14.070086 -4.958945
-13.072074 14.049994 -2.600202
-13.080848 14.005615 -2.601947
-13.031311 14.070086 -2.592094
-12.998914 14.050026 -0.000005
-13.007595 14.005615 -0.000005
-12.958336 14.070086 -0.000005
-13.072077 14.049994 2.600193
-13.080851 14.005615 2.601938
-13.031315 14.070086 2.592085
-12.009436 14.050026 4.974466
-12.017457 14.005615 4.977787
-11.971948 14.070086 4.958938
-11.081973 14.049994 7.404731
-11.089410 14.005615 7.409700
-11.047416 14.070086 7.381641
-9.191624 14.050026 9.191618
-9.197764 14.005615 9.197756
-9.162932 14.070086 9.162926
-7.404739 14.049994 11.081968
-7.409708 14.005615 11.089406
-7.381648 14.070086 11.047411
-4.974472 14.050026 12.009432
-4.977794 14.005615 12.017454
-4.958944 14.070086 11.971945
-2.600201 14.049994 13.072077
-2.601946 14.005615 13.080851
-2.592093 14.070086 13.031315
-0.000002 14.050026 12.998917
-0.000002 14.005615 13.007598
-0.000002 14.070086 12.958340
2.600196 14.049994 13.072080
2.601941 14.005615 13.080852
2.592088 14.070086 13.031318
4.974469 14.050026 12.009436
4.977791 14.005615 12.017457
4.958941 14.070086 11.971948
7.404735 14.049994 11.081973
7.409705 14.005615 11.089410
7.381645 14.070086 11.047416
9.191623 14.050026 9.191624
9.197761 14.005615 9.197764
9.162930 14.070086 9.162932
11.081973 14.049994 7.404739
11.089410 14.005615 7.409708
11.047416 14.070086 7.381648
12.009439 14.050026 4.974472
12.017460 14.005615 4.977794
11.971950 14.070086 4.958943
13.072082 14.049994 2.600199
13.080855 14.005615 2.601943
13.031321 14.070086 2.592090
12.998922 14.050026 0.000000
13.007604 14.005615 0.000001
12.958346 14.070086 0.000000
12.096646 14.056151 -2.406168
12.137466 14.070086 -2.414287
12.073114 14.020191 -2.401487
11.113273 14.056137 -4.603264
11.150762 14.070086 -4.618792
11.091644 14.020191 -4.594305
10.255048 14.056151 -6.852197
10.289653 14.070086 -6.875319
10.235099 14.020191 -6.838868
8.505736 14.056137 -8.505727
8.534428 14.070086 -8.534419
8.489181 14.020191 -8.489173
6.852206 14.056151 -10.255043
6.875328 14.070086 -10.289648
6.838877 14.020191 -10.235094
4.603274 14.056137 -11.113273
4.618802 14.070086 -11.150762
4.594315 14.020191 -11.091644
2.406179 14.056151 -12.096652
2.414298 14.070086 -12.137471
2.401498 14.020191 -12.073120
0.000005 14.056137 -12.028922
0.000005 14.070086 -12.069502
0.000005 14.020191 -12.005512
-2.406169 14.056151 -12.096652
-2.414288 14.070086 -12.137471
-2.401488 14.020191 -12.073120
-4.603265 14.056137 -11.113278
-4.618794 14.070086 -11.150768
-4.594306 14.020191 -11.091649
-6.852198 14.056151 -10.255051
-6.875319 14.070086 -10.289654
-6.838868 14.020191 -10.235101
-8.505730 14.056137 -8.505736
-8.534423 14.070086 -8.534430
-8.489176 14.020191 -8.489184
-10.255045 14.056151 -6.852208
-10.289650 14.070086 -6.875329
-10.235096 14.020191 -6.838879
-11.113278 14.056137 -4.603275
-11.150768 14.070086 -4.618804
-11.091649 14.020191 -4.594316
-12.096655 14.056151 -2.406179
-12.137473 14.070086 -2.414298
-12.073123 14.020191 -2.401498
-12.028925 14.056137 -0.000004
-12.069505 14.070086 -0.000004
-12.005515 14.020191 -0.000004
-12.096658 14.056151 2.406171
-12.137475 14.070086 2.414290
-12.073127 14.020191 2.401490
-11.113283 14.056137 4.603269
-11.150773 14.070086 4.618797
-11.091654 14.020191 4.594310
-10.255054 14.056151 6.852202
-10.289658 14.070086 6.875323
-10.235104 14.020191 6.838873
-8.505741 14.056137 8.505733
-8.534433 14.070086 8.534427
-8.489187 14.020191 8.489179
-6.852208 14.056151 10.255048
-6.875329 14.070086 10.289653
-6.838879 14.020191 10.235099
-4.603274 14.056137 11.113283
-4.618802 14.070086 11.150770
-4.594315 14.020191 11.091652
-2.406178 14.056151 12.096658
-2.414297 14.070086 12.137477
-2.401497 14.020191 12.073127
-0.000002 14.056137 12.028931
-0.000002 14.070086 12.069509
-0.000002 14.020191 12.005519
2.406174 14.056151 12.096660
2.414293 14.070086 12.137480
2.401493 14.020191 12.073130
4.603271 14.056137 11.113283
4.618799 14.070086 11.150773
4.594312 14.020191 11.091654
6.852205 14.056151 10.255054
6.875326 14.070086 10.289658
6.838876 14.020191 10.235104
8.505738 14.056137 8.505741
8.534431 14.070086 8.534433
8.489184 14.020191 8.489187
10.255054 14.056151 6.852209
10.289658 14.070086 6.875330
10.235104 14.020191 6.838880
11.113286 14.056137 4.603274
11.150775 14.070086 4.618802
11.091657 14.020191 4.594315
12.096663 14.056151 2.406176
12.137482 14.070086 2.414295
12.073133 14.020191 2.401495
12.028934 14.056137 0.000000
12.069512 14.070086 0.000000
12.005522 14.020191 0.000000
5.177757 0.019027 -1.029916
5.188481 0.062194 -1.032049
5.138010 -0.000001 -1.022009
4.857229 0.019024 -2.011926
4.867285 0.062194 -2.016091
4.819938 -0.000001 -1.996480
4.389496 0.019027 -2.932961
4.398588 0.062194 -2.939035
4.355800 -0.000001 -2.910445
3.717564 0.019024 -3.717557
3.725260 0.062194 -3.725254
3.689023 -0.000001 -3.689016
2.932968 0.019027 -4.389490
2.939042 0.062194 -4.398581
2.910453 -0.000001 -4.355795
2.011934 0.019024 -4.857226
2.016099 0.062194 -4.867282
1.996487 -0.000001 -4.819935
1.029924 0.019027 -5.177755
1.032057 0.062194 -5.188478
1.022018 -0.000001 -5.138008
0.000004 0.019024 -5.257427
0.000004 0.062194 -5.268311
0.000004 -0.000001 -5.217064
-1.029917 0.019027 -5.177755
-1.032050 0.062194 -5.188479
-1.022011 -0.000001 -5.138008
-2.011928 0.019024 -4.857227
-2.016093 0.062194 -4.867284
-1.996481 -0.000001 -4.819937
-2.932961 0.019027 -4.389494
-2.939036 0.062194 -4.398585
-2.910447 -0.000001 -4.355797
-3.717559 0.019024 -3.717563
-3.725255 0.062194 -3.725260
-3.689018 -0.000001 -3.689022
-4.389491 0.019027 -2.932964
-4.398583 0.062194 -2.939039
-4.355795 -0.000001 -2.910449
-4.857227 0.019024 -2.011930
-4.867283 0.062194 -2.016095
-4.819936 -0.000001 -1.996483
-5.177757 0.019027 -1.029920
-5.188481 0.062194 -1.032053
-5.138010 -0.000001 -1.022014
-5.257431 0.019024 0.000000
-5.268315 0.062194 0.000000
-5.217068 -0.000001 -0.000000
-5.177757 0.019027 1.029922
-5.188481 0.062194 1.032055
-5.138010 -0.000001 1.022015
-4.857229 0.019024 2.011933
-4.867285 0.062194 2.016098
-4.819938 -0.000001 1.996486
-4.389495 0.019027 2.932967
-4.398586 0.062194 2.939041
-4.355799 -0.000001 2.910452
-3.717565 0.019024 3.717565
-3.725261 0.062194 3.725261
-3.689023 -0.000001 3.689023
-2.932965 0.019027 4.389498
-2.939040 0.062194 4.398589
-2.910450 -0.000001 4.355801
-2.011930 0.019024 4.857233
-2.016095 0.062194 4.867289
-1.996484 -0.000001 4.819943
-1.029920 0.019027 5.177763
-1.032053 0.062194 5.188486
-1.022014 -0.000001 5.138015
0.000001 0.019024 5.257435
0.000001 0.062194 5.268319
0.000001 -0.000001 5.217072
1.029922 0.019027 5.177763
1.032056 0.062194 5.188486
1.022016 -0.000001 5.138016
2.011933 0.019024 4.857234
2.016098 0.062194 4.867291
1.996487 -0.000001 4.819944
2.932967 0.019027 4.389499
2.939042 0.062194 4.398590
2.910453 -0.000001 4.355803
3.717566 0.019024 3.717568
3.725263 0.062194 3.725264
3.689025 -0.000001 3.689027
4.389498 0.019027 2.932969
4.398589 0.062194 2.939044
4.355803 -0.000001 2.910454
4.857234 0.019024 2.011934
4.867291 0.062194 2.016099
4.819944 -0.000001 1.996488
5.177763 0.019027 1.029924
5.188486 0.062194 1.032057
5.138016 -0.000001 1.022017
5.257436 0.019024 0.000002
5.268320 0.062194 0.000002
5.217073 -0.000001 0.000002
4.194450 0.012870 -0.834325
4.234208 -0.000001 -0.842233
4.169464 0.046721 -0.829355
3.934796 0.012873 -1.629841
3.972091 -0.000001 -1.645289
3.911355 0.046721 -1.620131
3.555891 0.012870 -2.375964
3.589596 -0.000001 -2.398485
3.534710 0.046721 -2.361811
3.011563 0.012873 -3.011556
3.040107 -0.000001 -3.040100
2.993622 0.046721 -2.993615
2.375970 0.012870 -3.555885
2.398491 -0.000001 -3.589590
2.361817 0.046721 -3.534703
1.629847 0.012873 -3.934791
1.645296 -0.000001 -3.972085
1.620138 0.046721 -3.911350
0.834332 0.012870 -4.194449
0.842240 -0.000001 -4.234206
0.829362 0.046721 -4.169463
0.000004 0.012873 -4.258988
0.000004 -0.000001 -4.299356
0.000004 0.046721 -4.233616
-0.834325 0.012870 -4.194449
-0.842234 -0.000001 -4.234206
-0.829355 0.046721 -4.169463
-1.629842 0.012873 -3.934792
-1.645290 -0.000001 -3.972087
-1.620132 0.046721 -3.911351
-2.375964 0.012870 -3.555885
-2.398485 -0.000001 -3.589590
-2.361811 0.046721 -3.534703
-3.011557 0.012873 -3.011562
-3.040102 -0.000001 -3.040107
-2.993617 0.046721 -2.993622
-3.555885 0.012870 -2.375965
-3.589590 -0.000001 -2.398486
-3.534704 0.046721 -2.361812
-3.934792 0.012873 -1.629844
-3.972087 -0.000001 -1.645293
-3.911351 0.046721 -1.620135
-4.194450 0.012870 -0.834328
-4.234208 -0.000001 -0.842236
-4.169464 0.046721 -0.829358
-4.258989 0.012873 0.000001
-4.299358 -0.000001 0.000001
-4.233618 0.046721 0.000001
-4.194450 0.012870 0.834331
-4.234208 -0.000001 0.842239
-4.169464 0.046721 0.829361
-3.934793 0.012873 1.629847
-3.972089 -0.000001 1.645295
-3.911353 0.046721 1.620138
-3.555887 0.012870 2.375969
-3.589592 -0.000001 2.398491
-3.534705 0.046721 2.361817
-3.011564 0.012873 3.011563
-3.040108 -0.000001 3.040107
-2.993623 0.046721 2.993623
-2.375966 0.012870 3.555892
-2.398487 -0.000001 3.589597
-2.361813 0.046721 3.534710
-1.629845 0.012873 3.934799
-1.645293 -0.000001 3.972093
-1.620135 0.046721 3.911358
-0.834328 0.012870 4.194456
-0.842236 -0.000001 4.234214
-0.829358 0.046721 4.169470
0.000001 0.012873 4.258996
0.000001 -0.000001 4.299364
0.000001 0.046721 4.233624
0.834331 0.012870 4.194457
0.842239 -0.000001 4.234214
0.829361 0.046721 4.169471
1.629847 0.012873 3.934799
1.645296 -0.000001 3.972095
1.620138 0.046721 3.911359
2.375970 0.012870 3.555892
2.398491 -0.000001 3.589597
2.361817 0.046721 3.534710
3.011564 0.012873 3.011566
3.040108 -0.000001 3.040110
2.993623 0.046721 2.993625
3.555891 0.012870 2.375972
3.589596 -0.000001 2.398493
3.534710 0.046721 2.361819
3.934799 0.012873 1.629848
3.972094 -0.000001 1.645296
3.911359 0.046721 1.620139
4.194456 0.012870 0.834332
4.234214 -0.000001 0.842241
4.169470 0.046721 0.829362
4.258996 0.012873 0.000002
4.299363 -0.000001 0.000002
4.233623 0.046721 0.000002
-3.225248 3.743614 3.225249
-3.260726 3.808294 3.260727
-3.220075 3.662174 3.220076
-3.808528 3.743246 2.544779
-3.851033 3.807456 2.573180
-3.802160 3.661750 2.540524
-4.213987 3.743614 1.745493
-4.260341 3.808294 1.764693
-4.207228 3.662173 1.742693
-4.492462 3.743246 0.893608
-4.542601 3.807456 0.903581
-4.484950 3.661750 0.892114
-4.561188 3.743614 0.000001
-4.611361 3.808294 0.000001
-4.553871 3.662174 0.000001
-4.492462 3.743246 -0.893606
-4.542601 3.807456 -0.903579
-4.484950 3.661750 -0.892112
-4.213986 3.743614 -1.745490
-4.260339 3.808294 -1.764690
-4.207226 3.662174 -1.742690
-3.808523 3.743246 -2.544774
-3.851028 3.807456 -2.573175
-3.802155 3.661750 -2.540519
-3.225244 3.743614 -3.225247
-3.260722 3.808294 -3.260725
-3.220070 3.662174 -3.220073
-2.544773 3.743246 -3.808526
-2.573175 3.807456 -3.851031
-2.540518 3.661750 -3.802157
-1.745487 3.743614 -4.213986
-1.764687 3.808294 -4.260339
-1.742687 3.662174 -4.207226
-0.893602 3.743246 -4.492460
-0.903575 3.807456 -4.542599
-0.892108 3.661750 -4.484949
0.000004 3.743614 -4.561187
0.000004 3.808294 -4.611359
0.000004 3.662174 -4.553870
0.893611 3.743246 -4.492459
0.903584 3.807456 -4.542597
0.892116 3.661750 -4.484947
1.745493 3.743614 -4.213983
1.764694 3.808294 -4.260337
1.742694 3.662174 -4.207224
2.544780 3.743246 -3.808523
2.573181 3.807456 -3.851028
2.540525 3.661750 -3.802154
3.225249 3.743614 -3.225242
3.260727 3.808294 -3.260720
3.220075 3.662174 -3.220069
3.808529 3.743246 -2.544772
3.851034 3.807456 -2.573173
3.802161 3.661750 -2.540517
4.213987 3.743614 -1.745486
4.260341 3.808294 -1.764686
4.207228 3.662174 -1.742686
4.492460 3.743246 -0.893601
4.542599 3.807456 -0.903575
4.484949 3.661750 -0.892107
4.561195 3.743614 0.000002
4.611367 3.808294 0.000002
4.553878 3.662174 0.000002
4.492467 3.743246 0.893609
4.542606 3.807456 0.903583
4.484955 3.661750 0.892115
4.213993 3.743614 1.745494
4.260346 3.808294 1.764694
4.207233 3.662173 1.742694
3.808530 3.743246 2.544781
3.851035 3.807456 2.573183
3.802162 3.661750 2.540526
3.225250 3.743614 3.225251
3.260728 3.808294 3.260729
3.220076 3.662174 3.220078
2.544779 3.743246 3.808531
2.573181 3.807456 3.851036
2.540524 3.661750 3.802162
1.745493 3.743614 4.213994
1.764693 3.808294 4.260347
1.742693 3.662174 4.207235
0.893608 3.743246 4.492467
0.903581 3.807456 4.542606
0.892113 3.661750 4.484955
0.000001 3.743614 4.561195
0.000001 3.808294 4.611367
0.000001 3.662174 4.553878
-0.893606 3.743246 4.492466
-0.903579 3.807456 4.542605
-0.892112 3.661750 4.484954
-1.745490 3.743614 4.213993
-1.764690 3.808294 4.260346
-1.742690 3.662174 4.207233
-2.544775 3.743246 3.808530
-2.573176 3.807456 3.851035
-2.540520 3.661750 3.802162
3.530771 1.843989 -0.702310
3.453243 1.869089 -0.686889
3.579493 1.777980 -0.712002
3.312196 1.843984 -1.371952
3.239471 1.869089 -1.341828
3.357905 1.777980 -1.390885
2.993249 1.843989 -2.000019
2.927524 1.869089 -1.956103
3.034554 1.777980 -2.027618
2.535046 1.843984 -2.535039
2.479384 1.869089 -2.479378
2.570030 1.777980 -2.570023
2.000025 1.843989 -2.993243
1.956109 1.869089 -2.927518
2.027624 1.777980 -3.034548
1.371959 1.843984 -3.312191
1.341835 1.869089 -3.239466
1.390892 1.777980 -3.357900
0.702318 1.843989 -3.530768
0.686896 1.869089 -3.453240
0.712009 1.777980 -3.579490
0.000004 1.843984 -3.585091
0.000004 1.869089 -3.506374
0.000004 1.777980 -3.634566
-0.702311 1.843989 -3.530768
-0.686890 1.869089 -3.453241
-0.712003 1.777980 -3.579490
-1.371953 1.843984 -3.312192
-1.341829 1.869089 -3.239467
-1.390886 1.777980 -3.357902
-2.000019 1.843989 -2.993243
-1.956103 1.869089 -2.927518
-2.027618 1.777980 -3.034548
-2.535040 1.843984 -2.535045
-2.479379 1.869089 -2.479383
-2.570025 1.777980 -2.570029
-2.993244 1.843989 -2.000021
-2.927519 1.869089 -1.956105
-3.034548 1.777980 -2.027619
-3.312192 1.843984 -1.371955
-3.239467 1.869089 -1.341831
-3.357901 1.777980 -1.390888
-3.530770 1.843989 -0.702313
-3.453242 1.869089 -0.686892
-3.579491 1.777980 -0.712005
-3.585092 1.843984 0.000001
-3.506375 1.869089 0.000001
-3.634567 1.777980 0.000001
-3.530770 1.843989 0.702317
-3.453242 1.869089 0.686896
-3.579491 1.777980 0.712008
-3.312195 1.843984 1.371958
-3.239469 1.869089 1.341835
-3.357904 1.777980 1.390892
-2.993244 1.843989 2.000025
-2.927520 1.869089 1.956109
-3.034549 1.777980 2.027624
-2.535046 1.843984 2.535046
-2.479384 1.869089 2.479385
-2.570030 1.777980 2.570031
-2.000021 1.843989 2.993250
-1.956105 1.869089 2.927525
-2.027620 1.777980 3.034555
-1.371955 1.843984 3.312199
-1.341831 1.869089 3.239474
-1.390889 1.777980 3.357908
-0.702313 1.843989 3.530775
-0.686892 1.869089 3.453247
-0.712005 1.777980 3.579497
0.000001 1.843984 3.585099
0.000001 1.869089 3.506382
0.000001 1.777980 3.634574
0.702317 1.843989 3.530776
0.686896 1.869089 3.453248
0.712008 1.777980 3.579497
1.371959 1.843984 3.312201
1.341835 1.869089 3.239475
1.390892 1.777980 3.357910
2.000025 1.843989 2.993250
1.956109 1.869089 2.927525
2.027624 1.777980 3.034555
2.535046 1.843984 2.535048
2.479385 1.869089 2.479386
2.570031 1.777980 2.570032
2.993249 1.843989 2.000027
2.927525 1.869089 1.956111
3.034554 1.777980 2.027626
3.312200 1.843984 1.371959
3.239475 1.869089 1.341836
3.357909 1.777980 1.390893
3.530775 1.843989 0.702318
3.453247 1.869089 0.686897
3.579497 1.777980 0.712010
3.585098 1.843984 0.000003
3.506381 1.869089 0.000003
3.634573 1.777980 0.000003
