1.900103 36.083847 -0.845976
1.682693 36.083847 -1.222543
1.391742 36.083847 -1.545678
1.039964 36.083847 -1.801261
0.642735 36.083844 -1.978120
0.217416 36.083844 -2.068525
-0.217406 36.083844 -2.068526
-0.642726 36.083844 -1.978122
-1.039955 36.083847 -1.801265
-1.391734 36.083847 -1.545684
-1.682686 36.083847 -1.222549
-1.900098 36.083847 -0.845983
-2.034467 36.083847 -0.432443
-2.079918 36.083847 -0.000004
-2.034468 36.083847 0.432436
-1.900101 36.083847 0.845976
-1.682691 36.083847 1.222543
-1.391739 36.083847 1.545678
-1.039962 36.083847 1.801261
-0.642734 36.083847 1.978119
-0.217413 36.083847 2.068525
0.217408 36.083847 2.068526
0.642728 36.083847 1.978122
1.039957 36.083847 1.801265
1.391736 36.083847 1.545684
1.682688 36.083847 1.222549
1.900101 36.083847 0.845983
0.000001 30.894174 -0.000000
2.034468 36.083847 0.432444
2.881012 36.188333 0.000004
2.818056 36.188333 -0.598992
2.631937 36.188333 -1.171809
2.330791 36.188333 -1.693412
1.927777 36.188333 -2.141006
1.440510 36.188333 -2.495027
0.890286 36.188333 -2.740003
0.301152 36.188333 -2.865229
-0.301143 36.188333 -2.865229
-0.890277 36.188333 -2.740006
-1.440501 36.188333 -2.495031
-1.927769 36.188333 -2.141012
-2.330784 36.188333 -1.693419
-2.631932 36.188333 -1.171816
-2.818052 36.188333 -0.599000
-2.881010 36.188333 -0.000004
-2.818054 36.188333 0.598993
-2.631935 36.188333 1.171809
-2.330787 36.188333 1.693413
-1.927774 36.188333 2.141006
-1.440508 36.188333 2.495027
-0.890285 36.188336 2.740003
-0.301150 36.188336 2.865229
0.301145 36.188336 2.865229
0.890278 36.188336 2.740005
1.440503 36.188333 2.495031
1.927771 36.188333 2.141011
2.330785 36.188333 1.693419
2.631935 36.188333 1.171816
2.818054 36.188333 0.599000
3.178415 11.040604 -0.000000
4.317268 9.961348 -0.000000
7.458383 9.682707 -0.000000
9.095398 9.334406 -0.000000
10.105468 8.289503 -0.000000
3.108959 11.040604 -0.660830
4.222926 9.961348 -0.897611
7.295400 9.682707 -1.550685
8.896642 9.334406 -1.891040
9.884640 8.289503 -2.101046
2.903626 11.040605 -1.292778
3.944020 9.961348 -1.755991
6.813572 9.682707 -3.033598
8.309059 9.334407 -3.699432
9.231805 8.289503 -4.110265
2.571392 11.040605 -1.868225
3.492743 9.961349 -2.537626
6.033959 9.682707 -4.383928
7.358331 9.334407 -5.346141
8.175496 8.289503 -5.939845
2.126775 11.040605 -2.362023
2.888816 9.961349 -3.208355
4.990632 9.682707 -5.542659
6.086008 9.334407 -6.759198
6.761877 8.289504 -7.509827
1.589208 11.040605 -2.752588
2.158634 9.961349 -3.738863
3.729192 9.682707 -6.459150
4.547699 9.334407 -7.876846
5.052734 8.289504 -8.751593
0.982185 11.040605 -3.022852
1.334109 9.961349 -4.105966
2.304767 9.682708 -7.093344
2.810632 9.334408 -8.650237
3.122761 8.289505 -9.610872
0.332235 11.040605 -3.161003
0.451278 9.961349 -4.293617
0.779613 9.682708 -7.417525
0.950727 9.334408 -9.045571
1.056308 8.289505 -10.050110
-0.332235 11.040605 -3.161003
-0.451277 9.961349 -4.293616
-0.779614 9.682708 -7.417525
-0.950729 9.334408 -9.045570
-1.056311 8.289505 -10.050110
-0.982184 11.040605 -3.022852
-1.334108 9.961349 -4.105965
-2.304767 9.682709 -7.093344
-2.810633 9.334409 -8.650235
-3.122763 8.289506 -9.610871
-1.589207 11.040605 -2.752588
-2.158634 9.961349 -3.738863
-3.729191 9.682709 -6.459149
-4.547698 9.334409 -7.876845
-5.052735 8.289506 -8.751592
-2.126775 11.040606 -2.362022
-2.888815 9.961349 -3.208355
-4.990632 9.682709 -5.542659
-6.086008 9.334409 -6.759197
-6.761880 8.289507 -7.509827
-2.571390 11.040606 -1.868225
-3.492743 9.961349 -2.537626
-6.033958 9.682709 -4.383927
-7.358330 9.334409 -5.346140
-8.175496 8.289507 -5.939844
-2.903625 11.040606 -1.292778
-3.944019 9.961349 -1.755990
-6.813570 9.682710 -3.033597
-8.309058 9.334409 -3.699430
-9.231803 8.289507 -4.110263
-3.108958 11.040606 -0.660829
-4.222924 9.961349 -0.897610
-7.295399 9.682710 -1.550684
-8.896639 9.334409 -1.891038
-9.884638 8.289507 -2.101044
-3.178415 11.040606 0.000000
-4.317266 9.961349 0.000000
-7.458382 9.682710 0.000001
-9.095396 9.334409 0.000001
-10.105468 8.289507 0.000001
-3.108958 11.040606 0.660831
-4.222924 9.961349 0.897612
-7.295398 9.682710 1.550688
-8.896638 9.334409 1.891043
-9.884638 8.289507 2.101049
-2.903625 11.040606 1.292778
-3.944019 9.961349 1.755991
-6.813570 9.682710 3.033599
-8.309058 9.334409 3.699432
-9.231803 8.289507 4.110266
-2.571390 11.040606 1.868226
-3.492741 9.961349 2.537627
-6.033956 9.682709 4.383930
-7.358327 9.334409 5.346143
-8.175493 8.289507 5.939848
-2.126773 11.040606 2.362023
-2.888813 9.961349 3.208355
-4.990630 9.682709 5.542659
-6.086006 9.334409 6.759197
-6.761876 8.289506 7.509827
-1.589206 11.040605 2.752589
-2.158632 9.961349 3.738864
-3.729190 9.682709 6.459149
-4.547696 9.334409 7.876846
-5.052732 8.289507 8.751593
-0.982184 11.040605 3.022852
-1.334108 9.961349 4.105966
-2.304767 9.682709 7.093343
-2.810632 9.334409 8.650237
-3.122762 8.289506 9.610871
-0.332233 11.040605 3.161003
-0.451276 9.961349 4.293617
-0.779611 9.682708 7.417525
-0.950726 9.334408 9.045571
-1.056307 8.289505 10.050110
0.332235 11.040605 3.161003
0.451278 9.961349 4.293617
0.779613 9.682708 7.417525
0.950728 9.334408 9.045571
1.056309 8.289505 10.050110
0.982186 11.040605 3.022852
1.334110 9.961349 4.105965
2.304769 9.682708 7.093343
2.810634 9.334408 8.650236
3.122763 8.289505 9.610871
1.589208 11.040605 2.752588
2.158634 9.961349 3.738863
3.729192 9.682707 6.459149
4.547699 9.334407 7.876846
5.052734 8.289505 8.751593
2.126776 11.040605 2.362022
2.888817 9.961349 3.208354
4.990634 9.682707 5.542658
6.086010 9.334407 6.759196
6.761880 8.289503 7.509825
2.571392 11.040605 1.868225
3.492743 9.961349 2.537626
6.033959 9.682707 4.383927
7.358331 9.334407 5.346140
8.175495 8.289503 5.939845
2.903627 11.040605 1.292777
3.944021 9.961348 1.755990
6.813573 9.682707 3.033596
8.309060 9.334407 3.699430
9.231806 8.289503 4.110262
3.108959 11.040604 0.660830
4.222925 9.961349 0.897610
7.295399 9.682707 1.550685
8.896642 9.334406 1.891040
9.884640 8.289503 2.101045
7.268468 6.861471 -8.072453
5.431277 6.861471 -9.407250
3.356714 6.861471 -10.330905
1.135445 6.861471 -10.803051
-1.135448 6.861472 -10.803049
-3.356716 6.861472 -10.330903
-5.431279 6.861472 -9.407249
-7.268469 6.861472 -8.072451
-8.787992 6.861472 -6.384849
-9.923438 6.861472 -4.418199
-10.625182 6.861472 -2.258451
-10.862556 6.861472 0.000002
-10.625180 6.861472 2.258456
-9.923438 6.861472 4.418201
-8.787989 6.861472 6.384854
2.571077 9.764605 -4.453234
3.440772 9.764605 -3.821364
4.160089 9.764605 -3.022482
4.697590 9.764604 -2.091502
5.029785 9.764604 -1.069114
5.142154 9.764604 -0.000000
5.029784 9.764604 1.069114
4.697591 9.764604 2.091501
4.160089 9.764605 3.022481
3.440773 9.764605 3.821364
2.571077 9.764605 4.453235
1.589014 9.764605 4.890478
0.537502 9.764605 5.113984
-0.537500 9.764605 5.113984
-1.589012 9.764605 4.890479
-2.571074 9.764605 4.453236
-3.440770 9.764606 3.821365
-4.160088 9.764606 3.022483
-4.697589 9.764606 2.091503
-5.029783 9.764606 1.069115
-5.142151 9.764606 0.000001
-5.029783 9.764606 -1.069113
-4.697589 9.764606 -2.091502
-4.160088 9.764606 -3.022481
-3.440771 9.764606 -3.821364
-2.571076 9.764606 -4.453234
-1.589012 9.764605 -4.890477
-0.537501 9.764605 -5.113982
0.537502 9.764605 -5.113983
1.589012 9.764605 -4.890478
-1.856975 10.438394 -3.216374
-1.147673 10.438394 -3.532174
-0.388213 10.438393 -3.693603
0.388214 10.438393 -3.693603
1.147674 10.438393 -3.532175
1.856975 10.438393 -3.216374
2.485117 10.438393 -2.760002
3.004648 10.438393 -2.183004
3.392861 10.438393 -1.510599
3.632790 10.438393 -0.772174
3.713949 10.438393 -0.000000
3.632790 10.438393 0.772173
3.392861 10.438393 1.510598
3.004648 10.438393 2.183004
2.485118 10.438393 2.760001
1.856975 10.438393 3.216374
1.147674 10.438393 3.532175
0.388214 10.438393 3.693604
-0.388212 10.438393 3.693604
-1.147673 10.438394 3.532175
-1.856973 10.438394 3.216375
-2.485114 10.438394 2.760002
-3.004646 10.438394 2.183005
-3.392860 10.438394 1.510599
-3.632788 10.438394 0.772175
-3.713948 10.438394 0.000000
-3.632788 10.438394 -0.772173
-3.392860 10.438394 -1.510599
-3.004647 10.438394 -2.183004
-2.485116 10.438394 -2.760002
10.862556 6.861470 -0.000001
10.802065 4.353761 -0.000001
9.896482 2.821236 -0.000001
8.294299 1.532524 -0.000002
7.053201 0.905583 -0.000001
6.898369 0.000002 -0.000002
10.625184 6.861471 -2.258453
10.566013 4.353761 -2.245877
9.680221 2.821236 -2.057596
8.113049 1.532524 -1.724483
6.899072 0.905583 -1.466444
6.747623 0.000002 -1.434253
9.923438 6.861470 -4.418200
9.868176 4.353761 -4.393596
9.040886 2.821237 -4.025264
7.577218 1.532525 -3.373597
6.443419 0.905584 -2.868796
6.301973 0.000003 -2.805821
8.787992 6.861471 -6.384850
8.739053 4.353761 -6.349294
8.006422 2.821236 -5.817007
6.710228 1.532524 -4.875267
5.706159 0.905583 -4.145768
5.580897 0.000002 -4.054760
7.227991 4.353761 -8.027499
6.622038 2.821235 -7.354520
5.549968 1.532524 -6.163866
4.719511 0.905583 -5.241550
4.615908 0.000002 -5.126488
5.401031 4.353760 -9.354863
4.948240 2.821236 -8.570605
4.147149 1.532524 -7.183074
3.526599 0.905583 -6.108251
3.449183 0.000002 -5.974163
3.338021 4.353761 -10.273373
3.058180 2.821236 -9.412115
2.563078 1.532524 -7.888348
2.179558 0.905583 -6.707993
2.131712 0.000002 -6.560738
1.129122 4.353761 -10.742889
1.034463 2.821236 -9.842268
0.866989 1.532525 -8.248862
0.737259 0.905583 -7.014561
0.721075 0.000002 -6.860579
-1.129125 4.353761 -10.742889
-1.034466 2.821236 -9.842268
-0.866992 1.532525 -8.248861
-0.737262 0.905583 -7.014561
-0.721078 0.000002 -6.860578
-3.338023 4.353761 -10.273373
-3.058183 2.821236 -9.412113
-2.563081 1.532524 -7.888346
-2.179560 0.905583 -6.707990
-2.131714 0.000002 -6.560737
-5.401033 4.353760 -9.354861
-4.948242 2.821236 -8.570604
-4.147150 1.532524 -7.183073
-3.526600 0.905583 -6.108249
-3.449185 0.000002 -5.974161
-7.227992 4.353761 -8.027497
-6.622040 2.821235 -7.354518
-5.549970 1.532524 -6.163864
-4.719512 0.905583 -5.241548
-4.615910 0.000002 -5.126486
-8.739053 4.353761 -6.349292
-8.006422 2.821236 -5.817004
-6.710228 1.532524 -4.875265
-5.706158 0.905583 -4.145765
-5.580898 0.000002 -4.054757
-9.868176 4.353761 -4.393593
-9.040886 2.821237 -4.025260
-7.577218 1.532525 -3.373593
-6.443418 0.905584 -2.868793
-6.301973 0.000003 -2.805817
-10.566013 4.353761 -2.245873
-9.680219 2.821236 -2.057592
-8.113048 1.532524 -1.724479
-6.899070 0.905583 -1.466441
-6.747622 0.000002 -1.434249
-10.802064 4.353761 0.000002
-9.896481 2.821236 0.000002
-8.294297 1.532524 0.000002
-7.053198 0.905583 0.000002
-6.898367 0.000002 0.000002
-10.566010 4.353760 2.245880
-9.680217 2.821236 2.057599
-8.113046 1.532524 1.724486
-6.899068 0.905583 1.466446
-6.747620 0.000002 1.434255
-9.868174 4.353761 4.393597
-9.040884 2.821235 4.025264
-7.577216 1.532523 3.373597
-6.443416 0.905582 2.868797
-6.301971 0.000001 2.805821
-8.739049 4.353761 6.349298
-8.006418 2.821236 5.817010
-6.710225 1.532524 4.875270
-5.706155 0.905583 4.145770
-5.580894 0.000002 4.054762
-7.268466 6.861472 8.072453
-7.227988 4.353761 8.027499
-6.622035 2.821237 7.354520
-5.549965 1.532524 6.163866
-4.719508 0.905583 5.241550
-4.615906 0.000002 5.126487
-5.431276 6.861472 9.407250
-5.401029 4.353761 9.354863
-4.948238 2.821236 8.570605
-4.147147 1.532524 7.183074
-3.526597 0.905583 6.108251
-3.449181 0.000002 5.974163
-3.356714 6.861472 10.330903
-3.338020 4.353761 10.273373
-3.058180 2.821236 9.412113
-2.563078 1.532524 7.888346
-2.179557 0.905583 6.707991
-2.131711 0.000002 6.560738
-1.135443 6.861472 10.803051
-1.129120 4.353761 10.742890
-1.034460 2.821236 9.842268
-0.866987 1.532523 8.248861
-0.737256 0.905583 7.014562
-0.721072 0.000002 6.860579
1.135447 6.861471 10.803049
1.129124 4.353761 10.742889
1.034465 2.821236 9.842268
0.866992 1.532523 8.248861
0.737262 0.905583 7.014562
0.721078 0.000002 6.860577
3.356717 6.861471 10.330903
3.338025 4.353761 10.273373
3.058184 2.821236 9.412112
2.563083 1.532524 7.888346
2.179562 0.905583 6.707990
2.131716 0.000002 6.560737
5.431278 6.861472 9.407249
5.401033 4.353761 9.354861
4.948242 2.821236 8.570604
4.147151 1.532524 7.183073
3.526602 0.905583 6.108250
3.449186 0.000002 5.974161
7.268471 6.861471 8.072451
7.227995 4.353761 8.027497
6.622041 2.821237 7.354517
5.549972 1.532524 6.163863
4.719515 0.905583 5.241547
4.615912 0.000002 5.126485
8.787992 6.861471 6.384850
8.739053 4.353761 6.349294
8.006423 2.821236 5.817006
6.710229 1.532524 4.875265
5.706160 0.905583 4.145766
5.580899 0.000002 4.054758
9.923441 6.861471 4.418197
9.868179 4.353761 4.393592
9.040887 2.821235 4.025259
7.577221 1.532523 3.373592
6.443421 0.905582 2.868793
6.301975 0.000001 2.805817
10.625183 6.861469 2.258452
10.566013 4.353760 2.245875
9.680221 2.821236 2.057594
8.113049 1.532524 1.724481
6.899072 0.905583 1.466442
6.747623 0.000002 1.434250
0.000001 0.000002 0.000000
2.818056 36.188333 -0.598992
2.764229 12.223863 -0.587555
3.104919 11.040607 -0.659971
2.631937 36.188333 -1.171809
2.581664 12.223863 -1.149430
2.899853 11.040607 -1.291097
2.330791 36.188333 -1.693412
2.286269 12.223863 -1.661071
2.568050 11.040607 -1.865797
1.927777 36.188333 -2.141006
1.890952 12.223863 -2.100114
2.124011 11.040607 -2.358952
1.440510 36.188333 -2.495027
1.412992 12.223863 -2.447373
1.587143 11.040607 -2.749010
0.890286 36.188333 -2.740003
0.873278 12.223863 -2.687669
0.980908 11.040607 -3.018923
0.301152 36.188333 -2.865229
0.295396 12.223863 -2.810502
0.331804 11.040607 -3.156894
-0.301143 36.188333 -2.865229
-0.295395 12.223863 -2.810502
-0.331802 11.040607 -3.156894
-0.890277 36.188333 -2.740006
-0.873276 12.223863 -2.687669
-0.980907 11.040607 -3.018923
-1.440501 36.188333 -2.495031
-1.412991 12.223863 -2.447373
-1.587141 11.040607 -2.749010
-1.927769 36.188333 -2.141012
-1.890951 12.223863 -2.100115
-2.124010 11.040607 -2.358953
-2.330784 36.188333 -1.693419
-2.286267 12.223863 -1.661071
-2.568048 11.040607 -1.865797
-2.631932 36.188333 -1.171816
-2.581662 12.223863 -1.149431
-2.899851 11.040607 -1.291097
-2.818052 36.188333 -0.599000
-2.764228 12.223863 -0.587555
-3.104917 11.040607 -0.659970
-2.881010 36.188333 0.000004
2.881012 36.188333 0.000004
2.825984 12.223863 0.000000
2.764229 12.223863 0.587555
2.818056 36.188333 0.599000
3.174284 11.040607 -0.000000
3.104919 11.040607 0.659970
2.581664 12.223863 1.149431
2.631937 36.188333 1.171817
2.899853 11.040607 1.291097
2.286269 12.223863 1.661071
2.330791 36.188333 1.693420
2.568050 11.040606 1.865796
1.890952 12.223862 2.100114
1.927777 36.188333 2.141013
2.124011 11.040606 2.358952
1.412992 12.223862 2.447373
1.440510 36.188333 2.495035
1.587143 11.040606 2.749010
0.873278 12.223862 2.687669
0.890286 36.188333 2.740011
0.980908 11.040606 3.018923
0.295396 12.223862 2.810502
0.301152 36.188333 2.865236
0.331804 11.040606 3.156894
-0.295395 12.223862 2.810502
-0.301143 36.188333 2.865237
-0.331802 11.040606 3.156894
-0.873276 12.223862 2.687669
-0.890277 36.188333 2.740013
-0.980907 11.040606 3.018922
-1.412991 12.223862 2.447373
-1.440501 36.188333 2.495039
-1.587141 11.040606 2.749010
-1.890951 12.223862 2.100114
-1.927769 36.188333 2.141019
-2.124010 11.040606 2.358952
-2.286267 12.223863 1.661071
-2.330784 36.188333 1.693427
-2.568048 11.040606 1.865796
-2.581662 12.223863 1.149430
-2.631932 36.188333 1.171824
-2.899851 11.040607 1.291097
-2.764228 12.223863 0.587554
-2.818052 36.188333 0.599007
-3.104917 11.040607 0.659970
-2.825982 12.223863 -0.000000
-3.174283 11.040607 -0.000000
