11.973388 0.000000 -2.737636
11.075660 0.000000 -5.329908
9.601853 0.000000 -7.625351
7.663767 0.000000 -9.556236
5.408924 0.000000 -11.047404
2.765207 0.000000 -11.885909
-0.041194 0.000000 -12.228918
-2.830290 0.000000 -11.788882
-5.351068 0.000000 -10.859486
-7.652470 0.000000 -9.424858
-9.537775 0.000000 -7.539133
-11.023975 0.000000 -5.288639
-11.974023 0.000000 -2.737484
-12.298026 -0.000000 0.070730
-11.914574 -0.000000 2.876429
-10.991207 -0.000000 5.438466
-9.556882 -0.000000 7.714029
-7.671630 -0.000000 9.586954
-5.389713 -0.000000 11.034566
-2.849584 -0.000000 11.898560
-0.054055 -0.000000 12.228918
2.728218 -0.000000 11.904578
5.255173 -0.000000 10.936572
7.544093 -0.000000 9.417316
9.473766 -0.000000 7.688867
10.966790 -0.000000 5.457841
11.889548 -0.000000 2.878944
2.414851 -0.000000 0.711400
2.220937 -0.000000 1.253348
1.916723 -0.000000 1.731578
1.517738 -0.000000 2.130563
1.039508 -0.000000 2.434777
0.497560 -0.000000 2.628691
-0.092579 -0.000000 2.696780
-0.682717 -0.000000 2.628691
-1.224665 -0.000000 2.434777
-1.702895 -0.000000 2.130563
-2.101880 -0.000000 1.731578
-2.406094 -0.000000 1.253348
-2.600008 -0.000000 0.711400
-2.668097 -0.000000 0.121262
-2.600008 0.000000 -0.468876
-2.406094 0.000000 -1.010824
-2.101880 0.000000 -1.489054
-1.702895 0.000000 -1.888040
-1.224665 0.000000 -2.192254
-0.682717 0.000000 -2.386168
-0.092579 0.000000 -2.454257
0.497559 0.000000 -2.386168
1.039507 0.000000 -2.192253
1.517738 0.000000 -1.888040
1.916723 0.000000 -1.489055
2.220937 0.000000 -1.010825
2.414852 0.000000 -0.468877
2.482940 -0.000000 0.121262
12.298026 2.259448 0.083830
11.973388 2.259448 -2.737636
11.075660 2.259448 -5.329908
9.601853 2.259448 -7.625351
7.663767 2.259448 -9.556236
5.408924 2.259448 -11.047404
2.765207 2.259448 -11.885909
-0.041194 2.259448 -12.228918
-2.830289 2.259448 -11.788882
-5.351068 2.259448 -10.859486
-7.652470 2.259448 -9.424858
-9.537775 2.259448 -7.539133
-11.023975 2.259448 -5.288639
-11.974023 2.259448 -2.737484
-12.298026 2.259448 0.070730
-11.914574 2.259448 2.876429
-10.991207 2.259448 5.438466
-9.556882 2.259448 7.714029
-7.671630 2.259448 9.586954
-5.389713 2.259448 11.034566
-2.849584 2.259448 11.898560
-0.054055 2.259448 12.228918
2.728219 2.259448 11.904578
5.255173 2.259448 10.936572
7.544093 2.259448 9.417316
9.473766 2.259448 7.688867
10.966790 2.259448 5.457841
11.889548 2.259448 2.878944
2.414852 2.259448 0.711400
2.220937 2.259448 1.253348
1.916723 2.259448 1.731578
1.517738 2.259448 2.130563
1.039508 2.259448 2.434777
0.497560 2.259448 2.628691
-0.092578 2.259448 2.696780
-0.682716 2.259448 2.628691
-1.224664 2.259448 2.434777
-1.702894 2.259448 2.130563
-2.101880 2.259448 1.731578
-2.406093 2.259448 1.253348
-2.600008 2.259448 0.711400
-2.668097 2.259448 0.121262
-2.600008 2.259448 -0.468876
-2.406093 2.259448 -1.010824
-2.101880 2.259448 -1.489054
-1.702895 2.259448 -1.888040
-1.224664 2.259448 -2.192254
-0.682717 2.259448 -2.386168
-0.092578 2.259448 -2.454257
0.497560 2.259448 -2.386168
1.039508 2.259448 -2.192253
1.517738 2.259448 -1.888040
1.916723 2.259448 -1.489055
2.220937 2.259448 -1.010825
2.414852 2.259448 -0.468877
2.482940 2.259448 0.121262
-4.050161 2.259448 -11.077065
-4.074552 2.134697 -11.275359
-4.193578 0.000000 -11.286246
-4.034129 2.154224 -11.345033
