-0.911684 0.245595 -4.802035
1.235884 0.245595 -4.706587
6.374133 0.245595 -3.131706
7.551314 0.245595 -2.034064
18.582666 0.217280 11.338634
18.582666 0.217280 10.551233
17.930246 0.217280 7.469119
16.580423 0.217280 1.664837
15.365579 0.217280 -3.711998
15.005609 0.217280 -6.186772
23.802014 0.217280 -7.559109
22.857132 0.217280 -12.845949
10.213722 0.245595 -11.091172
8.458942 0.245595 -11.001183
-1.102361 0.245595 -10.663727
-10.506180 0.245595 -10.033808
-17.795264 0.245595 -9.088932
-19.685028 0.245595 -8.549000
-21.012360 0.245595 -7.716604
-23.802014 0.245595 -5.421891
-23.689526 0.245595 -5.196919
13.890594 0.285605 -1.416235
14.192847 0.285605 -0.095878
14.685989 0.285605 2.019874
14.383740 0.285605 2.099414
14.224661 0.285605 2.035783
13.413354 0.285605 -1.400328
12.967929 0.285605 -6.188612
13.683783 0.285605 -2.704780
13.127008 0.285605 -2.593424
12.792941 0.285605 -4.009229
12.411151 0.285605 -6.045441
12.297623 0.285605 -10.193211
12.337392 0.285605 -9.055795
11.923787 0.285605 -8.944440
11.669260 0.285605 -9.095566
11.541997 0.285605 -10.057994
20.719174 0.227402 -10.081210
20.854156 0.227402 -9.113832
17.479581 0.227402 -8.697633
16.579694 0.227402 -8.607645
16.365970 0.227402 -9.338803
16.478455 0.227402 -9.541278
15.147327 0.285605 3.435682
15.481393 0.285605 4.819670
16.197247 0.285605 7.460384
15.672287 0.285605 7.619463
15.449576 0.285605 7.380844
15.035971 0.285605 5.615065
14.670090 0.285605 3.960643
14.622366 0.285605 3.531129
12.728422 0.401621 -10.102737
12.739711 0.401621 -10.029515
12.837659 0.401621 -9.394231
13.341946 0.401621 -6.123489
13.975400 0.401621 -3.472961
14.310678 0.401621 -2.070078
14.403732 0.401621 -1.680710
14.887274 0.401621 0.416227
15.486807 0.401621 3.016191
16.282059 0.401621 6.177590
17.029926 0.401621 9.150604
17.152338 0.401621 9.640785
17.434879 0.401621 10.772194
12.729012 0.217280 -11.411688
12.952460 0.227402 -10.055685
12.970877 0.227402 -9.943918
13.133609 0.227402 -8.956377
13.598814 0.227402 -6.133260
14.148575 0.227402 -3.929147
14.527930 0.227402 -2.408227
14.899423 0.227402 -0.918841
15.283929 0.227402 0.708742
15.751721 0.227402 2.688843
16.346317 0.227402 5.205695
17.202249 0.227402 8.828761
17.298013 0.227402 9.234109
17.436874 0.227402 9.821902
17.691272 0.227402 10.898724
18.066824 0.217280 12.572971
13.086215 0.401621 -6.378028
13.865781 0.401621 -2.584140
13.011304 0.401621 -2.413244
12.642246 0.401621 -3.977340
12.233243 0.401621 -6.158693
14.342886 0.401621 -0.130537
14.869940 0.401621 2.130699
14.373758 0.401621 2.261274
14.093179 0.401621 2.149042
13.220270 0.401621 -1.547968
14.012369 0.401621 -1.574369
11.860238 0.401621 10.274902
12.688240 0.401621 10.531921
14.069345 0.401621 10.442816
16.417841 0.401621 10.169202
16.970999 0.401621 10.362807
17.777338 0.401621 12.647430
17.903653 0.452027 12.676579
17.933490 0.265935 12.492657
18.428674 0.227402 11.307751
18.428674 0.227402 10.567352
17.779913 0.227402 7.502509
16.430325 0.227402 1.699247
15.214053 0.227402 -3.683904
14.831287 0.227402 -6.315428
23.622726 0.227402 -7.686992
22.731671 0.227402 -12.672656
12.750935 0.227834 -11.270238
12.552116 0.402484 -11.231097
10.227325 0.401621 -10.937677
8.465601 0.401621 -10.847333
-1.094498 0.401621 -10.509918
-10.491122 0.401621 -9.880479
-17.764041 0.401621 -8.937700
-19.621719 0.401621 -8.406935
-20.922171 0.401621 -7.591397
-23.609378 0.401621 -5.380954
-23.588867 0.401621 -5.339933
-22.363318 0.401621 -5.192860
-19.029791 0.401621 -4.538914
-8.752050 0.401621 -4.478185
12.445313 0.401621 -10.376076
12.495564 0.401621 -8.938907
11.901057 0.401621 -8.778847
11.526395 0.401621 -9.001303
11.370049 0.401621 -10.183661
21.028293 0.227402 -8.980151
17.496667 0.227402 -8.544583
16.467767 0.227402 -8.441693
16.200113 0.227402 -9.357349
16.381693 0.227402 -9.684190
20.850659 0.227402 -10.253185
14.453450 0.401621 3.405326
15.262888 0.401621 3.258156
15.630580 0.401621 4.781451
16.384991 0.401621 7.564397
15.625156 0.401621 7.794650
15.309003 0.401621 7.455916
14.885820 0.401621 5.649252
14.517950 0.401621 3.985843
5.101503 0.245595 -3.815745
8.378525 0.245595 -0.697799
9.253459 0.245595 1.545216
11.968484 0.245595 10.641227
12.688394 0.245595 10.686222
14.083221 0.245595 10.596232
16.400438 0.245595 10.326261
16.850381 0.245595 10.483741
17.660280 0.245595 12.778455
17.952744 0.245595 12.845947
18.582663 0.273910 11.338635
18.582663 0.273910 10.551234
17.930246 0.273910 7.469121
16.580423 0.273910 1.664839
15.365579 0.273910 -3.711997
15.005611 0.273910 -6.186771
23.802014 0.273910 -7.559108
22.857132 0.273910 -12.845947
12.530933 0.245595 -11.383636
13.890594 0.205585 -1.416234
14.192847 0.205585 -0.095877
14.685989 0.205585 2.019875
14.383740 0.205585 2.099415
14.224661 0.205585 2.035784
13.413354 0.205585 -1.400327
12.967929 0.205585 -6.188611
13.683783 0.205585 -2.704779
13.127008 0.205585 -2.593423
12.792941 0.205585 -4.009228
12.411152 0.205585 -6.045440
12.297623 0.205585 -10.193210
12.337393 0.205585 -9.055795
11.923788 0.205585 -8.944440
11.669261 0.205585 -9.095564
11.541998 0.205585 -10.057993
20.719177 0.000000 -10.081209
20.854156 0.000000 -9.113831
17.479581 0.000000 -8.697632
16.579694 0.000000 -8.607643
16.365970 0.000000 -9.338800
16.478455 0.000000 -9.541275
15.147325 0.205585 3.435683
15.481392 0.205585 4.819671
16.197247 0.205585 7.460385
15.672287 0.205585 7.619463
15.449576 0.205585 7.380844
15.035970 0.205585 5.615066
14.670088 0.205585 3.960644
14.622365 0.205585 3.531130
12.728423 0.000000 -10.102737
12.739712 0.000000 -10.029515
12.837660 0.000000 -9.394231
13.341948 0.000000 -6.123489
13.975400 0.000000 -3.472961
14.310678 0.000000 -2.070077
14.403732 0.000000 -1.680709
14.887274 -0.000000 0.416228
15.486810 -0.000000 3.016192
16.282062 -0.000000 6.177592
17.029922 -0.000000 9.150607
17.152335 -0.000000 9.640787
17.434875 -0.000000 10.772195
12.729013 0.273910 -11.411687
12.952461 0.000000 -10.055685
12.970879 0.000000 -9.943918
13.133609 0.000000 -8.956377
13.598816 0.000000 -6.133259
14.148575 0.000000 -3.929147
14.527930 0.000000 -2.408226
14.899423 0.000000 -0.918840
15.283929 -0.000000 0.708743
15.751724 -0.000000 2.688844
16.346317 -0.000000 5.205697
17.202249 -0.000000 8.828763
17.298010 -0.000000 9.234113
17.436874 -0.000000 9.821906
17.691269 -0.000000 10.898727
18.066821 0.273910 12.572972
13.086215 0.089569 -6.378027
13.865781 0.089569 -2.584138
13.011304 0.089569 -2.413243
12.642246 0.089569 -3.977340
12.233244 0.089569 -6.158692
14.342886 0.089569 -0.130536
14.869940 0.089569 2.130700
14.373758 0.089569 2.261275
14.093179 0.089569 2.149043
13.220270 0.089569 -1.547967
14.012369 0.089569 -1.574368
3.415264 0.245595 -4.388430
11.721016 0.245595 10.348763
12.688239 0.089569 10.531923
14.069344 0.089569 10.442818
16.417838 0.089569 10.169203
16.970999 0.089569 10.362808
17.777335 0.089569 12.647432
17.903650 0.039163 12.676581
17.933490 0.225255 12.492659
18.428674 -0.000000 11.307753
18.428674 -0.000000 10.567355
17.779910 -0.000000 7.502510
16.430325 -0.000000 1.699248
15.214053 0.000000 -3.683903
14.831288 0.000000 -6.315427
23.622726 0.000000 -7.686992
22.731674 0.000000 -12.672655
12.750936 0.000000 -11.270238
12.552117 0.000000 -11.231097
10.227326 0.089569 -10.937677
8.465602 0.089569 -10.847333
-1.094497 0.089569 -10.509918
-10.491122 0.089569 -9.880481
-17.764041 0.089569 -8.937701
-19.621719 0.089569 -8.406937
-20.922171 0.089569 -7.591399
-23.609378 0.089569 -5.380956
-23.588867 0.089569 -5.339936
-22.363318 0.089569 -5.192863
-19.029791 0.206351 -4.538916
-8.738372 0.245595 -4.324795
12.445314 0.089569 -10.376076
12.495564 0.089569 -8.938907
11.901058 0.089569 -8.778847
11.526395 0.089569 -9.001303
11.370050 0.089569 -10.183659
21.028293 0.000000 -8.980150
17.496667 0.000000 -8.544582
16.467767 0.000000 -8.441692
16.200113 0.000000 -9.357346
16.381693 0.000000 -9.684189
20.850662 0.000000 -10.253183
14.453448 0.089569 3.405328
15.262888 0.089569 3.258157
15.630579 0.089569 4.781452
16.384991 0.089569 7.564398
15.625156 0.089569 7.794650
15.309003 0.089569 7.455916
14.885818 0.089569 5.649253
14.517950 0.089569 3.985844
12.491060 0.089569 9.759274
12.408671 0.089569 9.436432
12.335588 0.089569 9.150060
12.280615 0.089569 8.934649
10.418516 0.089569 1.638022
9.420773 0.089569 -0.916989
9.000755 0.089569 -1.992566
8.463071 0.089569 -2.752073
8.186050 0.089569 -3.143379
7.898113 0.089569 -3.550104
6.178024 0.089569 -4.372214
5.167303 0.089569 -4.855283
3.123977 0.089569 -5.081607
1.918884 0.089569 -5.215086
0.948438 0.089569 -5.250043
0.905719 0.089569 -5.251582
-2.740063 0.089569 -5.382907
-14.042314 0.089569 -4.509445
-16.492146 0.089569 -4.342727
12.488529 0.401621 9.761343
12.405556 0.401621 9.441193
12.332188 0.401621 9.158105
12.277144 0.401621 8.945718
10.381886 0.401621 1.632928
9.280428 0.401621 -0.893683
8.791779 0.401621 -2.014586
8.159186 0.401621 -2.828990
7.843280 0.401621 -3.235686
7.536623 0.401621 -3.630477
6.320790 0.401621 -4.363493
5.425939 0.401621 -4.902992
3.953298 0.401621 -5.179666
3.160284 0.401621 -5.328655
2.789620 0.401621 -5.398294
2.768794 0.401621 -5.400777
1.204460 0.401621 -5.587277
-14.669736 0.401621 -4.513151
-16.221567 0.401621 -4.321806
