-3.715790 20.308736 9.393993
-3.837704 20.103308 9.678531
-3.603406 18.079494 9.012212
-4.164012 15.268190 10.228398
-4.331105 11.446259 10.443474
-3.854441 7.881136 9.115175
-2.893510 3.613099 6.581599
-2.155561 1.129915 4.675184
-1.730864 0.016989 3.593643
-0.948854 0.032721 1.656924
-7.091151 20.210573 7.507295
-6.658225 18.180209 6.973534
-7.694090 15.384576 7.872549
-8.002838 11.567315 7.993089
-7.122078 7.988869 6.934469
-5.346510 3.693974 4.944554
-3.982958 1.190163 3.455643
-3.198221 0.065367 2.614381
-1.753254 0.056688 1.120607
-9.265036 20.371109 4.257812
-8.699390 18.330945 3.922437
-10.052811 15.558760 4.346771
-10.456211 11.748489 4.325829
-9.305444 8.150104 3.670811
-6.985551 3.815012 2.494541
-5.203986 1.280332 1.630471
-4.178677 0.137772 1.148811
-2.290736 0.092558 0.317949
-10.028403 20.560471 0.424784
-9.416153 18.508746 0.323421
-10.881086 15.764224 0.187833
-11.317722 11.962199 0.000000
-10.072140 8.340294 -0.178934
-7.561107 3.957787 -0.395445
-5.632753 1.386694 -0.522466
-4.522968 0.223177 -0.579948
-2.479475 0.134866 -0.628850
-9.265037 20.749835 -3.408245
-8.699391 18.686551 -3.275595
-10.052812 15.969690 -3.971107
-10.456211 12.175909 -4.325830
-9.305443 8.530484 -4.028681
-6.985551 4.100561 -3.285432
-5.203984 1.493056 -2.675403
-4.178676 0.308584 -2.308706
-2.290735 0.177175 -1.575648
-7.091154 20.910370 -6.657730
-6.658228 18.837285 -6.326692
-7.694090 16.143875 -7.496884
-8.002838 12.357084 -7.993091
-7.122078 8.691719 -7.292339
-5.346508 4.221600 -5.735444
-3.982956 1.583225 -4.500574
-3.198219 0.380988 -3.774275
-1.753251 0.213044 -2.378304
-3.837706 21.017638 -8.828966
-3.603407 18.938002 -8.365372
-4.164012 16.260263 -9.852734
-4.331104 12.478143 -10.443475
-3.854438 8.799454 -9.473044
-2.893507 4.302477 -7.372490
-2.155557 1.643477 -5.720114
-1.730861 0.429367 -4.753537
-0.948850 0.237009 -2.914622
-0.000000 12.520653 -11.303937
0.000000 8.837286 -10.238806
0.000001 4.330877 -7.947343
0.000001 1.664633 -6.148360
0.000002 0.446356 -5.097408
0.000002 0.245425 -3.102952
0.000002 0.079939 -0.644885
3.715787 20.308737 9.393993
-0.000002 20.272269 10.132210
3.837701 20.103311 9.678531
3.603404 18.079495 9.012212
-0.000001 18.044128 9.728101
4.164010 15.268192 10.228398
-0.000001 15.227322 11.055663
4.331105 11.446261 10.443474
3.854441 7.881138 9.115175
0.000000 7.843306 9.880937
2.893512 3.613100 6.581599
0.000001 3.584700 7.156454
2.155564 1.129915 4.675184
0.000001 1.108759 5.103431
1.730868 0.016989 3.593643
0.948857 0.032721 1.656924
0.000002 0.024306 1.845255
6.865881 20.412595 7.291733
7.091148 20.210576 7.507295
6.658222 18.180212 6.973534
7.694088 15.384578 7.872549
8.002838 11.567318 7.993089
7.122078 7.988872 6.934469
5.346512 3.693975 4.944554
3.982961 1.190164 3.455643
3.198224 0.065369 2.614381
1.753257 0.056688 1.120607
8.970706 20.568031 4.145477
9.265033 20.371112 4.257812
8.699387 18.330948 3.922437
10.052810 15.558763 4.346771
10.456211 11.748492 4.325829
9.305444 8.150107 3.670811
6.985553 3.815014 2.494541
5.203989 1.280334 1.630471
4.178680 0.137773 1.148811
2.290740 0.092558 0.317949
9.709824 20.751379 0.434215
10.028400 20.560474 0.424784
9.416150 18.508749 0.323421
10.881084 15.764227 0.187833
11.317722 11.962202 0.000000
10.072140 8.340297 -0.178934
7.561108 3.957789 -0.395445
5.632756 1.386696 -0.522466
4.522971 0.223179 -0.579948
2.479479 0.134867 -0.628850
8.970707 20.934729 -3.277048
9.265034 20.749838 -3.408245
8.699388 18.686554 -3.275595
10.052811 15.969693 -3.971107
10.456211 12.175912 -4.325830
9.305443 8.530487 -4.028681
6.985552 4.100563 -3.285432
5.203987 1.493058 -2.675403
4.178679 0.308585 -2.308706
2.290738 0.177175 -1.575648
6.865883 21.090163 -6.423305
7.091151 20.910373 -6.657730
6.658224 18.837286 -6.326692
7.694089 16.143878 -7.496884
8.002838 12.357087 -7.993091
7.122078 8.691721 -7.292339
5.346510 4.221601 -5.735444
3.982959 1.583227 -4.500574
3.198222 0.380989 -3.774275
1.753255 0.213044 -2.378304
3.715788 21.194022 -8.525566
3.837702 21.017639 -8.828966
3.603404 18.938004 -8.365372
4.164009 16.260265 -9.852734
4.331103 12.478144 -10.443475
3.854439 8.799456 -9.473044
2.893509 4.302477 -7.372490
2.155560 1.643477 -5.720114
1.730864 0.429367 -4.753537
0.948853 0.237009 -2.914622
-0.000002 21.055307 -9.591403
-0.000001 18.973372 -9.081261
-0.000001 16.301134 -10.679999
-6.865884 20.412595 7.291733
-8.970709 20.568028 4.145477
-9.709827 20.751376 0.434215
-8.970710 20.934726 -3.277048
-6.865886 21.090161 -6.423305
-3.715792 21.194019 -8.525566
-0.000002 21.230492 -9.263783
-8.563921 20.748810 3.905502
-8.956358 20.748810 4.092378
-9.274042 20.748810 3.774693
-9.274042 20.748810 3.513071
-9.703850 20.748810 2.896389
-10.040222 20.748810 2.971138
-10.712967 20.824683 2.859012
-10.357907 20.748810 2.335769
-9.815974 20.748810 2.223643
-10.021536 20.938956 1.625650
-10.152347 20.748810 1.251902
-9.872035 20.748810 0.709969
-9.685162 20.748810 0.915531
-8.975044 20.748810 0.579160
-7.816428 20.748810 0.859468
-7.311871 20.748810 1.887271
-7.087623 20.748810 3.438319
-7.423994 20.748810 3.849443
-8.246239 20.748810 3.868129
-8.040677 20.748810 0.467033
-9.815974 20.748810 2.223643
-9.703850 20.748810 2.896389
-9.274042 20.748810 3.513071
-8.563921 20.748810 3.905502
-8.509666 21.598557 2.679323
-7.229494 20.748810 2.457040
-9.748882 21.156238 2.626196
-8.574461 21.593912 2.386916
-9.728238 21.107645 2.662702
-7.769043 21.377615 1.956899
-7.708110 21.251529 2.546893
-8.555949 20.589502 4.007236
-8.952832 20.590192 4.108107
-9.288960 20.590192 3.771981
-9.307292 20.589502 3.592025
-9.682983 20.586252 2.910574
-10.038882 20.586252 2.989663
-10.750681 20.586252 2.871027
-10.375009 20.586252 2.317410
-9.801616 20.586252 2.198775
-10.098180 20.790689 1.595039
-10.236581 20.589503 1.199595
-9.939998 20.589503 0.626202
-9.742276 20.589502 0.843697
-8.990937 20.589502 0.487800
-7.765063 20.589502 0.784380
-7.231216 20.589503 1.871848
-6.993951 20.589505 3.512933
-7.349849 20.589503 3.947923
-8.219826 20.589502 3.967694
-8.002331 20.589502 0.369165
-9.880684 20.589503 2.227745
-9.762051 20.589502 2.939544
-9.288960 20.590192 3.495172
-8.537614 20.590192 3.910384
-7.144059 20.589503 2.474691
-9.730629 21.017331 2.624697
-8.774751 21.339378 1.387943
-7.904860 21.231229 1.116872
-9.874887 21.023300 2.144176
-9.535832 21.227319 1.881165
-0.000001 19.029631 -0.215598
-0.000001 18.958330 7.935993
0.215856 19.027512 -0.172713
-2.901169 18.986804 7.359618
-5.360661 19.067892 5.718242
-6.865884 20.412595 7.291733
-7.004040 19.189252 3.261747
-8.970709 20.568028 4.145477
-7.581119 19.332402 0.364113
-9.709827 20.751376 0.434215
-7.004041 19.475555 -2.533521
-8.970710 20.934726 -3.277048
-5.360662 19.596915 -4.990016
-6.865886 21.090161 -6.423305
0.215854 18.976083 0.868272
-2.901171 19.678004 -6.631395
-3.715792 21.194019 -8.525566
-0.000004 19.706480 -7.207771
-0.215862 18.976083 0.868271
2.901163 19.678008 -6.631395
-0.398857 18.982117 0.746145
-0.521130 18.991147 0.563372
-0.564066 19.001797 0.347777
-0.521130 19.012450 0.132182
-0.398855 19.021478 -0.050591
-0.215859 19.027512 -0.172714
2.901166 18.986806 7.359618
-0.000001 19.024695 0.348911
-0.000001 19.024695 0.348911
-0.000001 19.024693 0.348906
-0.000001 19.024692 0.348907
-0.000001 19.024692 0.348908
-0.000001 19.029631 -0.215598
-0.215859 19.027512 -0.172713
-0.000001 19.024693 0.348910
2.901166 18.986804 7.359618
5.360658 19.067892 5.718242
7.004037 19.189252 3.261747
7.581116 19.332405 0.364113
7.004038 19.475557 -2.533521
5.360659 19.596916 -4.990016
2.901168 19.678006 -6.631395
-0.215856 18.976083 0.868272
-0.000001 18.973965 0.911154
0.000001 19.706480 -7.207771
-0.000001 19.024692 0.348910
-0.000002 21.230492 -9.263783
0.215859 18.976083 0.868271
-2.901166 19.678006 -6.631395
0.398855 18.982117 0.746145
0.521127 18.991147 0.563372
-0.000001 19.024693 0.348908
0.564063 19.001797 0.347777
0.521127 19.012450 0.132182
-0.000001 19.024695 0.348909
0.398852 19.021478 -0.050591
0.215856 19.027512 -0.172714
-0.000001 19.024693 0.348906
-2.901169 18.986804 7.359618
-0.000001 19.024692 0.348912
-0.000001 19.024693 0.348912
-0.000001 18.973965 0.911154
-0.000001 19.024692 0.348910
-0.000001 19.024692 0.348910
-0.000001 19.024692 0.348910
-3.715790 20.308736 9.393993
3.715787 20.308737 9.393993
-0.000002 20.272269 10.132210
6.865881 20.412595 7.291733
8.970706 20.568031 4.145477
9.709824 20.751379 0.434215
8.970707 20.934729 -3.277048
6.865883 21.090163 -6.423305
3.715788 21.194022 -8.525566
-0.000002 21.230492 -9.263783
-3.946415 29.867661 7.461555
-4.413274 29.945407 7.159344
-4.664039 29.913962 7.410185
-4.725219 30.061758 6.707053
-5.052859 30.058990 6.846432
-4.834760 30.199011 6.173539
-5.189396 30.230066 6.181440
-4.725219 30.336261 5.640025
-5.052860 30.401141 5.516447
-4.413275 30.452618 5.187734
-4.664040 30.546173 4.952694
-3.946416 30.530365 4.885522
-4.082129 30.643079 4.576006
-2.845022 29.867661 7.461555
-3.395718 29.840359 7.567677
-2.378163 29.945407 7.159344
-2.066218 30.061761 6.707053
-1.956678 30.199011 6.173539
-2.066218 30.336264 5.640025
-2.378163 30.452618 5.187734
-3.395718 29.385028 5.966442
-2.845021 30.530365 4.885522
-3.395719 30.557666 4.779400
-3.395719 30.677109 4.443731
-4.082129 29.817056 7.786874
-2.709308 29.817056 7.786874
-3.395718 29.783026 7.919148
-2.127398 29.913962 7.410185
-1.738578 30.058994 6.846432
-1.602042 30.230069 6.181440
-1.738577 30.401141 5.516447
-2.127397 30.546173 4.952694
-2.709308 30.643079 4.576006
-3.395718 27.254346 7.538678
-3.395718 26.757147 6.934097
-3.395718 25.689362 5.564644
-4.082129 29.817056 7.786874
-3.995057 29.149594 7.400077
-4.136647 28.777463 7.658237
-4.229581 28.087482 7.714277
-4.179591 27.293204 7.387621
-4.002345 26.787222 6.817197
-3.595349 25.699258 5.526173
-4.503152 29.234207 7.071172
-4.764777 28.882065 7.251630
-4.936495 28.205203 7.256670
-4.844125 27.403870 6.957448
-4.516618 26.872864 6.484293
-3.764588 25.727441 5.416620
-4.842650 29.360840 6.578931
-5.184480 29.038614 6.643100
-5.408840 28.381390 6.571813
-5.288153 27.569492 6.313648
-4.860245 27.001035 5.986066
-3.877670 25.769623 5.252661
-4.961866 29.510214 5.998293
-5.331859 29.223276 5.925290
-5.574706 28.589215 5.763970
-5.444075 27.764859 5.554234
-4.980910 27.152225 5.398367
-3.917379 25.819376 5.059259
-4.842651 29.659589 5.417655
-5.184480 29.407941 5.207480
-5.408840 28.797040 4.956126
-5.288154 27.960223 4.794820
-4.860245 27.303418 4.810668
-3.877670 25.869131 4.865857
-4.503152 29.786221 4.925414
-4.764777 29.564490 4.598950
-4.936495 28.973224 4.271270
-4.844126 28.125845 4.151021
-4.516618 27.431592 4.312442
-3.764588 25.911310 4.701899
-3.995058 29.870837 4.596509
-4.136647 29.669095 4.192343
-4.229581 29.090948 3.813663
-4.179591 28.236514 3.720848
-4.002345 27.517233 3.979537
-3.595349 25.939496 4.592345
-3.395718 27.547308 3.862637
-3.395718 25.949390 4.553875
-2.709308 29.817056 7.786874
-3.395718 29.783026 7.919148
-2.796379 29.149594 7.400077
-3.395718 29.119882 7.515572
-2.654789 28.777463 7.658237
-3.395718 28.740732 7.801018
-2.561856 28.087482 7.714277
-3.395718 28.046143 7.874966
-2.611846 27.293204 7.387621
-2.789091 26.787222 6.817197
-3.196087 25.699258 5.526173
-2.127398 29.913962 7.410185
-2.288285 29.234207 7.071172
-2.026660 28.882065 7.251630
-1.854942 28.205206 7.256670
-1.947311 27.403870 6.957448
-2.274818 26.872864 6.484293
-3.026848 25.727441 5.416620
-1.738578 30.058994 6.846432
-1.948787 29.360840 6.578931
-1.606957 29.038617 6.643100
-1.382597 28.381390 6.571813
-1.503283 27.569495 6.313648
-1.931191 27.001038 5.986066
-2.913766 25.769623 5.252661
-1.602042 30.230069 6.181440
-1.829570 29.510214 5.998293
-1.459578 29.223279 5.925290
-1.216731 28.589215 5.763970
-1.347361 27.764859 5.554234
-1.810526 27.152228 5.398367
-2.874057 25.819376 5.059259
-1.738577 30.401141 5.516447
-1.948786 29.659589 5.417655
-1.606957 29.407941 5.207480
-1.382597 28.797040 4.956126
-1.503283 27.960226 4.794820
-1.931191 27.303418 4.810668
-2.913766 25.869131 4.865857
-2.127397 30.546173 4.952694
-2.288284 29.786221 4.925414
-2.026660 29.564490 4.598950
-1.854942 28.973227 4.271270
-1.947311 28.125848 4.151021
-2.274818 27.431592 4.312442
-3.026848 25.911310 4.701899
-2.709308 30.643079 4.576006
-2.796379 29.870837 4.596509
-2.654789 29.669095 4.192343
-2.561856 29.090948 3.813663
-2.611846 28.236514 3.720848
-2.789092 27.517233 3.979537
-3.196087 25.939496 4.592345
-3.395718 29.900549 4.481013
-3.395718 29.705826 4.049562
-3.395718 29.132288 3.652973
-3.395718 28.275375 3.569791
-4.664039 29.913962 7.410185
-5.052859 30.058990 6.846432
-5.189396 30.230066 6.181440
-5.052860 30.401141 5.516447
-4.664040 30.546173 4.952694
-4.082129 30.643079 4.576006
-3.395719 30.677109 4.443731
1.726864 25.977570 -5.502342
-0.281906 24.586719 -5.958589
1.977479 24.242731 -6.553056
3.477357 25.191840 -4.291793
-0.148729 24.393799 -5.983014
1.965695 24.071631 -6.550896
3.355389 24.965720 -4.269424
1.774562 24.071631 -6.085701
0.281301 24.319620 -5.987198
0.430061 23.436331 -6.014479
1.917144 23.250070 -6.111848
2.663277 24.765836 -4.067814
2.722576 23.879022 -4.078689
0.584597 22.806815 -6.042821
1.845414 22.584021 -6.098694
2.299659 22.950552 -4.001128
0.540849 21.312524 -6.034798
1.905220 21.296530 -6.109662
2.700579 21.714755 -4.074654
0.599192 19.922797 -6.045496
1.963563 19.906805 -6.120361
2.948951 20.345787 -4.120204
0.005764 31.940683 -4.603709
0.005765 30.152451 -4.723782
0.005764 32.499167 -5.423220
2.007447 31.925613 -4.205894
2.021992 30.137271 -4.323077
2.330584 32.481662 -4.961185
-1.995919 31.925613 -4.205894
-2.010462 30.137271 -4.323077
-2.024072 28.402209 -4.435561
-2.357076 26.153174 -5.343375
-2.325455 25.064456 -5.316916
0.005770 19.469992 -5.486503
-2.319056 32.481662 -4.961185
0.005764 31.940683 -4.603709
0.005766 28.417493 -4.838969
0.005767 26.170963 -5.812965
0.005764 32.499167 -5.423220
-2.156530 19.453714 -5.056769
0.005768 25.082010 -5.780223
0.005765 30.152451 -4.723782
2.021992 30.137271 -4.323077
2.035605 28.402209 -4.435559
2.368609 26.153174 -5.343374
2.336991 25.064456 -5.316916
2.168069 19.453714 -5.056767
0.005765 32.039279 6.716335
-1.995919 31.559787 5.450702
-2.010463 29.768790 5.403685
-2.024074 28.031238 5.356864
-2.357077 25.721344 6.055540
-2.325458 24.638406 5.929459
-2.156533 19.058533 5.374678
-3.989642 19.104892 4.150896
-2.319056 32.056781 6.254301
-3.692864 31.602704 4.317823
-3.719738 29.812018 4.262575
-3.744888 28.074759 4.208051
-4.360199 25.772003 4.718259
-4.301773 24.688388 4.610073
-4.289944 32.106625 4.938539
0.005767 19.042253 5.804414
3.704392 31.602707 4.317824
3.731268 29.812018 4.262576
3.756417 28.074762 4.208052
4.371728 25.772006 4.718262
4.313304 24.688388 4.610075
2.330585 32.056781 6.254300
2.007448 31.559787 5.450701
2.021993 29.768790 5.403684
2.035604 28.031241 5.356864
2.368609 25.721344 6.055541
2.336990 24.638406 5.929459
2.168066 19.058534 5.374680
4.301472 32.106628 4.938540
0.005765 31.544717 5.848516
0.005765 28.015958 5.760274
0.005766 25.703555 6.525132
0.005766 24.620853 6.392767
4.001174 19.104895 4.150900
-0.500268 29.321332 5.692740
-0.528286 29.757629 5.698252
-0.548211 31.011670 5.725183
0.005765 31.042136 5.836134
0.831119 31.148380 5.674567
1.515218 31.046536 5.535973
1.554832 29.765271 5.496528
1.387623 29.428430 5.521239
0.005765 29.311673 5.793170
-0.549426 29.762180 5.476196
-0.521408 29.325879 5.470684
-0.015374 29.316223 5.571114
1.366484 29.432980 5.299184
1.533692 29.769821 5.274472
1.494078 31.051083 5.313918
0.809979 31.152927 5.452512
-0.015375 31.046686 5.614078
-0.569351 31.016220 5.503128
1.461040 29.426498 6.498453
-0.753702 29.343909 6.095042
-1.822540 27.035138 6.793719
1.461040 27.114096 7.263310
-1.112303 29.540042 6.095042
-2.569702 27.547461 6.793719
1.807459 29.843640 6.498453
2.931941 27.262296 7.263310
2.664254 29.168994 6.498453
3.773445 28.236508 7.263310
2.175822 28.998032 6.749008
2.286369 29.401276 6.498453
3.613441 28.371021 7.152978
3.164590 28.120514 7.060113
3.003213 28.884036 6.732187
1.389259 26.261679 6.835928
-0.753701 25.824207 6.432517
-2.466139 23.293839 7.131194
1.461041 23.594397 7.600785
-1.264860 25.900751 6.432517
-3.363316 24.027762 7.131194
3.042905 23.573093 7.600785
2.309632 25.841452 7.086483
2.528721 26.798972 6.835928
2.863135 25.675970 6.835928
3.552952 25.180057 7.397588
3.486013 25.770639 7.069662
2.590614 26.304691 6.835928
4.490044 24.036856 7.600785
4.330042 24.171368 7.490453
1.461040 29.426498 5.003938
-0.753702 29.343909 5.003938
-1.822540 27.035138 5.003938
1.461040 27.114096 5.003938
-1.112303 29.540042 5.003938
-2.569701 27.547461 5.003938
1.807459 29.843640 5.003938
2.931941 27.262296 5.003938
2.664254 29.168994 5.003938
3.773445 28.236508 5.003938
2.175822 28.998032 5.003938
2.286369 29.401276 5.003938
3.613441 28.371021 5.003938
3.164590 28.120514 5.003938
3.003213 28.884036 5.003938
1.389259 26.261679 5.003938
-0.753701 25.824207 5.003938
-2.466139 23.293839 5.003938
1.461041 23.594397 5.003938
-1.264860 25.900751 5.003938
-3.363316 24.027762 5.003938
3.042905 23.573093 5.003938
2.309632 25.841452 5.003938
2.528721 26.798972 5.003938
2.863135 25.675970 5.003938
3.552952 25.180057 5.003938
3.486013 25.770639 5.003938
2.590614 26.304691 5.003938
4.490044 24.036856 5.003938
4.330042 24.171368 5.003938
-0.793997 23.516632 6.431368
-1.493712 23.521899 6.292307
-1.525223 21.199692 6.125790
-0.876211 21.194806 6.254775
-0.793997 23.516632 5.900930
-1.493712 23.521899 5.761868
-1.525223 21.199692 5.595351
-0.876211 21.194806 5.724336
3.058634 23.581082 5.847395
2.358919 23.586349 5.708333
2.327407 21.264143 5.541816
2.976420 21.259258 5.670801
3.058634 23.581082 5.316956
2.358919 23.586349 5.177895
2.327407 21.264143 5.011378
2.976420 21.259258 5.140363
-0.793997 27.863980 6.510115
-1.493712 27.869247 6.371054
-1.525224 25.547043 6.204537
-0.876211 25.542154 6.333522
-0.793997 27.863980 5.979677
-1.493712 27.869247 5.840615
-1.525224 25.547043 5.674098
-0.876211 25.542154 5.803083
2.388153 27.938492 6.194604
1.688438 27.927374 6.055960
1.656927 25.605096 6.221285
2.305939 25.615408 6.349883
2.388153 27.876160 5.668619
1.688438 27.865042 5.529976
1.656927 25.542764 5.695300
2.305939 25.553076 5.823898
-2.879673 24.695752 -5.265129
-2.664758 24.376733 -5.502319
-2.729791 23.959857 -5.430544
-2.948634 23.629755 -5.189021
-3.123669 23.471005 -4.995845
-3.076614 23.783585 -5.047777
-3.350455 24.250299 -4.745554
-3.628270 24.603958 -4.438946
-4.020158 24.839374 -4.006441
-4.374347 24.681567 -3.615545
-4.340864 24.184695 -3.652498
-4.041534 23.531104 -3.982851
-3.917868 23.010281 -4.119334
-3.960078 22.509828 -4.072749
-4.342956 21.861618 -3.650189
-4.285437 21.234219 -3.713669
-3.966577 20.891901 -4.065576
-3.730194 20.809023 -4.326458
-3.554674 20.948981 -4.520169
-3.391076 20.749808 -4.700723
-3.275211 19.730159 -4.828596
-3.036503 19.289999 -5.092045
-2.853231 19.129376 -5.294311
-1.937207 19.407768 -6.305273
-2.136565 19.925015 -6.085252
-1.685798 20.077975 -6.582738
-1.591930 20.712529 -6.686334
-1.670432 21.085013 -6.599696
-2.038770 21.208684 -6.193184
-2.509017 21.543854 -5.674200
-2.639564 22.064348 -5.530123
-2.635636 22.713461 -5.534458
-2.341827 23.075314 -5.858717
-2.129427 23.922379 -6.093130
-2.175946 24.390417 -6.041791
-2.175182 24.768716 -5.730719
-2.624725 24.961719 -5.546501
-2.809790 24.924756 -5.342255
-3.824215 24.721664 -4.222694
-4.197253 24.760471 -3.810993
-4.121641 24.642761 -4.136278
-3.155857 19.510080 -4.960321
-2.767622 19.607507 -5.752731
-2.886976 19.827588 -5.621007
-2.772215 24.536243 -5.383723
-2.644741 24.669226 -5.524409
-2.717257 24.943237 -5.444378
-2.844732 24.810254 -5.303692
-2.697275 24.168295 -5.466431
-2.593415 23.941116 -5.910262
-2.152687 24.156396 -6.067462
-2.584158 24.383575 -5.920477
-2.253165 24.579565 -5.956569
-2.477555 24.865219 -5.708923
-2.839213 23.794806 -5.309783
-2.912567 23.352536 -5.766100
-2.235627 23.498846 -5.975925
-3.036152 23.550378 -5.092432
-3.198661 23.092233 -5.554202
-2.488732 22.894388 -5.696588
-3.100142 23.627295 -5.021811
-3.878083 23.657343 -4.804365
-3.979701 23.270694 -4.051093
-3.839777 23.240643 -4.846641
-3.938973 22.760056 -4.096041
-3.616866 22.611646 -5.092655
-3.213535 24.016940 -4.896666
-4.164668 24.217496 -4.488078
-4.191199 23.857901 -3.817675
-3.489363 24.427127 -4.592250
-4.357605 24.433133 -3.634021
-4.151517 22.185724 -3.861469
-3.810269 21.962982 -4.879207
-2.637600 22.388904 -5.532291
-4.314196 21.547919 -3.681929
-4.445016 21.063062 -4.178674
-3.848386 20.850462 -4.196017
-4.355584 21.335321 -4.277375
-3.642434 20.879002 -4.423314
-3.416128 21.506665 -5.314198
-3.472876 20.849394 -4.610445
-3.160186 21.146829 -5.377866
-2.574291 21.804100 -5.602161
-3.333144 20.239983 -4.764660
-2.527712 20.734433 -6.065404
-2.944867 19.209688 -5.193178
-2.395219 19.268573 -5.799791
-2.036886 19.666393 -6.195264
-1.911182 20.001495 -6.333995
-2.067205 20.643329 -6.573637
-2.273894 21.376270 -5.933691
-1.638864 20.395251 -6.634537
-1.631181 20.898770 -6.643016
-1.854601 21.146848 -6.396440
-2.744736 24.739740 -5.414051
-2.588787 24.162347 -5.915369
-2.612759 24.624396 -5.888913
-2.755093 23.646826 -5.840085
-3.081450 23.222385 -5.683562
-3.858930 23.448993 -4.825502
-3.728321 22.926144 -4.969647
-4.021376 23.937421 -4.646221
-4.138559 24.430130 -4.308013
-3.713567 22.287314 -4.985931
-4.400300 21.199191 -4.228024
-3.885856 21.420993 -4.795786
-3.342592 21.326747 -5.395354
-3.146976 20.487209 -5.611244
-2.671965 19.438040 -5.858302
-2.297459 20.688882 -6.319521
-1.951654 20.771049 -6.701166
-3.286026 22.661267 -5.441508
-3.328618 22.337575 -5.389773
-3.306659 22.013724 -5.279732
-3.833647 22.843100 -4.532845
-4.048752 22.522302 -4.349456
-4.208746 22.202771 -4.201923
-4.365327 21.882236 -4.051933
-4.052946 23.320901 -4.366340
-4.101625 23.567529 -4.317074
-4.003711 23.073441 -4.415918
-4.250567 23.880322 -4.148483
-4.399667 24.193716 -3.979447
-4.413571 24.432428 -3.889011
-3.466845 23.580078 -5.120030
-3.473531 23.411786 -5.107692
-3.460435 23.749237 -5.131757
-3.593223 23.995883 -4.980550
-3.725529 24.241867 -4.829571
-3.793266 24.427765 -4.681975
-3.692864 31.602704 4.317823
-3.719738 29.812018 4.262575
-3.744888 28.074759 4.208051
-4.360199 25.772003 4.718259
-4.301773 24.688388 4.610073
-4.826727 31.666934 2.622350
-4.861839 29.876712 2.554782
-4.894699 28.139893 2.488729
-5.698642 25.847821 2.716875
-5.622305 24.763190 2.635471
-5.214486 19.174277 2.319378
-5.224886 31.742697 0.622404
-5.262892 29.953027 0.540304
-5.298459 28.216721 0.460652
-6.168641 25.937256 0.356083
-6.086014 24.851428 0.306271
-5.644593 19.256122 0.158955
-4.826727 31.818463 -1.377544
-4.861840 30.029343 -1.474174
-4.894699 28.293552 -1.567426
-5.698642 26.026691 -2.004710
-5.622305 24.939667 -2.022931
-5.214485 19.337964 -2.001470
-3.692865 31.882693 -3.073014
-3.719738 30.094043 -3.181966
-3.744888 28.358688 -3.286745
-4.360198 26.102512 -4.006093
-4.301772 25.014474 -3.997529
-3.989640 19.407352 -3.832986
-2.156530 19.453714 -5.056769
-4.289944 32.106625 4.938539
-5.606849 32.181223 2.969361
-6.069285 32.269220 0.646558
-5.606850 32.357214 -1.676246
-4.289945 32.431818 -3.645422
-3.989642 19.104892 4.150896
-1.995919 31.925613 -4.205894
-2.010462 30.137271 -4.323077
-2.024072 28.402209 -4.435561
-2.357076 26.153174 -5.343375
-2.325455 25.064456 -5.316916
-2.319056 32.481662 -4.961185
3.241853 29.763745 -5.969016
2.774994 29.792902 -5.658727
2.524229 29.798279 -5.911440
2.463049 29.836539 -5.194344
2.135409 29.852670 -5.332616
2.353509 29.888013 -4.646568
1.998873 29.916827 -4.649846
2.463049 29.939484 -4.098792
2.135409 29.980984 -3.967077
2.774994 29.983121 -3.634409
2.524228 30.035376 -3.388252
3.241853 30.012277 -3.324118
3.106139 30.071716 -3.001495
4.343246 29.763745 -5.969016
3.792550 29.753506 -6.077975
4.810105 29.792905 -5.658727
5.122050 29.836539 -5.194344
5.231591 29.888013 -4.646568
5.122050 29.939487 -4.098792
4.810106 29.983121 -3.634409
3.792550 29.132733 -4.560626
4.343248 30.012277 -3.324118
3.792550 30.022516 -3.215159
3.792550 30.084479 -2.865682
3.106139 29.761935 -6.298198
4.478960 29.761935 -6.298198
3.792550 29.749176 -6.434009
5.060870 29.798279 -5.911440
5.449691 29.852670 -5.332616
5.586226 29.916827 -4.649846
5.449691 29.980984 -3.967077
5.060871 30.035376 -3.388253
4.478960 30.071716 -3.001495
3.792550 27.437958 -6.427061
3.792550 26.912802 -5.901671
3.792550 25.775485 -4.703056
3.106139 29.761935 -6.298198
3.193211 29.113651 -6.013101
3.051620 28.815457 -6.322823
2.958688 28.206155 -6.479048
3.008677 27.452533 -6.271967
3.185923 26.924081 -5.781645
3.592919 25.779196 -4.663557
2.685116 29.145383 -5.675404
2.423492 28.854688 -5.905345
2.251774 28.250302 -6.009209
2.344142 27.494034 -5.830293
2.671650 26.956198 -5.439840
3.423680 25.789767 -4.551076
2.345618 29.192871 -5.170004
2.003789 28.913397 -5.280548
1.779429 28.316379 -5.306043
1.900114 27.556149 -5.169283
2.328024 27.004266 -4.928294
3.310598 25.805585 -4.382734
2.226402 29.248892 -4.573843
1.856409 28.982651 -4.543548
1.613563 28.394318 -4.476604
1.744192 27.629416 -4.389567
2.207358 27.060968 -4.324885
3.270889 25.824246 -4.184161
2.345618 29.304910 -3.977682
2.003789 29.051904 -3.806548
1.779428 28.472256 -3.647163
1.900115 27.702682 -3.609852
2.328024 27.117670 -3.721474
3.310598 25.842905 -3.985589
2.685116 29.352402 -3.472283
2.423492 29.110614 -3.181751
2.251773 28.538330 -2.943998
2.344143 27.764795 -2.948842
2.671650 27.165738 -3.209930
3.423680 25.858722 -3.817248
3.193211 29.384134 -3.134586
3.051621 29.149841 -2.764274
2.958688 28.582480 -2.474158
3.008678 27.806299 -2.507169
3.185924 27.197855 -2.868126
3.592920 25.869293 -3.704765
3.792550 27.209134 -2.748100
3.792550 25.873004 -3.665266
4.478960 29.761935 -6.298198
3.792550 29.749176 -6.434009
4.391889 29.113651 -6.013101
3.792550 29.102505 -6.131685
4.533479 28.815457 -6.322823
3.792550 28.801682 -6.469420
4.626412 28.206155 -6.479048
3.792550 28.190652 -6.644034
4.576423 27.452533 -6.271967
4.399176 26.924081 -5.781645
3.992182 25.779196 -4.663557
5.060870 29.798279 -5.911440
4.899984 29.145383 -5.675404
5.161608 28.854688 -5.905345
5.333327 28.250305 -6.009209
5.240957 27.494037 -5.830293
4.913450 26.956201 -5.439840
4.161420 25.789767 -4.551076
5.449691 29.852670 -5.332616
5.239482 29.192874 -5.170004
5.581311 28.913397 -5.280548
5.805671 28.316379 -5.306043
5.684986 27.556149 -5.169283
5.257077 27.004269 -4.928295
4.274503 25.805585 -4.382734
5.586226 29.916827 -4.649846
5.358698 29.248892 -4.573843
5.728690 28.982651 -4.543549
5.971537 28.394318 -4.476604
5.840908 27.629416 -4.389568
5.377743 27.060971 -4.324885
4.314212 25.824246 -4.184161
5.449691 29.980984 -3.967077
5.239482 29.304913 -3.977683
5.581311 29.051904 -3.806549
5.805672 28.472260 -3.647163
5.684986 27.702686 -3.609852
5.257077 27.117670 -3.721475
4.274503 25.842905 -3.985589
5.060871 30.035376 -3.388253
4.899984 29.352405 -3.472283
5.161609 29.110614 -3.181751
5.333327 28.538333 -2.943999
5.240958 27.764798 -2.948842
4.913450 27.165738 -3.209930
4.161420 25.858722 -3.817248
4.478960 30.071716 -3.001495
4.391889 29.384134 -3.134586
4.533479 29.149841 -2.764274
4.626412 28.582480 -2.474158
4.576423 27.806299 -2.507169
4.399176 27.197855 -2.868126
3.992181 25.869293 -3.704765
3.792550 29.395279 -3.016002
3.792550 29.163617 -2.617676
3.792550 28.597983 -2.309174
3.792550 27.820871 -2.352074
2.524229 29.798279 -5.911440
2.135409 29.852670 -5.332616
1.998873 29.916827 -4.649846
2.135409 29.980984 -3.967077
2.524228 30.035376 -3.388252
3.106139 30.071716 -3.001495
3.792550 30.084479 -2.865682
6.692202 20.127057 -0.845805
6.697247 19.313956 -0.828638
6.899068 19.281433 -0.141874
6.487608 20.452298 0.053651
6.160611 21.314188 -0.353854
6.241339 22.224861 -0.079148
6.387661 23.037964 0.418758
6.317021 24.566595 0.178388
6.306932 24.956885 0.144051
6.236293 25.363437 -0.096318
6.170702 25.298389 -0.319514
6.165656 24.875574 -0.336684
6.125292 24.485287 -0.474037
6.185839 23.054227 -0.268007
6.089974 22.794034 -0.594220
5.933562 22.859082 -1.126466
5.842743 23.249371 -1.435508
5.812470 24.403976 -1.538522
5.898243 24.729218 -1.246649
6.004199 25.249603 -0.886096
5.958790 25.444748 -1.040619
5.847788 25.135767 -1.418338
5.762014 25.103244 -1.710214
5.610648 24.371451 -2.225286
5.605603 23.119275 -2.242456
5.635875 22.663937 -2.139443
5.731742 22.159813 -1.813227
5.681285 21.509332 -1.984921
5.504692 21.053995 -2.585839
5.473456 20.663705 -3.397342
5.804188 19.785555 -3.867573
5.789051 19.281433 -3.919078
6.011055 19.297694 -3.163637
6.081692 20.143320 -2.923271
6.707201 19.899390 -2.539942
6.707201 19.492838 -1.967297
6.707201 19.525363 -1.376760
6.707201 19.883127 -1.126226
6.056865 21.411758 -1.209329
5.592989 21.281662 -2.285379
6.341673 21.184091 -1.619434
5.917092 23.184323 -1.895676
5.620739 22.891605 -2.190949
5.932228 22.956653 -1.844169
5.980161 24.753610 -1.681062
5.686330 24.737347 -1.967750
5.904478 24.387714 -1.938597
5.854643 20.224631 -3.695881
6.150771 19.964438 -3.456497
6.201225 20.403513 -3.284806
6.694724 19.720508 -0.837222
7.005988 19.297694 -0.546332
6.909159 19.866867 -0.107536
7.013556 20.289679 -0.520577
6.624877 20.558002 -1.861201
6.599649 20.135188 -1.947046
6.707201 20.005093 -0.938327
6.928898 19.891258 -1.833084
6.707201 20.021355 -2.727842
6.228726 20.883243 -0.122071
5.393690 20.858850 -2.963560
6.200975 21.769525 -0.216502
6.231347 22.192337 -1.018129
5.706513 21.834573 -1.899075
6.314500 22.631413 0.169804
6.479669 23.046095 0.018681
6.137907 22.924129 -0.431113
6.358576 22.509447 -0.393378
6.011767 22.826558 -0.860343
6.025571 22.509447 -1.526540
6.352341 23.802280 0.298573
6.414076 24.525940 -0.204518
6.155566 23.769757 -0.371023
6.311977 24.761740 0.161220
6.429213 24.916229 -0.153010
6.145474 24.680429 -0.405360
6.271613 25.160162 0.023867
6.396416 25.330911 -0.264610
6.168179 25.086981 -0.328099
5.888152 23.054225 -1.280987
5.683809 22.411874 -1.976335
5.827606 23.826672 -1.487015
5.608125 23.745364 -2.233871
5.855356 24.566595 -1.392585
6.065935 24.932492 -1.389187
5.804901 25.119507 -1.564276
5.951221 24.989410 -1.066373
6.174413 25.347174 -1.020051
5.903289 25.290256 -1.229478
5.796620 19.533493 -3.893325
6.107883 19.289563 -3.602434
6.046374 19.720508 -3.043454
6.707201 19.704245 -1.251493
6.707201 19.509100 -1.672029
6.707201 19.696114 -2.253620
7.009772 19.793686 -0.533455
6.714129 20.346596 -1.934058
6.928898 20.013223 -1.833084
6.320229 20.871046 -1.692403
6.198551 21.802048 -1.129729
6.419122 22.777771 -0.187348
6.236834 22.509447 -0.973112
6.446873 23.786020 -0.092918
6.421645 24.721088 -0.178764
6.412815 25.123572 -0.208810
5.978900 22.733051 -1.685355
5.910786 23.786017 -1.917136
6.023048 24.843051 -1.535124
6.120174 25.139835 -1.204619
6.129327 19.627000 -3.529465
6.928898 19.700180 -1.752557
6.707201 20.135188 -1.833084
6.707201 20.127057 -0.750427
6.707201 20.143320 -2.915741
6.928898 20.135188 -1.833084
5.135833 24.586722 3.126161
5.312986 24.242734 5.455717
4.324714 25.977570 5.019678
2.818257 25.191840 6.523087
5.135833 24.393802 3.261559
5.312986 24.071631 5.443736
2.818257 24.965720 6.399084
5.135833 23.436334 4.108443
4.963354 23.250070 5.588696
2.818257 23.879022 6.014159
5.135833 24.319620 3.957203
4.963354 24.071631 5.443736
2.818257 24.765836 5.953872
5.135833 22.806815 4.265556
4.963355 22.584024 5.515770
2.818257 22.950554 5.584189
5.135833 21.312524 4.221079
4.963355 21.296533 5.576573
2.818257 21.714755 5.991795
5.135834 19.922798 4.280393
4.963355 19.906805 5.635888
2.818257 20.345787 6.244310
5.881843 23.933414 3.712201
6.502631 23.832498 0.991623
6.387935 21.435522 1.494274
5.768543 21.598163 4.208730
6.141265 24.961008 2.575292
6.299947 24.935211 1.879879
6.234126 25.436591 2.168334
6.307542 19.551772 1.846597
5.688150 19.714413 4.561052
5.667123 23.933414 3.489148
6.287913 23.832498 0.768570
6.173217 21.435522 1.271221
5.553825 21.598163 3.985677
5.926546 24.961008 2.352240
6.085227 24.935211 1.656826
6.019407 25.436591 1.945281
6.092823 19.551772 1.623544
5.473431 19.714413 4.337999
2.007447 31.925613 -4.205894
2.021992 30.137271 -4.323077
2.035605 28.402209 -4.435559
2.368609 26.153174 -5.343374
2.336991 25.064456 -5.316916
2.168069 19.453714 -5.056767
3.704393 31.882697 -3.073014
3.731269 30.094043 -3.181966
3.756419 28.358688 -3.286745
4.371732 26.102515 -4.006091
4.313307 25.014474 -3.997529
4.001179 19.407355 -3.832984
4.838256 31.818466 -1.377541
4.873370 30.029349 -1.474173
4.906231 28.293558 -1.567422
5.710175 26.026697 -2.004707
5.633839 24.939670 -2.022926
5.226023 19.337970 -2.001465
5.236415 31.742703 0.622404
5.274422 29.953033 0.540304
5.309989 28.216727 0.460653
6.180172 25.937262 0.356084
6.097547 24.851434 0.306273
5.656130 19.256125 0.158957
4.838256 31.666937 2.622351
4.873370 29.876718 2.554783
4.906229 28.139896 2.488731
5.710173 25.847827 2.716877
5.633837 24.763196 2.635474
5.226020 19.174281 2.319381
4.001174 19.104895 4.150900
2.330584 32.481662 -4.961185
4.301473 32.431818 -3.645422
5.618378 32.357220 -1.676244
6.080813 32.269223 0.646558
5.618377 32.181229 2.969361
3.704392 31.602707 4.317824
3.731268 29.812018 4.262576
3.756417 28.074762 4.208052
4.371728 25.772006 4.718262
4.313304 24.688388 4.610075
4.301472 32.106628 4.938540
-4.349076 33.657416 3.364499
-4.349076 32.131082 3.226197
-4.349076 32.012747 5.834039
-4.349076 33.820938 6.147997
-4.349076 33.676035 6.712262
-2.765229 35.297681 4.773444
-4.349076 33.959912 3.364499
-2.987369 35.326352 4.829320
-4.349076 33.518442 6.147997
-4.349076 32.012747 5.834039
-4.349076 33.978531 6.712262
-2.870476 35.615826 4.810923
-2.759305 33.920142 3.097189
-2.759305 35.292056 4.761671
-2.759305 35.300732 4.770160
-2.759305 34.418735 6.819129
-2.759305 35.445187 5.118157
-2.759305 35.537567 4.756886
-2.759305 35.626663 4.925049
-1.169534 32.012747 5.834039
-1.169534 33.518442 6.147997
-1.169534 33.657416 3.364499
-1.169534 32.131082 3.226197
-1.169534 33.820938 6.147997
-1.169534 33.959912 3.364499
-1.169534 33.676035 6.712262
-1.169534 33.978531 6.712262
-2.759305 34.254056 3.096980
-2.759305 32.395874 2.955763
-2.531241 35.326352 4.829320
-1.169534 32.012747 5.834039
-2.759305 32.249747 6.263662
-2.759305 33.892899 6.463502
-2.753382 35.297681 4.773444
-2.648135 35.615826 4.810923
4.917093 33.657419 3.364499
4.917093 32.131085 3.226197
4.917093 32.012750 5.834039
4.917093 33.820938 6.147997
4.917093 33.676035 6.712262
3.333245 35.297681 4.773444
4.917093 33.959912 3.364499
3.555386 35.326352 4.829321
4.917093 33.518445 6.147997
4.917093 32.012750 5.834039
4.917093 33.978531 6.712263
3.438492 35.615826 4.810924
3.327322 33.920142 3.097189
3.327322 35.292056 4.761671
3.327322 35.300732 4.770160
3.327322 34.418735 6.819130
3.327322 35.445187 5.118157
3.327322 35.537567 4.756886
3.327322 35.626663 4.925050
1.737551 32.012747 5.834039
1.737551 33.518442 6.147997
1.737551 33.657416 3.364499
1.737551 32.131082 3.226197
1.737551 33.820938 6.147997
1.737551 33.959912 3.364499
1.737551 33.676035 6.712262
1.737551 33.978531 6.712263
3.327322 34.254056 3.096980
3.327323 32.395874 2.955763
3.099258 35.326352 4.829321
1.737551 32.012747 5.834039
3.327323 32.249747 6.263662
3.327322 33.892899 6.463502
3.321398 35.297681 4.773444
3.216151 35.615826 4.810924
-5.908188 19.718307 0.522469
-5.810570 21.887303 1.184089
-5.917926 22.634094 0.414480
-5.909897 23.359247 0.504948
-5.886591 23.770532 0.712494
-5.904710 24.116873 0.556721
-5.932255 24.549792 0.182552
-5.933731 24.885312 0.143993
-5.936990 25.101773 -0.074058
-5.923506 25.004361 -0.419293
-5.902600 24.603900 -0.636309
-5.835477 24.214261 -1.044946
-5.832772 23.608160 -1.057720
-5.830030 23.002063 -1.070495
-5.745102 22.785596 -1.403556
-5.320898 22.136191 -2.416086
-4.920108 20.328711 -3.055724
-5.936459 24.993542 0.034883
-5.933192 25.053067 -0.246800
-6.063009 24.944836 -0.162613
-6.059155 20.637225 1.230351
-6.341432 22.011748 -0.617116
-5.618463 21.232449 -2.733904
-6.303845 20.344879 -0.878770
-5.875213 22.260699 0.797167
-6.353840 22.709845 -0.495862
-5.566213 22.460893 -1.906606
-5.914080 22.996672 0.459691
-6.352943 23.180655 -0.309627
-5.790871 22.893829 -1.236858
-5.899091 23.564890 0.608585
-6.357350 23.689346 -0.200969
-5.831406 23.305112 -1.064108
-5.896124 23.943701 0.634530
-6.354765 24.165567 -0.271303
-5.834129 23.911212 -1.051334
-5.921436 24.333331 0.369275
-6.240091 24.576846 -0.252135
-5.873696 24.409079 -0.840546
-5.933027 24.717554 0.163269
-5.914290 24.804132 -0.527817
-6.324517 20.934839 -0.747926
-6.348024 22.360796 -0.556493
-6.346403 22.945251 -0.415015
-6.355438 23.435001 -0.255310
-6.356179 23.927457 -0.236141
-6.355175 24.371207 -0.261719
-6.139310 24.760843 -0.207383
-6.348990 21.947508 0.304992
-6.137254 20.851147 1.039723
-6.186810 20.681041 0.933553
-5.750800 21.560873 -2.244037
-6.201729 21.133156 -2.060854
-6.355865 20.752792 -1.842654
-6.348951 20.487933 -1.909729
-6.273165 22.057278 -1.269383
-5.819207 21.092291 -1.760207
-6.361597 20.481235 -1.680903
-6.499162 20.807721 0.088936
-6.720966 20.400583 -0.228012
-6.244699 20.175385 -0.273248
-5.792872 19.709692 1.273629
-6.166483 21.333807 0.714496
-6.183782 20.917432 0.099245
-6.610364 19.962332 0.515228
-6.172327 18.632648 0.282566
-4.730959 18.922311 -3.311643
-6.721979 18.547159 -1.143237
-5.686010 18.700787 -2.735477
-6.630659 18.619016 -1.927485
-6.486975 18.560776 -0.526565
-5.821627 19.009985 1.125458
-5.816390 18.529871 1.153514
-6.540192 19.580042 0.510172
-5.540546 20.156134 -3.070338
-7.128441 19.976642 -0.904372
-6.510628 20.124985 -2.357639
-6.986824 20.080746 -1.696229
-6.874570 19.898703 -0.293384
-5.084155 22.023425 -2.813313
-4.841755 21.232449 -3.164435
-5.702074 21.142511 1.676563
-5.650793 20.324371 1.877245
-5.462309 20.780580 -2.943915
-5.200797 21.395236 -2.725320
-6.057144 22.916037 -0.871015
-6.028189 22.984903 0.264108
-6.198651 23.058398 -0.830382
-6.251327 23.356854 -0.741859
-6.292463 23.646216 -0.656144
-6.255983 23.920715 -0.574367
-6.315579 24.179773 -0.497057
-6.315581 24.382700 -0.437498
-6.230547 24.585828 -0.379739
-6.158131 24.776755 -0.325250
-6.006435 24.969656 -0.269706
-6.234342 23.269952 0.170235
-6.230681 23.499945 0.249007
-6.225935 23.729941 0.327892
-6.229435 23.935580 0.271527
-6.232384 24.141220 0.215221
-6.288437 22.965077 -0.002474
-6.303971 22.298489 0.282502
-6.005489 22.647394 0.253777
-6.037983 22.976636 0.244142
-6.173077 22.402090 -1.111034
-6.072022 22.747827 -0.950341
-6.625198 21.462762 -0.683798
-6.166483 21.333807 0.714496
-5.828640 23.321378 2.346810
-5.834643 23.006113 2.336728
-5.574368 22.522668 2.773869
-5.355925 22.354999 3.140752
-5.407372 21.174335 3.054343
-5.940890 20.767538 2.158281
-6.069984 20.289954 1.941463
-5.994028 19.891992 2.069034
-5.453104 19.492487 2.977534
-5.335345 19.266235 3.175315
-5.209246 19.464316 3.387102
-5.203242 19.779584 3.397186
-5.273841 20.078622 3.278613
-5.484262 20.341653 2.925204
-5.148415 20.350003 3.489270
-4.864745 20.225955 3.965704
-4.685427 19.837125 4.266875
-4.371300 19.424689 4.794463
-4.055867 19.596887 5.324242
-3.889970 19.942834 5.602872
-3.802007 20.175412 5.750610
-3.562490 20.014340 6.152887
-3.512993 20.196188 6.236018
-3.577575 20.566754 6.127552
-3.746851 20.831052 5.843246
-3.960267 20.814581 5.484808
-4.057598 20.633240 5.321336
-4.175674 20.530527 5.123024
-4.400506 21.272675 4.745410
-4.286799 21.729971 4.936385
-4.067023 21.659445 5.305507
-3.923202 21.986880 5.547059
-3.873375 22.253955 5.630746
-3.947312 22.432010 5.506566
-3.936954 22.636435 5.523962
-4.026276 22.794208 5.373943
-4.149710 22.790408 5.166631
-4.211612 23.111514 5.062664
-4.188890 23.544214 5.100828
-3.984184 23.782364 5.444638
-3.891880 24.147842 5.599666
-3.918999 24.557214 5.554120
-3.888583 25.000058 5.605204
-3.963522 25.166193 5.479341
-4.089635 25.211859 5.267530
-4.267264 25.295566 4.969196
-4.336832 25.119043 4.852354
-4.354209 24.831171 4.823168
-4.567942 24.485736 4.464198
-4.688009 24.115436 4.262540
-4.720773 23.807272 4.207511
-4.841515 23.510272 4.004721
-5.128838 23.529559 3.697131
-5.082035 23.659427 3.600759
-5.246613 23.654361 3.324344
-5.342583 23.427869 3.338138
-5.455001 23.453751 2.974350
-5.471747 23.823807 2.946224
-5.395159 24.083777 3.074857
-5.552387 24.247382 2.810786
-5.686179 24.039157 2.586078
-5.769471 24.024704 2.446186
-5.538640 19.587566 3.216705
-5.582537 19.619516 3.142978
-6.069445 19.973907 2.325198
-6.016349 20.680966 2.414376
-5.511820 20.971133 3.261750
-4.672481 21.038879 4.671449
-4.470780 20.358012 5.010213
-4.396230 20.235033 5.135423
-4.285142 20.409547 5.321999
-4.181136 20.553091 5.496680
-4.093687 20.673785 5.643554
-3.791602 20.486987 6.150916
-4.952531 20.407449 4.201096
-4.772143 19.948076 4.504063
-4.511603 19.582849 4.941650
-4.105524 20.040073 5.623673
-4.028308 20.279340 5.753359
-4.010039 20.335953 5.784044
-3.911308 20.278256 5.949865
-5.364149 20.501057 3.509767
-5.737820 20.421188 2.882174
-5.746945 20.258385 2.866849
-5.472324 19.979875 3.328085
-5.506724 21.184398 3.347873
-5.333514 22.270872 3.454775
-5.461265 22.584491 3.338598
-5.578197 22.611583 3.322201
-5.787593 22.761615 2.970513
-5.977166 23.027533 2.652119
-5.999966 23.347073 2.613826
-5.938878 23.974466 2.716425
-5.811642 23.888611 2.930122
-5.809642 23.414502 2.933480
-5.728064 23.225952 3.070494
-5.529392 23.191727 3.404171
-5.105464 23.322693 3.561409
-4.941578 23.439160 3.836662
-5.334752 22.612683 3.637075
-5.053754 22.249243 4.109020
-4.922829 21.983397 4.328913
-5.295134 22.775867 3.703615
-5.170779 22.808881 3.912472
-4.846532 22.803871 4.224417
-4.557137 22.372815 4.943105
-4.404013 22.389990 5.200283
-5.053753 22.249243 4.109021
-5.127324 23.020209 3.942920
-4.935501 22.945691 4.265094
-5.334752 22.612683 3.637075
-5.295134 22.775867 3.703615
-4.149710 22.790408 5.166631
-5.194253 22.430963 3.873047
-5.175140 22.416867 3.674766
-4.922829 21.983397 4.328913
-4.557137 22.372815 4.943105
-5.334752 22.612683 3.637075
-5.194253 22.430963 3.873047
-5.319908 22.673824 3.662005
-5.270475 22.487956 4.124499
-4.908220 22.176581 4.732919
-4.463344 21.964006 5.461575
-4.570073 21.948067 5.344974
-4.711077 21.941782 5.251294
-4.765633 21.987617 5.159666
-5.356583 22.963058 3.499173
-4.103503 25.057108 5.244238
-4.114572 24.933603 5.225647
-4.489455 24.782971 5.077891
-4.647967 24.419864 4.811665
-4.801232 24.068777 4.554251
-4.868741 23.775693 4.440868
-4.847217 23.645837 4.340690
-4.381174 23.431046 4.975597
-4.473157 23.580048 5.105265
-4.367398 23.863477 5.282889
-4.236520 24.214227 5.502705
-4.185302 24.591513 5.588726
-3.972649 24.660468 5.464012
-3.968280 25.021216 5.471350
-4.661823 21.260316 4.613165
-4.908220 22.176581 4.732919
-4.706665 23.310892 4.640925
-4.687102 23.114783 4.585871
-3.962021 29.743808 -6.203369
-4.428880 29.814069 -5.901160
-4.679645 29.785654 -6.152000
-4.740824 29.919220 -5.448867
-5.068465 29.916718 -5.588247
-4.850365 30.043259 -4.915353
-5.205000 30.071323 -4.923254
-4.740825 30.167294 -4.381840
-5.068466 30.225925 -4.258263
-4.428880 30.272449 -3.929549
-4.679645 30.356995 -3.694509
-3.962022 30.342709 -3.627338
-4.097735 30.444571 -3.317821
-2.860627 29.743808 -6.203369
-3.411324 29.719138 -6.309492
-2.393769 29.814069 -5.901160
-2.081824 29.919223 -5.448868
-1.972283 30.043259 -4.915354
-2.081824 30.167294 -4.381841
-2.393768 30.272449 -3.929549
-3.411324 29.307645 -4.708257
-2.860626 30.342709 -3.627338
-3.411324 30.367383 -3.521215
-3.411324 30.475323 -3.185546
-4.097734 29.698077 -6.528688
-2.724914 29.698077 -6.528688
-3.411324 29.667325 -6.660963
-2.143004 29.785654 -6.152000
-1.754183 29.916721 -5.588247
-1.617648 30.071326 -4.923255
-1.754183 30.225928 -4.258263
-2.143003 30.356995 -3.694510
-2.724913 30.444571 -3.317821
-3.411324 27.382108 -6.280493
-3.411324 26.932782 -5.675912
-3.411324 25.967804 -4.306459
-4.097734 29.698077 -6.528688
-4.010663 29.094882 -6.141891
-4.152253 28.758578 -6.400052
-4.245187 28.135031 -6.456091
-4.195196 27.417227 -6.129436
-4.017950 26.959961 -5.559012
-3.610955 25.976749 -4.267989
-4.518758 29.171347 -5.812987
-4.780383 28.853110 -5.993445
-4.952101 28.241418 -5.998485
-4.859731 27.517236 -5.699263
-4.532224 27.037357 -5.226108
-3.780194 26.002219 -4.158435
-4.858256 29.285788 -5.320746
-5.200085 28.994586 -5.384914
-5.424445 28.400641 -5.313628
-5.303759 27.666913 -5.055463
-4.875850 27.153189 -4.727880
-3.893275 26.040338 -3.994476
-4.977472 29.420779 -4.740108
-5.347465 29.161469 -4.667105
-5.590311 28.588455 -4.505785
-5.459682 27.843469 -4.296049
-4.996516 27.289822 -4.140182
-3.932985 26.085303 -3.801074
-4.858256 29.555771 -4.159470
-5.200085 29.328351 -3.949295
-5.424446 28.776270 -3.697941
-5.303759 28.020026 -3.536635
-4.875850 27.426456 -3.552483
-3.893275 26.130264 -3.607672
-4.518758 29.670212 -3.667229
-4.780383 29.469830 -3.340764
-4.952100 28.935492 -3.013084
-4.859731 28.169702 -2.892835
-4.532224 27.542291 -3.054257
-3.780193 26.168384 -3.443714
-4.010663 29.746680 -3.338323
-4.152253 29.564362 -2.934158
-4.245186 29.041882 -2.555478
-4.195196 28.269714 -2.462663
-4.017950 27.619687 -2.721352
-3.610954 26.193854 -3.334160
-3.411324 27.646866 -2.604452
-3.411324 26.202798 -3.295690
-2.724914 29.698077 -6.528688
-3.411324 29.667325 -6.660963
-2.811985 29.094882 -6.141891
-3.411324 29.068030 -6.257388
-2.670395 28.758578 -6.400052
-3.411324 28.725385 -6.542833
-2.577462 28.135031 -6.456091
-3.411324 28.097672 -6.616782
-2.627451 27.417227 -6.129437
-2.804697 26.959961 -5.559012
-3.211692 25.976749 -4.267989
-2.143004 29.785654 -6.152000
-2.303890 29.171347 -5.812987
-2.042266 28.853110 -5.993445
-1.870547 28.241418 -5.998485
-1.962916 27.517239 -5.699263
-2.290423 27.037357 -5.226108
-3.042453 26.002219 -4.158435
-1.754183 29.916721 -5.588247
-1.964392 29.285788 -5.320746
-1.622563 28.994586 -5.384914
-1.398202 28.400641 -5.313629
-1.518888 27.666916 -5.055463
-1.946797 27.153189 -4.727881
-2.929371 26.040338 -3.994476
-1.617648 30.071326 -4.923255
-1.845176 29.420779 -4.740108
-1.475183 29.161472 -4.667105
-1.232337 28.588455 -4.505785
-1.362966 27.843469 -4.296049
-1.826131 27.289822 -4.140182
-2.889662 26.085303 -3.801074
-1.754183 30.225928 -4.258263
-1.964392 29.555774 -4.159470
-1.622563 29.328354 -3.949295
-1.398202 28.776273 -3.697942
-1.518888 28.020026 -3.536636
-1.946797 27.426459 -3.552483
-2.929371 26.130264 -3.607672
-2.143003 30.356995 -3.694510
-2.303890 29.670212 -3.667229
-2.042265 29.469830 -3.340765
-1.870547 28.935492 -3.013085
-1.962916 28.169702 -2.892836
-2.290423 27.542291 -3.054257
-3.042454 26.168384 -3.443714
-2.724913 30.444571 -3.317821
-2.811985 29.746680 -3.338323
-2.670395 29.564362 -2.934158
-2.577462 29.041882 -2.555478
-2.627451 28.269714 -2.462663
-2.804697 27.619687 -2.721352
-3.211693 26.193854 -3.334160
-3.411324 29.773532 -3.222828
-3.411324 29.597559 -2.791376
-3.411324 29.079242 -2.394788
-3.411324 28.304831 -2.311607
-4.679645 29.785654 -6.152000
-5.068465 29.916718 -5.588247
-5.205000 30.071323 -4.923254
-5.068466 30.225925 -4.258263
-4.679645 30.356995 -3.694509
-4.097735 30.444571 -3.317821
-3.411324 30.475323 -3.185546
-4.349076 32.012747 -1.061282
-4.349076 33.615286 -1.003746
-2.987369 35.326352 -2.066001
-4.349076 34.515906 -4.140760
-4.349076 34.231580 -0.817558
-4.349076 33.884280 -3.719164
-4.349076 34.515906 -4.140760
-4.349076 32.131082 -3.815737
-2.987369 35.304700 -2.427215
-2.892714 32.229858 -0.667712
-2.892714 33.904565 -0.572387
-2.892714 34.494385 -0.367473
-2.892714 35.375674 -2.021449
-2.892714 35.560754 -2.080897
-2.892714 35.539105 -2.442112
-2.892714 34.743295 -4.141756
-2.892714 32.763791 -4.120943
-1.436352 32.012747 -1.061282
-1.436352 33.615286 -1.003746
-1.436352 33.884280 -3.719164
-1.436352 32.131082 -3.815737
-1.436352 34.231580 -0.817558
-1.436352 34.515906 -4.140760
-2.798059 35.326352 -2.066001
-2.798059 35.304700 -2.427215
-1.436352 34.515906 -4.140760
-2.892714 34.367380 -3.994041
-2.892714 35.257388 -2.612032
-2.892714 35.461639 -2.450461
0.005764 33.081866 5.201329
0.005765 32.452881 6.398227
-1.721505 33.094870 4.858052
-2.190172 32.469412 5.961807
-2.319056 32.056781 6.254301
-3.185813 33.131903 3.880482
-4.051798 32.516495 4.718988
-4.289944 32.106625 4.938539
-4.164232 33.187326 2.417445
-5.295696 32.586957 2.858978
-5.606849 32.181223 2.969361
-4.507808 33.252707 0.691675
-5.732495 32.670074 0.664947
-6.069285 32.269220 0.646558
-4.164233 33.318085 -1.034096
-5.295697 32.753192 -1.529085
-5.606850 32.357214 -1.676246
-3.185814 33.373508 -2.497132
-4.051799 32.823657 -3.389092
-4.289945 32.431818 -3.645422
-1.721505 33.410544 -3.474704
-2.190172 32.870740 -4.631913
-2.319056 32.481662 -4.961185
0.005763 33.423547 -3.817980
0.005764 32.887274 -5.068333
0.005764 32.499167 -5.423220
1.733032 33.410544 -3.474704
2.201700 32.870740 -4.631913
2.330584 32.481662 -4.961185
3.197340 33.373511 -2.497132
4.063326 32.823657 -3.389094
4.301473 32.431818 -3.645422
4.175760 33.318085 -1.034095
5.307225 32.753195 -1.529083
5.618378 32.357220 -1.676244
4.519334 33.252707 0.691673
5.744022 32.670081 0.664946
6.080813 32.269223 0.646558
4.175760 33.187329 2.417445
5.307224 32.586960 2.858978
5.618377 32.181229 2.969361
3.197340 33.131903 3.880482
4.063325 32.516498 4.718988
4.301472 32.106628 4.938540
0.005765 30.365472 0.559225
1.733033 33.094870 4.858051
2.201701 32.469415 5.961806
0.005765 32.039279 6.716335
2.330585 32.056781 6.254300
4.917093 32.012750 -1.061282
4.917093 33.615286 -1.003746
3.555386 35.326352 -2.066000
4.917093 34.515906 -4.140760
4.917093 34.231583 -0.817558
4.917093 33.884280 -3.719164
4.917093 34.515906 -4.140760
4.917093 32.131085 -3.815737
3.555386 35.304700 -2.427215
3.460731 32.229861 -0.667712
3.460731 33.904565 -0.572387
3.460731 34.494385 -0.367473
3.460730 35.375674 -2.021448
3.460730 35.560757 -2.080897
3.460730 35.539105 -2.442112
3.460731 34.743295 -4.141756
3.460731 32.763791 -4.120943
2.004369 32.012750 -1.061282
2.004369 33.615286 -1.003746
2.004369 33.884280 -3.719164
2.004369 32.131085 -3.815737
2.004369 34.231580 -0.817558
2.004369 34.515906 -4.140760
3.366076 35.326352 -2.066000
3.366076 35.304700 -2.427215
2.004369 34.515906 -4.140760
3.460731 34.367383 -3.994041
3.460730 35.257391 -2.612032
3.460730 35.461639 -2.450461
2.628051 30.043646 6.875468
2.161193 30.113907 6.573257
1.910428 30.085492 6.824099
1.849248 30.219058 6.120966
1.521607 30.216556 6.260346
1.739707 30.343097 5.587453
1.385072 30.371161 5.595354
1.849247 30.467133 5.053939
1.521607 30.525766 4.930361
2.161192 30.572284 4.601647
1.910427 30.656830 4.366608
2.628051 30.642548 4.299436
2.492338 30.744406 3.989920
3.729446 30.043646 6.875468
3.178748 30.018973 6.981591
4.196304 30.113907 6.573257
4.508248 30.219058 6.120966
4.617789 30.343097 5.587453
4.508249 30.467133 5.053939
4.196304 30.572284 4.601647
3.178748 29.607483 5.380356
3.729446 30.642548 4.299436
3.178748 30.667218 4.193314
3.178748 30.775159 3.857645
2.492338 29.997916 7.200787
3.865159 29.997916 7.200787
3.178748 29.967163 7.333062
4.447069 30.085492 6.824099
4.835889 30.216559 6.260346
4.972425 30.371161 5.595354
4.835889 30.525766 4.930361
4.447069 30.656830 4.366608
3.865158 30.744406 3.989920
3.178749 27.681946 6.952592
3.178749 27.232620 6.348011
3.178749 26.267642 4.978558
2.492338 29.997916 7.200787
2.579409 29.394717 6.813990
2.437819 29.058417 7.072150
2.344886 28.434866 7.128190
2.394876 27.717065 6.801535
2.572122 27.259796 6.231110
2.979117 26.276584 4.940087
2.071314 29.471185 6.485085
1.809690 29.152948 6.665543
1.637972 28.541257 6.670583
1.730341 27.817075 6.371362
2.057848 27.337195 5.898206
2.809879 26.302057 4.830533
1.731816 29.585626 5.992844
1.389987 29.294424 6.057013
1.165627 28.700479 5.985727
1.286313 27.966751 5.727562
1.714222 27.453027 5.399979
2.696797 26.340173 4.666575
1.612600 29.720618 5.412207
1.242607 29.461307 5.339204
0.999761 28.888293 5.177883
1.130391 28.143307 4.968148
1.593556 27.589661 4.812280
2.657088 26.385138 4.473173
1.731816 29.855609 4.831569
1.389987 29.628189 4.621393
1.165627 29.076108 4.370039
1.286313 28.319864 4.208734
1.714222 27.726294 4.224582
2.696797 26.430103 4.279770
2.071314 29.970050 4.339328
1.809690 29.769669 4.012863
1.637971 29.235330 3.685183
1.730341 28.469540 3.564935
2.057848 27.842126 3.726355
2.809879 26.468222 4.115812
2.579409 30.046518 4.010423
2.437819 29.864200 3.606256
2.344886 29.341718 3.227576
2.394876 28.569550 3.134761
2.572122 27.919522 3.393451
2.979118 26.493692 4.006258
3.178749 27.946701 3.276550
3.178749 26.502634 3.967789
3.865159 29.997916 7.200787
3.178748 29.967163 7.333062
3.778088 29.394717 6.813990
3.178748 29.367865 6.929486
3.919677 29.058417 7.072150
3.178748 29.025220 7.214931
4.012611 28.434866 7.128190
3.178749 28.397510 7.288880
3.962622 27.717065 6.801535
3.785376 27.259796 6.231110
3.378380 26.276584 4.940087
4.447069 30.085492 6.824099
4.286182 29.471185 6.485085
4.547807 29.152948 6.665543
4.719525 28.541257 6.670583
4.627156 27.817075 6.371362
4.299649 27.337195 5.898206
3.547618 26.302057 4.830533
4.835889 30.216559 6.260346
4.625681 29.585626 5.992844
4.967509 29.294424 6.057013
5.191870 28.700479 5.985727
5.071185 27.966754 5.727562
4.643275 27.453027 5.399979
3.660701 26.340173 4.666575
4.972425 30.371161 5.595354
4.744897 29.720618 5.412207
5.114889 29.461310 5.339204
5.357735 28.888293 5.177883
5.227106 28.143307 4.968148
4.763941 27.589661 4.812280
3.700409 26.385138 4.473173
4.835889 30.525766 4.930361
4.625681 29.855609 4.831569
4.967509 29.628192 4.621393
5.191871 29.076111 4.370039
5.071185 28.319864 4.208734
4.643275 27.726294 4.224582
3.660701 26.430103 4.279770
4.447069 30.656830 4.366608
4.286182 29.970050 4.339328
4.547807 29.769669 4.012863
4.719525 29.235330 3.685183
4.627155 28.469540 3.564935
4.299648 27.842126 3.726355
3.547618 26.468222 4.115812
3.865158 30.744406 3.989920
3.778088 30.046518 4.010423
3.919677 29.864200 3.606256
4.012610 29.341718 3.227576
3.962621 28.569550 3.134761
3.785375 27.919522 3.393451
3.378379 26.493692 4.006258
3.178748 30.073367 3.894926
3.178748 29.897394 3.463475
3.178748 29.379077 3.066887
3.178748 28.604669 2.983705
1.910428 30.085492 6.824099
1.521607 30.216556 6.260346
1.385072 30.371161 5.595354
1.521607 30.525766 4.930361
1.910427 30.656830 4.366608
2.492338 30.744406 3.989920
3.178748 30.775159 3.857645
-4.349076 33.518442 6.147997
-1.169534 33.518442 6.147997
4.917093 33.518445 6.147997
1.737551 33.518442 6.147997
-2.987369 35.304700 -2.427215
-2.798059 35.304700 -2.427215
3.555386 35.304700 -2.427215
3.366076 35.304700 -2.427215
-7.004040 19.189252 3.261747
-0.000001 19.024692 0.348910
-0.000001 19.024692 0.348910
-7.004040 19.189252 3.261747
-7.581119 19.332402 0.364113
-0.000001 19.024695 0.348911
1.057167 19.781384 -7.814676
1.433102 19.304239 -7.042638
2.340688 19.106598 -6.722849
3.248273 19.304239 -7.042638
3.624208 19.781386 -7.814676
3.248273 20.258533 -8.586714
2.340687 20.456174 -8.906503
1.433101 20.258533 -8.586714
1.057167 21.457387 -7.814676
1.433101 21.311275 -6.918929
2.340687 21.250754 -6.547897
3.248273 21.311276 -6.918929
3.624208 21.457388 -7.814676
3.248273 21.603499 -8.710423
2.340687 21.664020 -9.081454
1.433101 21.603497 -8.710423
