-2.0774648189544678 -0.28706133365631104 2.744040012359619
-1.8089594841003418 -0.28706133365631104 2.7475461959838867
-1.8124665021896362 -0.28706133365631104 3.016052007675171
-2.076693296432495 -0.28706133365631104 3.012600898742676
-2.080915927886963 -0.28706133365631104 3.0082664489746094
0.9273841381072998 -0.28706133365631104 3.0518345832824707
0.9308909773826599 -0.28706100583076477 2.7833290100097656
1.1993964910507202 -0.28706133365631104 2.7868359088897705
1.1959456205368042 -0.28706133365631104 3.05106258392334
1.1916108131408691 -0.28706133365631104 3.0552852153778076
1.2351791858673096 -0.28706157207489014 0.046985041350126266
0.966673731803894 -0.28706133365631104 0.04347866401076317
0.9701804518699646 -0.28706133365631104 -0.2250269502401352
1.2344070672988892 -0.28706157207489014 -0.22157609462738037
1.2386300563812256 -0.28706157207489014 -0.21724161505699158
-1.7696702480316162 -0.28706157207489014 -0.2608097195625305
-1.7731765508651733 -0.28706157207489014 0.007695729378610849
-2.041682243347168 -0.28706133365631104 0.004189029335975647
-2.038231134414673 -0.28706133365631104 -0.2600376307964325
-2.0338969230651855 -0.28706133365631104 -0.26426059007644653
-1.8089581727981567 1.229382038116455 2.747528314590454
-1.7731752395629883 1.229382038116455 0.007677967194467783
0.9666748642921448 1.229382038116455 0.04346122220158577
0.9308919310569763 1.229382038116455 2.783311605453491
0.9308909773826599 -0.28706100583076477 2.7833290100097656
0.966673731803894 -0.28706133365631104 0.04347866401076317
-2.036611557006836 1.4141684770584106 -0.2583986818790436
-2.0382301807403564 1.2254784107208252 -0.26005396246910095
-2.0416812896728516 1.2254784107208252 0.004172707442194223
-2.0400586128234863 1.4141684770584106 0.005563129670917988
-2.0400586128234863 1.4141684770584106 0.005563129670917988
-2.0416812896728516 1.2254784107208252 0.004172707442194223
-2.0774638652801514 1.2254784107208252 2.744023323059082
-2.0758056640625 1.4141684770584106 2.742671489715576
-2.0758056640625 1.4141684770584106 2.742671489715576
-2.0774638652801514 1.2254784107208252 2.744023323059082
-2.0809147357940674 1.2254784107208252 3.0082502365112305
-2.0792529582977295 1.4141684770584106 3.006633996963501
-2.0750343799591064 1.4141684770584106 3.0109639167785645
-2.0766921043395996 1.2254784107208252 3.012584686279297
-1.8124655485153198 1.2254784107208252 3.016035318374634
-1.8110724687576294 1.4141684770584106 3.014410972595215
-1.8110724687576294 1.4141684770584106 3.014410972595215
-1.8124655485153198 1.2254784107208252 3.016035318374634
0.9273852109909058 1.2254784107208252 3.0518181324005127
0.9260357618331909 1.4141684770584106 3.0501580238342285
0.9260357618331909 1.4141684770584106 3.0501580238342285
0.9273852109909058 1.2254784107208252 3.0518181324005127
1.191611886024475 1.2254784107208252 3.055269241333008
1.1899983882904053 1.4141684770584106 3.053605079650879
1.1943280696868896 1.4141684770584106 3.049386739730835
1.195946216583252 1.2254784107208252 3.0510458946228027
1.199397087097168 1.2254784107208252 2.7868196964263916
1.1977753639221191 1.4141684770584106 2.7854244709014893
1.1977753639221191 1.4141684770584106 2.7854244709014893
1.199397087097168 1.2254784107208252 2.7868196964263916
1.2351799011230469 1.2254782915115356 0.04696888104081154
1.2335225343704224 1.414168357849121 0.04831657558679581
1.2335225343704224 1.414168357849121 0.04831657558679581
1.2351799011230469 1.2254782915115356 0.04696888104081154
1.2386306524276733 1.2254782915115356 -0.2172577828168869
1.2369697093963623 1.414168357849121 -0.21564587950706482
1.2327513694763184 1.414168357849121 -0.21997572481632233
1.2344082593917847 1.2254782915115356 -0.2215922623872757
0.9701815843582153 1.2254784107208252 -0.22504311800003052
0.9687892198562622 1.4141684770584106 -0.2234230637550354
0.9687892198562622 1.4141684770584106 -0.2234230637550354
0.9701815843582153 1.2254784107208252 -0.22504311800003052
-1.7696691751480103 1.2254782915115356 -0.26082590222358704
-1.768319010734558 1.414168357849121 -0.25917014479637146
-1.768319010734558 1.414168357849121 -0.25917014479637146
-1.7696691751480103 1.2254782915115356 -0.26082590222358704
-2.033895969390869 1.2254784107208252 -0.26427674293518066
-2.0322816371917725 1.4141684770584106 -0.26261717081069946
0.9308919310569763 1.229382038116455 2.783311605453491
0.9308909773826599 -0.0546770915389061 2.7833259105682373
-1.8089591264724731 -0.0546770915389061 2.7475433349609375
-1.8089581727981567 1.229382038116455 2.747528314590454
-1.8089581727981567 1.229382038116455 2.747528314590454
-1.8089591264724731 -0.0546770915389061 2.7475433349609375
-1.7731765508651733 -0.0546770915389061 0.007692848797887564
-1.7731752395629883 1.229382038116455 0.007677967194467783
-1.7731752395629883 1.229382038116455 0.007677967194467783
-1.7731765508651733 -0.0546770915389061 0.007692848797887564
0.966673731803894 -0.0546770915389061 0.043475620448589325
0.9666748642921448 1.229382038116455 0.04346122220158577
0.9666748642921448 1.229382038116455 0.04346122220158577
0.966673731803894 -0.0546770915389061 0.043475620448589325
0.9308909773826599 -0.0546770915389061 2.7833259105682373
0.9308919310569763 1.229382038116455 2.783311605453491
-2.0715317726135254 1.4184433221817017 2.742727041244507
-2.074979066848755 1.4184433221817017 3.0066893100738525
-1.8110166788101196 1.4184433221817017 3.010136842727661
-1.8075695037841797 1.4184434413909912 2.7461743354797363
0.9260913133621216 1.4184433221817017 3.0458836555480957
1.1900534629821777 1.4184433221817017 3.0493311882019043
1.1935007572174072 1.4184433221817017 2.7853689193725586
0.9295383095741272 1.4184437990188599 2.78192138671875
1.2292481660842896 1.418443202972412 0.048260729759931564
1.23269522190094 1.418443202972412 -0.21570172905921936
0.9687330722808838 1.4184433221817017 -0.21914906799793243
0.9652854204177856 1.4184434413909912 0.04481339827179909
-1.768375039100647 1.418443202972412 -0.2548961639404297
-2.0323376655578613 1.4184433221817017 -0.25834301114082336
-2.0357847213745117 1.4184433221817017 0.005618976894766092
-1.771822452545166 1.418443202972412 0.009066308848559856
0.9295383095741272 1.4184437990188599 2.78192138671875
0.9652854204177856 1.4184434413909912 0.04481339827179909
-1.771822452545166 1.418443202972412 0.009066308848559856
-1.8075695037841797 1.4184434413909912 2.7461743354797363
-2.036611557006836 1.4141684770584106 -0.2583986818790436
-2.0323376655578613 1.4184433221817017 -0.25834301114082336
-2.0322816371917725 1.4141684770584106 -0.26261717081069946
1.1943280696868896 1.4141684770584106 3.049386739730835
1.1900534629821777 1.4184433221817017 3.0493311882019043
1.1899983882904053 1.4141684770584106 3.053605079650879
1.2327513694763184 1.414168357849121 -0.21997572481632233
1.23269522190094 1.418443202972412 -0.21570172905921936
1.2369697093963623 1.414168357849121 -0.21564587950706482
-2.0750343799591064 1.4141684770584106 3.0109639167785645
-2.074979066848755 1.4184433221817017 3.0066893100738525
-2.0792529582977295 1.4141684770584106 3.006633996963501
-2.0400586128234863 1.4141684770584106 0.005563129670917988
-2.0357847213745117 1.4184433221817017 0.005618976894766092
-2.0323376655578613 1.4184433221817017 -0.25834301114082336
-2.036611557006836 1.4141684770584106 -0.2583986818790436
-2.0338969230651855 -0.28706133365631104 -0.26426059007644653
-2.038231134414673 -0.28706133365631104 -0.2600376307964325
-2.038231134414673 -0.0546770915389061 -0.26004019379615784
-2.0338964462280273 -0.0546770915389061 -0.2642631530761719
-2.0758056640625 1.4141684770584106 2.742671489715576
-2.0715317726135254 1.4184433221817017 2.742727041244507
-2.0357847213745117 1.4184433221817017 0.005618976894766092
-2.0400586128234863 1.4141684770584106 0.005563129670917988
-2.0792529582977295 1.4141684770584106 3.006633996963501
-2.074979066848755 1.4184433221817017 3.0066893100738525
-2.0715317726135254 1.4184433221817017 2.742727041244507
-2.0758056640625 1.4141684770584106 2.742671489715576
-2.080915927886963 -0.28706133365631104 3.0082664489746094
-2.076693296432495 -0.28706133365631104 3.012600898742676
-2.076692819595337 -0.0546770915389061 3.012598752975464
-2.080915927886963 -0.0546770915389061 3.0082640647888184
0.9260357618331909 1.4141684770584106 3.0501580238342285
0.9260913133621216 1.4184433221817017 3.0458836555480957
-1.8110166788101196 1.4184433221817017 3.010136842727661
-1.8110724687576294 1.4141684770584106 3.014410972595215
1.1899983882904053 1.4141684770584106 3.053605079650879
1.1900534629821777 1.4184433221817017 3.0493311882019043
0.9260913133621216 1.4184433221817017 3.0458836555480957
0.9260357618331909 1.4141684770584106 3.0501580238342285
1.1916108131408691 -0.28706133365631104 3.0552852153778076
1.1959456205368042 -0.28706133365631104 3.05106258392334
1.1959457397460938 -0.0546770915389061 3.0510599613189697
1.1916112899780273 -0.0546770915389061 3.0552825927734375
1.1977753639221191 1.4141684770584106 2.7854244709014893
1.1935007572174072 1.4184433221817017 2.7853689193725586
1.1900534629821777 1.4184433221817017 3.0493311882019043
1.1943280696868896 1.4141684770584106 3.049386739730835
1.2335225343704224 1.414168357849121 0.04831657558679581
1.2292481660842896 1.418443202972412 0.048260729759931564
1.1935007572174072 1.4184433221817017 2.7853689193725586
1.1977753639221191 1.4141684770584106 2.7854244709014893
1.2369697093963623 1.414168357849121 -0.21564587950706482
1.23269522190094 1.418443202972412 -0.21570172905921936
1.2292481660842896 1.418443202972412 0.048260729759931564
1.2335225343704224 1.414168357849121 0.04831657558679581
1.2386300563812256 -0.28706157207489014 -0.21724161505699158
1.2344070672988892 -0.28706157207489014 -0.22157609462738037
1.2344070672988892 -0.0546770915389061 -0.2215786576271057
1.2386300563812256 -0.0546770915389061 -0.21724385023117065
0.9687892198562622 1.4141684770584106 -0.2234230637550354
0.9687330722808838 1.4184433221817017 -0.21914906799793243
1.23269522190094 1.418443202972412 -0.21570172905921936
1.2327513694763184 1.414168357849121 -0.21997572481632233
-1.768319010734558 1.414168357849121 -0.25917014479637146
-1.768375039100647 1.418443202972412 -0.2548961639404297
0.9687330722808838 1.4184433221817017 -0.21914906799793243
0.9687892198562622 1.4141684770584106 -0.2234230637550354
-2.074979066848755 1.4184433221817017 3.0066893100738525
-2.0750343799591064 1.4141684770584106 3.0109639167785645
-1.768375039100647 1.418443202972412 -0.2548961639404297
-1.768319010734558 1.414168357849121 -0.25917014479637146
-2.0322816371917725 1.4141684770584106 -0.26261717081069946
-2.0323376655578613 1.4184433221817017 -0.25834301114082336
-2.0382301807403564 1.2254784107208252 -0.26005396246910095
-2.038231134414673 -0.0546770915389061 -0.26004019379615784
-2.041682243347168 -0.0546770915389061 0.004186469130218029
-2.0416812896728516 1.2254784107208252 0.004172707442194223
-2.0774648189544678 -0.0546770915389061 2.744037389755249
-2.0774638652801514 1.2254784107208252 2.744023323059082
-2.080915927886963 -0.0546770915389061 3.0082640647888184
-2.0809147357940674 1.2254784107208252 3.0082502365112305
-2.0766921043395996 1.2254784107208252 3.012584686279297
-2.076692819595337 -0.0546770915389061 3.012598752975464
-1.8124662637710571 -0.0546770915389061 3.016049385070801
-1.8124655485153198 1.2254784107208252 3.016035318374634
-1.8124655485153198 1.2254784107208252 3.016035318374634
-1.8124662637710571 -0.0546770915389061 3.016049385070801
0.927384614944458 -0.0546770915389061 3.0518319606781006
0.9273852109909058 1.2254784107208252 3.0518181324005127
0.9273852109909058 1.2254784107208252 3.0518181324005127
0.927384614944458 -0.0546770915389061 3.0518319606781006
1.1916112899780273 -0.0546770915389061 3.0552825927734375
1.191611886024475 1.2254784107208252 3.055269241333008
1.195946216583252 1.2254784107208252 3.0510458946228027
1.1959457397460938 -0.0546770915389061 3.0510599613189697
1.1993966102600098 -0.0546770915389061 2.7868332862854004
1.199397087097168 1.2254784107208252 2.7868196964263916
1.199397087097168 1.2254784107208252 2.7868196964263916
1.1993966102600098 -0.0546770915389061 2.7868332862854004
1.2351791858673096 -0.0546770915389061 0.04698264226317406
1.2351799011230469 1.2254782915115356 0.04696888104081154
1.2351799011230469 1.2254782915115356 0.04696888104081154
1.2351791858673096 -0.0546770915389061 0.04698264226317406
1.2386300563812256 -0.0546770915389061 -0.21724385023117065
1.2386306524276733 1.2254782915115356 -0.2172577828168869
1.2344082593917847 1.2254782915115356 -0.2215922623872757
1.2344070672988892 -0.0546770915389061 -0.2215786576271057
0.9701807498931885 -0.0546770915389061 -0.22502951323986053
0.9701815843582153 1.2254784107208252 -0.22504311800003052
0.9701815843582153 1.2254784107208252 -0.22504311800003052
0.9701807498931885 -0.0546770915389061 -0.22502951323986053
-1.7696698904037476 -0.0546770915389061 -0.2608119547367096
-1.7696691751480103 1.2254782915115356 -0.26082590222358704
-1.7696691751480103 1.2254782915115356 -0.26082590222358704
-1.7696698904037476 -0.0546770915389061 -0.2608119547367096
-2.0338964462280273 -0.0546770915389061 -0.2642631530761719
-2.033895969390869 1.2254784107208252 -0.26427674293518066
-2.0382301807403564 1.2254784107208252 -0.26005396246910095
-2.036611557006836 1.4141684770584106 -0.2583986818790436
-2.0322816371917725 1.4141684770584106 -0.26261717081069946
-2.033895969390869 1.2254784107208252 -0.26427674293518066
-2.0766921043395996 1.2254784107208252 3.012584686279297
-2.0750343799591064 1.4141684770584106 3.0109639167785645
-2.0792529582977295 1.4141684770584106 3.006633996963501
-2.0809147357940674 1.2254784107208252 3.0082502365112305
1.195946216583252 1.2254784107208252 3.0510458946228027
1.1943280696868896 1.4141684770584106 3.049386739730835
1.1899983882904053 1.4141684770584106 3.053605079650879
1.191611886024475 1.2254784107208252 3.055269241333008
1.2344082593917847 1.2254782915115356 -0.2215922623872757
1.2327513694763184 1.414168357849121 -0.21997572481632233
1.2369697093963623 1.414168357849121 -0.21564587950706482
1.2386306524276733 1.2254782915115356 -0.2172577828168869
0.9308909773826599 -0.0546770915389061 2.7833259105682373
0.9308909773826599 -0.28706100583076477 2.7833290100097656
-1.8089594841003418 -0.28706133365631104 2.7475461959838867
-1.8089591264724731 -0.0546770915389061 2.7475433349609375
-1.8089591264724731 -0.0546770915389061 2.7475433349609375
-1.8089594841003418 -0.28706133365631104 2.7475461959838867
-1.7731765508651733 -0.28706157207489014 0.007695729378610849
-1.7731765508651733 -0.0546770915389061 0.007692848797887564
-1.7731765508651733 -0.0546770915389061 0.007692848797887564
-1.7731765508651733 -0.28706157207489014 0.007695729378610849
0.966673731803894 -0.28706133365631104 0.04347866401076317
0.966673731803894 -0.0546770915389061 0.043475620448589325
0.966673731803894 -0.0546770915389061 0.043475620448589325
0.966673731803894 -0.28706133365631104 0.04347866401076317
0.9308909773826599 -0.28706100583076477 2.7833290100097656
0.9308909773826599 -0.0546770915389061 2.7833259105682373
-2.038231134414673 -0.0546770915389061 -0.26004019379615784
-2.0382301807403564 1.2254784107208252 -0.26005396246910095
-2.033895969390869 1.2254784107208252 -0.26427674293518066
-2.0338964462280273 -0.0546770915389061 -0.2642631530761719
-2.076692819595337 -0.0546770915389061 3.012598752975464
-2.0766921043395996 1.2254784107208252 3.012584686279297
-2.0809147357940674 1.2254784107208252 3.0082502365112305
-2.080915927886963 -0.0546770915389061 3.0082640647888184
1.1959457397460938 -0.0546770915389061 3.0510599613189697
1.195946216583252 1.2254784107208252 3.0510458946228027
1.191611886024475 1.2254784107208252 3.055269241333008
1.1916112899780273 -0.0546770915389061 3.0552825927734375
1.2344070672988892 -0.0546770915389061 -0.2215786576271057
1.2344082593917847 1.2254782915115356 -0.2215922623872757
1.2386306524276733 1.2254782915115356 -0.2172577828168869
1.2386300563812256 -0.0546770915389061 -0.21724385023117065
-2.038231134414673 -0.0546770915389061 -0.26004019379615784
-2.038231134414673 -0.28706133365631104 -0.2600376307964325
-2.041682243347168 -0.28706133365631104 0.004189029335975647
-2.041682243347168 -0.0546770915389061 0.004186469130218029
-2.0774648189544678 -0.28706133365631104 2.744040012359619
-2.0774648189544678 -0.0546770915389061 2.744037389755249
-2.080915927886963 -0.28706133365631104 3.0082664489746094
-2.080915927886963 -0.0546770915389061 3.0082640647888184
-2.076692819595337 -0.0546770915389061 3.012598752975464
-2.076693296432495 -0.28706133365631104 3.012600898742676
-1.8124665021896362 -0.28706133365631104 3.016052007675171
-1.8124662637710571 -0.0546770915389061 3.016049385070801
-1.8124662637710571 -0.0546770915389061 3.016049385070801
-1.8124665021896362 -0.28706133365631104 3.016052007675171
0.9273841381072998 -0.28706133365631104 3.0518345832824707
0.927384614944458 -0.0546770915389061 3.0518319606781006
0.927384614944458 -0.0546770915389061 3.0518319606781006
0.9273841381072998 -0.28706133365631104 3.0518345832824707
1.1916108131408691 -0.28706133365631104 3.0552852153778076
1.1916112899780273 -0.0546770915389061 3.0552825927734375
1.1959457397460938 -0.0546770915389061 3.0510599613189697
1.1959456205368042 -0.28706133365631104 3.05106258392334
1.1993964910507202 -0.28706133365631104 2.7868359088897705
1.1993966102600098 -0.0546770915389061 2.7868332862854004
1.1993966102600098 -0.0546770915389061 2.7868332862854004
1.1993964910507202 -0.28706133365631104 2.7868359088897705
1.2351791858673096 -0.28706157207489014 0.046985041350126266
1.2351791858673096 -0.0546770915389061 0.04698264226317406
1.2351791858673096 -0.0546770915389061 0.04698264226317406
1.2351791858673096 -0.28706157207489014 0.046985041350126266
1.2386300563812256 -0.28706157207489014 -0.21724161505699158
1.2386300563812256 -0.0546770915389061 -0.21724385023117065
1.2344070672988892 -0.0546770915389061 -0.2215786576271057
1.2344070672988892 -0.28706157207489014 -0.22157609462738037
0.9701804518699646 -0.28706133365631104 -0.2250269502401352
0.9701807498931885 -0.0546770915389061 -0.22502951323986053
0.9701807498931885 -0.0546770915389061 -0.22502951323986053
0.9701804518699646 -0.28706133365631104 -0.2250269502401352
-1.7696702480316162 -0.28706157207489014 -0.2608097195625305
-1.7696698904037476 -0.0546770915389061 -0.2608119547367096
-1.7696698904037476 -0.0546770915389061 -0.2608119547367096
-1.7696702480316162 -0.28706157207489014 -0.2608097195625305
-2.0338969230651855 -0.28706133365631104 -0.26426059007644653
-2.0338964462280273 -0.0546770915389061 -0.2642631530761719
