2.175157308578491 0.5641211867332458 0.26492464542388916
2.175157070159912 0.5641211867332458 -0.48768532276153564
2.0942516326904297 0.5426536798477173 -0.5685908198356628
2.0942516326904297 0.5426536798477173 0.34583017230033875
2.0942516326904297 0.5426536798477173 0.34583017230033875
2.0942516326904297 0.5426536798477173 -0.5685908198356628
2.0579230785369873 0.5252829790115356 -0.6049193143844604
2.0579230785369873 0.5252829790115356 0.38215869665145874
2.0579230785369873 0.5252829790115356 0.38215869665145874
2.0579230785369873 0.5252829790115356 -0.6049193143844604
2.0214014053344727 0.5010753273963928 -0.6414412260055542
2.0214014053344727 0.5010753273963928 0.4186805188655853
2.0214014053344727 0.5010753273963928 0.4186805188655853
2.0214014053344727 0.5010753273963928 -0.6414412260055542
1.9858871698379517 0.47292450070381165 -0.6769550442695618
1.9858874082565308 0.47292450070381165 0.4541945457458496
1.9858874082565308 0.47292450070381165 0.4541945457458496
1.9858871698379517 0.47292450070381165 -0.6769550442695618
1.945731520652771 0.43270382285118103 -0.7171109318733215
1.945731520652771 0.43270382285118103 0.4943503737449646
1.945731520652771 0.43270382285118103 0.4943503737449646
1.945731520652771 0.43270382285118103 -0.7171109318733215
1.914839267730713 0.3965359330177307 -0.7480030655860901
1.914839267730713 0.3965359330177307 0.5252426266670227
1.914839267730713 0.3965359330177307 0.5252426266670227
1.914839267730713 0.3965359330177307 -0.7480030655860901
1.8931940793991089 0.36566510796546936 -0.7696483731269836
1.8931940793991089 0.36566510796546936 0.5468878149986267
1.8931940793991089 0.36566510796546936 0.5468878149986267
1.8931940793991089 0.36566510796546936 -0.7696483731269836
1.8727877140045166 0.33214089274406433 -0.7900547981262207
1.8727877140045166 0.33214089274406433 0.5672940015792847
1.8727877140045166 0.33214089274406433 0.5672940015792847
1.8727877140045166 0.33214089274406433 -0.7900547981262207
1.8564995527267456 0.30012303590774536 -0.8063429594039917
1.8564995527267456 0.30012303590774536 0.5835822820663452
1.8564995527267456 0.30012303590774536 0.5835822820663452
1.8564995527267456 0.30012303590774536 -0.8063429594039917
1.8432952165603638 0.2605222165584564 -0.819547176361084
1.8432952165603638 0.2605222165584564 0.596786618232727
1.8432952165603638 0.2605222165584564 0.596786618232727
1.8432952165603638 0.2605222165584564 -0.819547176361084
1.8347972631454468 0.2245694398880005 -0.8280451893806458
1.8347975015640259 0.2245694398880005 0.6052845120429993
1.8347975015640259 0.2245694398880005 0.6052845120429993
1.8347972631454468 0.2245694398880005 -0.8280451893806458
1.8297808170318604 0.17928674817085266 -0.8330617547035217
1.8297808170318604 0.17928674817085266 0.6103010773658752
1.8297808170318604 0.17928674817085266 0.6103010773658752
1.8297808170318604 0.17928674817085266 -0.8330617547035217
1.82761549949646 0.13785667717456818 -0.8352267742156982
1.827615737915039 0.13785667717456818 0.6124662756919861
1.827615737915039 0.13785667717456818 0.6124662756919861
1.82761549949646 0.13785667717456818 -0.8352267742156982
1.82761549949646 0.10401000082492828 -0.8352267742156982
1.827615737915039 0.10401000082492828 0.6124662756919861
1.827615737915039 0.10401000082492828 0.6124662756919861
1.82761549949646 0.10401000082492828 -0.8352267742156982
1.829787254333496 0.07397732138633728 -0.8330550789833069
1.829787254333496 0.07397732138633728 0.6102945804595947
1.829787254333496 0.07397732138633728 0.6102945804595947
1.829787254333496 0.07397732138633728 -0.8330550789833069
1.8348388671875 0.038357801735401154 -0.8280035853385925
1.834839105606079 0.038357801735401154 0.605242908000946
1.834839105606079 0.038357801735401154 0.605242908000946
1.8348388671875 0.038357801735401154 -0.8280035853385925
1.8463048934936523 -0.009390211664140224 -0.8165374994277954
1.8463048934936523 -0.009390211664140224 0.5937769412994385
1.8463048934936523 -0.009390211664140224 0.5937769412994385
1.8463048934936523 -0.009390211664140224 -0.8165374994277954
1.8575873374938965 -0.044055379927158356 -0.8052549958229065
1.857587456703186 -0.044055379927158356 0.5824944972991943
1.857587456703186 -0.044055379927158356 0.5824944972991943
1.8575873374938965 -0.044055379927158356 -0.8052549958229065
1.8763221502304077 -0.08537899702787399 -0.7865204215049744
1.8763219118118286 -0.08537899702787399 0.5637598037719727
1.8763219118118286 -0.08537899702787399 0.5637598037719727
1.8763221502304077 -0.08537899702787399 -0.7865204215049744
1.9040029048919678 -0.12935175001621246 -0.7588396668434143
1.9040029048919678 -0.12935175001621246 0.536078929901123
1.9040029048919678 -0.12935175001621246 0.536078929901123
1.9040029048919678 -0.12935175001621246 -0.7588396668434143
1.9422029256820679 -0.17080296576023102 -0.7206394672393799
1.9422029256820679 -0.17080296576023102 0.49787890911102295
1.9422029256820679 -0.17080296576023102 0.49787890911102295
1.9422029256820679 -0.17080296576023102 -0.7206394672393799
1.9945992231369019 -0.2103053480386734 -0.6682432293891907
1.9945992231369019 -0.2103053480386734 0.4454825818538666
1.9945992231369019 -0.2103053480386734 0.4454825818538666
1.9945992231369019 -0.2103053480386734 -0.6682432293891907
2.0491719245910645 -0.23521165549755096 -0.6136706471443176
2.0491719245910645 -0.23521165549755096 0.39090999960899353
2.0491719245910645 -0.23521165549755096 0.39090999960899353
2.0491719245910645 -0.23521165549755096 -0.6136706471443176
2.100907802581787 -0.24921420216560364 -0.5619345903396606
2.100907802581787 -0.24921420216560364 0.3391740024089813
2.927767038345337 0.5641211867332458 0.26492464542388916
2.175157308578491 0.5641211867332458 0.26492464542388916
2.0942516326904297 0.5426536798477173 0.34583017230033875
3.0086727142333984 0.5426536798477173 0.34583017230033875
3.0086727142333984 0.5426536798477173 0.34583017230033875
2.0942516326904297 0.5426536798477173 0.34583017230033875
2.0579230785369873 0.5252829790115356 0.38215869665145874
3.045001268386841 0.5252829790115356 0.3821587562561035
3.045001268386841 0.5252829790115356 0.3821587562561035
2.0579230785369873 0.5252829790115356 0.38215869665145874
2.0214014053344727 0.5010753273963928 0.4186805188655853
3.0815229415893555 0.5010753273963928 0.4186806082725525
3.0815229415893555 0.5010753273963928 0.4186806082725525
2.0214014053344727 0.5010753273963928 0.4186805188655853
1.9858874082565308 0.47292450070381165 0.4541945457458496
3.117037057876587 0.47292450070381165 0.4541945457458496
3.117037057876587 0.47292450070381165 0.4541945457458496
1.9858874082565308 0.47292450070381165 0.4541945457458496
1.945731520652771 0.43270382285118103 0.4943503737449646
3.1571929454803467 0.43270382285118103 0.4943503737449646
3.1571929454803467 0.43270382285118103 0.4943503737449646
1.945731520652771 0.43270382285118103 0.4943503737449646
1.914839267730713 0.3965359330177307 0.5252426266670227
3.1880850791931152 0.3965359330177307 0.5252426266670227
3.1880850791931152 0.3965359330177307 0.5252426266670227
1.914839267730713 0.3965359330177307 0.5252426266670227
1.8931940793991089 0.36566510796546936 0.5468878149986267
3.209730386734009 0.36566510796546936 0.5468878149986267
3.209730386734009 0.36566510796546936 0.5468878149986267
1.8931940793991089 0.36566510796546936 0.5468878149986267
1.8727877140045166 0.33214089274406433 0.5672940015792847
3.2301366329193115 0.33214089274406433 0.567294180393219
3.2301366329193115 0.33214089274406433 0.567294180393219
1.8727877140045166 0.33214089274406433 0.5672940015792847
1.8564995527267456 0.30012303590774536 0.5835822820663452
3.246424913406372 0.30012303590774536 0.5835822820663452
3.246424913406372 0.30012303590774536 0.5835822820663452
1.8564995527267456 0.30012303590774536 0.5835822820663452
1.8432952165603638 0.2605222165584564 0.596786618232727
3.259629249572754 0.2605222165584564 0.596786618232727
3.259629249572754 0.2605222165584564 0.596786618232727
1.8432952165603638 0.2605222165584564 0.596786618232727
1.8347975015640259 0.2245694398880005 0.6052845120429993
3.268127202987671 0.2245694398880005 0.6052844524383545
3.268127202987671 0.2245694398880005 0.6052844524383545
1.8347975015640259 0.2245694398880005 0.6052845120429993
1.8297808170318604 0.17928674817085266 0.6103010773658752
3.2731435298919678 0.17928674817085266 0.6103010177612305
3.2731435298919678 0.17928674817085266 0.6103010177612305
1.8297808170318604 0.17928674817085266 0.6103010773658752
1.827615737915039 0.13785667717456818 0.6124662756919861
3.275308609008789 0.13785667717456818 0.6124661564826965
3.275308609008789 0.13785667717456818 0.6124661564826965
1.827615737915039 0.13785667717456818 0.6124662756919861
1.827615737915039 0.10401000082492828 0.6124662756919861
3.275308609008789 0.10401000082492828 0.6124661564826965
3.275308609008789 0.10401000082492828 0.6124661564826965
1.827615737915039 0.10401000082492828 0.6124662756919861
1.829787254333496 0.07397732138633728 0.6102945804595947
3.273137092590332 0.07397732138633728 0.61029452085495
3.273137092590332 0.07397732138633728 0.61029452085495
1.829787254333496 0.07397732138633728 0.6102945804595947
1.834839105606079 0.038357801735401154 0.605242908000946
3.2680857181549072 0.038357801735401154 0.6052428483963013
3.2680857181549072 0.038357801735401154 0.6052428483963013
1.834839105606079 0.038357801735401154 0.605242908000946
1.8463048934936523 -0.009390211664140224 0.5937769412994385
3.256619453430176 -0.009390211664140224 0.5937769412994385
3.256619453430176 -0.009390211664140224 0.5937769412994385
1.8463048934936523 -0.009390211664140224 0.5937769412994385
1.857587456703186 -0.044055379927158356 0.5824944972991943
3.2453370094299316 -0.044055379927158356 0.5824943780899048
3.2453370094299316 -0.044055379927158356 0.5824943780899048
1.857587456703186 -0.044055379927158356 0.5824944972991943
1.8763219118118286 -0.08537899702787399 0.5637598037719727
3.22660231590271 -0.08537899702787399 0.5637598633766174
3.22660231590271 -0.08537899702787399 0.5637598633766174
1.8763219118118286 -0.08537899702787399 0.5637598037719727
1.9040029048919678 -0.12935175001621246 0.536078929901123
3.1989214420318604 -0.12935175001621246 0.5360790491104126
3.1989214420318604 -0.12935175001621246 0.5360790491104126
1.9040029048919678 -0.12935175001621246 0.536078929901123
1.9422029256820679 -0.17080296576023102 0.49787890911102295
3.16072154045105 -0.17080296576023102 0.49787890911102295
3.16072154045105 -0.17080296576023102 0.49787890911102295
1.9422029256820679 -0.17080296576023102 0.49787890911102295
1.9945992231369019 -0.2103053480386734 0.4454825818538666
3.108325242996216 -0.2103053480386734 0.4454825818538666
3.108325242996216 -0.2103053480386734 0.4454825818538666
1.9945992231369019 -0.2103053480386734 0.4454825818538666
2.0491719245910645 -0.23521165549755096 0.39090999960899353
3.0537524223327637 -0.23521165549755096 0.39090999960899353
3.0537524223327637 -0.23521165549755096 0.39090999960899353
2.0491719245910645 -0.23521165549755096 0.39090999960899353
2.100907802581787 -0.24921420216560364 0.3391740024089813
3.002016544342041 -0.24921420216560364 0.3391740024089813
2.927767038345337 0.5641211867332458 -0.48768532276153564
2.927767038345337 0.5641211867332458 0.26492464542388916
3.0086727142333984 0.5426536798477173 0.34583017230033875
3.0086727142333984 0.5426536798477173 -0.5685908198356628
3.0086727142333984 0.5426536798477173 -0.5685908198356628
3.0086727142333984 0.5426536798477173 0.34583017230033875
3.045001268386841 0.5252829790115356 0.3821587562561035
3.045001268386841 0.5252829790115356 -0.60491943359375
3.045001268386841 0.5252829790115356 -0.60491943359375
3.045001268386841 0.5252829790115356 0.3821587562561035
3.0815229415893555 0.5010753273963928 0.4186806082725525
3.0815231800079346 0.5010753273963928 -0.6414411664009094
3.0815231800079346 0.5010753273963928 -0.6414411664009094
3.0815229415893555 0.5010753273963928 0.4186806082725525
3.117037057876587 0.47292450070381165 0.4541945457458496
3.117037057876587 0.47292450070381165 -0.6769551634788513
3.117037057876587 0.47292450070381165 -0.6769551634788513
3.117037057876587 0.47292450070381165 0.4541945457458496
3.1571929454803467 0.43270382285118103 0.4943503737449646
3.1571929454803467 0.43270382285118103 -0.7171109318733215
3.1571929454803467 0.43270382285118103 -0.7171109318733215
3.1571929454803467 0.43270382285118103 0.4943503737449646
3.1880850791931152 0.3965359330177307 0.5252426266670227
3.1880850791931152 0.3965359330177307 -0.7480033040046692
3.1880850791931152 0.3965359330177307 -0.7480033040046692
3.1880850791931152 0.3965359330177307 0.5252426266670227
3.209730386734009 0.36566510796546936 0.5468878149986267
3.209730386734009 0.36566510796546936 -0.7696483731269836
3.209730386734009 0.36566510796546936 -0.7696483731269836
3.209730386734009 0.36566510796546936 0.5468878149986267
3.2301366329193115 0.33214089274406433 0.567294180393219
3.2301366329193115 0.33214089274406433 -0.7900547385215759
3.2301366329193115 0.33214089274406433 -0.7900547385215759
3.2301366329193115 0.33214089274406433 0.567294180393219
3.246424913406372 0.30012303590774536 0.5835822820663452
3.246424913406372 0.30012303590774536 -0.8063430190086365
3.246424913406372 0.30012303590774536 -0.8063430190086365
3.246424913406372 0.30012303590774536 0.5835822820663452
3.259629249572754 0.2605222165584564 0.596786618232727
3.259629249572754 0.2605222165584564 -0.819547176361084
3.259629249572754 0.2605222165584564 -0.819547176361084
3.259629249572754 0.2605222165584564 0.596786618232727
3.268127202987671 0.2245694398880005 0.6052844524383545
3.268126964569092 0.2245694398880005 -0.8280452489852905
3.268126964569092 0.2245694398880005 -0.8280452489852905
3.268127202987671 0.2245694398880005 0.6052844524383545
3.2731435298919678 0.17928674817085266 0.6103010177612305
3.2731435298919678 0.17928674817085266 -0.8330618143081665
3.2731435298919678 0.17928674817085266 -0.8330618143081665
3.2731435298919678 0.17928674817085266 0.6103010177612305
3.275308609008789 0.13785667717456818 0.6124661564826965
3.275308609008789 0.13785667717456818 -0.8352270126342773
3.275308609008789 0.13785667717456818 -0.8352270126342773
3.275308609008789 0.13785667717456818 0.6124661564826965
3.275308609008789 0.10401000082492828 0.6124661564826965
3.275308609008789 0.10401000082492828 -0.8352270126342773
3.275308609008789 0.10401000082492828 -0.8352270126342773
3.275308609008789 0.10401000082492828 0.6124661564826965
3.273137092590332 0.07397732138633728 0.61029452085495
3.273137092590332 0.07397732138633728 -0.8330552577972412
3.273137092590332 0.07397732138633728 -0.8330552577972412
3.273137092590332 0.07397732138633728 0.61029452085495
3.2680857181549072 0.038357801735401154 0.6052428483963013
3.268085241317749 0.038357801735401154 -0.8280036449432373
3.268085241317749 0.038357801735401154 -0.8280036449432373
3.2680857181549072 0.038357801735401154 0.6052428483963013
3.256619453430176 -0.009390211664140224 0.5937769412994385
3.256619453430176 -0.009390211664140224 -0.8165374994277954
3.256619453430176 -0.009390211664140224 -0.8165374994277954
3.256619453430176 -0.009390211664140224 0.5937769412994385
3.2453370094299316 -0.044055379927158356 0.5824943780899048
3.2453370094299316 -0.044055379927158356 -0.8052550554275513
3.2453370094299316 -0.044055379927158356 -0.8052550554275513
3.2453370094299316 -0.044055379927158356 0.5824943780899048
3.22660231590271 -0.08537899702787399 0.5637598633766174
3.22660231590271 -0.08537899702787399 -0.7865204215049744
3.22660231590271 -0.08537899702787399 -0.7865204215049744
3.22660231590271 -0.08537899702787399 0.5637598633766174
3.1989214420318604 -0.12935175001621246 0.5360790491104126
3.1989214420318604 -0.12935175001621246 -0.7588396668434143
3.1989214420318604 -0.12935175001621246 -0.7588396668434143
3.1989214420318604 -0.12935175001621246 0.5360790491104126
3.16072154045105 -0.17080296576023102 0.49787890911102295
3.16072154045105 -0.17080296576023102 -0.7206394672393799
3.16072154045105 -0.17080296576023102 -0.7206394672393799
3.16072154045105 -0.17080296576023102 0.49787890911102295
3.108325242996216 -0.2103053480386734 0.4454825818538666
3.108325242996216 -0.2103053480386734 -0.6682432293891907
3.108325242996216 -0.2103053480386734 -0.6682432293891907
3.108325242996216 -0.2103053480386734 0.4454825818538666
3.0537524223327637 -0.23521165549755096 0.39090999960899353
3.0537524223327637 -0.23521165549755096 -0.6136706471443176
3.0537524223327637 -0.23521165549755096 -0.6136706471443176
3.0537524223327637 -0.23521165549755096 0.39090999960899353
3.002016544342041 -0.24921420216560364 0.3391740024089813
3.002016544342041 -0.24921420216560364 -0.561934769153595
2.175157070159912 0.5641211867332458 -0.48768532276153564
2.927767038345337 0.5641211867332458 -0.48768532276153564
3.0086727142333984 0.5426536798477173 -0.5685908198356628
2.0942516326904297 0.5426536798477173 -0.5685908198356628
2.0942516326904297 0.5426536798477173 -0.5685908198356628
3.0086727142333984 0.5426536798477173 -0.5685908198356628
3.045001268386841 0.5252829790115356 -0.60491943359375
2.0579230785369873 0.5252829790115356 -0.6049193143844604
2.0579230785369873 0.5252829790115356 -0.6049193143844604
3.045001268386841 0.5252829790115356 -0.60491943359375
3.0815231800079346 0.5010753273963928 -0.6414411664009094
2.0214014053344727 0.5010753273963928 -0.6414412260055542
2.0214014053344727 0.5010753273963928 -0.6414412260055542
3.0815231800079346 0.5010753273963928 -0.6414411664009094
3.117037057876587 0.47292450070381165 -0.6769551634788513
1.9858871698379517 0.47292450070381165 -0.6769550442695618
1.9858871698379517 0.47292450070381165 -0.6769550442695618
3.117037057876587 0.47292450070381165 -0.6769551634788513
3.1571929454803467 0.43270382285118103 -0.7171109318733215
1.945731520652771 0.43270382285118103 -0.7171109318733215
1.945731520652771 0.43270382285118103 -0.7171109318733215
3.1571929454803467 0.43270382285118103 -0.7171109318733215
3.1880850791931152 0.3965359330177307 -0.7480033040046692
1.914839267730713 0.3965359330177307 -0.7480030655860901
1.914839267730713 0.3965359330177307 -0.7480030655860901
3.1880850791931152 0.3965359330177307 -0.7480033040046692
3.209730386734009 0.36566510796546936 -0.7696483731269836
1.8931940793991089 0.36566510796546936 -0.7696483731269836
1.8931940793991089 0.36566510796546936 -0.7696483731269836
3.209730386734009 0.36566510796546936 -0.7696483731269836
3.2301366329193115 0.33214089274406433 -0.7900547385215759
1.8727877140045166 0.33214089274406433 -0.7900547981262207
1.8727877140045166 0.33214089274406433 -0.7900547981262207
3.2301366329193115 0.33214089274406433 -0.7900547385215759
3.246424913406372 0.30012303590774536 -0.8063430190086365
1.8564995527267456 0.30012303590774536 -0.8063429594039917
1.8564995527267456 0.30012303590774536 -0.8063429594039917
3.246424913406372 0.30012303590774536 -0.8063430190086365
3.259629249572754 0.2605222165584564 -0.819547176361084
1.8432952165603638 0.2605222165584564 -0.819547176361084
1.8432952165603638 0.2605222165584564 -0.819547176361084
3.259629249572754 0.2605222165584564 -0.819547176361084
3.268126964569092 0.2245694398880005 -0.8280452489852905
1.8347972631454468 0.2245694398880005 -0.8280451893806458
1.8347972631454468 0.2245694398880005 -0.8280451893806458
3.268126964569092 0.2245694398880005 -0.8280452489852905
3.2731435298919678 0.17928674817085266 -0.8330618143081665
1.8297808170318604 0.17928674817085266 -0.8330617547035217
1.8297808170318604 0.17928674817085266 -0.8330617547035217
3.2731435298919678 0.17928674817085266 -0.8330618143081665
3.275308609008789 0.13785667717456818 -0.8352270126342773
1.82761549949646 0.13785667717456818 -0.8352267742156982
1.82761549949646 0.13785667717456818 -0.8352267742156982
3.275308609008789 0.13785667717456818 -0.8352270126342773
3.275308609008789 0.10401000082492828 -0.8352270126342773
1.82761549949646 0.10401000082492828 -0.8352267742156982
1.82761549949646 0.10401000082492828 -0.8352267742156982
3.275308609008789 0.10401000082492828 -0.8352270126342773
3.273137092590332 0.07397732138633728 -0.8330552577972412
1.829787254333496 0.07397732138633728 -0.8330550789833069
1.829787254333496 0.07397732138633728 -0.8330550789833069
3.273137092590332 0.07397732138633728 -0.8330552577972412
3.268085241317749 0.038357801735401154 -0.8280036449432373
1.8348388671875 0.038357801735401154 -0.8280035853385925
1.8348388671875 0.038357801735401154 -0.8280035853385925
3.268085241317749 0.038357801735401154 -0.8280036449432373
3.256619453430176 -0.009390211664140224 -0.8165374994277954
1.8463048934936523 -0.009390211664140224 -0.8165374994277954
1.8463048934936523 -0.009390211664140224 -0.8165374994277954
3.256619453430176 -0.009390211664140224 -0.8165374994277954
3.2453370094299316 -0.044055379927158356 -0.8052550554275513
1.8575873374938965 -0.044055379927158356 -0.8052549958229065
1.8575873374938965 -0.044055379927158356 -0.8052549958229065
3.2453370094299316 -0.044055379927158356 -0.8052550554275513
3.22660231590271 -0.08537899702787399 -0.7865204215049744
1.8763221502304077 -0.08537899702787399 -0.7865204215049744
1.8763221502304077 -0.08537899702787399 -0.7865204215049744
3.22660231590271 -0.08537899702787399 -0.7865204215049744
3.1989214420318604 -0.12935175001621246 -0.7588396668434143
1.9040029048919678 -0.12935175001621246 -0.7588396668434143
1.9040029048919678 -0.12935175001621246 -0.7588396668434143
3.1989214420318604 -0.12935175001621246 -0.7588396668434143
3.16072154045105 -0.17080296576023102 -0.7206394672393799
1.9422029256820679 -0.17080296576023102 -0.7206394672393799
1.9422029256820679 -0.17080296576023102 -0.7206394672393799
3.16072154045105 -0.17080296576023102 -0.7206394672393799
3.108325242996216 -0.2103053480386734 -0.6682432293891907
1.9945992231369019 -0.2103053480386734 -0.6682432293891907
1.9945992231369019 -0.2103053480386734 -0.6682432293891907
3.108325242996216 -0.2103053480386734 -0.6682432293891907
3.0537524223327637 -0.23521165549755096 -0.6136706471443176
2.0491719245910645 -0.23521165549755096 -0.6136706471443176
2.0491719245910645 -0.23521165549755096 -0.6136706471443176
3.0537524223327637 -0.23521165549755096 -0.6136706471443176
3.002016544342041 -0.24921420216560364 -0.561934769153595
2.100907802581787 -0.24921420216560364 -0.5619345903396606
2.99721360206604 -0.27650386095046997 0.3302513659000397
2.7542552947998047 -0.27631253004074097 0.33095547556877136
2.7527241706848145 -0.27630919218063354 0.2993294894695282
2.7530417442321777 -0.27630510926246643 0.2830154299736023
2.7539455890655518 -0.27630510926246643 0.2755397856235504
2.7561304569244385 -0.27630510926246643 0.2669145464897156
2.76155161857605 -0.27630510926246643 0.2527872920036316
2.7707877159118652 -0.27630510926246643 0.24050404131412506
2.7850420475006104 -0.2763051688671112 0.22952476143836975
2.8050119876861572 -0.2763051688671112 0.2206338346004486
2.8291380405426025 -0.2763051688671112 0.21539726853370667
2.8590636253356934 -0.27626729011535645 0.21444480121135712
2.8732316493988037 -0.2762901186943054 0.2138257920742035
2.8855957984924316 -0.2763105630874634 0.218633770942688
2.99721360206604 -0.27650386095046997 0.3302513659000397
2.8855957984924316 -0.2763105630874634 0.218633770942688
2.8807878494262695 -0.2762901186943054 0.20626959204673767
2.881406784057617 -0.27626729011535645 0.19210171699523926
2.882359266281128 -0.2763051688671112 0.16217602789402008
2.8875961303710938 -0.2763051688671112 0.13804996013641357
2.896486759185791 -0.2763051688671112 0.11807999014854431
2.907466173171997 -0.27630510926246643 0.10382568091154099
2.9197492599487305 -0.27630510926246643 0.09458966553211212
2.9338767528533936 -0.27630510926246643 0.08916843682527542
2.9425017833709717 -0.27630510926246643 0.08698339015245438
2.949977397918701 -0.27630510926246643 0.08607970923185349
2.9662914276123047 -0.27630919218063354 0.08576200902462006
2.997917413711548 -0.27631253004074097 0.08729313313961029
2.8807878494262695 -0.2762901186943054 0.20626959204673767
2.8855957984924316 -0.2763105630874634 0.218633770942688
2.8732316493988037 -0.2762901186943054 0.2138257920742035
2.8732316493988037 -0.2762901186943054 0.2138257920742035
2.8590636253356934 -0.27626729011535645 0.21444480121135712
2.8590636253356934 -0.26348376274108887 0.21444478631019592
2.8732316493988037 -0.2635064721107483 0.2138257920742035
2.8590636253356934 -0.27626729011535645 0.21444480121135712
2.8291380405426025 -0.2763051688671112 0.21539726853370667
2.8291380405426025 -0.263521671295166 0.21539726853370667
2.8590636253356934 -0.26348376274108887 0.21444478631019592
2.8291380405426025 -0.2763051688671112 0.21539726853370667
2.8050119876861572 -0.2763051688671112 0.2206338346004486
2.8050119876861572 -0.263521671295166 0.2206338346004486
2.8291380405426025 -0.263521671295166 0.21539726853370667
2.8050119876861572 -0.2763051688671112 0.2206338346004486
2.7850420475006104 -0.2763051688671112 0.22952476143836975
2.7850420475006104 -0.263521671295166 0.22952476143836975
2.8050119876861572 -0.263521671295166 0.2206338346004486
2.7850420475006104 -0.2763051688671112 0.22952476143836975
2.7707877159118652 -0.27630510926246643 0.24050404131412506
2.7707877159118652 -0.26352161169052124 0.24050404131412506
2.7850420475006104 -0.263521671295166 0.22952476143836975
2.7707877159118652 -0.27630510926246643 0.24050404131412506
2.76155161857605 -0.27630510926246643 0.2527872920036316
2.76155161857605 -0.26352161169052124 0.2527872920036316
2.7707877159118652 -0.26352161169052124 0.24050404131412506
2.76155161857605 -0.27630510926246643 0.2527872920036316
2.7561304569244385 -0.27630510926246643 0.2669145464897156
2.7561304569244385 -0.26352161169052124 0.2669145464897156
2.76155161857605 -0.26352161169052124 0.2527872920036316
2.7561304569244385 -0.27630510926246643 0.2669145464897156
2.7539455890655518 -0.27630510926246643 0.2755397856235504
2.7539455890655518 -0.26352161169052124 0.2755397856235504
2.7561304569244385 -0.26352161169052124 0.2669145464897156
2.7539455890655518 -0.27630510926246643 0.2755397856235504
2.7530417442321777 -0.27630510926246643 0.2830154299736023
2.7530417442321777 -0.26352161169052124 0.2830154299736023
2.7539455890655518 -0.26352161169052124 0.2755397856235504
2.7530417442321777 -0.27630510926246643 0.2830154299736023
2.7527241706848145 -0.27630919218063354 0.2993294894695282
2.7527241706848145 -0.2635256350040436 0.2993294894695282
2.7530417442321777 -0.26352161169052124 0.2830154299736023
2.7527241706848145 -0.27630919218063354 0.2993294894695282
2.7542552947998047 -0.27631253004074097 0.33095547556877136
2.7542552947998047 -0.263528972864151 0.33095547556877136
2.7527241706848145 -0.2635256350040436 0.2993294894695282
2.7542552947998047 -0.27631253004074097 0.33095547556877136
2.99721360206604 -0.27650386095046997 0.3302513659000397
2.99721360206604 -0.2637203633785248 0.33025142550468445
2.7542552947998047 -0.263528972864151 0.33095547556877136
2.99721360206604 -0.27650386095046997 0.3302513659000397
2.997917413711548 -0.27631253004074097 0.08729313313961029
2.997917413711548 -0.263528972864151 0.0872931107878685
2.99721360206604 -0.2637203633785248 0.33025142550468445
2.997917413711548 -0.27631253004074097 0.08729313313961029
2.9662914276123047 -0.27630919218063354 0.08576200902462006
2.9662914276123047 -0.2635256350040436 0.08576198667287827
2.997917413711548 -0.263528972864151 0.0872931107878685
2.9662914276123047 -0.27630919218063354 0.08576200902462006
2.949977397918701 -0.27630510926246643 0.08607970923185349
2.949977397918701 -0.26352161169052124 0.08607970923185349
2.9662914276123047 -0.2635256350040436 0.08576198667287827
2.949977397918701 -0.27630510926246643 0.08607970923185349
2.9425017833709717 -0.27630510926246643 0.08698339015245438
2.9425017833709717 -0.26352161169052124 0.08698339015245438
2.949977397918701 -0.26352161169052124 0.08607970923185349
2.9425017833709717 -0.27630510926246643 0.08698339015245438
2.9338767528533936 -0.27630510926246643 0.08916843682527542
2.9338767528533936 -0.26352161169052124 0.08916843682527542
2.9425017833709717 -0.26352161169052124 0.08698339015245438
2.9338767528533936 -0.27630510926246643 0.08916843682527542
2.9197492599487305 -0.27630510926246643 0.09458966553211212
2.9197492599487305 -0.26352161169052124 0.09458964318037033
2.9338767528533936 -0.26352161169052124 0.08916843682527542
2.9197492599487305 -0.27630510926246643 0.09458966553211212
2.907466173171997 -0.27630510926246643 0.10382568091154099
2.907466173171997 -0.26352161169052124 0.10382568091154099
2.9197492599487305 -0.26352161169052124 0.09458964318037033
2.907466173171997 -0.27630510926246643 0.10382568091154099
2.896486759185791 -0.2763051688671112 0.11807999014854431
2.896486759185791 -0.263521671295166 0.11807999014854431
2.907466173171997 -0.26352161169052124 0.10382568091154099
2.896486759185791 -0.2763051688671112 0.11807999014854431
2.8875961303710938 -0.2763051688671112 0.13804996013641357
2.8875961303710938 -0.263521671295166 0.13804996013641357
2.896486759185791 -0.263521671295166 0.11807999014854431
2.8875961303710938 -0.2763051688671112 0.13804996013641357
2.882359266281128 -0.2763051688671112 0.16217602789402008
2.882359266281128 -0.263521671295166 0.16217602789402008
2.8875961303710938 -0.263521671295166 0.13804996013641357
2.882359266281128 -0.2763051688671112 0.16217602789402008
2.881406784057617 -0.27626729011535645 0.19210171699523926
2.881406784057617 -0.26348376274108887 0.19210171699523926
2.882359266281128 -0.263521671295166 0.16217602789402008
2.881406784057617 -0.27626729011535645 0.19210171699523926
2.8807878494262695 -0.2762901186943054 0.20626959204673767
2.8807878494262695 -0.2635064721107483 0.20626959204673767
2.881406784057617 -0.26348376274108887 0.19210171699523926
2.8807878494262695 -0.2762901186943054 0.20626959204673767
2.8732316493988037 -0.2762901186943054 0.2138257920742035
2.8732316493988037 -0.2635064721107483 0.2138257920742035
2.8807878494262695 -0.2635064721107483 0.20626959204673767
2.113541841506958 -0.27650386095046997 0.33025142550468445
2.2251596450805664 -0.2763105630874634 0.2186337411403656
2.2375235557556152 -0.2762901186943054 0.2138257920742035
2.2516915798187256 -0.27626729011535645 0.21444477140903473
2.2816171646118164 -0.2763051688671112 0.21539729833602905
2.3057432174682617 -0.2763051688671112 0.220633864402771
2.3257131576538086 -0.2763051688671112 0.22952476143836975
2.3399674892425537 -0.27630510926246643 0.24050404131412506
2.349203586578369 -0.27630510926246643 0.252787321805954
2.3546247482299805 -0.27630510926246643 0.26691457629203796
2.3568098545074463 -0.27630510926246643 0.2755397856235504
2.357713460922241 -0.27630510926246643 0.2830154597759247
2.3580312728881836 -0.27630919218063354 0.2993294894695282
2.3565001487731934 -0.27631253004074097 0.33095550537109375
2.113541841506958 -0.27650386095046997 0.33025142550468445
2.11283802986145 -0.27631253004074097 0.08729313313961029
2.1444640159606934 -0.27630919218063354 0.08576204627752304
2.160778045654297 -0.27630510926246643 0.08607970923185349
2.1682536602020264 -0.27630510926246643 0.08698339015245438
2.1768786907196045 -0.27630510926246643 0.08916843682527542
2.1910061836242676 -0.27630510926246643 0.09458966553211212
2.203289270401001 -0.27630510926246643 0.10382568091154099
2.214268684387207 -0.2763051688671112 0.11807999014854431
2.2231593132019043 -0.2763051688671112 0.13804998993873596
2.22839617729187 -0.2763051688671112 0.16217602789402008
2.229348659515381 -0.27626729011535645 0.19210171699523926
2.2299675941467285 -0.2762901186943054 0.20626959204673767
2.2251596450805664 -0.2763105630874634 0.2186337411403656
2.2299675941467285 -0.2762901186943054 0.20626959204673767
2.2375235557556152 -0.2762901186943054 0.2138257920742035
2.2251596450805664 -0.2763105630874634 0.2186337411403656
2.2375235557556152 -0.2762901186943054 0.2138257920742035
2.2375235557556152 -0.2635064721107483 0.2138257920742035
2.2516915798187256 -0.26348376274108887 0.21444477140903473
2.2516915798187256 -0.27626729011535645 0.21444477140903473
2.2516915798187256 -0.27626729011535645 0.21444477140903473
2.2516915798187256 -0.26348376274108887 0.21444477140903473
2.2816171646118164 -0.263521671295166 0.21539729833602905
2.2816171646118164 -0.2763051688671112 0.21539729833602905
2.2816171646118164 -0.2763051688671112 0.21539729833602905
2.2816171646118164 -0.263521671295166 0.21539729833602905
2.3057432174682617 -0.263521671295166 0.220633864402771
2.3057432174682617 -0.2763051688671112 0.220633864402771
2.3057432174682617 -0.2763051688671112 0.220633864402771
2.3057432174682617 -0.263521671295166 0.220633864402771
2.3257131576538086 -0.263521671295166 0.22952476143836975
2.3257131576538086 -0.2763051688671112 0.22952476143836975
2.3257131576538086 -0.2763051688671112 0.22952476143836975
2.3257131576538086 -0.263521671295166 0.22952476143836975
2.3399674892425537 -0.26352161169052124 0.24050404131412506
2.3399674892425537 -0.27630510926246643 0.24050404131412506
2.3399674892425537 -0.27630510926246643 0.24050404131412506
2.3399674892425537 -0.26352161169052124 0.24050404131412506
2.349203586578369 -0.26352161169052124 0.252787321805954
2.349203586578369 -0.27630510926246643 0.252787321805954
2.349203586578369 -0.27630510926246643 0.252787321805954
2.349203586578369 -0.26352161169052124 0.252787321805954
2.3546247482299805 -0.26352161169052124 0.26691457629203796
2.3546247482299805 -0.27630510926246643 0.26691457629203796
2.3546247482299805 -0.27630510926246643 0.26691457629203796
2.3546247482299805 -0.26352161169052124 0.26691457629203796
2.3568098545074463 -0.26352161169052124 0.2755397856235504
2.3568098545074463 -0.27630510926246643 0.2755397856235504
2.3568098545074463 -0.27630510926246643 0.2755397856235504
2.3568098545074463 -0.26352161169052124 0.2755397856235504
2.357713460922241 -0.26352161169052124 0.2830154597759247
2.357713460922241 -0.27630510926246643 0.2830154597759247
2.357713460922241 -0.27630510926246643 0.2830154597759247
2.357713460922241 -0.26352161169052124 0.2830154597759247
2.3580312728881836 -0.2635256350040436 0.2993294298648834
2.3580312728881836 -0.27630919218063354 0.2993294894695282
2.3580312728881836 -0.27630919218063354 0.2993294894695282
2.3580312728881836 -0.2635256350040436 0.2993294298648834
2.3565001487731934 -0.263528972864151 0.33095550537109375
2.3565001487731934 -0.27631253004074097 0.33095550537109375
2.3565001487731934 -0.27631253004074097 0.33095550537109375
2.3565001487731934 -0.263528972864151 0.33095550537109375
2.113541841506958 -0.2637203633785248 0.33025142550468445
2.113541841506958 -0.27650386095046997 0.33025142550468445
2.113541841506958 -0.27650386095046997 0.33025142550468445
2.113541841506958 -0.2637203633785248 0.33025142550468445
2.11283802986145 -0.263528972864151 0.0872931107878685
2.11283802986145 -0.27631253004074097 0.08729313313961029
2.11283802986145 -0.27631253004074097 0.08729313313961029
2.11283802986145 -0.263528972864151 0.0872931107878685
2.1444640159606934 -0.2635256350040436 0.08576203137636185
2.1444640159606934 -0.27630919218063354 0.08576204627752304
2.1444640159606934 -0.27630919218063354 0.08576204627752304
2.1444640159606934 -0.2635256350040436 0.08576203137636185
2.160778045654297 -0.26352161169052124 0.08607970923185349
2.160778045654297 -0.27630510926246643 0.08607970923185349
2.160778045654297 -0.27630510926246643 0.08607970923185349
2.160778045654297 -0.26352161169052124 0.08607970923185349
2.1682536602020264 -0.26352161169052124 0.08698339015245438
2.1682536602020264 -0.27630510926246643 0.08698339015245438
2.1682536602020264 -0.27630510926246643 0.08698339015245438
2.1682536602020264 -0.26352161169052124 0.08698339015245438
2.1768786907196045 -0.26352161169052124 0.08916843682527542
2.1768786907196045 -0.27630510926246643 0.08916843682527542
2.1768786907196045 -0.27630510926246643 0.08916843682527542
2.1768786907196045 -0.26352161169052124 0.08916843682527542
2.1910061836242676 -0.26352161169052124 0.09458964318037033
2.1910061836242676 -0.27630510926246643 0.09458966553211212
2.1910061836242676 -0.27630510926246643 0.09458966553211212
2.1910061836242676 -0.26352161169052124 0.09458964318037033
2.203289270401001 -0.26352161169052124 0.10382568091154099
2.203289270401001 -0.27630510926246643 0.10382568091154099
2.203289270401001 -0.27630510926246643 0.10382568091154099
2.203289270401001 -0.26352161169052124 0.10382568091154099
2.214268684387207 -0.263521671295166 0.11807999014854431
2.214268684387207 -0.2763051688671112 0.11807999014854431
2.214268684387207 -0.2763051688671112 0.11807999014854431
2.214268684387207 -0.263521671295166 0.11807999014854431
2.2231593132019043 -0.263521671295166 0.13804998993873596
2.2231593132019043 -0.2763051688671112 0.13804998993873596
2.2231593132019043 -0.2763051688671112 0.13804998993873596
2.2231593132019043 -0.263521671295166 0.13804998993873596
2.22839617729187 -0.263521671295166 0.16217602789402008
2.22839617729187 -0.2763051688671112 0.16217602789402008
2.22839617729187 -0.2763051688671112 0.16217602789402008
2.22839617729187 -0.263521671295166 0.16217602789402008
2.229348659515381 -0.26348376274108887 0.19210167229175568
2.229348659515381 -0.27626729011535645 0.19210171699523926
2.229348659515381 -0.27626729011535645 0.19210171699523926
2.229348659515381 -0.26348376274108887 0.19210167229175568
2.2299675941467285 -0.2635064721107483 0.20626959204673767
2.2299675941467285 -0.2762901186943054 0.20626959204673767
2.2299675941467285 -0.2762901186943054 0.20626959204673767
2.2299675941467285 -0.2635064721107483 0.20626959204673767
2.2375235557556152 -0.2635064721107483 0.2138257920742035
2.2375235557556152 -0.2762901186943054 0.2138257920742035
2.997213363647461 -0.27650386095046997 -0.5563317537307739
2.8855957984924316 -0.2763105630874634 -0.44471412897109985
2.8732316493988037 -0.2762901186943054 -0.43990617990493774
2.8590636253356934 -0.27626729011535645 -0.4405251443386078
2.8291380405426025 -0.2763051688671112 -0.4414776563644409
2.8050119876861572 -0.2763051688671112 -0.44671428203582764
2.7850420475006104 -0.2763051688671112 -0.4556051194667816
2.7707877159118652 -0.27630510926246643 -0.46658438444137573
2.76155161857605 -0.27630510926246643 -0.47886767983436584
2.7561304569244385 -0.27630510926246643 -0.4929949939250946
2.7539455890655518 -0.27630510926246643 -0.5016201734542847
2.7530417442321777 -0.27630510926246643 -0.5090957880020142
2.7527241706848145 -0.27630919218063354 -0.5254098176956177
2.7542552947998047 -0.27631253004074097 -0.5570358633995056
2.997213363647461 -0.27650386095046997 -0.5563317537307739
2.997917413711548 -0.27631253004074097 -0.31337347626686096
2.9662914276123047 -0.27630919218063354 -0.3118424117565155
2.949977397918701 -0.27630510926246643 -0.31216007471084595
2.9425017833709717 -0.27630510926246643 -0.31306371092796326
2.9338767528533936 -0.27630510926246643 -0.3152488172054291
2.9197492599487305 -0.27630510926246643 -0.320669949054718
2.907466173171997 -0.27630510926246643 -0.32990604639053345
2.896486759185791 -0.2763051688671112 -0.34416037797927856
2.8875956535339355 -0.2763051688671112 -0.3641303479671478
2.882359266281128 -0.2763051688671112 -0.38825637102127075
2.881406784057617 -0.27626729011535645 -0.41818204522132874
2.8807878494262695 -0.2762901186943054 -0.4323499798774719
2.8855957984924316 -0.2763105630874634 -0.44471412897109985
2.8807878494262695 -0.2762901186943054 -0.4323499798774719
2.8732316493988037 -0.2762901186943054 -0.43990617990493774
2.8855957984924316 -0.2763105630874634 -0.44471412897109985
2.8732316493988037 -0.2762901186943054 -0.43990617990493774
2.8732316493988037 -0.2635064721107483 -0.43990617990493774
2.8590636253356934 -0.26348376274108887 -0.4405251443386078
2.8590636253356934 -0.27626729011535645 -0.4405251443386078
2.8590636253356934 -0.27626729011535645 -0.4405251443386078
2.8590636253356934 -0.26348376274108887 -0.4405251443386078
2.8291380405426025 -0.263521671295166 -0.4414776563644409
2.8291380405426025 -0.2763051688671112 -0.4414776563644409
2.8291380405426025 -0.2763051688671112 -0.4414776563644409
2.8291380405426025 -0.263521671295166 -0.4414776563644409
2.8050119876861572 -0.263521671295166 -0.44671428203582764
2.8050119876861572 -0.2763051688671112 -0.44671428203582764
2.8050119876861572 -0.2763051688671112 -0.44671428203582764
2.8050119876861572 -0.263521671295166 -0.44671428203582764
2.7850420475006104 -0.263521671295166 -0.4556051194667816
2.7850420475006104 -0.2763051688671112 -0.4556051194667816
2.7850420475006104 -0.2763051688671112 -0.4556051194667816
2.7850420475006104 -0.263521671295166 -0.4556051194667816
2.7707877159118652 -0.26352161169052124 -0.46658438444137573
2.7707877159118652 -0.27630510926246643 -0.46658438444137573
2.7707877159118652 -0.27630510926246643 -0.46658438444137573
2.7707877159118652 -0.26352161169052124 -0.46658438444137573
2.76155161857605 -0.26352161169052124 -0.47886767983436584
2.76155161857605 -0.27630510926246643 -0.47886767983436584
2.76155161857605 -0.27630510926246643 -0.47886767983436584
2.76155161857605 -0.26352161169052124 -0.47886767983436584
2.7561304569244385 -0.26352161169052124 -0.4929949939250946
2.7561304569244385 -0.27630510926246643 -0.4929949939250946
2.7561304569244385 -0.27630510926246643 -0.4929949939250946
2.7561304569244385 -0.26352161169052124 -0.4929949939250946
2.7539455890655518 -0.26352161169052124 -0.5016201734542847
2.7539455890655518 -0.27630510926246643 -0.5016201734542847
2.7539455890655518 -0.27630510926246643 -0.5016201734542847
2.7539455890655518 -0.26352161169052124 -0.5016201734542847
2.7530417442321777 -0.26352161169052124 -0.5090957880020142
2.7530417442321777 -0.27630510926246643 -0.5090957880020142
2.7530417442321777 -0.27630510926246643 -0.5090957880020142
2.7530417442321777 -0.26352161169052124 -0.5090957880020142
2.7527241706848145 -0.2635256350040436 -0.5254098176956177
2.7527241706848145 -0.27630919218063354 -0.5254098176956177
2.7527241706848145 -0.27630919218063354 -0.5254098176956177
2.7527241706848145 -0.2635256350040436 -0.5254098176956177
2.7542552947998047 -0.263528972864151 -0.5570358633995056
2.7542552947998047 -0.27631253004074097 -0.5570358633995056
2.7542552947998047 -0.27631253004074097 -0.5570358633995056
2.7542552947998047 -0.263528972864151 -0.5570358633995056
2.997213363647461 -0.2637203633785248 -0.5563317537307739
2.997213363647461 -0.27650386095046997 -0.5563317537307739
2.997213363647461 -0.27650386095046997 -0.5563317537307739
2.997213363647461 -0.2637203633785248 -0.5563317537307739
2.997917413711548 -0.263528972864151 -0.31337347626686096
2.997917413711548 -0.27631253004074097 -0.31337347626686096
2.997917413711548 -0.27631253004074097 -0.31337347626686096
2.997917413711548 -0.263528972864151 -0.31337347626686096
2.9662914276123047 -0.2635256350040436 -0.3118424117565155
2.9662914276123047 -0.27630919218063354 -0.3118424117565155
2.9662914276123047 -0.27630919218063354 -0.3118424117565155
2.9662914276123047 -0.2635256350040436 -0.3118424117565155
2.949977397918701 -0.26352161169052124 -0.31216007471084595
2.949977397918701 -0.27630510926246643 -0.31216007471084595
2.949977397918701 -0.27630510926246643 -0.31216007471084595
2.949977397918701 -0.26352161169052124 -0.31216007471084595
2.9425017833709717 -0.26352161169052124 -0.31306371092796326
2.9425017833709717 -0.27630510926246643 -0.31306371092796326
2.9425017833709717 -0.27630510926246643 -0.31306371092796326
2.9425017833709717 -0.26352161169052124 -0.31306371092796326
2.9338767528533936 -0.26352161169052124 -0.3152488172054291
2.9338767528533936 -0.27630510926246643 -0.3152488172054291
2.9338767528533936 -0.27630510926246643 -0.3152488172054291
2.9338767528533936 -0.26352161169052124 -0.3152488172054291
2.9197492599487305 -0.26352161169052124 -0.320669949054718
2.9197492599487305 -0.27630510926246643 -0.320669949054718
2.9197492599487305 -0.27630510926246643 -0.320669949054718
2.9197492599487305 -0.26352161169052124 -0.320669949054718
2.907466173171997 -0.26352161169052124 -0.32990604639053345
2.907466173171997 -0.27630510926246643 -0.32990604639053345
2.907466173171997 -0.27630510926246643 -0.32990604639053345
2.907466173171997 -0.26352161169052124 -0.32990604639053345
2.896486759185791 -0.263521671295166 -0.34416037797927856
2.896486759185791 -0.2763051688671112 -0.34416037797927856
2.896486759185791 -0.2763051688671112 -0.34416037797927856
2.896486759185791 -0.263521671295166 -0.34416037797927856
2.8875956535339355 -0.263521671295166 -0.3641303479671478
2.8875956535339355 -0.2763051688671112 -0.3641303479671478
2.8875956535339355 -0.2763051688671112 -0.3641303479671478
2.8875956535339355 -0.263521671295166 -0.3641303479671478
2.882359266281128 -0.263521671295166 -0.38825637102127075
2.882359266281128 -0.2763051688671112 -0.38825637102127075
2.882359266281128 -0.2763051688671112 -0.38825637102127075
2.882359266281128 -0.263521671295166 -0.38825637102127075
2.881406784057617 -0.26348376274108887 -0.41818204522132874
2.881406784057617 -0.27626729011535645 -0.41818204522132874
2.881406784057617 -0.27626729011535645 -0.41818204522132874
2.881406784057617 -0.26348376274108887 -0.41818204522132874
2.8807878494262695 -0.2635064721107483 -0.4323499798774719
2.8807878494262695 -0.2762901186943054 -0.4323499798774719
2.8807878494262695 -0.2762901186943054 -0.4323499798774719
2.8807878494262695 -0.2635064721107483 -0.4323499798774719
2.8732316493988037 -0.2635064721107483 -0.43990617990493774
2.8732316493988037 -0.2762901186943054 -0.43990617990493774
2.113541841506958 -0.27650386095046997 -0.5563317537307739
2.3565001487731934 -0.27631253004074097 -0.5570358633995056
2.3580312728881836 -0.27630919218063354 -0.5254098176956177
2.357713460922241 -0.27630510926246643 -0.5090957283973694
2.3568098545074463 -0.27630510926246643 -0.5016201734542847
2.3546247482299805 -0.27630510926246643 -0.4929949939250946
2.349203586578369 -0.27630510926246643 -0.47886762022972107
2.3399674892425537 -0.27630510926246643 -0.46658438444137573
2.3257131576538086 -0.2763051688671112 -0.4556051194667816
2.3057432174682617 -0.2763051688671112 -0.44671428203582764
2.2816171646118164 -0.2763051688671112 -0.4414776563644409
2.2516915798187256 -0.27626729011535645 -0.4405251741409302
2.2375235557556152 -0.2762901186943054 -0.43990617990493774
2.2251596450805664 -0.2763105630874634 -0.44471415877342224
2.113541841506958 -0.27650386095046997 -0.5563317537307739
2.2251596450805664 -0.2763105630874634 -0.44471415877342224
2.2299675941467285 -0.2762901186943054 -0.4323499798774719
2.229348659515381 -0.27626729011535645 -0.41818204522132874
2.22839617729187 -0.2763051688671112 -0.38825640082359314
2.2231593132019043 -0.2763051688671112 -0.36413031816482544
2.214268684387207 -0.2763051688671112 -0.34416037797927856
2.203289270401001 -0.27630510926246643 -0.32990604639053345
2.1910061836242676 -0.27630510926246643 -0.320669949054718
2.1768786907196045 -0.27630510926246643 -0.3152488172054291
2.1682534217834473 -0.27630510926246643 -0.31306374073028564
2.160778045654297 -0.27630510926246643 -0.31216007471084595
2.1444640159606934 -0.27630919218063354 -0.3118423819541931
2.11283802986145 -0.27631253004074097 -0.31337347626686096
2.2299675941467285 -0.2762901186943054 -0.4323499798774719
2.2251596450805664 -0.2763105630874634 -0.44471415877342224
2.2375235557556152 -0.2762901186943054 -0.43990617990493774
2.2375235557556152 -0.2762901186943054 -0.43990617990493774
2.2516915798187256 -0.27626729011535645 -0.4405251741409302
2.2516915798187256 -0.26348376274108887 -0.4405251741409302
2.2375235557556152 -0.2635064721107483 -0.43990617990493774
2.2516915798187256 -0.27626729011535645 -0.4405251741409302
2.2816171646118164 -0.2763051688671112 -0.4414776563644409
2.2816171646118164 -0.263521671295166 -0.4414776563644409
2.2516915798187256 -0.26348376274108887 -0.4405251741409302
2.2816171646118164 -0.2763051688671112 -0.4414776563644409
2.3057432174682617 -0.2763051688671112 -0.44671428203582764
2.3057432174682617 -0.263521671295166 -0.44671428203582764
2.2816171646118164 -0.263521671295166 -0.4414776563644409
2.3057432174682617 -0.2763051688671112 -0.44671428203582764
2.3257131576538086 -0.2763051688671112 -0.4556051194667816
2.3257131576538086 -0.263521671295166 -0.4556051194667816
2.3057432174682617 -0.263521671295166 -0.44671428203582764
2.3257131576538086 -0.2763051688671112 -0.4556051194667816
2.3399674892425537 -0.27630510926246643 -0.46658438444137573
2.3399674892425537 -0.26352161169052124 -0.46658438444137573
2.3257131576538086 -0.263521671295166 -0.4556051194667816
2.3399674892425537 -0.27630510926246643 -0.46658438444137573
2.349203586578369 -0.27630510926246643 -0.47886762022972107
2.349203586578369 -0.26352161169052124 -0.47886762022972107
2.3399674892425537 -0.26352161169052124 -0.46658438444137573
2.349203586578369 -0.27630510926246643 -0.47886762022972107
2.3546247482299805 -0.27630510926246643 -0.4929949939250946
2.3546247482299805 -0.26352161169052124 -0.4929949939250946
2.349203586578369 -0.26352161169052124 -0.47886762022972107
2.3546247482299805 -0.27630510926246643 -0.4929949939250946
2.3568098545074463 -0.27630510926246643 -0.5016201734542847
2.3568098545074463 -0.26352161169052124 -0.5016201734542847
2.3546247482299805 -0.26352161169052124 -0.4929949939250946
2.3568098545074463 -0.27630510926246643 -0.5016201734542847
2.357713460922241 -0.27630510926246643 -0.5090957283973694
2.357713460922241 -0.26352161169052124 -0.5090957283973694
2.3568098545074463 -0.26352161169052124 -0.5016201734542847
2.357713460922241 -0.27630510926246643 -0.5090957283973694
2.3580312728881836 -0.27630919218063354 -0.5254098176956177
2.3580312728881836 -0.2635256350040436 -0.5254098176956177
2.357713460922241 -0.26352161169052124 -0.5090957283973694
2.3580312728881836 -0.27630919218063354 -0.5254098176956177
2.3565001487731934 -0.27631253004074097 -0.5570358633995056
2.3565001487731934 -0.263528972864151 -0.5570358633995056
2.3580312728881836 -0.2635256350040436 -0.5254098176956177
2.3565001487731934 -0.27631253004074097 -0.5570358633995056
2.113541841506958 -0.27650386095046997 -0.5563317537307739
2.113541841506958 -0.2637203633785248 -0.5563317537307739
2.3565001487731934 -0.263528972864151 -0.5570358633995056
2.113541841506958 -0.27650386095046997 -0.5563317537307739
2.11283802986145 -0.27631253004074097 -0.31337347626686096
2.11283802986145 -0.263528972864151 -0.31337347626686096
2.113541841506958 -0.2637203633785248 -0.5563317537307739
2.11283802986145 -0.27631253004074097 -0.31337347626686096
2.1444640159606934 -0.27630919218063354 -0.3118423819541931
2.1444640159606934 -0.2635256350040436 -0.3118423819541931
2.11283802986145 -0.263528972864151 -0.31337347626686096
2.1444640159606934 -0.27630919218063354 -0.3118423819541931
2.160778045654297 -0.27630510926246643 -0.31216007471084595
2.160778045654297 -0.26352161169052124 -0.31216007471084595
2.1444640159606934 -0.2635256350040436 -0.3118423819541931
2.160778045654297 -0.27630510926246643 -0.31216007471084595
2.1682534217834473 -0.27630510926246643 -0.31306374073028564
2.1682534217834473 -0.26352161169052124 -0.31306374073028564
2.160778045654297 -0.26352161169052124 -0.31216007471084595
2.1682534217834473 -0.27630510926246643 -0.31306374073028564
2.1768786907196045 -0.27630510926246643 -0.3152488172054291
2.1768786907196045 -0.26352161169052124 -0.3152488172054291
2.1682534217834473 -0.26352161169052124 -0.31306374073028564
2.1768786907196045 -0.27630510926246643 -0.3152488172054291
2.1910061836242676 -0.27630510926246643 -0.320669949054718
2.1910061836242676 -0.26352161169052124 -0.320669949054718
2.1768786907196045 -0.26352161169052124 -0.3152488172054291
2.1910061836242676 -0.27630510926246643 -0.320669949054718
2.203289270401001 -0.27630510926246643 -0.32990604639053345
2.203289270401001 -0.26352161169052124 -0.32990604639053345
2.1910061836242676 -0.26352161169052124 -0.320669949054718
2.203289270401001 -0.27630510926246643 -0.32990604639053345
2.214268684387207 -0.2763051688671112 -0.34416037797927856
2.214268684387207 -0.263521671295166 -0.34416037797927856
2.203289270401001 -0.26352161169052124 -0.32990604639053345
2.214268684387207 -0.2763051688671112 -0.34416037797927856
2.2231593132019043 -0.2763051688671112 -0.36413031816482544
2.2231593132019043 -0.263521671295166 -0.36413031816482544
2.214268684387207 -0.263521671295166 -0.34416037797927856
2.2231593132019043 -0.2763051688671112 -0.36413031816482544
2.22839617729187 -0.2763051688671112 -0.38825640082359314
2.22839617729187 -0.263521671295166 -0.38825640082359314
2.2231593132019043 -0.263521671295166 -0.36413031816482544
2.22839617729187 -0.2763051688671112 -0.38825640082359314
2.229348659515381 -0.27626729011535645 -0.41818204522132874
2.229348659515381 -0.26348376274108887 -0.41818204522132874
2.22839617729187 -0.263521671295166 -0.38825640082359314
2.229348659515381 -0.27626729011535645 -0.41818204522132874
2.2299675941467285 -0.2762901186943054 -0.4323499798774719
2.2299675941467285 -0.2635064721107483 -0.4323499798774719
2.229348659515381 -0.26348376274108887 -0.41818204522132874
2.2299675941467285 -0.2762901186943054 -0.4323499798774719
2.2375235557556152 -0.2762901186943054 -0.43990617990493774
2.2375235557556152 -0.2635064721107483 -0.43990617990493774
2.2299675941467285 -0.2635064721107483 -0.4323499798774719
2.100907802581787 -0.24921420216560364 0.33917391300201416
2.100907802581787 -0.24921420216560364 -0.5619346499443054
2.100907802581787 -0.25668466091156006 -0.5619346499443054
2.100907802581787 -0.26415520906448364 -0.561934769153595
2.100907802581787 -0.26415520906448364 0.33917391300201416
2.100907802581787 -0.25668466091156006 0.33917391300201416
3.002016544342041 -0.24921420216560364 -0.5619346499443054
3.002016544342041 -0.24921420216560364 0.3391740918159485
3.002016544342041 -0.25668466091156006 0.3391740024089813
3.002016544342041 -0.26415520906448364 0.3391740024089813
3.002016544342041 -0.26415517926216125 -0.5619346499443054
3.002016544342041 -0.25668466091156006 -0.5619346499443054
2.100907802581787 -0.26415520906448364 -0.561934769153595
2.551462173461914 -0.26415517926216125 -0.5619346499443054
3.002016544342041 -0.26415517926216125 -0.5619346499443054
3.002016544342041 -0.26415520906448364 0.3391740024089813
2.551462173461914 -0.26415520906448364 0.3391740024089813
2.100907802581787 -0.26415520906448364 0.33917391300201416
2.551462173461914 -0.24921420216560364 0.3391740024089813
2.100907802581787 -0.24921420216560364 0.33917391300201416
2.100907802581787 -0.25668466091156006 0.33917391300201416
2.551462173461914 -0.25668466091156006 0.3391740024089813
2.100907802581787 -0.25668466091156006 0.33917391300201416
2.100907802581787 -0.26415520906448364 0.33917391300201416
2.551462173461914 -0.26415520906448364 0.3391740024089813
2.551462173461914 -0.25668466091156006 0.3391740024089813
2.551462173461914 -0.26415520906448364 0.3391740024089813
3.002016544342041 -0.26415520906448364 0.3391740024089813
3.002016544342041 -0.25668466091156006 0.3391740024089813
2.551462173461914 -0.25668466091156006 0.3391740024089813
3.002016544342041 -0.25668466091156006 0.3391740024089813
3.002016544342041 -0.24921420216560364 0.3391740918159485
2.551462173461914 -0.24921420216560364 0.3391740024089813
2.551462173461914 -0.25668466091156006 0.3391740024089813
2.551462173461914 -0.24921420216560364 -0.5619346499443054
3.002016544342041 -0.24921420216560364 -0.5619346499443054
3.002016544342041 -0.25668466091156006 -0.5619346499443054
2.551462173461914 -0.25668466091156006 -0.5619346499443054
3.002016544342041 -0.26415517926216125 -0.5619346499443054
2.551462173461914 -0.26415517926216125 -0.5619346499443054
2.551462173461914 -0.26415517926216125 -0.5619346499443054
2.100907802581787 -0.26415520906448364 -0.561934769153595
2.100907802581787 -0.25668466091156006 -0.5619346499443054
2.551462173461914 -0.25668466091156006 -0.5619346499443054
2.100907802581787 -0.25668466091156006 -0.5619346499443054
2.100907802581787 -0.24921420216560364 -0.5619346499443054
2.551462173461914 -0.24921420216560364 -0.5619346499443054
2.551462173461914 -0.25668466091156006 -0.5619346499443054
2.175157308578491 0.5641211867332458 -0.48768532276153564
2.175157070159912 0.5641211867332458 0.264924556016922
2.1796727180480957 0.6149163246154785 0.26040881872177124
2.179672956466675 0.6149163246154785 -0.4831697642803192
2.175157070159912 0.5641211867332458 0.264924556016922
2.927767038345337 0.5641211867332458 0.26492467522621155
2.9232516288757324 0.6149163246154785 0.2604089677333832
2.1796727180480957 0.6149163246154785 0.26040881872177124
2.927767038345337 0.5641211867332458 0.26492467522621155
2.927767038345337 0.5641211867332458 -0.4876852333545685
2.9232516288757324 0.6149163246154785 -0.4831696152687073
2.9232516288757324 0.6149163246154785 0.2604089677333832
2.927767038345337 0.5641211867332458 -0.4876852333545685
2.175157308578491 0.5641211867332458 -0.48768532276153564
2.179672956466675 0.6149163246154785 -0.4831697642803192
2.9232516288757324 0.6149163246154785 -0.4831696152687073
2.179672956466675 0.6149163246154785 -0.4831697642803192
2.1796727180480957 0.6149163246154785 0.26040881872177124
2.275073528289795 0.6149163246154785 0.16500821709632874
2.275073528289795 0.6149162650108337 -0.38776910305023193
2.1796727180480957 0.6149163246154785 0.26040881872177124
2.9232516288757324 0.6149163246154785 0.2604089677333832
2.827850818634033 0.6149163246154785 0.1650083214044571
2.275073528289795 0.6149163246154785 0.16500821709632874
2.9232516288757324 0.6149163246154785 0.2604089677333832
2.9232516288757324 0.6149163246154785 -0.4831696152687073
2.827850818634033 0.6149162650108337 -0.3877689838409424
2.827850818634033 0.6149163246154785 0.1650083214044571
2.9232516288757324 0.6149163246154785 -0.4831696152687073
2.179672956466675 0.6149163246154785 -0.4831697642803192
2.275073528289795 0.6149162650108337 -0.38776910305023193
2.827850818634033 0.6149162650108337 -0.3877689838409424
2.275073528289795 0.6149162650108337 -0.38776910305023193
2.275073528289795 0.6149163246154785 0.16500821709632874
2.275073528289795 0.545117199420929 0.1650083214044571
2.275073528289795 0.5451171398162842 -0.38776901364326477
2.275073528289795 0.6149163246154785 0.16500821709632874
2.827850818634033 0.6149163246154785 0.1650083214044571
2.827850818634033 0.545117199420929 0.16500842571258545
2.275073528289795 0.545117199420929 0.1650083214044571
2.827850818634033 0.6149163246154785 0.1650083214044571
2.827850818634033 0.6149162650108337 -0.3877689838409424
2.827850818634033 0.5451171398162842 -0.38776886463165283
2.827850818634033 0.545117199420929 0.16500842571258545
2.827850818634033 0.6149162650108337 -0.3877689838409424
2.275073528289795 0.6149162650108337 -0.38776910305023193
2.275073528289795 0.5451171398162842 -0.38776901364326477
2.827850818634033 0.5451171398162842 -0.38776886463165283
2.275073528289795 0.5451171398162842 -0.38776901364326477
2.275073528289795 0.545117199420929 0.1650083214044571
2.159543037414551 0.5071209073066711 0.28053876757621765
2.159543037414551 0.5071209073066711 -0.503299355506897
2.275073528289795 0.545117199420929 0.1650083214044571
2.827850818634033 0.545117199420929 0.16500842571258545
2.9433813095092773 0.5071209073066711 0.280538946390152
2.159543037414551 0.5071209073066711 0.28053876757621765
2.827850818634033 0.545117199420929 0.16500842571258545
2.827850818634033 0.5451171398162842 -0.38776886463165283
2.9433813095092773 0.5071209073066711 -0.5032992362976074
2.9433813095092773 0.5071209073066711 0.280538946390152
2.827850818634033 0.5451171398162842 -0.38776886463165283
2.275073528289795 0.5451171398162842 -0.38776901364326477
2.159543037414551 0.5071209073066711 -0.503299355506897
2.9433813095092773 0.5071209073066711 -0.5032992362976074
2.159543037414551 0.5071209073066711 -0.503299355506897
2.159543037414551 0.5071209073066711 0.28053876757621765
2.0493903160095215 0.4408746361732483 0.3906916379928589
2.0493903160095215 0.4408746361732483 -0.6134519577026367
2.159543037414551 0.5071209073066711 0.28053876757621765
2.9433813095092773 0.5071209073066711 0.280538946390152
3.0535340309143066 0.4408746361732483 0.3906918168067932
2.0493903160095215 0.4408746361732483 0.3906916379928589
2.9433813095092773 0.5071209073066711 0.280538946390152
2.9433813095092773 0.5071209073066711 -0.5032992362976074
3.0535340309143066 0.4408746361732483 -0.6134517192840576
3.0535340309143066 0.4408746361732483 0.3906918168067932
2.9433813095092773 0.5071209073066711 -0.5032992362976074
2.159543037414551 0.5071209073066711 -0.503299355506897
2.0493903160095215 0.4408746361732483 -0.6134519577026367
3.0535340309143066 0.4408746361732483 -0.6134517192840576
2.0493903160095215 0.4408746361732483 -0.6134519577026367
2.0493903160095215 0.4408746361732483 0.3906916379928589
1.9896438121795654 0.34855538606643677 0.4504382908344269
1.9896438121795654 0.34855538606643677 -0.673198401927948
2.0493903160095215 0.4408746361732483 0.3906916379928589
3.0535340309143066 0.4408746361732483 0.3906918168067932
3.1132800579071045 0.34855547547340393 0.450438529253006
1.9896438121795654 0.34855538606643677 0.4504382908344269
3.0535340309143066 0.4408746361732483 0.3906918168067932
3.0535340309143066 0.4408746361732483 -0.6134517192840576
3.1132802963256836 0.34855544567108154 -0.6731980443000793
3.1132800579071045 0.34855547547340393 0.450438529253006
3.0535340309143066 0.4408746361732483 -0.6134517192840576
2.0493903160095215 0.4408746361732483 -0.6134519577026367
1.9896438121795654 0.34855538606643677 -0.673198401927948
3.1132802963256836 0.34855544567108154 -0.6731980443000793
1.9896438121795654 0.34855538606643677 -0.673198401927948
1.9896438121795654 0.34855538606643677 0.4504382908344269
1.955934762954712 0.22765012085437775 0.48414742946624756
1.9559348821640015 0.22765012085437775 -0.706907331943512
1.9896438121795654 0.34855538606643677 0.4504382908344269
3.1132800579071045 0.34855547547340393 0.450438529253006
3.146989107131958 0.22765018045902252 0.4841475784778595
1.955934762954712 0.22765012085437775 0.48414742946624756
3.1132800579071045 0.34855547547340393 0.450438529253006
3.1132802963256836 0.34855544567108154 -0.6731980443000793
3.146989345550537 0.22765016555786133 -0.7069069743156433
3.146989107131958 0.22765018045902252 0.4841475784778595
3.1132802963256836 0.34855544567108154 -0.6731980443000793
1.9896438121795654 0.34855538606643677 -0.673198401927948
1.9559348821640015 0.22765012085437775 -0.706907331943512
3.146989345550537 0.22765016555786133 -0.7069069743156433
1.9559348821640015 0.22765012085437775 -0.706907331943512
1.955934762954712 0.22765012085437775 0.48414742946624756
1.955934762954712 0.09275198727846146 0.4841475784778595
1.9559348821640015 0.09275198727846146 -0.7069070935249329
1.955934762954712 0.22765012085437775 0.48414742946624756
3.146989107131958 0.22765018045902252 0.4841475784778595
3.146989107131958 0.09275207668542862 0.4841478168964386
1.955934762954712 0.09275198727846146 0.4841475784778595
3.146989107131958 0.22765018045902252 0.4841475784778595
3.146989345550537 0.22765016555786133 -0.7069069743156433
3.146989345550537 0.09275207668542862 -0.7069067358970642
3.146989107131958 0.09275207668542862 0.4841478168964386
3.146989345550537 0.22765016555786133 -0.7069069743156433
1.9559348821640015 0.22765012085437775 -0.706907331943512
1.9559348821640015 0.09275198727846146 -0.7069070935249329
3.146989345550537 0.09275207668542862 -0.7069067358970642
1.9559348821640015 0.09275198727846146 -0.7069070935249329
1.955934762954712 0.09275198727846146 0.4841475784778595
1.9803515672683716 -0.008786872029304504 0.45973125100135803
1.9803515672683716 -0.008786872029304504 -0.6824900507926941
1.955934762954712 0.09275198727846146 0.4841475784778595
3.146989107131958 0.09275207668542862 0.4841478168964386
3.122572422027588 -0.008786872029304504 0.45973125100135803
1.9803515672683716 -0.008786872029304504 0.45973125100135803
3.146989107131958 0.09275207668542862 0.4841478168964386
3.146989345550537 0.09275207668542862 -0.7069067358970642
3.122572660446167 -0.008786812424659729 -0.6824899315834045
3.122572422027588 -0.008786872029304504 0.45973125100135803
3.146989345550537 0.09275207668542862 -0.7069067358970642
1.9559348821640015 0.09275198727846146 -0.7069070935249329
1.9803515672683716 -0.008786872029304504 -0.6824900507926941
3.122572660446167 -0.008786812424659729 -0.6824899315834045
1.9803515672683716 -0.008786872029304504 -0.6824900507926941
1.9803515672683716 -0.008786872029304504 0.45973125100135803
2.0191869735717773 -0.07938992977142334 0.42089569568634033
2.0191869735717773 -0.07938992977142334 -0.6436545252799988
1.9803515672683716 -0.008786872029304504 0.45973125100135803
3.122572422027588 -0.008786872029304504 0.45973125100135803
3.0837368965148926 -0.07938992977142334 0.42089584469795227
2.0191869735717773 -0.07938992977142334 0.42089569568634033
3.122572422027588 -0.008786872029304504 0.45973125100135803
3.122572660446167 -0.008786812424659729 -0.6824899315834045
3.083737373352051 -0.0793897956609726 -0.6436541676521301
3.0837368965148926 -0.07938992977142334 0.42089584469795227
3.122572660446167 -0.008786812424659729 -0.6824899315834045
1.9803515672683716 -0.008786872029304504 -0.6824900507926941
2.0191869735717773 -0.07938992977142334 -0.6436545252799988
3.083737373352051 -0.0793897956609726 -0.6436541676521301
2.0191869735717773 -0.07938992977142334 -0.6436545252799988
2.0191869735717773 -0.07938992977142334 0.42089569568634033
2.108609437942505 -0.17393916845321655 0.33147338032722473
2.108609437942505 -0.17393916845321655 -0.554232120513916
2.0191869735717773 -0.07938992977142334 0.42089569568634033
3.0837368965148926 -0.07938992977142334 0.42089584469795227
2.994314670562744 -0.17393916845321655 0.3314734995365143
2.108609437942505 -0.17393916845321655 0.33147338032722473
3.0837368965148926 -0.07938992977142334 0.42089584469795227
3.083737373352051 -0.0793897956609726 -0.6436541676521301
2.9943149089813232 -0.173939049243927 -0.5542320013046265
2.994314670562744 -0.17393916845321655 0.3314734995365143
3.083737373352051 -0.0793897956609726 -0.6436541676521301
2.0191869735717773 -0.07938992977142334 -0.6436545252799988
2.108609437942505 -0.17393916845321655 -0.554232120513916
2.9943149089813232 -0.173939049243927 -0.5542320013046265
2.108609437942505 -0.17393916845321655 0.33147338032722473
2.994314670562744 -0.17393916845321655 0.3314734995365143
2.9943149089813232 -0.173939049243927 -0.5542320013046265
2.108609437942505 -0.17393916845321655 -0.554232120513916
