-8.31486701965332 -0.023728221654891968 -2.6755175590515137
-8.357666015625 -0.0253002792596817 -2.660447835922241
-8.357665061950684 -0.025299038738012314 1.5380481481552124
-8.31486701965332 -0.02372688241302967 1.5380463600158691
-8.067160606384277 -0.01967095024883747 -2.721482038497925
-8.067160606384277 -0.0196708794683218 1.5380468368530273
-8.019031524658203 -0.01968921162188053 1.5380462408065796
-8.01903247833252 -0.01968943327665329 -2.7235355377197266
-8.115726470947266 -0.01988120749592781 -2.717822313308716
-8.11572551727295 -0.01988125778734684 1.5380463600158691
-8.171975135803223 -0.020447922870516777 -2.7106070518493652
-8.171974182128906 -0.020447971299290657 1.5380463600158691
-8.230629920959473 -0.02145238406956196 -2.6993939876556396
-8.230628967285156 -0.021452024579048157 1.5380477905273438
-8.271743774414062 -0.022433612495660782 -2.6887598037719727
-8.271742820739746 -0.022432612255215645 1.5380463600158691
-8.406785011291504 -0.027482494711875916 -2.6392147541046143
-8.406783103942871 -0.027480484917759895 1.5380473136901855
-8.406785011291504 -0.027482494711875916 -2.6392147541046143
-8.4525785446167 -0.02990490198135376 -2.6185050010681152
-8.4525785446167 -0.029903041198849678 1.5380463600158691
-8.406783103942871 -0.027480484917759895 1.5380473136901855
-8.4525785446167 -0.02990490198135376 -2.6185050010681152
-8.502216339111328 -0.03297955542802811 -2.5907247066497803
-8.502215385437012 -0.032977573573589325 1.5380487442016602
-8.4525785446167 -0.029903041198849678 1.5380463600158691
-8.502216339111328 -0.03297955542802811 -2.5907247066497803
-8.54685115814209 -0.03616657480597496 -2.560300350189209
-8.54685115814209 -0.03616452217102051 1.5380496978759766
-8.502215385437012 -0.032977573573589325 1.5380487442016602
-8.54685115814209 -0.03616657480597496 -2.560300350189209
-8.586493492126465 -0.039350081235170364 -2.5219192504882812
-8.586493492126465 -0.03934796154499054 1.5380487442016602
-8.54685115814209 -0.03616452217102051 1.5380496978759766
-8.586493492126465 -0.039350081235170364 -2.5219192504882812
-8.626103401184082 -0.04287789389491081 -2.4745235443115234
-8.626102447509766 -0.04287576302886009 1.538050651550293
-8.586493492126465 -0.03934796154499054 1.5380487442016602
-8.626103401184082 -0.04287789389491081 -2.4745235443115234
-8.652522087097168 -0.044892817735672 -2.4308998584747314
-8.647709846496582 -0.04495185613632202 1.5380500555038452
-8.626102447509766 -0.04287576302886009 1.538050651550293
-8.652522087097168 -0.044892817735672 -2.4308998584747314
-8.668092727661133 -0.047013215720653534 -2.393864154815674
-8.668091773986816 -0.04701089486479759 1.5380487442016602
-8.647709846496582 -0.04495185613632202 1.5380500555038452
-7.602938175201416 -0.02568630874156952 -2.6791751384735107
-7.602937698364258 -0.025684859603643417 1.5380467176437378
-7.552229404449463 -0.027685850858688354 1.5380457639694214
-7.550292491912842 -0.02777160331606865 -2.6616904735565186
-7.9284515380859375 -0.020240195095539093 -2.7246456146240234
-7.975625991821289 -0.01987769640982151 -2.7247426509857178
-7.973126411437988 -0.019892578944563866 1.5380462408065796
-7.928455352783203 -0.020240144804120064 1.538047194480896
-7.861225128173828 -0.02051088958978653 -2.721482038497925
-7.8612236976623535 -0.020510829985141754 1.538047194480896
-7.812659740447998 -0.020939836278557777 -2.717823028564453
-7.812657833099365 -0.020939845591783524 1.5380468368530273
-7.756410121917725 -0.021718688309192657 -2.7112669944763184
-7.756410121917725 -0.021718699485063553 1.5380462408065796
-7.691048622131348 -0.023053443059325218 -2.7005064487457275
-7.691047191619873 -0.023052873089909554 1.5380467176437378
-7.644006729125977 -0.024332251399755478 -2.690028429031372
-7.644006252288818 -0.024331051856279373 1.5380480289459229
-7.508813381195068 -0.02970876730978489 1.538046956062317
-7.500405311584473 -0.03013741225004196 -2.640079975128174
-7.500405311584473 -0.03013741225004196 -2.640079975128174
-7.508813381195068 -0.02970876730978489 1.538046956062317
-7.485074996948242 -0.030942978337407112 1.538047432899475
-7.488324165344238 -0.030770765617489815 -2.5894277095794678
-7.488324165344238 -0.030770765617489815 -2.5894277095794678
-7.485074996948242 -0.030942978337407112 1.538047432899475
-7.4261674880981445 -0.03441750258207321 1.538047432899475
-7.435968399047852 -0.03379981219768524 -2.5790460109710693
-7.435968399047852 -0.03379981219768524 -2.5790460109710693
-7.4261674880981445 -0.03441750258207321 1.538047432899475
-7.381533145904541 -0.03746272251009941 1.538048505783081
-7.381534576416016 -0.0374649241566658 -2.561377763748169
-7.381534576416016 -0.0374649241566658 -2.561377763748169
-7.381533145904541 -0.03746272251009941 1.538048505783081
-7.34188985824585 -0.0404827781021595 1.538048505783081
-7.341891765594482 -0.04048508033156395 -2.5408477783203125
-7.341891765594482 -0.04048508033156395 -2.5408477783203125
-7.34188985824585 -0.0404827781021595 1.538048505783081
-7.302280426025391 -0.04381096735596657 1.5380480289459229
-7.302281856536865 -0.04381335526704788 -2.5131969451904297
-7.302281856536865 -0.04381335526704788 -2.5131969451904297
-7.302280426025391 -0.04381096735596657 1.5380480289459229
-7.280673980712891 -0.04576229304075241 1.538048267364502
-7.279294013977051 -0.04570717364549637 -2.489605188369751
-7.279294013977051 -0.04570717364549637 -2.489605188369751
-7.280673980712891 -0.04576229304075241 1.538048267364502
-7.260291576385498 -0.04769322648644447 1.5380487442016602
-7.260293483734131 -0.04769567400217056 -2.461353302001953
-8.314865112304688 -0.023728283122181892 5.919203758239746
-8.357664108276367 -0.025300338864326477 5.899406909942627
-8.067158699035645 -0.019670899957418442 5.982412815093994
-8.01902961730957 -0.019689392298460007 5.985759735107422
-8.115723609924316 -0.019881227985024452 5.976452827453613
-8.17197322845459 -0.020447861403226852 5.96577262878418
-8.23062801361084 -0.02145238406956196 5.950669765472412
-8.27174186706543 -0.02243364229798317 5.936604022979736
-8.406783103942871 -0.027482494711875916 5.870828151702881
-8.406783103942871 -0.027482494711875916 5.870828151702881
-8.406783103942871 -0.027480484917759895 1.5380473136901855
-8.4525785446167 -0.029903041198849678 1.5380463600158691
-8.452576637268066 -0.029904961585998535 5.843046188354492
-8.452576637268066 -0.029904961585998535 5.843046188354492
-8.4525785446167 -0.029903041198849678 1.5380463600158691
-8.502215385437012 -0.032977573573589325 1.5380487442016602
-8.502214431762695 -0.03297962620854378 5.8043975830078125
-8.502214431762695 -0.03297962620854378 5.8043975830078125
-8.502215385437012 -0.032977573573589325 1.5380487442016602
-8.54685115814209 -0.03616452217102051 1.5380496978759766
-8.546849250793457 -0.036166612058877945 5.76072883605957
-8.546849250793457 -0.036166612058877945 5.76072883605957
-8.54685115814209 -0.03616452217102051 1.5380496978759766
-8.586493492126465 -0.03934796154499054 1.5380487442016602
-8.586491584777832 -0.03935012221336365 5.703248977661133
-8.586491584777832 -0.03935012221336365 5.703248977661133
-8.586493492126465 -0.03934796154499054 1.5380487442016602
-8.626102447509766 -0.04287576302886009 1.538050651550293
-8.62610149383545 -0.04287811368703842 5.630784034729004
-8.62610149383545 -0.04287811368703842 5.630784034729004
-8.626102447509766 -0.04287576302886009 1.538050651550293
-8.647709846496582 -0.04495185613632202 1.5380500555038452
-8.647086143493652 -0.04489289969205856 5.569120407104492
-8.647086143493652 -0.04489289969205856 5.569120407104492
-8.647709846496582 -0.04495185613632202 1.5380500555038452
-8.668091773986816 -0.04701089486479759 1.5380487442016602
-8.6680908203125 -0.047013334929943085 5.503947734832764
-7.613515853881836 -0.02531525120139122 5.919201850891113
-7.5707173347473145 -0.0269137192517519 5.899403095245361
-7.928448677062988 -0.02024008519947529 5.987570762634277
-7.97562313079834 -0.01987764798104763 5.987724781036377
-7.861222267150879 -0.02051072008907795 5.982414245605469
-7.812656879425049 -0.02093982696533203 5.976452827453613
-7.756408214569092 -0.02171850949525833 5.9657697677612305
-7.697752475738525 -0.02289334312081337 5.9506683349609375
-7.6566386222839355 -0.023960992693901062 5.936604022979736
-7.521598815917969 -0.029083745554089546 5.870826244354248
-7.521598815917969 -0.029083745554089546 5.870826244354248
-7.475804328918457 -0.03145221620798111 5.843043327331543
-7.485074996948242 -0.030942978337407112 1.538047432899475
-7.508813381195068 -0.02970876730978489 1.538046956062317
-7.475804328918457 -0.03145221620798111 5.843043327331543
-7.426167011260986 -0.0344194732606411 5.8043975830078125
-7.4261674880981445 -0.03441750258207321 1.538047432899475
-7.485074996948242 -0.030942978337407112 1.538047432899475
-7.426167011260986 -0.0344194732606411 5.8043975830078125
-7.381531238555908 -0.037464674562215805 5.760725975036621
-7.381533145904541 -0.03746272251009941 1.538048505783081
-7.4261674880981445 -0.03441750258207321 1.538047432899475
-7.381531238555908 -0.037464674562215805 5.760725975036621
-7.341888904571533 -0.04048483818769455 5.703248977661133
-7.34188985824585 -0.0404827781021595 1.538048505783081
-7.381533145904541 -0.03746272251009941 1.538048505783081
-7.341888904571533 -0.04048483818769455 5.703248977661133
-7.302280426025391 -0.043813057243824005 5.630783557891846
-7.302280426025391 -0.04381096735596657 1.5380480289459229
-7.34188985824585 -0.0404827781021595 1.538048505783081
-7.302280426025391 -0.043813057243824005 5.630783557891846
-7.275742053985596 -0.04570692405104637 5.563614845275879
-7.280673980712891 -0.04576229304075241 1.538048267364502
-7.302280426025391 -0.04381096735596657 1.5380480289459229
-7.275742053985596 -0.04570692405104637 5.563614845275879
-7.26029109954834 -0.047695454210042953 5.503947734832764
-7.260291576385498 -0.04769322648644447 1.5380487442016602
-7.280673980712891 -0.04576229304075241 1.538048267364502
-8.357666015625 -0.0253002792596817 -2.660447835922241
-8.31486701965332 -0.023728221654891968 -2.6755175590515137
-8.31486701965332 -0.23994411528110504 -2.6756296157836914
-8.357666015625 -0.2415163218975067 -2.660560131072998
-8.067160606384277 -0.01967095024883747 -2.721482038497925
-8.01903247833252 -0.01968943327665329 -2.7235355377197266
-8.01903247833252 -0.23590536415576935 -2.7236480712890625
-8.067160606384277 -0.2358868569135666 -2.7215933799743652
-8.115726470947266 -0.01988120749592781 -2.717822313308716
-8.067160606384277 -0.01967095024883747 -2.721482038497925
-8.067160606384277 -0.2358868569135666 -2.7215933799743652
-8.115726470947266 -0.2360970824956894 -2.7179346084594727
-8.171975135803223 -0.020447922870516777 -2.7106070518493652
-8.115726470947266 -0.01988120749592781 -2.717822313308716
-8.115726470947266 -0.2360970824956894 -2.7179346084594727
-8.171975135803223 -0.2366638481616974 -2.710719108581543
-8.230629920959473 -0.02145238406956196 -2.6993939876556396
-8.171975135803223 -0.020447922870516777 -2.7106070518493652
-8.171975135803223 -0.2366638481616974 -2.710719108581543
-8.230629920959473 -0.23766833543777466 -2.6995058059692383
-8.271743774414062 -0.022433612495660782 -2.6887598037719727
-8.230629920959473 -0.02145238406956196 -2.6993939876556396
-8.230629920959473 -0.23766833543777466 -2.6995058059692383
-8.271743774414062 -0.23864956200122833 -2.6888716220855713
-8.31486701965332 -0.023728221654891968 -2.6755175590515137
-8.271743774414062 -0.022433612495660782 -2.6887598037719727
-8.271743774414062 -0.23864956200122833 -2.6888716220855713
-8.31486701965332 -0.23994411528110504 -2.6756296157836914
-8.406785011291504 -0.027482494711875916 -2.6392147541046143
-8.357666015625 -0.0253002792596817 -2.660447835922241
-8.357666015625 -0.2415163218975067 -2.660560131072998
-8.406785011291504 -0.24369846284389496 -2.639326572418213
-8.4525785446167 -0.02990490198135376 -2.6185050010681152
-8.406785011291504 -0.027482494711875916 -2.6392147541046143
-8.406785011291504 -0.24369846284389496 -2.639326572418213
-8.452579498291016 -0.24612079560756683 -2.618617057800293
-8.502216339111328 -0.03297955542802811 -2.5907247066497803
-8.4525785446167 -0.02990490198135376 -2.6185050010681152
-8.452579498291016 -0.24612079560756683 -2.618617057800293
-8.502216339111328 -0.2491954267024994 -2.5908374786376953
-8.54685115814209 -0.03616657480597496 -2.560300350189209
-8.502216339111328 -0.03297955542802811 -2.5907247066497803
-8.502216339111328 -0.2491954267024994 -2.5908374786376953
-8.54685115814209 -0.2523824870586395 -2.5604119300842285
-8.586493492126465 -0.039350081235170364 -2.5219192504882812
-8.54685115814209 -0.03616657480597496 -2.560300350189209
-8.54685115814209 -0.2523824870586395 -2.5604119300842285
-8.586493492126465 -0.2555660307407379 -2.5220305919647217
-8.626103401184082 -0.04287789389491081 -2.4745235443115234
-8.586493492126465 -0.039350081235170364 -2.5219192504882812
-8.586493492126465 -0.2555660307407379 -2.5220305919647217
-8.626103401184082 -0.25909385085105896 -2.474635601043701
-8.652522087097168 -0.044892817735672 -2.4308998584747314
-8.626103401184082 -0.04287789389491081 -2.4745235443115234
-8.626103401184082 -0.25909385085105896 -2.474635601043701
-8.652522087097168 -0.26110872626304626 -2.431011915206909
-8.668091773986816 -0.04701089486479759 1.5380487442016602
-8.668092727661133 -0.047013215720653534 -2.393864154815674
-8.668092727661133 -0.26322925090789795 -2.3939754962921143
-8.6680908203125 -0.26322683691978455 1.5379374027252197
-8.668092727661133 -0.047013215720653534 -2.393864154815674
-8.652522087097168 -0.044892817735672 -2.4308998584747314
-8.652522087097168 -0.26110872626304626 -2.431011915206909
-8.668092727661133 -0.26322925090789795 -2.3939754962921143
-7.602938175201416 -0.02568630874156952 -2.6791751384735107
-7.550292491912842 -0.02777160331606865 -2.6616904735565186
-7.550292491912842 -0.2439875453710556 -2.6618027687072754
-7.602938175201416 -0.2419021725654602 -2.6792874336242676
-7.975625991821289 -0.01987769640982151 -2.7247426509857178
-7.9284515380859375 -0.020240195095539093 -2.7246456146240234
-7.9284515380859375 -0.23645614087581635 -2.7247579097747803
-7.975625991821289 -0.23609361052513123 -2.724853992462158
-7.9284515380859375 -0.020240195095539093 -2.7246456146240234
-7.861225128173828 -0.02051088958978653 -2.721482038497925
-7.861224174499512 -0.236726775765419 -2.7215938568115234
-7.9284515380859375 -0.23645614087581635 -2.7247579097747803
-7.861225128173828 -0.02051088958978653 -2.721482038497925
-7.812659740447998 -0.020939836278557777 -2.717823028564453
-7.812659740447998 -0.23715578019618988 -2.7179346084594727
-7.861224174499512 -0.236726775765419 -2.7215938568115234
-7.812659740447998 -0.020939836278557777 -2.717823028564453
-7.756410121917725 -0.021718688309192657 -2.7112669944763184
-7.756410121917725 -0.23793457448482513 -2.711379051208496
-7.812659740447998 -0.23715578019618988 -2.7179346084594727
-7.756410121917725 -0.021718688309192657 -2.7112669944763184
-7.691048622131348 -0.023053443059325218 -2.7005064487457275
-7.691048622131348 -0.2392694056034088 -2.700617551803589
-7.756410121917725 -0.23793457448482513 -2.711379051208496
-7.691048622131348 -0.023053443059325218 -2.7005064487457275
-7.644006729125977 -0.024332251399755478 -2.690028429031372
-7.644006252288818 -0.24054819345474243 -2.690140724182129
-7.691048622131348 -0.2392694056034088 -2.700617551803589
-7.644006729125977 -0.024332251399755478 -2.690028429031372
-7.602938175201416 -0.02568630874156952 -2.6791751384735107
-7.602938175201416 -0.2419021725654602 -2.6792874336242676
-7.644006252288818 -0.24054819345474243 -2.690140724182129
-7.550292491912842 -0.02777160331606865 -2.6616904735565186
-7.500405311584473 -0.03013741225004196 -2.640079975128174
-7.500404357910156 -0.24635331332683563 -2.6401920318603516
-7.550292491912842 -0.2439875453710556 -2.6618027687072754
-7.500405311584473 -0.03013741225004196 -2.640079975128174
-7.488324165344238 -0.030770765617489815 -2.5894277095794678
-7.48832368850708 -0.24698671698570251 -2.5895402431488037
-7.500404357910156 -0.24635331332683563 -2.6401920318603516
-7.488324165344238 -0.030770765617489815 -2.5894277095794678
-7.435968399047852 -0.03379981219768524 -2.5790460109710693
-7.435968399047852 -0.2500157058238983 -2.579157829284668
-7.48832368850708 -0.24698671698570251 -2.5895402431488037
-7.435968399047852 -0.03379981219768524 -2.5790460109710693
-7.381534576416016 -0.0374649241566658 -2.561377763748169
-7.381534576416016 -0.25368088483810425 -2.5614893436431885
-7.435968399047852 -0.2500157058238983 -2.579157829284668
-7.381534576416016 -0.0374649241566658 -2.561377763748169
-7.341891765594482 -0.04048508033156395 -2.5408477783203125
-7.341891765594482 -0.25670096278190613 -2.540959596633911
-7.381534576416016 -0.25368088483810425 -2.5614893436431885
-7.341891765594482 -0.04048508033156395 -2.5408477783203125
-7.302281856536865 -0.04381335526704788 -2.5131969451904297
-7.302282810211182 -0.26002922654151917 -2.513308525085449
-7.341891765594482 -0.25670096278190613 -2.540959596633911
-7.302281856536865 -0.04381335526704788 -2.5131969451904297
-7.279294013977051 -0.04570717364549637 -2.489605188369751
-7.279294013977051 -0.26192307472229004 -2.489718437194824
-7.302282810211182 -0.26002922654151917 -2.513308525085449
-7.279294013977051 -0.04570717364549637 -2.489605188369751
-7.260293483734131 -0.04769567400217056 -2.461353302001953
-7.260293483734131 -0.2639116048812866 -2.461465358734131
-7.279294013977051 -0.26192307472229004 -2.489718437194824
-7.260293483734131 -0.04769567400217056 -2.461353302001953
-7.260291576385498 -0.04769322648644447 1.5380487442016602
-7.260291576385498 -0.2632472813129425 1.537936806678772
-7.260293483734131 -0.2639116048812866 -2.461465358734131
-8.01903247833252 -0.01968943327665329 -2.7235355377197266
-7.975625991821289 -0.01987769640982151 -2.7247426509857178
-7.975625991821289 -0.23609361052513123 -2.724853992462158
-8.01903247833252 -0.23590536415576935 -2.7236480712890625
-8.23062801361084 -0.02145238406956196 5.950669765472412
-8.27174186706543 -0.02243364229798317 5.936604022979736
-8.271739959716797 -0.23864957690238953 5.936491966247559
-8.230627059936523 -0.23766833543777466 5.950557708740234
-8.115723609924316 -0.019881227985024452 5.976452827453613
-8.17197322845459 -0.020447861403226852 5.96577262878418
-8.171971321105957 -0.23666375875473022 5.965660095214844
-8.115723609924316 -0.23609712719917297 5.9763407707214355
-8.01902961730957 -0.019689392298460007 5.985759735107422
-8.067158699035645 -0.019670899957418442 5.982412815093994
-8.067157745361328 -0.235886812210083 5.982302188873291
-8.01902961730957 -0.235905259847641 5.985647678375244
-8.067158699035645 -0.019670899957418442 5.982412815093994
-8.115723609924316 -0.019881227985024452 5.976452827453613
-8.115723609924316 -0.23609712719917297 5.9763407707214355
-8.067157745361328 -0.235886812210083 5.982302188873291
-8.17197322845459 -0.020447861403226852 5.96577262878418
-8.23062801361084 -0.02145238406956196 5.950669765472412
-8.230627059936523 -0.23766833543777466 5.950557708740234
-8.171971321105957 -0.23666375875473022 5.965660095214844
-8.27174186706543 -0.02243364229798317 5.936604022979736
-8.314865112304688 -0.023728283122181892 5.919203758239746
-8.314865112304688 -0.2399442344903946 5.91909122467041
-8.271739959716797 -0.23864957690238953 5.936491966247559
-8.314865112304688 -0.023728283122181892 5.919203758239746
-8.357664108276367 -0.025300338864326477 5.899406909942627
-8.35766315460205 -0.2415163367986679 5.899293899536133
-8.314865112304688 -0.2399442344903946 5.91909122467041
-8.357664108276367 -0.025300338864326477 5.899406909942627
-8.406783103942871 -0.027482494711875916 5.870828151702881
-8.406781196594238 -0.24369840323925018 5.8707170486450195
-8.35766315460205 -0.2415163367986679 5.899293899536133
-8.406783103942871 -0.027482494711875916 5.870828151702881
-8.452576637268066 -0.029904961585998535 5.843046188354492
-8.452576637268066 -0.246120885014534 5.8429341316223145
-8.406781196594238 -0.24369840323925018 5.8707170486450195
-8.452576637268066 -0.029904961585998535 5.843046188354492
-8.502214431762695 -0.03297962620854378 5.8043975830078125
-8.502213478088379 -0.24919556081295013 5.804286479949951
-8.452576637268066 -0.246120885014534 5.8429341316223145
-8.502214431762695 -0.03297962620854378 5.8043975830078125
-8.546849250793457 -0.036166612058877945 5.76072883605957
-8.54684829711914 -0.2523825466632843 5.760615348815918
-8.502213478088379 -0.24919556081295013 5.804286479949951
-8.546849250793457 -0.036166612058877945 5.76072883605957
-8.586491584777832 -0.03935012221336365 5.703248977661133
-8.586491584777832 -0.2555660903453827 5.7031378746032715
-8.54684829711914 -0.2523825466632843 5.760615348815918
-8.586491584777832 -0.03935012221336365 5.703248977661133
-8.62610149383545 -0.04287811368703842 5.630784034729004
-8.626100540161133 -0.25909408926963806 5.630672454833984
-8.586491584777832 -0.2555660903453827 5.7031378746032715
-8.62610149383545 -0.04287811368703842 5.630784034729004
-8.647086143493652 -0.04489289969205856 5.569120407104492
-8.647085189819336 -0.2611088454723358 5.569009304046631
-8.626100540161133 -0.25909408926963806 5.630672454833984
-8.647086143493652 -0.04489289969205856 5.569120407104492
-8.6680908203125 -0.047013334929943085 5.503947734832764
-8.668089866638184 -0.26322925090789795 5.503836154937744
-8.647085189819336 -0.2611088454723358 5.569009304046631
-8.6680908203125 -0.047013334929943085 5.503947734832764
-8.668091773986816 -0.04701089486479759 1.5380487442016602
-8.6680908203125 -0.26322683691978455 1.5379374027252197
-8.668089866638184 -0.26322925090789795 5.503836154937744
-7.5707173347473145 -0.0269137192517519 5.899403095245361
-7.613515853881836 -0.02531525120139122 5.919201850891113
-7.6135149002075195 -0.24153119325637817 5.9190897941589355
-7.570716381072998 -0.24312959611415863 5.899291515350342
-7.928448677062988 -0.02024008519947529 5.987570762634277
-7.97562313079834 -0.01987764798104763 5.987724781036377
-7.975622653961182 -0.23609356582164764 5.987614154815674
-7.928447723388672 -0.2364560067653656 5.9874587059021
-7.861222267150879 -0.02051072008907795 5.982414245605469
-7.928448677062988 -0.02024008519947529 5.987570762634277
-7.928447723388672 -0.2364560067653656 5.9874587059021
-7.8612213134765625 -0.23672667145729065 5.982301235198975
-7.812656879425049 -0.02093982696533203 5.976452827453613
-7.861222267150879 -0.02051072008907795 5.982414245605469
-7.8612213134765625 -0.23672667145729065 5.982301235198975
-7.812655925750732 -0.2371557503938675 5.976339817047119
-7.756408214569092 -0.02171850949525833 5.9657697677612305
-7.812656879425049 -0.02093982696533203 5.976452827453613
-7.812655925750732 -0.2371557503938675 5.976339817047119
-7.756407260894775 -0.2379344403743744 5.965658187866211
-7.697752475738525 -0.02289334312081337 5.9506683349609375
-7.756408214569092 -0.02171850949525833 5.9657697677612305
-7.756407260894775 -0.2379344403743744 5.965658187866211
-7.697751522064209 -0.2391093224287033 5.950555324554443
-7.6566386222839355 -0.023960992693901062 5.936604022979736
-7.697752475738525 -0.02289334312081337 5.9506683349609375
-7.697751522064209 -0.2391093224287033 5.950555324554443
-7.656638145446777 -0.24017690122127533 5.936491966247559
-7.613515853881836 -0.02531525120139122 5.919201850891113
-7.6566386222839355 -0.023960992693901062 5.936604022979736
-7.656638145446777 -0.24017690122127533 5.936491966247559
-7.6135149002075195 -0.24153119325637817 5.9190897941589355
-7.521598815917969 -0.029083745554089546 5.870826244354248
-7.5707173347473145 -0.0269137192517519 5.899403095245361
-7.570716381072998 -0.24312959611415863 5.899291515350342
-7.5215983390808105 -0.24529960751533508 5.870715141296387
-7.475804328918457 -0.03145221620798111 5.843043327331543
-7.521598815917969 -0.029083745554089546 5.870826244354248
-7.5215983390808105 -0.24529960751533508 5.870715141296387
-7.475803375244141 -0.24766811728477478 5.842932224273682
-7.426167011260986 -0.0344194732606411 5.8043975830078125
-7.475804328918457 -0.03145221620798111 5.843043327331543
-7.475803375244141 -0.24766811728477478 5.842932224273682
-7.426166534423828 -0.25063538551330566 5.804286003112793
-7.381531238555908 -0.037464674562215805 5.760725975036621
-7.426167011260986 -0.0344194732606411 5.8043975830078125
-7.426166534423828 -0.25063538551330566 5.804286003112793
-7.38153076171875 -0.25368064641952515 5.760613918304443
-7.341888904571533 -0.04048483818769455 5.703248977661133
-7.381531238555908 -0.037464674562215805 5.760725975036621
-7.38153076171875 -0.25368064641952515 5.760613918304443
-7.341888904571533 -0.25670069456100464 5.703136444091797
-7.302280426025391 -0.043813057243824005 5.630783557891846
-7.341888904571533 -0.04048483818769455 5.703248977661133
-7.341888904571533 -0.25670069456100464 5.703136444091797
-7.302279472351074 -0.2600289583206177 5.630671501159668
-7.275742053985596 -0.04570692405104637 5.563614845275879
-7.302280426025391 -0.043813057243824005 5.630783557891846
-7.302279472351074 -0.2600289583206177 5.630671501159668
-7.275740623474121 -0.26192283630371094 5.563502788543701
-7.260291576385498 -0.04769322648644447 1.5380487442016602
-7.26029109954834 -0.047695454210042953 5.503947734832764
-7.260289669036865 -0.2639114260673523 5.5038347244262695
-7.260291576385498 -0.2632472813129425 1.537936806678772
-7.26029109954834 -0.047695454210042953 5.503947734832764
-7.275742053985596 -0.04570692405104637 5.563614845275879
-7.275740623474121 -0.26192283630371094 5.563502788543701
-7.260289669036865 -0.2639114260673523 5.5038347244262695
-7.97562313079834 -0.01987764798104763 5.987724781036377
-8.01902961730957 -0.019689392298460007 5.985759735107422
-8.01902961730957 -0.235905259847641 5.985647678375244
-7.975622653961182 -0.23609356582164764 5.987614154815674
-8.31486701965332 -0.23994411528110504 -2.6756296157836914
-8.314866065979004 -0.23994311690330505 1.5379372835159302
-8.357664108276367 -0.2415153831243515 1.5379393100738525
-8.357666015625 -0.2415163218975067 -2.660560131072998
-8.067160606384277 -0.2358868569135666 -2.7215933799743652
-8.01903247833252 -0.23590536415576935 -2.7236480712890625
-8.019031524658203 -0.23590542376041412 1.5379374027252197
-8.067159652709961 -0.23588714003562927 1.537937879562378
-8.115726470947266 -0.2360970824956894 -2.7179346084594727
-8.115724563598633 -0.2360975295305252 1.5379372835159302
-8.171975135803223 -0.2366638481616974 -2.710719108581543
-8.17197322845459 -0.23666423559188843 1.5379372835159302
-8.230629920959473 -0.23766833543777466 -2.6995058059692383
-8.230628967285156 -0.23766815662384033 1.5379388332366943
-8.271743774414062 -0.23864956200122833 -2.6888716220855713
-8.271742820739746 -0.23864874243736267 1.5379372835159302
-8.406783103942871 -0.2436966896057129 1.5379379987716675
-8.406785011291504 -0.24369846284389496 -2.639326572418213
-8.406785011291504 -0.24369846284389496 -2.639326572418213
-8.406783103942871 -0.2436966896057129 1.5379379987716675
-8.4525785446167 -0.24611924588680267 1.5379372835159302
-8.452579498291016 -0.24612079560756683 -2.618617057800293
-8.452579498291016 -0.24612079560756683 -2.618617057800293
-8.4525785446167 -0.24611924588680267 1.5379372835159302
-8.502214431762695 -0.24919374287128448 1.537939429283142
-8.502216339111328 -0.2491954267024994 -2.5908374786376953
-8.502216339111328 -0.2491954267024994 -2.5908374786376953
-8.502214431762695 -0.24919374287128448 1.537939429283142
-8.546850204467773 -0.2523806691169739 1.5379407405853271
-8.54685115814209 -0.2523824870586395 -2.5604119300842285
-8.54685115814209 -0.2523824870586395 -2.5604119300842285
-8.546850204467773 -0.2523806691169739 1.5379407405853271
-8.586492538452148 -0.2555641829967499 1.5379399061203003
-8.586493492126465 -0.2555660307407379 -2.5220305919647217
-8.586493492126465 -0.2555660307407379 -2.5220305919647217
-8.586492538452148 -0.2555641829967499 1.5379399061203003
-8.626100540161133 -0.25909197330474854 1.5379416942596436
-8.626103401184082 -0.25909385085105896 -2.474635601043701
-8.626103401184082 -0.25909385085105896 -2.474635601043701
-8.626100540161133 -0.25909197330474854 1.5379416942596436
-8.647709846496582 -0.26116806268692017 1.5379412174224854
-8.652522087097168 -0.26110872626304626 -2.431011915206909
-8.652522087097168 -0.26110872626304626 -2.431011915206909
-8.647709846496582 -0.26116806268692017 1.5379412174224854
-8.6680908203125 -0.26322683691978455 1.5379374027252197
-8.668092727661133 -0.26322925090789795 -2.3939754962921143
-7.602938175201416 -0.2419021725654602 -2.6792874336242676
-7.550292491912842 -0.2439875453710556 -2.6618027687072754
-7.5522284507751465 -0.2439020723104477 1.537936806678772
-7.6029372215271 -0.24190105497837067 1.5379377603530884
-7.9284515380859375 -0.23645614087581635 -2.7247579097747803
-7.928454875946045 -0.23645631968975067 1.5379382371902466
-7.97312593460083 -0.23610876500606537 1.5379374027252197
-7.975625991821289 -0.23609361052513123 -2.724853992462158
-7.861224174499512 -0.236726775765419 -2.7215938568115234
-7.861223220825195 -0.23672708868980408 1.5379379987716675
-7.812659740447998 -0.23715578019618988 -2.7179346084594727
-7.812657833099365 -0.23715606331825256 1.537937879562378
-7.756410121917725 -0.23793457448482513 -2.711379051208496
-7.756409168243408 -0.23793496191501617 1.537937045097351
-7.691048622131348 -0.2392694056034088 -2.700617551803589
-7.691045761108398 -0.23926910758018494 1.5379377603530884
-7.644006252288818 -0.24054819345474243 -2.690140724182129
-7.644004821777344 -0.240547314286232 1.5379389524459839
-7.500404357910156 -0.24635331332683563 -2.6401920318603516
-7.50881290435791 -0.24592497944831848 1.5379379987716675
-7.500404357910156 -0.24635331332683563 -2.6401920318603516
-7.48832368850708 -0.24698671698570251 -2.5895402431488037
-7.485074520111084 -0.24715906381607056 1.5379387140274048
-7.50881290435791 -0.24592497944831848 1.5379379987716675
-7.48832368850708 -0.24698671698570251 -2.5895402431488037
-7.435968399047852 -0.2500157058238983 -2.579157829284668
-7.4261674880981445 -0.2506338059902191 1.5379383563995361
-7.485074520111084 -0.24715906381607056 1.5379387140274048
-7.435968399047852 -0.2500157058238983 -2.579157829284668
-7.381534576416016 -0.25368088483810425 -2.5614893436431885
-7.381532192230225 -0.2536790072917938 1.5379393100738525
-7.4261674880981445 -0.2506338059902191 1.5379383563995361
-7.381534576416016 -0.25368088483810425 -2.5614893436431885
-7.341891765594482 -0.25670096278190613 -2.540959596633911
-7.34188985824585 -0.25669893622398376 1.5379393100738525
-7.381532192230225 -0.2536790072917938 1.5379393100738525
-7.341891765594482 -0.25670096278190613 -2.540959596633911
-7.302282810211182 -0.26002922654151917 -2.513308525085449
-7.302280426025391 -0.26002711057662964 1.5379387140274048
-7.34188985824585 -0.25669893622398376 1.5379393100738525
-7.302282810211182 -0.26002922654151917 -2.513308525085449
-7.279294013977051 -0.26192307472229004 -2.489718437194824
-7.280673503875732 -0.2619783878326416 1.537939190864563
-7.302280426025391 -0.26002711057662964 1.5379387140274048
-7.279294013977051 -0.26192307472229004 -2.489718437194824
-7.260293483734131 -0.2639116048812866 -2.461465358734131
-7.260291576385498 -0.2632472813129425 1.537936806678772
-7.280673503875732 -0.2619783878326416 1.537939190864563
-8.314865112304688 -0.2399442344903946 5.91909122467041
-8.35766315460205 -0.2415163367986679 5.899293899536133
-8.067157745361328 -0.235886812210083 5.982302188873291
-8.01902961730957 -0.235905259847641 5.985647678375244
-8.115723609924316 -0.23609712719917297 5.9763407707214355
-8.171971321105957 -0.23666375875473022 5.965660095214844
-8.230627059936523 -0.23766833543777466 5.950557708740234
-8.271739959716797 -0.23864957690238953 5.936491966247559
-8.406781196594238 -0.24369840323925018 5.8707170486450195
-8.406781196594238 -0.24369840323925018 5.8707170486450195
-8.452576637268066 -0.246120885014534 5.8429341316223145
-8.4525785446167 -0.24611924588680267 1.5379372835159302
-8.406783103942871 -0.2436966896057129 1.5379379987716675
-8.452576637268066 -0.246120885014534 5.8429341316223145
-8.502213478088379 -0.24919556081295013 5.804286479949951
-8.502214431762695 -0.24919374287128448 1.537939429283142
-8.4525785446167 -0.24611924588680267 1.5379372835159302
-8.502213478088379 -0.24919556081295013 5.804286479949951
-8.54684829711914 -0.2523825466632843 5.760615348815918
-8.546850204467773 -0.2523806691169739 1.5379407405853271
-8.502214431762695 -0.24919374287128448 1.537939429283142
-8.54684829711914 -0.2523825466632843 5.760615348815918
-8.586491584777832 -0.2555660903453827 5.7031378746032715
-8.586492538452148 -0.2555641829967499 1.5379399061203003
-8.546850204467773 -0.2523806691169739 1.5379407405853271
-8.586491584777832 -0.2555660903453827 5.7031378746032715
-8.626100540161133 -0.25909408926963806 5.630672454833984
-8.626100540161133 -0.25909197330474854 1.5379416942596436
-8.586492538452148 -0.2555641829967499 1.5379399061203003
-8.626100540161133 -0.25909408926963806 5.630672454833984
-8.647085189819336 -0.2611088454723358 5.569009304046631
-8.647709846496582 -0.26116806268692017 1.5379412174224854
-8.626100540161133 -0.25909197330474854 1.5379416942596436
-8.647085189819336 -0.2611088454723358 5.569009304046631
-8.668089866638184 -0.26322925090789795 5.503836154937744
-8.6680908203125 -0.26322683691978455 1.5379374027252197
-8.647709846496582 -0.26116806268692017 1.5379412174224854
-7.6135149002075195 -0.24153119325637817 5.9190897941589355
-7.570716381072998 -0.24312959611415863 5.899291515350342
-7.928447723388672 -0.2364560067653656 5.9874587059021
-7.975622653961182 -0.23609356582164764 5.987614154815674
-7.8612213134765625 -0.23672667145729065 5.982301235198975
-7.812655925750732 -0.2371557503938675 5.976339817047119
-7.756407260894775 -0.2379344403743744 5.965658187866211
-7.697751522064209 -0.2391093224287033 5.950555324554443
-7.656638145446777 -0.24017690122127533 5.936491966247559
-7.5215983390808105 -0.24529960751533508 5.870715141296387
-7.5215983390808105 -0.24529960751533508 5.870715141296387
-7.50881290435791 -0.24592497944831848 1.5379379987716675
-7.485074520111084 -0.24715906381607056 1.5379387140274048
-7.475803375244141 -0.24766811728477478 5.842932224273682
-7.475803375244141 -0.24766811728477478 5.842932224273682
-7.485074520111084 -0.24715906381607056 1.5379387140274048
-7.4261674880981445 -0.2506338059902191 1.5379383563995361
-7.426166534423828 -0.25063538551330566 5.804286003112793
-7.426166534423828 -0.25063538551330566 5.804286003112793
-7.4261674880981445 -0.2506338059902191 1.5379383563995361
-7.381532192230225 -0.2536790072917938 1.5379393100738525
-7.38153076171875 -0.25368064641952515 5.760613918304443
-7.38153076171875 -0.25368064641952515 5.760613918304443
-7.381532192230225 -0.2536790072917938 1.5379393100738525
-7.34188985824585 -0.25669893622398376 1.5379393100738525
-7.341888904571533 -0.25670069456100464 5.703136444091797
-7.341888904571533 -0.25670069456100464 5.703136444091797
-7.34188985824585 -0.25669893622398376 1.5379393100738525
-7.302280426025391 -0.26002711057662964 1.5379387140274048
-7.302279472351074 -0.2600289583206177 5.630671501159668
-7.302279472351074 -0.2600289583206177 5.630671501159668
-7.302280426025391 -0.26002711057662964 1.5379387140274048
-7.280673503875732 -0.2619783878326416 1.537939190864563
-7.275740623474121 -0.26192283630371094 5.563502788543701
-7.275740623474121 -0.26192283630371094 5.563502788543701
-7.280673503875732 -0.2619783878326416 1.537939190864563
-7.260291576385498 -0.2632472813129425 1.537936806678772
-7.260289669036865 -0.2639114260673523 5.5038347244262695
