12.624809 0.000000 -3.706979
11.069039 0.000000 -7.113641
8.616521 0.000000 -9.943996
5.465944 0.000000 -11.968749
1.872548 0.000000 -13.023865
-1.872551 0.000000 -13.023865
-5.465946 0.000000 -11.968748
-8.616522 0.000000 -9.943995
-11.069040 0.000000 -7.113640
-12.624809 0.000000 -3.706980
-13.157791 0.000000 -0.000003
-12.624810 -0.000000 3.706974
-11.069041 -0.000000 7.113634
-8.616526 -0.000000 9.943990
-5.465951 -0.000000 11.968745
-1.872558 -0.000000 13.023862
1.872539 -0.000000 13.023865
5.465934 -0.000000 11.968752
8.616512 -0.000000 9.944003
11.069032 -0.000000 7.113651
12.624805 -0.000000 3.706992
13.157791 35.390079 -0.000001
12.624809 35.390079 -3.706979
11.069039 35.390079 -7.113641
8.616521 35.390079 -9.943996
5.465944 35.390079 -11.968749
1.872548 35.390079 -13.023865
-1.872551 35.390079 -13.023865
-5.465946 35.390079 -11.968748
-8.616522 35.390079 -9.943995
-11.069040 35.390079 -7.113640
-12.624809 35.390079 -3.706980
-13.157791 35.390079 -0.000003
-12.624810 35.390079 3.706974
-11.069041 35.390079 7.113634
-8.616526 35.390079 9.943990
-5.465951 35.390079 11.968745
-1.872558 35.390079 13.023862
1.872539 35.390079 13.023865
5.465934 35.390079 11.968752
8.616512 35.390079 9.944003
11.069032 35.390079 7.113651
12.624805 35.390079 3.706992
2.673557 0.000000 -0.785028
2.786426 0.000000 -0.000004
2.673554 -0.000000 0.785032
2.344090 -0.000000 1.506457
1.824720 -0.000000 2.105841
1.157520 -0.000000 2.534623
0.396546 -0.000000 2.758064
-0.396553 -0.000000 2.758064
-1.157524 -0.000000 2.534622
-1.824721 -0.000000 2.105839
-2.344091 -0.000000 1.506454
-2.673558 -0.000000 0.785025
-2.786427 0.000000 -0.000001
-2.673557 0.000000 -0.785028
-2.344092 0.000000 -1.506456
-1.824722 0.000000 -2.105840
-1.157523 0.000000 -2.534624
-0.396550 0.000000 -2.758066
0.396549 0.000000 -2.758066
1.157523 0.000000 -2.534624
1.824721 0.000000 -2.105842
2.344092 0.000000 -1.506456
2.786427 35.390079 -0.000004
2.673557 35.390079 -0.785028
2.344092 35.390079 -1.506456
1.824721 35.390079 -2.105841
1.157523 35.390079 -2.534624
0.396549 35.390079 -2.758066
-0.396550 35.390079 -2.758066
-1.157523 35.390079 -2.534624
-1.824723 35.390079 -2.105840
-2.344093 35.390079 -1.506456
-2.673557 35.390079 -0.785029
-2.786427 35.390079 -0.000001
-2.673557 35.390079 0.785025
-2.344092 35.390079 1.506455
-1.824721 35.390079 2.105839
-1.157524 35.390079 2.534622
-0.396553 35.390079 2.758064
0.396546 35.390079 2.758065
1.157521 35.390079 2.534623
1.824719 35.390079 2.105840
2.344090 35.390079 1.506457
2.673554 35.390079 0.785032
