9.545856 0.181176 -3.474399
8.797510 0.181176 -5.079236
7.781856 0.181176 -6.529743
6.529754 0.181176 -7.781848
5.079248 0.181176 -8.797504
3.474412 0.181176 -9.545851
1.764008 0.181176 -10.004155
0.000005 0.181176 -10.158487
-1.763998 0.181176 -10.004157
-3.474403 0.181176 -9.545857
-5.079240 0.181176 -8.797510
-6.529746 0.181176 -7.781856
-7.781851 0.181176 -6.529753
-8.797507 0.181176 -5.079247
-9.545855 0.181176 -3.474411
-10.000625 0.181176 -1.804383
-10.149546 0.222515 -0.071784
-10.067538 0.222515 1.321771
-9.577778 0.181176 3.411647
-8.802928 0.181176 5.071669
-7.781858 0.181176 6.529749
-6.529754 0.181176 7.781852
-5.079247 0.181176 8.797509
-3.474411 0.181176 9.545857
-1.764006 0.181176 10.004159
-0.000002 0.181176 10.158490
1.764001 0.181176 10.004160
3.474406 0.181176 9.545858
5.079244 0.181176 8.797512
6.529751 0.181176 7.781857
7.781854 0.181176 6.529754
8.797510 0.181176 5.079246
9.545859 0.181176 3.474409
10.004161 0.181176 1.764004
10.158491 0.181176 0.000001
10.004526 1.036877 -1.764061
9.546205 1.036877 -3.474526
8.797832 1.036877 -5.079422
7.782142 1.036877 -6.529985
6.529995 1.036877 -7.782135
5.079436 1.036877 -8.797824
3.474540 1.036877 -9.546200
1.764074 1.036877 -10.004523
0.000006 1.036877 -10.158861
-1.764062 1.036877 -10.004526
-3.474530 1.036877 -9.546207
-5.079427 1.036877 -8.797832
-6.529986 1.036877 -7.782140
-7.782135 1.036877 -6.529995
-8.797827 1.036877 -5.079434
-9.546202 1.036877 -3.474537
-10.000992 1.036877 -1.804449
-10.150128 1.005347 -0.071787
-10.068123 1.005347 1.321857
-9.578128 1.036877 3.411772
-8.803247 1.036877 5.071854
-7.782140 1.036877 6.529989
-6.529993 1.036877 7.782138
-5.079434 1.036877 8.797831
-3.474537 1.036877 9.546207
-1.764070 1.036877 10.004529
-0.000001 1.036877 10.158866
1.764067 1.036877 10.004529
3.474535 1.036877 9.546209
5.079433 1.036877 8.797834
6.529993 1.036877 7.782142
7.782141 1.036877 6.529994
8.797832 1.036877 5.079434
9.546209 1.036877 3.474536
10.004531 1.036877 1.764069
10.158867 1.036877 0.000001
5.541118 1.036877 -0.977043
5.287269 1.036877 -1.924406
4.872774 1.036877 -2.813292
4.310220 1.036877 -3.616699
3.616704 1.036877 -4.310218
2.813300 1.036877 -4.872773
1.924411 1.036877 -5.287267
0.977049 1.036877 -5.541118
0.000001 1.036877 -5.626599
-0.977047 1.036877 -5.541120
-1.924411 1.036877 -5.287272
-2.813298 1.036877 -4.872776
-3.616704 1.036877 -4.310220
-4.310220 1.036877 -3.616704
-4.872776 1.036877 -2.813299
-5.287272 1.036877 -1.924410
-5.539165 1.036877 -0.999413
-5.688258 1.005347 -0.039759
-5.695046 1.005347 0.875680
-5.318992 1.036877 1.896618
-4.877133 1.036877 2.807846
-4.310221 1.036877 3.616704
-3.616706 1.036877 4.310221
-2.813302 1.036877 4.872777
-1.924412 1.036877 5.287273
-0.977051 1.036877 5.541122
-0.000003 1.036877 5.626602
0.977046 1.036877 5.541122
1.924410 1.036877 5.287275
2.813298 1.036877 4.872779
3.616703 1.036877 4.310222
4.310220 1.036877 3.616706
4.872775 1.036877 2.813302
5.287272 1.036877 1.924413
5.541122 1.036877 0.977049
5.626601 1.036877 0.000001
5.513182 0.181176 -0.972128
5.260613 0.181176 -1.914723
4.848206 0.181176 -2.799138
4.288481 0.181176 -3.598504
3.598456 0.181176 -4.288533
2.799091 0.181176 -4.848257
1.914675 0.181176 -5.260667
0.972080 0.181176 -5.513236
-0.000052 0.181176 -5.598287
-0.972185 0.181176 -5.513237
-1.914781 0.181176 -5.260669
-2.799197 0.181176 -4.848260
-3.598562 0.181176 -4.288535
-4.288590 0.181176 -3.598509
-4.848314 0.181176 -2.799145
-5.260723 0.181176 -1.914728
-5.511346 0.181176 -0.994385
-5.663335 0.222515 -0.039559
-5.670019 0.222515 0.871879
-5.292254 0.181176 1.887110
-4.852646 0.181176 2.793723
-4.288592 0.181176 3.598509
-3.598566 0.181176 4.288536
-2.799201 0.181176 4.848261
-1.914784 0.181176 5.260670
-0.972189 0.181176 5.513239
-0.000056 0.181176 5.598291
0.972076 0.181176 5.513240
1.914673 0.181176 5.260672
2.799089 0.181176 4.848263
3.598453 0.181176 4.288538
4.288481 0.181176 3.598511
4.848207 0.181176 2.799146
5.260617 0.181176 1.914730
5.513184 0.181176 0.972134
5.598235 0.181176 0.000001
-1.119085 1.189730 6.346651
-2.204167 1.189730 6.055900
-3.222277 1.189730 5.581147
-4.142476 1.189730 4.936813
-4.936810 1.189730 4.142476
-5.585693 1.189730 3.216439
-6.087663 1.189730 2.170066
-6.461218 1.123693 0.931470
-6.437752 0.097254 0.927998
-6.062501 0.016657 2.161119
-5.562650 0.016657 3.203149
-4.916456 0.016657 4.125353
-4.125404 0.016657 4.916405
-3.209007 0.016657 5.558076
-2.195106 0.016657 6.030866
-1.114509 0.016657 6.320412
-0.000050 0.016657 6.417915
1.114409 0.016657 6.320413
2.195007 0.016657 6.030867
3.208908 0.016657 5.558078
4.125305 0.016657 4.916407
4.916357 0.016657 4.125356
5.558029 0.016657 3.208959
6.030818 0.016657 2.195058
6.320363 0.016657 1.114460
6.417867 0.016657 0.000001
6.320361 0.016657 -1.114454
6.030815 0.016657 -2.195050
5.558028 0.016657 -3.208951
4.916357 0.016657 -4.125349
4.125307 0.016657 -4.916402
3.208910 0.016657 -5.558072
2.195009 0.016657 -6.030862
1.114413 0.016657 -6.320408
-0.000045 0.016657 -6.417912
-1.114504 0.016657 -6.320409
-2.195102 0.016657 -6.030864
-3.209003 0.016657 -5.558076
-4.125400 0.016657 -4.916405
-4.916452 0.016657 -4.125354
-5.558123 0.016657 -3.208958
-6.030912 0.016657 -2.195056
-6.318227 0.016657 -1.139969
-6.442034 0.097254 -0.025511
-6.465380 1.123693 -0.025617
-6.344406 1.189730 -1.144701
-6.055895 1.189730 -2.204168
-5.581142 1.189730 -3.222278
-4.936808 1.189730 -4.142478
-4.142472 1.189730 -4.936811
-3.222273 1.189730 -5.581146
-2.204164 1.189730 -6.055898
-1.119080 1.189730 -6.346649
0.000005 1.189730 -6.444555
1.119090 1.189730 -6.346647
2.204172 1.189730 -6.055894
3.222281 1.189730 -5.581143
4.142480 1.189730 -4.936809
4.936814 1.189730 -4.142471
5.581148 1.189730 -3.222270
6.055898 1.189730 -2.204162
6.346650 1.189730 -1.119079
6.444560 1.189730 0.000001
6.346654 1.189730 1.119086
6.055902 1.189730 2.204170
5.581148 1.189730 3.222280
4.936814 1.189730 4.142479
4.142479 1.189730 4.936814
3.222279 1.189730 5.581149
2.204170 1.189730 6.055902
1.119085 1.189730 6.346652
0.000000 1.189730 6.444558
-1.627601 1.189730 9.230580
-3.205747 1.189730 8.807713
-4.686489 1.189730 8.117232
-6.024833 1.189730 7.180114
-7.180114 1.189730 6.024830
-8.122465 1.189730 4.679279
-8.839601 1.189730 3.149047
-9.343742 1.123693 1.211944
-9.338516 0.097254 1.211171
-8.834002 0.016657 3.147055
-8.117337 0.016657 4.676320
-7.175584 0.016657 6.021017
-6.021031 0.016657 7.175570
-4.683534 0.016657 8.112096
-3.203730 0.016657 8.802141
-1.626583 0.016657 9.224736
-0.000012 0.016657 9.367043
1.626558 0.016657 9.224738
3.203706 0.016657 8.802143
4.683510 0.016657 8.112099
6.021009 0.016657 7.175573
7.175561 0.016657 6.021021
8.112088 0.016657 4.683523
8.802133 0.016657 3.203719
9.224728 0.016657 1.626571
9.367034 0.016657 0.000001
9.224724 0.016657 -1.626563
8.802129 0.016657 -3.203710
8.112088 0.016657 -4.683514
7.175562 0.016657 -6.021012
6.021011 0.016657 -7.175565
4.683514 0.016657 -8.112092
3.203711 0.016657 -8.802137
1.626564 0.016657 -9.224733
-0.000005 0.016657 -9.367042
-1.626575 0.016657 -9.224735
-3.203723 0.016657 -8.802141
-4.683528 0.016657 -8.112098
-6.021025 0.016657 -7.175572
-7.175578 0.016657 -6.021020
-8.112105 0.016657 -4.683523
-8.802149 0.016657 -3.203720
-9.221489 0.016657 -1.663804
-9.399918 0.097254 -0.037234
-9.405115 1.123693 -0.037258
-9.227317 1.189730 -1.664857
-8.807709 1.189730 -3.205748
-8.117227 1.189730 -4.686489
-7.180109 1.189730 -6.024835
-6.024827 1.189730 -7.180115
-4.686483 1.189730 -8.117232
-3.205741 1.189730 -8.807712
-1.627594 1.189730 -9.230578
0.000006 1.189730 -9.372974
1.627606 1.189730 -9.230575
3.205750 1.189730 -8.807708
4.686492 1.189730 -8.117225
6.024835 1.189730 -7.180109
7.180116 1.189730 -6.024825
8.117233 1.189730 -4.686479
8.807711 1.189730 -3.205737
9.230577 1.189730 -1.627593
9.372980 1.189730 0.000001
9.230583 1.189730 1.627601
8.807716 1.189730 3.205747
8.117234 1.189730 4.686490
7.180115 1.189730 6.024833
6.024832 1.189730 7.180116
4.686488 1.189730 8.117234
3.205746 1.189730 8.807715
1.627599 1.189730 9.230581
-0.000001 1.189730 9.372977
-5.625589 1.036877 -0.256782
-5.597336 0.181176 -0.255490
-6.416807 0.016657 -0.292895
-9.365366 0.016657 -0.427486
-10.156659 0.181176 -0.463606
-10.157032 1.036877 -0.463623
-9.371285 1.189730 -0.427757
-6.443394 1.189730 -0.294111
-5.581170 1.036877 1.104813
-5.553066 0.181176 1.099333
-6.351855 0.016657 1.226502
-9.226160 0.016657 1.684387
-9.997525 0.181176 1.807268
-9.997897 1.036877 1.807340
-9.232049 1.189730 1.685535
-6.378302 1.189730 1.231659
-5.554545 0.638193 -0.253538
-5.469212 0.638193 -0.986787
-5.220502 0.638193 -1.900099
-4.811243 0.638193 -2.777758
-4.255795 0.638193 -3.571015
-3.571039 0.638193 -4.255769
-2.777783 0.638193 -4.811218
-1.900124 0.638193 -5.220477
-0.964729 0.638193 -5.471116
-0.000024 0.638193 -5.555517
0.964681 0.638193 -5.471115
1.900074 0.638193 -5.220473
2.777733 0.638193 -4.811215
3.570990 0.638193 -4.255767
4.255744 0.638193 -3.571010
4.811192 0.638193 -2.777752
5.220448 0.638193 -1.900094
5.471090 0.638193 -0.964700
5.555493 0.638193 0.000001
5.471093 0.638193 0.964706
5.220452 0.638193 1.900101
4.811192 0.638193 2.777761
4.255743 0.638193 3.571017
3.570988 0.638193 4.255771
2.777732 0.638193 4.811221
1.900073 0.638193 5.220480
0.964677 0.638193 5.471120
-0.000028 0.638193 5.555520
-0.964733 0.638193 5.471118
-1.900126 0.638193 5.220478
-2.777787 0.638193 4.811219
-3.571042 0.638193 4.255770
-4.255797 0.638193 3.571015
-4.815575 0.638193 2.772348
-5.252130 0.638193 1.872834
-5.511657 0.638193 1.093281
-5.644690 0.639433 0.851019
-6.458303 0.646877 0.901482
-9.351928 0.646877 1.166718
-10.117112 0.639433 1.287488
-10.049257 0.638193 1.815509
-9.627657 0.638193 3.429391
-8.848905 0.638193 5.098182
-7.822515 0.638193 6.563867
-6.563871 0.638193 7.822512
-5.105786 0.638193 8.843474
-3.492563 0.638193 9.595733
-1.773222 0.638193 10.056431
-0.000002 0.638193 10.211569
1.773219 0.638193 10.056432
3.492561 0.638193 9.595735
5.105784 0.638193 8.843478
6.563870 0.638193 7.822517
7.822515 0.638193 6.563871
8.843477 0.638193 5.105786
9.595735 0.638193 3.492562
10.056433 0.638193 1.773221
10.211571 0.638193 0.000001
10.056430 0.638193 -1.773213
9.595732 0.638193 -3.492552
8.843475 0.638193 -5.105775
7.822516 0.638193 -6.563862
6.563873 0.638193 -7.822508
5.105788 0.638193 -8.843469
3.492566 0.638193 -9.595727
1.773226 0.638193 -10.056426
0.000006 0.638193 -10.211564
-1.773214 0.638193 -10.056428
-3.492556 0.638193 -9.595733
-5.105778 0.638193 -8.843475
-6.563863 0.638193 -7.822515
-7.822509 0.638193 -6.563872
-8.843471 0.638193 -5.105786
-9.595729 0.638193 -3.492564
-10.052877 0.638193 -1.813811
-10.209727 0.638193 -0.466028
-10.193870 0.639433 -0.040591
-9.405959 0.646877 -0.000003
-6.456772 0.646877 -0.000001
-5.632945 0.639433 -0.022083
9.863541 0.861494 -2.642920
9.254753 0.861494 -4.315554
8.364765 0.861494 -5.857064
7.220619 0.861494 -7.220610
5.857076 0.861494 -8.364757
4.315568 0.861494 -9.254747
2.642934 0.861494 -9.863539
0.889996 0.861494 -10.172633
-0.889984 0.861494 -10.172634
-2.642923 0.861494 -9.863543
-4.315557 0.861494 -9.254754
-5.857066 0.861494 -8.364764
-7.220611 0.861494 -7.220618
-8.364760 0.861494 -5.857075
-9.254749 0.861494 -4.315566
-9.863541 0.861494 -2.642932
-10.158430 0.861494 -1.052345
-10.135092 0.861494 1.441029
-9.276465 0.861494 4.285165
-8.364765 0.861494 5.857070
-7.220617 0.861494 7.220614
-5.857074 0.861494 8.364764
-4.315565 0.861494 9.254754
-2.642930 0.861494 9.863544
-0.889992 0.861494 10.172637
0.889989 0.861494 10.172637
2.642928 0.861494 9.863546
4.315563 0.861494 9.254756
5.857073 0.861494 8.364767
7.220617 0.861494 7.220618
8.364765 0.861494 5.857074
9.254756 0.861494 4.315565
9.863548 0.861494 2.642930
10.172640 0.861494 0.889991
10.172637 0.861494 -0.889986
9.659909 1.139758 -2.588357
9.063689 1.139758 -4.226460
8.192075 1.139758 -5.736145
7.071549 1.139758 -7.071541
5.736157 1.139758 -8.192068
4.226473 1.139758 -9.063683
2.588371 1.139758 -9.659906
0.871622 1.139758 -9.962619
-0.871610 1.139758 -9.962621
-2.588360 1.139758 -9.659911
-4.226463 1.139758 -9.063690
-5.736148 1.139758 -8.192074
-7.071542 1.139758 -7.071548
-8.192070 1.139758 -5.736156
-9.063685 1.139758 -4.226471
-9.659909 1.139758 -2.588368
-9.948710 1.139758 -1.030619
-9.928229 1.139758 1.417297
-9.085204 1.139758 4.196465
-8.192074 1.139758 5.736151
-7.071547 1.139758 7.071546
-5.736156 1.139758 8.192073
-4.226471 1.139758 9.063688
-2.588367 1.139758 9.659912
-0.871618 1.139758 9.962624
0.871615 1.139758 9.962624
2.588365 1.139758 9.659914
4.226469 1.139758 9.063692
5.736154 1.139758 8.192076
7.071548 1.139758 7.071548
8.192074 1.139758 5.736156
9.063691 1.139758 4.226471
9.659915 1.139758 2.588367
9.962627 1.139758 0.871617
9.962624 1.139758 -0.871612
9.658467 0.066629 -2.587971
9.062337 0.066629 -4.225830
8.190852 0.066629 -5.735289
7.070491 0.066629 -7.070485
5.735298 0.066629 -8.190848
4.225840 0.066629 -9.062334
2.587982 0.066629 -9.658467
0.871489 0.066629 -9.961133
-0.871483 0.066629 -9.961134
-2.587977 0.066629 -9.658471
-4.225836 0.066629 -9.062340
-5.735295 0.066629 -8.190854
-7.070490 0.066629 -7.070493
-8.190852 0.066629 -5.735300
-9.062339 0.066629 -4.225841
-9.658472 0.066629 -2.587983
-9.947228 0.066629 -1.030466
-9.926731 0.066629 1.417057
-9.083853 0.066629 4.195842
-8.190858 0.066629 5.735295
-7.070497 0.066629 7.070490
-5.735302 0.066629 8.190852
-4.225843 0.066629 9.062339
-2.587984 0.066629 9.658472
-0.871491 0.066629 9.961137
0.871482 0.066629 9.961137
2.587976 0.066629 9.658473
4.225835 0.066629 9.062342
5.735295 0.066629 8.190856
7.070490 0.066629 7.070494
8.190851 0.066629 5.735300
9.062339 0.066629 4.225840
9.658472 0.066629 2.587981
9.961136 0.066629 0.871487
9.961134 0.066629 -0.871482
-3.190971 0.861494 -4.557165
-3.933835 0.861494 -3.933825
0.484858 0.861494 5.542109
-0.484885 0.861494 5.542109
-1.439894 0.861494 5.373712
1.439870 0.861494 5.373713
-2.351152 0.861494 -5.042038
-1.439892 0.861494 -5.373710
-0.484880 0.861494 -5.542105
0.484862 0.861494 -5.542105
1.439872 0.861494 -5.373707
2.351132 0.861494 -5.042034
3.190951 0.861494 -4.557163
3.933814 0.861494 -3.933821
4.557154 0.861494 -3.190955
5.042025 0.861494 -2.351136
5.373697 0.861494 -1.439877
5.542095 0.861494 -0.484868
5.542098 0.861494 0.484872
4.557154 0.861494 3.190964
5.042027 0.861494 2.351144
5.373701 0.861494 1.439883
3.933814 0.861494 3.933827
3.190949 0.861494 4.557168
2.351131 0.861494 5.042041
-5.059394 0.861494 2.329464
-4.557178 0.861494 3.190961
-3.933837 0.861494 3.933826
-3.190975 0.861494 4.557166
-2.351155 0.861494 5.042039
-5.573854 0.861494 0.917412
-5.534381 0.861494 -0.573322
-5.373723 0.861494 -1.439882
-5.042048 0.861494 -2.351142
-4.557176 0.861494 -3.190962
-9.972602 0.898117 1.223629
-10.038541 0.898117 -0.000003
-1.501571 1.139758 5.603943
-2.451873 1.139758 5.258059
-3.327674 1.139758 4.752413
-4.102364 1.139758 4.102366
-4.752411 1.139758 3.327674
-5.275643 1.139758 2.429731
-5.807897 1.139758 0.944603
-5.830525 0.898117 0.844321
-5.776622 0.066629 0.939576
-5.247327 0.066629 2.416690
-4.726925 0.066629 3.309787
-4.080374 0.066629 4.080315
-3.309847 0.066629 4.726867
-2.438752 0.066629 5.229795
-1.493558 0.066629 5.573817
-0.502985 0.066629 5.748483
0.502868 0.066629 5.748484
1.493442 0.066629 5.573818
2.438636 0.066629 5.229796
3.309730 0.066629 4.726868
4.080257 0.066629 4.080317
4.726810 0.066629 3.309790
5.229738 0.066629 2.438696
5.573760 0.066629 1.493501
5.748426 0.066629 0.502928
5.748425 0.066629 -0.502924
5.573758 0.066629 -1.493495
5.229737 0.066629 -2.438688
4.726810 0.066629 -3.309782
4.080259 0.066629 -4.080312
3.309732 0.066629 -4.726864
2.438638 0.066629 -5.229790
1.493445 0.066629 -5.573813
0.502873 0.066629 -5.748480
-0.502981 0.066629 -5.748480
-1.493554 0.066629 -5.573816
-2.438748 0.066629 -5.229794
-3.309842 0.066629 -4.726867
-4.080371 0.066629 -4.080315
-4.726922 0.066629 -3.309789
-5.229850 0.066629 -2.438694
-5.573872 0.066629 -1.493500
-5.740512 0.066629 -0.594672
-5.816752 0.898117 -0.000001
-5.771482 1.139758 -0.597885
-5.603939 1.139758 -1.501572
-5.258055 1.139758 -2.451874
-4.752408 1.139758 -3.327675
-4.102361 1.139758 -4.102365
-3.327671 1.139758 -4.752411
-2.451871 1.139758 -5.258058
-1.501568 1.139758 -5.603942
-0.505640 1.139758 -5.779552
0.505649 1.139758 -5.779550
1.501576 1.139758 -5.603938
2.451878 1.139758 -5.258054
3.327679 1.139758 -4.752409
4.102369 1.139758 -4.102361
4.752414 1.139758 -3.327668
5.258058 1.139758 -2.451868
5.603942 1.139758 -1.501567
5.779555 1.139758 -0.505641
5.779558 1.139758 0.505646
5.603946 1.139758 1.501573
5.258061 1.139758 2.451877
4.752414 1.139758 3.327677
4.102368 1.139758 4.102368
3.327677 1.139758 4.752415
2.451877 1.139758 5.258061
1.501574 1.139758 5.603944
0.505645 1.139758 5.779555
-0.505645 1.139758 5.779554
-2.047576 1.206387 7.641658
-3.343429 1.206387 7.170003
-4.537693 1.206387 6.480495
-5.594078 1.206387 5.594079
-6.480494 1.206387 4.537690
-7.189562 1.206387 3.317336
-7.877947 1.206387 1.182084
-7.911500 0.934740 1.034885
-7.861633 -0.000001 1.179462
-7.174793 -0.000001 3.310534
-6.467202 -0.000001 4.528360
-5.582608 -0.000001 5.582575
-4.528393 -0.000001 6.467169
-3.336585 -0.000001 7.155260
-2.043397 -0.000001 7.625943
-0.688122 -0.000001 7.864916
0.688060 -0.000001 7.864916
2.043335 -0.000001 7.625944
3.336523 -0.000001 7.155263
4.528331 -0.000001 6.467172
5.582547 -0.000001 5.582578
6.467141 -0.000001 4.528363
7.155233 -0.000001 3.336555
7.625915 -0.000001 2.043367
7.864887 -0.000001 0.688091
7.864885 -0.000001 -0.688087
7.625911 -0.000001 -2.043358
7.155231 -0.000001 -3.336546
6.467141 -0.000001 -4.528354
5.582549 -0.000001 -5.582571
4.528334 -0.000001 -6.467165
3.336526 -0.000001 -7.155257
2.043339 -0.000001 -7.625939
0.688065 -0.000001 -7.864912
-0.688116 -0.000001 -7.864913
-2.043391 -0.000001 -7.625942
-3.336579 -0.000001 -7.155261
-4.528387 -0.000001 -6.467170
-5.582604 -0.000001 -5.582577
-6.467198 -0.000001 -4.528362
-7.155288 -0.000001 -3.336555
-7.625970 -0.000001 -2.043367
-7.853962 -0.000001 -0.813614
-7.937775 0.934740 -0.000002
-7.870116 1.206387 -0.815290
-7.641654 1.206387 -2.047577
-7.169999 1.206387 -3.343430
-6.480490 1.206387 -4.537693
-5.594074 1.206387 -5.594080
-4.537687 1.206387 -6.480494
-3.343424 1.206387 -7.170003
-2.047571 1.206387 -7.641656
-0.689503 1.206387 -7.881121
0.689514 1.206387 -7.881120
2.047581 1.206387 -7.641652
3.343433 1.206387 -7.169998
4.537695 1.206387 -6.480490
5.594082 1.206387 -5.594074
6.480496 1.206387 -4.537684
7.170003 1.206387 -3.343421
7.641656 1.206387 -2.047569
7.881124 1.206387 -0.689505
7.881127 1.206387 0.689509
7.641661 1.206387 2.047577
7.170006 1.206387 3.343431
6.480497 1.206387 4.537694
5.594081 1.206387 5.594081
4.537693 1.206387 6.480497
3.343430 1.206387 7.170006
2.047577 1.206387 7.641659
0.689508 1.206387 7.881124
-0.689509 1.206387 7.881124
-5.576801 0.861494 -0.088451
-5.784514 0.066629 -0.091745
-7.914163 -0.000001 -0.125523
-10.023475 0.066629 -0.158979
-10.236295 0.861494 -0.162355
-10.024967 1.139758 -0.159003
-7.930440 1.206387 -0.125782
-5.815719 1.139758 -0.092240
-5.413721 0.861494 1.439017
-5.612618 0.066629 1.487725
-7.655339 -0.000001 1.992183
-9.678550 0.066629 2.491823
-9.882682 0.861494 2.542234
-9.680001 1.139758 2.492205
-7.671166 1.206387 1.996354
-5.642963 1.139758 1.495722
-5.518086 0.391559 -0.571631
-5.357901 0.391559 -1.435634
-5.027207 0.391559 -2.344206
-4.543765 0.391559 -3.181550
-3.922264 0.391559 -3.922222
-3.181590 0.391559 -4.543724
-2.344248 0.391559 -5.027166
-1.435675 0.391559 -5.357859
-0.483481 0.391559 -5.525756
0.483400 0.391559 -5.525756
1.435593 0.391559 -5.357856
2.344166 0.391559 -5.027162
3.181508 0.391559 -4.543721
3.922180 0.391559 -3.922219
4.543681 0.391559 -3.181544
5.027122 0.391559 -2.344201
5.357815 0.391559 -1.435629
5.525715 0.391559 -0.483438
5.525717 0.391559 0.483442
5.357818 0.391559 1.435636
5.027124 0.391559 2.344209
4.543681 0.391559 3.181552
3.922179 0.391559 3.922224
3.181506 0.391559 4.543725
2.344164 0.391559 5.027168
1.435591 0.391559 5.357862
0.483396 0.391559 5.525760
-0.483485 0.391559 5.525759
-1.435678 0.391559 5.357860
-2.344251 0.391559 5.027166
-3.181594 0.391559 4.543724
-3.922267 0.391559 3.922223
-4.543768 0.391559 3.181549
-5.044494 0.391559 2.322602
-5.397754 0.391559 1.434809
-5.557397 0.391559 0.914767
-5.814804 0.361552 0.842074
-7.903299 0.331546 1.033713
-9.971849 0.361552 1.223522
-10.135090 0.391559 1.441029
-9.882683 0.391559 2.542234
-9.276467 0.391559 4.285165
-8.364766 0.391559 5.857070
-7.220618 0.391559 7.220613
-5.857074 0.391559 8.364764
-4.315565 0.391559 9.254754
-2.642930 0.391559 9.863545
-0.889992 0.391559 10.172635
0.889989 0.391559 10.172636
2.642928 0.391559 9.863546
4.315563 0.391559 9.254757
5.857072 0.391559 8.364767
7.220617 0.391559 7.220618
8.364766 0.391559 5.857074
9.254757 0.391559 4.315565
9.863547 0.391559 2.642930
10.172639 0.391559 0.889991
10.172636 0.391559 -0.889986
9.863542 0.391559 -2.642920
9.254754 0.391559 -4.315554
8.364766 0.391559 -5.857063
7.220618 0.391559 -7.220609
5.857075 0.391559 -8.364759
4.315568 0.391559 -9.254749
2.642934 0.391559 -9.863539
0.889996 0.391559 -10.172631
-0.889984 0.391559 -10.172633
-2.642923 0.391559 -9.863544
-4.315557 0.391559 -9.254754
-5.857066 0.391559 -8.364765
-7.220610 0.391559 -7.220618
-8.364760 0.391559 -5.857074
-9.254750 0.391559 -4.315566
-9.863541 0.391559 -2.642932
-10.158429 0.391559 -1.052345
-10.236294 0.391559 -0.162355
-10.037795 0.361552 -0.000003
-7.929624 0.331546 -0.000002
-5.801128 0.361552 -0.000001
-5.560382 0.391559 -0.088190
9.863541 0.638193 -2.642920
9.595731 0.861494 -3.492552
9.812634 1.036877 -2.629279
10.056430 0.861494 -1.773213
9.254754 0.638193 -4.315554
8.843475 0.861494 -5.105775
9.206987 1.036877 -4.293280
8.364766 0.638193 -5.857064
7.822516 0.861494 -6.563862
8.321593 1.036877 -5.826834
7.220619 0.638193 -7.220609
6.563873 0.861494 -7.822508
7.183352 1.036877 -7.183343
5.857075 0.638193 -8.364758
5.105788 0.861494 -8.843468
5.826846 1.036877 -8.321586
4.315568 0.638193 -9.254748
3.492566 0.861494 -9.595726
4.293294 1.036877 -9.206981
2.642934 0.638193 -9.863539
1.773226 0.861494 -10.056426
2.629293 1.036877 -9.812631
0.889996 0.638193 -10.172633
0.000006 0.861494 -10.211566
0.885403 1.036877 -10.120129
-0.889984 0.638193 -10.172634
-1.773214 0.861494 -10.056430
-0.885391 1.036877 -10.120131
-2.642923 0.638193 -9.863544
-3.492555 0.861494 -9.595733
-2.629282 1.036877 -9.812635
-4.315557 0.638193 -9.254754
-5.105778 0.861494 -8.843475
-4.293284 1.036877 -9.206987
-5.857066 0.638193 -8.364765
-6.563864 0.861494 -7.822514
-5.826838 1.036877 -8.321592
-7.220610 0.638193 -7.220618
-7.822509 0.861494 -6.563872
-7.183344 1.036877 -7.183351
-8.364760 0.638193 -5.857075
-8.843471 0.861494 -5.105786
-8.321587 1.036877 -5.826846
-9.254750 0.638193 -4.315566
-9.595729 0.861494 -3.492564
-9.206983 1.036877 -4.293292
-9.863541 0.638193 -2.642932
-10.052877 0.861494 -1.813811
-9.812632 1.036877 -2.629290
-10.158430 0.638193 -1.052345
-10.209727 0.861494 -0.466028
-10.106001 1.036877 -1.046913
-10.135092 0.638193 1.441029
-10.049257 0.861494 1.815509
-10.083377 1.036877 1.435096
-10.117202 0.870649 1.287501
-9.276466 0.638193 4.285165
-8.848903 0.861494 5.098182
-9.228650 1.036877 4.262990
-9.627656 0.861494 3.429391
-8.364766 0.638193 5.857070
-7.822514 0.861494 6.563867
-8.321592 1.036877 5.826840
-7.220618 0.638193 7.220614
-6.563871 0.861494 7.822512
-7.183349 1.036877 7.183347
-5.857074 0.638193 8.364764
-5.105786 0.861494 8.843474
-5.826845 1.036877 8.321591
-4.315565 0.638193 9.254754
-3.492563 0.861494 9.595733
-4.293292 1.036877 9.206987
-2.642930 0.638193 9.863544
-1.773222 0.861494 10.056431
-2.629289 1.036877 9.812636
-0.889992 0.638193 10.172636
-0.000001 0.861494 10.211569
-0.885399 1.036877 10.120134
0.889989 0.638193 10.172636
1.773219 0.861494 10.056433
0.885396 1.036877 10.120134
2.642928 0.638193 9.863546
3.492561 0.861494 9.595735
2.629287 1.036877 9.812638
4.315563 0.638193 9.254757
5.105784 0.861494 8.843478
4.293290 1.036877 9.206990
5.857072 0.638193 8.364767
6.563870 0.861494 7.822516
5.826844 1.036877 8.321594
7.220617 0.638193 7.220618
7.822515 0.861494 6.563871
7.183349 1.036877 7.183351
8.364766 0.638193 5.857074
8.843477 0.861494 5.105786
8.321592 1.036877 5.826845
9.254756 0.638193 4.315565
9.595735 0.861494 3.492563
9.206989 1.036877 4.293291
9.863548 0.638193 2.642930
10.056434 0.861494 1.773221
9.812640 1.036877 2.629289
10.172639 0.638193 0.889991
10.211571 0.861494 0.000001
10.120137 1.036877 0.885397
10.172636 0.638193 -0.889986
10.120134 1.036877 -0.885393
9.397627 1.139758 -3.420449
9.053529 1.189730 -2.425878
9.848815 1.139758 -1.736605
8.660902 1.139758 -5.000366
8.494736 1.189730 -3.961153
7.661020 1.139758 -6.428352
7.677835 1.189730 -5.376071
6.428362 1.139758 -7.661013
6.627648 1.189730 -6.627640
5.000379 1.139758 -8.660895
5.376082 1.189730 -7.677828
3.420463 1.139758 -9.397622
3.961166 1.189730 -8.494729
1.736618 1.139758 -9.848812
2.425892 1.189730 -9.053527
0.000006 1.139758 -10.000749
0.816908 1.189730 -9.337238
-1.736606 1.139758 -9.848816
-0.816897 1.189730 -9.337239
-3.420452 1.139758 -9.397629
-2.425881 1.189730 -9.053531
-5.000370 1.139758 -8.660902
-3.961157 1.189730 -8.494736
-6.428353 1.139758 -7.661019
-5.376074 1.189730 -7.677834
-7.661014 1.139758 -6.428361
-6.627640 1.189730 -6.627646
-8.660897 1.139758 -5.000378
-7.677829 1.189730 -5.376081
-9.397625 1.139758 -3.420460
-8.494732 1.189730 -3.961163
-9.845337 1.139758 -1.776365
-9.053529 1.189730 -2.425889
-9.998948 1.139758 -0.456407
-9.324202 1.189730 -0.965924
-9.843815 1.139758 1.782834
-9.312227 1.189730 1.346628
-9.961678 1.079347 1.272071
-8.666281 1.139758 4.992872
-8.515663 1.189730 3.932333
-9.429543 1.139758 3.358914
-7.661018 1.139758 6.428357
-7.677834 1.189730 5.376077
-6.428360 1.139758 7.661018
-6.627645 1.189730 6.627645
-5.000377 1.139758 8.660901
-5.376080 1.189730 7.677834
-3.420459 1.139758 9.397629
-3.961163 1.189730 8.494736
-1.736614 1.139758 9.848818
-2.425888 1.189730 9.053533
-0.000001 1.139758 10.000752
-0.816904 1.189730 9.337242
1.736611 1.139758 9.848818
0.816902 1.189730 9.337243
3.420457 1.139758 9.397631
2.425886 1.189730 9.053534
5.000376 1.139758 8.660904
3.961162 1.189730 8.494738
6.428360 1.139758 7.661020
5.376080 1.189730 7.677836
7.661019 1.139758 6.428360
6.627646 1.189730 6.627647
8.660903 1.139758 5.000377
7.677835 1.189730 5.376080
9.397631 1.139758 3.420459
8.494738 1.189730 3.961163
9.848821 1.139758 1.736613
9.053536 1.189730 2.425887
10.000755 1.139758 0.000001
9.337245 1.189730 0.816903
9.337242 1.189730 -0.816899
9.812274 0.181176 -2.629183
9.847343 0.066629 -1.736346
9.047791 0.016657 -2.424343
9.396226 0.066629 -3.419939
9.206650 0.181176 -4.293123
8.489352 0.016657 -3.958647
8.659610 0.066629 -4.999621
8.321288 0.181176 -5.826620
7.672967 0.016657 -5.372668
7.659875 0.066629 -6.427391
7.183087 0.181176 -7.183077
6.623442 0.016657 -6.623445
6.427399 0.066629 -7.659870
5.826630 0.181176 -8.321281
5.372669 0.016657 -7.672971
4.999630 0.066629 -8.659606
4.293135 0.181176 -9.206645
3.958648 0.016657 -8.489357
3.419950 0.066629 -9.396224
2.629196 0.181176 -9.812271
2.424345 0.016657 -9.047799
1.736356 0.066629 -9.847343
0.885369 0.181176 -10.119757
0.816380 0.016657 -9.331328
0.000003 0.066629 -9.999256
-0.885359 0.181176 -10.119758
-0.816391 0.016657 -9.331329
-1.736350 0.066629 -9.847346
-2.629186 0.181176 -9.812276
-2.424357 0.016657 -9.047802
-3.419945 0.066629 -9.396229
-4.293127 0.181176 -9.206651
-3.958661 0.016657 -8.489363
-4.999627 0.066629 -8.659612
-5.826624 0.181176 -8.321288
-5.372682 0.016657 -7.672978
-6.427397 0.066629 -7.659878
-7.183080 0.181176 -7.183087
-6.623458 0.016657 -6.623453
-7.659875 0.066629 -6.427402
-8.321283 0.181176 -5.826630
-7.672984 0.016657 -5.372678
-8.659610 0.066629 -4.999631
-9.206648 0.181176 -4.293134
-8.489370 0.016657 -3.958657
-9.396229 0.066629 -3.419950
-9.812274 0.181176 -2.629194
-9.047811 0.016657 -2.424354
-9.843870 0.066629 -1.776100
-10.105628 0.181176 -1.046875
-9.318311 0.016657 -0.965313
-9.997459 0.066629 -0.456339
-10.083000 0.181176 1.435036
-9.960362 0.140360 1.271876
-9.306277 0.016657 1.345672
-9.842334 0.066629 1.782545
-9.228313 0.181176 4.262834
-9.428138 0.066629 3.358414
-8.510281 0.016657 3.929853
-8.664993 0.066629 4.992129
-8.321289 0.181176 5.826626
-7.672989 0.016657 5.372674
-7.659881 0.066629 6.427397
-7.183088 0.181176 7.183083
-6.623464 0.016657 6.623450
-6.427404 0.066629 7.659875
-5.826631 0.181176 8.321286
-5.372689 0.016657 7.672975
-4.999634 0.066629 8.659610
-4.293134 0.181176 9.206650
-3.958667 0.016657 8.489361
-3.419952 0.066629 9.396229
-2.629194 0.181176 9.812276
-2.424364 0.016657 9.047803
-1.736358 0.066629 9.847348
-0.885367 0.181176 10.119760
-0.816398 0.016657 9.331331
-0.000004 0.066629 9.999259
0.885362 0.181176 10.119761
0.816373 0.016657 9.331332
1.736349 0.066629 9.847348
2.629190 0.181176 9.812277
2.424340 0.016657 9.047805
3.419944 0.066629 9.396231
4.293131 0.181176 9.206654
3.958644 0.016657 8.489365
4.999627 0.066629 8.659614
5.826627 0.181176 8.321289
5.372665 0.016657 7.672979
6.427397 0.066629 7.659879
7.183084 0.181176 7.183087
6.623441 0.016657 6.623453
7.659874 0.066629 6.427402
8.321288 0.181176 5.826630
7.672967 0.016657 5.372678
8.659610 0.066629 4.999631
9.206653 0.181176 4.293133
8.489354 0.016657 3.958656
9.396229 0.066629 3.419949
9.812278 0.181176 2.629193
9.047795 0.016657 2.424353
9.847347 0.066629 1.736354
10.119762 0.181176 0.885365
9.331323 0.016657 0.816386
9.999258 0.066629 0.000001
10.119760 0.181176 -0.885360
9.331321 0.016657 -0.816382
-3.227258 1.036877 -4.609003
-3.576036 0.861494 -4.261742
-3.186513 0.638193 -4.550778
-2.781667 0.861494 -4.817971
-4.261753 0.861494 -3.576027
-3.928337 0.638193 -3.928311
-3.978572 1.036877 -3.978572
0.966046 0.861494 5.478800
0.484163 0.638193 5.534341
-0.000013 0.861494 5.563319
0.490384 1.036877 5.605152
-0.484220 0.638193 5.534339
-0.966073 0.861494 5.478799
-0.490390 1.036877 5.605152
-1.437891 0.638193 5.366180
-1.902779 0.861494 5.227806
-1.456263 1.036877 5.434839
1.902755 0.861494 5.227808
1.437836 0.638193 5.366181
1.456259 1.036877 5.434840
-1.902777 0.861494 -5.227805
-2.377887 1.036877 -5.099392
-2.347871 0.638193 -5.034971
-0.966069 0.861494 -5.478797
-1.456260 1.036877 -5.434838
-1.437888 0.638193 -5.366178
-0.000009 0.861494 -5.563315
-0.490385 1.036877 -5.605149
-0.484215 0.638193 -5.534337
0.966050 0.861494 -5.478795
0.490388 1.036877 -5.605147
0.484167 0.638193 -5.534336
1.902756 0.861494 -5.227801
1.456261 1.036877 -5.434834
1.437839 0.638193 -5.366175
2.781647 0.861494 -4.817968
2.377887 1.036877 -5.099388
2.347822 0.638193 -5.034967
3.576016 0.861494 -4.261740
3.227260 1.036877 -4.609001
3.186464 0.638193 -4.550776
4.261732 0.861494 -3.576021
3.978573 1.036877 -3.978569
3.928286 0.638193 -3.928308
4.817959 0.861494 -2.781651
4.609003 1.036877 -3.227253
4.550752 0.638193 -3.186483
5.099389 1.036877 -2.377881
5.034943 0.638193 -2.347841
5.227791 0.861494 -1.902762
5.366150 0.638193 -1.437858
5.478785 0.861494 -0.966054
5.434834 1.036877 -1.456256
5.534311 0.638193 -0.484188
5.563307 0.861494 0.000001
5.605149 1.036877 -0.490383
5.534314 0.638193 0.484192
5.478788 0.861494 0.966060
5.605151 1.036877 0.490387
4.817960 0.861494 2.781660
4.550752 0.638193 3.186491
4.261731 0.861494 3.576029
4.609003 1.036877 3.227262
5.227795 0.861494 1.902769
5.034945 0.638193 2.347849
5.099391 1.036877 2.377889
5.366154 0.638193 1.437865
5.434839 1.036877 1.456262
3.928285 0.638193 3.928314
3.576015 0.861494 4.261745
3.978572 1.036877 3.978575
3.186462 0.638193 4.550780
2.781646 0.861494 4.817974
3.227258 1.036877 4.609006
2.347820 0.638193 5.034974
2.377886 1.036877 5.099395
-4.822320 0.861494 2.776237
-5.052314 0.638193 2.326203
-5.259495 0.861494 1.875453
-5.116811 1.036877 2.356076
-4.261754 0.861494 3.576027
-4.550806 0.638193 3.186489
-4.609006 1.036877 3.227259
-3.576039 0.861494 4.261743
-3.928339 0.638193 3.928312
-3.978574 1.036877 3.978573
-2.781671 0.861494 4.817972
-3.186517 0.638193 4.550779
-3.227262 1.036877 4.609005
-2.347874 0.638193 5.034972
-2.377889 1.036877 5.099393
-5.519399 0.861494 1.094791
-5.566034 0.638193 0.916155
-5.652444 0.870649 0.852162
-5.636070 1.036877 0.924806
-5.562327 0.861494 -0.253894
-5.526637 0.638193 -0.572518
-5.476876 0.861494 -0.988172
-5.597326 1.036877 -0.579844
-5.366204 0.638193 -1.437863
-5.227816 0.861494 -1.902766
-5.434839 1.036877 -1.456261
-5.034996 0.638193 -2.347846
-4.817981 0.861494 -2.781657
-5.099392 1.036877 -2.377886
-4.550803 0.638193 -3.186490
-4.609004 1.036877 -3.227259
-9.353349 0.925584 1.166922
-9.972244 0.643155 1.223578
-10.193959 0.870649 -0.040591
-10.038187 0.643155 -0.000003
-9.407371 0.925584 -0.000003
-10.035316 1.079347 -0.039753
-1.667961 1.189730 6.224918
-1.007449 1.139758 5.713533
-1.984287 1.139758 5.451785
-2.723567 1.189730 5.840707
-2.900834 1.139758 5.024392
-3.696416 1.189730 5.279030
-3.729236 1.139758 4.444333
-4.556950 1.189730 4.556952
-4.444330 1.139758 3.729237
-5.279028 1.189730 3.696415
-5.028787 1.139758 2.895298
-5.858892 1.189730 2.700221
-5.483521 1.139758 1.955147
-6.438726 1.189730 1.016973
-5.751809 1.139758 1.132018
-5.828409 1.079347 0.869897
-6.464683 0.925584 0.902393
-5.823055 0.643155 0.843253
-6.412010 0.016657 1.012679
-5.800938 0.140360 0.865833
-5.607681 0.181176 0.920242
-5.720850 0.066629 1.125982
-5.834704 0.016657 2.689081
-5.454064 0.066629 1.944673
-5.091107 0.181176 2.344238
-5.001811 0.066629 2.879740
-5.257259 0.016657 3.681136
-4.585872 0.181176 3.211022
-4.420502 0.066629 3.709193
-4.538166 0.016657 4.538115
-3.958614 0.181176 3.958557
-3.709251 0.066629 4.420444
-3.681187 0.016657 5.257209
-3.211079 0.181176 4.585816
-2.885300 0.066629 4.997384
-2.712358 0.016657 5.816562
-2.365979 0.181176 5.073736
-1.973679 0.066629 5.422479
-1.661116 0.016657 6.199184
-1.448989 0.181176 5.407493
-1.002092 0.066629 5.682816
-0.559404 0.016657 6.393446
-0.487976 0.181176 5.576946
-0.000058 0.066629 5.770483
0.559304 0.016657 6.393447
0.487863 0.181176 5.576948
1.001975 0.066629 5.682817
1.661017 0.016657 6.199185
1.448878 0.181176 5.407494
1.973564 0.066629 5.422480
2.712259 0.016657 5.816565
2.365867 0.181176 5.073738
2.885184 0.066629 4.997386
3.681088 0.016657 5.257210
3.210967 0.181176 4.585817
3.709135 0.066629 4.420445
4.538066 0.016657 4.538117
3.958502 0.181176 3.958559
4.420386 0.066629 3.709195
5.257160 0.016657 3.681139
4.585761 0.181176 3.211025
4.997328 0.066629 2.885243
5.816515 0.016657 2.712310
5.073682 0.181176 2.365925
5.422423 0.066629 1.973623
6.199135 0.016657 1.661068
5.407438 0.181176 1.448935
5.682759 0.066629 1.002035
6.393398 0.016657 0.559355
5.576892 0.181176 0.487920
5.770427 0.066629 0.000001
6.393397 0.016657 -0.559351
5.576891 0.181176 -0.487916
5.682757 0.066629 -1.002029
6.199133 0.016657 -1.661060
5.407436 0.181176 -1.448928
5.422420 0.066629 -1.973616
5.816514 0.016657 -2.712302
5.073680 0.181176 -2.365917
4.997327 0.066629 -2.885235
5.257160 0.016657 -3.681130
4.585761 0.181176 -3.211017
4.420387 0.066629 -3.709188
4.538068 0.016657 -4.538111
3.958503 0.181176 -3.958554
3.709137 0.066629 -4.420441
3.681090 0.016657 -5.257205
3.210969 0.181176 -4.585813
2.885186 0.066629 -4.997380
2.712261 0.016657 -5.816558
2.365869 0.181176 -5.073732
1.973566 0.066629 -5.422474
1.661020 0.016657 -6.199179
1.448880 0.181176 -5.407489
1.001979 0.066629 -5.682813
0.559308 0.016657 -6.393443
0.487867 0.181176 -5.576944
-0.000054 0.066629 -5.770480
-0.559399 0.016657 -6.393443
-0.487971 0.181176 -5.576944
-1.002087 0.066629 -5.682814
-1.661112 0.016657 -6.199182
-1.448986 0.181176 -5.407491
-1.973676 0.066629 -5.422478
-2.712354 0.016657 -5.816562
-2.365975 0.181176 -5.073736
-2.885295 0.066629 -4.997384
-3.681183 0.016657 -5.257208
-3.211075 0.181176 -4.585815
-3.709248 0.066629 -4.420443
-4.538162 0.016657 -4.538116
-3.958610 0.181176 -3.958557
-4.420499 0.066629 -3.709193
-5.257255 0.016657 -3.681138
-4.585869 0.181176 -3.211023
-4.997440 0.066629 -2.885242
-5.816609 0.016657 -2.712309
-5.073789 0.181176 -2.365922
-5.422534 0.066629 -1.973621
-6.199230 0.016657 -1.661067
-5.407546 0.181176 -1.448933
-5.680865 0.066629 -1.024970
-6.384566 0.016657 -0.661392
-5.569214 0.181176 -0.576926
-5.769500 0.066629 -0.263348
-6.463114 0.925584 -0.000001
-5.809328 0.643155 -0.000001
-5.640658 0.870649 -0.022114
-5.820012 1.079347 -0.023061
-6.411021 1.189730 -0.664138
-5.800625 1.139758 -0.264771
-5.711512 1.139758 -1.030510
-6.224914 1.189730 -1.667962
-5.451782 1.139758 -1.984288
-5.840702 1.189730 -2.723567
-5.024388 1.139758 -2.900834
-5.279025 1.189730 -3.696417
-4.444328 1.139758 -3.729237
-4.556947 1.189730 -4.556951
-3.729233 1.139758 -4.444331
-3.696412 1.189730 -5.279029
-2.900830 1.139758 -5.024391
-2.723564 1.189730 -5.840706
-1.984285 1.139758 -5.451784
-1.667957 1.189730 -6.224917
-1.007444 1.139758 -5.713531
-0.561671 1.189730 -6.419985
0.000005 1.139758 -5.801670
0.561680 1.189730 -6.419984
1.007453 1.139758 -5.713529
1.667966 1.189730 -6.224913
1.984292 1.139758 -5.451780
2.723571 1.189730 -5.840702
2.900838 1.139758 -5.024388
3.696420 1.189730 -5.279026
3.729241 1.139758 -4.444330
4.556954 1.189730 -4.556947
4.444335 1.139758 -3.729232
5.279031 1.189730 -3.696410
5.024393 1.139758 -2.900828
5.840706 1.189730 -2.723561
5.451784 1.139758 -1.984284
6.224916 1.189730 -1.667956
5.713532 1.139758 -1.007444
6.419989 1.189730 -0.561672
5.801676 1.139758 0.000001
6.419992 1.189730 0.561676
5.713536 1.139758 1.007450
6.224921 1.189730 1.667963
5.451788 1.139758 1.984291
5.840709 1.189730 2.723570
5.024394 1.139758 2.900837
5.279031 1.189730 3.696419
4.444335 1.139758 3.729240
4.556954 1.189730 4.556953
3.729240 1.139758 4.444335
3.696418 1.189730 5.279032
2.900837 1.139758 5.024394
2.723570 1.189730 5.840709
1.984291 1.139758 5.451788
1.667963 1.189730 6.224919
1.007450 1.139758 5.713534
0.561676 1.189730 6.419989
0.000000 1.139758 5.801673
-0.561676 1.189730 6.419988
-1.373780 1.206387 7.791096
-2.705818 1.206387 7.434173
-3.955643 1.206387 6.851370
-5.085273 1.206387 6.060392
-6.060391 1.206387 5.085272
-6.856260 1.206387 3.949117
-7.465998 1.206387 2.660398
-7.807629 1.206387 1.458987
-7.904959 1.138475 1.071949
-7.907603 0.648118 1.034328
-7.890629 0.082886 1.069828
-7.791480 -0.000001 1.455838
-7.450635 -0.000001 2.654935
-6.842190 -0.000001 3.941002
-6.047962 -0.000001 5.074816
-5.074848 -0.000001 6.047930
-3.947539 -0.000001 6.837283
-2.700285 -0.000001 7.418886
-1.370986 -0.000001 7.775072
-0.000031 -0.000001 7.895016
1.370924 -0.000001 7.775073
2.700224 -0.000001 7.418888
3.947477 -0.000001 6.837286
5.074787 -0.000001 6.047933
6.047901 -0.000001 5.074818
6.837255 -0.000001 3.947509
7.418859 -0.000001 2.700256
7.775044 -0.000001 1.370956
7.894987 -0.000001 0.000001
7.775041 -0.000001 -1.370949
7.418855 -0.000001 -2.700247
6.837254 -0.000001 -3.947500
6.047903 -0.000001 -5.074810
5.074789 -0.000001 -6.047926
3.947480 -0.000001 -6.837278
2.700227 -0.000001 -7.418882
1.370929 -0.000001 -7.775068
-0.000025 -0.000001 -7.895012
-1.370980 -0.000001 -7.775070
-2.700280 -0.000001 -7.418886
-3.947533 -0.000001 -6.837283
-5.074843 -0.000001 -6.047931
-6.047958 -0.000001 -5.074818
-6.837310 -0.000001 -3.947509
-7.418913 -0.000001 -2.700255
-7.772354 -0.000001 -1.402337
-7.893622 -0.000001 -0.360306
-7.933902 0.648117 -0.000002
-7.937776 1.138475 -0.031447
-7.909858 1.206387 -0.361049
-7.788341 1.206387 -1.405227
-7.434169 1.206387 -2.705819
-6.851366 1.206387 -3.955643
-6.060387 1.206387 -5.085275
-5.085268 1.206387 -6.060392
-3.955637 1.206387 -6.851370
-2.705814 1.206387 -7.434172
-1.373774 1.206387 -7.791094
0.000005 1.206387 -7.911283
1.373785 1.206387 -7.791091
2.705823 1.206387 -7.434167
3.955646 1.206387 -6.851365
5.085276 1.206387 -6.060388
6.060394 1.206387 -5.085267
6.851371 1.206387 -3.955633
7.434171 1.206387 -2.705811
7.791094 1.206387 -1.373773
7.911288 1.206387 0.000001
7.791098 1.206387 1.373781
7.434175 1.206387 2.705820
6.851372 1.206387 3.955644
6.060394 1.206387 5.085275
5.085275 1.206387 6.060394
3.955643 1.206387 6.851372
2.705820 1.206387 7.434175
1.373780 1.206387 7.791096
-0.000000 1.206387 7.911286
-5.568999 0.638193 -0.088327
-5.640228 1.036877 -0.089457
-6.433505 0.016657 -0.102038
-5.611902 0.181176 -0.089007
-5.792680 0.140360 -0.022937
-9.389737 0.016657 -0.148927
-7.923519 0.082886 -0.031383
-10.183089 0.181176 -0.161511
-10.034009 0.140360 -0.039747
-10.236295 0.638193 -0.162355
-10.183463 1.036877 -0.161517
-9.395671 1.189730 -0.149022
-6.460161 1.189730 -0.102462
-5.406134 0.638193 1.437018
-5.474627 1.036877 1.454140
-6.235118 0.016657 1.641454
-5.447082 0.181176 1.446882
-9.070681 0.016657 2.341707
-9.831650 0.181176 2.529631
-9.882682 0.638193 2.542234
-9.832012 1.036877 2.529727
-9.076451 1.189730 2.343228
-6.261039 1.189730 1.648284
-5.545949 0.391559 -0.253145
-5.460749 0.391559 -0.985258
-5.212425 0.391559 -1.897153
-4.803801 0.391559 -2.773453
-4.249214 0.391559 -3.565480
-3.565520 0.391559 -4.249172
-2.773493 0.391559 -4.803760
-1.897195 0.391559 -5.212384
-0.963250 0.391559 -5.462634
-0.000040 0.391559 -5.546904
0.963169 0.391559 -5.462633
1.897112 0.391559 -5.212380
2.773411 0.391559 -4.803757
3.565438 0.391559 -4.249170
4.249130 0.391559 -3.565475
4.803717 0.391559 -2.773446
5.212340 0.391559 -1.897148
5.462591 0.391559 -0.963205
5.546864 0.391559 0.000001
5.462593 0.391559 0.963211
5.212343 0.391559 1.897156
4.803718 0.391559 2.773455
4.249130 0.391559 3.565481
3.565436 0.391559 4.249174
2.773409 0.391559 4.803762
1.897111 0.391559 5.212387
0.963165 0.391559 5.462637
-0.000044 0.391559 5.546907
-0.963254 0.391559 5.462636
-1.897197 0.391559 5.212385
-2.773497 0.391559 4.803760
-3.565524 0.391559 4.249173
-4.249217 0.391559 3.565479
-4.808126 0.391559 2.768051
-5.243996 0.391559 1.869942
-5.503109 0.391559 1.091614
-5.636127 0.384057 0.849757
-6.451254 0.339048 0.900475
-9.350358 0.339048 1.166494
-10.117013 0.384057 1.287474
-10.049256 0.391559 1.815508
-9.627658 0.391559 3.429391
-8.848905 0.391559 5.098182
-7.822516 0.391559 6.563866
-6.563871 0.391559 7.822512
-5.105785 0.391559 8.843474
-3.492563 0.391559 9.595733
-1.773222 0.391559 10.056431
-0.000002 0.391559 10.211568
1.773219 0.391559 10.056431
3.492561 0.391559 9.595735
5.105784 0.391559 8.843478
6.563869 0.391559 7.822516
7.822515 0.391559 6.563871
8.843477 0.391559 5.105785
9.595737 0.391559 3.492563
10.056433 0.391559 1.773221
10.211570 0.391559 0.000001
10.056428 0.391559 -1.773213
9.595732 0.391559 -3.492553
8.843476 0.391559 -5.105775
7.822516 0.391559 -6.563861
6.563872 0.391559 -7.822508
5.105787 0.391559 -8.843469
3.492566 0.391559 -9.595728
1.773226 0.391559 -10.056426
0.000006 0.391559 -10.211564
-1.773214 0.391559 -10.056429
-3.492555 0.391559 -9.595733
-5.105778 0.391559 -8.843475
-6.563863 0.391559 -7.822515
-7.822509 0.391559 -6.563871
-8.843471 0.391559 -5.105786
-9.595729 0.391559 -3.492564
-10.052877 0.391559 -1.813811
-10.209726 0.391559 -0.466028
-10.193771 0.384057 -0.040591
-9.404400 0.339047 -0.000003
-6.449768 0.339047 -0.000002
-5.624426 0.384057 -0.022048
