0.212284 22.179871 0.432930
0.481738 21.820599 0.432930
0.414373 21.364027 0.432930
0.796099 20.675426 0.432930
1.275126 20.323640 0.432930
2.495146 19.664978 0.432930
3.640322 19.537737 0.432930
4.418742 19.365585 0.432930
4.718132 19.073679 0.432930
4.321439 18.849135 0.432930
-0.260461 22.247232 0.455659
0.180476 22.179871 0.273018
0.429418 21.820599 0.169902
0.367182 21.364027 0.195680
0.719849 20.675426 0.049602
1.162414 20.323640 -0.133714
2.289567 19.664978 -0.600597
3.347570 19.537737 -1.038837
4.066735 19.365585 -1.336723
4.343337 19.073679 -1.451297
3.976839 18.849135 -1.299489
-0.247587 22.247232 0.474928
0.089892 22.179871 0.137450
0.280425 21.820599 -0.053082
0.232790 21.364027 -0.005449
0.502712 20.675426 -0.275369
0.841434 20.323640 -0.614093
1.704121 19.664978 -1.476778
2.513882 19.537735 -2.286539
3.064306 19.365585 -2.836964
3.276010 19.073679 -3.048666
2.995505 18.849135 -2.768161
-0.228316 22.247232 0.487804
-0.045675 22.179871 0.046866
0.057439 21.820599 -0.202075
0.031661 21.364027 -0.139839
0.177741 20.675426 -0.492508
0.361056 20.323640 -0.935071
0.827938 19.664978 -2.062225
1.266178 19.537737 -3.120228
1.564066 19.365585 -3.839393
1.678638 19.073679 -4.115995
1.526830 18.849135 -3.749497
-0.205589 22.247232 0.492323
-0.205589 22.179871 0.015057
-0.205589 21.820599 -0.254395
-0.205589 21.364027 -0.187032
-0.205589 20.675426 -0.568756
-0.205589 20.323640 -1.047783
-0.205589 19.664978 -2.267805
-0.205589 19.537737 -3.412980
-0.205589 19.365585 -4.191399
-0.205589 19.073679 -4.490791
-0.205589 18.849135 -4.094097
-0.182859 22.247232 0.487804
-0.365501 22.179871 0.046866
-0.468616 21.820599 -0.202075
-0.442837 21.364027 -0.139839
-0.588917 20.675426 -0.492508
-0.772233 20.323640 -0.935071
-1.239115 19.664978 -2.062224
-1.677354 19.537737 -3.120227
-1.975242 19.365585 -3.839393
-2.089816 19.073679 -4.115995
-1.938007 18.849135 -3.749497
-0.163590 22.247232 0.474928
-0.501069 22.179871 0.137450
-0.691599 21.820599 -0.053082
-0.643967 21.364027 -0.005449
-0.913886 20.675426 -0.275369
-1.252610 20.323640 -0.614093
-2.115296 19.664978 -1.476778
-2.925057 19.537735 -2.286539
-3.475483 19.365585 -2.836964
-3.687185 19.073679 -3.048666
-3.406680 18.849135 -2.768161
-0.150715 22.247232 0.455658
-0.591651 22.179871 0.273016
-0.840594 21.820599 0.169902
-0.778358 21.364027 0.195680
-1.131025 20.675426 0.049602
-1.573589 20.323640 -0.133714
-2.700742 19.664978 -0.600597
-3.758747 19.537737 -1.038835
-4.477912 19.365585 -1.336723
-4.754514 19.073679 -1.451295
-4.388017 18.849135 -1.299487
-0.146194 22.247232 0.432930
-0.623460 22.179871 0.432930
-0.892913 21.820599 0.432930
-0.825550 21.364027 0.432930
-1.207275 20.675426 0.432930
-1.686301 20.323640 0.432930
-2.906324 19.664978 0.432930
-4.051499 19.537737 0.432930
-4.829917 19.365585 0.432930
-5.129310 19.073679 0.432932
-4.732615 18.849135 0.432932
-0.150715 22.247232 0.410201
-0.591651 22.179871 0.592842
-0.840594 21.820599 0.695958
-0.778358 21.364027 0.670178
-1.131025 20.675426 0.816258
-1.573589 20.323640 0.999574
-2.700742 19.664978 1.466457
-3.758746 19.537737 1.904697
-4.477911 19.365585 2.202585
-4.754513 19.073679 2.317157
-4.388015 18.849135 2.165349
-0.163590 22.247232 0.390932
-0.501069 22.179871 0.728410
-0.691599 21.820599 0.918942
-0.643967 21.364027 0.871309
-0.913886 20.675426 1.141229
-1.252610 20.323640 1.479953
-2.115296 19.664978 2.342639
-2.925056 19.537737 3.152400
-3.475481 19.365585 3.702824
-3.687183 19.073679 3.914528
-3.406678 18.849135 3.634023
-0.182859 22.247232 0.378056
-0.365501 22.179871 0.818993
-0.468616 21.820599 1.067935
-0.442837 21.364027 1.005699
-0.588917 20.675426 1.358368
-0.772233 20.323640 1.800931
-1.239114 19.664978 2.928085
-1.677354 19.537737 3.986089
-1.975240 19.365585 4.705254
-2.089812 19.073679 4.981856
-1.938004 18.849135 4.615358
-0.205589 22.247232 0.373535
-0.205589 22.179871 0.850801
-0.205589 21.820599 1.120255
-0.205589 21.364027 1.052892
-0.205589 20.675426 1.434616
-0.205589 20.323640 1.913643
-0.205589 19.664978 3.133665
-0.205589 19.537737 4.278841
-0.205589 19.365585 5.057259
-0.205589 19.073679 5.356651
-0.205589 18.849135 4.959956
-0.228318 22.247232 0.378056
-0.045676 22.179871 0.818993
0.057439 21.820599 1.067935
0.031661 21.364027 1.005699
0.177741 20.675426 1.358368
0.361057 20.323640 1.800931
0.827940 19.664978 2.928084
1.266180 19.537737 3.986087
1.564068 19.365585 4.705254
1.678640 19.073679 4.981856
1.526832 18.849135 4.615358
-0.247587 22.247232 0.390932
0.089892 22.179871 0.728410
0.280424 21.820599 0.918942
0.232790 21.364027 0.871309
0.502712 20.675426 1.141229
0.841436 20.323640 1.479951
1.704122 19.664978 2.342638
2.513881 19.537737 3.152399
3.064310 19.365585 3.702824
3.276009 19.073679 3.914525
2.995503 18.849135 3.634019
-0.260462 22.247232 0.410201
0.180476 22.179871 0.592842
0.429418 21.820599 0.695958
0.367182 21.364027 0.670180
0.719849 20.675426 0.816258
1.162414 20.323640 0.999574
2.289567 19.664978 1.466457
3.347570 19.537737 1.904697
4.066735 19.365585 2.202585
4.343337 19.073679 2.317157
3.976839 18.849135 2.165349
4.465244 18.839484 0.432930
4.420335 18.435306 0.432930
4.579449 18.218246 0.432930
7.117818 17.559583 0.432930
10.191126 16.144952 0.432930
11.733004 14.692896 0.432928
12.698546 12.402542 0.432928
12.855727 10.546312 0.432928
11.994997 8.046379 0.432928
10.370798 5.486571 0.432927
9.113353 4.116850 0.432927
6.321524 1.871402 0.432927
4.457809 0.816045 0.432927
3.099320 0.325791 0.432927
4.125348 18.839484 -1.275845
4.083858 18.435304 -1.258659
4.230860 18.218245 -1.319551
6.576008 17.559583 -2.290942
9.415373 16.144952 -3.467046
10.839883 14.692896 -4.057098
11.731927 12.402542 -4.426595
11.877142 10.546312 -4.486745
11.081932 8.046379 -4.157359
9.581368 5.486570 -3.535806
8.419640 4.116850 -3.054601
5.840326 1.871401 -1.986215
4.118478 0.816045 -1.273003
2.863398 0.325790 -0.753131
3.157405 18.839484 -2.724474
3.125650 18.435306 -2.692719
3.238160 18.218246 -2.805231
5.033058 17.559583 -4.600129
7.206215 16.144952 -6.773286
8.296487 14.692896 -7.863557
8.979228 12.402542 -8.546298
9.090372 10.546312 -8.657443
8.481743 8.046379 -8.048814
7.333261 5.486570 -6.900333
6.444113 4.116850 -6.011185
4.469991 1.871402 -4.037065
3.152145 0.816045 -2.719219
2.191549 0.325791 -1.758623
1.708776 18.839484 -3.692419
1.691591 18.435306 -3.650928
1.752480 18.218246 -3.797931
2.723872 17.559583 -6.143079
3.899976 16.144952 -8.982445
4.490027 14.692896 -10.406953
4.859524 12.402542 -11.298999
4.919674 10.546312 -11.444214
4.590286 8.046379 -10.649004
3.968732 5.486571 -9.148441
3.487529 4.116850 -7.986713
2.419141 1.871402 -5.407399
1.705928 0.816046 -3.685551
1.186057 0.325791 -2.430470
0.000002 18.839484 -4.032315
0.000002 18.435306 -3.987407
0.000001 18.218245 -4.146521
0.000002 17.559583 -6.684892
0.000001 16.144952 -9.758198
0.000001 14.692896 -11.300076
0.000000 12.402542 -12.265617
0.000000 10.546312 -12.422798
-0.000001 8.046379 -11.562069
-0.000001 5.486571 -9.937870
-0.000001 4.116850 -8.680424
-0.000002 1.871401 -5.888596
-0.000002 0.816045 -4.024880
-0.000002 0.325791 -2.666391
-1.708773 18.839484 -3.692419
-1.691588 18.435306 -3.650929
-1.752480 18.218246 -3.797931
-2.723871 17.559583 -6.143080
-3.899975 16.144952 -8.982446
-4.490026 14.692896 -10.406954
-4.859523 12.402542 -11.298999
-4.919674 10.546312 -11.444215
-4.590287 8.046379 -10.649004
-3.968734 5.486571 -9.148440
-3.487531 4.116850 -7.986713
-2.419144 1.871402 -5.407398
-1.705931 0.816046 -3.685550
-1.186060 0.325791 -2.430470
-3.157403 18.839484 -2.724477
-3.125648 18.435306 -2.692722
-3.238160 18.218246 -2.805231
-5.033057 17.559583 -4.600130
-7.206213 16.144952 -6.773287
-8.296486 14.692896 -7.863559
-8.979227 12.402542 -8.546300
-9.090372 10.546312 -8.657443
-8.481743 8.046379 -8.048814
-7.333263 5.486570 -6.900333
-6.444115 4.116850 -6.011184
-4.469994 1.871402 -4.037064
-3.152148 0.816045 -2.719217
-2.191551 0.325791 -1.758620
-4.125346 18.839484 -1.275847
-4.083857 18.435304 -1.258661
-4.230860 18.218246 -1.319551
-6.576007 17.559583 -2.290943
-9.415373 16.144952 -3.467046
-10.839882 14.692896 -4.057097
-11.731926 12.402542 -4.426594
-11.877144 10.546312 -4.486743
-11.081932 8.046379 -4.157356
-9.581369 5.486570 -3.535802
-8.419641 4.116850 -3.054598
-5.840327 1.871401 -1.986212
-4.118478 0.816045 -1.273000
-2.863399 0.325790 -0.753128
-4.465244 18.839484 0.432927
-4.420335 18.435306 0.432927
-4.579450 18.218246 0.432928
-7.117819 17.559583 0.432928
-10.191127 16.144952 0.432928
-11.733003 14.692896 0.432928
-12.698546 12.402542 0.432928
-12.855727 10.546312 0.432928
-11.994997 8.046379 0.432930
-10.370799 5.486571 0.432928
-9.113353 4.116850 0.432930
-6.321524 1.871402 0.432930
-4.457809 0.816045 0.432930
-3.099319 0.325791 0.432930
-4.125348 18.839484 2.141702
-4.083858 18.435306 2.124516
-4.230861 18.218246 2.185406
-6.576007 17.559583 3.156799
-9.415373 16.144952 4.332903
-10.839882 14.692896 4.922952
-11.731927 12.402542 5.292450
-11.877142 10.546312 5.352602
-11.081932 8.046379 5.023215
-9.581367 5.486571 4.401662
-8.419640 4.116850 3.920457
-5.840326 1.871402 2.852072
-4.118478 0.816046 2.138860
-2.863398 0.325792 1.618988
-3.157405 18.839484 3.590332
-3.125650 18.435306 3.558577
-3.238161 18.218246 3.671089
-5.033058 17.559583 5.465987
-7.206213 16.144952 7.639143
-8.296486 14.692896 8.729416
-8.979227 12.402542 9.412157
-9.090370 10.546312 9.523302
-8.481741 8.046379 8.914673
-7.333260 5.486570 7.766191
-6.444112 4.116850 6.877043
-4.469991 1.871402 4.902922
-3.152145 0.816045 3.585077
-2.191549 0.325790 2.624480
-1.708775 18.839484 4.558275
-1.691589 18.435304 4.516786
-1.752480 18.218245 4.663789
-2.723871 17.559583 7.008937
-3.899973 16.144952 9.848303
-4.490024 14.692896 11.272812
-4.859520 12.402542 12.164856
-4.919670 10.546312 12.310074
-4.590282 8.046379 11.514862
-3.968729 5.486571 10.014297
-3.487526 4.116850 8.852570
-2.419140 1.871402 6.273256
-1.705927 0.816045 4.551408
-1.186057 0.325790 3.296327
-0.000002 18.839484 4.898172
-0.000002 18.435306 4.853264
-0.000002 18.218245 5.012379
-0.000002 17.559583 7.550748
-0.000001 16.144952 10.624055
-0.000001 14.692896 12.165933
-0.000001 12.402542 13.131473
0.000000 10.546312 13.288657
0.000000 8.046379 12.427927
0.000001 5.486570 10.803726
0.000001 4.116850 9.546281
0.000002 1.871403 6.754453
0.000002 0.816045 4.890736
0.000002 0.325791 3.532248
1.708774 18.839484 4.558276
1.691589 18.435304 4.516786
1.752479 18.218245 4.663789
2.723871 17.559583 7.008936
3.899976 16.144952 9.848302
4.490028 14.692896 11.272809
4.859525 12.402542 12.164853
4.919675 10.546312 12.310071
4.590289 8.046379 11.514859
3.968735 5.486571 10.014294
3.487532 4.116850 8.852567
2.419145 1.871402 6.273253
1.705931 0.816045 4.551405
1.186060 0.325790 3.296326
3.157404 18.839484 3.590334
3.125649 18.435306 3.558577
3.238160 18.218246 3.671089
5.033058 17.559583 5.465987
7.206216 16.144952 7.639142
8.296489 14.692896 8.729413
8.979230 12.402542 9.412154
9.090375 10.546312 9.523297
8.481746 8.046379 8.914670
7.333265 5.486570 7.766187
6.444116 4.116850 6.877039
4.469995 1.871402 4.902919
3.152149 0.816045 3.585072
2.191552 0.325790 2.624477
4.125347 18.839484 2.141705
4.083857 18.435306 2.124519
4.230859 18.218246 2.185408
6.576006 17.559583 3.156801
9.415373 16.144952 4.332906
10.839882 14.692896 4.922955
11.731926 12.402542 5.292451
11.877143 10.546312 5.352602
11.081932 8.046379 5.023215
9.581369 5.486571 4.401659
8.419641 4.116850 3.920456
5.840327 1.871402 2.852069
4.118479 0.816046 2.138857
2.863399 0.325792 1.618985
0.000001 -0.000001 0.432928
4.107577 18.839484 0.432930
3.794907 18.839482 -1.138972
2.904496 18.839484 -2.471565
1.571903 18.839484 -3.361977
0.000002 18.839484 -3.674648
-1.571900 18.839484 -3.361978
-2.904494 18.839484 -2.471568
-3.794905 18.839482 -1.138974
-4.107577 18.839484 0.432927
-3.794907 18.839484 2.004829
-2.904497 18.839484 3.337424
-1.571902 18.839482 4.227834
-0.000002 18.839484 4.540504
1.571901 18.839482 4.227835
2.904495 18.839484 3.337424
3.794905 18.839484 2.004831
8.236192 13.995264 0.432930
7.609251 13.995264 -2.718924
5.823869 13.995264 -5.390938
3.151857 13.995265 -7.176323
0.000003 13.995265 -7.803265
-3.151851 13.995265 -7.176324
-5.823866 13.995264 -5.390942
-7.609248 13.995264 -2.718929
-8.236192 13.995264 0.432925
-7.609251 13.995265 3.584779
-5.823871 13.995265 6.256793
-3.151857 13.995264 8.042177
-0.000003 13.995264 8.669121
3.151852 13.995264 8.042178
5.823868 13.995265 6.256796
7.609248 13.995265 3.584784
-4.088632 18.261908 2.126494
-4.425503 18.261905 0.432927
-4.088631 18.261905 -1.260640
-3.129302 18.261905 -2.696375
-1.693566 18.261908 -3.655704
0.000002 18.261905 -3.992574
1.693568 18.261908 -3.655703
3.129304 18.261906 -2.696373
4.088633 18.261905 -1.260637
4.425503 18.261906 0.432930
4.088631 18.261908 2.126497
3.129303 18.261906 3.562231
1.693566 18.261905 4.521561
-0.000002 18.261906 4.858432
-1.693568 18.261905 4.521559
-3.129305 18.261906 3.562231
-2.998436 18.936569 10.777097
-1.515100 17.467429 13.138507
-1.438375 14.151527 13.096530
2.972564 14.240862 13.102176
2.730315 15.043817 13.719101
3.075573 18.617680 11.564548
3.727729 19.066177 10.753830
0.716298 19.450446 10.451950
-0.146850 19.456827 10.452353
-0.939669 21.283051 9.940108
-2.563665 19.820988 10.164407
-1.681335 12.840120 12.661581
-0.249148 12.561545 12.811774
-1.489498 16.316652 13.825519
-0.249148 13.564510 12.253024
-2.563665 19.872308 8.810612
-0.822367 18.287073 9.955786
-1.489499 16.396423 12.328482
-0.748562 18.857233 8.293985
-0.860244 18.628049 8.418285
-1.031483 18.205301 8.809889
-1.062046 17.658356 9.356863
-0.720751 18.292978 7.675520
-0.862300 18.141550 7.802719
-1.081543 17.841223 8.205742
-0.769421 17.437769 6.921355
-0.972966 17.375200 7.308757
-0.993936 17.057585 7.850638
-0.997616 16.750168 8.625711
-0.853187 17.310049 6.114041
-0.942283 17.053622 6.618500
-0.843158 16.663153 7.347847
-0.683910 17.535919 6.477248
-0.864739 19.380521 9.090485
-0.656871 18.506776 7.490605
-0.146850 19.535391 9.166287
0.256837 17.475485 5.594623
-0.735070 19.769946 10.161177
-2.717116 21.219241 9.936070
-0.939669 21.361615 8.654042
-0.672322 19.150441 8.127122
-0.730447 17.475485 5.594623
-2.691540 19.380521 9.090485
-2.998436 18.995737 9.299255
-0.703193 17.369710 10.873190
-1.438375 14.450940 12.118262
-1.681335 13.872446 11.968436
-1.457273 15.132558 12.433679
-1.147953 17.480811 8.744395
-0.738873 16.319078 8.681747
-2.717116 21.297804 8.650006
-0.736416 19.866359 8.826735
-0.969611 18.959488 9.326099
-2.691540 19.329202 10.444279
-1.885934 18.262732 11.909198
-1.457273 15.053995 13.719745
0.300708 13.592773 12.225522
0.300708 19.401085 8.394521
0.300708 19.150443 8.127121
0.300708 17.534186 6.451964
0.300708 17.369710 10.873190
0.300708 15.132559 12.433679
0.300708 16.750168 8.625713
0.300708 12.583496 12.813162
2.308329 12.663640 12.818240
2.282752 13.872446 11.968436
0.850564 12.561546 12.811774
0.850564 13.564510 12.253024
3.267382 19.469588 10.453160
3.037210 20.191089 10.187825
2.819826 17.607812 13.147388
2.777711 16.315570 13.848746
2.090915 16.396425 12.328482
2.058690 15.132558 12.433679
1.571027 18.959486 9.326099
1.466155 19.380521 9.090485
1.349979 18.857233 8.293985
1.461660 18.628049 8.418286
1.632899 18.205301 8.809891
1.663462 17.658356 9.356863
1.322167 18.292978 7.675520
1.463716 18.141550 7.802719
1.682959 17.841223 8.205742
1.258287 18.506776 7.490605
1.370837 17.437769 6.921355
1.574382 17.375200 7.308755
1.595352 17.057585 7.850636
1.285327 17.535919 6.477248
1.454603 17.310049 6.114041
1.543700 17.053622 6.618500
1.444574 16.663153 7.347847
1.331864 17.475485 5.594623
1.340289 16.319080 8.681747
3.101145 21.346860 9.944147
1.298125 21.359625 9.944954
3.318532 21.297804 8.650006
1.170251 19.833755 10.165215
0.748266 19.535391 9.166287
0.300708 19.731662 10.158755
0.300708 19.829013 8.863980
1.273738 19.150443 8.127121
0.300708 18.506776 7.490605
0.344579 17.475485 5.594623
3.165082 19.872307 8.810612
1.541084 21.361615 8.654042
1.337832 19.866359 8.826735
2.039791 14.450941 12.118262
0.300708 14.450941 12.118262
0.300708 13.872446 11.968436
1.304609 17.369710 10.873190
0.300708 16.396423 12.328482
0.300708 17.658356 9.356863
1.749369 17.480811 8.744395
0.300708 17.480811 8.744395
1.599032 16.750168 8.625713
0.300708 16.319078 8.681747
1.423782 18.287073 9.955785
3.599852 18.995737 9.299255
3.292955 19.380521 9.090485
2.641296 14.755760 -13.848743
-1.953990 14.761526 -13.824376
-1.919287 13.446263 -13.461148
2.590257 13.435620 -13.458441
2.851131 12.708598 -12.645733
-1.898936 12.615178 -12.621973
-0.618277 11.322904 -12.089082
2.135828 11.429668 -12.116241
-2.160576 11.647619 -11.985568
-2.380906 17.202501 -12.183561
-1.981560 16.116156 -13.326305
2.686650 16.262964 -13.363643
2.962059 17.646744 -11.889449
3.664355 18.282747 -11.120688
-3.578941 18.140947 -11.119518
2.920746 19.585922 -10.745534
2.989597 20.857610 -10.717654
1.047954 20.870955 -10.721048
0.910249 19.212244 -10.650494
-1.141559 19.145515 -10.633522
-1.361889 20.790880 -10.700682
-3.275992 20.724150 -10.683710
-3.110744 19.198891 -10.647098
-3.248449 18.622719 -10.845422
-0.508115 18.756181 -10.879367
3.168614 18.769528 -10.882762
0.421395 18.749509 -10.877670
-0.026147 19.105479 -10.623338
-1.898936 13.126744 -11.646228
-2.160576 12.544318 -11.372533
-0.618277 12.161783 -11.612444
-3.248449 18.946452 -9.422868
-3.578941 18.497673 -9.567241
-1.235568 17.617012 -10.121039
-3.275992 21.063240 -9.338257
-3.110744 19.522626 -9.224541
-1.107231 16.463562 -10.909395
-1.953991 15.143878 -12.255891
-1.919288 13.785352 -12.115694
-1.394133 18.453969 -9.588435
-1.281198 18.946452 -9.422868
-1.156089 18.551149 -8.475768
-1.276357 18.283859 -8.561707
-1.460761 17.758519 -8.892026
-1.143009 19.513121 -9.240423
-1.073987 18.894672 -8.357523
-1.493674 17.070813 -9.362054
-1.126139 18.077063 -7.708927
-1.278572 17.891486 -7.813414
-1.514670 17.493433 -8.180177
-1.057349 18.340134 -7.555775
-1.586186 17.004800 -8.678526
-1.178551 17.322052 -6.740575
-1.397745 17.178737 -7.138123
-1.420328 16.734753 -7.648403
-1.086466 17.514310 -6.290092
-1.424290 16.255153 -8.407516
-1.268757 17.347548 -5.860746
-1.364704 16.975769 -6.343601
-1.257957 16.417374 -7.037787
-1.136581 17.626004 -5.343952
-1.145655 15.787766 -8.381026
-1.361889 21.129970 -9.355229
-0.508115 19.095271 -9.533914
-0.026147 19.466185 -9.272407
-0.026147 19.106723 -8.690401
-0.026147 18.894672 -8.357523
-0.026147 18.340134 -7.555775
-0.026147 17.517508 -6.262989
-0.073390 17.626004 -5.343952
-0.026146 13.126744 -11.646228
-0.026146 12.544319 -11.372533
-0.026147 16.463562 -10.909395
-0.026147 15.143878 -12.255891
-0.026146 13.785352 -12.115695
-0.026147 17.070815 -9.362054
-0.026147 17.004802 -8.678526
-0.026147 16.255153 -8.407516
-0.026147 15.787766 -8.381026
-0.026146 11.345859 -12.094920
-0.026146 12.197168 -11.588957
2.108283 12.544319 -11.372533
1.846643 13.126744 -11.646228
0.565985 11.322903 -12.089082
0.565984 12.161783 -11.612444
3.526648 18.497675 -9.567241
3.196154 18.946454 -9.422868
1.183273 17.617012 -10.121039
3.058449 19.522626 -9.224542
3.223697 21.063242 -9.338258
1.054937 16.463562 -10.909395
1.901697 15.143878 -12.255891
1.866995 13.785353 -12.115695
1.341839 18.453969 -9.588435
1.224063 18.283859 -8.561707
1.103795 18.551149 -8.475768
1.228903 18.946452 -9.422868
1.408467 17.758519 -8.892026
1.021693 18.894672 -8.357523
1.090715 19.513121 -9.240422
1.441381 17.070815 -9.362054
1.226277 17.891486 -7.813414
1.073845 18.077063 -7.708927
1.462376 17.493434 -8.180177
1.005054 18.340134 -7.555776
1.533892 17.004802 -8.678526
1.345451 17.178737 -7.138123
1.126257 17.322052 -6.740575
1.368034 16.734753 -7.648403
1.034172 17.514310 -6.290092
1.371997 16.255153 -8.407516
1.312410 16.975771 -6.343601
1.216463 17.347548 -5.860746
1.205664 16.417374 -7.037787
1.084287 17.626004 -5.343952
1.093361 15.787766 -8.381026
1.309593 21.129970 -9.355229
0.455821 19.095271 -9.533914
0.021097 17.626004 -5.343952
