-19.915849 0.715596 0.607565
-19.352267 0.890723 0.961264
-19.078023 0.810982 1.111317
-18.672023 0.687432 0.486441
-18.458438 0.684753 0.407443
-18.297858 0.688607 0.467041
-18.105511 0.679713 0.405236
-17.846078 0.691299 0.461615
-17.519374 0.680554 0.418771
-17.269841 0.693226 0.483663
-16.971388 0.683720 0.437555
-16.708061 0.697249 0.529140
-16.434456 0.687714 0.461084
-16.192142 0.700956 0.554873
-15.872856 0.694402 0.491379
-15.566757 0.741978 0.760560
-13.343690 0.765305 0.719079
-10.404602 0.712065 0.790193
-5.767126 0.701867 0.925075
1.139418 0.670443 0.999276
3.623956 0.658866 1.019118
6.246458 0.648358 1.059303
8.683641 0.645659 1.202565
11.237239 0.627757 1.094172
13.759279 0.618132 1.092192
15.345369 0.613970 1.176616
15.949948 0.626687 1.152904
17.321518 0.608250 1.012760
18.830098 0.609656 1.116607
20.086203 0.680935 1.104880
20.150967 0.578876 1.002052
20.199640 0.611325 0.963290
20.017847 0.702067 0.871154
18.654704 0.631108 0.782341
17.315704 0.629896 0.675191
15.429584 0.619725 0.812936
13.765527 0.641260 0.716662
11.279640 0.652216 0.688085
8.389348 0.673218 0.772295
6.281249 0.676261 0.605562
3.639123 0.688745 0.550847
1.156742 0.702030 0.500393
-5.735430 0.737031 0.294121
-10.374917 0.747958 0.067224
-13.321854 0.800609 -0.129717
-15.502431 0.776393 -0.362034
-15.827917 0.728484 -0.135989
-16.172318 0.734708 -0.201353
-16.384804 0.721424 -0.116006
-16.683383 0.730637 -0.189329
-16.918556 0.717034 -0.121181
-17.220995 0.726289 -0.208757
-17.484250 0.713310 -0.134499
-17.810336 0.723774 -0.249504
-18.014607 0.712271 -0.163959
-18.242848 0.720774 -0.239231
-18.555682 0.719658 -0.234028
-19.012532 0.849435 -1.078131
-19.269533 0.891414 -0.868480
-19.796176 0.642930 -0.776465
-20.032983 0.857435 -0.215315
-18.428790 0.716583 -0.253443
-18.650597 0.839423 0.353748
-17.839670 0.844641 0.334093
-17.261322 0.846520 0.362896
-16.703590 0.856378 0.398950
-16.188350 0.867767 0.410152
-15.865836 0.843078 0.393369
-15.549480 0.932837 0.459042
-16.427394 0.827170 0.379023
-16.964143 0.818712 0.360930
-17.514624 0.812557 0.343956
-18.092656 0.812673 0.324748
-18.288046 0.839333 0.341086
-18.453537 0.828092 0.298158
-19.325114 1.246704 0.315945
-19.884566 1.043232 0.245763
-13.339177 0.916586 0.543575
-10.399186 0.884462 0.658264
-5.762148 0.856816 0.826012
1.141498 0.790909 0.939416
3.625657 0.768748 0.966768
6.250225 0.749640 1.010168
8.646553 0.748633 1.148338
11.241333 0.711739 1.054948
13.759834 0.694233 1.058752
15.352606 0.686865 1.145379
15.889250 0.716514 1.109319
17.321042 0.676481 0.985424
18.814410 0.679713 1.086699
20.086203 0.664673 1.104880
-18.577110 0.862280 -0.101336
-17.816745 0.867441 -0.121983
-17.229514 0.869756 -0.087990
-16.687856 0.879779 -0.059139
-16.176112 0.891407 -0.056631
-15.834940 0.867002 -0.037980
-15.519710 0.956938 -0.060515
-16.391862 0.850858 -0.033945
-16.925801 0.842144 -0.044556
-17.489000 0.835562 -0.059684
-18.027463 0.835711 -0.083472
-18.252658 0.861977 -0.113276
-18.433693 0.850439 -0.144158
-19.296686 1.268617 -0.223160
-19.839056 1.064966 -0.280557
-13.326370 0.941289 0.045788
-10.380334 0.909569 0.199153
-5.740402 0.881378 0.393183
1.154657 0.812964 0.560253
3.637426 0.789610 0.603197
6.277475 0.769075 0.654697
8.426436 0.768540 0.826522
11.275536 0.728758 0.727309
13.764963 0.710396 0.750103
15.421028 0.702260 0.849870
15.560991 0.733356 0.873628
17.316182 0.691625 0.702526
18.670398 0.694828 0.812249
20.017850 0.679461 0.871154
-18.613853 0.924909 0.126206
-17.828207 0.931997 0.106055
-17.245418 0.935358 0.137453
-16.695723 0.946393 0.169906
-16.182230 0.958834 0.176760
-15.850388 0.934842 0.177695
-15.534595 1.025189 0.199264
-16.409630 0.917855 0.172539
-16.944972 0.908256 0.158187
-17.501813 0.900737 0.142136
-18.060057 0.899605 0.120638
-18.270352 0.925571 0.113904
-18.443614 0.913760 0.077000
-19.310901 1.329869 0.046392
-19.861810 1.095098 -0.017397
-13.332774 1.011899 0.294681
-10.389759 0.981486 0.428708
-5.751280 0.952023 0.609598
1.148082 0.876448 0.749835
3.631544 0.849657 0.784982
6.263861 0.825367 0.832433
8.536493 0.820744 0.987430
11.258432 0.778156 0.891129
13.762402 0.756800 0.904427
15.386816 0.747210 0.997624
15.725119 0.777207 0.991474
17.318610 0.734991 0.843975
18.742403 0.737340 0.949474
20.052023 0.721685 0.988017
-20.249504 0.512595 0.387342
-19.947952 0.512594 0.978845
-19.379646 0.512594 1.349984
-18.902158 0.512594 1.334151
-18.693036 0.512595 0.616558
-18.463405 0.512595 0.518145
-18.307585 0.512595 0.591955
-17.852425 0.512594 0.587855
-17.278349 0.512594 0.604257
-16.441835 0.512595 0.546850
-5.772229 0.512594 1.026625
1.137181 0.512594 1.063536
3.622122 0.512594 1.075841
6.242365 0.512595 1.112747
8.723189 0.512595 1.260368
13.758653 0.512594 1.129156
20.098091 0.512594 1.145559
20.214702 0.512594 1.050840
20.249504 0.512595 0.934858
20.005945 0.512595 0.830475
18.637373 0.512595 0.749289
15.494589 0.639891 0.825957
8.349812 0.512594 0.714491
6.285342 0.512594 0.552118
3.640956 0.512594 0.494124
1.158966 0.512594 0.436133
-5.730330 0.512595 0.192571
-15.484369 0.512595 -0.677294
-15.820714 0.512594 -0.236566
-16.377423 0.512595 -0.201773
-16.678975 0.512595 -0.317754
-16.910937 0.512595 -0.201773
-17.212488 0.512594 -0.329352
-17.479243 0.512595 -0.213370
-18.534671 0.512594 -0.364146
-18.871016 0.512594 -1.349984
-19.242154 0.512594 -1.257199
-19.775667 0.512594 -1.013640
-18.423824 0.512594 -0.364145
20.150974 0.446313 1.002052
20.199640 0.413864 0.963290
20.017844 0.323123 0.871154
20.017847 0.345728 0.871154
20.052026 0.303504 0.988017
20.086206 0.360517 1.104880
20.086212 0.344254 1.104880
-18.555682 0.305531 -0.234028
-19.012532 0.322909 -1.078132
-19.269533 0.155277 -0.738045
-19.296686 -0.104892 -0.223160
-18.577110 0.162909 -0.101336
-17.810336 0.301415 -0.249504
-18.014607 0.312918 -0.163959
-18.027463 0.189478 -0.083471
-17.816745 0.157748 -0.121983
-17.220995 0.298900 -0.208757
-17.484250 0.311879 -0.134499
-17.489000 0.189628 -0.059684
-17.229515 0.155433 -0.087990
-16.683383 0.294552 -0.189329
-16.918556 0.308155 -0.121181
-16.925801 0.183045 -0.044557
-16.687856 0.145410 -0.059138
-16.172316 0.290481 -0.201353
-16.384804 0.303765 -0.116006
-16.391862 0.174331 -0.033945
-16.176112 0.133782 -0.056631
-15.827917 0.296705 -0.135989
-15.834940 0.158187 -0.037980
-15.502431 0.248796 -0.362034
-15.519710 0.068251 -0.060515
-18.242848 0.304415 -0.239231
-18.252658 0.163213 -0.113276
-18.428790 0.308605 -0.253443
-18.433693 0.174750 -0.144158
-19.796176 0.241662 -0.776465
-19.839056 0.003666 -0.280557
-20.032983 0.167754 -0.215315
-20.061455 0.171200 0.345342
-19.915849 0.309593 0.607565
-19.884566 0.025399 0.245763
-19.861810 -0.056081 -0.017397
-13.321855 0.224580 -0.129717
-13.326370 0.083900 0.045788
-10.374916 0.277231 0.067224
-10.380334 0.115620 0.199153
-5.735430 0.288158 0.294121
-5.740401 0.143811 0.393183
1.156739 0.323159 0.500393
1.154660 0.212225 0.560253
3.639122 0.336444 0.550847
3.637429 0.235579 0.603197
6.281249 0.348928 0.605562
6.277475 0.256114 0.654697
8.389348 0.351971 0.772295
8.426442 0.256649 0.826522
11.279646 0.372974 0.688085
11.275536 0.296431 0.727309
13.765527 0.383930 0.716662
13.764963 0.314792 0.750103
15.429590 0.405464 0.812936
15.421028 0.322929 0.849870
15.494580 0.385298 0.825957
15.560991 0.291834 0.873628
17.315701 0.395293 0.675191
17.316176 0.333564 0.702526
18.654707 0.394081 0.782341
18.670406 0.330361 0.812249
-19.325114 -0.082979 0.315945
-19.352267 0.182549 0.830829
-19.078023 0.361363 1.111317
-18.672023 0.337756 0.486441
-18.650597 0.185766 0.353748
-18.092656 0.212516 0.324748
-18.105511 0.345475 0.405236
-17.846078 0.333890 0.461615
-17.839670 0.180548 0.334093
-17.514624 0.212632 0.343956
-17.519374 0.344635 0.418771
-17.269841 0.331963 0.483663
-17.261322 0.178669 0.362896
-16.964143 0.206477 0.360930
-16.971388 0.341469 0.437555
-16.708061 0.327940 0.529140
-16.703592 0.168811 0.398950
-16.427396 0.198019 0.379023
-16.434454 0.337475 0.461084
-16.192142 0.324233 0.554874
-16.188350 0.157422 0.410152
-15.872856 0.330787 0.491379
-15.865836 0.182111 0.393370
-15.566757 0.283210 0.760560
-15.549480 0.092352 0.459041
-18.288046 0.185856 0.341086
-18.297858 0.336582 0.467041
-18.453537 0.197097 0.298158
-18.458438 0.340436 0.407443
-13.343690 0.259884 0.719079
-13.339177 0.108603 0.543575
-10.404602 0.313124 0.790193
-10.399187 0.140727 0.658264
-5.767126 0.323322 0.925075
-5.762148 0.168373 0.826012
1.139417 0.354746 0.999276
1.141498 0.234280 0.939416
3.623960 0.366323 1.019118
3.625657 0.256441 0.966768
6.246463 0.376831 1.059303
6.250222 0.275549 1.010168
8.683638 0.379530 1.202565
8.646556 0.276556 1.148338
11.237239 0.397432 1.094172
11.241333 0.313450 1.054948
13.759279 0.407057 1.092192
13.759839 0.330956 1.058752
15.345369 0.411219 1.176616
15.352606 0.338324 1.145379
15.949945 0.398502 1.152904
15.889256 0.308676 1.109319
17.321518 0.416939 1.012760
17.321039 0.348708 0.985424
18.830098 0.415533 1.116607
18.814410 0.345476 1.086699
-19.310901 -0.166144 0.046392
-18.613853 0.100280 0.126206
-18.060057 0.125584 0.120638
-17.828207 0.093192 0.106055
-17.501811 0.124452 0.142136
-17.245418 0.089831 0.137453
-16.944972 0.116933 0.158187
-16.695724 0.078796 0.169906
-16.409631 0.107334 0.172539
-16.182230 0.066356 0.176761
-15.850388 0.090347 0.177695
-15.534595 -0.000000 0.199263
-18.270352 0.099618 0.113904
-18.443614 0.111429 0.077000
-13.332773 0.013290 0.294681
-10.389759 0.043703 0.428708
-5.751277 0.073166 0.609598
1.148080 0.148741 0.749834
3.631542 0.175533 0.784982
6.263863 0.199822 0.832433
8.536499 0.204445 0.987430
11.258432 0.247033 0.891129
13.762399 0.268389 0.904427
15.386819 0.277978 0.997624
15.725116 0.247982 0.991474
17.318610 0.290198 0.843975
18.742400 0.287849 0.949474
15.436267 0.512595 0.784082
18.847440 0.512594 1.149659
17.315192 0.512595 0.644906
17.322026 0.512595 1.043045
16.013963 0.512594 1.198866
15.337367 0.512595 1.211167
13.766141 0.512594 0.679699
11.284151 0.512595 0.644905
11.232724 0.512595 1.137353
-10.369589 0.512594 -0.062590
-10.409930 0.512595 0.920007
-13.350021 0.512594 0.965107
-13.315524 0.512595 -0.375744
-15.584821 0.512594 1.075821
-15.880058 0.512595 0.591956
-16.168658 0.512595 -0.340950
-16.195802 0.512595 0.694470
-20.214185 0.512594 -0.271360
-18.233119 0.512595 -0.364146
-18.001158 0.512594 -0.248165
-18.118959 0.512595 0.489441
-17.524380 0.512595 0.497643
-17.803992 0.512595 -0.375744
-16.712471 0.512595 0.657565
-16.979007 0.512595 0.518146
-18.950159 1.140282 0.336960
-18.906082 1.222743 0.092745
-18.896049 1.162648 -0.155333
-18.875839 0.835608 -0.839230
-18.975070 -0.021387 -0.168710
-18.969226 -0.075175 0.085515
-18.995085 0.008959 0.334442
