-4.492126 22.306207 0.452767
-3.419662 0.437465 0.890125
-1.840512 0.100787 0.896862
6.795207 3.316586 0.854193
5.739092 22.331143 0.459503
3.221730 22.575809 0.442628
1.410782 12.738863 0.644181
-0.446990 12.529684 0.649166
-2.515181 15.871046 0.569540
0.826180 17.939238 0.520253
1.926652 17.401906 0.533058
2.357039 16.971518 0.543315
2.967819 15.234462 0.584710
-5.771043 20.272012 0.489510
0.346310 0.000002 0.902477
-6.661602 10.941720 0.681785
6.861224 15.663715 0.575175
-5.168790 0.992798 0.875528
4.325355 0.809135 0.886195
6.965750 12.398948 0.649830
2.685195 14.013275 0.613811
-1.031591 12.738861 0.644181
-1.977847 13.497406 0.626105
-2.515181 14.597876 0.599880
-1.031592 17.730061 0.525238
1.410782 17.730061 0.525238
2.685196 16.455649 0.555608
-2.588629 15.234462 0.584710
6.898992 14.335123 0.605520
-6.029812 17.233861 0.535191
-0.573005 22.625572 0.436485
-6.776819 9.564099 0.717764
2.683388 0.261552 0.898547
6.756622 18.828230 0.519576
6.642883 21.276514 0.481960
6.459783 22.162482 0.469609
4.688770 22.443297 0.450520
1.355213 22.665556 0.438459
2.894373 14.597876 0.599880
0.826181 12.529684 0.649166
-2.306004 14.013275 0.613811
-2.306004 16.455649 0.555608
-1.977847 16.971518 0.543315
-1.547460 17.401903 0.533058
0.189596 18.012686 0.518503
-6.350146 14.494449 0.602311
-6.176546 15.763773 0.569799
-5.396319 22.140685 0.470733
-7.170963 5.788329 0.809840
-7.112355 3.542381 0.832297
-6.490320 2.079626 0.857001
5.876842 1.827583 0.873844
7.170966 5.466203 0.829490
2.357039 13.497406 0.626105
1.926652 13.067020 0.636361
0.189596 12.456238 0.650916
-1.547460 13.067017 0.636361
-0.446990 17.939238 0.520253
2.894373 15.871046 0.569540
-6.571967 12.059215 0.656399
-6.432143 13.330328 0.627793
-6.776819 9.564099 -0.717763
-6.490320 2.079626 -0.857003
2.683388 0.261552 -0.898551
4.325355 0.809134 -0.886199
5.876842 1.827583 -0.873847
6.965750 12.398948 -0.649827
6.642883 21.276514 -0.481952
1.355213 22.665556 -0.438450
2.685195 14.013275 -0.613807
0.826181 12.529684 -0.649163
-0.446990 12.529684 -0.649163
-1.031591 12.738861 -0.644178
-1.547460 13.067017 -0.636358
-2.306004 14.013275 -0.613807
-2.515181 15.871046 -0.569534
-1.977847 16.971518 -0.543309
-1.031592 17.730061 -0.525232
-0.446990 17.939238 -0.520247
0.826180 17.939238 -0.520247
1.410782 17.730061 -0.525232
2.357039 16.971518 -0.543309
2.894373 15.871046 -0.569534
2.967819 15.234462 -0.584705
-5.771043 20.272012 -0.489502
-2.588629 15.234462 -0.584705
-6.350146 14.494449 -0.602307
6.898992 14.335123 -0.605515
-6.432143 13.330328 -0.627789
6.861224 15.663715 -0.575169
-0.573005 22.625572 -0.436476
-3.558910 22.451306 -0.440406
-4.492126 22.306207 -0.452758
-5.396319 22.140685 -0.470724
-7.170963 5.788329 -0.809841
-7.112355 3.542381 -0.832299
-5.168790 0.992798 -0.875531
-3.419662 0.437463 -0.890129
-1.840512 0.100787 -0.896866
6.795207 3.316586 -0.854196
7.170966 5.466203 -0.829492
6.756622 18.828230 -0.519570
6.459783 22.162482 -0.469600
5.739092 22.331143 -0.459494
4.688770 22.443297 -0.450511
3.221730 22.575809 -0.442619
2.894373 14.597876 -0.599875
2.357039 13.497406 -0.626101
1.926652 13.067020 -0.636358
1.410783 12.738863 -0.644178
0.189596 12.456238 -0.650913
-1.977848 13.497406 -0.626101
-2.515181 14.597876 -0.599875
-2.306004 16.455649 -0.555602
-1.547460 17.401903 -0.533052
0.189596 18.012686 -0.518496
1.926652 17.401906 -0.533052
2.685196 16.455649 -0.555602
0.346310 0.000002 -0.902481
-6.571967 12.059215 -0.656396
-6.176546 15.763773 -0.569794
-6.029812 17.233861 -0.535184
-6.661602 10.941720 -0.681783
