-3.968982 0.000000 -1.586486
-4.439085 0.000000 -1.435614
-4.633003 0.000000 -0.849791
-4.671254 0.000000 -0.208814
-4.336471 0.000000 0.568993
-3.942266 0.000000 0.957866
-3.613505 0.000000 1.095395
-3.478333 0.000000 1.455641
-3.119659 0.000000 1.956128
-2.716243 0.000000 2.313777
-2.318851 0.000000 2.515814
-1.891994 0.000000 2.579242
-1.772464 0.000000 2.780688
-1.330060 0.000000 3.144048
-0.880299 0.000000 3.339651
-0.281264 0.000000 3.441590
0.260282 0.000000 3.351775
0.924988 -0.000000 3.469068
1.637206 0.000000 3.443251
2.178903 0.000000 3.238604
2.585987 0.000000 2.966387
2.724238 0.000000 2.780824
3.158516 0.000000 2.703164
3.726900 0.000000 2.307194
4.123150 0.000000 1.589423
4.129013 0.000000 1.155120
4.123498 0.000000 0.977723
4.386630 0.000000 0.772383
4.671889 0.000000 0.110802
4.668501 0.000000 -0.500565
4.512526 0.000000 -1.043986
4.261029 0.000000 -1.457504
4.129070 0.000000 -1.525852
4.023928 0.000000 -2.081265
3.670128 0.000000 -2.600389
3.205670 0.000000 -2.927662
2.615203 0.000000 -3.114798
2.387304 0.000000 -3.082659
1.847354 0.000000 -3.377653
1.347338 0.000000 -3.469065
0.779278 0.000000 -3.445061
0.135706 0.000000 -3.168774
0.000317 0.000000 -3.009204
-0.445531 0.000000 -2.973939
-0.872357 0.000000 -2.862194
-1.157053 0.000000 -2.675773
-1.564277 0.000000 -2.260037
-1.798221 0.000000 -1.916260
-2.272365 0.000000 -1.682794
-2.601142 0.000000 -1.604006
-2.803479 2.200001 -1.613687
-3.969211 2.200001 -1.579845
-4.664829 2.200001 -0.209806
-3.937487 2.200001 0.953229
-2.712505 2.200001 2.308459
-1.769481 2.200001 2.774129
-0.878404 2.200001 3.333433
0.925416 2.200001 3.462582
1.635918 2.200001 3.436880
2.175952 2.200001 3.232813
2.583010 2.200001 2.960226
4.122362 2.200001 1.149360
4.119498 2.200001 0.970858
4.380325 2.200001 0.769877
4.662086 2.200001 -0.499505
4.506425 2.200001 -1.041711
4.253566 2.200001 -1.455487
4.122270 2.200001 -1.524064
4.018353 2.200001 -2.077724
3.665571 2.200001 -2.595753
2.613649 2.200001 -3.108401
0.137940 2.200001 -3.162321
-1.559576 2.200001 -2.255517
-2.269914 2.200001 -1.676768
0.916807 1.923278 3.586784
0.259593 1.923278 3.469773
-0.281430 1.923278 3.559590
-0.913934 1.923278 3.452756
-1.391755 1.923278 3.244635
-1.863874 1.923278 2.855309
-1.958786 1.923278 2.676519
-2.353109 1.923278 2.628732
-2.782552 1.923278 2.411384
-3.207317 1.923278 2.035123
-3.583134 1.923278 1.509868
-3.698539 1.923278 1.177207
-4.006475 1.923278 1.056867
-4.433929 1.923278 0.635521
-4.787464 1.923278 -0.188337
-4.748727 1.923278 -0.872855
-4.522307 1.923278 -1.519268
-3.990203 1.923278 -1.702563
-2.800350 1.923278 -1.738147
-2.610067 1.923278 -1.721668
-2.312205 1.923278 -1.793865
-1.875716 1.923278 -2.005246
-1.655875 1.923278 -2.334427
-1.231837 1.923278 -2.767049
-0.920230 1.923278 -2.970046
-0.464058 1.923278 -3.090476
-0.054002 1.923278 -3.113959
0.063950 1.923278 -3.262450
0.752830 1.923278 -3.560059
1.355479 1.923278 -3.586784
1.887279 1.923278 -3.488694
2.408045 1.923278 -3.198822
2.624025 1.923278 -3.232468
3.257998 1.923278 -3.033425
3.754304 1.923278 -2.683084
4.133423 1.923278 -2.125253
4.222317 1.923278 -1.598164
4.338593 1.923278 -1.546429
4.620405 1.923278 -1.091800
4.785323 1.923278 -0.517194
4.787464 1.923278 0.134601
4.478603 1.923278 0.846309
4.231651 1.923278 1.024912
4.246862 1.923278 1.149157
4.237113 1.923278 1.620026
3.814591 1.923278 2.386152
3.202897 1.923278 2.812500
2.787141 1.923278 2.880660
2.668718 1.923278 3.050528
2.232966 1.923278 3.343491
1.660497 1.923278 3.558929
3.192416 0.091076 2.785407
2.771160 0.090956 2.856393
2.647527 0.091072 3.030620
2.219623 0.091048 3.317691
1.654766 0.091025 3.530454
0.918832 0.091047 3.557808
0.259809 0.091029 3.440726
-0.281435 0.091031 3.530543
-0.905676 0.091042 3.424908
-1.376498 0.091041 3.219918
-1.840295 0.091095 2.838239
-1.941752 0.090903 2.652972
-2.345603 0.091100 2.600652
-2.766290 0.091039 2.387316
-3.185732 0.091040 2.015687
-3.556934 0.091090 1.497293
-3.677571 0.090928 1.157102
-3.991350 0.091086 1.032054
-4.409926 0.091043 0.619164
-4.758869 0.091016 -0.193442
-4.720333 0.091117 -0.866723
-4.501728 0.090876 -1.498761
-3.984267 0.091098 -1.674119
-2.801361 0.091051 -1.709118
-2.608005 0.091023 -1.692694
-2.302524 0.091061 -1.766480
-1.856586 0.090994 -1.983387
-1.633150 0.091059 -2.316335
-1.213497 0.091040 -2.744525
-0.908455 0.091024 -2.943494
-0.460156 0.091099 -3.061684
-0.040309 0.090940 -3.088335
0.082547 0.091068 -3.240098
0.759481 0.091038 -3.531784
1.353492 0.091048 -3.557806
1.877154 0.091060 -3.461468
2.403157 0.090987 -3.170187
2.622426 0.091046 -3.203459
3.245172 0.091049 -3.007364
3.733534 0.091038 -2.662778
4.106203 0.091100 -2.115089
4.200184 0.090919 -1.579284
4.321220 0.091064 -1.523002
4.593963 0.091062 -1.079777
4.756556 0.091044 -0.513175
4.759045 0.091038 0.128594
4.456780 0.091100 0.827084
4.204217 0.090885 1.015091
4.217957 0.091138 1.153588
4.209117 0.091012 1.612277
3.792991 0.091037 2.366732
-4.434661 2.200001 -1.430846
-4.626451 2.200001 -0.849430
-4.331147 2.200001 0.565263
-3.608904 2.200001 1.090802
-3.473322 2.200001 1.451203
-3.114832 2.200001 1.951775
-2.315334 2.200001 2.510101
-1.889558 2.200001 2.573041
-1.326746 2.200001 3.138455
-0.281169 2.200001 3.435090
0.260225 2.200001 3.345274
2.721811 2.200001 2.774678
3.155304 2.200001 2.697456
3.722113 2.200001 2.302796
4.116755 2.200001 1.588180
4.665472 2.200001 0.109734
3.202701 2.200001 -2.921879
2.385744 2.200001 -3.076335
1.845708 2.200001 -3.371339
1.346851 2.200001 -3.462583
0.780507 2.200001 -3.438674
0.002706 2.200001 -3.003123
-0.443308 2.200001 -2.967717
-0.869719 2.200001 -2.856253
-1.152798 2.200001 -2.670856
-1.794059 2.200001 -1.911266
-2.600365 2.200001 -1.597547
-2.386451 2.200001 -0.774797
-2.234742 2.200001 -0.975443
-1.944622 2.200001 -1.133784
-1.660834 2.200001 -1.307137
-1.457892 2.200001 -1.354489
-1.207578 2.200001 -1.338941
-1.193873 2.200001 -1.629976
-1.037975 2.200001 -2.011539
-0.634343 2.200001 -2.250036
-0.099687 2.200001 -2.360502
0.169362 2.200001 -2.235432
0.361028 2.200001 -2.216792
0.492654 2.200001 -2.557379
0.776383 2.200001 -2.759848
1.449570 2.200001 -2.814800
1.853640 2.200001 -2.615563
2.243991 2.200001 -2.263400
2.715878 2.200001 -2.346490
3.152685 2.200001 -2.175661
3.483383 2.200001 -1.795848
3.619236 2.200001 -1.601151
3.576922 2.200001 -1.204914
3.839537 2.200001 -0.615427
4.067781 2.200001 -0.430534
4.073022 2.200001 0.100955
3.909598 2.200001 0.496863
3.474449 2.200001 0.814327
3.470282 2.200001 0.858982
3.467926 2.200001 0.892477
3.464145 2.200001 0.922476
3.458484 2.200001 0.947195
3.451145 2.200001 0.964705
3.443295 2.200001 0.974202
3.429636 2.200001 0.979152
3.405742 2.200001 0.993815
3.408416 2.200001 1.023694
3.428829 2.200001 1.040982
3.454693 2.200001 1.055225
3.486726 2.200001 1.070361
3.523180 2.200001 1.086356
3.550039 2.200001 1.090417
3.409615 2.200001 1.357332
3.403714 2.200001 1.857013
3.076685 2.200001 2.182538
2.397625 2.200001 2.428046
2.221927 2.200001 2.673397
1.936679 2.200001 2.821888
1.705803 2.200001 2.669613
0.707644 2.200001 2.507563
0.337063 2.200001 2.515300
-0.282534 2.200001 2.878068
-0.835533 2.200001 2.775002
-1.337145 2.200001 2.356560
-2.149179 2.200001 2.083266
-2.500444 2.200001 1.883806
-2.851366 2.200001 1.464364
-3.071539 2.200001 0.621021
-3.655438 2.200001 0.443055
-4.059786 2.200001 0.004544
-4.155346 2.200001 -0.501227
-4.030632 2.200001 -0.877139
-3.519754 2.200001 -0.928313
-2.926114 2.200001 -0.887475
-2.533123 2.200001 -0.641999
-2.402463 2.300001 -0.789146
-2.248780 2.300001 -0.991728
-1.955385 2.300001 -1.152396
-1.668976 2.300001 -1.327036
-1.459409 2.300001 -1.375935
-1.221898 2.300001 -1.354978
-1.214913 2.300001 -1.634402
-1.054244 2.300001 -2.025595
-0.642095 2.300001 -2.270090
-0.097219 2.300001 -2.381860
0.175219 2.300001 -2.256119
0.349859 2.300001 -2.235162
0.475599 2.300001 -2.570470
0.768994 2.300001 -2.780038
1.453581 2.300001 -2.835923
1.865732 2.300001 -2.633340
2.249939 2.300001 -2.284061
2.717973 2.300001 -2.367888
3.165051 2.300001 -2.193248
3.500359 2.300001 -1.809041
3.640071 2.300001 -1.606459
3.598157 2.300001 -1.208280
3.856624 2.300001 -0.628477
4.087150 2.300001 -0.439865
4.094136 2.300001 0.105011
3.926482 2.300001 0.510175
3.493375 2.300001 0.824526
3.491746 2.300001 0.860228
3.489322 2.300001 0.894586
3.485310 2.300001 0.926255
3.478915 2.300001 0.953892
3.469344 2.300001 0.976152
3.455799 2.300001 0.991691
3.437490 2.300001 0.999166
3.424680 2.300001 1.003993
3.426534 2.300001 1.012119
3.440606 2.300001 1.022994
3.464455 2.300001 1.036069
3.495636 2.300001 1.050794
3.531705 2.300001 1.066619
3.570217 2.300001 1.082993
3.430505 2.300001 1.362416
3.423520 2.300001 1.865379
3.088211 2.300001 2.200687
2.410609 2.300001 2.445182
2.235970 2.300001 2.689678
1.935589 2.300001 2.843361
1.698079 2.300001 2.689678
0.706126 2.300001 2.529010
0.342880 2.300001 2.535998
-0.278837 2.300001 2.899248
-0.844670 2.300001 2.794464
-1.347632 2.300001 2.375329
-2.157960 2.300001 2.102892
-2.514225 2.300001 1.900309
-2.870490 2.300001 1.474189
-3.087042 2.300001 0.635919
-3.666846 2.300001 0.461279
-4.078995 2.300001 0.014202
-4.176793 2.300001 -0.502732
-4.044067 2.300001 -0.893925
-3.520148 2.300001 -0.949809
-2.919388 2.300001 -0.907896
-2.535180 2.300001 -0.663400
2.341467 2.200001 -2.807093
2.122015 2.200001 -3.021557
1.843915 2.200001 -3.135950
1.322239 2.200001 -3.234591
0.848864 2.200001 -3.206321
0.408945 2.200001 -3.064079
0.098499 2.200001 -2.779440
-0.293908 2.200001 -2.815470
-0.697822 2.200001 -2.737539
-1.142804 2.200001 -2.518620
-1.406139 2.200001 -2.297712
-1.598537 2.200001 -1.948577
-1.628253 2.200001 -1.712489
-1.919365 2.200001 -1.676020
-2.239817 2.200001 -1.533469
-2.426880 2.200001 -1.348243
-2.546428 2.200001 -1.409082
-2.734187 2.200001 -1.508896
-3.475742 2.200001 -1.389963
-4.190479 2.200001 -1.196903
-4.413873 2.200001 -0.739627
-4.463733 2.200001 -0.411416
-4.385625 2.200001 -0.020423
-4.088779 2.200001 0.530615
-3.720374 2.200001 0.849608
-3.481045 2.200001 0.956721
-3.400014 2.200001 1.350342
-3.103106 2.200001 1.746944
-2.659409 2.200001 2.169314
-2.192895 2.200001 2.409634
-1.793156 2.200001 2.483694
-1.671480 2.200001 2.696498
-1.344530 2.200001 2.973685
-0.759600 2.200001 3.192408
-0.151772 2.200001 3.304920
0.264738 2.200001 3.172195
0.581408 2.200001 3.318085
0.999272 2.200001 3.374815
1.569555 2.200001 3.311533
2.106242 2.200001 3.155810
2.524987 2.200001 2.815155
2.569540 2.200001 2.728330
2.773565 2.200001 2.703136
3.163583 2.200001 2.490630
3.657198 2.200001 2.039065
3.890630 2.200001 1.579821
3.996878 2.200001 1.201032
3.926656 2.200001 1.010174
4.118169 2.200001 0.795732
4.337939 2.200001 0.468489
4.395039 2.200001 -0.154573
4.275472 2.200001 -0.760165
4.110574 2.200001 -1.187213
3.923892 2.200001 -1.296304
3.912711 2.200001 -1.526492
3.805792 2.200001 -1.867969
3.488420 2.200001 -2.270481
3.134933 2.200001 -2.616388
2.871438 2.200001 -2.723601
2.517717 2.200001 -2.815378
2.333781 2.300001 -2.787013
2.110243 2.300001 -3.003566
1.837805 2.300001 -3.115336
1.320871 2.300001 -3.213134
0.852837 2.300001 -3.185192
0.419731 2.300001 -3.045480
0.105379 2.300001 -2.759071
-0.292799 2.300001 -2.793999
-0.690978 2.300001 -2.717157
-1.131070 2.300001 -2.500604
-1.389537 2.300001 -2.284051
-1.578147 2.300001 -1.941757
-1.613075 2.300001 -1.697262
-1.913456 2.300001 -1.655348
-2.227807 2.300001 -1.515636
-2.423403 2.300001 -1.327026
-2.556130 2.300001 -1.389896
-2.737755 2.300001 -1.487694
-3.471241 2.300001 -1.368939
-4.176786 2.300001 -1.180328
-4.393340 2.300001 -0.733252
-4.442239 2.300001 -0.411915
-4.365397 2.300001 -0.027707
-4.072003 2.300001 0.517168
-3.708752 2.300001 0.831520
-3.464257 2.300001 0.943289
-3.380432 2.300001 1.341467
-3.087037 2.300001 1.732660
-2.646945 2.300001 2.151795
-2.185897 2.300001 2.389305
-1.780733 2.300001 2.466147
-1.654992 2.300001 2.682700
-1.333655 2.300001 2.955138
-0.753851 2.300001 3.171691
-0.153091 2.300001 3.283461
0.266045 2.300001 3.150734
0.587381 2.300001 3.297432
0.999531 2.300001 3.353316
1.565364 2.300001 3.290446
2.096268 2.300001 3.136763
2.508418 2.300001 2.801455
2.557317 2.300001 2.710642
2.766885 2.300001 2.682700
3.151091 2.300001 2.473131
3.640082 2.300001 2.026054
3.870606 2.300001 1.571991
3.975390 2.300001 1.201754
3.905534 2.300001 1.006158
4.101131 2.300001 0.782619
4.317683 2.300001 0.461281
4.373568 2.300001 -0.153450
4.254813 2.300001 -0.754211
4.094143 2.300001 -1.173347
3.905532 2.300001 -1.285116
3.891562 2.300001 -1.522626
3.786777 2.300001 -1.857934
3.472426 2.300001 -2.256113
3.123146 2.300001 -2.598407
2.864680 2.300001 -2.703191
2.515400 2.300001 -2.794003
-0.506935 2.196738 1.757004
-0.488971 2.196738 1.943648
-0.124254 2.196738 2.073943
0.088216 2.196738 2.097289
0.388251 2.196738 1.900233
0.408474 2.196738 1.790497
0.476011 2.196738 1.814229
0.490512 2.196738 1.887795
0.696468 2.196738 2.124667
0.921534 2.196738 2.076028
0.932474 2.196738 2.116029
0.727054 2.196738 2.401501
0.893483 2.196738 2.494391
1.446832 2.196738 2.579721
2.225353 2.196738 2.555840
2.384380 2.196738 2.490931
2.525514 2.196738 2.324981
2.450834 2.196738 2.135497
2.449014 2.196738 2.098583
2.556611 2.196738 2.135379
2.848975 2.196738 2.064101
2.958814 2.196738 1.820965
2.989621 2.196738 1.734900
3.032015 2.196738 1.745904
3.087984 2.196738 1.899453
3.131959 2.196738 1.938398
3.403693 2.196738 1.832224
3.552073 2.196738 1.195436
3.304862 2.196738 1.402153
3.236006 2.196738 1.520904
3.173190 2.196738 1.498410
3.125365 2.196738 1.353186
2.996648 2.196738 1.231372
3.000912 2.196738 1.184795
3.124515 2.196738 1.045968
2.716597 2.196738 0.414579
2.705015 2.196738 0.354564
2.825563 2.196738 0.431792
2.899914 2.196738 0.307569
2.839196 2.196738 0.091383
2.886891 2.196738 -0.017917
3.038041 2.196738 -0.063751
3.105139 2.196738 -0.002473
3.110044 2.196738 0.086862
3.174617 2.196738 0.140918
3.475731 2.196738 0.158695
3.564295 2.196738 0.020280
3.472525 2.196738 -0.147088
3.287218 2.196738 -0.148549
3.210922 2.196738 -0.230145
3.172418 2.196738 -0.379634
3.265480 2.196738 -0.276654
3.476239 2.196738 -0.225143
3.512802 2.196738 -0.315744
3.474401 2.196738 -0.469861
3.511983 2.196738 -0.461075
3.785226 2.196738 -0.379648
3.847668 2.196738 -0.592947
3.886964 2.196738 -0.661182
3.630973 2.196738 -1.301145
3.503287 2.196738 -1.129475
3.466721 2.196738 -1.125365
3.403088 2.196738 -1.236554
3.287530 2.196738 -1.249546
3.174240 2.196738 -1.199092
3.107358 2.196738 -0.954311
3.136257 2.196738 -0.819649
3.126516 2.196738 -0.800756
3.048089 2.196738 -0.885389
2.921053 2.196738 -0.934284
2.873655 2.196738 -0.805403
2.920303 2.196738 -0.731857
2.901341 2.196738 -0.681215
2.817174 2.196738 -0.707057
2.563652 2.196738 -0.707083
2.413965 2.196738 -0.674339
2.324869 2.196738 -0.674421
2.242608 2.196738 -0.678839
2.222211 2.196738 -0.547622
2.313962 2.196738 -0.518468
2.250150 2.196738 -0.409657
2.152485 2.196738 -0.264683
2.116243 2.196738 -0.260198
2.118597 2.196738 -0.369743
1.991659 2.196738 -0.407985
1.990621 2.196738 -0.438620
2.066827 2.196738 -0.498459
2.113861 2.196738 -0.598549
2.090806 2.196738 -0.817016
2.123548 2.196738 -1.001240
2.073449 2.196738 -1.182380
1.994950 2.196738 -1.195411
1.990580 2.196738 -1.236078
2.059307 2.196738 -1.287652
2.026723 2.196738 -1.391599
1.928614 2.196738 -1.508459
1.765618 2.196738 -1.533019
1.733544 2.196738 -1.481851
1.706481 2.196738 -1.490514
1.650406 2.196738 -1.588704
1.566448 2.196738 -1.610004
1.334960 2.196738 -1.577319
1.235369 2.196738 -1.485860
1.256888 2.196738 -1.372130
1.201902 2.196738 -1.366163
1.110423 2.196738 -1.344532
1.041651 2.196738 -1.264731
1.031069 2.196738 -1.109289
1.134487 2.196738 -0.934028
1.220138 2.196738 -0.933863
1.260738 2.196738 -0.954268
1.304054 2.196738 -0.936007
1.278351 2.196738 -0.851036
1.299710 2.196738 -0.746107
1.325871 2.196738 -0.599761
1.283198 2.196738 -0.614943
1.200501 2.196738 -0.719243
1.008837 2.196738 -0.779602
0.799490 2.196738 -0.751397
0.809138 2.196738 -0.668811
0.773678 2.196738 -0.658085
0.740658 2.196738 -0.667479
0.702753 2.196738 -0.762524
0.546498 2.196738 -0.735202
0.450207 2.196738 -0.656771
0.421912 2.196738 -0.565736
0.331583 2.196738 -0.552412
0.263521 2.196738 -0.405054
0.283226 2.196738 -0.260469
0.372409 2.196738 -0.095034
0.543698 2.196738 0.025372
0.634366 2.196738 -0.004182
0.675149 2.196738 0.078756
0.826950 2.196738 0.236033
0.987155 2.196738 0.248436
1.002535 2.196738 0.346241
0.921322 2.196738 0.519477
0.697178 2.196738 0.857941
0.583734 2.196738 1.068313
0.537072 2.196738 1.186115
0.565362 2.196738 1.355290
0.508701 2.196738 1.457179
0.313788 2.196738 1.517723
0.096594 2.196738 1.695305
-0.091756 2.196738 1.748834
-0.319836 2.196738 1.748593
-0.503165 2.327715 1.760345
-0.474096 2.339327 1.931647
-0.122611 2.331081 2.066753
0.087542 2.323558 2.094439
0.385811 2.323686 1.898517
0.399990 2.338486 1.775965
0.486938 2.337644 1.803806
0.492982 2.323178 1.886543
0.697567 2.324574 2.121473
0.929472 2.338185 2.061944
0.944672 2.335883 2.117859
0.732189 2.328110 2.400282
0.894300 2.322992 2.491824
1.447282 2.331061 2.572376
2.223811 2.331190 2.548538
2.382776 2.323164 2.488680
2.522112 2.324727 2.324415
2.439426 2.335230 2.136854
2.438327 2.339462 2.082184
2.556652 2.323206 2.132598
2.846944 2.324122 2.061663
2.948603 2.334937 1.816530
2.982195 2.338082 1.720782
3.037520 2.332435 1.739388
3.094293 2.331260 1.895361
3.132678 2.324933 1.934926
3.397419 2.332252 1.826689
3.545540 2.336217 1.206441
3.306926 2.322948 1.403858
3.240596 2.336581 1.533421
3.167362 2.332232 1.504387
3.118978 2.331325 1.357256
2.985372 2.335690 1.235695
2.990189 2.335392 1.180137
3.120635 2.325641 1.045639
2.705537 2.335272 0.417875
2.695042 2.339612 0.337062
2.824314 2.327160 0.427249
2.896930 2.323732 0.307234
2.827505 2.335415 0.090547
2.878938 2.335671 -0.026971
3.039898 2.332456 -0.072097
3.112391 2.331889 -0.005962
3.117294 2.331982 0.083190
3.177467 2.331549 0.133703
3.474207 2.324584 0.155675
3.560910 2.324594 0.020165
3.468095 2.332613 -0.139608
3.284029 2.331932 -0.141120
3.203973 2.331528 -0.226735
3.161320 2.340121 -0.399905
3.269068 2.331300 -0.283300
3.474160 2.326627 -0.229036
3.510015 2.323232 -0.315925
3.462641 2.337719 -0.479555
3.513154 2.331154 -0.468415
3.782906 2.327352 -0.383876
3.840834 2.331141 -0.595845
3.883814 2.324102 -0.661478
3.630070 2.331954 -1.293092
3.509425 2.335743 -1.118994
3.460821 2.336150 -1.114115
3.401361 2.324195 -1.233853
3.288704 2.331362 -1.242034
3.183432 2.335744 -1.191149
3.110116 2.323152 -0.954226
3.148016 2.335761 -0.816512
3.127185 2.337319 -0.786250
3.043926 2.331169 -0.879215
2.923095 2.327701 -0.929688
2.876733 2.323964 -0.805791
2.928718 2.332332 -0.732473
2.910800 2.339847 -0.662233
2.816863 2.322932 -0.704405
2.564445 2.331079 -0.699752
2.414757 2.331079 -0.667008
2.324348 2.331043 -0.667095
2.245361 2.326941 -0.675169
2.225640 2.325874 -0.549706
2.332831 2.339665 -0.526119
2.256464 2.331044 -0.405904
2.156380 2.332308 -0.257222
2.103376 2.339025 -0.247331
2.115560 2.325435 -0.367475
1.981616 2.336321 -0.399814
1.982861 2.332316 -0.441895
2.060881 2.331283 -0.503094
2.111085 2.323289 -0.599017
2.076903 2.336953 -0.817498
2.112200 2.335122 -1.000820
2.071062 2.324863 -1.179803
1.985486 2.336453 -1.186295
1.978997 2.336072 -1.241023
2.055668 2.325470 -1.288772
2.020249 2.331179 -1.387905
1.927143 2.323598 -1.505907
1.767067 2.324959 -1.529769
1.738504 2.336382 -1.469795
1.701649 2.331972 -1.483990
1.648582 2.323849 -1.586256
1.565930 2.335072 -1.598721
1.336153 2.323357 -1.574738
1.238453 2.324350 -1.484757
1.268521 2.337025 -1.364291
1.203528 2.331015 -1.359023
1.114421 2.331586 -1.337847
1.044320 2.323455 -1.263637
1.038584 2.331495 -1.111025
1.136145 2.324642 -0.937007
1.219520 2.323069 -0.936518
1.261075 2.338342 -0.970768
1.321016 2.339196 -0.943867
1.285895 2.331291 -0.850912
1.306951 2.331027 -0.747264
1.339052 2.339329 -0.585914
1.277255 2.335474 -0.604754
1.196147 2.331506 -0.712866
1.008561 2.323084 -0.776884
0.803236 2.327227 -0.748475
0.827502 2.339826 -0.658418
0.774020 2.331703 -0.650205
0.729164 2.338368 -0.655556
0.700722 2.326167 -0.758887
0.547689 2.323175 -0.732702
0.456503 2.331452 -0.652377
0.430013 2.336088 -0.556064
0.333570 2.324351 -0.549808
0.266315 2.323303 -0.404659
0.290318 2.331188 -0.262789
0.378084 2.331304 -0.100023
0.544227 2.324074 0.022266
0.640350 2.338049 -0.018896
0.689759 2.339020 0.067935
0.828239 2.323589 0.233389
0.996038 2.336498 0.238662
1.014062 2.335327 0.347624
0.931070 2.334961 0.524912
0.703468 2.331026 0.861708
0.586129 2.322872 1.069438
0.539868 2.323284 1.186426
0.579476 2.337208 1.357768
0.513739 2.331805 1.463360
0.315083 2.323057 1.520115
0.101845 2.335103 1.705348
-0.090729 2.331122 1.756171
-0.319836 2.331015 1.755915
0.885493 1.994848 1.475817
1.014044 1.994848 1.458229
1.162723 1.994848 1.378155
1.300705 1.994848 1.266750
1.348030 1.994848 1.265900
1.284175 1.994848 1.464359
1.199144 1.994848 1.707133
1.049082 1.994848 1.814301
0.874060 1.994848 1.868111
0.830165 1.994848 1.842571
0.843982 1.994848 1.772156
0.857848 1.994848 1.649980
0.785543 1.994848 1.514614
0.826512 1.994848 1.469211
0.885254 2.331072 1.468453
1.013204 2.323041 1.455648
1.158678 2.331056 1.372012
1.297505 2.335559 1.255284
1.362365 2.338656 1.256337
1.291163 2.331022 1.466564
1.205333 2.331524 1.711777
1.052364 2.331172 1.820988
0.872946 2.332023 1.876198
0.822078 2.332854 1.846333
0.841365 2.322855 1.771814
0.843849 2.337138 1.652443
0.765771 2.339554 1.512246
0.823289 2.332225 1.461517
1.106542 1.994848 -0.019153
1.041032 1.994848 0.000506
1.003538 1.994848 -0.061275
0.879080 1.994848 -0.209250
0.818112 1.994848 -0.282757
0.824590 1.994848 -0.373803
0.885715 1.994848 -0.453309
0.994829 1.994848 -0.439422
1.047692 1.994848 -0.396042
1.173472 1.994848 -0.421074
1.197648 1.994848 -0.414556
1.201242 1.994848 -0.363644
1.130133 1.994848 -0.298861
1.106191 1.994848 -0.170202
1.122443 2.339585 -0.006966
1.037994 2.333205 0.009252
0.997725 2.331026 -0.056809
0.873419 2.331016 -0.204605
0.810527 2.331778 -0.280370
0.813789 2.335307 -0.377991
0.882446 2.332425 -0.461179
0.997900 2.331516 -0.446516
1.048475 2.324104 -0.399108
1.174408 2.335272 -0.432576
1.204671 2.332726 -0.419858
1.209001 2.332177 -0.360700
1.132668 2.323454 -0.297487
1.113499 2.331044 -0.169457
2.619984 1.994848 -0.481679
2.748620 1.994848 -0.442228
2.755655 1.994848 -0.332545
2.694782 1.994848 -0.230187
2.599665 1.994848 -0.248667
2.500941 1.994848 -0.211252
2.412941 1.994848 -0.098639
2.360283 1.994848 -0.091505
2.357224 1.994848 -0.125526
2.451307 1.994848 -0.220273
2.520394 1.994848 -0.334367
2.537546 1.994848 -0.447535
2.501867 1.994848 -0.493950
2.499620 1.994848 -0.514876
2.536193 1.994848 -0.533261
2.621079 2.322908 -0.484104
2.755651 2.332880 -0.447758
2.769555 2.337186 -0.329207
2.698498 2.332923 -0.222006
2.599950 2.323241 -0.245886
2.505447 2.331416 -0.205073
2.416692 2.331999 -0.091411
2.350336 2.338202 -0.078715
2.340053 2.338917 -0.130577
2.445457 2.331079 -0.224762
2.517842 2.323061 -0.335316
2.534578 2.323877 -0.446772
2.494468 2.331637 -0.491381
2.488830 2.336092 -0.521427
2.536455 2.335916 -0.545638
2.229030 1.994848 0.914194
2.292533 1.994848 0.981275
2.338623 1.994848 1.123134
2.432771 1.994848 1.226105
2.530796 1.994848 1.226935
2.582634 1.994848 1.268958
2.646073 1.994848 1.321307
2.676211 1.994848 1.517469
2.635007 1.994848 1.607932
2.523355 1.994848 1.695936
2.390190 1.994848 1.705132
2.279293 1.994848 1.626097
2.186556 1.994848 1.477403
2.226465 1.994848 1.327448
2.213173 1.994848 1.200800
2.185347 1.994848 0.924020
2.201993 1.994848 0.906421
2.236866 2.338140 0.900162
2.302295 2.335139 0.975436
2.340996 2.323098 1.121770
2.434028 2.323899 1.223299
2.534582 2.335371 1.215901
2.587267 2.331018 1.263285
2.652969 2.331712 1.317462
2.683844 2.331482 1.518502
2.640973 2.331338 1.612613
2.526118 2.331513 1.703153
2.388074 2.331657 1.712691
2.271029 2.335105 1.633854
2.178585 2.331906 1.478605
2.219019 2.331192 1.326918
2.205887 2.331015 1.201528
2.177616 2.332089 0.921225
2.196902 2.338945 0.889182
-1.621867 2.196738 -1.042004
-1.718194 2.196738 -1.134884
-1.877168 2.196738 -1.134855
-2.023726 2.196738 -0.983619
-1.884677 2.196738 -0.874457
-1.854752 2.196738 -0.610227
-1.804240 2.196738 -0.466055
-1.747777 2.196738 -0.429796
-1.850868 2.196738 -0.368573
-2.001468 2.196738 -0.226483
-2.079919 2.196738 0.058117
-1.988490 2.196738 0.358794
-1.820911 2.196738 0.595500
-1.785213 2.196738 0.863050
-1.815893 2.196738 1.273357
-2.076549 2.196738 1.554976
-2.313609 2.196738 1.740948
-2.369874 2.196738 1.893312
-2.277128 2.196738 2.060012
-1.324345 2.196738 2.424136
-1.277739 2.196738 2.309260
-1.084774 2.196738 2.303824
-0.971948 2.196738 2.241601
-0.949393 2.196738 1.754609
-1.014873 2.196738 1.268328
-0.991873 2.196738 0.704403
-0.869669 2.196738 0.737586
-0.639892 2.196738 0.655216
-0.340749 2.196738 0.436450
-0.291935 2.196738 0.231586
-0.145094 2.196738 0.014848
-0.228956 2.196738 -0.256400
-0.849005 2.196738 -0.306490
-0.956722 2.196738 -0.158351
-1.074878 2.196738 -0.223027
-1.187990 2.196738 -0.383644
-1.076902 2.196738 -0.598708
-1.028913 2.196738 -0.881364
-1.055671 2.196738 -1.185051
-1.194695 2.196738 -1.276993
-1.306334 2.196738 -1.195735
-1.288047 2.196738 -1.091678
-1.318269 2.196738 -1.065469
-1.400108 2.196738 -1.080533
-1.625464 2.335773 -1.030361
-1.721161 2.331822 -1.127466
-1.876047 2.323715 -1.132078
-2.018462 2.328107 -0.983989
-1.877688 2.331962 -0.878572
-1.847568 2.331077 -0.611880
-1.801925 2.323267 -0.467640
-1.730115 2.338834 -0.429036
-1.846227 2.331040 -0.362883
-1.994911 2.331435 -0.222518
-2.077093 2.323315 0.058077
-1.981815 2.331154 0.355520
-1.813856 2.331335 0.592725
-1.777844 2.331077 0.862840
-1.808715 2.331632 1.276481
-2.071565 2.331052 1.560381
-2.311346 2.323282 1.742617
-2.361681 2.332083 1.892697
-2.269455 2.335406 2.051167
-1.326235 2.327014 2.419910
-1.285296 2.336247 2.298879
-1.085492 2.323125 2.301171
-0.974780 2.324517 2.239809
-0.960550 2.334968 1.755135
-1.030612 2.337983 1.268941
-1.001029 2.337602 0.692493
-0.870216 2.331437 0.729940
-0.641149 2.322966 0.652845
-0.347338 2.331726 0.432078
-0.298776 2.331210 0.228565
-0.148195 2.324046 0.014364
-0.231225 2.325078 -0.253584
-0.845496 2.332429 -0.298721
-0.953595 2.336762 -0.145106
-1.084151 2.337074 -0.212395
-1.196648 2.332596 -0.383053
-1.083955 2.331136 -0.601012
-1.036297 2.331100 -0.881687
-1.062807 2.332128 -1.180898
-1.194625 2.325216 -1.273311
-1.303117 2.324755 -1.194457
-1.279950 2.332463 -1.088913
-1.314828 2.335715 -1.053859
-1.400100 2.322998 -1.077836
-2.803479 0.000000 -1.613687
-3.969211 0.000000 -1.579845
-4.434661 0.000000 -1.430846
-4.626451 0.000000 -0.849430
-4.664829 0.000000 -0.209806
-4.331147 0.000000 0.565263
-3.937487 0.000000 0.953229
-3.608904 0.000000 1.090802
-3.473322 0.000000 1.451203
-3.114832 0.000000 1.951775
-2.712505 0.000000 2.308459
-2.315334 0.000000 2.510101
-1.889558 0.000000 2.573041
-1.769481 0.000000 2.774129
-1.326746 0.000000 3.138455
-0.878404 0.000000 3.333433
-0.281169 0.000000 3.435090
0.260225 0.000000 3.345274
0.925416 0.000000 3.462582
1.635918 0.000000 3.436880
2.175952 0.000000 3.232813
2.583010 0.000000 2.960226
2.721811 0.000000 2.774678
3.155304 0.000000 2.697456
3.722113 0.000000 2.302796
4.116755 0.000000 1.588180
4.122362 0.000000 1.149360
4.119498 0.000000 0.970858
4.380325 0.000000 0.769877
4.665472 0.000000 0.109734
4.662086 0.000000 -0.499505
4.506425 0.000000 -1.041711
4.253566 0.000000 -1.455487
4.122270 0.000000 -1.524064
4.018353 0.000000 -2.077724
3.665571 0.000000 -2.595753
3.202701 0.000000 -2.921879
2.613649 0.000000 -3.108401
2.385744 0.000000 -3.076335
1.845708 0.000000 -3.371339
1.346851 0.000000 -3.462583
0.780507 0.000000 -3.438674
0.137940 0.000000 -3.162321
0.002706 0.000000 -3.003123
-0.443308 0.000000 -2.967717
-0.869719 0.000000 -2.856253
-1.152798 0.000000 -2.670856
-1.559576 0.000000 -2.255517
-1.794059 0.000000 -1.911266
-2.269914 0.000000 -1.676768
-2.600365 0.000000 -1.597547
