8.986239 20.231899 -2.890359
8.091245 21.126890 -2.890359
7.107603 21.923428 -2.890359
6.046088 22.612783 -2.890359
4.918331 23.187405 -2.890359
3.736688 23.640993 -2.890359
2.514104 23.968584 -2.890359
1.263975 24.166586 -2.890359
-0.000001 24.232828 -2.890359
-1.263978 24.166586 -2.890750
-2.514106 23.968584 -2.892709
-3.736689 23.640993 -2.891142
-4.918332 23.187403 -2.892709
-6.046089 22.612782 -2.890750
-7.107604 21.923426 -2.890359
-8.091246 21.126888 -2.810180
-8.986239 20.231895 -2.409286
-9.782774 19.248253 -2.730001
-10.472130 18.186737 -2.409286
-11.046751 17.058981 -2.810180
-11.500340 15.877338 -2.890359
-11.827931 14.654755 -2.890359
-12.025930 13.404627 -2.890359
-12.092174 12.140650 -2.890359
-12.025932 10.876674 -2.890359
-11.827930 9.626546 -2.890359
-11.500340 8.403964 -2.890359
-11.046749 7.222321 -2.890359
-10.472129 6.094564 -2.890359
-9.782772 5.033050 -2.890359
-8.986234 4.049408 -2.890359
-8.091241 3.154415 -2.890359
-7.107599 2.357878 -2.890359
-6.046084 1.668524 -2.890359
-4.918328 1.093903 -2.890359
-3.736685 0.640314 -2.890359
-2.514102 0.312723 -2.890359
-1.263975 0.114722 -2.890359
0.000001 0.048480 -2.890359
1.263977 0.114723 -2.890359
2.514105 0.312723 -2.890359
3.736687 0.640314 -2.890359
4.918330 1.093905 -2.890359
6.046086 1.668527 -2.890359
7.107600 2.357881 -2.890359
8.091242 3.154418 -2.890359
8.986234 4.049410 -2.890359
9.782770 5.033052 -2.890359
10.472124 6.094567 -2.890359
11.046746 7.222323 -2.890359
11.500335 8.403965 -2.890359
11.827925 9.626547 -2.890359
12.025927 10.876675 -2.890359
12.092170 12.140651 -2.890359
12.054788 13.407661 3.759815
11.856314 14.660789 3.759815
11.527937 15.886306 3.759815
11.073258 17.070784 3.759815
10.497258 18.201246 3.759815
9.806246 19.265308 3.759815
9.007798 20.251310 3.759815
8.110657 21.148451 3.759815
7.124655 21.946899 3.759815
6.060594 22.637909 3.759815
4.930130 23.213907 3.759815
3.745652 23.668585 3.759815
2.520136 23.996962 3.759815
1.267008 24.195436 3.759815
-0.000001 24.261839 3.759815
-1.267010 24.195436 3.683265
-2.520138 23.996960 3.300513
-3.745654 23.668585 3.606715
-4.930132 23.213905 3.300513
-6.060595 22.637905 3.683265
-7.124656 21.946896 3.759815
-8.110657 21.148447 3.759815
-9.007797 20.251307 3.759815
-9.806245 19.265305 3.759815
-10.497254 18.201242 3.759815
-11.073254 17.070782 3.759815
-11.527931 15.886303 3.759815
-11.856308 14.660787 3.759815
-12.054784 13.407659 3.759815
-12.121185 12.140650 3.759815
-12.054784 10.873642 3.759815
-11.856308 9.620515 3.759815
-11.527931 8.394999 3.759815
-11.073251 7.210521 3.759815
-10.497253 6.080058 3.759815
-9.806243 5.015997 3.759815
-9.007793 4.029995 3.759815
-8.110653 3.132856 3.759815
-7.124652 2.334408 3.759815
-6.060590 1.643399 3.759815
-4.930128 1.067400 3.759815
-3.745650 0.612724 3.759815
-2.520134 0.284347 3.759815
-1.267007 0.085870 3.759815
0.000001 0.019470 3.759815
1.267010 0.085870 3.759815
2.520136 0.284347 3.759815
3.745652 0.612724 3.759815
4.930129 1.067402 3.759815
6.060592 1.643401 3.759815
7.124653 2.334411 3.759815
8.110654 3.132859 3.759815
9.007793 4.029999 3.759815
9.806240 5.016000 3.759815
10.497249 6.080061 3.759815
11.073249 7.210523 3.759815
11.527927 8.395001 3.759815
11.856304 9.620516 3.759815
12.054779 10.873643 3.759815
12.121181 12.140651 3.759815
-8.123686 21.162916 2.802168
-7.136100 21.962646 2.792158
-6.070329 22.654766 2.726087
-4.938051 23.231691 2.395738
-3.751670 23.687101 2.660017
-2.524186 24.016005 2.395738
-1.269045 24.214802 2.726087
-0.000001 24.281309 2.792158
1.269043 24.214802 2.792158
2.524183 24.016005 2.792158
3.751668 23.687101 2.792158
4.938050 23.231693 2.792158
6.070328 22.654770 2.792158
7.136099 21.962650 2.792158
8.123684 21.162918 2.792158
9.022266 20.264338 2.792158
9.821998 19.276752 2.792158
10.514118 18.210981 2.792158
11.091043 17.078703 2.798517
11.546453 15.892322 2.835686
11.875357 14.664837 2.830737
12.074151 13.409697 2.797528
12.140650 12.140651 2.792158
12.074140 10.871608 2.792158
11.875347 9.616468 2.792158
11.546443 8.388984 2.792158
11.091035 7.202604 2.792158
10.514109 6.070326 2.792158
9.821992 5.004556 2.792158
9.022262 4.016971 2.792158
8.123682 3.118391 2.792158
7.136096 2.318659 2.792158
6.070326 1.626542 2.792158
4.938049 1.049616 2.792158
3.751668 0.594208 2.792158
2.524184 0.265303 2.792158
1.269045 0.066508 2.792158
0.000001 -0.000000 2.792158
-1.269042 0.066508 2.792158
-2.524182 0.265303 2.792158
-3.751666 0.594206 2.792158
-4.938047 1.049614 2.792158
-6.070324 1.626539 2.792158
-7.136095 2.318657 2.792158
-8.123680 3.118387 2.792158
-9.022262 4.016968 2.792158
-9.821994 5.004553 2.792158
-10.514114 6.070323 2.792158
-11.091038 7.202602 2.792158
-11.546448 8.388983 2.792158
-11.875351 9.616467 2.792158
-12.074146 10.871607 2.792158
-12.140654 12.140650 2.792158
-12.074146 13.409694 2.792158
-11.875351 14.664834 2.792158
-11.546448 15.892319 2.792158
-11.091040 17.078699 2.802168
-10.514115 18.210978 2.852218
-9.821996 19.276749 2.812178
-9.022266 20.264334 2.852218
6.132075 12.785175 -2.903550
6.031113 13.422606 -2.903550
5.864074 14.046005 -2.903550
5.632787 14.648530 -2.903550
5.339786 15.223578 -2.903550
4.988281 15.764849 -2.903550
4.582123 16.266413 -2.903550
4.125760 16.722773 -2.903550
3.624196 17.128929 -2.903550
3.082926 17.480438 -2.903550
2.507879 17.773436 -2.903549
1.905354 18.004725 -2.903549
1.281952 18.171764 -2.903550
0.644506 18.272726 -2.903550
-0.000001 18.306503 -2.903550
-0.644509 18.272726 -2.903550
-1.281953 18.171764 -2.903550
-1.905352 18.004725 -2.903550
-2.507877 17.773438 -2.903550
-3.082926 17.480436 -2.903550
-3.624197 17.128929 -2.903550
-4.125568 16.722610 -2.903550
-4.580786 16.265291 -2.903550
-4.986755 15.763567 -2.903550
-5.338451 15.222456 -2.903550
-5.632592 14.648370 -2.903550
-5.864071 14.046005 -2.903550
-6.031110 13.422603 -2.903550
-6.132072 12.785158 -2.903550
-6.165850 12.140652 -2.903550
-6.132070 11.496144 -2.903550
-6.031110 10.858698 -2.903550
-5.864071 10.235300 -2.903550
-5.632783 9.632775 -2.903550
-5.339783 9.057727 -2.903550
-4.988277 8.516457 -2.903550
-4.582118 8.014894 -2.903550
-4.125756 7.558534 -2.903550
-3.624195 7.152378 -2.903550
-3.082925 6.800870 -2.903550
-2.507877 6.507871 -2.903550
-1.905352 6.276584 -2.903550
-1.281950 6.109544 -2.903550
-0.644506 6.008581 -2.903550
0.000000 5.974805 -2.903550
0.644508 6.008583 -2.903550
1.281953 6.109545 -2.903550
1.905351 6.276584 -2.903550
2.507875 6.507871 -2.903550
3.082924 6.800873 -2.903549
3.624194 7.152379 -2.903549
4.125754 7.558535 -2.903550
4.582115 8.014895 -2.903550
4.988273 8.516457 -2.903549
5.339779 9.057728 -2.903550
5.632779 9.632776 -2.903550
5.864067 10.235301 -2.903550
6.031107 10.858700 -2.903550
6.132067 11.496147 -2.903550
6.165848 12.140668 -2.903550
6.134531 12.785434 3.774060
6.033530 13.423120 3.774060
5.866423 14.046768 3.774060
5.635043 14.649535 3.774060
5.341925 15.224813 3.774060
4.990279 15.766300 3.774060
4.583958 16.268064 3.774060
4.127413 16.724607 3.774060
3.625648 17.130928 3.774060
3.084161 17.482576 3.774060
2.508884 17.775694 3.774060
1.906117 18.007072 3.774060
1.282465 18.174179 3.774060
0.644765 18.275185 3.774060
-0.000001 18.308973 3.774060
-0.644767 18.275183 3.774060
-1.282467 18.174179 3.774060
-1.906116 18.007072 3.774060
-2.508881 17.775694 3.774060
-3.084161 17.482576 3.774060
-3.625649 17.130928 3.774060
-4.127412 16.724607 3.774060
-4.583954 16.268064 3.774060
-4.990275 15.766300 3.774060
-5.341922 15.224812 3.774060
-5.635039 14.649535 3.774060
-5.866420 14.046768 3.774060
-6.033527 13.423116 3.774060
-6.134528 12.785417 3.774060
-6.168320 12.140652 3.774060
-6.134527 11.495886 3.774060
-6.033526 10.858185 3.774060
-5.866420 10.234537 3.774060
-5.635039 9.631771 3.774060
-5.341922 9.056492 3.774060
-4.990275 8.515005 3.774060
-4.583953 8.013242 3.774060
-4.127409 7.556698 3.774060
-3.625647 7.150380 3.774060
-3.084160 6.798731 3.774060
-2.508881 6.505614 3.774060
-1.906115 6.274234 3.774060
-1.282464 6.107128 3.774060
-0.644764 6.006124 3.774060
0.000000 5.972334 3.774060
0.644766 6.006126 3.774060
1.282466 6.107128 3.774060
1.906114 6.274235 3.774060
2.508879 6.505615 3.774060
3.084159 6.798733 3.774060
3.625646 7.150381 3.774060
4.127407 7.556699 3.774060
4.583950 8.013242 3.774060
4.990271 8.515005 3.774060
5.341918 9.056493 3.774060
5.635035 9.631772 3.774060
5.866417 10.234538 3.774060
6.033523 10.858186 3.774060
6.134523 11.495888 3.774060
6.168318 12.140668 3.774060
-3.939590 18.964222 3.782100
-3.204751 19.338642 3.735466
-2.434800 19.634197 3.772774
-1.638174 19.847652 3.735466
-0.823600 19.976669 3.782100
-0.000001 20.019833 3.791427
0.823598 19.976669 3.791427
1.638173 19.847652 3.791427
2.434801 19.634195 3.791427
3.204752 19.338640 3.791427
3.939590 18.964224 3.791427
4.631265 18.515041 3.791427
5.272201 17.996023 3.791428
5.855374 17.412853 3.791428
6.374392 16.771917 3.791427
6.823572 16.080242 3.791427
7.197991 15.345404 3.791427
7.493547 14.575453 3.791427
7.707004 13.778827 3.791427
7.836018 12.964262 3.791427
7.879176 12.140663 3.791427
7.836010 11.317054 3.791427
7.706996 10.502479 3.791427
7.493540 9.705853 3.791427
7.197983 8.935903 3.791427
6.823565 8.201064 3.791427
6.374385 7.509388 3.791427
5.855366 6.868454 3.791427
5.272196 6.285284 3.791427
4.631263 5.766266 3.791427
3.939588 5.317086 3.791427
3.204749 4.942667 3.791428
2.434799 4.647111 3.791427
1.638174 4.433655 3.791427
0.823599 4.304640 3.791427
0.000000 4.261477 3.791427
-0.823598 4.304638 3.791427
-1.638171 4.433655 3.791427
-2.434799 4.647111 3.791427
-3.204750 4.942667 3.791427
-3.939589 5.317084 3.791427
-4.631264 5.766266 3.791428
-5.272197 6.285283 3.791428
-5.855368 6.868454 3.791427
-6.374388 7.509387 3.791427
-6.823569 8.201062 3.791427
-7.197986 8.935902 3.791427
-7.493544 9.705852 3.791427
-7.706998 10.502477 3.791427
-7.836014 11.317052 3.791427
-7.879178 12.140652 3.791427
-7.836015 12.964250 3.791427
-7.706998 13.778824 3.791427
-7.493544 14.575452 3.791427
-7.197986 15.345403 3.791427
-6.823569 16.080240 3.791427
-6.374388 16.771917 3.791427
-5.855371 17.412851 3.791427
-5.272199 17.996021 3.791427
-4.631266 18.515041 3.791427
-7.639216 19.035049 -2.874768
-8.301616 18.136429 -2.904686
-8.947318 17.234600 -2.874768
-9.686156 16.437820 -2.912165
-10.124301 15.430236 -2.919645
-10.412694 14.353937 -2.919645
-10.587005 13.253390 -2.919645
-10.645322 12.140651 -2.919645
-10.587004 11.027911 -2.919645
-10.412693 9.927364 -2.919645
-10.124301 8.851066 -2.919645
-9.724984 7.810809 -2.919645
-9.219117 6.817990 -2.919645
-8.612245 5.883488 -2.919645
-7.911012 5.017542 -2.919645
-7.123108 4.229636 -2.919645
-6.257161 3.528406 -2.919645
-5.322658 2.921535 -2.919645
-4.329840 2.415670 -2.919645
-3.289583 2.016353 -2.919645
-2.213285 1.727958 -2.919645
-1.112738 1.553649 -2.919645
0.000001 1.495333 -2.919645
1.112740 1.553650 -2.919645
2.213287 1.727960 -2.919645
3.289585 2.016353 -2.919645
4.329841 2.415671 -2.919645
5.322660 2.921536 -2.919645
6.257162 3.528410 -2.919645
7.123108 4.229639 -2.919645
7.911012 5.017544 -2.919645
8.612241 5.883490 -2.919645
9.219114 6.817993 -2.919645
9.724980 7.810811 -2.919645
10.124298 8.851067 -2.919645
10.412690 9.927365 -2.919645
10.587000 11.027913 -2.919645
10.645318 12.140656 -2.919645
10.587010 13.253396 -2.894985
10.412701 14.353940 -2.766932
10.124307 15.430239 -2.866473
9.724989 16.470495 -2.914893
9.219122 17.463314 -2.919645
8.612249 18.397818 -2.919645
7.911017 19.263763 -2.919645
7.123111 20.051668 -2.919645
6.257163 20.752899 -2.919645
5.322662 21.359772 -2.919645
4.329843 21.865639 -2.919645
3.289585 22.264956 -2.919645
2.213286 22.553349 -2.919645
1.112738 22.727659 -2.919645
-0.000001 22.785976 -2.919645
-1.112741 22.727659 -2.919645
-2.213288 22.553349 -2.919645
-3.289587 22.264956 -2.919645
-4.329843 21.865637 -2.919645
-5.322662 21.359770 -2.919645
-6.257165 20.752895 -2.919645
-7.084283 20.018993 -2.912165
-3.534596 23.019014 3.660210
-2.378134 23.328890 3.397777
-1.195618 23.516182 3.725819
-0.000001 23.578842 3.791427
1.195616 23.516184 3.791427
2.378133 23.328890 3.791427
3.534595 23.019016 3.791427
4.652331 22.589958 3.791427
5.719095 22.046415 3.791427
6.723199 21.394342 3.791427
7.653642 20.640884 3.791427
8.500233 19.794296 3.791427
9.253692 18.863853 3.791427
9.905765 17.859747 3.791427
10.449309 16.792984 3.791427
10.878368 15.675248 3.791427
11.188241 14.518786 3.791427
11.375532 13.336271 3.791427
11.438184 12.140653 3.791427
11.375523 10.945035 3.791427
11.188231 9.762519 3.791427
10.878358 8.606058 3.791427
10.449300 7.488323 3.791427
9.905756 6.421559 3.791427
9.253685 5.417456 3.791427
8.500227 4.487013 3.791427
7.653640 3.640425 3.791427
6.723197 2.886967 3.791427
5.719093 2.234895 3.791427
4.652330 1.691351 3.791427
3.534595 1.262292 3.791427
2.378134 0.952419 3.791427
1.195617 0.765126 3.791427
0.000001 0.702467 3.791427
-1.195615 0.765126 3.791427
-2.378131 0.952418 3.791427
-3.534592 1.262292 3.791427
-4.652328 1.691349 3.791427
-5.719092 2.234892 3.791427
-6.723196 2.886965 3.791427
-7.653640 3.640422 3.791427
-8.500227 4.487010 3.791427
-9.253687 5.417453 3.791427
-9.905760 6.421557 3.791427
-10.449303 7.488321 3.791427
-10.878363 8.606056 3.791427
-11.188236 9.762518 3.791427
-11.375527 10.945034 3.791427
-11.438188 12.140651 3.791427
-11.375529 13.336267 3.791427
-11.188236 14.518783 3.791427
-10.878363 15.675245 3.791427
-10.449305 16.792980 3.791427
-9.905761 17.859747 3.791427
-9.253687 18.863850 3.791427
-8.500231 19.794292 3.791427
-7.653644 20.640881 3.791427
-6.723201 21.394339 3.791427
-5.719096 22.046413 3.725819
-4.652332 22.589956 3.397777
-4.750342 22.810091 -2.919645
-5.839580 22.255096 -2.919645
-6.864838 21.589287 -2.919645
-7.808967 20.814976 -2.864320
-8.637895 19.920685 -2.587697
-9.401309 18.965662 -2.808995
-10.073035 17.945383 -2.587696
-10.663524 16.886013 -2.864320
-11.107536 15.749708 -2.919645
-11.423936 14.568883 -2.919645
-11.615176 13.361455 -2.919645
-11.679155 12.140651 -2.919645
-11.615175 10.919846 -2.919645
-11.423936 9.712418 -2.919645
-11.107536 8.531593 -2.919645
-10.669439 7.390311 -2.919645
-10.114444 6.301073 -2.919645
-9.448633 5.275816 -2.919645
-8.679301 4.325771 -2.919645
-7.814878 3.461347 -2.919645
-6.864834 2.692016 -2.919645
-5.839576 2.026208 -2.919645
-4.750338 1.471214 -2.919645
-3.609056 1.033117 -2.919645
-2.428231 0.716716 -2.919645
-1.220803 0.525478 -2.919645
0.000001 0.461498 -2.919645
1.220805 0.525478 -2.919645
2.428233 0.716718 -2.919645
3.609058 1.033118 -2.919645
4.750340 1.471217 -2.919645
5.839577 2.026210 -2.919645
6.864835 2.692020 -2.919645
7.814878 3.461350 -2.919645
8.679301 4.325774 -2.919645
9.448631 5.275819 -2.919645
10.114440 6.301075 -2.919645
10.669434 7.390313 -2.919645
11.107533 8.531595 -2.919645
11.423933 9.712419 -2.919645
11.615171 10.919847 -2.919645
11.679152 12.140653 -2.919645
11.615180 13.361458 -2.882648
11.423944 14.568887 -2.662517
11.107542 15.749711 -2.671751
10.669444 16.890993 -2.884495
10.114449 17.980232 -2.919645
9.448639 19.005491 -2.919645
8.679306 19.955536 -2.919645
7.814881 20.819958 -2.919645
6.864836 21.589291 -2.919645
5.839579 22.255098 -2.919645
4.750341 22.810093 -2.919645
3.609058 23.248190 -2.919645
2.428233 23.564590 -2.919645
1.220803 23.755831 -2.919645
-0.000001 23.819811 -2.919645
-1.220806 23.755831 -2.919645
-2.428235 23.564590 -2.919645
-3.609059 23.248190 -2.919645
-4.938051 23.231691 -2.006786
-3.751670 23.687101 -1.960033
-2.524185 24.016005 -2.006786
-1.269045 24.214802 -1.948345
-0.000001 24.281309 -1.936656
1.269043 24.214802 -1.936656
2.524183 24.016005 -1.936656
3.751669 23.687101 -1.936656
4.938050 23.231693 -1.936656
6.070328 22.654770 -1.936656
7.136099 21.962648 -1.936656
8.123685 21.162918 -1.936656
9.022267 20.264338 -1.936656
9.821998 19.276752 -1.936656
10.514119 18.210981 -1.936656
11.091045 17.078703 -1.891860
11.546453 15.892322 -1.630053
11.875357 14.664837 -1.664907
12.074151 13.409697 -1.898831
12.140650 12.140651 -1.936656
12.074143 10.871608 -1.936656
11.875348 9.616468 -1.936656
11.546443 8.388984 -1.936656
11.091035 7.202604 -1.936656
10.514109 6.070326 -1.936656
9.821992 5.004556 -1.936656
9.022262 4.016971 -1.936656
8.123682 3.118391 -1.936656
7.136096 2.318659 -1.936656
6.070326 1.626542 -1.936656
4.938049 1.049616 -1.936656
3.751669 0.594207 -1.936656
2.524185 0.265303 -1.936656
1.269045 0.066508 -1.936656
0.000001 0.000000 -1.936656
-1.269042 0.066508 -1.936656
-2.524182 0.265301 -1.936656
-3.751666 0.594206 -1.936656
-4.938046 1.049614 -1.936656
-6.070325 1.626539 -1.936656
-7.136095 2.318657 -1.936656
-8.123680 3.118387 -1.936656
-9.022262 4.016968 -1.936656
-9.821994 5.004553 -1.936656
-10.514114 6.070324 -1.936656
-11.091038 7.202602 -1.936656
-11.546448 8.388982 -1.936656
-11.875351 9.616467 -1.936656
-12.074146 10.871607 -1.936656
-12.140654 12.140650 -1.936656
-12.074146 13.409694 -1.936656
-11.875351 14.664834 -1.936656
-11.546448 15.892320 -1.936656
-11.091040 17.078699 -1.866148
-10.514115 18.210979 -1.513605
-9.821996 19.276749 -1.795639
-9.022266 20.264334 -1.513605
-8.123686 21.162914 -1.866148
-7.136100 21.962646 -1.936656
-6.070329 22.654766 -1.948345
8.510463 13.949608 -2.899662
8.274754 14.829282 -2.916314
7.948386 15.679501 -2.919645
7.534934 16.490948 -2.919645
7.038928 17.254730 -2.919645
6.465799 17.962482 -2.919645
5.821831 18.606449 -2.919645
5.114078 19.179577 -2.919645
4.350295 19.675585 -2.919645
3.538849 20.089037 -2.919644
2.688630 20.415403 -2.919644
1.808953 20.651114 -2.919645
0.909458 20.793579 -2.919645
-0.000001 20.841242 -2.919645
-0.909461 20.793579 -2.919645
-1.808955 20.651114 -2.919645
-2.688630 20.415403 -2.919645
-3.538848 20.089037 -2.919645
-4.350295 19.675583 -2.919645
-5.114079 19.179575 -2.919645
-5.795722 18.584478 -2.919645
-6.283040 17.808697 -2.919645
-6.830058 17.078974 -2.919645
-7.352173 16.337160 -2.919645
-7.922274 15.657531 -2.919645
-8.274750 14.829281 -2.919645
-8.510458 13.949604 -2.919645
-8.652925 13.050110 -2.919645
-8.700588 12.140651 -2.919645
-8.652924 11.231191 -2.919645
-8.510458 10.331697 -2.919645
-8.274750 9.452022 -2.919645
-7.948382 8.601804 -2.919645
-7.534929 7.790357 -2.919645
-7.038922 7.026574 -2.919645
-6.465794 6.318822 -2.919645
-5.821827 5.674856 -2.919645
-5.114076 5.101730 -2.919645
-4.350293 4.605723 -2.919645
-3.538847 4.192272 -2.919645
-2.688628 3.865904 -2.919645
-1.808952 3.630195 -2.919645
-0.909458 3.487728 -2.919645
0.000000 3.440066 -2.919645
0.909460 3.487730 -2.919645
1.808955 3.630196 -2.919645
2.688629 3.865904 -2.919645
3.538846 4.192272 -2.919645
4.350293 4.605724 -2.919644
5.114075 5.101732 -2.919644
5.821826 5.674858 -2.919645
6.465794 6.318824 -2.919645
7.038919 7.026575 -2.919644
7.534927 7.790359 -2.919645
7.948377 8.601805 -2.919645
8.274747 9.452023 -2.919645
8.510455 10.331698 -2.919645
8.652920 11.231194 -2.919645
8.700585 12.140661 -2.919645
8.652928 13.050121 -2.916314
5.327305 8.270136 -2.919644
5.702701 8.848195 -2.919645
6.015614 9.462327 -2.919645
6.262623 10.105802 -2.919645
6.441015 10.771571 -2.919645
6.548837 11.452342 -2.919645
6.584913 12.140667 -2.919645
6.548845 12.828979 -2.919645
6.441022 13.509735 -2.919645
6.262629 14.175503 -2.919645
6.015623 14.818980 -2.919645
5.702708 15.433111 -2.919645
5.327312 16.011169 -2.919645
4.893549 16.546822 -2.919645
4.406170 17.034199 -2.919645
3.870517 17.467960 -2.919645
3.292459 17.843359 -2.919645
2.678329 18.156271 -2.919644
2.034852 18.403278 -2.919644
1.369080 18.581673 -2.919645
0.688311 18.689497 -2.919645
-0.000001 18.725569 -2.919645
-0.688313 18.689497 -2.919645
-1.369082 18.581673 -2.919645
-2.034851 18.403278 -2.919645
-2.678326 18.156273 -2.919645
-3.292459 17.843357 -2.919645
-3.870518 17.467960 -2.919645
-4.401693 17.030432 -2.919645
-4.862218 16.520460 -2.919645
-5.291506 15.981042 -2.919645
-5.671378 15.406749 -2.919645
-6.011143 14.815214 -2.919645
-6.262626 14.175503 -2.919645
-6.441019 13.509731 -2.919645
-6.548842 12.828963 -2.919645
-6.584916 12.140652 -2.919645
-6.548841 11.452339 -2.919645
-6.441019 10.771570 -2.919645
-6.262626 10.105802 -2.919645
-6.015618 9.462326 -2.919645
-5.702704 8.848194 -2.919645
-5.327307 8.270136 -2.919645
-4.893544 7.734484 -2.919645
-4.406166 7.247107 -2.919645
-3.870516 6.813347 -2.919645
-3.292458 6.437949 -2.919645
-2.678326 6.125035 -2.919645
-2.034850 5.878028 -2.919645
-1.369079 5.699635 -2.919645
-0.688311 5.591810 -2.919645
0.000000 5.555739 -2.919645
0.688312 5.591813 -2.919645
1.369081 5.699637 -2.919645
2.034849 5.878029 -2.919645
2.678324 6.125035 -2.919645
3.292457 6.437951 -2.919644
3.870514 6.813347 -2.919644
4.406164 7.247109 -2.919645
4.893542 7.734485 -2.919645
4.568287 8.027346 -2.001559
4.973220 8.527394 -2.001558
5.323665 9.067032 -2.001559
5.615780 9.640344 -2.001559
5.846371 10.241051 -2.001559
6.012906 10.862568 -2.001559
6.113561 11.498092 -2.001559
6.147240 12.140668 -2.001559
6.113569 12.783231 -2.001559
6.012913 13.418738 -2.001559
5.846377 14.040255 -2.001559
5.615789 14.640962 -2.001559
5.323672 15.214274 -2.001559
4.973227 15.753911 -2.001559
4.568294 16.253962 -2.001559
4.113309 16.708944 -2.001559
3.613259 17.113876 -2.001559
3.073622 17.464323 -2.001559
2.500311 17.756437 -2.001558
1.899604 17.987026 -2.001558
1.278083 18.153564 -2.001559
0.642561 18.254223 -2.001559
-0.000001 18.287895 -2.001559
-0.642564 18.254223 -2.001559
-1.278084 18.153564 -2.001559
-1.899602 17.987028 -2.001559
-2.500309 17.756439 -2.001559
-3.073622 17.464323 -2.001559
-3.613260 17.113876 -2.001559
-4.113308 16.708942 -2.001559
-4.568291 16.253960 -2.001559
-4.973223 15.753911 -2.001559
-5.323669 15.214274 -2.001559
-5.615784 14.640962 -2.001559
-5.846375 14.040255 -2.001559
-6.012910 13.418734 -2.001559
-6.113567 12.783213 -2.001559
-6.147242 12.140652 -2.001559
-6.113565 11.498089 -2.001559
-6.012910 10.862567 -2.001559
-5.846375 10.241050 -2.001559
-5.615784 9.640344 -2.001559
-5.323668 9.067031 -2.001559
-4.973223 8.527394 -2.001559
-4.568290 8.027345 -2.001559
-4.113306 7.572362 -2.001559
-3.613258 7.167432 -2.001559
-3.073621 6.816984 -2.001559
-2.500309 6.524869 -2.001559
-1.899602 6.294280 -2.001559
-1.278081 6.127743 -2.001559
-0.642561 6.027085 -2.001559
0.000000 5.993412 -2.001559
0.642563 6.027088 -2.001559
1.278084 6.127745 -2.001559
1.899601 6.294280 -2.001559
2.500306 6.524869 -2.001559
3.073620 6.816987 -2.001558
3.613257 7.167432 -2.001558
4.113304 7.572363 -2.001559
3.218615 6.565849 3.791427
2.618256 6.259951 3.791428
1.989212 6.018485 3.791427
1.338376 5.844093 3.791427
0.672875 5.738688 3.791427
0.000000 5.703424 3.791427
-0.672873 5.738686 3.791427
-1.338373 5.844092 3.791427
-1.989213 6.018484 3.791427
-2.618257 6.259951 3.791427
-3.218616 6.565847 3.791427
-3.783709 6.932826 3.791428
-4.307346 7.356858 3.791428
-4.783793 7.833305 3.791427
-5.207828 8.356943 3.791427
-5.574806 8.922036 3.791427
-5.880702 9.522394 3.791427
-6.122171 10.151439 3.791427
-6.296561 10.802275 3.791427
-6.401966 11.467777 3.791427
-6.437231 12.140652 3.791427
-6.401967 12.813525 3.791427
-6.296562 13.479026 3.791427
-6.122171 14.129866 3.791427
-5.880702 14.758911 3.791427
-5.574806 15.359268 3.791427
-5.207829 15.924362 3.791427
-4.783794 16.448000 3.791427
-4.307348 16.924446 3.791427
-3.783711 17.348482 3.791427
-3.218616 17.715460 3.791427
-2.618258 18.021357 3.791427
-1.989214 18.262823 3.791427
-1.338376 18.437214 3.791427
-0.672876 18.542622 3.791427
-0.000001 18.577885 3.791427
0.672873 18.542622 3.791427
1.338375 18.437214 3.791427
1.989215 18.262823 3.791427
2.618260 18.021357 3.791427
3.218617 17.715462 3.791427
3.783710 17.348482 3.791427
4.307350 16.924448 3.791428
4.783798 16.448002 3.791428
5.207833 15.924363 3.791427
5.574809 15.359268 3.791427
5.880706 14.758911 3.791427
6.122173 14.129866 3.791427
6.296565 13.479029 3.791427
6.401970 12.813542 3.791427
6.437228 12.140668 3.791427
6.401962 11.467779 3.791427
6.296558 10.802276 3.791427
6.122166 10.151439 3.791427
5.880698 9.522396 3.791427
5.574803 8.922037 3.791427
5.207826 8.356943 3.791427
4.783790 7.833305 3.791427
4.307344 7.356859 3.791427
3.783708 6.932826 3.791427
3.073620 6.816987 2.864434
3.613257 7.167432 2.864434
4.113304 7.572363 2.864434
4.568287 8.027346 2.864434
4.973220 8.527394 2.864434
5.323665 9.067032 2.864434
5.615780 9.640344 2.864434
5.846371 10.241051 2.864434
6.012906 10.862568 2.864434
6.113561 11.498092 2.864434
6.147240 12.140668 2.864434
6.113569 12.783231 2.864434
6.012913 13.418738 2.864434
5.846377 14.040255 2.864434
5.615788 14.640962 2.864434
5.323672 15.214274 2.864434
4.973227 15.753911 2.864434
4.568295 16.253962 2.864434
4.113309 16.708944 2.864434
3.613259 17.113876 2.864434
3.073622 17.464323 2.864434
2.500311 17.756437 2.864434
1.899604 17.987028 2.864434
1.278083 18.153564 2.864434
0.642561 18.254223 2.864434
-0.000001 18.287895 2.864434
-0.642564 18.254223 2.864434
-1.278084 18.153564 2.864434
-1.899602 17.987028 2.864434
-2.500309 17.756439 2.864434
-3.073622 17.464321 2.864434
-3.613260 17.113876 2.864434
-4.113308 16.708942 2.864434
-4.568291 16.253960 2.864434
-4.973223 15.753911 2.864434
-5.323669 15.214274 2.864434
-5.615784 14.640962 2.864434
-5.846375 14.040255 2.864434
-6.012910 13.418734 2.864434
-6.113567 12.783213 2.864434
-6.147242 12.140652 2.864434
-6.113565 11.498089 2.864434
-6.012910 10.862567 2.864434
-5.846375 10.241050 2.864434
-5.615784 9.640344 2.864434
-5.323668 9.067031 2.864434
-4.973223 8.527394 2.864434
-4.568290 8.027345 2.864434
-4.113306 7.572362 2.864434
-3.613258 7.167432 2.864434
-3.073621 6.816984 2.864434
-2.500308 6.524869 2.864434
-1.899602 6.294280 2.864434
-1.278081 6.127743 2.864434
-0.642561 6.027085 2.864434
0.000000 5.993412 2.864434
0.642563 6.027088 2.864434
1.278084 6.127745 2.864434
1.899601 6.294280 2.864434
2.500306 6.524869 2.864434
11.943294 14.032284 -2.715648
11.680137 15.270335 -2.511887
11.289012 16.474096 -2.686598
10.774199 17.630381 -2.890359
10.141343 18.726519 -2.890359
9.397377 19.750500 -2.890359
8.550452 20.691105 -2.890359
7.609845 21.538029 -2.890359
6.585866 22.281996 -2.890359
5.489727 22.914850 -2.890359
4.333444 23.429661 -2.890359
3.129682 23.820786 -2.890359
1.891630 24.083942 -2.890359
0.632854 24.216246 -2.890359
-0.632856 24.216246 -2.890359
-1.891633 24.083942 -2.891925
-3.129684 23.820786 -2.891925
-4.333446 23.429659 -2.891925
-5.489729 22.914848 -2.891925
-6.585866 22.281990 -2.890359
-7.609847 21.538027 -2.890359
-8.550452 20.691101 -2.569643
-9.397375 19.750496 -2.569643
-10.141341 18.726515 -2.569643
-10.774196 17.630379 -2.569643
-11.289006 16.474094 -2.890359
-11.680131 15.270333 -2.890359
-11.943287 14.032281 -2.890359
-12.075590 12.773505 -2.890359
-12.075590 11.507796 -2.890359
-11.943287 10.249019 -2.890359
-11.680131 9.010969 -2.890359
-11.289005 7.807208 -2.890359
-10.774194 6.650924 -2.890359
-10.141339 5.554787 -2.890359
-9.397372 4.530806 -2.890359
-8.550448 3.590202 -2.890359
-7.609842 2.743276 -2.890359
-6.585862 1.999312 -2.890359
-5.489724 1.366458 -2.890359
-4.333441 0.851647 -2.890359
-3.129680 0.460522 -2.890359
-1.891629 0.197366 -2.890359
-0.632853 0.065063 -2.890359
0.632856 0.065063 -2.890359
1.891632 0.197366 -2.890359
3.129682 0.460522 -2.890359
4.333443 0.851649 -2.890359
5.489726 1.366460 -2.890359
6.585863 1.999314 -2.890359
7.609843 2.743279 -2.890359
8.550448 3.590205 -2.890359
9.397372 4.530810 -2.890359
10.141337 5.554789 -2.890359
10.774191 6.650926 -2.890359
11.289002 7.807209 -2.890359
11.680127 9.010970 -2.890359
11.943283 10.249021 -2.890359
12.075586 11.507796 -2.890359
12.075592 12.773507 -2.890359
11.971948 14.036822 3.759815
11.708160 15.277844 3.759815
11.316095 16.484493 3.759815
10.800049 17.643553 3.759815
10.165674 18.742319 3.759815
9.419923 19.768757 3.759815
8.570965 20.711618 3.759815
7.628103 21.560575 3.759815
6.601666 22.306326 3.759815
5.502898 22.940699 3.759815
4.343841 23.456743 3.759815
3.137190 23.848808 3.759815
1.896169 24.112597 3.759815
0.634372 24.245216 3.759815
-0.634374 24.245216 3.759815
-1.896171 24.112597 3.453613
-3.137192 23.848808 3.453613
-4.343842 23.456741 3.453613
-5.502900 22.940697 3.453613
-6.601667 22.306322 3.759815
-7.628104 21.560572 3.759815
-8.570966 20.711617 3.759815
-9.419922 19.768751 3.759815
-10.165671 18.742315 3.759815
-10.800045 17.643549 3.759815
-11.316090 16.484491 3.759815
-11.708154 15.277841 3.759815
-11.971942 14.036820 3.759815
-12.104562 12.775024 3.759815
-12.104562 11.506277 3.759815
-11.971941 10.244481 3.759815
-11.708154 9.003460 3.759815
-11.316089 7.796811 3.759815
-10.800043 6.637753 3.759815
-10.165670 5.538986 3.759815
-9.419919 4.512550 3.759815
-8.570961 3.569688 3.759815
-7.628099 2.720731 3.759815
-6.601662 1.974981 3.759815
-5.502895 1.340609 3.759815
-4.343838 0.824564 3.759815
-3.137188 0.432500 3.759815
-1.896168 0.168713 3.759815
-0.634372 0.036092 3.759815
0.634374 0.036092 3.759815
1.896170 0.168713 3.759815
3.137191 0.432500 3.759815
4.343840 0.824565 3.759815
5.502897 1.340612 3.759815
6.601663 1.974984 3.759815
7.628100 2.720734 3.759815
8.570961 3.569691 3.759815
9.419917 4.512552 3.759815
10.165667 5.538989 3.759815
10.800039 6.637756 3.759815
11.316085 7.796812 3.759815
11.708150 9.003462 3.759815
11.971936 10.244482 3.759815
12.104558 11.506278 3.759815
12.104563 12.775025 3.759815
12.074151 13.409697 -2.758600
11.875357 14.664837 -2.487105
11.546453 15.892322 -2.446652
11.091045 17.078703 -2.750509
10.514119 18.210981 -2.802501
9.821998 19.276752 -2.802501
9.022266 20.264338 -2.802501
8.123684 21.162918 -2.802501
7.136099 21.962648 -2.802501
6.070328 22.654770 -2.802501
4.938050 23.231693 -2.802501
3.751669 23.687101 -2.802501
2.524184 24.016005 -2.802501
1.269043 24.214802 -2.802501
-0.000001 24.281309 -2.802501
-1.269045 24.214802 -2.804067
-2.524185 24.016005 -2.811900
-3.751670 23.687101 -2.805634
-4.938051 23.231691 -2.811900
-6.070329 22.654766 -2.804067
-7.136100 21.962646 -2.802501
-8.123686 21.162916 -2.720667
-9.022266 20.264336 -2.311502
-9.821995 19.276749 -2.638834
-10.514115 18.210978 -2.311502
-11.091039 17.078699 -2.720667
-11.546448 15.892320 -2.802501
-11.875351 14.664834 -2.802501
-12.074146 13.409694 -2.802501
-12.140654 12.140650 -2.802501
-12.074146 10.871607 -2.802501
-11.875351 9.616467 -2.802501
-11.546447 8.388982 -2.802501
-11.091038 7.202602 -2.802501
-10.514114 6.070324 -2.802501
-9.821994 5.004553 -2.802501
-9.022262 4.016968 -2.802501
-8.123680 3.118388 -2.802501
-7.136095 2.318657 -2.802501
-6.070324 1.626539 -2.802501
-4.938046 1.049615 -2.802501
-3.751666 0.594206 -2.802501
-2.524182 0.265303 -2.802501
-1.269042 0.066508 -2.802501
0.000001 0.000000 -2.802501
1.269045 0.066508 -2.802501
2.524184 0.265303 -2.802501
3.751669 0.594207 -2.802501
4.938048 1.049616 -2.802501
6.070326 1.626542 -2.802501
7.136096 2.318660 -2.802501
8.123682 3.118391 -2.802501
9.022262 4.016971 -2.802501
9.821991 5.004556 -2.802501
10.514109 6.070326 -2.802501
11.091035 7.202604 -2.802501
11.546443 8.388984 -2.802501
11.875347 9.616468 -2.802501
12.074141 10.871608 -2.802501
12.140650 12.140651 -2.802501
-8.123685 21.162916 3.664980
-7.136100 21.962646 3.664980
-7.640356 21.575703 2.792158
-6.070329 22.654766 3.589035
-6.612270 22.322651 2.792158
-4.938051 23.231691 3.209315
-5.511738 22.958044 2.527878
-3.751670 23.687101 3.513092
-4.350819 23.474918 2.527877
-2.524185 24.016005 3.209315
-3.142231 23.867613 2.527878
-1.269045 24.214802 3.589035
-1.899217 24.131826 2.527877
-0.000001 24.281309 3.664980
-0.635393 24.264660 2.792158
1.269043 24.214802 3.664980
0.635391 24.264660 2.792158
2.524184 24.016005 3.664980
1.899214 24.131826 2.792158
3.751669 23.687101 3.664980
3.142229 23.867613 2.792158
4.938050 23.231693 3.664980
4.350818 23.474920 2.792158
6.070328 22.654770 3.664980
5.511737 22.958046 2.792158
7.136099 21.962648 3.664980
6.612270 22.322655 2.792158
8.123684 21.162918 3.664980
7.640356 21.575705 2.792158
9.022266 20.264338 3.664980
8.584733 20.725386 2.792158
9.821998 19.276752 3.664980
9.435054 19.781010 2.792158
10.514119 18.210981 3.664980
10.182002 18.752922 2.792158
11.091043 17.078703 3.664980
10.817396 17.652391 2.792158
11.546453 15.892322 3.664980
11.334270 16.491470 2.817596
11.875357 14.664837 3.664980
11.726965 15.282883 2.839077
12.074151 13.409697 3.664980
11.991178 14.039868 2.813638
12.140650 12.140651 3.664980
12.124005 12.776044 2.792158
12.074141 10.871608 3.664980
12.123998 11.505259 2.792158
11.875347 9.616468 3.664980
11.991166 10.241437 2.792158
11.546443 8.388984 3.664980
11.726955 8.998423 2.792158
11.091035 7.202604 3.664980
11.334262 7.789835 2.792158
10.514109 6.070326 3.664980
10.817387 6.628917 2.792158
9.821991 5.004556 3.664980
10.181995 5.528385 2.792158
9.022262 4.016971 3.664980
9.435048 4.500300 2.792158
8.123682 3.118391 3.664980
8.584728 3.555924 2.792158
7.136096 2.318660 3.664980
7.640353 2.705603 2.792158
6.070326 1.626542 3.664980
6.612267 1.958656 2.792158
4.938048 1.049616 3.664980
5.511736 1.323264 2.792158
3.751669 0.594207 3.664980
4.350817 0.806389 2.792158
2.524184 0.265303 3.664980
3.142230 0.413694 2.792158
1.269045 0.066508 3.664980
1.899216 0.149483 2.792158
0.000001 -0.000000 3.664980
0.635393 0.016650 2.792158
-1.269042 0.066508 3.664980
-0.635391 0.016650 2.792158
-2.524182 0.265303 3.664980
-1.899213 0.149483 2.792158
-3.751666 0.594206 3.664980
-3.142227 0.413694 2.792158
-4.938046 1.049615 3.664980
-4.350815 0.806388 2.792158
-6.070324 1.626538 3.664980
-5.511734 1.323262 2.792158
-7.136095 2.318657 3.664980
-6.612265 1.958653 2.792158
-8.123680 3.118388 3.664980
-7.640351 2.705600 2.792158
-9.022262 4.016968 3.664980
-8.584728 3.555920 2.792158
-9.821994 5.004553 3.664980
-9.435050 4.500297 2.792158
-10.514114 6.070324 3.664980
-10.181998 5.528383 2.792158
-11.091038 7.202602 3.664980
-10.817391 6.628915 2.792158
-11.546447 8.388982 3.664980
-11.334265 7.789834 2.792158
-11.875351 9.616467 3.664980
-11.726960 8.998421 2.792158
-12.074146 10.871607 3.664980
-11.991171 10.241436 2.792158
-12.140654 12.140650 3.664980
-12.124004 11.505258 2.792158
-12.074146 13.409694 3.664980
-12.124004 12.776043 2.792158
-11.875351 14.664834 3.664980
-11.991171 14.039865 2.792158
-11.546448 15.892319 3.664980
-11.726960 15.282880 2.792158
-11.091039 17.078699 3.664980
-11.334266 16.491468 2.792158
-10.514115 18.210978 3.664980
-10.817392 17.652388 2.832198
-9.821995 19.276749 3.664980
-10.182001 18.752918 2.832198
-9.022265 20.264336 3.664980
-9.435052 19.781006 2.832198
-8.584733 20.725382 2.832198
11.881292 13.389427 -2.878517
11.685674 14.624519 -2.627319
6.089935 13.105212 -2.903550
11.362025 15.832397 -2.605157
5.955750 13.736490 -2.903550
10.913888 16.999828 -2.874085
5.756314 14.350294 -2.903550
10.346178 18.114021 -2.919645
5.493810 14.939888 -2.903550
9.665113 19.162767 -2.919645
5.171115 15.498812 -2.903550
8.878155 20.134581 -2.919645
4.791764 16.020945 -2.903550
7.993926 21.018808 -2.919645
4.359912 16.500563 -2.903551
7.022115 21.805765 -2.919645
3.880292 16.932413 -2.903550
5.973368 22.486828 -2.919645
3.358160 17.311766 -2.903550
4.859175 23.054539 -2.919645
2.799236 17.634460 -2.903549
3.691744 23.502672 -2.919645
2.209643 17.896963 -2.903549
2.483865 23.826323 -2.919645
1.595838 18.096401 -2.903549
1.248773 24.021942 -2.919645
0.964550 18.230587 -2.903550
-0.000001 24.087385 -2.919645
0.322695 18.298048 -2.903550
-1.248775 24.021942 -2.919645
-0.322697 18.298048 -2.903550
-2.483867 23.826323 -2.919645
-0.964552 18.230587 -2.903550
-3.691745 23.502670 -2.919645
-1.595838 18.096401 -2.903550
-4.859176 23.054537 -2.919645
-2.209640 17.896965 -2.903550
-5.973369 22.486826 -2.919645
-2.799235 17.634460 -2.903550
-7.022116 21.805761 -2.919645
-3.358161 17.311766 -2.903550
-7.993927 21.018805 -2.847934
-3.880292 16.932411 -2.903550
-8.878155 20.134577 -2.489381
-4.359148 16.499922 -2.903550
-9.665111 19.162764 -2.776224
-4.790238 16.019663 -2.903550
-10.346175 18.114017 -2.489381
-5.169590 15.497531 -2.903550
-10.913884 16.999825 -2.847934
-5.493046 14.939247 -2.903550
-11.362018 15.832395 -2.919645
-5.756310 14.350294 -2.903550
-11.685668 14.624516 -2.919645
-5.955747 13.736489 -2.903550
-11.881287 13.389424 -2.919645
-6.089931 13.105201 -2.903550
-11.946734 12.140651 -2.919645
-6.157394 12.463348 -2.903550
-11.881287 10.891877 -2.919645
-6.157394 11.817956 -2.903550
-11.685667 9.656785 -2.919645
-6.089931 11.176100 -2.903550
-11.362018 8.448907 -2.919645
-5.955747 10.544814 -2.903550
-10.913883 7.281477 -2.919645
-5.756310 9.931012 -2.903550
-10.346173 6.167285 -2.919645
-5.493807 9.341418 -2.903550
-9.665108 5.118538 -2.919645
-5.171112 8.782493 -2.903550
-8.878150 4.146727 -2.919645
-4.791759 8.260361 -2.903550
-7.993923 3.262499 -2.919645
-4.359908 7.780743 -2.903550
-7.022111 2.475542 -2.919645
-3.880290 7.348894 -2.903550
-5.973364 1.794479 -2.919645
-3.358159 6.969542 -2.903550
-4.859172 1.226770 -2.919645
-2.799234 6.646846 -2.903550
-3.691742 0.778635 -2.919645
-2.209640 6.384344 -2.903550
-2.483864 0.454985 -2.919645
-1.595836 6.184906 -2.903550
-1.248772 0.259365 -2.919645
-0.964549 6.050721 -2.903550
0.000001 0.193921 -2.919645
-0.322696 5.983259 -2.903550
1.248774 0.259367 -2.919645
0.322696 5.983262 -2.903550
2.483866 0.454986 -2.919645
0.964552 6.050723 -2.903550
3.691744 0.778636 -2.919645
1.595837 6.184908 -2.903550
4.859174 1.226772 -2.919645
2.209639 6.384344 -2.903550
5.973366 1.794481 -2.919645
2.799233 6.646847 -2.903550
7.022113 2.475545 -2.919645
3.358159 6.969544 -2.903549
7.993923 3.262501 -2.919645
3.880288 7.348895 -2.903549
8.878151 4.146729 -2.919645
4.359905 7.780744 -2.903550
9.665106 5.118540 -2.919645
4.791756 8.260362 -2.903549
10.346170 6.167287 -2.919645
5.171108 8.782493 -2.903549
10.913880 7.281479 -2.919645
5.493803 9.341419 -2.903550
11.362013 8.448909 -2.919645
5.756306 9.931013 -2.903550
11.685664 9.656786 -2.919645
5.955745 10.544815 -2.903550
11.881284 10.891878 -2.919645
6.089927 11.176101 -2.903550
11.946731 12.140652 -2.919645
6.157389 11.817965 -2.903550
6.157394 12.463366 -2.903550
11.996700 13.401556 3.791427
11.799183 14.648646 3.791427
6.092374 13.105598 3.774060
11.472388 15.868257 3.791427
5.958136 13.737129 3.774060
11.019900 17.047028 3.791427
5.758620 14.351179 3.774060
10.446675 18.172043 3.791427
5.496011 14.941009 3.774060
9.758994 19.230978 3.791427
5.173187 15.500157 3.774060
8.964393 20.212229 3.791427
4.793684 16.022499 3.774060
8.071574 21.105043 3.791427
4.361659 16.502310 3.774060
7.090325 21.899647 3.791427
3.881847 16.934332 3.774060
6.031390 22.587324 3.791427
3.359505 17.313837 3.774060
4.906374 23.160549 3.791427
2.800358 17.636662 3.774060
3.727603 23.613035 3.791427
2.210528 17.899269 3.774060
2.507992 23.939831 3.791427
1.596477 18.098787 3.774060
1.260903 24.137350 3.791427
0.964936 18.233027 3.774060
-0.000001 24.203430 3.791427
0.322824 18.300514 3.774060
-1.260905 24.137350 3.715530
-0.322826 18.300514 3.774060
-2.507994 23.939831 3.336043
-0.964938 18.233027 3.774060
-3.727605 23.613035 3.639632
-1.596477 18.098787 3.774060
-4.906376 23.160547 3.336043
-2.210526 17.899271 3.774060
-6.031391 22.587322 3.715530
-2.800356 17.636662 3.774060
-7.090326 21.899643 3.791427
-3.359506 17.313837 3.774060
-8.071576 21.105042 3.791427
-3.881847 16.934332 3.774060
-8.964391 20.212225 3.791427
-4.361656 16.502308 3.774060
-9.758992 19.230974 3.791427
-4.793679 16.022497 3.774060
-10.446671 18.172039 3.791427
-5.173184 15.500157 3.774060
-11.019896 17.047026 3.791427
-5.496007 14.941009 3.774060
-11.472383 15.868254 3.791427
-5.758616 14.351179 3.774060
-11.799176 14.648643 3.791427
-5.958134 13.737128 3.774060
-11.996695 13.401554 3.791427
-6.092371 13.105588 3.774060
-12.062777 12.140651 3.791427
-6.159861 12.463477 3.774060
-11.996695 10.879747 3.791427
-6.159860 11.817827 3.774060
-11.799176 9.632658 3.791427
-6.092370 11.175714 3.774060
-11.472383 8.413048 3.791427
-5.958134 10.544175 3.774060
-11.019894 7.234277 3.791427
-5.758617 9.930127 3.774060
-10.446670 6.109262 3.791427
-5.496007 9.340296 3.774060
-9.758989 5.050328 3.791427
-5.173183 8.781148 3.774060
-8.964388 4.069078 3.791427
-4.793679 8.258807 3.774060
-8.071571 3.176261 3.791427
-4.361654 7.778996 3.774060
-7.090320 2.381661 3.791427
-3.881845 7.346974 3.774060
-6.031386 1.693982 3.791427
-3.359504 6.967470 3.774060
-4.906371 1.120758 3.791427
-2.800356 6.644645 3.774060
-3.727601 0.668272 3.791427
-2.210526 6.382038 3.774060
-2.507990 0.341478 3.791427
-1.596476 6.182521 3.774060
-1.260902 0.143959 3.791427
-0.964935 6.048281 3.774060
0.000001 0.077877 3.791427
-0.322825 5.980792 3.774060
1.260904 0.143958 3.791427
0.322825 5.980795 3.774060
2.507993 0.341478 3.791427
0.964938 6.048284 3.774060
3.727603 0.668272 3.791427
1.596477 6.182522 3.774060
4.906373 1.120760 3.791427
2.210524 6.382038 3.774060
6.031388 1.693984 3.791427
2.800354 6.644647 3.774060
7.090322 2.381663 3.791427
3.359504 6.967472 3.774060
8.071572 3.176264 3.791427
3.881842 7.346975 3.774060
8.964388 4.069082 3.791427
4.361652 7.778998 3.774060
9.758988 5.050331 3.791427
4.793676 8.258807 3.774060
10.446667 6.109265 3.791427
5.173180 8.781148 3.774060
11.019891 7.234279 3.791427
5.496004 9.340297 3.774060
11.472378 8.413049 3.791427
5.758612 9.930127 3.774060
11.799173 9.632659 3.791427
5.958130 10.544176 3.774060
11.996692 10.879748 3.791427
6.092367 11.175714 3.774060
12.062774 12.140651 3.791427
6.159856 11.817836 3.774060
6.159860 12.463496 3.774060
-3.577069 19.161045 3.754120
-2.823643 19.496492 3.754120
-2.039280 19.751348 3.754120
-1.232575 19.922819 3.754120
-0.412366 20.009027 3.791427
0.412363 20.009027 3.791427
1.232573 19.922819 3.791427
2.039280 19.751348 3.791427
2.823644 19.496492 3.791427
3.577070 19.161049 3.791427
4.291305 18.748682 3.791427
4.958524 18.263920 3.791428
5.571418 17.712069 3.791428
6.123270 17.099176 3.791428
6.608032 16.431957 3.791427
7.020396 15.717722 3.791427
7.355843 14.964296 3.791427
7.610698 14.179932 3.791427
7.782169 13.373233 3.791427
7.868373 12.553029 3.791427
7.868369 11.728294 3.791427
7.782160 10.908077 3.791427
7.610691 10.101373 3.791427
7.355835 9.317011 3.791427
7.020388 8.563584 3.791427
6.608025 7.849349 3.791427
6.123262 7.182131 3.791427
5.571412 6.569239 3.791427
4.958520 6.017389 3.791427
4.291304 5.532627 3.791427
3.577067 5.120263 3.791427
2.823641 4.784816 3.791428
2.039279 4.529960 3.791427
1.232575 4.358491 3.791427
0.412365 4.272282 3.791427
-0.412364 4.272281 3.791427
-1.232572 4.358489 3.791427
-2.039278 4.529960 3.791427
-2.823641 4.784814 3.791427
-3.577068 5.120260 3.791427
-4.291304 5.532625 3.791428
-4.958521 6.017388 3.791428
-5.571413 6.569237 3.791428
-6.123264 7.182130 3.791427
-6.608028 7.849347 3.791427
-7.020392 8.563583 3.791427
-7.355838 9.317010 3.791427
-7.610694 10.101372 3.791427
-7.782164 10.908077 3.791427
-7.868373 11.728287 3.791427
-7.868373 12.553016 3.791427
-7.782164 13.373225 3.791427
-7.610694 14.179931 3.791427
-7.355840 14.964295 3.791427
-7.020393 15.717721 3.791427
-6.608029 16.431955 3.791427
-6.123265 17.099174 3.791427
-5.571415 17.712067 3.791427
-4.958524 18.263918 3.791427
-4.291306 18.748680 3.791427
-7.962332 18.578577 -2.889727
-8.617280 17.677118 -2.889727
-9.329727 16.842829 -2.889727
-9.938253 15.955590 -2.919645
-10.282579 14.895860 -2.919645
-10.514249 13.805944 -2.919645
-10.630723 12.697783 -2.919645
-10.630722 11.583518 -2.919645
-10.514247 10.475357 -2.919645
-10.282579 9.385442 -2.919645
-9.938253 8.325713 -2.919645
-9.485041 7.307781 -2.919645
-8.927908 6.342799 -2.919645
-8.272959 5.441341 -2.919645
-7.527369 4.613280 -2.919645
-6.699310 3.867693 -2.919645
-5.797850 3.212744 -2.919645
-4.832868 2.655613 -2.919645
-3.814937 2.202400 -2.919645
-2.755208 1.858073 -2.919645
-1.665292 1.626404 -2.919645
-0.557132 1.509932 -2.919645
0.557133 1.509932 -2.919645
1.665294 1.626406 -2.919645
2.755209 1.858075 -2.919645
3.814938 2.202401 -2.919645
4.832869 2.655614 -2.919645
5.797851 3.212746 -2.919645
6.699310 3.867694 -2.919645
7.527369 4.613283 -2.919645
8.272957 5.441342 -2.919645
8.927905 6.342802 -2.919645
9.485037 7.307783 -2.919645
9.938249 8.325714 -2.919645
10.282576 9.385443 -2.919645
10.514244 10.475358 -2.919645
10.630717 11.583521 -2.919645
10.630723 12.697789 -2.919645
10.514256 13.805949 -2.821004
10.282586 14.895862 -2.801997
9.938259 15.955592 -2.900637
9.485045 16.973522 -2.919645
8.927912 17.938505 -2.919645
8.272964 18.839966 -2.919645
7.527373 19.668026 -2.919645
6.699312 20.413614 -2.919645
5.797853 21.068563 -2.919645
4.832871 21.625696 -2.919645
3.814939 22.078907 -2.919645
2.755209 22.423235 -2.919645
1.665293 22.654903 -2.919645
0.557132 22.771376 -2.919645
-0.557134 22.771376 -2.919645
-1.665295 22.654903 -2.919645
-2.755211 22.423235 -2.919645
-3.814940 22.078907 -2.919645
-4.832871 21.625694 -2.919645
-5.797854 21.068560 -2.919645
-6.699313 20.413612 -2.919645
-7.372058 19.537331 -2.889727
-2.960419 23.189083 3.528994
-1.789327 23.438007 3.528994
-0.598629 23.563156 3.791427
0.598627 23.563156 3.791427
1.789324 23.438007 3.791427
2.960418 23.189083 3.791427
4.099076 22.819113 3.791427
5.192825 22.332146 3.791427
6.229679 21.733517 3.791427
7.198279 21.029787 3.791427
8.088015 20.228666 3.791427
8.889136 19.338934 3.791427
9.592865 18.370333 3.791427
10.191495 17.333477 3.791427
10.678463 16.239731 3.791427
11.048436 15.101072 3.791427
11.297359 13.929979 3.791427
11.422503 12.739282 3.791427
11.422497 11.542024 3.791427
11.297350 10.351327 3.791427
11.048426 9.180234 3.791427
10.678454 8.041577 3.791427
10.191486 6.947829 3.791427
9.592858 5.910976 3.791427
8.889130 4.942376 3.791427
8.088011 4.052642 3.791427
7.198277 3.251521 3.791427
6.229677 2.547793 3.791427
5.192823 1.949165 3.791427
4.099076 1.462197 3.791427
2.960418 1.092224 3.791427
1.789326 0.843300 3.791427
0.598629 0.718153 3.791427
-0.598627 0.718152 3.791427
-1.789323 0.843300 3.791427
-2.960416 1.092224 3.791427
-4.099074 1.462195 3.791427
-5.192822 1.949163 3.791427
-6.229676 2.547790 3.791427
-7.198276 3.251519 3.791427
-8.088011 4.052640 3.791427
-8.889130 4.942373 3.791427
-9.592861 5.910973 3.791427
-10.191489 6.947827 3.791427
-10.678458 8.041575 3.791427
-11.048431 9.180233 3.791427
-11.297353 10.351325 3.791427
-11.422501 11.542023 3.791427
-11.422501 12.739279 3.791427
-11.297353 13.929975 3.791427
-11.048430 15.101069 3.791427
-10.678458 16.239727 3.791427
-10.191491 17.333475 3.791427
-9.592862 18.370329 3.791427
-8.889133 19.338928 3.791427
-8.088014 20.228664 3.791427
-7.198281 21.029783 3.791427
-6.229680 21.733513 3.791427
-5.192825 22.332142 3.528994
-4.099078 22.819111 3.528994
-5.302223 22.546846 -2.919645
-6.360920 21.935608 -2.919645
-7.349926 21.217051 -2.919645
-8.234741 20.379141 -2.698346
-9.029074 19.450750 -2.698346
-9.747629 18.461744 -2.698346
-10.382531 17.422960 -2.698346
-10.903420 16.326082 -2.919645
-11.281186 15.163436 -2.919645
-11.535354 13.967671 -2.919645
-11.663138 12.751890 -2.919645
-11.663138 11.529411 -2.919645
-11.535354 10.313630 -2.919645
-11.281186 9.117866 -2.919645
-10.903420 7.955220 -2.919645
-10.406192 6.838430 -2.919645
-9.794953 5.779733 -2.919645
-9.076398 4.790728 -2.919645
-8.258400 3.882249 -2.919645
-7.349922 3.064252 -2.919645
-6.360916 2.345698 -2.919645
-5.302218 1.734460 -2.919645
-4.185430 1.237233 -2.919645
-3.022783 0.859466 -2.919645
-1.827019 0.605299 -2.919645
-0.611238 0.477515 -2.919645
0.611240 0.477515 -2.919645
1.827021 0.605300 -2.919645
3.022785 0.859467 -2.919645
4.185431 1.237234 -2.919645
5.302220 1.734461 -2.919645
6.360917 2.345701 -2.919645
7.349923 3.064255 -2.919645
8.258400 3.882252 -2.919645
9.076396 4.790730 -2.919645
9.794950 5.779736 -2.919645
10.406190 6.838432 -2.919645
10.903416 7.955221 -2.919645
11.281183 9.117867 -2.919645
11.535350 10.313631 -2.919645
11.663134 11.529413 -2.919645
11.663140 12.751893 -2.919645
11.535361 13.967674 -2.771659
11.281193 15.163438 -2.631061
10.903426 16.326084 -2.779046
10.406198 17.442875 -2.919645
9.794958 18.501572 -2.919645
9.076403 19.490580 -2.919645
8.258404 20.399057 -2.919645
7.349925 21.217054 -2.919645
6.360919 21.935610 -2.919645
5.302222 22.546848 -2.919645
4.185432 23.044073 -2.919645
3.022785 23.421841 -2.919645
1.827020 23.676008 -2.919645
0.611238 23.803793 -2.919645
-0.611241 23.803793 -2.919645
-1.827022 23.676008 -2.919645
-3.022787 23.421841 -2.919645
-4.185433 23.044073 -2.919645
-4.350819 23.474918 -1.983410
-3.142231 23.867613 -1.983410
-1.899217 24.131826 -1.983410
-0.635393 24.264660 -1.936656
0.635391 24.264660 -1.936656
1.899214 24.131826 -1.936656
3.142229 23.867613 -1.936656
4.350818 23.474920 -1.936656
5.511737 22.958048 -1.936656
6.612270 22.322655 -1.936656
7.640356 21.575705 -1.936656
8.584733 20.725386 -1.936656
9.435054 19.781010 -1.936656
10.182002 18.752922 -1.936656
10.817396 17.652391 -1.936656
11.334271 16.491470 -1.757471
11.726965 15.282883 -1.606169
11.991178 14.039868 -1.785355
12.124005 12.776044 -1.936656
12.124000 11.505259 -1.936656
11.991166 10.241437 -1.936656
11.726955 8.998423 -1.936656
11.334262 7.789835 -1.936656
10.817387 6.628917 -1.936656
10.181995 5.528385 -1.936656
9.435048 4.500300 -1.936656
8.584728 3.555924 -1.936656
7.640353 2.705603 -1.936656
6.612267 1.958656 -1.936656
5.511736 1.323264 -1.936656
4.350817 0.806389 -1.936656
3.142230 0.413694 -1.936656
1.899216 0.149483 -1.936656
0.635393 0.016650 -1.936656
-0.635391 0.016650 -1.936656
-1.899213 0.149482 -1.936656
-3.142228 0.413694 -1.936656
-4.350815 0.806388 -1.936656
-5.511734 1.323262 -1.936656
-6.612265 1.958653 -1.936656
-7.640351 2.705600 -1.936656
-8.584728 3.555920 -1.936656
-9.435050 4.500297 -1.936656
-10.181998 5.528383 -1.936656
-10.817391 6.628915 -1.936656
-11.334265 7.789834 -1.936656
-11.726960 8.998421 -1.936656
-11.991171 10.241436 -1.936656
-12.124004 11.505258 -1.936656
-12.124004 12.776043 -1.936656
-11.991171 14.039865 -1.936656
-11.726960 15.282880 -1.936656
-11.334266 16.491468 -1.936656
-10.817391 17.652388 -1.654622
-10.182001 18.752918 -1.654622
-9.435052 19.781006 -1.654622
-8.584733 20.725382 -1.654622
-7.640357 21.575703 -1.936656
-6.612270 22.322651 -1.936656
-5.511738 22.958044 -1.983410
8.404118 14.392528 -2.906323
8.122694 15.258662 -2.919645
7.752277 16.090633 -2.919645
7.296924 16.879328 -2.919645
6.761624 17.616106 -2.919645
6.152241 18.292892 -2.919645
5.475453 18.902273 -2.919645
4.738676 19.437574 -2.919645
3.949982 19.892927 -2.919645
3.118010 20.263344 -2.919644
2.251876 20.544767 -2.919645
1.361070 20.734116 -2.919645
0.455352 20.829309 -2.919645
-0.455355 20.829309 -2.919645
-1.361072 20.734116 -2.919645
-2.251877 20.544767 -2.919645
-3.118009 20.263346 -2.919645
-3.949981 19.892925 -2.919645
-4.738677 19.437572 -2.919645
-5.475454 18.902271 -2.919645
-6.047806 18.205013 -2.919645
-6.552754 17.440350 -2.919645
-7.088054 16.703573 -2.919645
-7.647841 16.002754 -2.919645
-8.122690 15.258661 -2.919645
-8.404114 14.392527 -2.919645
-8.593461 13.501721 -2.919645
-8.688656 12.596005 -2.919645
-8.688656 11.685298 -2.919645
-8.593459 10.779580 -2.919645
-8.404114 9.888776 -2.919645
-8.122690 9.022643 -2.919645
-7.752273 8.190671 -2.919645
-7.296919 7.401976 -2.919645
-6.761618 6.665200 -2.919645
-6.152237 5.988413 -2.919645
-5.475450 5.379033 -2.919645
-4.738674 4.843734 -2.919645
-3.949979 4.388380 -2.919645
-3.118008 4.017964 -2.919645
-2.251874 3.736540 -2.919644
-1.361069 3.547192 -2.919645
-0.455353 3.451997 -2.919645
0.455354 3.451999 -2.919645
1.361071 3.547194 -2.919645
2.251876 3.736541 -2.919645
3.118008 4.017964 -2.919645
3.949979 4.388381 -2.919645
4.738674 4.843735 -2.919644
5.475450 5.379034 -2.919645
6.152235 5.988415 -2.919645
6.761617 6.665201 -2.919645
7.296917 7.401977 -2.919644
7.752268 8.190672 -2.919645
8.122687 9.022644 -2.919645
8.404110 9.888776 -2.919645
8.593456 10.779581 -2.919645
8.688652 11.685304 -2.919645
8.688656 12.596016 -2.919645
8.593465 13.501728 -2.906323
6.113569 12.783231 -2.855265
6.012913 13.418738 -2.855265
5.846377 14.040255 -2.855265
5.615788 14.640962 -2.855265
5.323672 15.214274 -2.855265
4.973227 15.753911 -2.855265
4.568294 16.253962 -2.855266
4.113309 16.708944 -2.855266
3.613259 17.113876 -2.855265
3.073622 17.464323 -2.855265
2.500311 17.756437 -2.855265
1.899604 17.987028 -2.855265
1.278083 18.153564 -2.855265
0.642561 18.254223 -2.855265
-0.000001 18.287895 -2.855265
-0.642564 18.254223 -2.855265
-1.278084 18.153564 -2.855265
-1.899602 17.987028 -2.855265
-2.500308 17.756439 -2.855265
-3.073622 17.464323 -2.855265
-3.613260 17.113876 -2.855265
-4.113308 16.708942 -2.855265
-4.568291 16.253960 -2.855265
-4.973223 15.753911 -2.855265
-5.323669 15.214273 -2.855265
-5.615784 14.640962 -2.855265
-5.846375 14.040255 -2.855265
-6.012910 13.418734 -2.855265
-6.113567 12.783213 -2.855265
-6.147242 12.140652 -2.855265
-6.113565 11.498089 -2.855265
-6.012910 10.862567 -2.855265
-5.846375 10.241050 -2.855265
-5.615784 9.640344 -2.855265
-5.323668 9.067031 -2.855265
-4.973223 8.527394 -2.855265
-4.568290 8.027345 -2.855265
-4.113306 7.572362 -2.855265
-3.613258 7.167431 -2.855265
-3.073621 6.816984 -2.855265
-2.500308 6.524869 -2.855265
-1.899602 6.294280 -2.855265
-1.278081 6.127743 -2.855265
-0.642561 6.027085 -2.855265
0.000000 5.993412 -2.855265
0.642563 6.027088 -2.855265
1.278084 6.127745 -2.855265
1.899601 6.294281 -2.855265
2.500306 6.524870 -2.855266
3.073620 6.816987 -2.855265
3.613257 7.167432 -2.855265
4.113304 7.572363 -2.855265
4.568287 8.027346 -2.855265
4.973220 8.527394 -2.855265
5.323665 9.067032 -2.855265
5.615780 9.640344 -2.855265
5.846371 10.241051 -2.855265
6.012906 10.862568 -2.855265
6.113561 11.498092 -2.855265
6.147240 12.140668 -2.855265
5.033434 8.483646 -2.919645
5.388122 9.029817 -2.919645
5.522566 8.554254 -2.919645
5.683774 9.610071 -2.919645
5.867193 9.151167 -2.919645
5.917157 10.218051 -2.919645
6.147538 9.780833 -2.919645
6.085708 10.847094 -2.919645
6.360530 10.436353 -2.919645
6.187582 11.490312 -2.919645
6.503833 11.110544 -2.919645
6.221669 12.140668 -2.919645
6.575881 11.796033 -2.919645
6.187590 12.791010 -2.919645
6.575885 12.485297 -2.919645
6.085715 13.434212 -2.919645
6.503841 13.170767 -2.919645
5.917163 14.063255 -2.919645
6.360536 13.844952 -2.919645
5.683782 14.671235 -2.919645
6.147545 14.500474 -2.919645
5.388128 15.251488 -2.919645
5.867200 15.130139 -2.919645
5.033441 15.797660 -2.919645
5.522573 15.727051 -2.919645
4.623606 16.303762 -2.919645
5.117439 16.284672 -2.919645
4.163112 16.764256 -2.919645
4.656236 16.796886 -2.919645
3.657007 17.174089 -2.919645
4.144018 17.258087 -2.919645
3.110836 17.528780 -2.919645
3.586399 17.663223 -2.919645
2.530584 17.824430 -2.919644
2.989488 18.007851 -2.919645
1.922603 18.057814 -2.919644
2.359822 18.288193 -2.919644
1.293558 18.226366 -2.919645
1.704300 18.501186 -2.919645
0.650341 18.328243 -2.919645
1.030106 18.644491 -2.919645
-0.000001 18.362324 -2.919645
0.344627 18.716539 -2.919645
-0.650344 18.328243 -2.919645
-0.344629 18.716539 -2.919645
-1.293559 18.226366 -2.919645
-1.030108 18.644491 -2.919645
-1.922602 18.057814 -2.919645
-1.704300 18.501186 -2.919645
-2.530581 17.824434 -2.919645
-2.359820 18.288197 -2.919645
-3.110836 17.528778 -2.919645
-2.989487 18.007851 -2.919645
-3.657008 17.174089 -2.919645
-3.586400 17.663221 -2.919645
-4.162349 16.763615 -2.919645
-4.144018 17.258087 -2.919645
-4.618275 16.299280 -2.919645
-4.638332 16.781822 -2.919645
-5.027349 15.792536 -2.919645
-5.081633 16.254543 -2.919645
-5.382798 15.247005 -2.919645
-5.486768 15.696924 -2.919645
-5.683017 14.670595 -2.919645
-5.849296 15.115076 -2.919645
-5.917160 14.063255 -2.919645
-6.147542 14.500473 -2.919645
-6.085711 13.434209 -2.919645
-6.360533 13.844951 -2.919645
-6.187588 12.790993 -2.919645
-6.503838 13.170757 -2.919645
-6.221671 12.140652 -2.919645
-6.575885 12.485280 -2.919645
-6.187586 11.490309 -2.919645
-6.575884 11.796024 -2.919645
-6.085711 10.847093 -2.919645
-6.503836 11.110544 -2.919645
-5.917161 10.218050 -2.919645
-6.360533 10.436352 -2.919645
-5.683778 9.610071 -2.919645
-6.147542 9.780832 -2.919645
-5.388125 9.029816 -2.919645
-5.867197 9.151166 -2.919645
-5.033437 8.483646 -2.919645
-5.522570 8.554253 -2.919645
-4.623601 7.977542 -2.919645
-5.117434 7.996635 -2.919645
-4.163109 7.517050 -2.919645
-4.656232 7.484418 -2.919645
-3.657006 7.107218 -2.919645
-4.144016 7.023219 -2.919645
-3.110835 6.752527 -2.919645
-3.586398 6.618084 -2.919645
-2.530581 6.456875 -2.919645
-2.989486 6.273456 -2.919645
-1.922602 6.223494 -2.919645
-2.359820 5.993113 -2.919645
-1.293556 6.054942 -2.919645
-1.704298 5.780121 -2.919645
-0.650341 5.953065 -2.919645
-1.030105 5.636815 -2.919645
0.000000 5.918984 -2.919645
-0.344628 5.564768 -2.919645
0.650343 5.953068 -2.919645
0.344628 5.564770 -2.919645
1.293559 6.054942 -2.919645
1.030108 5.636818 -2.919645
1.922601 6.223494 -2.919645
1.704299 5.780122 -2.919645
2.530579 6.456876 -2.919645
2.359818 5.993113 -2.919645
3.110834 6.752530 -2.919644
2.989485 6.273458 -2.919645
3.657005 7.107218 -2.919644
3.586398 6.618086 -2.919644
4.163106 7.517052 -2.919645
4.144015 7.023220 -2.919645
4.623599 7.977543 -2.919645
4.656230 7.484420 -2.919645
5.117431 7.996635 -2.919645
4.777296 8.272072 -2.001559
5.155503 8.792628 -2.001559
5.477224 9.349866 -2.001559
5.738935 9.937681 -2.001559
5.937771 10.549631 -2.001559
6.071549 11.179012 -2.001559
6.138807 11.818939 -2.001559
6.138812 12.462393 -2.001559
6.071557 13.102301 -2.001559
5.937777 13.731674 -2.001559
5.738943 14.343626 -2.001559
5.477232 14.931440 -2.001559
5.155510 15.488678 -2.001559
4.777304 16.009235 -2.001559
4.346755 16.487406 -2.001559
3.868582 16.917952 -2.001559
3.348026 17.296160 -2.001559
2.790789 17.617882 -2.001559
2.202975 17.879591 -2.001558
1.591022 18.078428 -2.001559
0.961639 18.212208 -2.001559
0.321721 18.279467 -2.001559
-0.321723 18.279467 -2.001559
-0.961641 18.212208 -2.001559
-1.591022 18.078428 -2.001559
-2.202972 17.879593 -2.001559
-2.790787 17.617884 -2.001559
-3.348026 17.296160 -2.001559
-3.868582 16.917952 -2.001559
-4.346752 16.487406 -2.001559
-4.777299 16.009233 -2.001559
-5.155507 15.488677 -2.001559
-5.477228 14.931440 -2.001559
-5.738939 14.343626 -2.001559
-5.937775 13.731673 -2.001559
-6.071553 13.102290 -2.001559
-6.138812 12.462374 -2.001559
-6.138811 11.818930 -2.001559
-6.071552 11.179011 -2.001559
-5.937775 10.549630 -2.001559
-5.738939 9.937680 -2.001559
-5.477227 9.349865 -2.001559
-5.155507 8.792627 -2.001559
-4.777299 8.272071 -2.001559
-4.346751 7.793900 -2.001559
-3.868580 7.363354 -2.001559
-3.348025 6.985147 -2.001559
-2.790787 6.663425 -2.001559
-2.202972 6.401715 -2.001559
-1.591020 6.202880 -2.001559
-0.961638 6.069099 -2.001559
-0.321722 6.001841 -2.001559
0.321722 6.001843 -2.001559
0.961641 6.069101 -2.001559
1.591022 6.202880 -2.001559
2.202970 6.401715 -2.001559
2.790785 6.663427 -2.001559
3.348024 6.985149 -2.001558
3.868578 7.363355 -2.001559
4.346748 7.793901 -2.001559
3.115775 6.743973 3.791427
2.534598 6.447849 3.791427
2.922437 6.405045 3.791427
1.925654 6.214098 3.791427
2.306893 6.130988 3.791427
1.295613 6.045278 3.791427
1.666076 5.922774 3.791427
0.651376 5.943242 3.791427
1.007005 5.782684 3.791427
0.000000 5.909103 3.791427
0.336899 5.712252 3.791427
-0.651374 5.943238 3.791427
-0.336899 5.712250 3.791427
-1.295610 6.045278 3.791427
-1.007002 5.782681 3.791427
-1.925655 6.214098 3.791427
-1.666075 5.922773 3.791427
-2.534600 6.447849 3.791427
-2.306895 6.130988 3.791427
-3.115776 6.743971 3.791427
-2.922439 6.405044 3.791427
-3.662814 7.099224 3.791427
-3.505964 6.741943 3.791427
-4.169719 7.509708 3.791427
-4.051076 7.137991 3.791427
-4.630944 7.970931 3.791427
-4.551803 7.588847 3.791427
-5.041430 8.477839 3.791427
-5.002663 8.089576 3.791427
-5.396682 9.024876 3.791427
-5.398711 8.634688 3.791427
-5.692804 9.606052 3.791427
-5.735608 9.218213 3.791427
-5.926558 10.214997 3.791427
-6.009666 9.833757 3.791427
-6.095376 10.845039 3.791427
-6.217881 10.474575 3.791427
-6.197412 11.489276 3.791427
-6.357970 11.133647 3.791427
-6.231551 12.140652 3.791427
-6.428402 11.803753 3.791427
-6.197414 12.792026 3.791427
-6.428403 12.477550 3.791427
-6.095377 13.436263 3.791427
-6.357972 13.147655 3.791427
-5.926558 14.066308 3.791427
-6.217882 13.806728 3.791427
-5.692804 14.675254 3.791427
-6.009666 14.447548 3.791427
-5.396683 15.256428 3.791427
-5.735609 15.063092 3.791427
-5.041430 15.803467 3.791427
-5.398711 15.646616 3.791427
-4.630944 16.310373 3.791427
-5.002663 16.191729 3.791427
-4.169722 16.771597 3.791427
-4.551805 16.692457 3.791427
-3.662815 17.182083 3.791427
-4.051078 17.143314 3.791427
-3.115777 17.537336 3.791427
-3.505965 17.539364 3.791427
-2.534600 17.833460 3.791427
-2.922439 17.876265 3.791427
-1.925655 18.067209 3.791427
-2.306895 18.150320 3.791427
-1.295613 18.236031 3.791427
-1.666077 18.358534 3.791427
-0.651376 18.338070 3.791427
-1.007005 18.498625 3.791427
-0.000001 18.372204 3.791427
-0.336900 18.569057 3.791427
0.651374 18.338070 3.791427
0.336898 18.569057 3.791427
1.295612 18.236031 3.791427
1.007003 18.498627 3.791427
1.925656 18.067209 3.791427
1.666077 18.358534 3.791427
2.534602 17.833458 3.791427
2.306897 18.150320 3.791427
3.115777 17.537336 3.791427
2.922441 17.876265 3.791427
3.662814 17.182083 3.791427
3.505965 17.539366 3.791427
4.169723 16.771599 3.791427
4.051078 17.143316 3.791427
4.630948 16.310375 3.791427
4.551808 16.692457 3.791427
5.041435 15.803467 3.791427
5.002667 16.191730 3.791427
5.396685 15.256428 3.791427
5.398715 15.646617 3.791427
5.692809 14.675254 3.791427
5.735613 15.063092 3.791427
5.926560 14.066308 3.791427
6.009670 14.447548 3.791427
6.095380 13.436266 3.791427
6.217884 13.806728 3.791427
6.197416 12.792043 3.791427
6.357975 13.147665 3.791427
6.231549 12.140668 3.791427
6.428403 12.477568 3.791427
6.197408 11.489279 3.791427
6.428399 11.803762 3.791427
6.095373 10.845039 3.791427
6.357967 11.133647 3.791427
5.926553 10.214998 3.791427
6.217878 10.474576 3.791427
5.692800 9.606053 3.791427
6.009662 9.833758 3.791427
5.396679 9.024877 3.791427
5.735606 9.218214 3.791427
5.041427 8.477839 3.791427
5.398708 8.634689 3.791427
4.630941 7.970932 3.791427
5.002659 8.089576 3.791427
4.169717 7.509709 3.791427
4.551801 7.588848 3.791427
3.662812 7.099225 3.791427
4.051074 7.137992 3.791427
3.505963 6.741944 3.791427
3.073620 6.816987 3.721958
3.613257 7.167432 3.721958
3.348024 6.985149 2.864434
4.113304 7.572363 3.721958
3.868578 7.363355 2.864434
4.568287 8.027346 3.721958
4.346748 7.793901 2.864434
4.973220 8.527394 3.721958
4.777296 8.272072 2.864434
5.323665 9.067032 3.721958
5.155503 8.792628 2.864434
5.615780 9.640344 3.721958
5.477224 9.349866 2.864434
5.846371 10.241051 3.721958
5.738935 9.937681 2.864434
6.012906 10.862568 3.721958
5.937771 10.549631 2.864434
6.113561 11.498092 3.721958
6.071549 11.179012 2.864434
6.147240 12.140668 3.721958
6.138807 11.818939 2.864434
6.113569 12.783231 3.721958
6.138812 12.462393 2.864434
6.012913 13.418738 3.721958
6.071557 13.102301 2.864434
5.846377 14.040255 3.721958
5.937777 13.731674 2.864434
5.615788 14.640962 3.721958
5.738943 14.343626 2.864434
5.323672 15.214274 3.721958
5.477231 14.931440 2.864434
4.973227 15.753911 3.721958
5.155510 15.488678 2.864434
4.568295 16.253962 3.721958
4.777304 16.009235 2.864434
4.113309 16.708944 3.721958
4.346755 16.487406 2.864434
3.613259 17.113876 3.721958
3.868582 16.917952 2.864434
3.073622 17.464323 3.721958
3.348026 17.296160 2.864434
2.500311 17.756437 3.721958
2.790789 17.617882 2.864434
1.899604 17.987028 3.721958
2.202975 17.879593 2.864434
1.278083 18.153564 3.721958
1.591022 18.078428 2.864434
0.642561 18.254223 3.721958
0.961639 18.212208 2.864434
-0.000001 18.287895 3.721958
0.321721 18.279467 2.864434
-0.642564 18.254223 3.721958
-0.321723 18.279467 2.864434
-1.278084 18.153564 3.721958
-0.961641 18.212208 2.864434
-1.899602 17.987028 3.721958
-1.591022 18.078428 2.864434
-2.500308 17.756439 3.721958
-2.202972 17.879593 2.864434
-3.073622 17.464321 3.721958
-2.790787 17.617884 2.864434
-3.613260 17.113876 3.721958
-3.348026 17.296160 2.864434
-4.113308 16.708942 3.721958
-3.868582 16.917952 2.864434
-4.568291 16.253960 3.721958
-4.346752 16.487406 2.864434
-4.973223 15.753911 3.721958
-4.777299 16.009233 2.864434
-5.323668 15.214273 3.721958
-5.155507 15.488677 2.864434
-5.615784 14.640962 3.721958
-5.477227 14.931440 2.864434
-5.846375 14.040255 3.721958
-5.738939 14.343626 2.864434
-6.012910 13.418734 3.721958
-5.937775 13.731673 2.864434
-6.113567 12.783213 3.721958
-6.071553 13.102290 2.864434
-6.147242 12.140652 3.721958
-6.138812 12.462374 2.864434
-6.113565 11.498089 3.721958
-6.138811 11.818930 2.864434
-6.012910 10.862567 3.721958
-6.071552 11.179011 2.864434
-5.846375 10.241050 3.721958
-5.937775 10.549630 2.864434
-5.615784 9.640344 3.721958
-5.738939 9.937680 2.864434
-5.323668 9.067031 3.721958
-5.477227 9.349865 2.864434
-4.973223 8.527394 3.721958
-5.155507 8.792627 2.864434
-4.568290 8.027345 3.721958
-4.777299 8.272071 2.864434
-4.113306 7.572362 3.721958
-4.346751 7.793900 2.864434
-3.613258 7.167431 3.721958
-3.868580 7.363354 2.864434
-3.073621 6.816984 3.721958
-3.348025 6.985147 2.864434
-2.500308 6.524869 3.721958
-2.790787 6.663425 2.864434
-1.899602 6.294280 3.721958
-2.202972 6.401715 2.864434
-1.278081 6.127743 3.721958
-1.591020 6.202880 2.864434
-0.642561 6.027085 3.721958
-0.961638 6.069099 2.864434
0.000000 5.993412 3.721958
-0.321722 6.001841 2.864434
0.642563 6.027088 3.721958
0.321722 6.001843 2.864434
1.278084 6.127745 3.721958
0.961641 6.069101 2.864434
1.899601 6.294281 3.721958
1.591022 6.202881 2.864434
2.500306 6.524870 3.721958
2.202970 6.401715 2.864434
2.790785 6.663427 2.864434
11.991178 14.039868 -2.626898
11.726965 15.282883 -2.418933
11.334272 16.491470 -2.594536
10.817396 17.652391 -2.802501
10.182002 18.752922 -2.802501
9.435054 19.781010 -2.802501
8.584733 20.725386 -2.802501
7.640356 21.575705 -2.802501
6.612270 22.322655 -2.802501
5.511737 22.958046 -2.802501
4.350818 23.474920 -2.802501
3.142229 23.867613 -2.802501
1.899214 24.131826 -2.802501
0.635391 24.264660 -2.802501
-0.635393 24.264660 -2.802501
-1.899217 24.131826 -2.808767
-3.142231 23.867613 -2.808767
-4.350819 23.474918 -2.808767
-5.511738 22.958044 -2.808767
-6.612270 22.322651 -2.802501
-7.640357 21.575703 -2.802501
-8.584733 20.725382 -2.475168
-9.435052 19.781006 -2.475168
-10.182000 18.752918 -2.475168
-10.817392 17.652388 -2.475168
-11.334266 16.491468 -2.802501
-11.726960 15.282880 -2.802501
-11.991171 14.039865 -2.802501
-12.124004 12.776043 -2.802501
-12.124004 11.505258 -2.802501
-11.991171 10.241436 -2.802501
-11.726960 8.998421 -2.802501
-11.334265 7.789834 -2.802501
-10.817391 6.628915 -2.802501
-10.181998 5.528383 -2.802501
-9.435049 4.500297 -2.802501
-8.584728 3.555920 -2.802501
-7.640351 2.705600 -2.802501
-6.612265 1.958653 -2.802501
-5.511734 1.323262 -2.802501
-4.350815 0.806388 -2.802501
-3.142227 0.413694 -2.802501
-1.899213 0.149482 -2.802501
-0.635391 0.016650 -2.802501
0.635393 0.016650 -2.802501
1.899216 0.149483 -2.802501
3.142230 0.413694 -2.802501
4.350817 0.806389 -2.802501
5.511736 1.323264 -2.802501
6.612267 1.958656 -2.802501
7.640353 2.705603 -2.802501
8.584728 3.555924 -2.802501
9.435048 4.500300 -2.802501
10.181995 5.528385 -2.802501
10.817387 6.628917 -2.802501
11.334262 7.789835 -2.802501
11.726955 8.998423 -2.802501
11.991166 10.241437 -2.802501
12.124000 11.505259 -2.802501
12.124005 12.776044 -2.802501
-7.640356 21.575703 3.664980
-6.612270 22.322651 3.664980
-5.511738 22.958044 3.361204
-4.350819 23.474918 3.361203
-3.142231 23.867613 3.361204
-1.899217 24.131826 3.361203
-0.635393 24.264660 3.664980
0.635391 24.264660 3.664980
1.899214 24.131826 3.664980
3.142229 23.867613 3.664980
4.350817 23.474920 3.664980
5.511737 22.958046 3.664980
6.612270 22.322655 3.664980
7.640356 21.575705 3.664980
8.584733 20.725386 3.664980
9.435054 19.781010 3.664980
10.182002 18.752922 3.664980
10.817396 17.652391 3.664980
11.334271 16.491470 3.664980
11.726965 15.282883 3.664980
11.991178 14.039868 3.664980
12.124005 12.776044 3.664980
12.123998 11.505259 3.664980
11.991166 10.241437 3.664980
11.726955 8.998423 3.664980
11.334262 7.789835 3.664980
10.817387 6.628917 3.664980
10.181995 5.528385 3.664980
9.435048 4.500300 3.664980
8.584728 3.555924 3.664980
7.640353 2.705603 3.664980
6.612267 1.958656 3.664980
5.511736 1.323264 3.664980
4.350817 0.806389 3.664980
3.142230 0.413694 3.664980
1.899216 0.149483 3.664980
0.635393 0.016650 3.664980
-0.635391 0.016650 3.664980
-1.899213 0.149483 3.664980
-3.142227 0.413694 3.664980
-4.350815 0.806388 3.664980
-5.511734 1.323262 3.664980
-6.612265 1.958653 3.664980
-7.640351 2.705600 3.664980
-8.584728 3.555920 3.664980
-9.435050 4.500297 3.664980
-10.181998 5.528383 3.664980
-10.817391 6.628915 3.664980
-11.334265 7.789834 3.664980
-11.726960 8.998421 3.664980
-11.991171 10.241436 3.664980
-12.124004 11.505258 3.664980
-12.124004 12.776043 3.664980
-11.991171 14.039865 3.664980
-11.726960 15.282880 3.664980
-11.334266 16.491468 3.664980
-10.817392 17.652388 3.664980
-10.182000 18.752918 3.664980
-9.435052 19.781006 3.664980
-8.584733 20.725382 3.664980
11.799644 14.009532 -2.755134
11.539653 15.232693 -2.572894
11.153231 16.421976 -2.737404
10.644611 17.564352 -2.919645
10.019367 18.647306 -2.919645
9.284350 19.658972 -2.919645
8.447610 20.588263 -2.919645
7.518317 21.425001 -2.919645
6.506652 22.160019 -2.919645
5.423699 22.785261 -2.919645
4.281323 23.293880 -2.919645
3.092039 23.680302 -2.919645
1.868878 23.940292 -2.919645
0.625242 24.071003 -2.919645
-0.625244 24.071003 -2.919645
-1.868881 23.940292 -2.919645
-3.092041 23.680300 -2.919645
-4.281324 23.293879 -2.919645
-5.423701 22.785259 -2.919645
-6.506654 22.160015 -2.919645
-7.518319 21.424997 -2.919645
-8.447610 20.588261 -2.632803
-9.284348 19.658966 -2.632803
-10.019365 18.647303 -2.632802
-10.644607 17.564348 -2.632802
-11.153226 16.421972 -2.919645
-11.539647 15.232690 -2.919645
-11.799637 14.009529 -2.919645
-11.930350 12.765894 -2.919645
-11.930350 11.515407 -2.919645
-11.799637 10.271771 -2.919645
-11.539647 9.048612 -2.919645
-11.153225 7.859329 -2.919645
-10.644606 6.716953 -2.919645
-10.019362 5.634000 -2.919645
-9.284344 4.622335 -2.919645
-8.447606 3.693044 -2.919645
-7.518313 2.856305 -2.919645
-6.506649 2.121288 -2.919645
-5.423696 1.496047 -2.919645
-4.281320 0.987427 -2.919645
-3.092037 0.601006 -2.919645
-1.868877 0.341015 -2.919645
-0.625242 0.210304 -2.919645
0.625244 0.210304 -2.919645
1.868880 0.341017 -2.919645
3.092039 0.601007 -2.919645
4.281322 0.987429 -2.919645
5.423698 1.496049 -2.919645
6.506650 2.121291 -2.919645
7.518315 2.856308 -2.919645
8.447606 3.693046 -2.919645
9.284344 4.622338 -2.919645
10.019360 5.634002 -2.919645
10.644603 6.716955 -2.919645
11.153221 7.859330 -2.919645
11.539643 9.048613 -2.919645
11.799634 10.271772 -2.919645
11.930345 11.515408 -2.919645
11.930351 12.765896 -2.919645
11.914259 14.027686 3.791427
11.651742 15.262727 3.791427
11.261568 16.463564 3.791427
10.748008 17.617035 3.791427
10.116690 18.710508 3.791427
9.374532 19.732000 3.791427
8.529665 20.670319 3.791427
7.591345 21.515184 3.791427
6.569855 22.257341 3.791427
5.476382 22.888657 3.791427
4.322909 23.402214 3.791427
3.122073 23.792391 3.791427
1.887032 24.054907 3.791427
0.631315 24.186890 3.791427
-0.631318 24.186890 3.791427
-1.887034 24.054907 3.487838
-3.122075 23.792391 3.487838
-4.322911 23.402214 3.487838
-5.476383 22.888655 3.487838
-6.569856 22.257338 3.791427
-7.591348 21.515181 3.791427
-8.529666 20.670315 3.791427
-9.374530 19.731997 3.791427
-10.116686 18.710505 3.791427
-10.748003 17.617031 3.791427
-11.261562 16.463558 3.791427
-11.651736 15.262724 3.791427
-11.914254 14.027683 3.791427
-12.046234 12.771967 3.791427
-12.046234 11.509334 3.791427
-11.914252 10.253618 3.791427
-11.651737 9.018577 3.791427
-11.261561 7.817742 3.791427
-10.748002 6.664270 3.791427
-10.116685 5.570797 3.791427
-9.374527 4.549306 3.791427
-8.529661 3.610988 3.791427
-7.591342 2.766122 3.791427
-6.569851 2.023967 3.791427
-5.476379 1.392650 3.791427
-4.322906 0.879092 3.791427
-3.122071 0.488917 3.791427
-1.887031 0.226402 3.791427
-0.631315 0.094420 3.791427
0.631317 0.094420 3.791427
1.887033 0.226400 3.791427
3.122074 0.488918 3.791427
4.322908 0.879093 3.791427
5.476380 1.392653 3.791427
6.569852 2.023969 3.791427
7.591343 2.766124 3.791427
8.529661 3.610991 3.791427
9.374527 4.549310 3.791427
10.116683 5.570800 3.791427
10.747998 6.664272 3.791427
11.261556 7.817744 3.791427
11.651732 9.018579 3.791427
11.914249 10.253619 3.791427
12.046230 11.509335 3.791427
12.046235 12.771969 3.791427
6.071557 13.102301 -2.855265
5.937777 13.731674 -2.855265
5.738942 14.343626 -2.855265
5.477232 14.931440 -2.855265
5.155510 15.488678 -2.855265
4.777304 16.009235 -2.855266
4.346755 16.487406 -2.855266
3.868582 16.917952 -2.855265
3.348026 17.296160 -2.855265
2.790789 17.617882 -2.855265
2.202975 17.879591 -2.855265
1.591022 18.078428 -2.855265
0.961639 18.212208 -2.855265
0.321721 18.279467 -2.855265
-0.321723 18.279467 -2.855265
-0.961641 18.212208 -2.855265
-1.591022 18.078428 -2.855265
-2.202972 17.879593 -2.855265
-2.790787 17.617884 -2.855265
-3.348026 17.296160 -2.855265
-3.868582 16.917952 -2.855265
-4.346752 16.487406 -2.855265
-4.777299 16.009233 -2.855265
-5.155507 15.488677 -2.855265
-5.477227 14.931440 -2.855265
-5.738939 14.343626 -2.855265
-5.937775 13.731673 -2.855265
-6.071553 13.102290 -2.855265
-6.138812 12.462374 -2.855265
-6.138811 11.818930 -2.855265
-6.071552 11.179011 -2.855265
-5.937775 10.549630 -2.855265
-5.738939 9.937680 -2.855265
-5.477227 9.349865 -2.855265
-5.155507 8.792627 -2.855265
-4.777299 8.272071 -2.855265
-4.346751 7.793900 -2.855265
-3.868580 7.363354 -2.855265
-3.348025 6.985147 -2.855265
-2.790787 6.663425 -2.855265
-2.202972 6.401715 -2.855265
-1.591020 6.202880 -2.855265
-0.961638 6.069099 -2.855265
-0.321722 6.001841 -2.855265
0.321722 6.001843 -2.855265
0.961641 6.069101 -2.855265
1.591022 6.202881 -2.855265
2.202970 6.401715 -2.855266
2.790785 6.663427 -2.855265
3.348024 6.985149 -2.855265
3.868578 7.363355 -2.855265
4.346748 7.793901 -2.855265
4.777296 8.272072 -2.855265
5.155503 8.792628 -2.855265
5.477224 9.349866 -2.855265
5.738935 9.937681 -2.855265
5.937771 10.549631 -2.855265
6.071549 11.179012 -2.855265
6.138807 11.818939 -2.855265
6.138812 12.462393 -2.855265
5.217924 8.752091 -2.919645
5.543540 9.316076 -2.919645
5.808420 9.911008 -2.919645
6.009663 10.530367 -2.919645
6.145061 11.167368 -2.919645
6.213134 11.815044 -2.919645
6.213139 12.466288 -2.919645
6.145069 13.113944 -2.919645
6.009670 13.750937 -2.919645
5.808427 14.370299 -2.919645
5.543547 14.965230 -2.919645
5.217931 15.529215 -2.919645
4.835146 16.056074 -2.919645
4.399384 16.540033 -2.919645
3.915421 16.975794 -2.919645
3.388562 17.358582 -2.919645
2.824579 17.684198 -2.919645
2.229648 17.949078 -2.919644
1.610286 18.150320 -2.919645
0.973282 18.285721 -2.919645
0.325616 18.353792 -2.919645
-0.325619 18.353792 -2.919645
-0.973284 18.285721 -2.919645
-1.610286 18.150320 -2.919645
-2.229645 17.949080 -2.919645
-2.824577 17.684198 -2.919645
-3.388563 17.358582 -2.919645
-3.915421 16.975794 -2.919645
-4.396337 16.537472 -2.919645
-4.829053 16.050949 -2.919645
-5.211839 15.524091 -2.919645
-5.540500 14.962668 -2.919645
-5.808424 14.370299 -2.919645
-6.009666 13.750937 -2.919645
-6.145065 13.113934 -2.919645
-6.213139 12.466269 -2.919645
-6.213138 11.815035 -2.919645
-6.145065 11.167367 -2.919645
-6.009667 10.530366 -2.919645
-5.808424 9.911007 -2.919645
-5.543544 9.316075 -2.919645
-5.217927 8.752090 -2.919645
-4.835141 8.225232 -2.919645
-4.399380 7.741271 -2.919645
-3.915420 7.305512 -2.919645
-3.388562 6.922726 -2.919645
-2.824577 6.597109 -2.919645
-2.229645 6.332230 -2.919645
-1.610284 6.130988 -2.919645
-0.973281 5.995587 -2.919645
-0.325617 5.927515 -2.919645
0.325617 5.927517 -2.919645
0.973284 5.995589 -2.919645
1.610285 6.130988 -2.919645
2.229643 6.332230 -2.919645
2.824575 6.597110 -2.919645
3.388561 6.922728 -2.919644
3.915418 7.305513 -2.919645
4.399377 7.741273 -2.919645
4.835138 8.225232 -2.919645
2.829061 6.588307 3.791427
2.233184 6.323006 3.791427
1.612842 6.121445 3.791427
0.974830 5.985830 3.791427
0.326134 5.917650 3.791427
-0.326134 5.917648 3.791427
-0.974827 5.985828 3.791427
-1.612841 6.121444 3.791427
-2.233186 6.323006 3.791427
-2.829062 6.588305 3.791427
-3.393943 6.914440 3.791427
-3.921637 7.297834 3.791427
-4.406366 7.734285 3.791427
-4.842820 8.219014 3.791427
-5.226214 8.746709 3.791427
-5.552347 9.311589 3.791427
-5.817648 9.907466 3.791427
-6.019210 10.527809 3.791427
-6.154823 11.165822 3.791427
-6.223004 11.814518 3.791427
-6.223006 12.466786 3.791427
-6.154824 13.115479 3.791427
-6.019211 13.753494 3.791427
-5.817648 14.373839 3.791427
-5.552347 14.969715 3.791427
-5.226214 15.534595 3.791427
-4.842820 16.062290 3.791427
-4.406367 16.547020 3.791427
-3.921640 16.983473 3.791427
-3.393944 17.366867 3.791427
-2.829063 17.693003 3.791427
-2.233186 17.958302 3.791427
-1.612843 18.159863 3.791427
-0.974830 18.295479 3.791427
-0.326136 18.363659 3.791427
0.326133 18.363659 3.791427
0.974828 18.295479 3.791427
1.612843 18.159863 3.791427
2.233188 17.958302 3.791427
2.829064 17.693003 3.791427
3.393944 17.366867 3.791427
3.921640 16.983473 3.791427
4.406370 16.547022 3.791427
4.842824 16.062292 3.791427
5.226217 15.534596 3.791427
5.552351 14.969716 3.791427
5.817651 14.373839 3.791427
6.019213 13.753494 3.791427
6.154828 13.115490 3.791427
6.223005 12.466805 3.791427
6.223001 11.814527 3.791427
6.154820 11.165823 3.791427
6.019207 10.527810 3.791427
5.817644 9.907467 3.791427
5.552344 9.311591 3.791427
5.226211 8.746710 3.791427
4.842816 8.219014 3.791427
4.406363 7.734286 3.791427
3.921635 7.297835 3.791427
3.393942 6.914442 3.791427
3.348024 6.985149 3.721958
3.868578 7.363355 3.721958
4.346748 7.793901 3.721958
4.777296 8.272072 3.721958
5.155503 8.792628 3.721958
5.477224 9.349866 3.721958
5.738935 9.937681 3.721958
5.937771 10.549631 3.721958
6.071549 11.179012 3.721958
6.138807 11.818939 3.721958
6.138812 12.462393 3.721958
6.071557 13.102301 3.721958
5.937777 13.731674 3.721958
5.738942 14.343626 3.721958
5.477231 14.931440 3.721958
5.155510 15.488678 3.721958
4.777304 16.009235 3.721958
4.346755 16.487406 3.721958
3.868582 16.917952 3.721958
3.348026 17.296160 3.721958
2.790789 17.617882 3.721958
2.202975 17.879593 3.721958
1.591022 18.078428 3.721958
0.961639 18.212208 3.721958
0.321721 18.279467 3.721958
-0.321723 18.279467 3.721958
-0.961641 18.212208 3.721958
-1.591022 18.078428 3.721958
-2.202972 17.879593 3.721958
-2.790787 17.617884 3.721958
-3.348026 17.296160 3.721958
-3.868582 16.917952 3.721958
-4.346752 16.487406 3.721958
-4.777299 16.009233 3.721958
-5.155507 15.488677 3.721958
-5.477227 14.931440 3.721958
-5.738939 14.343626 3.721958
-5.937775 13.731673 3.721958
-6.071553 13.102290 3.721958
-6.138812 12.462374 3.721958
-6.138811 11.818930 3.721958
-6.071552 11.179011 3.721958
-5.937775 10.549630 3.721958
-5.738939 9.937680 3.721958
-5.477227 9.349865 3.721958
-5.155507 8.792627 3.721958
-4.777299 8.272071 3.721958
-4.346751 7.793900 3.721958
-3.868580 7.363354 3.721958
-3.348025 6.985147 3.721958
-2.790787 6.663425 3.721958
-2.202972 6.401715 3.721958
-1.591020 6.202880 3.721958
-0.961638 6.069099 3.721958
-0.321722 6.001841 3.721958
0.321722 6.001843 3.721958
0.961641 6.069101 3.721958
1.591022 6.202881 3.721958
2.202970 6.401715 3.721958
2.790785 6.663427 3.721958
