-3.889215 15.310059 7.365938
-3.899594 15.468396 7.128971
-3.903238 15.523997 6.849450
-3.855362 14.793571 7.579875
3.542552 15.073091 7.524275
3.558084 15.310059 7.365938
3.568462 15.468396 7.128971
3.572106 15.523997 6.849450
3.524231 14.793571 7.579875
-7.189262 11.757517 2.765485
-7.426228 11.773049 2.923821
-7.584566 11.783426 3.160788
-7.640166 11.787071 3.440310
-6.909740 11.739195 2.709884
-7.189262 3.766479 2.765485
-7.426228 3.750948 2.923821
-7.584566 3.740570 3.160788
-7.640166 3.736926 3.440310
-6.909740 3.784800 2.709884
-3.873682 15.073091 2.765485
-3.889215 15.310059 2.923821
-3.899594 15.468396 3.160788
-3.903238 15.523997 3.440310
-3.855362 14.793571 2.709884
3.542552 15.073091 2.765485
3.558084 15.310059 2.923821
3.568462 15.468396 3.160788
3.572106 15.523997 3.440310
3.524231 14.793571 2.709884
6.858128 11.757517 2.765485
7.095095 11.773049 2.923821
7.253432 11.783426 3.160788
7.309032 11.787071 3.440310
6.578607 11.739195 2.709884
6.858128 3.766479 2.765485
7.095095 3.750948 2.923821
7.253432 3.740570 3.160788
7.309032 3.736926 3.440310
6.578607 3.784800 2.709884
-3.873683 0.450904 7.524275
-3.889215 0.213937 7.365938
-3.899594 0.055600 7.128971
-3.903238 -0.000000 6.849450
-3.855362 0.730425 7.579875
3.542552 0.450904 7.524275
3.558084 0.213937 7.365938
3.568462 0.055600 7.128971
3.572106 -0.000000 6.849450
3.524232 0.730425 7.579875
-7.189262 11.757517 7.524275
-7.426228 11.773049 7.365938
-7.584566 11.783426 7.128971
-7.640166 11.787071 6.849450
-6.909740 11.739195 7.579875
-7.189262 3.766479 7.524275
-7.426228 3.750948 7.365938
-7.584566 3.740570 7.128971
-7.640166 3.736926 6.849450
-6.909740 3.784800 7.579875
-3.873683 0.450904 2.765485
-3.889215 0.213937 2.923821
-3.899594 0.055600 3.160788
-3.903238 -0.000000 3.440310
-3.855362 0.730425 2.709884
3.542552 0.450904 2.765485
3.558084 0.213937 2.923821
3.568462 0.055600 3.160788
3.572106 -0.000000 3.440310
3.524232 0.730425 2.709884
6.858128 11.757517 7.524275
7.095095 11.773049 7.365938
7.253432 11.783426 7.128971
7.309032 11.787071 6.849450
6.578607 11.739195 7.579875
6.858128 3.766479 7.524275
7.095095 3.750948 7.365938
7.253432 3.740570 7.128971
7.309032 3.736926 6.849450
6.578607 3.784800 7.579875
-7.073535 12.636547 7.524275
-7.304403 12.698409 7.365938
-7.458662 12.739743 7.128971
-7.512833 12.754259 6.849450
-6.801206 12.563577 7.579875
-7.073535 12.636547 2.765485
-7.304403 12.698409 2.923821
-7.458662 12.739743 3.160788
-7.512833 12.754259 3.440310
-6.801206 12.563577 2.709884
-6.745648 13.428137 7.524275
-6.952638 13.547642 7.365938
-7.090946 13.627494 7.128971
-7.139512 13.655534 6.849450
-6.501487 13.287170 7.579875
-6.745648 13.428135 2.765485
-6.952638 13.547642 2.923821
-7.090946 13.627493 3.160788
-7.139512 13.655533 3.440310
-6.501487 13.287169 2.709884
-6.224055 14.107888 7.524275
-6.393063 14.276894 7.365938
-6.505989 14.389820 7.128971
-6.545644 14.429476 6.849450
-6.024698 13.908529 7.579875
-6.224055 14.107888 2.765485
-6.393063 14.276894 2.923821
-6.505989 14.389820 3.160788
-6.545644 14.429476 3.440310
-6.024698 13.908529 2.709884
-5.544305 14.629479 7.524275
-5.663811 14.836470 7.365938
-5.743663 14.974775 7.128971
-5.771703 15.023343 6.849450
-5.403339 14.385318 7.579875
-5.544305 14.629479 2.765485
-5.663811 14.836470 2.923821
-5.743663 14.974775 3.160788
-5.771703 15.023343 3.440310
-5.403339 14.385318 2.709884
-4.752718 14.957365 7.524275
-4.814579 15.188233 7.365938
-4.855913 15.342493 7.128971
-4.870427 15.396663 6.849450
-4.679748 14.685038 7.579875
-4.752718 14.957365 2.765485
-4.814579 15.188233 2.923821
-4.855913 15.342493 3.160788
-4.870427 15.396663 3.440310
-4.679748 14.685038 2.709884
4.421584 14.957365 7.524275
4.483444 15.188233 7.365938
4.524779 15.342493 7.128971
4.539294 15.396663 6.849450
4.348614 14.685038 7.579875
4.421584 14.957365 2.765485
4.483444 15.188233 2.923821
4.524779 15.342493 3.160788
4.539294 15.396663 3.440310
4.348614 14.685038 2.709884
5.213172 14.629479 7.524275
5.332678 14.836470 7.365938
5.412530 14.974775 7.128971
5.440569 15.023343 6.849450
5.072204 14.385318 7.579875
5.213172 14.629479 2.765485
5.332678 14.836470 2.923821
5.412529 14.974775 3.160788
5.440569 15.023343 3.440310
5.072204 14.385318 2.709884
5.892923 14.107888 7.524275
6.061931 14.276894 7.365938
6.174857 14.389820 7.128971
6.214511 14.429476 6.849450
5.693566 13.908529 7.579875
5.892923 14.107888 2.765485
6.061931 14.276894 2.923821
6.174857 14.389820 3.160788
6.214511 14.429476 3.440310
5.693566 13.908529 2.709884
6.414515 13.428135 7.524275
6.621505 13.547642 7.365938
6.759812 13.627493 7.128971
6.808379 13.655533 6.849450
6.170352 13.287169 7.579875
6.414515 13.428137 2.765485
6.621505 13.547642 2.923821
6.759812 13.627494 3.160788
6.808379 13.655534 3.440310
6.170352 13.287170 2.709884
6.742401 12.636547 7.524275
6.973268 12.698409 7.365938
7.127530 12.739743 7.128971
7.181700 12.754259 6.849450
6.470074 12.563577 7.579875
6.742401 12.636547 2.765485
6.973268 12.698409 2.923821
7.127530 12.739743 3.160788
7.181700 12.754259 3.440310
6.470074 12.563577 2.709884
-4.752718 0.566631 7.524275
-4.814579 0.335763 7.365938
-4.855913 0.181502 7.128971
-4.870427 0.127333 6.849450
-4.679748 0.838958 7.579875
-4.752718 0.566631 2.765485
-4.814579 0.335763 2.923821
-4.855913 0.181502 3.160788
-4.870427 0.127333 3.440310
-4.679748 0.838958 2.709884
-5.544305 0.894516 7.524275
-5.663811 0.687526 7.365938
-5.743663 0.549220 7.128971
-5.771703 0.500653 6.849450
-5.403336 1.138678 7.579875
-5.544305 0.894516 2.765485
-5.663811 0.687526 2.923821
-5.743663 0.549220 3.160788
-5.771703 0.500653 3.440310
-5.403336 1.138678 2.709884
-6.224055 1.416109 7.524275
-6.393063 1.247102 7.365938
-6.505989 1.134175 7.128971
-6.545644 1.094520 6.849450
-6.024698 1.615466 7.579875
-6.224055 1.416109 2.765485
-6.393063 1.247102 2.923821
-6.505989 1.134175 3.160788
-6.545644 1.094520 3.440310
-6.024698 1.615466 2.709884
-6.745648 2.095860 7.524275
-6.952638 1.976354 7.365938
-7.090946 1.896502 7.128971
-7.139512 1.868463 6.849450
-6.501487 2.236827 7.579875
-6.745648 2.095860 2.765485
-6.952638 1.976354 2.923821
-7.090946 1.896502 3.160788
-7.139512 1.868463 3.440310
-6.501487 2.236827 2.709884
-7.073535 2.887448 7.524275
-7.304403 2.825587 7.365938
-7.458662 2.784253 7.128971
-7.512833 2.769738 6.849450
-6.801206 2.960417 7.579875
-7.073535 2.887448 2.765485
-7.304403 2.825587 2.923821
-7.458662 2.784253 3.160788
-7.512833 2.769738 3.440310
-6.801206 2.960417 2.709884
6.742401 2.887448 7.524275
6.973268 2.825587 7.365938
7.127530 2.784253 7.128971
7.181700 2.769738 6.849450
6.470074 2.960417 7.579875
6.742401 2.887448 2.765485
6.973268 2.825587 2.923821
7.127530 2.784253 3.160788
7.181700 2.769738 3.440310
6.470074 2.960417 2.709884
6.414515 2.095860 7.524275
6.621505 1.976353 7.365938
6.759812 1.896502 7.128971
6.808379 1.868463 6.849450
6.170352 2.236827 7.579875
6.414515 2.095860 2.765485
6.621505 1.976353 2.923821
6.759812 1.896502 3.160788
6.808379 1.868463 3.440310
6.170352 2.236827 2.709884
5.892923 1.416109 7.524275
6.061931 1.247102 7.365938
6.174857 1.134175 7.128971
6.214511 1.094520 6.849450
5.693566 1.615466 7.579875
5.892923 1.416109 2.765485
6.061931 1.247102 2.923821
6.174857 1.134175 3.160788
6.214511 1.094520 3.440310
5.693566 1.615466 2.709884
5.213172 0.894516 7.524275
5.332677 0.687526 7.365938
5.412529 0.549220 7.128971
5.440569 0.500653 6.849450
5.072204 1.138678 7.579875
5.213172 0.894516 2.765485
5.332678 0.687526 2.923821
5.412530 0.549220 3.160788
5.440569 0.500653 3.440310
5.072204 1.138678 2.709884
4.421585 0.566631 7.524275
4.483444 0.335763 7.365938
4.524779 0.181502 7.128971
4.539294 0.127333 6.849450
4.348615 0.838958 7.579875
4.421585 0.566631 2.765485
4.483444 0.335763 2.923821
4.524779 0.181502 3.160788
4.539294 0.127333 3.440310
4.348615 0.838958 2.709884
0.906088 6.645943 7.542424
0.803770 6.748261 7.440106
0.766319 6.785712 7.300337
1.045857 6.506174 7.579875
0.906088 8.878053 7.542424
0.803770 8.775736 7.440106
0.766319 8.738285 7.300337
1.045857 9.017824 7.579875
-1.237222 8.878053 7.542424
-1.134904 8.775736 7.440106
-1.097453 8.738285 7.300337
-1.376991 9.017824 7.579875
-1.237222 6.645943 7.542424
-1.134904 6.748261 7.440106
-1.097453 6.785712 7.300337
-1.376991 6.506174 7.579875
0.906088 6.645943 2.747335
0.803770 6.748261 2.849653
0.766319 6.785712 2.989422
1.045857 6.506174 2.709884
-1.237222 6.645943 2.747335
-1.134904 6.748261 2.849653
-1.097453 6.785712 2.989422
-1.376991 6.506174 2.709884
-1.237222 8.878053 2.747335
-1.134904 8.775736 2.849653
-1.097453 8.738285 2.989422
-1.376991 9.017824 2.709884
0.906088 8.878053 2.747335
0.803770 8.775736 2.849653
0.766319 8.738285 2.989422
1.045857 9.017824 2.709884
