4.526875 28.467625 -0.977528
0.000000 29.184599 -0.977528
-4.526875 28.467625 -0.977528
-8.610613 26.386852 -0.977528
-11.851498 23.145964 -0.977528
-13.932275 19.062227 -0.977528
-14.649245 14.535352 -0.977528
-13.932275 10.008477 -0.977528
-11.851500 5.924739 -0.977528
-8.610613 2.683855 -0.977528
-4.526875 0.603078 -0.977528
-0.000001 -0.113890 -0.977528
4.526873 0.603081 -0.977528
8.610610 2.683855 -0.977528
11.851497 5.924739 -0.977528
13.932270 10.008479 -0.977528
14.649242 14.535352 -0.977528
13.916246 19.057020 0.977528
11.837866 23.136059 0.977528
8.600706 26.373217 0.977528
4.521667 28.451597 0.977528
0.000000 29.167744 0.977528
-4.521667 28.451597 0.977528
-8.600705 26.373217 0.977528
-11.837864 23.136059 0.977528
-13.916245 19.057018 0.977528
-14.632392 14.535352 0.977528
-13.916245 10.013686 0.977528
-11.837863 5.934647 0.977528
-8.600706 2.697488 0.977528
-4.521667 0.619107 0.977528
-0.000001 -0.097040 0.977528
4.521665 0.619110 0.977528
8.600703 2.697489 0.977528
11.837862 5.934646 0.977528
13.916243 10.013686 0.977528
14.632392 14.535352 0.977528
12.717135 18.667406 -0.990770
10.817841 22.394968 -0.990770
7.859616 25.353193 -0.990770
4.132053 27.252489 -0.990770
0.000000 27.906925 -0.990770
-4.132054 27.252489 -0.990770
-7.859616 25.353191 -0.990770
-10.817841 22.394966 -0.990770
-12.717134 18.667404 -0.990770
-13.371573 14.535352 -0.990770
-12.717134 10.403300 -0.990770
-10.817840 6.675736 -0.990770
-7.859615 3.717511 -0.990770
-4.132053 1.818220 -0.990770
-0.000001 1.163779 -0.990770
4.132051 1.818220 -0.990770
7.859612 3.717513 -0.990770
10.817837 6.675737 -0.990770
12.717132 10.403300 -0.990770
13.371573 14.535354 -0.990770
12.700697 18.662064 -0.861547
10.803857 22.384808 -0.861547
7.849455 25.339207 -0.861547
4.126711 27.236050 -0.861547
0.000000 27.889641 -0.861547
-4.126711 27.236046 -0.861547
-7.849455 25.339207 -0.861547
-10.803855 22.384806 -0.861547
-12.700694 18.662062 -0.861547
-13.354288 14.535352 -0.861547
-12.700694 10.408642 -0.861547
-10.803855 6.685897 -0.861547
-7.849453 3.731497 -0.861547
-4.126710 1.834659 -0.861547
-0.000001 1.181067 -0.861547
4.126709 1.834660 -0.861547
7.849452 3.731499 -0.861547
10.803851 6.685899 -0.861547
12.700692 10.408644 -0.861547
13.354285 14.535354 -0.861547
9.951702 17.768866 -0.843340
8.465426 20.685835 -0.843340
6.150483 23.000776 -0.843340
3.233511 24.487053 -0.843340
0.000000 24.999178 -0.843340
-3.233511 24.487053 -0.843340
-6.150483 23.000774 -0.843340
-8.465424 20.685835 -0.843340
-9.951699 17.768864 -0.843340
-10.463826 14.535352 -0.843340
-9.951700 11.301841 -0.843340
-8.465423 8.384871 -0.843340
-6.150483 6.069928 -0.843340
-3.233511 4.583653 -0.843340
-0.000002 4.071527 -0.843340
3.233510 4.583654 -0.843340
6.150480 6.069929 -0.843340
8.465423 8.384871 -0.843340
9.951697 11.301843 -0.843340
10.463825 14.535356 -0.843340
9.185317 17.519852 -0.201121
7.813500 20.212183 -0.201121
5.676831 22.348852 -0.201121
2.984499 23.720669 -0.201121
0.000000 24.193356 -0.201121
-2.984499 23.720669 -0.201121
-5.676829 22.348850 -0.201121
-7.813498 20.212181 -0.201121
-9.185314 17.519850 -0.201121
-9.658001 14.535352 -0.201121
-9.185316 11.550854 -0.201121
-7.813498 8.858523 -0.201121
-5.676829 6.721855 -0.201121
-2.984499 5.350038 -0.201121
-0.000002 4.877352 -0.201121
2.984497 5.350039 -0.201121
5.676829 6.721855 -0.201121
7.813497 8.858523 -0.201121
9.185313 11.550856 -0.201121
9.658001 14.535356 -0.201121
2.973640 15.501553 -0.197462
2.529544 16.373173 -0.197462
1.837820 17.064901 -0.197462
0.966200 17.509008 -0.197462
0.000000 17.662029 -0.197462
-0.966201 17.509008 -0.197462
-1.837821 17.064901 -0.197462
-2.529545 16.373173 -0.197462
-2.973641 15.501553 -0.197462
-3.126672 14.535354 -0.197462
-2.973641 13.569152 -0.197462
-2.529545 12.697534 -0.197462
-1.837820 12.005807 -0.197462
-0.966201 11.561697 -0.197462
-0.000001 11.408676 -0.197462
0.966200 11.561697 -0.197462
1.837819 12.005807 -0.197462
2.529543 12.697534 -0.197462
2.973640 13.569154 -0.197462
3.126671 14.535354 -0.197462
-0.950255 11.610771 -0.238294
-0.000001 11.460279 -0.238294
0.950254 11.610771 -0.238294
1.807489 12.047552 -0.238294
2.487797 12.727863 -0.238294
2.924565 13.585099 -0.238294
3.075070 14.535354 -0.238294
2.924565 15.485608 -0.238294
2.487798 16.342842 -0.238294
1.807490 17.023153 -0.238294
0.950255 17.459936 -0.238294
0.000000 17.610428 -0.238294
-0.950255 17.459934 -0.238294
-1.807490 17.023153 -0.238294
-2.487798 16.342842 -0.238294
-2.924566 15.485608 -0.238294
-3.075071 14.535354 -0.238294
-2.924566 13.585099 -0.238294
-2.487798 12.727863 -0.238294
-1.807490 12.047552 -0.238294
10.361496 17.902014 -0.852317
8.814016 20.939100 -0.852317
6.403749 23.349367 -0.852317
3.366662 24.896847 -0.852317
0.000000 25.430061 -0.852317
-3.366662 24.896847 -0.852317
-6.403749 23.349367 -0.852317
-8.814013 20.939100 -0.852317
-10.361495 17.902014 -0.852317
-10.894710 14.535352 -0.852317
-10.361495 11.168690 -0.852317
-8.814013 8.131603 -0.852317
-6.403749 5.721338 -0.852317
-3.366662 4.173858 -0.852317
-0.000002 3.640643 -0.852317
3.366659 4.173860 -0.852317
6.403747 5.721339 -0.852317
8.814012 8.131603 -0.852317
10.361492 11.168693 -0.852317
10.894710 14.535354 -0.852317
9.799634 17.719456 -0.723694
8.336070 20.591850 -0.723694
6.056499 22.871418 -0.723694
3.184102 24.334986 -0.723694
0.000000 24.839285 -0.723694
-3.184102 24.334984 -0.723694
-6.056499 22.871418 -0.723694
-8.336066 20.591850 -0.723694
-9.799632 17.719452 -0.723694
-10.303933 14.535352 -0.723694
-9.799632 11.351252 -0.723694
-8.336066 8.478854 -0.723694
-6.056499 6.199286 -0.723694
-3.184102 4.735721 -0.723694
-0.000002 4.231421 -0.723694
3.184100 4.735722 -0.723694
6.056498 6.199286 -0.723694
8.336064 8.478854 -0.723694
9.799630 11.351252 -0.723694
10.303931 14.535356 -0.723694
9.324599 17.565107 -0.312416
7.931982 20.298264 -0.312416
5.762913 22.467333 -0.312416
3.029755 23.859951 -0.312416
0.000000 24.339806 -0.312416
-3.029754 23.859951 -0.312416
-5.762912 22.467333 -0.312416
-7.931980 20.298264 -0.312416
-9.324598 17.565105 -0.312416
-9.804454 14.535352 -0.312416
-9.324596 11.505598 -0.312416
-7.931980 8.772441 -0.312416
-5.762912 6.603373 -0.312416
-3.029754 5.210756 -0.312416
-0.000002 4.730899 -0.312416
3.029752 5.210756 -0.312416
5.762910 6.603374 -0.312416
7.931977 8.772441 -0.312416
9.324595 11.505601 -0.312416
9.804453 14.535356 -0.312416
8.357574 17.250902 -0.193536
7.109382 19.700613 -0.193536
5.165259 21.644735 -0.193536
2.715549 22.892927 -0.193536
0.000000 23.323017 -0.193536
-2.715549 22.892927 -0.193536
-5.165258 21.644732 -0.193536
-7.109380 19.700613 -0.193536
-8.357574 17.250898 -0.193536
-8.787664 14.535352 -0.193536
-8.357573 11.819803 -0.193536
-7.109380 9.370093 -0.193536
-5.165259 7.425972 -0.193536
-2.715549 6.177779 -0.193536
-0.000002 5.747689 -0.193536
2.715547 6.177779 -0.193536
5.165258 7.425973 -0.193536
7.109378 9.370093 -0.193536
8.357572 11.819805 -0.193536
8.787663 14.535356 -0.193536
3.017371 15.515761 -0.193536
2.566744 16.400200 -0.193536
1.864847 17.102100 -0.193536
0.980409 17.552740 -0.193536
0.000000 17.708012 -0.193536
-0.980410 17.552740 -0.193536
-1.864848 17.102098 -0.193536
-2.566744 16.400200 -0.193536
-3.017372 15.515761 -0.193536
-3.172653 14.535354 -0.193536
-3.017372 13.554943 -0.193536
-2.566744 12.670506 -0.193536
-1.864848 11.968607 -0.193536
-0.980410 11.517965 -0.193536
-0.000001 11.362696 -0.193536
0.980409 11.517965 -0.193536
1.864846 11.968607 -0.193536
2.566743 12.670506 -0.193536
3.017371 13.554945 -0.193536
3.172652 14.535354 -0.193536
3.813433 15.774419 -0.193536
3.243913 16.892191 -0.193536
2.356838 17.779268 -0.193536
1.239066 18.348799 -0.193536
0.000000 18.545036 -0.193536
-1.239066 18.348799 -0.193536
-2.356839 17.779268 -0.193536
-3.243913 16.892191 -0.193536
-3.813434 15.774418 -0.193536
-4.009679 14.535354 -0.193536
-3.813434 13.296287 -0.193536
-3.243913 12.178514 -0.193536
-2.356838 11.291438 -0.193536
-1.239066 10.721907 -0.193536
-0.000001 10.525668 -0.193536
1.239065 10.721907 -0.193536
2.356837 11.291438 -0.193536
3.243912 12.178514 -0.193536
3.813433 13.296287 -0.193536
4.009679 14.535354 -0.193536
2.878774 15.470730 -0.213263
2.448845 16.314543 -0.213263
1.779189 16.984201 -0.213263
0.935376 17.414145 -0.213263
0.000000 17.562279 -0.213263
-0.935377 17.414145 -0.213263
-1.779189 16.984201 -0.213263
-2.448845 16.314543 -0.213263
-2.878775 15.470730 -0.213263
-3.026922 14.535354 -0.213263
-2.878775 13.599977 -0.213263
-2.448846 12.756165 -0.213263
-1.779189 12.086506 -0.213263
-0.935377 11.656564 -0.213263
-0.000001 11.508425 -0.213263
0.935375 11.656564 -0.213263
1.779188 12.086506 -0.213263
2.448844 12.756165 -0.213263
2.878774 13.599977 -0.213263
3.026922 14.535354 -0.213263
2.941806 15.491210 -0.222842
2.502463 16.353497 -0.222842
1.818145 17.037819 -0.222842
0.955856 17.477175 -0.222842
0.000000 17.628555 -0.222842
-0.955857 17.477175 -0.222842
-1.818145 17.037819 -0.222842
-2.502464 16.353498 -0.222842
-2.941806 15.491208 -0.222842
-3.093198 14.535354 -0.222842
-2.941806 13.579496 -0.222842
-2.502464 12.717208 -0.222842
-1.818145 12.032887 -0.222842
-0.955857 11.593531 -0.222842
-0.000001 11.442150 -0.222842
0.955856 11.593531 -0.222842
1.818144 12.032887 -0.222842
2.502462 12.717208 -0.222842
2.941805 13.579497 -0.222842
3.093197 14.535354 -0.222842
2.766709 15.434318 -0.089499
2.353517 16.245283 -0.089499
1.709929 16.888872 -0.089499
0.898964 17.302076 -0.089499
0.000000 17.444448 -0.089499
-0.898965 17.302076 -0.089499
-1.709930 16.888872 -0.089499
-2.353518 16.245283 -0.089499
-2.766710 15.434318 -0.089499
-2.909091 14.535354 -0.089499
-2.766710 13.636390 -0.089499
-2.353517 12.825423 -0.089499
-1.709930 12.181833 -0.089499
-0.898965 11.768629 -0.089499
-0.000001 11.626257 -0.089499
0.898963 11.768629 -0.089499
1.709928 12.181833 -0.089499
2.353516 12.825423 -0.089499
2.766709 13.636390 -0.089499
2.909090 14.535354 -0.089499
13.735058 18.998148 -1.000000
12.914354 18.731485 -1.000000
11.683738 23.024080 -1.000000
10.985602 22.516853 -1.000000
8.488727 26.219090 -1.000000
7.981502 25.520956 -1.000000
4.462795 28.270412 -1.000000
4.196132 27.449705 -1.000000
0.000000 28.977232 -1.000000
0.000000 28.114292 -1.000000
-4.462795 28.270409 -1.000000
-4.196132 27.449705 -1.000000
-8.488725 26.219088 -1.000000
-7.981501 25.520952 -1.000000
-11.683734 23.024076 -1.000000
-10.985600 22.516853 -1.000000
-13.735056 18.998148 -1.000000
-12.914351 18.731483 -1.000000
-14.441878 14.535352 -1.000000
-13.578939 14.535352 -1.000000
-13.735056 10.072556 -1.000000
-12.914351 10.339220 -1.000000
-11.683734 6.046628 -1.000000
-10.985600 6.553851 -1.000000
-8.488725 2.851618 -1.000000
-7.981502 3.549752 -1.000000
-4.462795 0.800296 -1.000000
-4.196132 1.621002 -1.000000
-0.000001 0.093474 -1.000000
-0.000001 0.956413 -1.000000
4.462793 0.800296 -1.000000
4.196130 1.621002 -1.000000
8.488723 2.851618 -1.000000
7.981498 3.549752 -1.000000
11.683733 6.046628 -1.000000
10.985600 6.553851 -1.000000
13.735053 10.072559 -1.000000
12.914349 10.339222 -1.000000
14.441880 14.535354 -1.000000
13.578939 14.535354 -1.000000
12.657078 18.647892 -0.852317
10.766751 22.357847 -0.852317
7.822496 25.302103 -0.852317
4.112539 27.192430 -0.852317
0.000000 27.843777 -0.852317
-4.112539 27.192430 -0.852317
-7.822495 25.302103 -0.852317
-10.766749 22.357847 -0.852317
-12.657076 18.647890 -0.852317
-13.308424 14.535352 -0.852317
-12.657076 10.422813 -0.852317
-10.766750 6.712857 -0.852317
-7.822496 3.768603 -0.852317
-4.112539 1.878276 -0.852317
-0.000001 1.226930 -0.852317
4.112535 1.878280 -0.852317
7.822493 3.768603 -0.852317
10.766749 6.712857 -0.852317
12.657072 10.422816 -0.852317
13.308422 14.535354 -0.852317
12.281363 18.525816 -0.852317
10.447150 22.125647 -0.852317
7.590293 24.982502 -0.852317
3.990463 26.816715 -0.852317
0.000000 27.448729 -0.852317
-3.990463 26.816715 -0.852317
-7.590292 24.982502 -0.852317
-10.447150 22.125647 -0.852317
-12.281363 18.525816 -0.852317
-12.913375 14.535352 -0.852317
-12.281362 10.544889 -0.852317
-10.447150 6.945060 -0.852317
-7.590292 4.088202 -0.852317
-3.990463 2.253990 -0.852317
-0.000001 1.621979 -0.852317
3.990460 2.253993 -0.852317
7.590291 4.088202 -0.852317
10.447147 6.945060 -0.852317
12.281359 10.544892 -0.852317
12.913374 14.535354 -0.852317
12.706471 18.663940 -0.926158
10.808771 22.388378 -0.926158
7.853024 25.344120 -0.926158
4.128589 27.241823 -0.926158
0.000000 27.895714 -0.926158
-4.128587 27.241823 -0.926158
-7.853023 25.344120 -0.926158
-10.808768 22.388374 -0.926158
-12.706470 18.663939 -0.926158
-13.360361 14.535352 -0.926158
-12.706470 10.406765 -0.926158
-10.808768 6.682329 -0.926158
-7.853023 3.726584 -0.926158
-4.128587 1.828882 -0.926158
-0.000001 1.174991 -0.926158
4.128585 1.828885 -0.926158
7.853022 3.726585 -0.926158
10.808765 6.682329 -0.926158
12.706469 10.406767 -0.926158
13.360361 14.535354 -0.926158
13.942942 19.065691 0.811844
13.942942 19.065691 -0.811844
14.660459 14.535352 -0.811844
14.660459 14.535352 0.811844
13.942934 10.005013 -0.811844
13.942936 10.005015 0.811844
11.860568 5.918148 -0.811844
11.860568 5.918148 0.811844
8.617202 2.674782 -0.811844
8.617202 2.674783 0.811844
4.530338 0.592415 -0.811844
4.530338 0.592415 0.811844
-0.000001 -0.125107 -0.811844
-0.000001 -0.125107 0.811844
-4.530340 0.592413 -0.811844
-4.530340 0.592413 0.811844
-8.617205 2.674781 -0.811844
-8.617205 2.674782 0.811844
-11.860571 5.918148 -0.811844
-11.860571 5.918149 0.811844
-13.942941 10.005013 -0.811844
-13.942941 10.005013 0.811844
-14.660459 14.535352 -0.811844
-14.660459 14.535352 0.811844
-13.942939 19.065691 -0.811844
-13.942939 19.065693 0.811844
-11.860571 23.152555 -0.811844
-11.860571 23.152555 0.811844
-8.617205 26.395922 -0.811844
-8.617205 26.395922 0.811844
-4.530340 28.478294 -0.811844
-4.530340 28.478294 0.811844
0.000000 29.195810 -0.811844
0.000000 29.195810 0.811844
4.530340 28.478294 -0.811844
4.530340 28.478294 0.811844
8.617205 26.395924 -0.811844
8.617205 26.395924 0.811844
11.860572 23.152557 -0.811844
11.860572 23.152557 0.811844
13.734549 18.997984 1.000000
11.683304 23.023766 1.000000
8.488413 26.218655 1.000000
4.462629 28.269901 1.000000
0.000000 28.976694 1.000000
-4.462629 28.269901 1.000000
-8.488411 26.218655 1.000000
-11.683302 23.023762 1.000000
-13.734547 18.997982 1.000000
-14.441341 14.535352 1.000000
-13.734545 10.072722 1.000000
-11.683302 6.046941 1.000000
-8.488410 2.852051 1.000000
-4.462629 0.800806 1.000000
-0.000001 0.094012 1.000000
4.462627 0.800807 1.000000
8.488407 2.852051 1.000000
11.683300 6.046942 1.000000
13.734545 10.072724 1.000000
14.441341 14.535352 1.000000
12.162930 18.487331 1.000000
10.346405 22.052450 1.000000
0.000000 14.535352 1.000000
7.517099 24.881756 1.000000
3.951980 26.698284 1.000000
0.000000 27.324202 1.000000
-3.951979 26.698284 1.000000
-7.517098 24.881756 1.000000
-10.346402 22.052450 1.000000
-12.162929 18.487331 1.000000
-12.788847 14.535352 1.000000
-12.162929 10.583373 1.000000
-10.346404 7.018254 1.000000
-7.517098 4.188950 1.000000
-3.951979 2.372423 1.000000
0.000000 1.746506 1.000000
3.951977 2.372427 1.000000
7.517096 4.188948 1.000000
10.346402 7.018254 1.000000
12.162926 10.583375 1.000000
12.788847 14.535352 1.000000
-13.942941 19.065691 0.460913
-14.660459 14.535352 0.460913
-13.942939 10.005013 0.460913
-11.860571 5.918148 0.460913
-8.617205 2.674782 0.460913
-4.530340 0.592413 0.460913
-0.000001 -0.125107 0.460913
4.530338 0.592416 0.460913
8.617202 2.674783 0.460913
11.860568 5.918148 0.460913
13.942934 10.005015 0.460913
14.660459 14.535352 0.460913
13.942942 19.065693 0.460913
11.860572 23.152555 0.460913
8.617206 26.395924 0.460913
4.530340 28.478294 0.460913
0.000000 29.195810 0.460913
-4.530340 28.478291 0.460913
-8.617205 26.395924 0.460913
-11.860571 23.152555 0.460913
-13.942941 19.065691 -0.460913
-14.660459 14.535352 -0.460913
-13.942939 10.005012 -0.460913
-11.860571 5.918148 -0.460913
-8.617205 2.674782 -0.460913
-4.530340 0.592412 -0.460913
-0.000001 -0.125107 -0.460913
4.530338 0.592416 -0.460913
8.617202 2.674782 -0.460913
11.860568 5.918149 -0.460913
13.942934 10.005015 -0.460913
14.660459 14.535352 -0.460913
13.942942 19.065693 -0.460913
11.860572 23.152555 -0.460913
8.617206 26.395924 -0.460913
4.530340 28.478294 -0.460913
0.000000 29.195810 -0.460913
-4.530340 28.478291 -0.460913
-8.617205 26.395922 -0.460913
-11.860571 23.152555 -0.460913
3.059240 14.535354 -0.242113
2.909510 15.480717 -0.242113
2.474991 16.333538 -0.242113
1.798185 17.010347 -0.242113
0.945363 17.444880 -0.242113
0.000000 17.594599 -0.242113
-0.945363 17.444880 -0.242113
-1.798185 17.010347 -0.242113
-2.474991 16.333538 -0.242113
-2.909511 15.480717 -0.242113
-3.059240 14.535354 -0.242113
-2.909511 13.589991 -0.242113
-2.474991 12.737167 -0.242113
-1.798185 12.060359 -0.242113
-0.945364 11.625828 -0.242113
-0.000001 11.476107 -0.242113
0.945362 11.625828 -0.242113
1.798184 12.060359 -0.242113
2.474990 12.737167 -0.242113
2.909510 13.589991 -0.242113
2.436806 15.327125 -0.069123
2.072883 16.041389 -0.069123
0.000000 14.535354 -0.069123
1.506037 16.608238 -0.069123
0.791771 16.972174 -0.069123
0.000000 17.097567 -0.069123
-0.791772 16.972172 -0.069123
-1.506037 16.608238 -0.069123
-2.072883 16.041389 -0.069123
-2.436807 15.327125 -0.069123
-2.562210 14.535354 -0.069123
-2.436807 13.743582 -0.069123
-2.072883 13.029316 -0.069123
-1.506037 12.462467 -0.069123
-0.791772 12.098533 -0.069123
-0.000001 11.973139 -0.069123
0.791771 12.098533 -0.069123
1.506036 12.462467 -0.069123
2.072882 13.029316 -0.069123
2.436806 13.743583 -0.069123
2.562209 14.535354 -0.069123
0.416070 11.796249 -0.169336
0.353930 11.796249 -0.259740
0.257145 11.796249 -0.331485
0.135189 11.796249 -0.377547
0.000000 11.796249 -0.393420
-0.135189 11.796249 -0.377547
-0.257145 11.796249 -0.331485
-0.353930 11.796249 -0.259740
-0.416069 11.796249 -0.169336
-0.433945 11.795535 -0.069123
0.433944 11.795535 -0.069123
0.805274 11.897151 -0.263079
0.685007 11.897151 -0.438049
0.497687 11.897151 -0.576906
0.261649 11.897151 -0.666057
0.000000 11.897151 -0.696777
-0.261649 11.897151 -0.666057
-0.497687 11.897151 -0.576906
-0.685007 11.897151 -0.438049
-0.805274 11.897151 -0.263079
-0.857204 11.897151 -0.069123
0.857204 11.897151 -0.069123
1.183064 12.063727 -0.354072
1.006374 12.063728 -0.611128
0.731174 12.063728 -0.815129
0.384401 12.063728 -0.946105
0.000000 12.063728 -0.991237
-0.384401 12.063728 -0.946105
-0.731174 12.063728 -0.815129
-1.006374 12.063728 -0.611128
-1.183064 12.063728 -0.354072
-1.259356 12.063728 -0.069123
1.259356 12.063728 -0.069123
1.531723 12.291164 -0.438049
1.302961 12.291164 -0.770861
0.946657 12.291164 -1.034983
0.497687 12.291164 -1.204559
0.000000 12.291164 -1.262991
-0.497687 12.291164 -1.204559
-0.946656 12.291164 -1.034982
-1.302961 12.291164 -0.770861
-1.531722 12.291164 -0.438049
-1.630498 12.291164 -0.069123
1.630498 12.291164 -0.069123
1.842665 12.573860 -0.512941
1.567465 12.573860 -0.913316
1.138830 12.573860 -1.231054
0.598718 12.573860 -1.435055
0.000000 12.573860 -1.505349
-0.598718 12.573860 -1.435055
-1.138829 12.573860 -1.231054
-1.567464 12.573860 -0.913315
-1.842665 12.573860 -0.512941
-1.961493 12.573860 -0.069123
1.961492 12.573860 -0.069123
2.108235 12.904855 -0.576906
1.793372 12.904855 -1.034983
1.302961 12.904855 -1.398515
0.685007 12.904855 -1.631917
0.000000 12.904855 -1.712342
-0.685007 12.904855 -1.631917
-1.302961 12.904855 -1.398514
-1.793372 12.904855 -1.034982
-2.108235 12.904855 -0.576905
-2.244189 12.904855 -0.069123
2.244188 12.904855 -0.069123
2.321893 13.275997 -0.628367
1.975121 13.275997 -1.132867
1.435009 13.275997 -1.533241
0.754429 13.275997 -1.790298
0.000000 13.275997 -1.878873
-0.754429 13.275997 -1.790298
-1.435009 13.275997 -1.533241
-1.975120 13.275997 -1.132867
-2.321893 13.275997 -0.628367
-2.471625 13.275997 -0.069123
2.471624 13.275997 -0.069123
2.478379 13.678148 -0.666057
2.108235 13.678148 -1.204559
1.531723 13.678148 -1.631917
0.805274 13.678148 -1.906297
0.000000 13.678148 -2.000842
-0.805274 13.678148 -1.906297
-1.531722 13.678148 -1.631917
-2.108235 13.678148 -1.204559
-2.478379 13.678148 -0.666057
-2.638202 13.678148 -0.069123
2.638201 13.678148 -0.069123
2.573839 14.101408 -0.689049
2.189438 14.101408 -1.248293
1.590720 14.101408 -1.692111
0.836291 14.101408 -1.977060
0.000000 14.101408 -2.075246
-0.836291 14.101408 -1.977059
-1.590720 14.101408 -1.692111
-2.189437 14.101408 -1.248292
-2.573838 14.101408 -0.689049
-2.739817 14.101408 -0.069123
2.739817 14.101408 -0.069123
2.605922 14.535352 -0.696777
2.216730 14.535352 -1.262991
1.610548 14.535352 -1.712342
0.846715 14.535352 -2.000842
0.000000 14.535352 -2.100253
-0.846715 14.535352 -2.000842
-1.610548 14.535352 -1.712341
-2.216729 14.535352 -1.262991
-2.605921 14.535352 -0.696777
-2.773970 14.535352 -0.069123
2.773969 14.535352 -0.069123
2.573839 14.969296 -0.689049
2.189438 14.969296 -1.248293
1.590720 14.969296 -1.692111
0.836291 14.969296 -1.977059
0.000000 14.969296 -2.075246
-0.836291 14.969296 -1.977059
-1.590720 14.969296 -1.692111
-2.189437 14.969296 -1.248292
-2.573838 14.969296 -0.689049
-2.739817 14.969296 -0.069123
2.739817 14.969296 -0.069123
2.478379 15.392556 -0.666057
2.108235 15.392556 -1.204559
1.531723 15.392556 -1.631917
0.805274 15.392556 -1.906297
0.000000 15.392556 -2.000842
-0.805274 15.392556 -1.906297
-1.531722 15.392556 -1.631917
-2.108235 15.392556 -1.204559
-2.478379 15.392556 -0.666057
-2.638202 15.392556 -0.069123
2.638201 15.392556 -0.069123
2.321893 15.794707 -0.628367
1.975121 15.794707 -1.132867
1.435009 15.794707 -1.533241
0.754429 15.794707 -1.790298
0.000000 15.794707 -1.878873
-0.754429 15.794707 -1.790298
-1.435009 15.794707 -1.533241
-1.975120 15.794707 -1.132867
-2.321893 15.794707 -0.628367
-2.471625 15.794707 -0.069123
2.471624 15.794707 -0.069123
2.108235 16.165850 -0.576906
1.793372 16.165850 -1.034983
1.302961 16.165850 -1.398515
0.685007 16.165850 -1.631917
0.000000 16.165850 -1.712342
-0.685007 16.165850 -1.631917
-1.302961 16.165850 -1.398514
-1.793371 16.165850 -1.034982
-2.108235 16.165850 -0.576905
-2.244189 16.165850 -0.069123
2.244188 16.165850 -0.069123
1.842665 16.496843 -0.512941
1.567465 16.496843 -0.913316
1.138830 16.496843 -1.231054
0.598718 16.496843 -1.435055
0.000000 16.496843 -1.505349
-0.598718 16.496843 -1.435055
-1.138830 16.496843 -1.231054
-1.567464 16.496843 -0.913315
-1.842665 16.496843 -0.512941
-1.961493 16.496843 -0.069123
1.961492 16.496843 -0.069123
1.531723 16.779539 -0.438049
1.302961 16.779539 -0.770861
0.946657 16.779539 -1.034983
0.497687 16.779539 -1.204559
0.000000 16.779539 -1.262991
-0.497687 16.779539 -1.204559
-0.946656 16.779539 -1.034982
-1.302961 16.779539 -0.770861
-1.531722 16.779539 -0.438049
-1.630498 16.779539 -0.069123
1.630498 16.779539 -0.069123
1.183064 17.006975 -0.354072
1.006374 17.006977 -0.611128
0.731174 17.006977 -0.815129
0.384401 17.006977 -0.946105
0.000000 17.006977 -0.991237
-0.384401 17.006977 -0.946105
-0.731174 17.006977 -0.815129
-1.006374 17.006977 -0.611128
-1.183064 17.006977 -0.354072
-1.259356 17.006975 -0.069123
1.259356 17.006975 -0.069123
0.805274 17.173552 -0.263079
0.685007 17.173552 -0.438049
0.497687 17.173552 -0.576906
0.261649 17.173552 -0.666057
0.000000 17.173552 -0.696777
-0.261649 17.173552 -0.666057
-0.497687 17.173552 -0.576906
-0.685007 17.173552 -0.438049
-0.805274 17.173552 -0.263079
-0.857204 17.173552 -0.069123
0.857204 17.173552 -0.069123
0.416070 17.274456 -0.169336
0.353930 17.274456 -0.259740
0.257145 17.274456 -0.331485
0.135189 17.274456 -0.377548
0.000000 17.274456 -0.393420
-0.135189 17.274456 -0.377547
-0.257145 17.274456 -0.331485
-0.353930 17.274456 -0.259740
-0.416069 17.274456 -0.169336
-0.433945 17.275167 -0.069123
0.433944 17.275167 -0.069123
0.000000 11.761384 -0.069123
0.000000 17.309320 -0.069123
0.000000 17.295389 -0.276060
-0.086266 17.295389 -0.265932
-0.164087 17.295389 -0.236539
-0.225846 17.295389 -0.190758
-0.265498 17.295389 -0.133070
-0.217642 17.300756 -0.069123
0.217642 17.300756 -0.069123
11.205156 20.244663 1.000000
8.802282 17.395390 1.000000
7.487669 19.975462 1.000000
8.892457 23.427809 1.000000
5.440109 22.023022 1.000000
5.709311 25.740507 1.000000
2.860037 23.337633 1.000000
1.967298 26.956356 1.000000
0.000000 23.790615 1.000000
-1.967298 26.956356 1.000000
-2.860037 23.337633 1.000000
-5.709311 25.740507 1.000000
-5.440109 22.023022 1.000000
-8.892456 23.427809 1.000000
-7.487668 19.975462 1.000000
-11.205153 20.244663 1.000000
-8.802281 17.395388 1.000000
-12.421000 16.502649 1.000000
-9.255262 14.535352 1.000000
-12.421000 12.568054 1.000000
-8.802281 11.675315 1.000000
-11.205153 8.826041 1.000000
-7.487668 9.095243 1.000000
-8.892456 5.642896 1.000000
-5.440109 7.047684 1.000000
-5.709311 3.330199 1.000000
-2.860037 5.733071 1.000000
-1.967298 2.114352 1.000000
0.000000 5.280092 1.000000
1.967297 2.114352 1.000000
2.860035 5.733071 1.000000
5.709309 3.330199 1.000000
5.440107 7.047685 1.000000
8.892453 5.642896 1.000000
7.487667 9.095244 1.000000
11.205153 8.826043 1.000000
8.802279 11.675317 1.000000
12.421000 12.568055 1.000000
9.255262 14.535352 1.000000
12.421002 16.502649 1.000000
11.913260 20.605459 -0.990770
10.808768 22.388378 -0.963079
12.706471 18.663940 -0.963079
11.903271 20.600370 -0.926158
9.454410 23.989763 -0.990770
7.853024 25.344120 -0.963079
9.446483 23.981834 -0.926158
6.070107 26.448610 -0.990770
4.128589 27.241823 -0.963079
6.065018 26.438622 -0.926158
2.091621 27.741291 -0.990770
0.000000 27.895714 -0.963079
2.089867 27.730217 -0.926158
-2.091621 27.741291 -0.990770
-4.128589 27.241819 -0.963079
-2.089867 27.730217 -0.926158
-6.070107 26.448610 -0.990770
-7.853023 25.344120 -0.963079
-6.065017 26.438622 -0.926158
-9.454410 23.989761 -0.990770
-10.808768 22.388374 -0.963079
-9.446481 23.981833 -0.926158
-11.913259 20.605459 -0.990770
-12.706470 18.663939 -0.963079
-11.903268 20.600368 -0.926158
-13.205939 16.626974 -0.990770
-13.360361 14.535352 -0.963079
-13.194864 16.625219 -0.926158
-13.205939 12.443731 -0.990770
-12.706469 10.406765 -0.963079
-13.194864 12.445486 -0.926158
-11.913258 8.465246 -0.990770
-10.808767 6.682329 -0.963079
-11.903267 8.470336 -0.926158
-9.454410 5.080943 -0.990770
-7.853023 3.726584 -0.963079
-9.446481 5.088871 -0.926158
-6.070107 2.622094 -0.990770
-4.128587 1.828882 -0.963079
-6.065017 2.632085 -0.926158
-2.091622 1.329414 -0.990770
-0.000001 1.174992 -0.963079
-2.089868 1.340488 -0.926158
2.091619 1.329414 -0.990770
4.128585 1.828885 -0.963079
2.089865 1.340489 -0.926158
6.070106 2.622095 -0.990770
7.853022 3.726587 -0.963079
6.065015 2.632087 -0.926158
9.454409 5.080943 -0.990770
10.808765 6.682329 -0.963079
9.446480 5.088871 -0.926158
11.913257 8.465247 -0.990770
12.706468 10.406767 -0.963079
11.903265 8.470336 -0.926158
13.205938 12.443733 -0.990770
13.360360 14.535354 -0.963079
13.194863 12.445487 -0.926158
13.205939 16.626974 -0.990770
13.194864 16.625219 -0.926158
11.897860 20.597612 -0.861547
10.789115 22.374098 -0.852317
12.683368 18.656433 -0.852317
11.856997 20.576794 -0.852317
9.442187 23.977537 -0.861547
7.838746 25.324467 -0.852317
9.409759 23.945110 -0.852317
6.062261 26.433210 -0.861547
4.121080 27.218718 -0.852317
6.041440 26.392347 -0.852317
2.088917 27.724216 -0.861547
0.000000 27.871418 -0.852317
2.081743 27.678923 -0.852317
-2.088917 27.724216 -0.861547
-4.121080 27.218718 -0.852317
-2.081743 27.678923 -0.852317
-6.062259 26.433210 -0.861547
-7.838745 25.324465 -0.852317
-6.041440 26.392347 -0.852317
-9.442184 23.977537 -0.861547
-10.789114 22.374096 -0.852317
-9.409759 23.945110 -0.852317
-11.897858 20.597612 -0.861547
-12.683365 18.656431 -0.852317
-11.856997 20.576792 -0.852317
-13.188867 16.624269 -0.861547
-13.336066 14.535352 -0.852317
-13.143571 16.617094 -0.852317
-13.188867 12.446436 -0.861547
-12.683364 10.414271 -0.852317
-13.143571 12.453609 -0.852317
-11.897858 8.473093 -0.861547
-10.789112 6.696608 -0.852317
-11.856997 8.493913 -0.852317
-9.442184 5.093168 -0.861547
-7.838743 3.746238 -0.852317
-9.409759 5.125593 -0.852317
-6.062259 2.637495 -0.861547
-4.121080 1.851987 -0.852317
-6.041440 2.678356 -0.852317
-2.088917 1.346486 -0.861547
-0.000001 1.199287 -0.852317
-2.081743 1.391782 -0.852317
2.088915 1.346487 -0.861547
4.121078 1.851989 -0.852317
2.081741 1.391783 -0.852317
6.062257 2.637497 -0.861547
7.838742 3.746240 -0.852317
6.041436 2.678358 -0.852317
9.442183 5.093168 -0.861547
10.789112 6.696609 -0.852317
9.409757 5.125594 -0.852317
11.897856 8.473094 -0.861547
12.683363 10.414274 -0.852317
11.856994 8.493915 -0.852317
13.188865 12.446437 -0.861547
13.336066 14.535354 -0.852317
13.143569 12.453611 -0.852317
13.188868 16.624269 -0.861547
13.143572 16.617096 -0.852317
9.322637 19.285473 -0.843340
8.427163 20.658035 -0.816410
9.906722 17.754250 -0.816410
9.180181 19.212887 -0.723694
7.398480 21.933830 -0.843340
6.122684 22.962515 -0.816410
7.285426 21.820778 -0.723694
4.750120 23.857988 -0.843340
3.218898 24.442074 -0.816410
4.677535 23.715532 -0.723694
1.636786 24.869564 -0.843340
0.000000 24.951885 -0.816410
1.611775 24.711651 -0.723694
-1.636785 24.869564 -0.843340
-3.218897 24.442074 -0.816410
-1.611774 24.711651 -0.723694
-4.750119 23.857988 -0.843340
-6.122684 22.962513 -0.816410
-4.677534 23.715532 -0.723694
-7.398478 21.933830 -0.843340
-8.427161 20.658035 -0.816410
-7.285424 21.820776 -0.723694
-9.322635 19.285471 -0.843340
-9.906720 17.754248 -0.816410
-9.180179 19.212887 -0.723694
-10.334210 16.172136 -0.843340
-10.416533 14.535352 -0.816410
-10.176297 16.147125 -0.723694
-10.334210 12.898568 -0.843340
-9.906720 11.316456 -0.816410
-10.176297 12.923578 -0.723694
-9.322635 9.785233 -0.843340
-8.427161 8.412669 -0.816410
-9.180179 9.857818 -0.723694
-7.398478 7.136874 -0.843340
-6.122684 6.108191 -0.816410
-7.285424 7.249928 -0.723694
-4.750119 5.212717 -0.843340
-3.218897 4.628632 -0.816410
-4.677534 5.355173 -0.723694
-1.636786 4.201142 -0.843340
-0.000002 4.118820 -0.816410
-1.611776 4.359056 -0.723694
1.636783 4.201144 -0.843340
3.218895 4.628634 -0.816410
1.611773 4.359057 -0.723694
4.750117 5.212719 -0.843340
6.122682 6.108192 -0.816410
4.677532 5.355175 -0.723694
7.398478 7.136874 -0.843340
8.427159 8.412669 -0.816410
7.285424 7.249928 -0.723694
9.322633 9.785235 -0.843340
9.906718 11.316458 -0.816410
9.180177 9.857820 -0.723694
10.334208 12.898569 -0.843340
10.416533 14.535356 -0.816410
10.176295 12.923580 -0.723694
10.334211 16.172140 -0.843340
10.176297 16.147129 -0.723694
8.604697 18.919662 -0.201121
7.778653 20.186865 -0.193536
9.144351 17.506540 -0.193536
7.829278 18.524569 -0.193536
6.828720 21.364071 -0.201121
5.651513 22.314003 -0.193536
6.213346 20.748699 -0.193536
4.384311 23.140047 -0.201121
2.971189 23.679701 -0.193536
3.989216 22.364632 -0.193536
1.510737 24.073719 -0.201121
0.000000 24.150280 -0.193536
1.374596 23.214165 -0.193536
-1.510737 24.073719 -0.201121
-2.971188 23.679699 -0.193536
-1.374596 23.214165 -0.193536
-4.384310 23.140047 -0.201121
-5.651512 22.314003 -0.193536
-3.989215 22.364630 -0.193536
-6.828717 21.364071 -0.201121
-7.778650 20.186865 -0.193536
-6.213345 20.748697 -0.193536
-8.604693 18.919661 -0.201121
-9.144347 17.506540 -0.193536
-7.829277 18.524567 -0.193536
-9.538367 16.046089 -0.201121
-9.614927 14.535352 -0.193536
-8.678809 15.909947 -0.193536
-9.538367 13.024614 -0.201121
-9.144347 11.564164 -0.193536
-8.678809 13.160757 -0.193536
-8.604693 10.151042 -0.201121
-7.778650 8.883841 -0.193536
-7.829277 10.546138 -0.193536
-6.828717 7.706635 -0.201121
-5.651512 6.756702 -0.193536
-6.213345 8.322007 -0.193536
-4.384310 5.930658 -0.201121
-2.971188 5.391005 -0.193536
-3.989215 6.706075 -0.193536
-1.510738 4.996987 -0.201121
-0.000002 4.920426 -0.193536
-1.374597 5.856543 -0.193536
1.510735 4.996987 -0.201121
2.971186 5.391006 -0.193536
1.374594 5.856543 -0.193536
4.384309 5.930660 -0.201121
5.651511 6.756703 -0.193536
3.989214 6.706076 -0.193536
6.828716 7.706635 -0.201121
7.778648 8.883841 -0.193536
6.213344 8.322007 -0.193536
8.604692 10.151043 -0.201121
9.144347 11.564166 -0.193536
7.829274 10.546139 -0.193536
9.538365 13.024618 -0.201121
9.614926 14.535356 -0.193536
8.678809 13.160760 -0.193536
9.538367 16.046091 -0.201121
8.678809 15.909951 -0.193536
2.785678 15.954731 -0.197462
2.514416 16.362181 -0.209240
2.955857 15.495775 -0.209240
2.755855 15.939534 -0.222842
2.210734 16.746086 -0.197462
1.826829 17.049772 -0.209240
2.187066 16.722418 -0.222842
1.419377 17.321043 -0.197462
0.960422 17.491224 -0.209240
1.404181 17.291220 -0.222842
0.489085 17.623302 -0.197462
0.000000 17.643330 -0.209240
0.483849 17.590242 -0.222842
-0.489085 17.623302 -0.197462
-0.960423 17.491224 -0.209240
-0.483849 17.590242 -0.222842
-1.419378 17.321043 -0.197462
-1.826829 17.049772 -0.209240
-1.404182 17.291220 -0.222842
-2.210734 16.746086 -0.197462
-2.514417 16.362181 -0.209240
-2.187066 16.722418 -0.222842
-2.785679 15.954731 -0.197462
-2.955858 15.495775 -0.209240
-2.755856 15.939534 -0.222842
-3.087939 15.024438 -0.197462
-3.107973 14.535354 -0.209240
-3.054880 15.019202 -0.222842
-3.087939 14.046268 -0.197462
-2.955858 13.574932 -0.209240
-3.054880 14.051504 -0.222842
-2.785679 13.115976 -0.197462
-2.514417 12.708525 -0.209240
-2.755856 13.131171 -0.222842
-2.210734 12.324619 -0.197462
-1.826829 12.020933 -0.209240
-2.187066 12.348288 -0.222842
-1.419378 11.749664 -0.197462
-0.960423 11.579481 -0.209240
-1.404182 11.779488 -0.222842
-0.489086 11.447405 -0.197462
-0.000001 11.427377 -0.209240
-0.483850 11.480463 -0.222842
0.489084 11.447405 -0.197462
0.960421 11.579479 -0.209240
0.483848 11.480463 -0.222842
1.419377 11.749664 -0.197462
1.826828 12.020933 -0.209240
1.404181 11.779488 -0.222842
2.210733 12.324619 -0.197462
2.514416 12.708525 -0.209240
2.187065 12.348288 -0.222842
2.785677 13.115976 -0.197462
2.955857 13.574932 -0.209240
2.755855 13.131171 -0.222842
3.087938 14.046268 -0.197462
3.107972 14.535354 -0.209240
3.054879 14.051505 -0.222842
3.087938 15.024438 -0.197462
3.054879 15.019202 -0.222842
-0.481014 11.498365 -0.238294
-0.000001 11.468194 -0.241870
-0.947809 11.618300 -0.241870
-0.478538 11.513999 -0.242113
0.481012 11.498365 -0.238294
0.947808 11.618300 -0.241870
0.478536 11.513999 -0.242113
1.395952 11.795637 -0.238294
1.802836 12.053957 -0.241870
1.388766 11.809741 -0.242113
2.174248 12.361105 -0.238294
2.481393 12.732516 -0.241870
2.163055 12.372297 -0.242113
2.739704 13.139400 -0.238294
2.917036 13.587545 -0.241870
2.725600 13.146585 -0.242113
3.036976 14.054340 -0.238294
3.067154 14.535354 -0.241870
3.021342 14.056817 -0.242113
3.036976 15.016367 -0.238294
2.917037 15.483163 -0.241870
3.021342 15.013890 -0.242113
2.739705 15.931306 -0.238294
2.481394 16.338190 -0.241870
2.725601 15.924119 -0.242113
2.174249 16.709602 -0.238294
1.802837 17.016750 -0.241870
2.163056 16.698408 -0.242113
1.395953 17.275068 -0.238294
0.947808 17.452406 -0.241870
1.388766 17.260965 -0.242113
0.481013 17.572340 -0.238294
0.000000 17.602514 -0.241870
0.478537 17.556707 -0.242113
-0.481014 17.572340 -0.238294
-0.947809 17.452406 -0.241870
-0.478537 17.556707 -0.242113
-1.395953 17.275068 -0.238294
-1.802837 17.016748 -0.241870
-1.388767 17.260965 -0.242113
-2.174249 16.709602 -0.238294
-2.481394 16.338188 -0.241870
-2.163056 16.698408 -0.242113
-2.739705 15.931306 -0.238294
-2.917037 15.483161 -0.241870
-2.725602 15.924119 -0.242113
-3.036977 15.016366 -0.238294
-3.067155 14.535354 -0.241870
-3.021343 15.013890 -0.242113
-3.036977 14.054338 -0.238294
-2.917037 13.587545 -0.241870
-3.021343 14.056817 -0.242113
-2.739705 13.139400 -0.238294
-2.481394 12.732516 -0.241870
-2.725601 13.146585 -0.242113
-2.174249 12.361105 -0.238294
-1.802837 12.053957 -0.241870
-2.163056 12.372297 -0.242113
-1.395953 11.795637 -0.238294
-1.388767 11.809741 -0.242113
9.706527 19.481073 -0.852316
8.509655 20.717970 -0.852316
10.003697 17.785759 -0.852316
7.703137 22.238487 -0.852316
6.182618 23.045006 -0.852316
4.945721 24.241879 -0.852316
3.250407 24.539049 -0.852316
1.704186 25.295109 -0.852316
0.000000 25.053850 -0.852316
-1.704185 25.295107 -0.852316
-3.250406 24.539049 -0.852316
-4.945721 24.241879 -0.852316
-6.182617 23.045006 -0.852316
-7.703135 22.238487 -0.852316
-8.509654 20.717970 -0.852316
-9.706525 19.481071 -0.852316
-10.003695 17.785757 -0.852316
-10.759755 16.239538 -0.852316
-10.518497 14.535352 -0.852316
-10.759755 12.831167 -0.852316
-10.003695 11.284946 -0.852316
-9.706525 9.589633 -0.852316
-8.509654 8.352736 -0.852316
-7.703135 6.832218 -0.852316
-6.182618 6.025698 -0.852316
-4.945721 4.828827 -0.852316
-3.250406 4.531658 -0.852316
-1.704186 3.775597 -0.852316
-0.000002 4.016856 -0.852316
1.704183 3.775599 -0.852316
3.250404 4.531658 -0.852316
4.945719 4.828829 -0.852316
6.182616 6.025699 -0.852316
7.703135 6.832218 -0.852316
8.509651 8.352736 -0.852316
9.706523 9.589633 -0.852316
10.003695 11.284948 -0.852316
10.759753 12.831170 -0.852316
10.518497 14.535356 -0.852316
10.759756 16.239538 -0.852316
8.133342 20.444561 -0.517359
9.561314 17.642019 -0.517359
8.735174 18.986143 -0.312416
5.909209 22.668692 -0.517359
6.932267 21.467619 -0.312416
3.106668 24.096666 -0.517359
4.450792 23.270525 -0.312416
0.000000 24.588701 -0.517359
1.533646 24.218357 -0.312416
-3.106667 24.096663 -0.517359
-1.533645 24.218357 -0.312416
-5.909207 22.668690 -0.517359
-4.450792 23.270525 -0.312416
-8.133339 20.444561 -0.517359
-6.932266 21.467619 -0.312416
-9.561311 17.642019 -0.517359
-8.735173 18.986143 -0.312416
-10.053348 14.535352 -0.517359
-9.683004 16.068998 -0.312416
-9.561311 11.428686 -0.517359
-9.683004 13.001707 -0.312416
-8.133339 8.626143 -0.517359
-8.735173 10.084560 -0.312416
-5.909208 6.402013 -0.517359
-6.932267 7.603086 -0.312416
-3.106667 4.974041 -0.517359
-4.450792 5.800179 -0.312416
-0.000002 4.482005 -0.517359
-1.533646 4.852349 -0.312416
3.106665 4.974044 -0.517359
1.533643 4.852350 -0.312416
5.909207 6.402014 -0.517359
4.450790 5.800182 -0.312416
8.133337 8.626144 -0.517359
6.932266 7.603086 -0.312416
9.561309 11.428687 -0.517359
8.735170 10.084562 -0.312416
10.053348 14.535356 -0.517359
9.683002 13.001710 -0.312416
9.683004 16.068998 -0.312416
7.844988 20.235060 -0.223875
9.222333 17.531881 -0.223875
5.699708 22.380339 -0.223875
2.996527 23.757685 -0.223875
0.000000 24.232277 -0.223875
-2.996526 23.757683 -0.223875
-5.699708 22.380339 -0.223875
-7.844986 20.235060 -0.223875
-9.222331 17.531878 -0.223875
-9.696924 14.535352 -0.223875
-9.222331 11.538827 -0.223875
-7.844986 8.835645 -0.223875
-5.699708 6.690366 -0.223875
-2.996526 5.313021 -0.223875
-0.000002 4.838430 -0.223875
2.996524 5.313023 -0.223875
5.699707 6.690368 -0.223875
7.844984 8.835645 -0.223875
9.222329 11.538828 -0.223875
9.696921 14.535356 -0.223875
5.174625 18.294931 -0.193536
6.083125 16.511889 -0.193536
3.572385 16.355577 -0.193536
3.759579 19.709978 -0.193536
2.835066 17.370419 -0.193536
1.976535 20.618486 -0.193536
1.820224 18.107748 -0.193536
0.000000 20.931526 -0.193536
0.627208 18.495373 -0.193536
-1.976535 20.618486 -0.193536
-0.627208 18.495373 -0.193536
-3.759579 19.709976 -0.193536
-1.820224 18.107748 -0.193536
-5.174623 18.294931 -0.193536
-2.835066 17.370419 -0.193536
-6.083125 16.511887 -0.193536
-3.572385 16.355576 -0.193536
-6.396171 14.535352 -0.193536
-3.960010 15.162561 -0.193536
-6.083125 12.558818 -0.193536
-3.960010 13.908146 -0.193536
-5.174623 10.775773 -0.193536
-3.572385 12.715129 -0.193536
-3.759579 9.360728 -0.193536
-2.835066 11.700286 -0.193536
-1.976535 8.452220 -0.193536
-1.820224 10.962959 -0.193536
-0.000001 8.139179 -0.193536
-0.627209 10.575335 -0.193536
1.976533 8.452221 -0.193536
0.627207 10.575335 -0.193536
3.759578 9.360728 -0.193536
1.820223 10.962959 -0.193536
5.174623 10.775773 -0.193536
2.835065 11.700288 -0.193536
6.083123 12.558820 -0.193536
3.572384 12.715129 -0.193536
6.396171 14.535354 -0.193536
3.960009 13.908146 -0.193536
3.960009 15.162561 -0.193536
2.826644 15.975603 -0.193536
2.547326 16.386091 -0.193536
2.994545 15.508346 -0.193536
2.243245 16.778599 -0.193536
1.850739 17.082682 -0.193536
1.440250 17.362007 -0.193536
0.972992 17.529913 -0.193536
0.496277 17.668715 -0.193536
0.000000 17.684010 -0.193536
-0.496278 17.668715 -0.193536
-0.972993 17.529913 -0.193536
-1.440251 17.362007 -0.193536
-1.850740 17.082682 -0.193536
-2.243245 16.778599 -0.193536
-2.547327 16.386091 -0.193536
-2.826645 15.975603 -0.193536
-2.994545 15.508346 -0.193536
-3.133351 15.031631 -0.193536
-3.148651 14.535354 -0.193536
-3.133351 14.039076 -0.193536
-2.994545 13.562361 -0.193536
-2.826645 13.095102 -0.193536
-2.547327 12.684614 -0.193536
-2.243245 12.292109 -0.193536
-1.850740 11.988024 -0.193536
-1.440251 11.708698 -0.193536
-0.972993 11.540792 -0.193536
-0.496278 11.401992 -0.193536
-0.000001 11.386698 -0.193536
0.496277 11.401992 -0.193536
0.972992 11.540792 -0.193536
1.440250 11.708698 -0.193536
1.850739 11.988024 -0.193536
2.243244 12.292109 -0.193536
2.547325 12.684614 -0.193536
2.826644 13.095102 -0.193536
2.994545 13.562362 -0.193536
3.133350 14.039077 -0.193536
3.148650 14.535354 -0.193536
3.133350 15.031631 -0.193536
2.586779 16.414757 -0.193536
3.040925 15.523416 -0.193536
1.879404 17.122135 -0.193536
0.988062 17.576294 -0.193536
0.000000 17.732775 -0.193536
-0.988063 17.576294 -0.193536
-1.879404 17.122135 -0.193536
-2.586780 16.414757 -0.193536
-3.040926 15.523416 -0.193536
-3.197418 14.535354 -0.193536
-3.040926 13.547291 -0.193536
-2.586780 12.655950 -0.193536
-1.879404 11.948570 -0.193536
-0.988063 11.494412 -0.193536
-0.000001 11.337931 -0.193536
0.988062 11.494412 -0.193536
1.879403 11.948571 -0.193536
2.586779 12.655950 -0.193536
3.040925 13.547291 -0.193536
3.197417 14.535354 -0.193536
2.696807 15.909448 -0.213263
2.402420 16.280813 -0.150626
2.824198 15.452996 -0.150626
2.591827 15.855958 -0.089499
2.140205 16.675558 -0.213263
1.745459 16.937777 -0.150626
2.056892 16.592245 -0.089499
1.374095 17.232172 -0.213263
0.917643 17.359566 -0.150626
1.320605 17.127190 -0.089499
0.473482 17.524788 -0.213263
0.000000 17.504896 -0.150626
0.455050 17.408417 -0.089499
-0.473482 17.524788 -0.213263
-0.917644 17.359566 -0.150626
-0.455051 17.408417 -0.089499
-1.374096 17.232170 -0.213263
-1.745459 16.937775 -0.150626
-1.320606 17.127190 -0.089499
-2.140206 16.675558 -0.213263
-2.402420 16.280813 -0.150626
-2.056892 16.592245 -0.089499
-2.696808 15.909448 -0.213263
-2.824198 15.452996 -0.150626
-2.591827 15.855958 -0.089499
-2.989426 15.008836 -0.213263
-2.969538 14.535354 -0.150626
-2.873054 14.990403 -0.089499
-2.989426 14.061871 -0.213263
-2.824198 13.617710 -0.150626
-2.873054 14.080301 -0.089499
-2.696808 13.161257 -0.213263
-2.402420 12.789893 -0.150626
-2.591827 13.214748 -0.089499
-2.140206 12.395147 -0.213263
-1.745459 12.132930 -0.150626
-2.056892 12.478460 -0.089499
-1.374096 11.838534 -0.213263
-0.917644 11.711140 -0.150626
-1.320606 11.943517 -0.089499
-0.473483 11.545918 -0.213263
-0.000001 11.565810 -0.150626
-0.455051 11.662290 -0.089499
0.473481 11.545918 -0.213263
0.917643 11.711140 -0.150626
0.455050 11.662290 -0.089499
1.374095 11.838534 -0.213263
1.745458 12.132930 -0.150626
1.320604 11.943517 -0.089499
2.140205 12.395147 -0.213263
2.402419 12.789894 -0.150626
2.056891 12.478460 -0.089499
2.696807 13.161257 -0.213263
2.824197 13.617710 -0.150626
2.591826 13.214748 -0.089499
2.989425 14.061871 -0.213263
2.969537 14.535354 -0.150626
2.873053 14.080303 -0.089499
2.989425 15.008836 -0.213263
2.873053 14.990404 -0.089499
2.494206 16.347498 -0.232239
2.932098 15.488054 -0.232239
1.812145 17.029562 -0.232239
0.952702 17.467466 -0.232239
0.000000 17.618349 -0.232239
-0.952703 17.467466 -0.232239
-1.812145 17.029562 -0.232239
-2.494206 16.347498 -0.232239
-2.932099 15.488054 -0.232239
-3.082991 14.535354 -0.232239
-2.932099 13.582650 -0.232239
-2.494206 12.723207 -0.232239
-1.812145 12.041144 -0.232239
-0.952703 11.603239 -0.232239
-0.000001 11.452357 -0.232239
0.952702 11.603239 -0.232239
1.812145 12.041144 -0.232239
2.494205 12.723207 -0.232239
2.932098 13.582651 -0.232239
3.082990 14.535354 -0.232239
2.245130 15.679307 -0.069123
1.499843 15.625054 -0.069123
1.763165 15.108243 -0.069123
1.781751 16.317106 -0.069123
1.089701 16.035200 -0.069123
1.143954 16.780493 -0.069123
0.572890 16.298525 -0.069123
0.394180 17.024099 -0.069123
0.000000 16.389259 -0.069123
-0.394181 17.024099 -0.069123
-0.572890 16.298525 -0.069123
-1.143954 16.780493 -0.069123
-1.089702 16.035200 -0.069123
-1.781751 16.317104 -0.069123
-1.499844 15.625054 -0.069123
-2.245131 15.679307 -0.069123
-1.763166 15.108243 -0.069123
-2.488739 14.929532 -0.069123
-1.853900 14.535354 -0.069123
-2.488739 14.141172 -0.069123
-1.763166 13.962462 -0.069123
-2.245131 13.391399 -0.069123
-1.499844 13.445652 -0.069123
-1.781751 12.753602 -0.069123
-1.089702 13.035506 -0.069123
-1.143954 12.290215 -0.069123
-0.572891 12.772181 -0.069123
-0.394181 12.046606 -0.069123
-0.000001 12.681448 -0.069123
0.394180 12.046606 -0.069123
0.572889 12.772181 -0.069123
1.143953 12.290215 -0.069123
1.089701 13.035506 -0.069123
1.781750 12.753602 -0.069123
1.499843 13.445652 -0.069123
2.245129 13.391399 -0.069123
1.763165 13.962462 -0.069123
2.488738 14.141173 -0.069123
1.853899 14.535354 -0.069123
2.488738 14.929534 -0.069123
13.324706 18.864817 -1.000000
12.866838 21.091331 -1.000000
12.098011 20.699594 -1.000000
11.334671 22.770466 -1.000000
13.410737 16.659410 -1.000000
14.262989 16.794394 -1.000000
14.010408 14.535354 -1.000000
10.211173 24.746525 -1.000000
9.601029 24.136379 -1.000000
8.235114 25.870024 -1.000000
6.555980 27.402189 -1.000000
6.164243 26.633360 -1.000000
4.329463 27.860058 -1.000000
2.259041 28.798338 -1.000000
2.124058 27.946089 -1.000000
0.000000 28.545763 -1.000000
-2.259041 28.798338 -1.000000
-2.124058 27.946089 -1.000000
-4.329463 27.860058 -1.000000
-6.555979 27.402189 -1.000000
-6.164242 26.633360 -1.000000
-8.235114 25.870022 -1.000000
-10.211171 24.746523 -1.000000
-9.601027 24.136379 -1.000000
-11.334668 22.770466 -1.000000
-12.866835 21.091331 -1.000000
-12.098008 20.699594 -1.000000
-13.324705 18.864815 -1.000000
-14.262987 16.794394 -1.000000
-13.410737 16.659410 -1.000000
-14.010408 14.535352 -1.000000
-14.262987 12.276312 -1.000000
-13.410737 12.411294 -1.000000
-13.324705 10.205889 -1.000000
-12.866835 7.979373 -1.000000
-12.098008 8.371110 -1.000000
-11.334669 6.300239 -1.000000
-10.211171 4.324181 -1.000000
-9.601027 4.934324 -1.000000
-8.235114 3.200684 -1.000000
-6.555979 1.668518 -1.000000
-6.164242 2.437344 -1.000000
-4.329463 1.210647 -1.000000
-2.259041 0.272365 -1.000000
-2.124058 1.124615 -1.000000
-0.000001 0.524944 -1.000000
2.259039 0.272366 -1.000000
2.124056 1.124617 -1.000000
4.329462 1.210651 -1.000000
6.555976 1.668518 -1.000000
6.164240 2.437346 -1.000000
8.235110 3.200683 -1.000000
10.211169 4.324181 -1.000000
9.601027 4.934324 -1.000000
11.334667 6.300240 -1.000000
12.866835 7.979375 -1.000000
12.098006 8.371112 -1.000000
13.324701 10.205891 -1.000000
14.262986 12.276313 -1.000000
13.410737 12.411297 -1.000000
13.051586 21.185467 -0.977528
11.824286 23.126192 -1.000000
13.900283 19.051832 -1.000000
10.357791 24.893145 -0.977528
8.590840 26.359636 -1.000000
6.650115 27.586937 -0.977528
4.516479 28.435635 -1.000000
2.291477 29.003138 -0.977528
0.000000 29.150957 -1.000000
-2.291477 29.003138 -0.977528
-4.516479 28.435635 -1.000000
-6.650115 27.586937 -0.977528
-8.590838 26.359636 -1.000000
-10.357791 24.893143 -0.977528
-11.824283 23.126192 -1.000000
-13.051584 21.185467 -0.977528
-13.900280 19.051832 -1.000000
-14.467786 16.826828 -0.977528
-14.615605 14.535352 -1.000000
-14.467786 12.243876 -0.977528
-13.900280 10.018873 -1.000000
-13.051584 7.885237 -0.977528
-11.824283 5.944513 -1.000000
-10.357791 4.177562 -0.977528
-8.590838 2.711069 -1.000000
-6.650113 1.483768 -0.977528
-4.516479 0.635072 -1.000000
-2.291478 0.067569 -0.977528
-0.000001 -0.080254 -1.000000
2.291476 0.067569 -0.977528
4.516478 0.635074 -1.000000
6.650110 1.483769 -0.977528
8.590837 2.711069 -1.000000
10.357789 4.177562 -0.977528
11.824282 5.944514 -1.000000
13.051583 7.885240 -0.977528
13.900278 10.018874 -1.000000
14.615605 14.535352 -1.000000
14.467783 12.243876 -0.977528
14.467786 16.826828 -0.977528
10.845057 22.414742 -1.000000
12.749131 18.677801 -1.000000
7.879389 25.380407 -1.000000
4.142449 27.284481 -1.000000
0.000000 27.940569 -1.000000
-4.142449 27.284481 -1.000000
-7.879389 25.380405 -1.000000
-10.845055 22.414738 -1.000000
-12.749127 18.677801 -1.000000
-13.405213 14.535352 -1.000000
-12.749127 10.392903 -1.000000
-10.845055 6.655963 -1.000000
-7.879387 3.690297 -1.000000
-4.142449 1.786225 -1.000000
-0.000001 1.130141 -1.000000
4.142446 1.786227 -1.000000
7.879385 3.690297 -1.000000
10.845054 6.655965 -1.000000
12.749125 10.392905 -1.000000
13.405213 14.535354 -1.000000
10.738970 22.337664 -0.852317
12.624417 18.637280 -0.852317
11.505033 20.397459 -0.852317
7.802312 25.274321 -0.852317
9.130440 23.665791 -0.852317
4.101928 27.159771 -0.852317
5.862105 26.040386 -0.852317
0.000000 27.809435 -0.852317
2.019949 27.288769 -0.852317
-4.101928 27.159767 -0.852317
-2.019949 27.288769 -0.852317
-7.802311 25.274321 -0.852317
-5.862104 26.040386 -0.852317
-10.738968 22.337664 -0.852317
-9.130439 23.665791 -0.852317
-12.624414 18.637280 -0.852317
-11.505033 20.397457 -0.852317
-13.274082 14.535352 -0.852317
-12.753415 16.555302 -0.852317
-12.624414 10.433425 -0.852317
-12.753415 12.515403 -0.852317
-10.738968 6.733041 -0.852317
-11.505033 8.673247 -0.852317
-7.802311 3.796384 -0.852317
-9.130439 5.404914 -0.852317
-4.101926 1.910937 -0.852317
-5.862104 3.030320 -0.852317
-0.000001 1.261270 -0.852317
-2.019949 1.781937 -0.852317
4.101924 1.910939 -0.852317
2.019947 1.781938 -0.852317
7.802310 3.796384 -0.852317
5.862103 3.030321 -0.852317
10.738967 6.733041 -0.852317
9.130435 5.404914 -0.852317
12.624413 10.433428 -0.852317
11.505030 8.673248 -0.852317
13.274082 14.535354 -0.852317
12.753414 12.515406 -0.852317
12.753417 16.555302 -0.852317
9.632674 21.533892 -0.852316
11.323887 18.214714 -0.852316
6.998540 24.168026 -0.852316
3.679361 25.859240 -0.852316
0.000000 26.441978 -0.852316
-3.679361 25.859236 -0.852316
-6.998539 24.168026 -0.852316
-9.632672 21.533892 -0.852316
-11.323885 18.214712 -0.852316
-11.906627 14.535352 -0.852316
-11.323885 10.855992 -0.852316
-9.632672 7.536813 -0.852316
-6.998539 4.902680 -0.852316
-3.679361 3.211468 -0.852316
-0.000001 2.628728 -0.852316
3.679358 3.211471 -0.852316
6.998538 4.902680 -0.852316
9.632670 7.536814 -0.852316
11.323883 10.855994 -0.852316
11.906625 14.535354 -0.852316
10.808768 22.388378 -0.889237
12.706471 18.663940 -0.889237
7.853024 25.344120 -0.889237
4.128589 27.241823 -0.889237
0.000000 27.895714 -0.889237
-4.128589 27.241819 -0.889237
-7.853023 25.344120 -0.889237
-10.808768 22.388374 -0.889237
-12.706470 18.663939 -0.889237
-13.360361 14.535352 -0.889237
-12.706469 10.406765 -0.889237
-10.808767 6.682329 -0.889237
-7.853023 3.726584 -0.889237
-4.128587 1.828882 -0.889237
-0.000001 1.174992 -0.889237
4.128585 1.828885 -0.889237
7.853022 3.726587 -0.889237
10.808765 6.682329 -0.889237
12.706468 10.406767 -0.889237
13.360360 14.535354 -0.889237
13.942942 19.065693 0.696819
13.061578 21.190557 0.811844
13.061579 21.190557 0.460913
11.860572 23.152555 0.696819
14.478861 16.828583 0.460913
14.478861 16.828583 0.811844
14.660459 14.535352 0.696819
14.478858 12.242123 0.460913
14.478858 12.242123 0.811844
13.942938 10.005015 0.696819
13.061575 7.880149 0.460913
13.061575 7.880149 0.811844
11.860569 5.918149 0.696819
10.365718 4.169633 0.460913
10.365718 4.169633 0.811844
8.617202 2.674782 0.696819
6.655201 1.473778 0.460913
6.655201 1.473778 0.811844
4.530338 0.592415 0.696819
2.293230 0.056494 0.460913
2.293230 0.056494 0.811844
-0.000001 -0.125107 0.696819
-2.293231 0.056493 0.460913
-2.293231 0.056493 0.811844
-4.530340 0.592413 0.696819
-6.655204 1.473776 0.460913
-6.655204 1.473776 0.811844
-8.617205 2.674783 0.696819
-10.365719 4.169633 0.460913
-10.365719 4.169633 0.811844
-11.860571 5.918148 0.696819
-13.061576 7.880148 0.460913
-13.061576 7.880148 0.811844
-13.942939 10.005013 0.696819
-14.478860 12.242121 0.460913
-14.478860 12.242121 0.811844
-14.660459 14.535352 0.696819
-14.478860 16.828583 0.460913
-14.478860 16.828583 0.811844
-13.942939 19.065691 0.696819
-13.061576 21.190557 0.460913
-11.860569 23.152555 0.696819
-13.061576 21.190557 0.811844
-10.365719 24.901072 0.460913
-10.365719 24.901072 0.811844
-8.617205 26.395922 0.696819
-6.655204 27.596928 0.460913
-6.655204 27.596928 0.811844
-4.530340 28.478291 0.696819
-2.293231 29.014214 0.460913
-2.293231 29.014214 0.811844
0.000000 29.195810 0.696819
2.293231 29.014214 0.460913
2.293231 29.014214 0.811844
4.530340 28.478294 0.696819
6.655204 27.596928 0.460913
6.655204 27.596928 0.811844
8.617206 26.395924 0.696819
10.365721 24.901073 0.460913
10.365720 24.901073 0.811844
13.942942 19.065693 -0.910111
11.860572 23.152555 -0.910111
13.061579 21.190557 -0.811844
8.617206 26.395922 -0.910111
10.365720 24.901073 -0.811844
4.530340 28.478294 -0.910111
6.655204 27.596928 -0.811844
0.000000 29.195810 -0.910111
2.293231 29.014214 -0.811844
-4.530340 28.478291 -0.910111
-2.293231 29.014214 -0.811844
-8.617205 26.395922 -0.910111
-6.655204 27.596928 -0.811844
-11.860571 23.152555 -0.910111
-10.365719 24.901072 -0.811844
-13.942939 19.065691 -0.910111
-13.061576 21.190557 -0.811844
-14.660459 14.535352 -0.910111
-14.478860 16.828583 -0.811844
-13.942939 10.005013 -0.910111
-14.478860 12.242121 -0.811844
-11.860569 5.918148 -0.910111
-13.061576 7.880148 -0.811844
-8.617205 2.674782 -0.910111
-10.365719 4.169633 -0.811844
-4.530340 0.592413 -0.910111
-6.655204 1.473776 -0.811844
-0.000001 -0.125107 -0.910111
-2.293231 0.056493 -0.811844
4.530338 0.592415 -0.910111
2.293230 0.056494 -0.811844
8.617202 2.674783 -0.910111
6.655201 1.473778 -0.811844
11.860568 5.918148 -0.910111
10.365718 4.169633 -0.811844
13.942938 10.005015 -0.910111
13.061575 7.880149 -0.811844
14.660459 14.535352 -0.910111
14.478858 12.242123 -0.811844
14.478861 16.828583 -0.811844
14.660459 14.535352 0.910111
13.942942 19.065693 0.910111
14.451140 16.824194 0.977528
13.942938 10.005015 0.910111
14.451138 12.246512 0.977528
11.860569 5.918149 0.910111
13.036569 7.892891 0.977528
8.617202 2.674782 0.910111
10.345872 4.189478 0.977528
4.530338 0.592415 0.910111
6.642460 1.498784 0.977528
-0.000001 -0.125107 0.910111
2.288840 0.084215 0.977528
-4.530340 0.592413 0.910111
-2.288841 0.084213 0.977528
-8.617205 2.674783 0.910111
-6.642463 1.498782 0.977528
-11.860571 5.918148 0.910111
-10.345874 4.189478 0.977528
-13.942939 10.005013 0.910111
-13.036570 7.892889 0.977528
-14.660459 14.535352 0.910111
-14.451138 12.246511 0.977528
-13.942939 19.065691 0.910111
-14.451138 16.824194 0.977528
-11.860569 23.152555 0.910111
-13.036570 21.177816 0.977528
-8.617205 26.395922 0.910111
-10.345874 24.881227 0.977528
-4.530340 28.478291 0.910111
-6.642463 27.571922 0.977528
0.000000 29.195810 0.910111
-2.288841 28.986490 0.977528
4.530340 28.478294 0.910111
2.288841 28.986490 0.977528
8.617205 26.395924 0.910111
6.642463 27.571922 0.977528
11.860572 23.152557 0.910111
10.345875 24.881227 0.977528
13.036572 21.177816 0.977528
13.836167 19.030998 1.000000
11.769745 23.086567 1.000000
12.866360 21.091087 1.000000
8.551215 26.305096 1.000000
10.210794 24.746145 1.000000
4.495647 28.371519 1.000000
6.555736 27.401714 1.000000
0.000000 29.083544 1.000000
2.258957 28.797813 1.000000
-4.495647 28.371519 1.000000
-2.258957 28.797810 1.000000
-8.551214 26.305096 1.000000
-6.555736 27.401711 1.000000
-11.769743 23.086567 1.000000
-10.210792 24.746143 1.000000
-13.836165 19.030998 1.000000
-12.866357 21.091087 1.000000
-14.548191 14.535352 1.000000
-14.262458 16.794308 1.000000
-13.836164 10.039706 1.000000
-14.262458 12.276396 1.000000
-11.769742 5.984139 1.000000
-12.866357 7.979617 1.000000
-8.551214 2.765609 1.000000
-10.210792 4.324560 1.000000
-4.495647 0.699188 1.000000
-6.555736 1.668996 1.000000
-0.000001 -0.012839 1.000000
-2.258957 0.272896 1.000000
4.495645 0.699190 1.000000
2.258955 0.272896 1.000000
8.551211 2.765610 1.000000
6.555732 1.668996 1.000000
11.769742 5.984139 1.000000
10.210792 4.324560 1.000000
13.836163 10.039706 1.000000
12.866355 7.979618 1.000000
14.548191 14.535352 1.000000
14.262457 12.276397 1.000000
14.262460 16.794310 1.000000
13.643240 18.968313 1.000000
11.605632 22.967333 1.000000
8.431980 26.140984 1.000000
4.432961 28.178593 1.000000
0.000000 28.880686 1.000000
-4.432961 28.178593 1.000000
-8.431979 26.140984 1.000000
-11.605630 22.967333 1.000000
-13.643240 18.968313 1.000000
-14.345336 14.535352 1.000000
-13.643240 10.102392 1.000000
-11.605630 6.103373 1.000000
-8.431979 2.929722 1.000000
-4.432961 0.892113 1.000000
-0.000001 0.190016 1.000000
4.432960 0.892116 1.000000
8.431975 2.929722 1.000000
11.605629 6.103373 1.000000
13.643236 10.102393 1.000000
14.345336 14.535352 1.000000
-14.660459 14.535352 0.000000
-14.478860 16.828583 -0.460913
-13.942939 19.065691 0.000000
-13.942939 10.005013 0.000000
-14.478860 12.242121 -0.460913
-11.860569 5.918148 0.000000
-13.061576 7.880148 -0.460913
-8.617205 2.674782 0.000000
-10.365719 4.169633 -0.460913
-4.530340 0.592413 0.000000
-6.655204 1.473776 -0.460913
-0.000001 -0.125107 -0.000000
-2.293231 0.056493 -0.460913
4.530338 0.592415 0.000000
2.293230 0.056494 -0.460913
8.617202 2.674783 0.000000
6.655201 1.473778 -0.460913
11.860568 5.918148 0.000000
10.365718 4.169633 -0.460913
13.942938 10.005015 0.000000
13.061575 7.880149 -0.460913
14.660459 14.535352 0.000000
14.478858 12.242123 -0.460913
13.942942 19.065693 0.000000
14.478861 16.828583 -0.460913
11.860572 23.152555 0.000000
13.061579 21.190557 -0.460913
8.617206 26.395922 0.000000
10.365721 24.901073 -0.460913
4.530340 28.478294 0.000000
6.655204 27.596928 -0.460913
0.000000 29.195810 0.000000
2.293231 29.014214 -0.460913
-4.530340 28.478291 0.000000
-2.293231 29.014214 -0.460913
-8.617205 26.395922 0.000000
-6.655204 27.596928 -0.460913
-11.860571 23.152555 0.000000
-10.365719 24.901072 -0.460913
-13.061576 21.190557 -0.460913
-14.660459 14.535352 -0.696819
-13.942939 19.065691 -0.696819
-13.942939 10.005013 -0.696819
-11.860569 5.918148 -0.696819
-8.617205 2.674782 -0.696819
-4.530340 0.592413 -0.696819
-0.000001 -0.125107 -0.696819
4.530338 0.592415 -0.696819
8.617202 2.674783 -0.696819
11.860568 5.918148 -0.696819
13.942938 10.005015 -0.696819
14.660459 14.535352 -0.696819
13.942942 19.065693 -0.696819
11.860572 23.152555 -0.696819
8.617206 26.395922 -0.696819
4.530340 28.478294 -0.696819
0.000000 29.195810 -0.696819
-4.530340 28.478291 -0.696819
-8.617205 26.395922 -0.696819
-11.860571 23.152555 -0.696819
2.901983 15.478271 -0.238168
3.051326 14.535354 -0.238168
2.468589 16.328886 -0.238168
1.793533 17.003944 -0.238168
0.942917 17.437353 -0.238168
0.000000 17.586683 -0.238168
-0.942918 17.437353 -0.238168
-1.793534 17.003944 -0.238168
-2.468589 16.328886 -0.238168
-2.901984 15.478271 -0.238168
-3.051327 14.535354 -0.238168
-2.901984 13.592436 -0.238168
-2.468589 12.741819 -0.238168
-1.793534 12.066761 -0.238168
-0.942918 11.633353 -0.238168
-0.000001 11.484022 -0.238168
0.942917 11.633353 -0.238168
1.793533 12.066761 -0.238168
2.468588 12.741819 -0.238168
2.901983 13.592436 -0.238168
2.326341 16.225538 -0.069123
2.734762 15.423937 -0.069123
1.690185 16.861696 -0.069123
0.888584 17.270132 -0.069123
0.000000 17.410858 -0.069123
-0.888584 17.270132 -0.069123
-1.690185 16.861696 -0.069123
-2.326342 16.225538 -0.069123
-2.734763 15.423937 -0.069123
-2.875500 14.535354 -0.069123
-2.734763 13.646769 -0.069123
-2.326342 12.845168 -0.069123
-1.690185 12.209008 -0.069123
-0.888584 11.800575 -0.069123
-0.000001 11.659849 -0.069123
0.888583 11.800575 -0.069123
1.690184 12.209008 -0.069123
2.326340 12.845168 -0.069123
2.734762 13.646769 -0.069123
2.875499 14.535354 -0.069123
0.404352 11.801312 -0.221848
0.608338 11.838041 -0.215645
0.517483 11.838041 -0.347825
0.754371 11.897151 -0.354050
0.320896 11.801312 -0.306997
0.375973 11.838041 -0.452723
0.598672 11.897151 -0.512907
0.206028 11.801312 -0.368862
0.197661 11.838041 -0.520072
0.384371 11.897151 -0.628324
0.070992 11.801312 -0.401386
0.000000 11.838041 -0.543279
0.132445 11.897151 -0.689002
-0.070992 11.801312 -0.401386
-0.197661 11.838041 -0.520072
-0.132445 11.897151 -0.689002
-0.206028 11.801312 -0.368862
-0.375973 11.838041 -0.452723
-0.384371 11.897151 -0.628324
-0.320896 11.801312 -0.306997
-0.517483 11.838041 -0.347825
-0.598672 11.897151 -0.512907
-0.404352 11.801312 -0.221848
-0.608337 11.838041 -0.215645
-0.754371 11.897151 -0.354050
-0.448228 11.801312 -0.121748
-0.647567 11.838041 -0.069123
-0.836226 11.897151 -0.167302
0.448228 11.801312 -0.121749
0.647567 11.838041 -0.069123
0.836227 11.897151 -0.167302
0.997239 11.972551 -0.309315
0.848302 11.972551 -0.525995
1.108280 12.063728 -0.487722
0.616327 11.972551 -0.697953
0.879536 12.063728 -0.721106
0.324022 11.972551 -0.808357
0.564697 12.063728 -0.890669
0.000000 11.972551 -0.846399
0.194581 12.063728 -0.979814
-0.324022 11.972551 -0.808356
-0.194581 12.063728 -0.979814
-0.616327 11.972551 -0.697953
-0.564697 12.063728 -0.890669
-0.848302 11.972551 -0.525994
-0.879536 12.063728 -0.721106
-0.997238 11.972551 -0.309315
-1.108280 12.063728 -0.487722
-1.061547 11.972551 -0.069123
-1.228537 12.063728 -0.213362
1.061547 11.972551 -0.069123
1.228537 12.063728 -0.213363
1.361584 12.170167 -0.397070
1.158233 12.170167 -0.692915
1.434899 12.291164 -0.611086
0.841505 12.170167 -0.927698
1.138742 12.291164 -0.913251
0.442405 12.170167 -1.078439
0.731118 12.291164 -1.132786
0.000000 12.170167 -1.130380
0.251926 12.291164 -1.248202
-0.442405 12.170167 -1.078439
-0.251926 12.291164 -1.248202
-0.841505 12.170167 -0.927698
-0.731117 12.291164 -1.132786
-1.158232 12.170167 -0.692914
-1.138742 12.291164 -0.913250
-1.361584 12.170167 -0.397070
-1.434899 12.291164 -0.611086
-1.449388 12.170167 -0.069123
-1.590597 12.291164 -0.255871
1.449388 12.170167 -0.069123
1.590598 12.291164 -0.255871
1.692403 12.426020 -0.476750
1.439644 12.426020 -0.844475
1.726186 12.573860 -0.721106
1.045963 12.426020 -1.136303
1.369909 12.573860 -1.084610
0.549895 12.426020 -1.323668
0.879536 12.573860 -1.348711
0.000000 12.426020 -1.388230
0.303067 12.573860 -1.487558
-0.549895 12.426020 -1.323668
-0.303067 12.573860 -1.487558
-1.045962 12.426020 -1.136303
-0.879536 12.573860 -1.348711
-1.439644 12.426020 -0.844474
-1.369909 12.573860 -1.084610
-1.692402 12.426020 -0.476750
-1.726186 12.573860 -0.721106
-1.801541 12.426020 -0.069123
-1.913492 12.573860 -0.293781
1.801540 12.426020 -0.069123
1.913492 12.573860 -0.293781
1.981549 12.733812 -0.546392
1.685607 12.733812 -0.976943
1.974969 12.904855 -0.815071
1.224665 12.733812 -1.318630
1.567344 12.904855 -1.230965
0.643844 12.733812 -1.538007
1.006297 12.904855 -1.533129
0.000000 12.733812 -1.613599
0.346746 12.904855 -1.691986
-0.643844 12.733812 -1.538007
-0.346746 12.904855 -1.691986
-1.224665 12.733812 -1.318630
-1.006297 12.904855 -1.533129
-1.685606 12.733812 -0.976943
-1.567344 12.904855 -1.230965
-1.981549 12.733812 -0.546392
-1.974969 12.904855 -0.815071
-2.109333 12.733812 -0.069123
-2.189270 12.904855 -0.326159
2.109333 12.733812 -0.069123
2.189270 12.904855 -0.326159
2.221903 13.085964 -0.604283
1.890064 13.085964 -1.087058
2.175122 13.275997 -0.890669
1.373212 13.085964 -1.470191
1.726187 13.275997 -1.348711
0.721940 13.085964 -1.716177
1.108280 13.275997 -1.681498
0.000000 13.085964 -1.800938
0.381887 13.275997 -1.856455
-0.721940 13.085964 -1.716177
-0.381887 13.275997 -1.856455
-1.373212 13.085964 -1.470190
-1.108280 13.275997 -1.681498
-1.890063 13.085964 -1.087058
-1.726186 13.275997 -1.348711
-2.221903 13.085964 -0.604283
-2.175121 13.275997 -0.890669
-2.365187 13.085964 -0.069123
-2.411140 13.275997 -0.352209
2.365186 13.085964 -0.069123
2.411140 13.275997 -0.352209
2.407547 13.473806 -0.648997
2.047982 13.473806 -1.172108
2.321716 13.678148 -0.946038
1.487946 13.473806 -1.587252
1.842524 13.678148 -1.434950
0.782259 13.473806 -1.853791
1.182973 13.678148 -1.790166
0.000000 13.473806 -1.945633
0.407625 13.678148 -1.976913
-0.782259 13.473806 -1.853790
-0.407625 13.678148 -1.976913
-1.487945 13.473806 -1.587252
-1.182973 13.678148 -1.790165
-2.047981 13.473806 -1.172108
-1.842523 13.678148 -1.434950
-2.407546 13.473806 -0.648997
-2.321715 13.678148 -0.946038
-2.562802 13.473806 -0.069123
-2.573641 13.678148 -0.371287
2.562801 13.473806 -0.069123
2.573641 13.678148 -0.371288
2.533908 13.887786 -0.679432
2.155471 13.887786 -1.229999
2.411141 14.101408 -0.979814
1.566041 13.887786 -1.666932
1.913492 14.101408 -1.487558
0.823317 13.887786 -1.947460
1.228538 14.101408 -1.856455
0.000000 13.887786 -2.044123
0.423325 14.101408 -2.050395
-0.823317 13.887786 -1.947460
-0.423325 14.101408 -2.050395
-1.566041 13.887786 -1.666932
-1.228538 14.101408 -1.856455
-2.155471 13.887786 -1.229999
-1.913492 14.101408 -1.487557
-2.533908 13.887786 -0.679432
-2.411140 14.101408 -0.979814
-2.697312 13.887786 -0.069123
-2.672770 14.101408 -0.382926
2.697311 13.887786 -0.069123
2.672770 14.101408 -0.382926
2.597877 14.317710 -0.694839
2.209886 14.317710 -1.259305
2.441196 14.535352 -0.991166
1.605576 14.317710 -1.707268
1.937344 14.535352 -1.505239
0.844101 14.317710 -1.994878
1.243852 14.535352 -1.878734
0.000000 14.317710 -2.093982
0.428602 14.535352 -2.075092
-0.844101 14.317710 -1.994878
-0.428602 14.535352 -2.075092
-1.605576 14.317710 -1.707268
-1.243851 14.535352 -1.878734
-2.209885 14.317710 -1.259305
-1.937344 14.535352 -1.505238
-2.597876 14.317710 -0.694839
-2.441195 14.535352 -0.991166
-2.765405 14.317710 -0.069123
-2.706086 14.535352 -0.386837
2.765405 14.317710 -0.069123
2.706086 14.535352 -0.386838
2.597877 14.752995 -0.694839
2.209886 14.752995 -1.259305
2.411141 14.969296 -0.979814
1.605576 14.752995 -1.707268
1.913492 14.969296 -1.487558
0.844101 14.752995 -1.994878
1.228538 14.969296 -1.856455
0.000000 14.752995 -2.093982
0.423325 14.969296 -2.050395
-0.844101 14.752995 -1.994878
-0.423325 14.969296 -2.050395
-1.605576 14.752995 -1.707268
-1.228538 14.969296 -1.856455
-2.209885 14.752995 -1.259305
-1.913492 14.969296 -1.487557
-2.597876 14.752995 -0.694839
-2.411140 14.969296 -0.979814
-2.765405 14.752995 -0.069123
-2.672770 14.969296 -0.382926
2.765405 14.752995 -0.069123
2.672770 14.969296 -0.382926
2.533908 15.182919 -0.679432
2.155471 15.182919 -1.229999
2.321716 15.392556 -0.946038
1.566041 15.182919 -1.666932
1.842524 15.392556 -1.434950
0.823317 15.182919 -1.947460
1.182973 15.392556 -1.790166
0.000000 15.182919 -2.044123
0.407625 15.392556 -1.976913
-0.823317 15.182919 -1.947460
-0.407625 15.392556 -1.976913
-1.566041 15.182919 -1.666932
-1.182973 15.392556 -1.790165
-2.155470 15.182919 -1.229999
-1.842523 15.392556 -1.434950
-2.533907 15.182919 -0.679432
-2.321715 15.392556 -0.946038
-2.697312 15.182919 -0.069123
-2.573641 15.392556 -0.371287
2.697311 15.182919 -0.069123
2.573641 15.392556 -0.371288
2.407547 15.596898 -0.648997
2.047982 15.596898 -1.172108
2.175122 15.794707 -0.890669
1.487946 15.596898 -1.587252
1.726187 15.794707 -1.348711
0.782259 15.596898 -1.853791
1.108280 15.794707 -1.681498
0.000000 15.596898 -1.945633
0.381887 15.794707 -1.856455
-0.782259 15.596898 -1.853790
-0.381887 15.794707 -1.856455
-1.487945 15.596898 -1.587252
-1.108280 15.794707 -1.681498
-2.047981 15.596898 -1.172108
-1.726186 15.794707 -1.348711
-2.407546 15.596898 -0.648997
-2.175121 15.794707 -0.890669
-2.562802 15.596898 -0.069123
-2.411140 15.794707 -0.352209
2.562801 15.596898 -0.069123
2.411140 15.794707 -0.352209
2.221903 15.984740 -0.604283
1.890064 15.984740 -1.087058
1.974969 16.165850 -0.815072
1.373212 15.984740 -1.470191
1.567345 16.165850 -1.230965
0.721940 15.984740 -1.716177
1.006297 16.165850 -1.533129
0.000000 15.984740 -1.800938
0.346746 16.165850 -1.691986
-0.721940 15.984740 -1.716177
-0.346746 16.165850 -1.691986
-1.373212 15.984740 -1.470190
-1.006297 16.165850 -1.533129
-1.890063 15.984740 -1.087058
-1.567344 16.165850 -1.230965
-2.221903 15.984740 -0.604283
-1.974969 16.165850 -0.815071
-2.365187 15.984740 -0.069123
-2.189270 16.165850 -0.326159
2.365186 15.984740 -0.069123
2.189270 16.165850 -0.326159
1.981549 16.336891 -0.546392
1.685607 16.336891 -0.976943
1.726186 16.496843 -0.721106
1.224665 16.336891 -1.318630
1.369909 16.496843 -1.084610
0.643844 16.336891 -1.538007
0.879536 16.496843 -1.348711
0.000000 16.336891 -1.613599
0.303067 16.496843 -1.487558
-0.643844 16.336891 -1.538007
-0.303067 16.496843 -1.487558
-1.224665 16.336891 -1.318630
-0.879536 16.496843 -1.348711
-1.685606 16.336891 -0.976943
-1.369909 16.496843 -1.084610
-1.981549 16.336891 -0.546392
-1.726186 16.496843 -0.721106
-2.109333 16.336891 -0.069123
-1.913492 16.496843 -0.293781
2.109333 16.336891 -0.069123
1.913492 16.496843 -0.293781
1.692403 16.644686 -0.476750
1.439644 16.644686 -0.844475
1.434899 16.779539 -0.611086
1.045963 16.644686 -1.136303
1.138742 16.779539 -0.913251
0.549895 16.644686 -1.323668
0.731118 16.779539 -1.132786
0.000000 16.644686 -1.388230
0.251926 16.779539 -1.248202
-0.549895 16.644686 -1.323668
-0.251926 16.779539 -1.248202
-1.045962 16.644686 -1.136303
-0.731117 16.779539 -1.132786
-1.439644 16.644686 -0.844474
-1.138742 16.779539 -0.913250
-1.692402 16.644686 -0.476750
-1.434899 16.779539 -0.611086
-1.801541 16.644686 -0.069123
-1.590597 16.779539 -0.255871
1.801540 16.644686 -0.069123
1.590598 16.779539 -0.255871
1.361584 16.900537 -0.397070
1.158233 16.900537 -0.692915
1.108280 17.006975 -0.487722
0.841505 16.900537 -0.927698
0.879536 17.006975 -0.721106
0.442405 16.900537 -1.078439
0.564697 17.006975 -0.890669
0.000000 16.900537 -1.130380
0.194581 17.006975 -0.979814
-0.442405 16.900537 -1.078439
-0.194581 17.006975 -0.979814
-0.841505 16.900537 -0.927698
-0.564697 17.006975 -0.890669
-1.158232 16.900537 -0.692914
-0.879536 17.006975 -0.721106
-1.361584 16.900537 -0.397070
-1.108280 17.006975 -0.487722
-1.449388 16.900537 -0.069123
-1.228537 17.006975 -0.213362
1.449388 16.900537 -0.069123
1.228537 17.006975 -0.213363
0.997239 17.098152 -0.309315
0.848302 17.098152 -0.525995
0.754371 17.173552 -0.354050
0.616327 17.098152 -0.697953
0.598672 17.173552 -0.512907
0.324022 17.098152 -0.808357
0.384371 17.173552 -0.628324
0.000000 17.098152 -0.846399
0.132445 17.173552 -0.689002
-0.324022 17.098152 -0.808356
-0.132445 17.173552 -0.689002
-0.616327 17.098152 -0.697953
-0.384371 17.173552 -0.628324
-0.848301 17.098152 -0.525994
-0.598672 17.173552 -0.512907
-0.997238 17.098152 -0.309315
-0.754371 17.173552 -0.354050
-1.061547 17.098152 -0.069123
-0.836227 17.173552 -0.167302
1.061547 17.098152 -0.069123
0.836227 17.173552 -0.167302
0.608338 17.232664 -0.215645
0.517483 17.232664 -0.347825
0.404352 17.269392 -0.221848
0.375973 17.232664 -0.452723
0.320896 17.269392 -0.306997
0.197661 17.232664 -0.520072
0.206028 17.269392 -0.368862
0.000000 17.232664 -0.543279
0.070992 17.269392 -0.401386
-0.197661 17.232664 -0.520072
-0.070992 17.269392 -0.401386
-0.375973 17.232664 -0.452723
-0.206028 17.269392 -0.368862
-0.517483 17.232664 -0.347825
-0.320896 17.269392 -0.306997
-0.608337 17.232664 -0.215645
-0.404352 17.269392 -0.221848
-0.647567 17.232664 -0.069123
-0.448228 17.269392 -0.121748
0.647567 17.232664 -0.069123
0.448228 17.269392 -0.121749
0.225846 11.775315 -0.190758
0.265498 11.775315 -0.133070
0.164087 11.775315 -0.236539
0.086266 11.775315 -0.265932
0.000000 11.775315 -0.276060
-0.086266 11.775315 -0.265932
-0.164087 11.775315 -0.236539
-0.225846 11.775315 -0.190758
-0.265498 11.775315 -0.133070
-0.217642 11.769947 -0.069123
0.217642 11.769947 -0.069123
0.265498 17.295389 -0.133070
0.225846 17.295389 -0.190758
0.164087 17.295389 -0.236539
0.086266 17.295389 -0.265932
8.466744 18.849373 1.000000
6.719243 21.254595 1.000000
4.314021 23.002094 1.000000
1.486513 23.920803 1.000000
-1.486513 23.920803 1.000000
-4.314021 23.002094 1.000000
-6.719242 21.254595 1.000000
-8.466743 18.849371 1.000000
-9.385450 16.021864 1.000000
-9.385450 13.048840 1.000000
-8.466743 10.221333 1.000000
-6.719242 7.816111 1.000000
-4.314020 6.068610 1.000000
-1.486513 5.149903 1.000000
1.486512 5.149903 1.000000
4.314019 6.068610 1.000000
6.719239 7.816111 1.000000
8.466742 10.221333 1.000000
9.385449 13.048841 1.000000
9.385451 16.021864 1.000000
11.903271 20.600370 -0.963079
9.446483 23.981834 -0.963079
6.065018 26.438622 -0.963079
2.089867 27.730217 -0.963079
-2.089867 27.730217 -0.963079
-6.065017 26.438622 -0.963079
-9.446481 23.981833 -0.963079
-11.903268 20.600368 -0.963079
-13.194864 16.625219 -0.963079
-13.194864 12.445486 -0.963079
-11.903267 8.470336 -0.963079
-9.446481 5.088871 -0.963079
-6.065017 2.632085 -0.963079
-2.089868 1.340488 -0.963079
2.089865 1.340489 -0.963079
6.065015 2.632087 -0.963079
9.446480 5.088871 -0.963079
11.903265 8.470336 -0.963079
13.194863 12.445487 -0.963079
13.194864 16.625219 -0.963079
11.881624 20.589340 -0.852317
9.429304 23.964657 -0.852317
6.053988 26.416975 -0.852317
2.086067 27.706224 -0.852317
-2.086067 27.706224 -0.852317
-6.053988 26.416975 -0.852317
-9.429303 23.964653 -0.852317
-11.881623 20.589338 -0.852317
-13.170872 16.621420 -0.852317
-13.170872 12.449286 -0.852317
-11.881623 8.481365 -0.852317
-9.429301 5.106049 -0.852317
-6.053987 2.653729 -0.852317
-2.086067 1.364480 -0.852317
2.086065 1.364482 -0.852317
6.053987 2.653731 -0.852317
9.429301 5.106050 -0.852317
11.881620 8.481365 -0.852317
13.170870 12.449287 -0.852317
13.170874 16.621420 -0.852317
9.280499 19.264002 -0.816410
7.365040 21.900393 -0.816410
4.728650 23.815853 -0.816410
1.629388 24.822855 -0.816410
-1.629387 24.822853 -0.816410
-4.728649 23.815849 -0.816410
-7.365038 21.900391 -0.816410
-9.280498 19.264000 -0.816410
-10.287501 16.164740 -0.816410
-10.287501 12.905966 -0.816410
-9.280498 9.806705 -0.816410
-7.365038 7.170314 -0.816410
-4.728649 5.254854 -0.816410
-1.629389 4.247851 -0.816410
1.629386 4.247853 -0.816410
4.728647 5.254856 -0.816410
7.365038 7.170314 -0.816410
9.280497 9.806705 -0.816410
10.287499 12.905967 -0.816410
10.287502 16.164742 -0.816410
8.566320 18.900108 -0.193536
6.798265 21.333616 -0.193536
4.364757 23.101671 -0.193536
1.504000 24.031181 -0.193536
-1.503999 24.031179 -0.193536
-4.364755 23.101671 -0.193536
-6.798263 21.333614 -0.193536
-8.566319 18.900106 -0.193536
-9.495828 16.039351 -0.193536
-9.495828 13.031353 -0.193536
-8.566319 10.170597 -0.193536
-6.798263 7.737090 -0.193536
-4.364757 5.969033 -0.193536
-1.504000 5.039526 -0.193536
1.503997 5.039526 -0.193536
4.364755 5.969034 -0.193536
6.798262 7.737090 -0.193536
8.566317 10.170597 -0.193536
9.495826 13.031356 -0.193536
9.495829 16.039354 -0.193536
2.769018 15.946242 -0.209240
2.197512 16.732866 -0.209240
1.410889 17.304380 -0.209240
0.486160 17.604834 -0.209240
-0.486160 17.604834 -0.209240
-1.410889 17.304380 -0.209240
-2.197513 16.732864 -0.209240
-2.769019 15.946242 -0.209240
-3.069472 15.021512 -0.209240
-3.069472 14.049193 -0.209240
-2.769019 13.124465 -0.209240
-2.197513 12.337840 -0.209240
-1.410889 11.766325 -0.209240
-0.486161 11.465872 -0.209240
0.486159 11.465872 -0.209240
1.410888 11.766325 -0.209240
2.197512 12.337840 -0.209240
2.769018 13.124465 -0.209240
3.069471 14.049193 -0.209240
3.069471 15.021512 -0.209240
-0.479776 11.506184 -0.241870
0.479774 11.506184 -0.241870
1.392358 11.802691 -0.241870
2.168651 12.366701 -0.241870
2.732651 13.142994 -0.241870
3.029158 14.055578 -0.241870
3.029158 15.015128 -0.241870
2.732652 15.927712 -0.241870
2.168652 16.704006 -0.241870
1.392359 17.268017 -0.241870
0.479775 17.564522 -0.241870
-0.479775 17.564522 -0.241870
-1.392359 17.268015 -0.241870
-2.168652 16.704006 -0.241870
-2.732652 15.927712 -0.241870
-3.029159 15.015128 -0.241870
-3.029159 14.055578 -0.241870
-2.732652 13.142994 -0.241870
-2.168652 12.366701 -0.241870
-1.392359 11.802691 -0.241870
9.371345 19.310289 -0.852316
7.437136 21.972486 -0.852316
4.774938 23.906696 -0.852316
1.645338 24.923557 -0.852316
-1.645337 24.923557 -0.852316
-4.774937 23.906694 -0.852316
-7.437134 21.972486 -0.852316
-9.371343 19.310289 -0.852316
-10.388205 16.180689 -0.852316
-10.388205 12.890016 -0.852316
-9.371343 9.760415 -0.852316
-7.437134 7.098218 -0.852316
-4.774937 5.164010 -0.852316
-1.645338 4.147148 -0.852316
1.645335 4.147149 -0.852316
4.774934 5.164011 -0.852316
7.437132 7.098219 -0.852316
9.371341 9.760417 -0.852316
10.388204 12.890017 -0.852316
10.388206 16.180691 -0.852316
8.956923 19.099133 -0.517359
7.108249 21.643600 -0.517359
4.563779 23.492275 -0.517359
1.572578 24.464169 -0.517359
-1.572577 24.464169 -0.517359
-4.563778 23.492275 -0.517359
-7.108248 21.643600 -0.517359
-8.956923 19.099131 -0.517359
-9.928817 16.107929 -0.517359
-9.928817 12.962775 -0.517359
-8.956923 9.971574 -0.517359
-7.108249 7.427104 -0.517359
-4.563778 5.578430 -0.517359
-1.572578 4.606536 -0.517359
1.572576 4.606536 -0.517359
4.563777 5.578432 -0.517359
7.108246 7.427104 -0.517359
8.956921 9.971576 -0.517359
9.928815 12.962777 -0.517359
9.928818 16.107931 -0.517359
8.639373 18.937330 -0.223875
6.856240 21.391590 -0.223875
4.401979 23.174725 -0.223875
1.516826 24.112160 -0.223875
-1.516825 24.112160 -0.223875
-4.401978 23.174725 -0.223875
-6.856237 21.391590 -0.223875
-8.639372 18.937330 -0.223875
-9.576807 16.052176 -0.223875
-9.576807 13.018528 -0.223875
-8.639372 10.133375 -0.223875
-6.856237 7.679115 -0.223875
-4.401978 5.895980 -0.223875
-1.516826 4.958546 -0.223875
1.516823 4.958548 -0.223875
4.401978 5.895983 -0.223875
6.856236 7.679116 -0.223875
8.639369 10.133375 -0.223875
9.576804 13.018531 -0.223875
9.576807 16.052179 -0.223875
5.698605 17.438936 -0.193536
4.522438 19.057791 -0.193536
2.903585 20.233961 -0.193536
1.000511 20.852299 -0.193536
-1.000511 20.852299 -0.193536
-2.903584 20.233959 -0.193536
-4.522438 19.057791 -0.193536
-5.698603 17.438936 -0.193536
-6.316940 15.535863 -0.193536
-6.316940 13.534842 -0.193536
-5.698603 11.631768 -0.193536
-4.522438 10.012915 -0.193536
-2.903585 8.836745 -0.193536
-1.000512 8.218408 -0.193536
1.000509 8.218408 -0.193536
2.903584 8.836745 -0.193536
4.522436 10.012916 -0.193536
5.698602 11.631768 -0.193536
6.316939 13.534842 -0.193536
6.316940 15.535865 -0.193536
2.805260 15.964708 -0.193536
2.226274 16.761625 -0.193536
1.429355 17.340624 -0.193536
0.492523 17.645010 -0.193536
-0.492523 17.645010 -0.193536
-1.429355 17.340624 -0.193536
-2.226275 16.761625 -0.193536
-2.805261 15.964708 -0.193536
-3.109646 15.027877 -0.193536
-3.109647 14.042830 -0.193536
-2.805261 13.105999 -0.193536
-2.226275 12.309078 -0.193536
-1.429355 11.730082 -0.193536
-0.492524 11.425696 -0.193536
0.492522 11.425696 -0.193536
1.429354 11.730082 -0.193536
2.226274 12.309078 -0.193536
2.805260 13.105999 -0.193536
3.109645 14.042830 -0.193536
3.109645 15.027877 -0.193536
2.848709 15.986846 -0.193536
2.260755 16.796108 -0.193536
1.451493 17.384073 -0.193536
0.500151 17.693172 -0.193536
-0.500152 17.693172 -0.193536
-1.451493 17.384071 -0.193536
-2.260756 16.796108 -0.193536
-2.848710 15.986846 -0.193536
-3.157809 15.035504 -0.193536
-3.157809 14.035201 -0.193536
-2.848709 13.083860 -0.193536
-2.260756 12.274598 -0.193536
-1.451493 11.686633 -0.193536
-0.500152 11.377535 -0.193536
0.500150 11.377535 -0.193536
1.451492 11.686633 -0.193536
2.260754 12.274598 -0.193536
2.848708 13.083860 -0.193536
3.157808 14.035203 -0.193536
3.157808 15.035504 -0.193536
2.645681 15.883397 -0.150626
2.099631 16.634985 -0.150626
1.348045 17.181044 -0.150626
0.464505 17.468115 -0.150626
-0.464506 17.468115 -0.150626
-1.348046 17.181044 -0.150626
-2.099632 16.634985 -0.150626
-2.645682 15.883397 -0.150626
-2.932752 14.999859 -0.150626
-2.932752 14.070848 -0.150626
-2.645682 13.187307 -0.150626
-2.099632 12.435721 -0.150626
-1.348046 11.889662 -0.150626
-0.464506 11.602592 -0.150626
0.464505 11.602592 -0.150626
1.348045 11.889662 -0.150626
2.099631 12.435721 -0.150626
2.645681 13.187307 -0.150626
2.932751 14.070848 -0.150626
2.932751 14.999859 -0.150626
2.746761 15.934900 -0.232239
2.179849 16.715202 -0.232239
1.399548 17.282125 -0.232239
0.482252 17.580162 -0.232239
-0.482253 17.580162 -0.232239
-1.399549 17.282125 -0.232239
-2.179849 16.715202 -0.232239
-2.746762 15.934900 -0.232239
-3.044800 15.017605 -0.232239
-3.044800 14.053102 -0.232239
-2.746762 13.135805 -0.232239
-2.179849 12.355503 -0.232239
-1.399549 11.788580 -0.232239
-0.482253 11.490543 -0.232239
0.482251 11.490543 -0.232239
1.399548 11.788580 -0.232239
2.179848 12.355503 -0.232239
2.746761 13.135804 -0.232239
3.044799 14.053102 -0.232239
3.044799 15.017606 -0.232239
1.695957 15.399487 -0.069123
1.345923 15.881276 -0.069123
0.864135 16.231318 -0.069123
0.297761 16.415337 -0.069123
-0.297762 16.415337 -0.069123
-0.864136 16.231316 -0.069123
-1.345924 15.881276 -0.069123
-1.695957 15.399487 -0.069123
-1.879978 14.833114 -0.069123
-1.879978 14.237591 -0.069123
-1.695957 13.671218 -0.069123
-1.345924 13.189429 -0.069123
-0.864136 12.839390 -0.069123
-0.297762 12.655370 -0.069123
0.297761 12.655370 -0.069123
0.864135 12.839390 -0.069123
1.345923 13.189429 -0.069123
1.695956 13.671218 -0.069123
1.879977 14.237593 -0.069123
1.879977 14.833114 -0.069123
12.482425 20.895462 -1.000000
13.836863 16.726902 -1.000000
9.906100 24.441452 -1.000000
6.360110 27.017775 -1.000000
2.191549 28.372215 -1.000000
-2.191549 28.372215 -1.000000
-6.360110 27.017775 -1.000000
-9.906099 24.441450 -1.000000
-12.482421 20.895462 -1.000000
-13.836863 16.726902 -1.000000
-13.836863 12.343803 -1.000000
-12.482421 8.175242 -1.000000
-9.906099 4.629253 -1.000000
-6.360110 2.052931 -1.000000
-2.191550 0.698489 -1.000000
2.191547 0.698491 -1.000000
6.360107 2.052931 -1.000000
9.906096 4.629253 -1.000000
12.482420 8.175243 -1.000000
13.836863 12.343804 -1.000000
13.021616 21.170195 -1.000000
10.334006 24.869358 -1.000000
6.634844 27.556969 -1.000000
2.286215 28.969913 -1.000000
-2.286215 28.969913 -1.000000
-6.634842 27.556969 -1.000000
-10.334004 24.869356 -1.000000
-13.021615 21.170195 -1.000000
-14.434562 16.821568 -1.000000
-14.434560 12.249137 -1.000000
-13.021613 7.900510 -1.000000
-10.334004 4.201348 -1.000000
-6.634842 1.513737 -1.000000
-2.286216 0.100790 -1.000000
2.286214 0.100792 -1.000000
6.634839 1.513739 -1.000000
10.334002 4.201348 -1.000000
13.021612 7.900511 -1.000000
14.434559 12.249139 -1.000000
14.434562 16.821568 -1.000000
11.943233 20.620731 -1.000000
9.478196 24.013546 -1.000000
6.085378 26.478584 -1.000000
2.096883 27.774517 -1.000000
-2.096883 27.774517 -1.000000
-6.085378 26.478580 -1.000000
-9.478194 24.013546 -1.000000
-11.943230 20.620731 -1.000000
-13.239161 16.632235 -1.000000
-13.239161 12.438470 -1.000000
-11.943231 8.449973 -1.000000
-9.478194 5.057158 -1.000000
-6.085378 2.592123 -1.000000
-2.096884 1.296191 -1.000000
2.096881 1.296191 -1.000000
6.085376 2.592125 -1.000000
9.478192 5.057158 -1.000000
11.943228 8.449976 -1.000000
13.239161 12.438471 -1.000000
13.239162 16.632236 -1.000000
11.826403 20.561203 -0.852317
9.385480 23.920830 -0.852317
6.025851 26.361753 -0.852317
2.076372 27.645008 -0.852317
-2.076372 27.645008 -0.852317
-6.025851 26.361753 -0.852317
-9.385478 23.920830 -0.852317
-11.826400 20.561203 -0.852317
-13.109656 16.611723 -0.852317
-13.109656 12.458981 -0.852317
-11.826402 8.509501 -0.852317
-9.385478 5.149875 -0.852317
-6.025851 2.708952 -0.852317
-2.076372 1.425696 -0.852317
2.076370 1.425699 -0.852317
6.025847 2.708953 -0.852317
9.385476 5.149875 -0.852317
11.826399 8.509502 -0.852317
13.109653 12.458982 -0.852317
13.109656 16.611725 -0.852317
10.608082 19.940439 -0.852316
8.418614 22.953966 -0.852316
5.405087 25.143435 -0.852316
1.862471 26.294491 -0.852316
-1.862471 26.294491 -0.852316
-5.405086 25.143433 -0.852316
-8.418613 22.953966 -0.852316
-10.608081 19.940437 -0.852316
-11.759137 16.397823 -0.852316
-11.759137 12.672881 -0.852316
-10.608081 9.130267 -0.852316
-8.418613 6.116738 -0.852316
-5.405086 3.927272 -0.852316
-1.862472 2.776215 -0.852316
1.862469 2.776217 -0.852316
5.405084 3.927273 -0.852316
8.418612 6.116738 -0.852316
10.608078 9.130267 -0.852316
11.759134 12.672884 -0.852316
11.759138 16.397825 -0.852316
11.903271 20.600370 -0.889237
9.446483 23.981834 -0.889237
6.065018 26.438622 -0.889237
2.089867 27.730217 -0.889237
-2.089867 27.730217 -0.889237
-6.065017 26.438622 -0.889237
-9.446481 23.981833 -0.889237
-11.903268 20.600368 -0.889237
-13.194864 16.625219 -0.889237
-13.194864 12.445486 -0.889237
-11.903267 8.470336 -0.889237
-9.446481 5.088871 -0.889237
-6.065017 2.632085 -0.889237
-2.089868 1.340488 -0.889237
2.089865 1.340489 -0.889237
6.065015 2.632087 -0.889237
9.446480 5.088871 -0.889237
11.903265 8.470336 -0.889237
13.194863 12.445487 -0.889237
13.194864 16.625219 -0.889237
13.061579 21.190557 0.696819
14.478861 16.828583 0.696819
14.478856 12.242123 0.696819
13.061575 7.880149 0.696819
10.365718 4.169633 0.696819
6.655201 1.473778 0.696819
2.293230 0.056494 0.696819
-2.293231 0.056493 0.696819
-6.655204 1.473776 0.696819
-10.365719 4.169633 0.696819
-13.061576 7.880148 0.696819
-14.478860 12.242121 0.696819
-14.478860 16.828583 0.696819
-13.061576 21.190557 0.696819
-10.365719 24.901072 0.696819
-6.655204 27.596928 0.696819
-2.293231 29.014214 0.696819
2.293231 29.014214 0.696819
6.655204 27.596928 0.696819
10.365721 24.901073 0.696819
13.061578 21.190557 -0.910111
10.365720 24.901073 -0.910111
6.655204 27.596928 -0.910111
2.293231 29.014214 -0.910111
-2.293231 29.014214 -0.910111
-6.655204 27.596928 -0.910111
-10.365719 24.901072 -0.910111
-13.061576 21.190557 -0.910111
-14.478860 16.828583 -0.910111
-14.478860 12.242121 -0.910111
-13.061576 7.880148 -0.910111
-10.365719 4.169633 -0.910111
-6.655204 1.473776 -0.910111
-2.293231 0.056493 -0.910111
2.293230 0.056494 -0.910111
6.655201 1.473778 -0.910111
10.365718 4.169633 -0.910111
13.061575 7.880149 -0.910111
14.478858 12.242123 -0.910111
14.478861 16.828583 -0.910111
14.478861 16.828583 0.910111
14.478858 12.242123 0.910111
13.061575 7.880149 0.910111
10.365718 4.169633 0.910111
6.655201 1.473778 0.910111
2.293230 0.056494 0.910111
-2.293231 0.056493 0.910111
-6.655204 1.473776 0.910111
-10.365719 4.169633 0.910111
-13.061576 7.880148 0.910111
-14.478860 12.242121 0.910111
-14.478860 16.828583 0.910111
-13.061576 21.190557 0.910111
-10.365719 24.901072 0.910111
-6.655204 27.596928 0.910111
-2.293231 29.014214 0.910111
2.293231 29.014214 0.910111
6.655204 27.596928 0.910111
10.365720 24.901073 0.910111
13.061578 21.190557 0.910111
12.961554 21.139593 1.000000
10.286342 24.821692 1.000000
6.604240 27.496904 1.000000
2.275670 28.903337 1.000000
-2.275670 28.903337 1.000000
-6.604240 27.496904 1.000000
-10.286340 24.821692 1.000000
-12.961552 21.139591 1.000000
-14.367982 16.811022 1.000000
-14.367982 12.259683 1.000000
-12.961552 7.931114 1.000000
-10.286340 4.249012 1.000000
-6.604239 1.573801 1.000000
-2.275670 0.167371 1.000000
2.275669 0.167371 1.000000
6.604236 1.573802 1.000000
10.286338 4.249012 1.000000
12.961550 7.931114 1.000000
14.367980 12.259684 1.000000
14.367983 16.811022 1.000000
12.780824 21.047506 1.000000
10.142913 24.678265 1.000000
6.512153 27.316174 1.000000
2.243939 28.702991 1.000000
-2.243939 28.702991 1.000000
-6.512153 27.316174 1.000000
-10.142911 24.678265 1.000000
-12.780821 21.047506 1.000000
-14.167640 16.779291 1.000000
-14.167639 12.291413 1.000000
-12.780821 8.023200 1.000000
-10.142911 4.392441 1.000000
-6.512153 1.754532 1.000000
-2.243939 0.367712 1.000000
2.243937 0.367715 1.000000
6.512149 1.754533 1.000000
10.142909 4.392441 1.000000
12.780819 8.023201 1.000000
14.167637 12.291415 1.000000
14.167640 16.779291 1.000000
-14.478860 16.828583 0.000000
-14.478860 12.242121 0.000000
-13.061576 7.880148 0.000000
-10.365719 4.169633 0.000000
-6.655204 1.473776 0.000000
-2.293231 0.056493 0.000000
2.293230 0.056494 0.000000
6.655201 1.473778 0.000000
10.365718 4.169633 0.000000
13.061575 7.880149 0.000000
14.478856 12.242123 0.000000
14.478861 16.828583 0.000000
13.061579 21.190557 0.000000
10.365721 24.901073 0.000000
6.655204 27.596928 0.000000
2.293231 29.014214 0.000000
-2.293231 29.014214 0.000000
-6.655204 27.596928 0.000000
-10.365719 24.901072 0.000000
-13.061576 21.190557 0.000000
-14.478860 16.828583 -0.696819
-14.478860 12.242121 -0.696819
-13.061576 7.880148 -0.696819
-10.365719 4.169633 -0.696819
-6.655204 1.473776 -0.696819
-2.293231 0.056493 -0.696819
2.293230 0.056494 -0.696819
6.655201 1.473778 -0.696819
10.365718 4.169633 -0.696819
13.061575 7.880149 -0.696819
14.478856 12.242123 -0.696819
14.478861 16.828583 -0.696819
13.061579 21.190557 -0.696819
10.365721 24.901073 -0.696819
6.655204 27.596928 -0.696819
2.293231 29.014214 -0.696819
-2.293231 29.014214 -0.696819
-6.655204 27.596928 -0.696819
-10.365719 24.901072 -0.696819
-13.061576 21.190557 -0.696819
3.013525 15.012653 -0.238168
2.718550 15.920527 -0.238168
2.157461 16.692814 -0.238168
1.385174 17.253914 -0.238168
0.477299 17.548891 -0.238168
-0.477300 17.548891 -0.238168
-1.385174 17.253914 -0.238168
-2.157461 16.692814 -0.238168
-2.718551 15.920527 -0.238168
-3.013528 15.012651 -0.238168
-3.013527 14.058054 -0.238168
-2.718551 13.150179 -0.238168
-2.157461 12.377892 -0.238168
-1.385174 11.816792 -0.238168
-0.477300 11.521815 -0.238168
0.477298 11.521815 -0.238168
1.385173 11.816792 -0.238168
2.157460 12.377892 -0.238168
2.718550 13.150179 -0.238168
3.013525 14.058054 -0.238168
2.561899 15.840710 -0.069123
2.033141 16.568495 -0.069123
1.305356 17.097263 -0.069123
0.449796 17.375242 -0.069123
-0.449796 17.375242 -0.069123
-1.305357 17.097261 -0.069123
-2.033142 16.568495 -0.069123
-2.561900 15.840710 -0.069123
-2.839879 14.985149 -0.069123
-2.839879 14.085557 -0.069123
-2.561900 13.229997 -0.069123
-2.033142 12.502212 -0.069123
-1.305357 11.973444 -0.069123
-0.449797 11.695464 -0.069123
0.449795 11.695464 -0.069123
1.305356 11.973444 -0.069123
2.033140 12.502212 -0.069123
2.561898 13.229997 -0.069123
2.839878 14.085557 -0.069123
2.839878 14.985149 -0.069123
0.569883 11.838041 -0.284369
0.452262 11.838041 -0.404376
0.290370 11.838041 -0.491566
0.100055 11.838041 -0.537405
-0.100055 11.838041 -0.537405
-0.290370 11.838041 -0.491566
-0.452262 11.838041 -0.404376
-0.569883 11.838041 -0.284369
-0.631720 11.838041 -0.143292
0.631720 11.838041 -0.143292
0.934201 11.972551 -0.421972
0.741386 11.972551 -0.618698
0.475999 11.972551 -0.761628
0.164018 11.972551 -0.836771
-0.164018 11.972551 -0.836771
-0.475999 11.972551 -0.761628
-0.741386 11.972551 -0.618698
-0.934201 11.972551 -0.421972
-1.035569 11.972551 -0.190707
1.035569 11.972551 -0.190707
1.275516 12.170167 -0.550887
1.012255 12.170167 -0.819488
0.649908 12.170167 -1.014638
0.223943 12.170167 -1.117234
-0.223943 12.170167 -1.117234
-0.649907 12.170167 -1.014638
-1.012254 12.170167 -0.819488
-1.275515 12.170167 -0.550887
-1.413919 12.170167 -0.235128
1.413919 12.170167 -0.235128
1.585423 12.426020 -0.667939
1.258198 12.426020 -1.001801
0.807813 12.426020 -1.244366
0.278353 12.426020 -1.371890
-0.278353 12.426020 -1.371890
-0.807813 12.426020 -1.244366
-1.258198 12.426020 -1.001801
-1.585422 12.426020 -0.667939
-1.757454 12.426020 -0.275461
1.757454 12.426020 -0.275461
1.856291 12.733812 -0.770247
1.473161 12.733812 -1.161149
0.945828 12.733812 -1.445156
0.325910 12.733812 -1.594467
-0.325910 12.733812 -1.594467
-0.945827 12.733812 -1.445155
-1.473161 12.733812 -1.161148
-1.856291 12.733812 -0.770246
-2.057714 12.733812 -0.310714
2.057714 12.733812 -0.310714
2.081452 13.085964 -0.855290
1.651850 13.085964 -1.293607
1.060553 13.085964 -1.612063
0.365442 13.085964 -1.779485
-0.365442 13.085964 -1.779485
-1.060552 13.085964 -1.612063
-1.651849 13.085964 -1.293607
-2.081451 13.085964 -0.855290
-2.307307 13.085964 -0.340018
2.307307 13.085964 -0.340018
2.255361 13.473806 -0.920976
1.789864 13.473806 -1.395915
1.149163 13.473806 -1.740978
0.395975 13.473806 -1.922388
-0.395975 13.473806 -1.922388
-1.149163 13.473806 -1.740978
-1.789864 13.473806 -1.395914
-2.255360 13.473806 -0.920975
-2.500085 13.473806 -0.362652
2.500085 13.473806 -0.362652
2.373734 13.887786 -0.965686
1.883806 13.887786 -1.465552
1.209478 13.887786 -1.828726
0.416758 13.887786 -2.019658
-0.416758 13.887786 -2.019658
-1.209478 13.887786 -1.828726
-1.883806 13.887786 -1.465552
-2.373734 13.887786 -0.965685
-2.631304 13.887786 -0.378057
2.631304 13.887786 -0.378058
2.433659 14.317710 -0.988319
1.931363 14.317710 -1.500805
1.240011 14.317710 -1.873147
0.427279 14.317710 -2.068899
-0.427279 14.317710 -2.068899
-1.240011 14.317710 -1.873147
-1.931362 14.317710 -1.500804
-2.433658 14.317710 -0.988319
-2.697731 14.317710 -0.385857
2.697731 14.317710 -0.385857
2.433659 14.752995 -0.988319
1.931363 14.752995 -1.500805
1.240011 14.752995 -1.873147
0.427279 14.752995 -2.068899
-0.427279 14.752995 -2.068899
-1.240011 14.752995 -1.873147
-1.931362 14.752995 -1.500804
-2.433659 14.752995 -0.988319
-2.697731 14.752995 -0.385857
2.697731 14.752995 -0.385857
2.373734 15.182919 -0.965686
1.883806 15.182919 -1.465552
1.209478 15.182919 -1.828726
0.416758 15.182919 -2.019658
-0.416758 15.182919 -2.019658
-1.209478 15.182919 -1.828726
-1.883806 15.182919 -1.465552
-2.373734 15.182919 -0.965685
-2.631304 15.182919 -0.378057
2.631304 15.182919 -0.378058
2.255361 15.596898 -0.920976
1.789864 15.596898 -1.395915
1.149163 15.596898 -1.740978
0.395975 15.596898 -1.922388
-0.395975 15.596898 -1.922388
-1.149163 15.596898 -1.740978
-1.789864 15.596898 -1.395914
-2.255360 15.596898 -0.920975
-2.500086 15.596898 -0.362652
2.500086 15.596898 -0.362652
2.081452 15.984740 -0.855290
1.651850 15.984740 -1.293607
1.060553 15.984740 -1.612063
0.365442 15.984740 -1.779485
-0.365442 15.984740 -1.779485
-1.060553 15.984740 -1.612063
-1.651849 15.984740 -1.293607
-2.081451 15.984740 -0.855290
-2.307307 15.984740 -0.340018
2.307307 15.984740 -0.340018
1.856291 16.336891 -0.770247
1.473161 16.336891 -1.161149
0.945828 16.336891 -1.445156
0.325910 16.336891 -1.594467
-0.325910 16.336891 -1.594467
-0.945827 16.336891 -1.445156
-1.473161 16.336891 -1.161148
-1.856291 16.336891 -0.770246
-2.057714 16.336891 -0.310714
2.057714 16.336891 -0.310714
1.585423 16.644686 -0.667939
1.258198 16.644686 -1.001801
0.807813 16.644686 -1.244366
0.278353 16.644686 -1.371890
-0.278353 16.644686 -1.371890
-0.807813 16.644686 -1.244366
-1.258198 16.644686 -1.001801
-1.585422 16.644686 -0.667939
-1.757454 16.644686 -0.275461
1.757454 16.644686 -0.275461
1.275516 16.900537 -0.550887
1.012255 16.900537 -0.819488
0.649908 16.900537 -1.014638
0.223943 16.900537 -1.117234
-0.223943 16.900537 -1.117234
-0.649907 16.900537 -1.014638
-1.012254 16.900537 -0.819488
-1.275515 16.900537 -0.550887
-1.413919 16.900537 -0.235128
1.413919 16.900537 -0.235128
0.934201 17.098152 -0.421972
0.741386 17.098152 -0.618698
0.475999 17.098152 -0.761628
0.164018 17.098152 -0.836771
-0.164018 17.098152 -0.836771
-0.475999 17.098152 -0.761628
-0.741386 17.098152 -0.618698
-0.934201 17.098152 -0.421972
-1.035569 17.098152 -0.190707
1.035569 17.098152 -0.190707
0.569883 17.232664 -0.284369
0.452262 17.232664 -0.404376
0.290370 17.232664 -0.491566
0.100055 17.232664 -0.537405
-0.100055 17.232664 -0.537405
-0.290370 17.232664 -0.491566
-0.452262 17.232664 -0.404376
-0.569883 17.232664 -0.284369
-0.631720 17.232664 -0.143292
0.631720 17.232664 -0.143292
0.255378 11.775657 -0.165580
0.202669 11.775657 -0.219358
0.130121 11.775657 -0.258430
0.044837 11.775657 -0.278971
-0.044837 11.775657 -0.278971
-0.130121 11.775657 -0.258430
-0.202669 11.775657 -0.219358
-0.255377 11.775657 -0.165580
-0.283088 11.775657 -0.102360
0.283088 11.775657 -0.102360
0.255378 17.295048 -0.165580
0.202669 17.295048 -0.219358
0.130121 17.295048 -0.258430
0.044837 17.295048 -0.278971
-0.044837 17.295048 -0.278971
-0.130121 17.295048 -0.258430
-0.202669 17.295048 -0.219358
-0.255377 17.295048 -0.165580
-0.283088 17.295048 -0.102360
0.283088 17.295048 -0.102360
