-31.026419 7.431027 3.823801
-30.896411 7.465862 6.245746
30.686191 -0.000000 3.353648
30.579504 -0.000000 2.833171
30.568820 -0.000000 2.243020
30.388708 -0.000000 1.892956
30.559082 -0.000000 1.078366
30.469708 -0.000000 0.545773
30.721655 0.000000 -0.020736
30.704892 0.000000 -3.287463
30.466672 0.000000 -6.280750
30.251300 0.000000 -7.917583
30.641580 5.880753 -7.917584
-30.228476 7.630894 -6.244862
-30.997293 7.438832 -5.329931
-30.629248 7.537449 8.562231
16.123297 7.781255 5.769011
31.069864 5.805235 3.353648
30.964798 5.823761 2.833170
30.954276 5.825616 2.243020
30.776904 5.856892 1.892955
30.944684 5.827308 1.078366
30.856671 5.842826 0.545773
31.104791 5.799076 -0.020736
31.088281 5.801988 -3.287463
30.853683 5.843354 -6.280750
-25.731714 8.195350 8.339606
-9.799092 -0.000000 7.408752
14.945468 -0.000000 5.970075
15.514096 -0.000000 5.938615
15.514096 9.237067 5.938615
29.572821 -0.000000 4.995107
29.973410 6.218105 4.963811
30.000717 -0.000000 4.967404
-30.451968 6.685831 8.542614
-24.918338 0.000002 8.343627
-26.031625 8.195350 8.353145
-27.920538 3.071046 8.443121
-29.374951 4.909611 8.492867
-30.632809 7.536494 -5.904490
-4.599109 0.000000 -7.487035
2.844368 0.140145 -7.661017
16.123297 0.140145 -8.107671
-4.599110 9.051362 -7.487034
2.844368 9.180709 -7.783698
16.123297 7.654813 -7.704806
-23.978455 0.000001 -6.605160
-9.807162 0.000000 -7.050442
14.945468 0.000000 -8.265995
14.945468 9.237067 -8.265995
15.514096 0.140145 -8.093284
15.514096 9.237067 -8.215966
29.572821 0.000000 -8.562230
29.973410 6.309850 -8.562230
30.000717 0.000000 -8.450609
30.394806 6.235547 -8.450609
-30.268185 7.630894 -6.253375
-30.491583 6.685831 -6.259563
-24.918341 0.000001 -6.541834
-26.031616 8.195350 -6.560493
-27.920538 3.071046 -6.393349
-29.394278 4.909610 -6.299287
23.048354 6.830219 -7.870744
22.848059 0.140145 -8.273609
19.585825 6.967045 -7.787775
19.485680 0.140145 -8.190640
17.854562 7.111249 -7.746290
17.804488 0.140145 -8.149156
-21.546664 0.000001 8.032713
-4.599109 -0.000000 7.088561
2.844369 -0.000000 6.639587
16.123297 -0.000000 5.904910
30.538425 -0.000000 4.932591
-22.676254 8.540208 8.201667
-4.599109 9.051362 7.088561
2.844369 9.180709 6.639587
30.924344 5.830894 4.932590
-23.678549 0.000001 8.287657
-9.799092 9.006228 7.408752
14.945468 9.237067 5.970075
30.394806 6.074095 4.896827
-30.228479 7.630894 8.542614
23.048354 6.955896 5.188808
22.848059 -0.000000 5.450008
19.585826 7.028645 5.349289
19.485680 -0.000000 5.677459
17.854562 7.301595 5.421783
17.804488 -0.000000 5.791185
-20.404706 0.585336 8.111012
-19.116779 0.446286 8.025731
-18.612076 0.214275 7.838397
-9.407256 -0.000000 6.992952
-7.862173 0.258414 7.289485
-6.885649 0.237260 7.229356
-6.184949 -0.000000 6.794537
-21.737859 0.000001 7.732505
-18.353665 0.000001 7.513875
-21.051639 0.214275 7.863650
-20.382602 0.487943 8.061446
-19.198842 0.348814 7.936351
-19.072701 0.214275 7.732613
-19.175385 0.323794 7.935965
-9.799092 9.006228 -7.279787
17.854562 7.415475 4.861746
19.585826 7.271271 4.803561
23.042155 7.134689 4.987458
29.973410 6.309851 4.865503
30.410577 6.234538 4.848475
30.941113 5.827937 4.750651
16.123297 7.228829 5.904910
17.851358 6.940739 5.791185
19.579878 6.839388 5.677459
23.034415 6.637950 5.450008
29.949295 5.929974 4.995107
30.372757 5.886689 4.967404
15.514096 8.389197 -8.215967
16.123297 7.181449 -8.230354
17.851169 6.913092 -8.271838
19.579610 6.819975 -8.313323
23.034300 6.633878 -8.396292
10.429759 0.000001 -7.799942
12.821130 0.000000 -7.880833
13.646912 0.000000 -8.133256
14.945468 0.000000 -7.984107
15.518790 0.000000 -7.998258
16.123297 0.000000 -8.013177
17.804489 0.000000 -8.054672
19.485681 0.000000 -8.096165
22.848059 0.000000 -8.230019
26.018753 0.000000 -8.227431
27.497699 0.140145 -8.388342
13.319560 0.140145 -8.078511
12.274509 9.224628 -8.159542
-30.632809 7.536494 -5.904490
