-7.485800 -0.000000 19.476382
3.221778 -0.000000 19.886996
8.275503 -0.000000 19.318454
17.877580 -0.000000 12.116896
20.088544 0.000000 -1.496610
12.413195 0.000000 -17.447447
1.023193 0.000000 -9.141537
6.771806 0.000000 -6.361989
8.477437 0.000000 -3.582441
8.888052 -0.000000 3.113744
4.497628 -0.000000 8.388569
-4.346389 -0.000000 8.641255
-9.052665 0.000000 -3.266570
-7.536548 0.000000 -6.014532
-2.451237 0.000000 -9.046767
6.771806 19.489197 -6.361989
4.497628 19.489197 8.388569
-4.346389 19.489197 8.641255
-8.894740 19.489197 3.903389
-9.052665 19.489197 -3.266570
-7.536548 19.489197 -6.014532
4.402872 0.000000 -8.099207
9.267081 0.000000 -0.392277
7.087663 -0.000000 6.303907
1.718081 -0.000000 9.525658
-1.156225 -0.000000 9.494071
-7.031179 -0.000000 6.682937
-8.894740 -0.000000 3.903389
-9.621214 -0.000000 0.460539
-5.072857 0.000000 -7.941264
-10.833904 19.489197 -18.363338
-19.077791 19.043541 -8.856017
-20.025374 19.644614 -4.402446
-20.088544 19.489197 0.588107
-19.804276 19.127243 5.389145
-14.624187 19.489197 16.254631
-7.485800 19.489197 19.476382
-2.747934 19.489197 19.981754
3.221778 19.489197 19.886996
19.330486 18.719856 7.789609
20.025374 18.335896 2.830642
20.088544 18.202034 -1.496610
12.413195 19.687613 -17.447447
4.232479 19.489197 -19.658450
1.023193 19.489197 -9.141537
4.402872 19.489197 -8.099207
8.477437 19.489197 -3.582441
9.267081 19.489197 -0.392277
8.888052 19.489197 3.113744
7.087663 19.489197 6.303907
1.718081 19.489197 9.525658
-1.156225 19.489197 9.494071
-7.031179 19.489197 6.682937
-9.621214 19.489197 0.460539
-5.072857 19.489197 -7.941264
-2.451237 19.489197 -9.046767
8.824083 19.704109 -15.113338
8.874389 19.489197 -13.317575
8.903245 19.489197 -12.287507
9.360358 19.489197 -11.448551
10.786402 19.004973 -8.831284
10.590187 19.489197 -15.319951
11.097894 19.088504 -14.862849
12.866826 19.082782 -13.270238
15.696532 19.023778 -11.851404
18.017918 18.210820 -10.904737
9.732288 18.771361 -14.318762
10.229128 18.771361 -13.155701
13.241466 18.771361 -10.341344
11.826615 18.771361 -11.050759
12.630035 18.646680 -12.764999
10.359155 18.616774 -15.050331
10.850176 18.605403 -14.376077
15.218123 18.670206 -11.557144
18.430032 18.210820 -9.890810
-16.024289 19.489197 -2.584910
-17.093971 19.489197 -4.098992
-18.128365 19.489197 -5.563118
-17.709973 19.489197 -0.123323
-18.702974 19.489197 -9.820965
-17.455841 19.489197 -9.242162
-16.695938 19.489197 -8.269599
-18.220642 19.489197 -7.067670
-19.419983 19.489197 -7.247738
-19.953558 19.520953 2.747153
-16.805525 19.226735 4.980749
19.235741 18.154378 -7.908535
17.245819 19.096817 -12.804338
19.330486 -0.000000 7.789609
20.025374 -0.000000 2.830642
19.235741 0.000000 -7.908535
17.245819 0.000000 -12.804338
-14.908469 19.489197 -15.994403
-17.593259 19.489197 -12.677897
-18.856680 19.853207 9.874304
-17.182634 19.489197 13.475082
-14.908469 0.000000 -15.994403
-17.593259 0.000000 -12.677897
-19.077791 0.000000 -8.856017
-20.025374 0.000000 -4.402446
-20.088544 -0.000000 0.588107
-18.856680 -0.000000 9.874304
-14.624187 -0.000000 16.254631
-19.374060 19.742693 7.425426
-20.044681 19.167677 -2.877117
-20.064410 19.171042 -1.318548
-11.560367 -0.000000 18.118193
-14.908469 17.951064 -15.994403
-17.593259 17.951064 -12.677897
-19.077791 17.951064 -8.856017
-20.025374 17.951064 -4.402446
-20.088544 17.951064 0.588107
-19.804276 17.951064 5.389144
-18.856680 17.951064 9.874304
-17.182634 17.951064 13.475082
-14.624187 17.951064 16.254631
-10.833904 17.951064 -18.363338
-14.908469 2.140687 -15.994403
-17.593259 2.140687 -12.677897
-19.077791 2.140687 -8.856017
-20.025374 2.140687 -4.402446
-20.088544 2.140687 0.588107
-19.804276 2.140687 5.389144
-18.856680 2.140687 9.874304
-17.182634 2.140687 13.475082
-14.624187 2.140687 16.254631
-11.560367 2.140687 18.118193
-11.560367 19.489197 18.118193
8.275503 19.489197 19.318454
12.286896 19.489197 17.739162
15.445473 19.489197 15.370230
-2.747934 -0.000000 19.981754
12.286896 -0.000000 17.739162
15.445473 -0.000000 15.370230
17.877580 18.985898 12.116896
-0.758040 19.489197 -19.942624
-6.159208 19.489197 -19.500424
12.413195 19.489197 -17.447447
8.370216 19.489197 -18.868808
-0.758040 0.000000 -19.942624
-6.159208 0.000000 -19.500424
-10.833904 0.000000 -18.363338
8.370216 0.000000 -18.868808
4.232479 0.000000 -19.658450
14.940056 18.785275 -15.520717
14.940056 0.000000 -15.520717
-19.804276 10.173476 5.389144
-18.856680 10.199166 9.874304
-19.804276 9.351959 5.389144
-18.856680 9.334171 9.874304
19.235741 2.178114 -7.908535
20.088544 1.586593 -1.496610
20.025374 1.598261 2.830642
19.330486 2.092977 7.789609
17.877580 2.116166 12.116896
15.445473 2.160037 15.370230
12.286896 2.160037 17.739162
8.275503 2.160037 19.318454
3.221778 1.698789 19.886996
19.235741 15.578796 -7.908535
20.088544 15.619690 -1.496610
20.025374 15.734563 2.830642
19.330486 16.064049 7.789609
17.877580 16.292348 12.116896
15.445476 16.724242 15.370232
12.286896 16.724242 17.739165
8.275503 16.724242 19.318454
3.221778 16.724242 19.886996
-10.833904 16.400566 -18.363338
-6.159208 16.400566 -19.500424
-0.758040 16.400566 -19.942624
4.232479 16.400566 -19.658450
8.370216 16.400566 -18.868808
12.413195 16.400566 -17.447447
14.940056 15.808202 -15.520717
17.245819 16.070370 -12.804338
-10.833904 2.140687 -18.363338
-6.159208 2.140687 -19.500424
-0.758040 1.564815 -19.942624
4.232479 1.564815 -19.658450
8.370216 2.160490 -18.868808
12.413195 2.160490 -17.447447
14.940056 2.103971 -15.520717
17.245819 2.128985 -12.804338
-2.747934 17.135347 19.981754
-7.485800 17.612277 19.476382
-11.560367 17.951064 18.118195
-2.747934 1.800001 19.981754
-7.485800 2.043632 19.476382
20.006781 2.140687 -4.673783
19.754094 2.140687 -10.990939
4.561335 2.140687 -19.961299
19.690921 17.970992 -4.452682
19.994975 2.140687 3.461269
19.216647 17.970992 15.400694
19.994975 17.970992 3.461269
4.656093 17.970992 -19.487512
20.006781 17.970992 -4.673783
19.754094 17.970992 -10.990939
15.647943 17.970992 -19.361168
-19.949181 17.970992 -9.948598
-20.012354 17.970992 -4.326329
-10.189679 17.970992 19.506889
3.486930 17.970992 19.727945
15.647455 17.970992 18.906714
4.656093 2.140687 -19.487512
19.690921 2.140687 -4.452682
15.647943 2.140687 -19.361168
10.404706 2.140687 -19.771783
-4.440567 2.140687 -19.645430
-4.661668 2.140687 -19.992874
-19.443810 2.140687 -16.107825
-20.012354 2.140687 -4.326329
-19.791753 2.140687 5.230118
-18.686252 2.140687 18.369803
-14.832787 2.140687 19.033102
3.486930 2.140687 19.727945
15.647455 2.140687 18.906714
19.216647 2.140687 15.400694
-19.949181 2.140687 -9.948598
-19.443810 17.970992 -16.107825
-19.223212 2.140687 12.937047
-19.791753 17.970992 5.230118
-19.223212 17.970992 12.937047
-18.686252 17.970992 18.369803
-18.829518 2.140685 -18.876096
-19.033197 17.970992 -18.982127
-18.401981 2.140687 18.906760
-13.253500 2.140687 19.001518
-10.189679 2.140687 19.506889
-2.609092 2.140687 19.980676
-18.401981 17.970992 18.906760
-14.832787 17.970992 19.033102
-13.253500 17.970992 19.001518
-2.609092 17.970992 19.980676
3.486930 2.140687 19.992876
8.287968 2.140687 19.475259
11.667648 2.140687 19.317331
3.486930 17.970992 19.992876
8.287968 17.970992 19.475259
11.667648 17.970992 19.317331
17.992763 17.467761 18.106644
18.806032 15.800189 18.432928
18.626945 10.474374 18.308293
15.647455 10.503607 18.906714
11.667648 10.574879 19.317331
8.287968 10.522134 19.475259
3.486930 10.428728 19.992876
18.499374 9.599688 18.432928
15.647455 9.693281 18.906714
11.667648 9.647025 19.317331
8.287968 9.607983 19.475259
3.486930 9.552157 19.992876
17.998358 5.878529 18.554079
18.047769 4.597424 18.546667
18.806032 4.553371 18.432928
18.121117 2.828066 18.535666
15.647455 14.566139 18.906714
16.634717 12.759672 18.758624
10.404706 17.970992 -19.771783
-4.440567 17.970992 -19.645430
-4.661668 17.970992 -19.992874
19.027621 2.357952 -18.887383
19.027621 17.970992 -18.887383
4.561335 17.970992 -19.961299
19.003430 17.970992 16.975230
19.994975 10.267996 3.461269
19.216647 10.403709 15.400694
19.994975 9.445811 3.461269
19.216647 9.599983 15.400694
18.950735 5.850321 17.364362
18.806032 5.955568 18.432928
18.928706 4.584454 17.527037
19.140128 4.419461 15.965762
18.402959 2.140687 17.885986
19.003680 2.140687 16.973386
18.806035 2.887138 18.432928
17.730249 2.140687 18.594296
20.006781 10.237090 -4.673783
19.754094 10.261888 -10.990939
19.027621 9.429497 -18.887383
19.754094 9.611695 -10.990939
19.027621 10.455543 -18.887383
15.647943 10.442178 -19.361168
10.404706 10.329332 -19.771783
4.561335 10.127449 -19.961299
4.561335 9.411094 -19.961299
10.404706 9.559344 -19.771783
15.647945 9.611957 -19.361168
-4.440567 10.118790 -19.645430
-4.661668 10.209567 -19.992874
-19.033197 10.296622 -18.982127
-4.440567 9.470238 -19.645430
-4.661668 9.564678 -19.992874
-19.033197 9.497278 -18.982127
-19.443810 10.278979 -16.107825
-19.949181 10.182607 -9.948598
-20.011708 10.033906 -4.383824
-19.443810 9.493371 -16.107825
-19.949181 9.422151 -9.948598
-20.011711 9.291672 -4.383546
-18.401981 10.346512 18.906760
-18.686252 10.354422 18.369803
-19.223210 10.283156 12.937047
-19.779404 10.172030 5.397502
-18.401981 9.498297 18.906760
-18.686252 9.512310 18.369803
-19.223210 9.451187 12.937047
-19.779407 9.349969 5.397493
-14.832787 10.318513 19.033102
-13.253500 10.299698 19.001518
-10.189679 10.304809 19.506889
-2.739868 10.261193 19.972502
-14.832787 9.482025 19.033102
-13.253500 9.466789 19.001518
-10.189679 9.489273 19.506889
-2.739894 9.473849 19.972502
17.561638 10.338489 17.935286
15.606319 10.411919 18.688586
15.606158 9.726534 18.699095
17.558327 9.663152 17.938647
18.890947 9.599983 15.356589
18.890947 10.403709 15.356589
19.426804 10.261888 -10.960827
19.426804 9.611695 -10.960827
18.729037 9.575973 -18.750002
15.612282 9.611957 -19.034435
15.612201 10.442178 -19.034444
18.918550 10.408748 -18.584760
-18.809271 10.296622 -18.741541
-18.808897 9.497278 -18.741888
-19.117189 9.493371 -16.071169
-19.117201 10.278979 -16.071062
-18.226428 10.346512 18.628897
-18.371559 10.354422 18.274963
-18.896130 10.283156 12.904718
-18.896130 9.451187 12.904718
-18.371629 9.512309 18.274733
-18.228922 9.498296 18.627339
-14.830299 9.482025 18.704437
-13.229916 9.466789 18.673692
-10.136187 9.489273 19.182597
-10.136187 10.304809 19.182597
-13.230040 10.299698 18.673683
-14.830200 10.318513 18.704440
18.396124 13.865808 18.494415
19.216647 14.492128 15.400694
18.806032 14.487582 18.432928
19.216647 12.544913 15.400694
18.806032 12.847923 18.432928
18.828873 13.856631 18.264256
18.801915 14.341167 18.402687
18.688486 13.111613 18.351941
