10.509443 0.241212 -2.815995
10.255866 0.000000 -2.748050
9.350151 0.069566 -5.398312
9.422509 0.241212 -5.440087
9.195158 0.000000 -5.308825
7.634367 0.069566 -7.634364
7.693447 0.241212 -7.693445
7.507816 0.000000 -7.507814
5.398313 0.069566 -9.350149
5.440089 0.241212 -9.422508
5.308828 0.000000 -9.195157
2.794373 0.069566 -10.428738
2.815998 0.241212 -10.509442
2.748052 0.000000 -10.255865
0.000001 0.069566 -10.796624
0.000001 0.241212 -10.880177
0.000001 0.000000 -10.617653
-2.794371 0.069566 -10.428740
-2.815995 0.241212 -10.509445
-2.748050 0.000000 -10.255866
-5.398312 0.069566 -9.350151
-5.440088 0.241212 -9.422509
-5.308826 0.000000 -9.195158
-7.634367 0.069566 -7.634368
-7.693447 0.241212 -7.693448
-7.507816 0.000000 -7.507818
-9.350151 0.069566 -5.398314
-9.422509 0.241212 -5.440090
-9.195160 0.000000 -5.308828
-10.428741 0.069566 -2.794373
-10.509445 0.241212 -2.815998
-10.255869 0.000000 -2.748052
-10.796627 0.069566 -0.000001
-10.880179 0.241212 -0.000001
-10.617657 0.000000 -0.000001
-10.428741 0.069566 2.794372
-10.509446 0.241212 2.815997
-10.255869 -0.000000 2.748051
-9.350154 0.069566 5.398313
-9.422512 0.241212 5.440089
-9.195160 -0.000000 5.308828
-7.634369 0.069566 7.634368
-7.693449 0.241212 7.693448
-7.507818 -0.000000 7.507818
-5.398314 0.069566 9.350154
-5.440090 0.241212 9.422512
-5.308830 -0.000000 9.195162
-2.794373 0.069566 10.428743
-2.815998 0.241212 10.509447
-2.748052 -0.000000 10.255870
0.000000 0.069566 10.796628
0.000000 0.241212 10.880180
0.000000 -0.000000 10.617657
2.794373 0.069566 10.428743
2.815998 0.241212 10.509447
2.748052 -0.000000 10.255870
5.398314 0.069566 9.350156
5.440090 0.241212 9.422513
5.308828 -0.000000 9.195162
7.634370 0.069566 7.634370
7.693449 0.241212 7.693451
7.507818 -0.000000 7.507819
9.350156 0.069566 5.398315
9.422514 0.241212 5.440091
9.195164 -0.000000 5.308830
10.428744 0.069566 2.794374
10.509449 0.241212 2.815998
10.255872 -0.000000 2.748053
10.796630 0.069566 0.000000
10.880182 0.241212 0.000000
10.617660 0.000000 0.000000
11.226100 10.922513 -3.008024
11.288251 10.739723 -3.024677
11.053248 11.000000 -2.961708
10.065047 10.922513 -5.811057
10.120770 10.739723 -5.843228
9.910072 11.000000 -5.721581
8.218076 10.922513 -8.218075
8.263574 10.739723 -8.263573
8.091539 11.000000 -8.091538
5.811058 10.922513 -10.065045
5.843230 10.739723 -10.120768
5.721583 11.000000 -9.910069
3.008026 10.922513 -11.226099
3.024679 10.739723 -11.288250
2.961710 11.000000 -11.053245
0.000001 10.922513 -11.622115
0.000001 10.739723 -11.686459
0.000001 11.000000 -11.443165
-3.008024 10.922513 -11.226101
-3.024677 10.739723 -11.288252
-2.961708 11.000000 -11.053248
-5.811057 10.922513 -10.065048
-5.843228 10.739723 -10.120771
-5.721582 11.000000 -9.910073
-8.218077 10.922513 -8.218078
-8.263576 10.739723 -8.263576
-8.091540 11.000000 -8.091541
-10.065048 10.922513 -5.811059
-10.120771 10.739723 -5.843230
-9.910073 11.000000 -5.721583
-11.226101 10.922513 -3.008026
-11.288252 10.739723 -3.024679
-11.053248 11.000000 -2.961710
-11.622118 10.922513 -0.000001
-11.686460 10.739723 -0.000001
-11.443167 11.000000 -0.000001
-11.226101 10.922513 3.008024
-11.288252 10.739723 3.024678
-11.053248 11.000000 2.961709
-10.065049 10.922513 5.811058
-10.120773 10.739723 5.843230
-9.910074 11.000000 5.721583
-8.218079 10.922513 8.218078
-8.263577 10.739723 8.263576
-8.091542 11.000000 8.091541
-5.811059 10.922513 10.065048
-5.843231 10.739723 10.120771
-5.721583 11.000000 9.910073
-3.008026 10.922513 11.226104
-3.024679 10.739723 11.288255
-2.961710 11.000000 11.053251
0.000000 10.922513 11.622119
0.000000 10.739723 11.686462
0.000000 11.000000 11.443167
3.008025 10.922513 11.226104
3.024679 10.739723 11.288255
2.961710 11.000000 11.053251
5.811059 10.922513 10.065049
5.843231 10.739723 10.120773
5.721585 11.000000 9.910075
8.218080 10.922513 8.218080
8.263577 10.739723 8.263577
8.091543 11.000000 8.091543
10.065049 10.922513 5.811060
10.120773 10.739723 5.843232
9.910075 11.000000 5.721586
11.226105 10.922513 3.008026
11.288256 10.739723 3.024680
11.053251 11.000000 2.961711
11.622120 10.922513 0.000000
11.686463 10.739723 0.000000
11.443170 11.000000 0.000000
4.961587 0.073494 -1.329451
5.134452 0.000000 -1.375770
4.889985 0.250925 -1.310265
4.448434 0.073494 -2.568304
4.603419 0.000000 -2.657785
4.384237 0.250925 -2.531240
3.632131 0.073494 -3.632129
3.758676 0.000000 -3.758674
3.579714 0.250925 -3.579712
2.568307 0.073494 -4.448431
2.657789 0.000000 -4.603417
2.531243 0.250925 -4.384234
1.329454 0.073494 -4.961587
1.375773 0.000000 -5.134450
1.310268 0.250925 -4.889984
0.000001 0.073494 -5.136610
0.000002 0.000000 -5.315571
0.000001 0.250925 -5.062481
-1.329451 0.073494 -4.961588
-1.375770 0.000000 -5.134452
-1.310265 0.250925 -4.889986
-2.568305 0.073494 -4.448432
-2.657786 0.000000 -4.603418
-2.531240 0.250925 -4.384235
-3.632130 0.073494 -3.632130
-3.758675 0.000000 -3.758675
-3.579713 0.250925 -3.579713
-4.448433 0.073494 -2.568304
-4.603418 0.000000 -2.657785
-4.384236 0.250925 -2.531240
-4.961589 0.073494 -1.329452
-5.134453 0.000000 -1.375771
-4.889986 0.250925 -1.310266
-5.136611 0.073494 0.000001
-5.315572 -0.000000 0.000001
-5.062481 0.250925 0.000001
-4.961590 0.073494 1.329453
-5.134454 -0.000000 1.375772
-4.889987 0.250925 1.310268
-4.448433 0.073494 2.568308
-4.603419 -0.000000 2.657789
-4.384236 0.250925 2.531243
-3.632130 0.073494 3.632132
-3.758676 -0.000000 3.758677
-3.579714 0.250925 3.579715
-2.568305 0.073494 4.448435
-2.657787 -0.000000 4.603421
-2.531241 0.250925 4.384238
-1.329452 0.073494 4.961591
-1.375771 -0.000000 5.134456
-1.310266 0.250925 4.889988
0.000001 0.073494 5.136613
0.000001 -0.000000 5.315575
0.000001 0.250925 5.062485
1.329453 0.073494 4.961591
1.375772 -0.000000 5.134456
1.310268 0.250925 4.889988
2.568307 0.073494 4.448436
2.657788 -0.000000 4.603422
2.531243 0.250925 4.384239
3.632133 0.073494 3.632133
3.758677 -0.000000 3.758678
3.579715 0.250925 3.579716
4.448437 0.073494 2.568308
4.603422 -0.000000 2.657789
4.384240 0.250925 2.531243
4.961593 0.073494 1.329454
5.134457 -0.000000 1.375773
4.889989 0.250925 1.310268
5.136613 0.073494 0.000001
5.315575 -0.000000 0.000001
5.062484 0.250925 0.000001
4.961587 10.926506 -1.329451
4.889985 10.749075 -1.310265
5.134452 11.000000 -1.375770
4.448434 10.926506 -2.568304
4.384237 10.749075 -2.531240
4.603419 11.000000 -2.657785
3.632131 10.926506 -3.632129
3.579714 10.749075 -3.579712
3.758676 11.000000 -3.758674
2.568307 10.926506 -4.448431
2.531243 10.749075 -4.384234
2.657789 11.000000 -4.603417
1.329454 10.926506 -4.961587
1.310268 10.749075 -4.889984
1.375773 11.000000 -5.134450
0.000001 10.926506 -5.136610
0.000001 10.749075 -5.062481
0.000002 11.000000 -5.315571
-1.329451 10.926506 -4.961588
-1.310265 10.749075 -4.889986
-1.375770 11.000000 -5.134452
-2.568305 10.926506 -4.448432
-2.531240 10.749075 -4.384235
-2.657786 11.000000 -4.603418
-3.632130 10.926506 -3.632130
-3.579713 10.749075 -3.579713
-3.758675 11.000000 -3.758675
-4.448433 10.926506 -2.568304
-4.384236 10.749075 -2.531240
-4.603418 11.000000 -2.657785
-4.961589 10.926506 -1.329452
-4.889986 10.749075 -1.310266
-5.134453 11.000000 -1.375771
-5.136611 10.926506 0.000001
-5.062481 10.749075 0.000001
-5.315572 11.000000 0.000001
-4.961590 10.926506 1.329453
-4.889987 10.749075 1.310268
-5.134454 11.000000 1.375772
-4.448433 10.926506 2.568308
-4.384236 10.749075 2.531243
-4.603419 11.000000 2.657789
-3.632130 10.926506 3.632132
-3.579714 10.749075 3.579715
-3.758676 11.000000 3.758677
-2.568305 10.926506 4.448435
-2.531241 10.749075 4.384238
-2.657787 11.000000 4.603421
-1.329452 10.926506 4.961591
-1.310266 10.749075 4.889988
-1.375771 11.000000 5.134456
0.000001 10.926506 5.136613
0.000001 10.749075 5.062485
0.000001 11.000000 5.315575
1.329453 10.926506 4.961591
1.310268 10.749075 4.889988
1.375772 11.000000 5.134456
2.568307 10.926506 4.448436
2.531243 10.749075 4.384239
2.657788 11.000000 4.603422
3.632133 10.926506 3.632133
3.579715 10.749075 3.579716
3.758677 11.000000 3.758678
4.448437 10.926506 2.568308
4.384240 10.749075 2.531243
4.603422 11.000000 2.657789
4.961593 10.926506 1.329454
4.889989 10.749075 1.310268
5.134457 11.000000 1.375773
5.136613 10.926506 0.000001
5.062484 10.749075 0.000001
5.315575 11.000000 0.000001
10.313679 0.295311 -2.763540
10.288280 0.220754 -2.756735
9.224219 0.220753 -5.325604
9.246990 0.295311 -5.338752
10.215534 0.205570 -2.737243
9.158997 0.205570 -5.287948
10.651217 0.220753 0.000000
10.575904 0.205570 0.000000
10.677510 0.295311 0.000000
7.531544 0.220753 -7.531541
7.550137 0.295311 -7.550135
7.478290 0.205570 -7.478289
5.325606 0.220753 -9.224217
5.338753 0.295311 -9.246988
5.287950 0.205570 -9.158996
2.756737 0.220753 -10.288278
2.763543 0.295311 -10.313677
2.737245 0.205570 -10.215532
0.000001 0.220753 -10.651211
0.000001 0.295311 -10.677505
0.000001 0.205570 -10.575897
-2.756735 0.220753 -10.288282
-2.763540 0.295311 -10.313680
-2.737243 0.205570 -10.215534
-5.325604 0.220753 -9.224219
-5.338752 0.295311 -9.246990
-5.287949 0.205570 -9.158997
-7.531544 0.220753 -7.531545
-7.550137 0.295311 -7.550137
-7.478290 0.205570 -7.478292
-9.224219 0.220753 -5.325607
-9.246990 0.295310 -5.338754
-9.158998 0.205570 -5.287951
-10.288282 0.220753 -2.756737
-10.313681 0.295310 -2.763543
-10.215535 0.205570 -2.737245
-10.651214 0.220753 -0.000001
-10.677507 0.295311 -0.000001
-10.575901 0.205570 -0.000001
-10.288282 0.220753 2.756736
-10.313681 0.295310 2.763542
-10.215535 0.205570 2.737244
-9.224222 0.220753 5.325606
-9.246994 0.295310 5.338753
-9.158998 0.205570 5.287950
-7.531546 0.220753 7.531545
-7.550138 0.295310 7.550137
-7.478292 0.205570 7.478292
-5.325608 0.220753 9.224222
-5.338754 0.295310 9.246994
-5.287951 0.205570 9.159000
-2.756737 0.220753 10.288283
-2.763543 0.295311 10.313683
-2.737245 0.205570 10.215537
0.000000 0.220753 10.651215
0.000000 0.295311 10.677508
0.000000 0.205570 10.575902
2.756737 0.220753 10.288283
2.763542 0.295311 10.313683
2.737245 0.205570 10.215537
5.325607 0.220753 9.224223
5.338754 0.295311 9.246994
5.287951 0.205570 9.159000
7.531548 0.220753 7.531548
7.550139 0.295310 7.550140
7.478292 0.205570 7.478293
9.224223 0.220753 5.325608
9.246995 0.295311 5.338755
9.159002 0.205570 5.287952
10.288285 0.220753 2.756737
10.313684 0.295311 2.763543
10.215539 0.205570 2.737246
11.087307 10.712795 -2.970834
11.074896 10.782877 -2.967508
11.465581 10.782877 0.000000
11.478432 10.712795 0.000000
11.008875 10.795324 -2.949818
11.397231 10.795324 0.000000
9.929481 10.782877 -5.732787
9.870288 10.795324 -5.698612
9.940609 10.712795 -5.739212
8.107387 10.782877 -8.107386
8.059056 10.795324 -8.059055
8.116472 10.712795 -8.116472
5.732789 10.782877 -9.929479
5.698615 10.795324 -9.870286
5.739214 10.712795 -9.940606
2.967511 10.782876 -11.074895
2.949821 10.795324 -11.008871
2.970836 10.712795 -11.087305
0.000001 10.782877 -11.465578
0.000001 10.795324 -11.397225
0.000001 10.712795 -11.478425
-2.967509 10.782877 -11.074897
-2.949818 10.795324 -11.008875
-2.970834 10.712795 -11.087308
-5.732788 10.782877 -9.929483
-5.698613 10.795324 -9.870290
-5.739213 10.712795 -9.940611
-8.107388 10.782877 -8.107388
-8.059057 10.795324 -8.059058
-8.116473 10.712795 -8.116474
-9.929483 10.782877 -5.732789
-9.870290 10.795324 -5.698615
-9.940611 10.712795 -5.739214
-11.074897 10.782876 -2.967511
-11.008875 10.795324 -2.949821
-11.087308 10.712795 -2.970836
-11.465579 10.782876 -0.000001
-11.397229 10.795324 -0.000001
-11.478428 10.712795 -0.000001
-11.074897 10.782877 2.967509
-11.008873 10.795324 2.949819
-11.087308 10.712795 2.970835
-9.929483 10.782877 5.732789
-9.870291 10.795324 5.698614
-9.940611 10.712795 5.739214
-8.107389 10.782877 8.107388
-8.059059 10.795324 8.059057
-8.116475 10.712795 8.116474
-5.732790 10.782877 9.929483
-5.698615 10.795324 9.870290
-5.739214 10.712795 9.940611
-2.967511 10.782876 11.074900
-2.949821 10.795324 11.008879
-2.970836 10.712795 11.087310
-0.000001 10.782877 11.465581
0.000000 10.795324 11.397229
-0.000001 10.712795 11.478429
2.967510 10.782877 11.074900
2.949820 10.795324 11.008877
2.970836 10.712795 11.087310
5.732790 10.782877 9.929483
5.698616 10.795324 9.870292
5.739214 10.712795 9.940612
8.107390 10.782877 8.107390
8.059060 10.795324 8.059060
8.116476 10.712795 8.116476
9.929483 10.782877 5.732790
9.870292 10.795324 5.698617
9.940612 10.712795 5.739216
11.074901 10.782876 2.967511
11.008879 10.795324 2.949821
11.087313 10.712795 2.970837
