4.305652 27.184816 -1.055526
0.000000 27.866764 -1.055526
-4.305652 27.184813 -1.055526
-8.189837 25.205723 -1.055526
-11.272343 22.123217 -1.055526
-13.251433 18.239031 -1.055526
-13.933380 13.933380 -1.055526
-13.251433 9.627728 -1.055526
-11.272342 5.743547 -1.055526
-8.189833 2.661038 -1.055526
-4.305652 0.681948 -1.055526
0.000000 0.000000 -1.055526
4.305650 0.681949 -1.055526
8.189833 2.661039 -1.055526
11.272340 5.743547 -1.055526
13.251430 9.627729 -1.055526
13.933378 13.933380 -1.055526
9.831674 17.127882 -0.215637
8.363321 20.009687 -0.215637
6.076306 22.296701 -0.215637
3.194502 23.765049 -0.215637
0.000000 24.271008 -0.215637
-3.194502 23.765049 -0.215637
-6.076306 22.296700 -0.215637
-8.363315 20.009686 -0.215637
-9.831669 17.127882 -0.215637
-10.337625 13.933381 -0.215637
-9.831669 10.738879 -0.215637
-8.363315 7.857078 -0.215637
-6.076304 5.570065 -0.215637
-3.194502 4.101713 -0.215637
-0.000001 3.595759 -0.215637
3.194500 4.101714 -0.215637
6.076302 5.570066 -0.215637
8.363315 7.857078 -0.215637
9.831666 10.738880 -0.215637
10.337621 13.933381 -0.215637
13.251439 18.239033 0.368795
11.272347 22.123219 0.368795
8.611368 20.189903 0.368795
10.123271 17.222628 0.368795
8.189839 25.205727 0.368795
6.256522 22.544748 0.368795
4.305652 27.184816 0.368795
3.289248 24.056648 0.368795
0.000000 27.866764 0.368795
0.000000 24.577612 0.368795
-4.305652 27.184813 0.368795
-3.289248 24.056646 0.368795
-8.189837 25.205723 0.368795
-6.256522 22.544746 0.368795
-11.272343 22.123217 0.368795
-8.611363 20.189901 0.368795
-13.251433 18.239031 0.368795
-10.123266 17.222628 0.368795
-13.933380 13.933380 0.368795
-10.644228 13.933380 0.368795
-13.251433 9.627728 0.368795
-10.123266 10.644133 0.368795
-11.272342 5.743547 0.368795
-8.611363 7.676861 0.368795
-8.189833 2.661038 0.368795
-6.256521 5.322017 0.368795
-4.305652 0.681948 0.368795
-3.289246 3.810116 0.368795
0.000000 -0.000000 0.368795
-0.000001 3.289154 0.368795
4.305650 0.681949 0.368795
3.289245 3.810117 0.368795
8.189833 2.661039 0.368795
6.256519 5.322019 0.368795
11.272340 5.743547 0.368795
8.611363 7.676861 0.368795
13.251430 9.627729 0.368795
10.123263 10.644134 0.368795
13.933378 13.933380 0.368795
10.644226 13.933380 0.368795
1.933375 14.561576 -0.215637
1.644629 15.128271 -0.215637
1.194888 15.578015 -0.215637
0.628190 15.866758 -0.215637
-0.000003 15.966267 -0.215637
-0.628196 15.866758 -0.215637
-1.194895 15.578015 -0.215637
-1.644633 15.128274 -0.215637
-1.933379 14.561576 -0.215637
-2.032880 13.933383 -0.215637
-1.933379 13.305190 -0.215637
-1.644633 12.738492 -0.215637
-1.194895 12.288752 -0.215637
-0.628196 12.000006 -0.215637
-0.000003 11.900499 -0.215637
0.628190 12.000006 -0.215637
1.194888 12.288752 -0.215637
1.644628 12.738492 -0.215637
1.933374 13.305190 -0.215637
2.032874 13.933382 -0.215637
0.300636 14.151808 1.055526
0.353419 14.048216 1.055526
0.218423 14.234021 1.055526
0.114831 14.286804 1.055526
-0.000003 14.304994 1.055526
-0.114837 14.286804 1.055526
-0.218429 14.234021 1.055526
-0.300641 14.151809 1.055526
-0.353424 14.048216 1.055526
-0.371613 13.933383 1.055526
-0.353424 13.818549 1.055526
-0.300641 13.714957 1.055526
-0.218429 13.632744 1.055526
-0.114837 13.579962 1.055526
-0.000003 13.561772 1.055526
0.114831 13.579962 1.055526
0.218423 13.632744 1.055526
0.300636 13.714957 1.055526
0.353418 13.818549 1.055526
0.371607 13.933383 1.055526
0.532818 12.293531 0.348087
-0.000003 12.209130 0.348087
-0.532824 12.293531 0.348087
-1.013486 12.538439 0.348087
-1.394946 12.919900 0.348087
-1.639854 13.400562 0.348087
-1.724250 13.933383 0.348087
-1.639854 14.466204 0.348087
-1.394946 14.946866 0.348087
-1.013486 15.328327 0.348087
-0.532824 15.573234 0.348087
-0.000003 15.657636 0.348087
0.532818 15.573234 0.348087
1.013480 15.328327 0.348087
1.394942 14.946864 0.348087
1.639851 14.466204 0.348087
1.724244 13.933382 0.348087
1.639849 13.400562 0.348087
1.394941 12.919900 0.348087
1.013480 12.538439 0.348087
0.375168 12.778728 0.789287
-0.000003 12.719300 0.789287
-0.375174 12.778728 0.789287
-0.713618 12.951173 0.789287
-0.982212 13.219768 0.789287
-1.154657 13.558212 0.789287
-1.214082 13.933383 0.789287
-1.154657 14.308554 0.789287
-0.982212 14.646998 0.789287
-0.713618 14.915593 0.789287
-0.375174 15.088037 0.789287
-0.000003 15.147466 0.789287
0.375168 15.088037 0.789287
0.713612 14.915593 0.789287
0.982208 14.646997 0.789287
1.154653 14.308554 0.789287
1.214077 13.933382 0.789287
1.154652 13.558212 0.789287
0.982207 13.219768 0.789287
0.713612 12.951173 0.789287
1.710584 15.176190 -0.215637
2.010910 14.586769 -0.215637
2.114398 13.933382 -0.215637
2.010908 13.279998 -0.215637
1.710583 12.690573 -0.215637
1.242807 12.222797 -0.215637
0.653382 11.922472 -0.215637
-0.000003 11.818975 -0.215637
-0.653389 11.922472 -0.215637
-1.242813 12.222797 -0.215637
-1.710587 12.690573 -0.215637
-2.010913 13.279998 -0.215637
-2.114405 13.933383 -0.215637
-2.010913 14.586769 -0.215637
-1.710587 15.176193 -0.215637
-1.242813 15.643969 -0.215637
-0.653389 15.944293 -0.215637
-0.000003 16.047792 -0.215637
0.653382 15.944293 -0.215637
1.242807 15.643969 -0.215637
1.620240 15.110552 -0.160572
1.904704 14.552260 -0.160572
2.002727 13.933382 -0.160572
1.904702 13.314506 -0.160572
1.620239 12.756212 -0.160572
1.177168 12.313141 -0.160572
0.618874 12.028678 -0.160572
-0.000003 11.930646 -0.160572
-0.618880 12.028678 -0.160572
-1.177175 12.313141 -0.160572
-1.620243 12.756212 -0.160572
-1.904707 13.314506 -0.160572
-2.002734 13.933383 -0.160572
-1.904707 14.552260 -0.160572
-1.620243 15.110554 -0.160572
-1.177175 15.553625 -0.160572
-0.618880 15.838087 -0.160572
-0.000003 15.936120 -0.160572
0.618874 15.838087 -0.160572
1.177168 15.553625 -0.160572
11.525024 17.678087 -1.055526
9.803771 21.056236 -1.055526
7.122856 23.737150 -1.055526
3.744706 25.458403 -1.055526
0.000000 26.051506 -1.055526
-3.744706 25.458399 -1.055526
-7.122855 23.737148 -1.055526
-9.803768 21.056234 -1.055526
-11.525019 17.678085 -1.055526
-12.118121 13.933380 -1.055526
-11.525019 10.188674 -1.055526
-9.803767 6.810529 -1.055526
-7.122852 4.129614 -1.055526
-3.744706 2.408361 -1.055526
0.000000 1.815259 -1.055526
3.744704 2.408362 -1.055526
7.122851 4.129615 -1.055526
9.803764 6.810529 -1.055526
11.525017 10.188675 -1.055526
12.118119 13.933380 -1.055526
0.000000 13.933382 -1.055526
5.996598 22.186993 -0.215637
8.253612 19.929979 -0.215637
9.702704 17.085978 -0.215637
10.202014 13.933381 -0.215637
9.702696 10.780784 -0.215637
8.253606 7.936785 -0.215637
5.996594 5.679775 -0.215637
3.152595 4.230684 -0.215637
-0.000001 3.731366 -0.215637
-3.152597 4.230683 -0.215637
-5.996596 5.679774 -0.215637
-8.253606 7.936785 -0.215637
-9.702699 10.780784 -0.215637
-10.202018 13.933381 -0.215637
-9.702699 17.085978 -0.215637
-8.253606 19.929977 -0.215637
-5.996598 22.186991 -0.215637
-3.152597 23.636080 -0.215637
0.000000 24.135401 -0.215637
3.152597 23.636080 -0.215637
6.113556 22.347971 -0.094837
3.214086 23.825321 -0.094837
0.000000 24.334381 -0.094837
-3.214086 23.825321 -0.094837
-6.113556 22.347969 -0.094837
-8.414586 20.046936 -0.094837
-9.891941 17.147467 -0.094837
-10.401000 13.933381 -0.094837
-9.891941 10.719296 -0.094837
-8.414586 7.819827 -0.094837
-6.113554 5.518794 -0.094837
-3.214085 4.041442 -0.094837
-0.000001 3.532384 -0.094837
3.214083 4.041442 -0.094837
6.113552 5.518795 -0.094837
8.414586 7.819827 -0.094837
9.891938 10.719296 -0.094837
10.400995 13.933381 -0.094837
9.891946 17.147467 -0.094837
8.414592 20.046938 -0.094837
8.690715 20.247553 0.368795
10.216549 17.252935 0.368795
10.742304 13.933380 0.368795
10.216542 10.613826 0.368795
8.690710 7.619212 0.368795
6.314168 5.242671 0.368795
3.319553 3.716838 0.368795
-0.000001 3.191075 0.368795
-3.319554 3.716838 0.368795
-6.314170 5.242670 0.368795
-8.690710 7.619212 0.368795
-10.216544 10.613826 0.368795
-10.742306 13.933380 0.368795
-10.216544 17.252935 0.368795
-8.690710 20.247551 0.368795
-6.314172 22.624092 0.368795
-3.319556 24.149923 0.368795
0.000000 24.675690 0.368795
3.319556 24.149927 0.368795
6.314172 22.624096 0.368795
8.576676 20.164700 0.287056
6.231317 22.510056 0.287056
3.275997 24.015865 0.287056
0.000000 24.534731 0.287056
-3.275997 24.015863 0.287056
-6.231317 22.510056 0.287056
-8.576671 20.164698 0.287056
-10.082484 17.209377 0.287056
-10.601346 13.933380 0.287056
-10.082484 10.657385 0.287056
-8.576671 7.702066 0.287056
-6.231316 5.356709 0.287056
-3.275996 3.850898 0.287056
-0.000001 3.332035 0.287056
3.275994 3.850900 0.287056
6.231314 5.356710 0.287056
8.576671 7.702066 0.287056
10.082480 10.657385 0.287056
10.601345 13.933380 0.287056
10.082489 17.209377 0.287056
11.099066 21.997322 0.368795
13.047736 18.172846 0.368795
13.719192 13.933380 0.368795
13.047727 9.693916 0.368795
11.099060 5.869442 0.368795
8.063938 2.834320 0.368795
4.239462 0.885652 0.368795
0.000000 0.214186 0.368795
-4.239465 0.885651 0.368795
-8.063938 2.834318 0.368795
-11.099061 5.869442 0.368795
-13.047729 9.693915 0.368795
-13.719194 13.933380 0.368795
-13.047729 18.172844 0.368795
-11.099062 21.997320 0.368795
-8.063941 25.032442 0.368795
-4.239465 26.981110 0.368795
0.000000 27.652578 0.368795
4.239465 26.981113 0.368795
8.063943 25.032446 0.368795
11.272347 22.123219 0.142439
13.251439 18.239033 0.142439
13.933378 13.933380 0.142439
13.251430 9.627729 0.142439
11.272339 5.743547 0.142439
8.189833 2.661039 0.142439
4.305650 0.681949 0.142439
0.000000 -0.000000 0.142439
-4.305652 0.681947 0.142439
-8.189833 2.661038 0.142439
-11.272342 5.743547 0.142439
-13.251433 9.627728 0.142439
-13.933380 13.933380 0.142439
-13.251433 18.239031 0.142439
-11.272343 22.123217 0.142439
-8.189837 25.205723 0.142439
-4.305652 27.184813 0.142439
0.000000 27.866764 0.142439
4.305652 27.184816 0.142439
8.189839 25.205727 0.142439
11.272347 22.123219 -0.842895
13.251439 18.239033 -0.842895
13.933378 13.933380 -0.842895
13.251430 9.627729 -0.842895
11.272339 5.743547 -0.842895
8.189833 2.661039 -0.842895
4.305649 0.681949 -0.842895
0.000000 0.000000 -0.842895
-4.305652 0.681949 -0.842895
-8.189833 2.661038 -0.842895
-11.272342 5.743547 -0.842895
-13.251433 9.627728 -0.842895
-13.933380 13.933380 -0.842895
-13.251433 18.239031 -0.842895
-11.272342 22.123217 -0.842895
-8.189837 25.205723 -0.842895
-4.305652 27.184813 -0.842895
0.000000 27.866764 -0.842895
4.305652 27.184816 -0.842895
8.189839 25.205727 -0.842895
11.103991 22.000902 -1.055526
8.067522 25.037371 -1.055526
4.241346 26.986904 -1.055526
0.000000 27.658667 -1.055526
-4.241346 26.986898 -1.055526
-8.067521 25.037369 -1.055526
-11.103988 22.000900 -1.055526
-13.053520 18.174726 -1.055526
-13.725281 13.933380 -1.055526
-13.053520 9.692034 -1.055526
-11.103986 5.865863 -1.055526
-8.067516 2.829394 -1.055526
-4.241346 0.879862 -1.055526
0.000000 0.208099 -1.055526
4.241344 0.879862 -1.055526
8.067516 2.829394 -1.055526
11.103985 5.865863 -1.055526
13.053516 9.692035 -1.055526
13.725280 13.933380 -1.055526
13.053525 18.174726 -1.055526
