-12.280248 36.150500 12.285446
-13.298828 36.150500 -10.044653
11.016648 -0.000000 13.322966
11.016648 36.150500 13.322966
-13.298828 36.150500 9.976850
-10.442500 36.150500 13.322966
-3.965485 36.150500 14.140221
3.284219 -0.000000 14.140221
-13.868997 36.150500 -6.751192
-13.760260 36.150500 7.132036
-14.140222 0.000000 -0.169429
12.475550 -0.000000 12.475552
12.143280 0.000000 -12.114142
13.322968 0.000000 -10.442499
9.976851 36.150500 -13.298827
-6.751192 0.000000 -13.868997
-10.044654 36.150500 -13.298828
7.132037 36.150500 -13.760260
9.976852 0.000000 -13.298827
13.322964 -0.000000 11.016650
13.322964 36.150500 11.016650
14.140219 36.150500 3.284221
-3.677656 36.150500 -14.007176
-6.751192 36.150500 -13.868997
3.339395 36.150500 -14.007176
14.140222 36.150500 -3.965483
14.140219 -0.000000 3.284221
12.315250 36.150500 12.315252
0.094206 36.150500 -11.981433
2.771377 36.150500 -11.940971
5.912640 36.150500 -11.073427
8.134847 36.150500 -9.635948
9.555755 36.150500 -8.110597
10.440795 36.150500 -6.435759
11.715249 36.150500 -3.363654
11.991418 36.150500 0.431343
12.350494 36.150500 1.335102
11.907262 36.150500 1.631011
10.947967 36.150500 5.114810
9.189277 36.150500 8.069875
6.044174 36.150500 10.259646
3.785648 36.150500 11.103812
2.967010 36.150500 11.542735
-3.471750 36.150500 11.867365
-6.211648 36.150500 11.202483
-8.441980 36.150500 10.027070
-10.053300 36.150500 7.948335
-11.274664 36.150500 5.107464
-11.708863 36.150500 2.354575
-11.796803 36.150500 -0.105847
-11.414611 36.150500 -3.348133
-10.673705 36.150500 -5.704214
-9.487787 36.150500 -7.636372
-8.061993 36.150500 -9.107080
-6.274249 36.150500 -10.264038
-3.537952 36.150500 -11.499574
0.157992 0.000000 -11.459114
3.127884 0.000000 -11.201487
6.386630 0.000000 -9.981870
8.423489 0.000000 -8.525923
10.230709 0.000000 -6.268745
11.344863 0.000000 -3.389263
11.940511 -0.000000 0.278841
11.970083 -0.000000 3.320870
10.785042 -0.000000 7.466439
9.312551 -0.000000 9.301015
7.249911 -0.000000 10.864197
3.021014 -0.000000 11.984948
-3.088742 -0.000000 12.073662
-6.299112 -0.000000 10.469303
-8.491068 -0.000000 8.725085
-10.185447 -0.000000 6.326855
-11.127375 -0.000000 3.463242
-11.306654 0.000000 -0.023726
-10.857572 0.000000 -3.514294
-9.967716 0.000000 -6.060973
-8.821021 0.000000 -7.868727
-7.182465 0.000000 -9.211771
-5.500117 0.000000 -10.312947
-2.915525 0.000000 -11.240151
-13.298828 32.510260 13.322966
-13.298828 32.510260 -10.044653
-13.298828 0.000000 -10.044653
-13.298828 -0.000000 9.976851
-10.442500 32.510260 13.322966
-12.280248 32.735577 12.285446
-13.298828 32.510260 9.976851
11.016648 32.510260 13.322966
-14.007178 36.150500 -3.677656
-14.007178 32.510260 -3.677656
-14.007178 0.000000 -3.677656
-14.007178 36.150500 3.339394
-14.007178 32.510260 3.339395
-14.007178 -0.000000 3.339395
-3.965485 32.510260 14.140221
-3.965485 -0.000000 14.140221
3.284219 36.150500 14.140221
3.284219 32.510260 14.140221
-13.868997 32.510260 -6.751192
-13.868997 0.000000 -6.751192
-13.760260 32.510260 7.132037
-13.760260 -0.000000 7.132037
-14.140222 36.150500 -0.169429
-14.140222 32.510260 -0.169429
-13.760260 24.663840 7.132037
-14.007178 25.283746 3.339395
-14.140222 25.283746 -0.169429
-14.007178 25.283746 -3.677656
-13.868997 25.283746 -6.751192
-13.298828 25.283746 -10.044653
-13.298828 25.522910 -13.298828
11.016648 25.283746 13.322966
3.284219 25.283746 14.140221
-3.965485 25.283746 14.140221
-10.442500 24.663840 13.322966
-13.298828 24.720425 13.322966
-13.298828 24.663840 9.976851
-13.298828 17.110269 9.976851
-13.760260 17.110269 7.132037
-14.007178 17.110269 3.339395
-14.140222 17.110269 -0.169429
-14.007178 17.110269 -3.677656
-13.868997 17.110269 -6.751192
-13.298828 17.016464 -10.044653
11.016648 17.110269 13.322966
3.284219 17.110269 14.140221
-3.965485 17.110269 14.140221
-10.442500 17.110269 13.322966
-13.298828 17.110269 13.322966
-13.760260 8.270657 7.132037
-14.007178 8.270657 3.339395
-14.140222 8.270657 -0.169429
-14.007178 8.270657 -3.677656
-13.868997 8.270657 -6.751192
-13.298828 8.270657 -10.044653
-13.254602 8.334579 -13.163779
11.016648 7.896964 13.322966
3.284219 8.270657 14.140221
-3.965485 8.270657 14.140221
-10.442500 8.270657 13.322966
-13.298828 8.151322 13.322966
-13.298828 7.985873 9.976851
-13.760260 7.355078 7.132037
-14.007178 7.355078 3.339395
-14.140222 7.355078 -0.169429
-14.007178 7.355078 -3.677656
-13.868997 7.768408 -6.751192
-13.298828 7.608987 -10.044653
-13.174646 7.430615 -13.125723
11.016648 7.355078 13.322966
3.284219 7.355078 14.140221
-3.965485 7.355078 14.140221
-10.442500 7.533041 13.322966
-13.154193 7.178355 13.131285
-13.298828 7.355078 9.976851
-13.298828 24.741034 -13.298828
11.016648 24.559218 13.322966
3.284219 24.618793 14.140221
-3.965485 24.618793 14.140221
-10.442500 23.998886 13.322966
-13.298828 23.893225 13.322966
-13.298828 23.998886 9.976851
-13.760260 23.998886 7.132037
-14.007178 24.618793 3.339395
-14.140222 24.618793 -0.169429
-14.007178 24.618793 -3.677656
-13.868997 24.618793 -6.751192
-13.298828 24.797690 -10.044653
-13.298828 15.971371 9.976851
-13.760260 15.971371 7.132037
-14.007178 16.305307 3.339395
-14.140222 16.305307 -0.169429
-14.007178 16.305307 -3.677656
-13.868997 16.305307 -6.751192
-13.298828 16.305307 -10.044653
-13.298828 16.203473 -13.298828
11.016648 16.305307 13.322966
3.284219 16.305307 14.140221
-3.965485 16.305307 14.140221
-10.442500 15.971371 13.322966
-13.298828 15.971371 13.322966
11.016648 3.737974 13.322966
3.284219 3.737974 14.140221
-3.965485 3.737974 14.140221
-13.074448 3.937702 13.131285
-13.298828 3.737974 9.976851
-13.760260 3.737974 7.132037
-14.007178 3.737974 3.339395
-14.140222 3.737974 -0.169429
-14.007178 3.737974 -3.677656
-13.868997 3.737974 -6.751192
-13.174646 3.737974 -13.125723
-13.298828 16.652396 9.976851
-13.298828 16.864252 13.322966
-9.239271 24.114046 13.474786
-13.636896 23.998886 7.892603
-13.107187 24.571292 9.976851
-13.096686 24.541045 13.114832
-10.442500 24.581679 13.170381
-10.442500 24.075424 13.170381
-13.113727 24.083389 13.176706
-13.107187 24.037927 9.976851
-13.646777 15.971371 7.831681
-13.170291 16.523700 9.976851
-13.051083 16.670560 13.053879
-10.442500 16.852637 13.023051
-7.275272 16.134665 13.722598
-6.673077 16.165712 13.798582
-10.442500 16.068237 13.023051
-13.051083 16.171271 13.064668
-13.170291 16.105498 9.976851
-13.546539 7.355078 8.449663
-13.089517 7.854990 9.976851
-12.912036 7.997961 12.960025
-10.442500 8.182891 13.131271
-6.655766 8.165904 13.684912
-13.089517 7.452927 9.976851
-12.912036 7.356366 12.960025
-10.442500 7.670645 12.990692
7.703020 24.618793 13.673190
11.016648 25.261174 13.322966
11.116403 25.283746 13.322966
8.952811 16.305307 13.541096
11.016648 16.972841 13.322966
11.016648 16.404079 13.322966
7.663858 7.656947 13.677328
10.896811 7.444630 12.800827
10.896811 7.735150 12.800827
8.343292 24.618793 13.605519
10.958350 25.172662 13.121129
8.462206 24.643430 13.592950
10.958350 24.700513 13.121129
-13.580554 25.037392 -7.862363
-13.164484 25.184999 -10.029601
-13.058124 24.847359 -13.143109
-13.164484 24.841696 -10.029601
-13.202145 16.875133 -10.045458
-13.650131 16.660928 -7.470340
-13.202145 16.372182 -10.045458
-13.011188 8.230595 -13.011188
-13.183374 8.189406 -10.016581
-13.758453 8.190102 -6.703767
-14.007178 7.371198 -3.677656
-13.758453 7.846615 -6.703767
-13.183374 7.687403 -10.016581
-13.008026 7.550532 -13.008026
-10.442500 -0.000000 13.322966
-10.442500 3.737974 13.322966
-12.114144 3.497730 12.143280
-13.298828 3.737974 -10.044653
-12.419906 36.150500 -12.419907
-13.298828 17.008038 -13.298828
12.817319 17.019769 12.817319
12.817319 16.375104 12.817319
-13.050061 16.835692 -13.050061
12.475550 3.500138 12.475552
13.322968 3.737974 -10.442499
12.143280 3.497730 -12.114142
12.285446 32.735577 -12.280247
12.285446 36.150500 -12.280247
9.976852 32.510260 -13.298827
-10.044654 0.000000 -13.298828
-6.751192 3.737974 -13.868997
-10.044654 3.737974 -13.298828
-12.419906 32.671835 -12.419907
-10.044654 32.510260 -13.298828
7.132037 32.510260 -13.760260
9.976852 3.737974 -13.298827
13.322964 3.737974 11.016650
14.140219 32.510260 3.284221
13.322964 32.510260 11.016650
14.140222 0.000000 -3.965483
14.140222 3.737974 -3.965483
13.322968 36.150500 -10.442499
13.322968 32.510260 -10.442499
-3.677656 0.000000 -14.007176
-0.169428 0.000000 -14.140221
-0.169428 3.737974 -14.140221
-3.677656 3.737974 -14.007176
-6.751192 32.510260 -13.868997
-3.677656 32.510260 -14.007176
-0.169428 36.150500 -14.140221
-0.169428 32.510260 -14.140221
3.339395 32.510260 -14.007176
3.339395 0.000000 -14.007176
7.132037 0.000000 -13.760260
7.132037 3.737974 -13.760260
3.339395 3.737974 -14.007176
14.140222 32.510260 -3.965483
14.140219 3.737974 3.284221
13.322968 24.663840 -10.442499
13.322968 32.510260 -13.298827
13.322968 24.720425 -13.298827
-13.298828 32.510260 -13.298828
-6.751192 25.283746 -13.868997
9.976852 24.663840 -13.298827
13.322964 25.473074 13.322968
13.322964 32.510260 13.322968
13.322964 25.283746 11.016650
13.322964 25.283746 11.116406
14.140222 25.283746 -3.965483
-0.169428 25.283746 -14.140221
-3.677656 25.283746 -14.007176
7.132037 24.663840 -13.760260
3.339395 25.283746 -14.007176
14.140219 25.283746 3.284221
13.322968 17.110269 -10.442499
13.322968 23.998886 -10.442499
13.322968 23.893225 -13.298827
13.322968 17.110269 -13.298827
-10.044654 17.016464 -13.298828
-10.044654 24.797690 -13.298828
-6.751192 17.110269 -13.868997
-6.751192 24.618793 -13.868997
9.976852 23.998886 -13.298827
9.976852 17.110269 -13.298827
13.322964 17.302142 13.322968
13.322964 24.344336 13.322968
13.322964 24.559218 11.016650
13.322964 17.110269 11.016650
14.140222 17.110269 -3.965483
14.140222 24.618793 -3.965483
13.474786 24.114046 -9.239269
-0.169428 17.110269 -14.140221
-0.169428 24.618793 -14.140221
-3.677656 24.618793 -14.007176
-3.677656 17.110269 -14.007176
7.132037 17.110269 -13.760260
7.132037 23.998886 -13.760260
3.339395 24.618793 -14.007176
3.339395 17.110269 -14.007176
14.140219 17.110269 3.284221
14.140219 24.618793 3.284221
13.605518 24.618793 8.343295
13.673190 24.618793 7.703023
7.892603 23.998886 -13.636896
13.322968 8.270657 -10.442499
13.322968 15.971371 -10.442499
13.322968 15.971371 -13.298827
13.322968 8.151322 -13.298827
-10.044654 8.270657 -13.298828
-10.044654 16.305307 -13.298828
-6.751192 8.270657 -13.868997
-6.751192 16.305307 -13.868997
9.976852 15.971371 -13.298827
9.976852 7.985873 -13.298827
13.322964 8.362513 13.322968
13.322964 16.027234 13.322968
13.322964 16.305307 11.016650
13.322964 7.896964 11.016650
14.140222 8.270657 -3.965483
14.140222 16.305307 -3.965483
13.798584 16.165712 -6.673075
13.722598 16.134665 -7.275270
-0.169428 8.270657 -14.140221
-0.169428 16.305307 -14.140221
-3.677656 16.305307 -14.007176
-3.677656 8.270657 -14.007176
7.132037 8.270657 -13.760260
7.132037 15.971371 -13.760260
3.339395 16.305307 -14.007176
3.339395 8.270657 -14.007176
14.140219 8.270657 3.284221
14.140219 16.305307 3.284221
13.541095 16.305307 8.952814
7.831682 15.971371 -13.646777
13.131271 8.182891 -10.442499
12.960025 7.997961 -12.912033
-10.016582 8.189406 -13.183374
-6.703768 8.190102 -13.758455
13.684912 8.165904 -6.655764
-0.169428 7.355078 -14.140221
-3.677656 7.371198 -14.007176
-3.677656 7.355078 -14.007176
7.132037 7.355078 -13.760260
3.339395 7.355078 -14.007176
14.140219 7.355078 3.284221
14.140222 7.355078 -3.965483
13.322964 7.355078 11.016650
12.800827 7.444630 10.896813
13.677328 7.656947 7.663860
13.170383 24.581679 -10.442498
13.114832 24.541045 -13.096686
-10.029601 24.841696 -13.164485
-10.029601 25.184999 -13.164485
-13.143109 25.367569 -13.058124
9.976851 24.571292 -13.107185
13.322964 25.261174 11.016650
13.322968 16.864252 -13.298827
-10.045459 16.875133 -13.202147
-7.470341 16.660928 -13.650133
13.322964 16.972841 11.016650
9.976852 16.652396 -13.298827
13.322968 7.533041 -10.442499
13.322968 7.178355 -13.298827
13.322968 3.737974 -13.298827
-10.044654 7.608987 -13.298828
-6.751192 7.768408 -13.868997
9.976852 7.355078 -13.298827
13.132825 4.087168 13.322968
13.322964 7.355078 13.322968
8.449664 7.355078 -13.546539
9.976852 16.523700 -13.170291
13.053879 16.670560 -13.051082
13.023053 16.852637 -10.442499
9.976851 24.037927 -13.107185
13.176706 24.083389 -13.113725
13.170383 24.075424 -10.442498
9.976852 16.105498 -13.170291
13.064670 16.171271 -13.051082
13.023053 16.068237 -10.442499
9.976852 7.854990 -13.089517
9.976852 7.452927 -13.089517
12.960025 7.356366 -12.912033
12.990692 7.670645 -10.442499
13.592950 24.643430 8.462209
13.121127 25.172662 10.958353
12.865179 25.194229 12.865182
13.322964 16.404079 11.016650
12.653236 7.484305 12.653238
12.800827 7.735150 10.896813
13.121127 24.700513 10.958353
12.865179 24.697360 12.865182
-7.862363 25.037392 -13.580556
-10.045459 16.372182 -13.202147
-13.050061 16.294609 -13.050061
-10.016582 7.687403 -13.183374
-6.703768 7.846615 -13.758455
-12.351126 0.000000 -12.351126
-12.351126 3.564494 -12.351126
12.315250 32.646722 12.315252
12.653235 8.128583 12.653238
-13.298825 12.701981 -13.298828
-11.505767 10.896709 -13.298828
-13.298825 10.950517 -13.298828
-11.808997 10.905808 -13.298828
-13.031451 11.167934 -13.149979
-13.298828 10.926386 -11.510283
-13.298828 27.615182 -13.298828
-13.298828 27.626364 -11.529608
-13.500180 28.572409 -13.348160
-11.577639 27.663437 -13.298828
-10.044654 25.283746 -13.298828
-13.180914 27.708734 -13.121933
-13.298828 19.793796 13.322966
-13.298828 19.235725 11.646165
-13.298828 19.148442 13.383791
-10.442500 19.529709 13.322966
-13.111346 19.249225 13.156573
