-4.997468 32.213922 1.561236
-5.236744 31.911072 1.561236
-5.270394 31.709180 1.561236
-5.431163 31.585797 1.561236
-5.969553 30.516495 1.561236
-6.190143 29.738821 1.561236
-6.212576 29.387372 1.561236
-6.321001 28.688214 1.561236
-6.474274 28.037659 1.561236
-6.530357 27.435709 1.561236
-6.773380 26.938446 1.561236
-7.154722 24.908266 1.561235
-7.345401 23.367873 1.561235
-7.401469 23.222052 1.561235
-7.352864 23.124844 1.561235
-7.349125 22.863126 1.561235
-7.210789 22.728529 1.561235
-7.307998 22.507939 1.561235
-7.364080 21.898511 1.561235
-7.494939 21.823735 1.561235
-7.625478 21.416101 1.561235
-8.453337 13.882330 1.561234
-8.849892 9.615320 1.561234
-9.034950 7.368130 1.561233
-8.960925 7.045593 1.561233
-9.003223 6.744206 1.561233
-9.082537 6.516844 1.561233
-8.992649 6.220745 1.561233
-9.024374 5.787171 1.561233
-9.087824 5.438197 1.561233
-9.045524 4.867148 1.561233
-8.910693 4.409779 1.561233
-8.413683 3.500311 1.561233
-7.652286 2.537991 1.561233
-6.489039 1.575668 1.561233
-5.357526 1.046907 1.561232
-5.103727 1.046907 1.561232
-5.019127 0.877707 1.561232
-4.839352 0.920007 1.561232
-4.627853 0.771957 1.561232
-2.935871 0.274948 1.561232
-2.650347 0.317249 1.561232
-2.523447 0.158624 1.561232
0.077996 -0.000000 1.561232
2.161250 0.116306 1.561232
4.350261 0.422954 1.561232
6.084555 1.311253 1.561233
7.300668 2.157219 1.561233
8.294715 3.204141 1.561233
8.379304 3.489647 1.561233
8.707128 4.018394 1.561233
8.802302 4.589445 1.561233
9.003226 4.948994 1.561233
9.087827 5.572916 1.561233
9.045522 11.928459 1.561234
8.717691 21.033498 1.561235
8.336978 25.686469 1.561235
8.178354 25.940268 1.561235
8.294679 26.310394 1.561235
8.019729 28.594586 1.561236
7.850529 29.504034 1.561236
7.617879 29.736685 1.561236
7.501545 30.180811 1.561236
7.586144 30.572083 1.561236
7.332346 31.280609 1.561236
6.941071 31.587280 1.561236
6.264273 31.925681 1.561236
6.063349 31.830505 1.561236
5.650924 32.031430 1.561236
5.545174 32.380405 1.561236
2.478432 32.792828 1.561236
-1.328569 32.951471 1.561236
-4.046351 32.813998 1.561236
-4.765449 32.570773 1.561236
-2.652748 24.913626 1.561235
-2.504699 25.579849 1.561235
-2.134575 26.404697 1.561235
-1.457777 27.176672 1.561236
-0.484879 27.673694 1.561236
0.445718 27.895770 1.561236
1.608965 27.737146 1.561236
2.687613 27.208395 1.561236
3.427861 26.372974 1.561235
3.872010 25.357776 1.561235
3.914310 24.363730 1.561235
3.671085 23.316806 1.561235
3.131762 22.449658 1.561235
2.433814 21.825735 1.561235
1.323442 21.476761 1.561235
0.371694 21.381586 1.561235
-0.506028 21.561360 1.561235
-1.330876 22.005508 1.561235
-1.975949 22.629433 1.561235
-2.441249 23.443704 1.561235
-2.610448 24.310852 1.561235
-5.236744 31.911072 -1.561232
-5.270394 31.709180 -1.561232
-6.212576 29.387372 -1.561233
-6.321001 28.688214 -1.561233
-6.530357 27.435709 -1.561233
-7.401469 23.222054 -1.561233
-7.349125 22.863127 -1.561233
-7.210789 22.728529 -1.561233
-7.307998 22.507939 -1.561233
-7.625478 21.416103 -1.561233
-8.453337 13.882330 -1.561234
-8.960925 7.045593 -1.561235
-9.082537 6.516844 -1.561235
-8.992649 6.220745 -1.561235
-9.087824 5.438197 -1.561235
-7.652286 2.537991 -1.561236
-5.357526 1.046907 -1.561236
-5.103727 1.046907 -1.561236
-5.019127 0.877707 -1.561236
-4.627853 0.771957 -1.561236
-2.935871 0.274948 -1.561236
-2.650347 0.317249 -1.561236
0.077996 0.000000 -1.561236
7.300668 2.157219 -1.561236
8.294715 3.204141 -1.561236
8.379304 3.489647 -1.561236
8.707128 4.018394 -1.561236
9.003226 4.948994 -1.561235
9.045522 11.928460 -1.561235
8.294679 26.310394 -1.561233
7.501545 30.180811 -1.561232
7.586144 30.572083 -1.561232
7.332346 31.280609 -1.561232
6.941071 31.587280 -1.561232
6.063349 31.830505 -1.561232
5.650924 32.031430 -1.561232
5.545174 32.380405 -1.561232
2.478432 32.792828 -1.561232
-1.328569 32.951471 -1.561232
-2.134575 26.404697 -1.561233
2.687613 27.208395 -1.561233
3.427861 26.372974 -1.561233
3.872010 25.357776 -1.561233
2.433814 21.825735 -1.561233
1.323442 21.476761 -1.561233
0.371694 21.381586 -1.561233
-2.441249 23.443706 -1.561233
-2.610448 24.310852 -1.561233
-4.911475 32.460681 -1.561232
-4.997468 32.213922 -1.561232
-5.431163 31.585797 -1.561232
-5.969553 30.516495 -1.561232
-6.190143 29.738821 -1.561232
-6.474274 28.037659 -1.561233
-6.773380 26.938446 -1.561233
-7.154722 24.908266 -1.561233
-7.345401 23.367873 -1.561233
-7.352864 23.124844 -1.561233
-7.364080 21.898512 -1.561233
-7.494939 21.823735 -1.561233
-8.849892 9.615320 -1.561235
-9.034950 7.368130 -1.561235
-9.003223 6.744206 -1.561235
-9.024374 5.787171 -1.561235
-9.045524 4.867148 -1.561235
-8.910693 4.409779 -1.561236
-8.413683 3.500311 -1.561236
-6.489039 1.575668 -1.561236
-4.839352 0.920007 -1.561236
-2.523447 0.158624 -1.561236
2.161250 0.116306 -1.561236
4.350261 0.422954 -1.561236
6.084555 1.311253 -1.561236
8.802302 4.589445 -1.561236
9.087827 5.572916 -1.561235
8.717691 21.033499 -1.561234
8.336978 25.686469 -1.561233
8.178354 25.940268 -1.561233
8.019729 28.594586 -1.561233
7.850529 29.504034 -1.561233
7.617879 29.736685 -1.561232
6.264273 31.925681 -1.561232
-4.046351 32.813998 -1.561232
-4.765449 32.570773 -1.561232
-2.652748 24.913626 -1.561233
-2.504699 25.579849 -1.561233
-1.457777 27.176672 -1.561233
-0.484879 27.673694 -1.561233
0.445718 27.895770 -1.561233
1.608965 27.737146 -1.561233
3.914310 24.363730 -1.561233
3.671085 23.316806 -1.561233
3.131762 22.449658 -1.561233
-0.506028 21.561360 -1.561233
-1.330876 22.005508 -1.561233
-1.975949 22.629433 -1.561233
