0.2602 3.5440 7.1863
0.0186 3.5993 7.7266
0.0746 3.0483 7.8721
0.3076 2.8217 7.4426
0.4657 3.1385 6.8252
0.3890 2.2536 7.4641
0.5569 2.5220 6.8190
0.4653 1.4078 7.5142
0.5907 1.4612 7.0802
0.6865 1.8853 6.5017
0.6485 2.2127 6.4491
0.6701 1.4408 6.6626
0.6277 1.4977 6.8519
1.0718 1.8519 6.1330
1.0112 1.6300 6.3682
1.0666 1.2883 6.3817
1.1116 1.7109 6.0270
1.1076 1.0739 6.2934
0.6466 1.3699 6.7417
0.8999 2.0721 6.3217
0.7982 1.7455 6.4817
0.9618 1.6284 6.4432
0.7477 1.2926 6.6366
0.9941 1.2023 6.5342
0.9060 1.0817 6.6197
0.6801 0.8824 6.7830
0.7265 0.9911 6.7143
1.0460 0.9145 6.4979
0.9960 0.5293 6.6462
0.9022 0.5291 6.7084
0.9722 0.1669 6.6910
1.1201 0.5919 6.2597
1.1037 1.2066 6.0875
1.0377 1.2264 5.9967
1.0802 0.9793 6.1023
0.9553 0.8302 6.6400
0.7867 0.4085 6.7577
1.1172 0.2231 6.4285
1.0683 0.3186 6.5549
1.0882 0.6377 6.1693
0.9767 0.8087 6.0673
1.0150 0.3715 6.1262
0.8458 0.7628 6.0496
0.8291 1.1101 5.9661
0.8536 0.3942 6.0899
0.7708 0.3918 6.0573
1.0552 -0.2041 6.6009
0.9957 -0.0604 6.6609
1.0000 -0.3063 6.6693
1.1025 0.1125 6.2182
1.1408 -0.4020 6.2836
0.7325 -0.0012 6.0195
0.7406 0.7016 5.9955
1.0178 -0.1884 6.1345
1.0710 -0.3786 6.1503
0.9359 -0.0097 6.1219
0.8295 0.0437 6.1014
0.7615 -0.1755 6.0630
0.8572 -0.3566 6.0876
1.1286 -0.5564 6.4295
1.1524 -1.1124 6.2870
1.1288 -1.0693 6.0785
1.1223 -0.4789 6.2009
0.7165 0.4023 5.9357
0.7452 -0.3191 5.6683
0.7223 0.5576 5.7722
0.7233 -0.5836 5.9143
1.0087 -0.6091 6.0884
1.0587 -0.9187 6.0535
0.8838 -0.8407 6.0242
1.1459 -1.5238 5.9818
1.0704 -1.5228 5.8748
-1.5640 7.1846 6.8899
-1.5075 7.1178 6.9741
-1.5369 7.4597 6.5197
-1.6260 7.5120 6.3788
-1.6745 7.0950 6.8906
-1.2972 6.9919 6.8376
-1.3733 6.6488 7.3456
-0.9756 6.3791 7.1257
-0.8210 6.6658 6.5473
-0.5327 6.3317 6.4569
-0.6079 6.0395 6.9244
-1.0223 7.0357 6.3857
-0.7960 7.0654 5.9414
-0.4776 6.6956 5.8397
-1.3295 7.3463 6.3961
-1.4018 6.4684 6.8470
-1.6598 6.8629 6.8197
-1.3776 6.7604 6.4574
-1.2106 6.4928 6.5058
-1.1168 6.2311 6.6333
-1.1297 6.6700 6.1035
-1.1672 8.0876 4.7215
-1.2259 7.7935 5.4777
-0.9454 7.7022 5.1031
-0.4300 7.0554 5.1292
-0.7055 7.4086 5.1369
-0.9503 7.3949 5.7029
-0.6815 7.6670 4.5043
-0.4653 7.4791 4.2856
-1.2011 7.4606 6.0227
-1.3924 7.7625 5.8501
-1.4492 7.3718 6.5654
-1.4854 7.7439 6.0520
-1.5250 7.7764 6.0136
-1.5717 7.7873 5.9762
-1.6885 7.5263 6.1942
-1.6380 7.8578 5.7606
-1.5964 7.1676 6.3041
-1.7021 7.1492 6.5432
-1.6724 7.5179 5.9174
-1.4858 7.3398 5.8256
-1.4287 8.0374 5.4315
-1.5046 8.0068 5.5992
-1.3612 8.0185 5.2936
-1.5828 8.0906 5.4010
-1.5530 8.2780 5.0177
-1.4887 8.1903 5.2090
-1.6608 8.0064 5.4046
-1.6877 7.8854 5.4494
-1.4547 7.5796 5.3479
-1.6709 7.9102 5.2459
-1.2283 7.1301 5.6206
-1.7071 7.2574 6.5169
-0.9591 6.6937 5.7330
-1.0726 7.0484 5.4414
-0.8770 6.8181 5.3537
-1.0332 7.1794 5.0590
-1.2000 6.8685 5.9911
-1.4060 6.9879 6.1972
-1.4334 7.8196 4.7759
-1.3697 8.3541 4.5367
-1.4154 8.2740 4.8952
-1.4659 8.4768 4.4757
-1.4986 8.3624 4.8290
-1.2807 8.4156 4.0953
-0.9788 8.1391 4.0812
-1.3052 8.6001 3.4960
-1.4308 8.6284 3.8989
-1.5316 8.5036 4.4322
-1.4924 8.6189 4.0438
-1.5627 8.6304 3.9668
-1.6060 8.5017 4.2998
-1.3461 7.9118 4.2980
-1.5866 8.4022 3.6137
-1.2661 8.0063 3.7202
-1.6341 8.1894 4.4502
-0.7759 7.9613 3.9801
-0.3056 7.4420 3.7383
-0.6566 7.9721 3.4315
-0.9942 7.4366 4.4199
-0.9906 7.5844 4.0160
-0.9953 7.7523 3.5354
-0.9004 7.6205 3.4901
-0.7609 7.3369 3.8397
-1.6160 8.3071 4.8558
-1.6579 8.3273 4.6276
-1.6719 8.3601 4.3736
-1.6709 8.2758 4.4251
-0.6842 5.6303 7.4514
-0.3480 5.3731 7.1379
0.0419 5.3173 6.3460
-0.2269 5.5930 6.6956
-0.1020 5.1434 6.8741
-0.2842 4.9754 7.3701
-0.6232 5.1022 7.8103
-0.1428 4.6038 7.3953
0.0629 4.8064 6.7889
-0.5564 4.8695 6.8932
-0.7121 4.7662 7.3031
-0.6724 5.2086 6.8526
-0.1298 5.9755 6.0278
-0.2162 6.5855 5.3665
-0.0410 6.3970 5.1323
0.1187 5.7563 5.5814
-0.2775 6.0248 6.3136
-1.1420 6.1369 7.5845
-0.9505 5.9248 6.6813
-1.2538 5.9398 7.1679
-0.7559 5.5558 6.6998
-0.9279 5.5006 7.0758
-0.7641 6.2853 5.8485
-0.7127 6.0004 6.1305
-0.8781 6.1832 6.2532
-0.9275 6.4230 6.0684
-0.6421 5.7785 6.1947
-0.4999 5.8052 5.7804
-0.3633 5.1876 6.1022
-0.5218 5.3358 6.3894
-0.4167 5.0607 6.3666
-0.1235 4.0647 7.7266
0.1343 4.1482 7.1150
0.2210 4.8100 6.3543
-0.4899 4.4558 7.0687
-0.3327 4.5262 6.6057
-0.2283 3.7063 6.8155
-0.2345 4.6014 6.1346
-0.4201 4.0122 7.1912
0.3816 4.1648 6.4146
0.4179 4.5431 5.9605
-0.1460 3.6760 6.4907
0.2504 5.1724 5.8891
0.4426 4.8400 5.5543
0.3494 5.5815 4.9379
0.1746 6.0657 4.9021
0.4764 5.1140 5.0544
0.5846 4.2365 5.5713
0.6259 4.5792 4.9001
0.5984 5.0258 4.4249
0.4835 5.5641 4.2065
-0.3201 5.0028 6.0970
-0.2023 5.1741 5.3722
-0.3925 5.6656 5.5854
-0.1218 4.4106 5.7447
-0.0849 4.9661 4.8753
-0.0351 4.1593 5.4720
-0.0174 4.7641 4.6030
0.0216 4.5044 4.1473
-0.0878 7.2346 3.2659
-0.1598 7.1151 4.0641
0.0921 6.7533 3.7613
-0.3005 7.5793 3.2250
-0.3437 7.7365 2.6975
-0.1160 7.4090 2.5680
0.1219 6.9080 2.9733
0.2773 6.2048 4.0829
0.3693 6.2121 3.4178
0.3046 6.5276 2.8486
0.1733 6.9240 2.1311
-0.3321 6.7374 3.0112
-0.4914 7.0585 3.1578
-0.4537 7.0713 2.8044
0.5359 5.7672 3.3380
0.6227 5.2769 3.6208
0.5105 5.9932 2.7241
0.3950 6.4217 2.0584
-0.1937 6.3260 3.0705
-0.2627 6.6808 2.3785
-0.1043 5.9636 3.0464
0.6154 5.6976 2.2393
0.6650 5.2474 2.9571
0.5030 6.1286 1.9281
-0.0137 5.7234 1.9355
-0.0146 5.5324 3.0552
0.0345 5.1191 2.5474
-0.0040 6.6644 4.4603
-0.2502 6.9469 4.8120
-0.5966 6.7915 4.4624
-0.7182 6.7625 4.9718
-0.7490 7.0403 4.5433
-0.7395 7.2099 4.0771
-0.8302 6.9623 4.9583
-0.6268 6.4378 5.2516
-0.5382 6.2222 5.3573
-0.4260 6.1379 5.0342
-0.4256 6.4167 4.5170
-0.2963 6.0544 4.5440
-0.2597 5.6900 4.9683
-0.4252 6.6863 3.8716
-0.2838 6.4012 3.6849
-0.5214 6.9414 3.8052
-0.5742 7.0779 3.6100
-0.6968 7.3728 3.3213
-0.6344 7.3631 3.1044
-0.7324 7.5244 2.9834
-0.4101 6.8478 3.3580
-0.1694 5.9500 3.8377
-0.0161 5.2615 3.6936
0.8793 3.0595 5.7938
0.9164 3.2749 5.6174
0.7740 3.4353 5.5494
0.8907 3.5864 5.3593
0.9649 3.4334 5.4361
0.9786 2.9301 5.8077
1.0323 3.1961 5.4817
1.0328 2.4920 5.9584
1.1109 2.6253 5.5917
1.1121 3.0479 5.2186
1.1086 3.4633 4.9047
1.0722 3.4531 5.1458
0.6121 3.1449 6.2297
0.5515 3.7079 6.1583
0.6338 3.8703 5.5649
-0.0355 2.7379 6.5240
-0.1079 2.6190 6.8864
-0.0304 3.3977 6.0661
0.7163 2.9541 5.9477
0.6599 3.0327 5.9767
0.6834 2.5135 6.2351
0.7909 2.7916 6.0061
0.6556 3.6275 5.5510
0.6912 3.3848 5.6601
0.6909 3.7818 5.3169
0.9385 2.7690 5.9559
0.0113 2.8512 5.9747
0.0112 1.7188 6.4580
0.9720 4.2395 4.5320
0.9676 3.8150 5.0608
1.0279 3.9293 4.7743
0.6707 4.0387 5.1264
0.7920 3.8366 5.1630
0.7066 4.2168 4.7952
0.6658 4.3865 4.7093
0.7825 4.0952 4.8740
0.9323 3.9786 4.9203
0.6922 4.5867 4.2873
0.7789 4.3983 4.4647
0.7655 4.6157 4.1211
0.8884 4.2796 4.5639
1.0373 4.2950 4.2604
0.9067 4.5095 4.1914
0.9809 4.5024 4.1159
1.0162 3.6474 5.1363
1.0892 3.7544 4.7091
1.0926 3.7182 4.4728
1.1039 3.9300 4.3194
1.0832 3.3211 4.8746
1.0500 3.7212 4.3744
1.0134 3.4574 4.6445
1.1004 2.9696 5.2080
1.0134 3.1617 4.9428
0.8438 3.1348 4.9016
0.8747 3.4388 4.6005
0.7903 3.2919 4.7043
1.0989 4.2089 3.7294
1.1004 4.2902 3.9057
1.0737 4.5650 3.5680
1.0571 4.0186 3.9535
1.0080 3.7881 4.2252
0.8976 3.7156 4.2571
0.9672 3.9167 4.0017
0.8573 4.0041 3.7810
0.8129 3.7882 4.0753
0.7919 3.5217 4.4216
0.7681 3.8040 3.9163
0.7451 3.3504 4.4916
0.7457 3.9340 3.5600
0.7228 2.8185 4.8989
0.0041 3.8433 5.2994
0.0379 3.3540 5.1843
0.0442 1.9310 5.9180
0.0459 4.3964 3.5843
0.0159 3.2092 4.2512
1.0970 2.3932 5.8204
1.1051 2.3772 5.6182
1.0664 2.4490 5.5089
1.0728 2.8959 5.2067
0.9028 2.6444 5.3286
0.9488 2.9252 5.1266
1.0362 2.6855 5.3279
0.8095 2.7669 5.2102
1.0739 2.0906 5.7125
0.9759 2.2910 5.5504
0.9717 2.3073 6.1704
0.8645 2.4517 6.1619
0.7334 2.2636 6.3082
0.8453 2.2754 5.5426
0.7565 2.1197 5.5768
0.7803 2.4431 5.4123
0.7282 2.4006 5.3569
0.7586 2.8896 5.0506
0.7111 1.6261 5.6323
1.0901 1.7829 5.8743
0.8801 1.9175 5.7132
1.0009 1.8500 5.7604
1.0304 1.6332 5.8628
0.7940 1.9673 5.6705
0.7675 1.6857 5.7638
0.8813 1.5616 5.8466
0.7267 1.9938 5.5876
0.7411 1.4293 5.8208
0.7220 1.0674 5.8891
0.7579 2.1160 4.9704
0.7684 0.8340 5.3121
0.0323 1.2016 5.4901
0.0213 2.1892 4.8760
0.7424 3.1165 4.3988
0.7466 3.8407 3.4615
0.8073 2.8106 4.0375
0.7904 3.4214 3.5577
0.7620 1.9941 4.8878
0.8047 2.3680 4.3445
0.8677 2.0828 4.0582
0.8870 2.6546 3.3538
0.8349 3.1880 3.1466
-0.0152 2.6311 4.0110
1.0200 4.6929 3.6159
0.9787 4.7420 3.6427
0.9026 4.7740 3.6760
0.7106 5.0280 3.2912
0.6714 4.9358 3.6988
0.7164 4.8515 3.7169
0.7809 4.8348 3.6504
0.8269 5.0355 3.0300
0.7194 5.1504 2.8379
0.6773 5.2104 2.8540
0.9577 4.9056 3.2643
1.0119 4.9437 2.9454
1.0650 4.8635 2.8579
0.9415 5.0445 2.8306
1.1062 4.5880 3.0571
1.0755 4.4150 3.2327
1.0213 4.1341 3.6685
1.1102 4.8655 2.4900
1.0433 4.5328 2.6619
1.0961 4.6280 2.5478
0.9693 4.3249 3.1930
0.9848 4.4785 2.6815
0.9432 4.1445 3.5686
1.1172 4.7540 2.3188
0.8332 4.2200 3.2984
0.8218 4.3940 2.8046
0.7594 4.4020 2.5859
0.7773 4.2279 3.1579
0.8804 4.4671 2.6273
0.7447 4.1985 2.6701
0.7796 3.8811 2.9356
1.0491 5.1236 1.8662
1.0805 5.0848 1.2006
1.0026 5.1948 1.3724
1.1241 4.9402 1.6440
1.1334 4.8737 0.7293
1.1418 4.8063 1.2054
0.9212 5.1538 2.3720
0.7861 5.2111 2.2932
1.0737 5.0042 2.4090
1.0123 5.0942 2.4370
0.9968 5.1752 1.9979
0.6891 5.3605 1.9394
0.7207 5.2528 2.3402
0.8827 5.2394 1.7855
0.7514 5.3021 1.6191
0.6984 5.3863 1.3998
1.1049 4.9991 1.8987
0.9979 4.5849 2.2166
0.8955 4.5614 2.2248
1.1069 4.7281 1.9238
1.0700 4.6752 1.7560
1.0068 4.6227 1.8789
0.9025 4.6060 1.8127
0.8238 4.5848 1.9190
0.7951 4.5261 2.2497
0.7684 4.5280 2.0516
0.7414 4.4267 2.2095
0.7635 4.5404 1.6719
0.8873 5.2462 1.5019
0.8560 5.2419 1.1742
1.1193 4.7384 1.5146
1.0342 4.6369 1.4043
1.1307 4.6841 0.8494
0.8315 4.5996 1.5480
0.8178 3.7833 1.8773
0.8766 3.3025 2.0219
0.8760 3.1095 2.8395
1.0586 4.6325 0.9946
0.7515 4.3441 1.7370
0.9263 4.6152 1.2997
0.7540 4.4131 0.9618
0.8089 4.5766 1.2226
0.7686 4.5193 1.1357
0.7860 4.1340 0.5287
0.8211 3.9199 1.1166
0.9911 2.9003 1.8856
1.0356 2.6132 2.2759
0.8716 3.4191 0.4571
0.9272 3.1989 1.2875
0.8017 4.0249 3.6649
0.0258 4.1553 2.5590
0.0156 3.6394 3.1323
0.0552 4.8297 2.1638
0.0284 3.9133 1.7569
-0.0146 3.1315 3.0687
1.0054 2.2297 3.2298
1.0341 2.4176 2.7841
-0.0197 2.3555 3.3627
-0.0045 3.2123 1.7348
-0.0242 2.6877 2.1416
-0.0166 2.0674 2.9260
0.9547 1.2058 5.9684
0.7701 0.8423 6.0058
0.7991 1.3632 4.8787
0.7859 0.1725 5.3774
0.8021 0.2425 5.0904
0.8425 0.3897 4.7873
0.8636 1.4173 4.4619
1.0428 1.2048 3.7423
0.9591 0.4385 4.3320
0.0169 0.3207 4.8282
0.0348 -0.0798 5.5381
0.9810 1.7899 3.7485
1.1479 1.8422 2.8544
0.0017 1.6064 4.5549
-0.0045 1.2222 3.9654
0.0157 0.3564 3.8559
0.0161 0.8165 3.4345
0.7802 -0.7546 5.2428
0.8099 -0.4598 4.9266
0.9309 -0.1705 4.4554
0.8244 -0.9479 4.7143
0.7718 -1.1847 5.0331
1.0946 -0.6947 3.7271
1.1095 -0.2102 3.7529
0.9238 -0.9250 4.3152
1.1053 0.4039 3.7575
1.1499 0.5760 3.4563
1.1502 1.2486 3.2215
1.1652 0.8779 3.1913
1.1720 1.3841 2.8451
1.1294 0.7527 2.6743
1.1525 0.3952 3.0165
1.1569 0.4800 3.2553
1.1705 0.1277 3.4434
1.1753 -0.6346 3.3383
1.1734 -0.5254 3.0937
1.1353 -0.2516 2.8787
1.1001 0.1346 2.7025
0.0163 -0.7218 4.2728
0.0254 -0.9129 3.7441
1.1682 2.0532 2.1733
1.1517 2.1840 1.4628
1.1787 1.8265 2.3030
1.1883 1.8627 1.3277
0.9339 3.1004 0.7552
1.1020 2.3405 0.6687
1.1740 1.5364 1.7161
1.1777 1.3969 0.9554
1.1393 1.2592 1.2695
1.1154 1.1299 1.7596
1.1908 1.8335 0.4803
1.2042 1.4898 0.3657
1.1538 1.7804 0.0092
0.9964 2.6640 0.2084
1.1742 1.0102 0.5474
1.0401 0.6517 1.3446
1.0864 0.5349 0.8228
1.2014 1.4344 -0.0409
1.2143 0.6926 -0.2067
1.1439 1.1893 2.3776
0.0251 0.6465 2.6557
-0.0031 1.9248 2.0176
0.0432 0.7914 1.8157
0.0004 1.1541 3.0056
-0.0020 2.6738 1.4269
-0.0024 2.2622 1.4408
0.0042 2.1871 0.8316
0.0318 1.6720 1.0849
1.0480 0.4336 2.2507
1.0335 0.5708 1.9166
0.0420 -0.8456 2.6690
0.0286 1.4267 0.7305
0.0555 0.6483 0.8790
0.0569 -0.4463 1.6263
0.7771 -1.9063 4.4474
0.7530 -2.0649 4.9432
0.8442 -1.5992 4.2783
1.0748 -1.3252 3.5446
0.7710 -2.3738 4.3383
0.7796 -2.9194 4.2691
0.9609 -1.7924 3.7150
0.8273 -2.1539 3.9702
1.1697 -1.2355 3.0642
1.1618 -1.0078 2.5323
1.1865 -1.3152 2.6339
1.1045 -0.4362 2.5572
1.0619 -0.5139 2.1441
0.0388 -1.5802 3.2843
1.0896 -1.7844 3.1213
0.7929 -2.6859 3.7954
0.9804 -2.2789 3.1202
0.8586 -2.6678 3.3228
0.8037 -3.0394 3.6771
0.8222 -3.0787 3.1504
0.7990 -3.5375 3.3281
1.1583 -1.9081 2.5420
1.2056 -1.8569 2.0806
1.1861 -1.4252 2.1071
1.0711 -0.7570 1.7899
1.2200 -1.8863 1.3737
1.1215 -2.2745 2.2678
1.1665 -2.2734 1.7258
0.9424 -2.7428 2.7172
1.1916 0.6302 0.0937
1.1175 0.2796 0.4841
1.1573 -0.1912 0.1925
1.0335 -0.1124 0.9211
1.1531 -0.5578 0.3480
1.2064 0.1459 -0.1940
1.1860 0.0442 -0.0119
1.2160 -0.4229 -0.2275
1.2158 -0.2673 -0.4789
1.1881 0.0828 -0.7182
1.2096 0.7094 -0.4509
1.2214 -1.1646 0.0471
1.1948 -0.8403 -0.4889
0.9979 -0.1764 -1.5778
1.1995 -1.1112 0.3619
1.1663 -1.3732 -0.3389
1.0177 -1.0896 -1.1977
1.0061 0.0526 1.9844
0.9475 0.0992 1.6290
0.9513 0.1853 1.4684
0.9540 -0.1800 1.6098
0.9422 -0.0967 1.4308
0.9551 0.0465 1.3097
1.0348 -0.5660 1.3398
1.0780 -0.5702 0.8705
0.0572 -0.7002 2.2510
0.0458 -1.7218 2.3411
0.0389 0.4128 0.1332
0.0581 -0.3754 0.8654
0.0611 -0.8708 1.2604
0.0550 -1.1591 0.4666
0.0390 -0.5693 -0.1241
1.1600 -1.2374 1.6477
1.1831 -1.5033 1.6606
1.1515 -1.2055 1.2520
1.1583 -1.0918 0.7621
1.2084 -1.5043 1.0381
1.2247 -1.5424 0.6179
1.2010 -1.9374 0.5852
0.0671 -1.4519 1.5349
0.0519 -1.7366 1.2451
0.0381 -2.1317 1.8660
0.0374 -2.6589 2.0711
0.0596 -2.3755 1.5383
0.0519 -2.5695 1.1811
0.0168 -0.7765 -0.7775
0.0315 -1.9505 -0.0915
0.0560 -2.1783 0.5968
1.0326 -3.9938 3.6930
1.0782 -3.8007 4.0577
1.1042 -3.9456 3.8632
1.1510 -3.8768 4.0981
1.1375 -4.2350 3.3836
1.1658 -4.0900 3.8916
1.0908 -4.2241 3.2863
1.1630 -4.4220 3.5204
1.1562 -3.9295 4.4409
1.1579 -4.4929 2.8787
0.9030 -4.0072 3.6132
1.0094 -4.1918 3.2664
0.7998 -3.9625 2.7244
0.7696 -3.9273 3.2238
0.8420 -4.1062 3.3366
0.9650 -4.3017 2.9511
0.8579 -4.2917 2.8625
0.7996 -4.1899 2.9732
0.9941 -2.8811 2.0929
1.0749 -2.7228 1.4118
0.8594 -3.1140 2.7679
0.8933 -3.0429 2.4978
0.8294 -3.6117 2.5620
0.8725 -3.3949 2.0703
0.9440 -3.0941 1.9193
0.9472 -3.2122 1.4559
0.8380 -3.8272 2.4957
0.7855 -4.1980 2.7514
0.7908 -4.2956 2.0179
0.8447 -3.9467 1.8706
0.8655 -3.6392 1.5953
1.1317 -4.5930 3.4967
1.1076 -4.7908 3.0719
1.0890 -4.6958 3.4706
1.1718 -4.7262 2.3676
1.1402 -4.7655 2.8070
1.0775 -4.4799 2.4699
1.0659 -4.3826 2.8129
1.1261 -4.5089 2.5903
0.9787 -4.4316 2.4702
1.0448 -4.7741 3.4019
1.0645 -4.9489 2.7923
1.1696 -4.6871 2.1338
1.1091 -4.9822 2.3668
0.9638 -5.0206 2.7890
1.0372 -5.0654 2.3926
0.8388 -5.0959 2.7059
0.8658 -5.1514 2.3700
0.8414 -4.3720 2.4260
0.8129 -4.2008 1.5712
0.8046 -4.3872 1.9109
1.0886 -4.5414 2.1514
1.1485 -4.6228 2.0167
0.8582 -4.4573 1.9964
0.9520 -4.4885 2.0969
1.0549 -4.5510 1.7080
0.9354 -4.5109 1.7717
0.8971 -3.4572 0.5942
0.8825 -3.7916 1.0168
0.8501 -4.4601 1.3567
1.1717 -4.6811 1.6047
1.1950 -4.7999 1.2733
1.1625 -4.9059 1.9751
1.1732 -4.9106 1.1099
1.1268 -5.0042 1.8596
1.0380 -5.1170 1.9310
0.8519 -5.2206 1.8157
0.7826 -5.2387 2.0940
0.7328 -5.1650 2.8712
0.7289 -5.3553 2.0651
1.1347 -4.6238 1.5001
1.0707 -4.5620 1.2335
0.9204 -4.5109 1.3717
0.8207 -4.3650 0.9743
0.9293 -4.4867 1.0199
1.1826 -4.6406 0.9683
1.1114 -4.5565 0.9517
1.0441 -1.7737 -0.7198
0.9278 -1.8685 -1.2000
0.9808 -2.2842 -0.5647
1.2058 -3.0668 -2.1329
1.1931 -3.3744 -1.7048
1.2178 -3.8641 -1.1778
1.1829 -2.2428 1.1392
1.0824 -2.6103 0.7856
1.1166 -2.1055 0.0851
0.9272 -3.3020 0.9146
0.9651 -2.9108 0.2929
0.0286 -3.2467 2.2265
0.0473 -2.6002 0.4453
0.0621 -3.0241 0.6161
0.0558 -3.7103 1.1650
0.9207 -2.7948 -0.3111
0.8949 -2.3392 -1.1267
0.0294 -2.3605 -0.7256
0.0455 -3.0895 0.2124
0.0582 -3.5010 -0.0643
0.0288 -2.7484 -1.0491
0.8989 -3.6002 0.2967
0.8557 -3.9421 0.5892
0.8628 -3.6402 -0.0916
0.8961 -3.0978 -0.4120
1.1833 -4.4221 0.1662
1.1136 -4.4783 0.5666
1.1011 -4.3460 0.1486
1.0136 -4.4307 0.5669
0.8230 -3.8112 -0.3360
1.1471 -4.1843 -0.3065
0.9154 -4.2553 0.0788
0.9124 -4.3895 0.5541
1.0655 -4.1216 -0.3608
0.9109 -4.1104 -0.2918
0.8497 -4.2106 0.1115
0.8185 -4.1587 0.4726
0.8576 -4.3926 0.7507
0.8237 -4.0977 -0.0721
0.8443 -3.3102 -0.8755
1.1804 -4.0606 -0.6391
1.0847 -3.9323 -0.7376
1.1987 -3.8111 -1.1016
1.1483 -3.7815 -1.0429
1.0706 -3.6414 -1.1835
0.9457 -3.8862 -0.7543
0.8233 -3.7816 -0.7087
0.8635 -3.9594 -0.5317
0.8586 -3.6789 -0.9970
0.8246 -3.3348 -1.4251
0.8082 -3.3261 -1.2600
0.8682 -3.3671 -1.4594
0.9412 -3.5567 -1.2565
1.1221 -3.3404 -1.6048
0.9871 -3.3240 -1.5690
0.0652 -4.0444 -0.1098
0.0454 -3.2301 -1.2544
0.0380 -3.6511 -1.8885
1.0707 -5.1112 1.2877
1.0165 -5.1533 1.4840
0.7555 -5.3169 1.6507
0.6363 -5.8122 1.9724
0.6997 -5.6433 1.6403
0.7119 -5.5172 1.9040
1.1283 -5.0058 0.8963
1.0728 -5.0805 0.7501
0.9959 -5.1423 0.8437
0.8706 -5.2198 1.1782
0.7919 -5.2809 1.2875
0.7557 -5.3298 0.9532
0.6503 -5.7881 1.0886
0.7164 -5.5371 0.9764
0.8006 -5.2554 0.8980
1.2099 -4.5376 0.2906
1.2254 -4.5365 -0.0614
1.2007 -4.8018 0.5278
1.1464 -4.8990 0.2500
1.2006 -4.6706 -0.1395
1.2163 -4.1861 -0.5378
1.2157 -4.3547 -0.7402
1.0999 -4.8303 -0.2178
1.0455 -5.0207 0.3217
0.9506 -4.9556 -0.0727
0.9094 -4.7972 -0.5782
1.1521 -4.6501 -0.4647
1.0785 -4.6677 -0.6369
0.8850 -5.1761 0.7067
0.8124 -5.1643 0.4057
0.8734 -5.1216 0.3885
0.7624 -5.2774 0.4848
0.7578 -5.1242 -0.0438
0.8109 -4.9369 -0.3367
0.7177 -5.3568 0.0102
0.6753 -5.6251 0.2920
0.5142 -6.1670 0.8749
0.5930 -5.9340 0.4587
0.5405 -5.9559 0.0272
0.7344 -4.8728 -0.8198
0.6596 -5.1938 -0.9810
0.5506 -5.5799 -0.9490
-0.0130 -5.5137 0.5893
0.0208 -5.0133 -0.1738
-0.0308 -5.4152 -0.2865
1.2075 -3.6517 -1.6577
1.2061 -4.1168 -1.2273
1.0980 -4.4473 -1.0463
1.1486 -4.2117 -1.3094
0.9603 -4.5797 -0.9720
0.8044 -4.5705 -1.1449
1.1584 -3.6614 -1.8827
1.1126 -3.9443 -1.7188
1.0873 -4.2058 -1.4582
1.0194 -4.3050 -1.3994
0.9729 -4.1528 -1.6356
0.8483 -4.4051 -1.3759
1.0398 -3.9505 -1.8278
0.8366 -4.1752 -1.6983
0.7785 -4.0357 -1.9294
0.7754 -4.3142 -1.5974
0.7308 -4.4592 -1.5536
0.7337 -4.0667 -1.9944
0.7656 -4.7257 -0.9535
0.6886 -4.7787 -1.4972
0.7109 -4.0277 -2.1747
0.5743 -4.9738 -1.8666
0.0534 -4.6937 0.3255
0.0345 -4.5836 -1.0605
0.0038 -4.5537 -1.6149
-0.1366 -5.8110 -0.5391
-0.1044 -5.4112 -1.2023
-0.0260 -4.9791 -1.3177
0.4441 -6.2989 0.4150
0.2224 -6.8342 1.0059
0.2600 -6.6400 0.0859
0.3766 -6.2073 -0.5790
0.0611 -6.8636 -0.5734
0.1635 -6.4563 -1.1204
-0.0538 -7.2125 0.0512
0.3481 -5.5325 -2.0853
0.3480 -5.9344 -1.3756
-0.2745 -6.4275 -0.0124
-0.2501 -6.1423 -0.7902
-0.1907 -5.7699 -1.2744
-0.1641 -5.3908 -1.7138
-0.3702 -6.1447 -1.5103
-0.1377 -6.9614 -1.2816
0.0742 -6.0444 -2.2912
0.0321 -6.3853 -1.8673
-0.1417 -6.6208 -2.0091
-0.6398 -6.5139 -2.0108
-0.5096 -6.5564 -1.3437
-0.1266 -7.1763 -0.5826
-0.2938 -7.2757 -1.0733
-0.3585 -7.0620 -1.8164
-0.2079 5.2878 -3.9892
-0.1179 5.8783 -3.1253
0.0925 5.2337 -3.3242
-0.0230 4.7933 -4.0371
0.1621 4.7453 -3.6542
0.3848 4.5939 -3.1138
0.3685 4.1739 -3.5683
0.1313 4.2649 -4.1097
-0.1307 4.3764 -4.5753
0.3194 3.6954 -4.0567
0.0967 3.6756 -4.5796
-0.3920 5.2503 -4.3570
-0.4341 4.3821 -5.0965
-0.1559 3.6878 -5.0584
-0.4859 4.1275 -5.3329
-0.6083 8.0738 2.5902
-0.9354 8.3436 3.0792
-1.3163 8.7547 2.7035
-1.0438 8.5469 2.4159
-1.3405 8.8432 2.1546
-0.7657 8.2954 2.1790
-1.1917 8.7194 1.6449
-1.1819 8.1723 2.4960
-1.2999 8.3498 2.2074
-1.0661 8.0737 2.2825
-1.4407 8.9391 2.1582
-1.4135 8.8502 2.7684
-1.5270 8.9719 1.7401
-1.5781 8.9207 2.2485
-1.5016 8.9479 2.2370
-1.5685 8.9539 1.4918
-1.3348 8.8508 1.5750
-1.3956 8.9276 1.6372
-1.4543 8.9689 1.5743
-0.9231 8.4783 1.4767
-1.4627 8.5405 1.9405
-1.1363 8.1757 1.7949
-1.4077 8.4971 1.3487
-1.0661 8.1204 1.4421
-1.2618 8.7700 0.8712
-1.4052 8.9170 0.9473
-1.4928 8.9705 1.2134
-1.6231 8.8883 1.5770
-1.6285 8.7727 0.7530
-1.6284 8.7383 1.9046
-1.6477 8.8053 2.1356
-1.5309 8.9602 1.0123
-1.5835 8.8906 0.6529
-1.5961 8.7079 1.4007
-1.4936 8.5509 0.5297
-1.6142 8.7141 0.6645
-1.6169 8.8152 0.4726
-1.5208 8.7513 3.5211
-1.4432 8.7836 3.2784
-1.5227 8.8435 3.0783
-1.2701 8.1307 3.2616
-1.3312 8.2852 2.8689
-1.6018 8.7630 3.2860
-1.6474 8.6308 3.6090
-1.6618 8.5465 3.5801
-1.6586 8.6954 3.0579
-1.6438 8.6308 2.8966
-1.5616 8.5615 2.6956
-1.4828 8.8997 2.7153
-1.6329 8.8307 2.5765
-1.5399 8.9010 2.7312
-1.5964 8.8707 2.6987
-1.0403 7.9071 3.0555
-0.8872 7.7388 3.0359
-1.1320 8.0904 2.7806
-0.9920 7.9246 2.6227
-1.4481 8.8514 0.1418
-1.4990 8.9299 0.6381
-1.5280 8.8761 0.2424
-0.2111 7.6183 2.0859
-0.3973 7.8758 2.0600
-0.6229 8.1589 1.2779
-0.8221 7.7462 2.3332
-0.9343 7.9224 1.9253
-0.8197 7.7848 2.0267
-0.6172 7.4699 1.9914
-0.7355 7.6657 1.6385
-0.0537 7.3743 1.6550
-0.5063 7.2559 2.4082
-0.6802 7.4681 2.6939
-0.3593 6.9583 2.4806
-0.3505 6.9604 2.0604
-0.4816 7.2175 1.9878
-0.1960 7.6102 1.3074
-0.3783 7.8670 1.1403
-0.5179 7.3248 1.6018
-0.7103 7.6281 1.3913
-0.6547 7.5648 1.2515
-0.2954 7.6297 0.1232
-0.5449 7.9988 0.4063
-0.2456 7.6360 0.6759
-1.1568 8.1943 0.9862
-0.8840 7.8670 0.9428
-0.9201 8.4428 0.7029
-0.7074 7.5947 0.7163
-0.4960 7.2570 1.1273
-0.8591 8.3285 0.2642
-1.0314 7.9781 0.3034
-0.8008 7.6703 0.1831
0.1032 7.0714 0.9853
0.2296 6.8320 1.5093
0.2350 6.7304 0.5220
0.3852 6.4564 1.2070
0.4689 6.1665 0.6592
-0.2140 6.5872 1.5779
-0.1415 6.3350 1.8697
-0.0391 7.3122 0.6710
-0.3077 6.8356 1.2163
0.5691 5.9505 1.2664
-0.0866 6.0951 1.0929
-0.2171 6.5239 0.5765
-0.0896 7.2539 -0.1325
-0.0989 7.0871 -0.7749
0.1321 6.8014 -0.2276
-0.5097 7.2196 0.4245
-0.3911 7.0004 0.6642
-0.6286 7.3784 0.0619
-0.4627 7.0170 -0.1149
-0.5379 7.2400 0.0090
-0.6364 7.2465 -0.5132
-0.2598 6.4201 -0.4802
-0.7920 8.1602 -0.2857
-1.0272 8.4384 -0.0766
-0.5599 7.8407 -0.5089
-1.0963 8.4062 -0.5153
-0.8551 8.0692 -0.8938
-1.2647 8.3967 -1.1406
-1.2660 8.6948 0.2118
-1.3888 8.7909 -0.0021
-1.3810 8.3582 -0.0050
-1.6175 8.6373 -0.2063
-1.5770 8.5633 -0.0943
-1.5611 8.7916 -0.1757
-1.6006 8.6635 -0.5663
-1.3383 8.6354 -0.5143
-1.5093 8.7369 -0.5228
-1.5496 8.7229 -0.5487
-1.4219 8.6887 -0.6320
-1.4595 8.5927 -1.0256
-1.1506 8.0409 -0.2514
-1.4003 8.2663 -0.5168
-1.5834 8.4048 -0.8554
-1.6193 8.4718 -0.8948
-1.1452 7.8498 -0.9195
-1.4139 8.4547 -1.4150
-1.5599 8.5824 -1.0480
-1.5216 8.4668 -1.4773
-1.5986 8.4970 -1.2061
-1.5581 8.4489 -1.4971
-1.6054 8.2496 -1.8624
-1.5775 8.2216 -2.0261
-1.6201 8.3641 -1.4362
-1.5837 8.2102 -1.4619
-1.6220 8.0981 -1.9463
-0.3695 7.5944 -0.4854
-0.4657 7.4389 -1.3484
-0.9012 7.9389 -1.4134
-0.8320 7.4574 -0.9500
-0.8730 7.6516 -0.3273
-0.9974 7.6023 -1.1594
-0.5079 6.9240 -0.7878
-0.2243 7.0506 -1.4295
-0.4059 7.0452 -2.0503
-0.6779 7.0171 -1.3656
-0.8806 7.3531 -1.3280
-0.5362 6.6559 -1.5917
-0.7816 7.0251 -1.7601
-1.2832 8.2295 -1.6602
-1.3689 8.2470 -1.8744
-1.0896 7.9191 -1.9800
-1.4914 8.3241 -1.8336
-1.4374 8.1930 -2.1067
-1.5479 8.1925 -2.1431
-1.3359 7.8919 -1.4978
-1.5867 7.9361 -2.1269
-1.3220 7.5756 -2.1493
-1.3273 7.9919 -2.3277
-1.5137 8.0623 -2.4469
-1.4031 8.0554 -2.3731
-1.4395 7.9011 -2.7128
-1.5986 7.9707 -2.5288
-1.6270 7.6981 -2.8763
-0.8806 7.6774 -1.9891
-1.0913 7.4734 -1.7416
-0.9674 7.5186 -2.5141
-1.3658 7.8412 -2.7267
0.6350 5.6167 0.6308
0.5408 5.8107 -0.0884
1.0265 5.1575 0.9772
0.9739 5.1589 0.6816
1.0651 5.0237 0.5249
1.0088 5.0937 0.4216
0.8558 5.1667 0.4826
0.7462 5.2751 0.9485
0.7470 5.1743 0.2415
0.7075 5.2999 0.6691
0.6937 5.2311 0.1090
0.6465 5.6526 1.3991
0.0112 5.5187 1.0587
-0.0130 5.6033 0.3027
0.0514 4.8573 0.7494
0.0314 4.9603 -0.2482
0.3391 6.3422 -0.1980
0.3844 5.9748 -0.9451
0.1760 6.4505 -1.0315
0.6670 5.3044 -0.2592
0.6099 5.3355 -0.8282
0.4968 5.5697 -1.1615
-0.1295 6.0607 -0.0973
-0.0191 5.2101 -0.9663
1.1479 4.7219 0.4147
1.1462 4.7397 0.0043
1.0789 4.5656 0.5130
0.9188 4.5268 0.5484
0.9342 4.5900 0.8889
1.1441 4.5861 0.2808
1.1125 4.6291 -0.6145
1.1092 4.8409 -0.0754
1.0398 4.9284 -0.1336
1.0334 4.7620 -0.5889
0.9440 5.0227 -0.0098
0.8090 5.0124 -0.1993
0.7160 4.9674 -0.5888
1.1808 4.3005 -0.6320
0.9479 4.8867 -0.4193
1.0679 4.4545 0.1324
1.1769 4.2654 -0.9909
1.0974 4.3173 -0.2607
1.1544 4.1613 -0.7143
1.1656 4.3422 -0.3974
0.9111 4.4063 0.0772
0.9831 4.2517 -0.3251
0.8340 4.3853 0.1025
0.8349 4.4941 0.4931
0.7871 4.4565 0.5145
0.7843 4.3213 0.1441
0.7975 3.9357 -0.5102
0.8650 4.1844 -0.3797
0.8109 4.1403 -0.3294
0.8421 3.6326 -0.3032
0.8376 4.5656 0.8904
0.7920 4.5137 0.7711
0.0508 4.1167 -0.0103
0.8434 3.7067 0.2781
0.0209 3.2870 0.6564
0.0250 3.5559 0.3655
0.7433 5.0185 -0.3187
0.7896 4.7930 -0.8108
0.4712 5.3308 -1.8028
1.0638 4.5585 -0.9941
0.8951 4.7196 -0.8658
1.0058 4.6034 -1.0092
1.1351 4.3802 -1.0747
0.8520 4.5609 -1.2035
1.0704 4.3152 -1.3966
1.0101 4.4046 -1.3366
0.6829 4.7901 -1.4495
0.5918 4.9887 -1.7457
0.7566 4.5653 -1.3102
0.7161 4.6862 -1.2547
0.7271 4.3741 -1.6841
0.6899 4.1452 -2.2508
0.0217 4.3854 -1.9896
0.0659 3.9832 -1.3069
-0.0560 6.6438 -1.6916
-0.3087 6.2573 -1.2889
-0.2739 6.3627 -0.8775
0.2958 5.7131 -1.9786
-0.1590 5.8565 -1.2155
-0.0884 5.2680 -1.6726
-0.1980 5.7673 -1.6292
0.0745 6.2874 -1.8973
0.0324 6.0945 -2.3726
-0.3155 6.6752 -2.4867
-0.4278 6.3043 -1.8730
-0.3313 5.9187 -2.0846
-0.4958 6.2293 -2.2201
-0.6601 7.1457 -2.5143
-0.9165 6.9394 -2.3185
-0.6937 6.7027 -2.0830
-1.0649 7.3577 -2.9801
-1.1149 7.0659 -2.6053
-1.5073 7.5747 -2.6363
-1.1818 6.9334 -2.9581
-0.2715 6.3894 -2.8044
-0.7615 6.5199 -2.6135
-0.5874 6.1703 -2.6383
-0.4701 6.4456 -3.1912
-0.8510 6.8293 -3.4021
-0.9664 6.5359 -3.0723
-0.8039 6.0877 -3.3031
0.0673 5.8048 -2.7210
-0.2115 5.4477 -2.2595
-0.3846 5.7769 -2.5503
0.4307 5.0865 -2.3553
0.6026 4.4469 -2.4174
0.2824 5.1184 -2.8900
-0.1093 4.9313 -2.4010
-0.5276 5.7676 -3.0194
-0.3542 5.3634 -2.9921
-0.3055 5.8695 -3.5577
-0.6705 6.3574 -3.6910
-0.2175 4.7346 -3.1760
-0.5773 5.3600 -3.6055
-0.7150 5.7503 -3.5339
-0.8218 5.6769 -3.8158
-0.4105 5.0243 -3.5281
0.8152 3.7207 -0.6106
0.8865 3.1111 -0.6635
0.8935 3.0110 -0.3877
0.8696 2.9027 -1.2689
0.8659 2.2066 -1.7170
0.8695 2.5934 -1.1032
0.9148 2.9897 0.0567
0.9470 2.4485 -0.5776
0.0014 2.7556 0.6377
0.0247 2.0378 0.0134
0.0304 2.7734 -0.5554
1.1889 3.8940 -1.2177
1.0816 4.0060 -0.8551
1.1137 3.8966 -1.0657
0.9918 3.8980 -0.9939
1.1356 4.1336 -1.5016
1.1795 3.8310 -1.7419
1.2033 3.7645 -1.6732
1.1257 3.6924 -1.3359
0.9113 4.0403 -0.7108
0.8423 3.8120 -0.9749
0.8867 3.7438 -1.1543
0.8903 4.3031 -1.5599
0.7754 4.3928 -1.5335
0.8244 4.1205 -1.8365
0.7619 4.0818 -1.9526
1.1246 3.8486 -1.9015
1.0911 3.8428 -1.9809
1.0264 4.1391 -1.6990
0.9424 3.9827 -1.9425
1.2121 3.5591 -1.7680
1.1944 3.4625 -1.7135
0.9536 3.6379 -1.3437
1.0476 3.5270 -1.4996
0.9567 3.3779 -1.6353
0.8791 3.4780 -1.4899
1.1293 3.3469 -1.7248
1.1760 3.2296 -1.9003
0.8372 3.4794 -1.4079
0.8249 3.2570 -1.4902
0.8363 2.8668 -1.6845
1.0420 3.8714 -2.0133
0.8888 3.7779 -2.1866
1.2076 3.0756 -2.4228
1.1009 3.1487 -1.8988
0.8822 3.1878 -1.7639
1.1734 3.4859 -2.1740
1.0027 3.5929 -2.3159
1.1298 3.4285 -2.3326
1.0808 3.3364 -2.5023
0.8427 3.0203 -1.8278
0.0465 2.6411 -1.0198
0.0769 2.9858 -1.5848
0.9162 2.0236 -1.1843
1.0553 1.7789 -0.6203
1.0528 1.1165 -1.0471
1.1614 1.2117 -0.4842
0.0165 0.9176 -0.6514
0.0314 1.9790 -1.1005
0.0109 1.3348 -1.4542
0.8514 2.1249 -2.0815
1.2172 2.5273 -2.5773
1.0457 3.0072 -2.0075
0.9279 3.0138 -1.9600
1.2068 2.6745 -2.4081
1.1737 2.7053 -2.3217
1.0346 2.6382 -2.2850
0.8830 2.7476 -2.1338
1.1363 3.1067 -2.6105
0.8251 2.5985 -2.0758
0.8669 1.9989 -1.6760
0.9039 1.8087 -1.4990
0.8731 1.5780 -1.9501
1.1232 2.7249 -2.2558
1.2084 2.4680 -2.7753
0.9457 2.4395 -2.3923
1.1739 2.1039 -2.6997
1.1232 2.3881 -2.4760
0.8746 2.3418 -2.4048
1.0139 2.1381 -2.5818
0.8912 2.0856 -2.5604
0.8443 2.3765 -2.3288
0.8233 1.7025 -2.5717
0.0386 2.5021 -1.2922
0.0638 2.5996 -1.8782
0.0361 2.0568 -1.9178
0.7279 3.9735 -2.1831
-0.0359 4.5004 -2.4813
-0.0980 4.2441 -3.1305
0.0267 3.7564 -2.7822
0.7827 3.8176 -2.2238
0.5921 3.9258 -3.0056
0.8145 3.6065 -2.4101
0.7516 3.6419 -2.4518
0.7321 3.3168 -2.7674
0.0769 2.9447 -2.4591
0.0728 3.4703 -2.4864
0.4909 3.8356 -3.4634
-0.0641 3.7843 -3.3439
-0.3060 4.5370 -3.6731
-0.6571 5.1175 -4.0437
-0.4786 4.7594 -3.9627
-0.1740 4.0845 -3.6177
-0.4206 4.1380 -4.2857
-0.5919 4.4747 -4.4096
0.8933 3.3559 -2.5747
0.8253 3.2291 -2.7111
1.0095 3.2498 -2.6202
0.6941 3.4073 -2.9671
1.0716 2.9238 -2.8218
0.7624 2.9171 -2.9886
0.8066 2.8261 -3.0066
0.7283 2.4157 -3.3545
0.0557 2.9265 -2.9383
0.5956 3.5514 -3.3030
0.6700 2.8829 -3.4230
0.4857 3.0669 -3.9684
-0.0086 2.9955 -3.5673
1.1673 2.7473 -2.7778
0.9653 2.7780 -2.9677
1.1055 2.4366 -3.0732
0.8403 2.4730 -3.1836
0.9535 2.3551 -3.2015
0.7804 2.4755 -3.2253
0.0433 1.6352 -2.4958
0.0484 2.2663 -3.4320
-0.1263 3.1076 -4.0602
-0.2653 3.7754 -4.1116
-0.3783 3.4798 -4.6035
-0.5121 3.9406 -4.6364
-0.0065 2.3273 -3.8925
-0.1439 2.5260 -4.3775
-0.2855 3.0842 -4.5555
0.2981 2.9770 -4.5231
0.0724 3.1100 -4.9424
0.2488 2.4571 -4.8451
-1.5576 7.9498 -2.6593
-1.5119 7.8680 -2.8361
-1.6097 7.7212 -2.9595
-1.5684 7.6722 -3.1323
-1.3354 7.6011 -3.0696
-1.6199 7.5040 -3.0542
-1.4780 7.6483 -3.1834
-1.4047 7.6448 -3.1387
-1.5394 7.6219 -3.2400
-1.3933 7.3543 -3.5594
-1.2692 7.2396 -3.5060
-1.5109 7.3165 -3.0788
-1.5932 7.0426 -3.6447
-1.4652 7.3447 -3.6360
-1.5129 7.4852 -3.4672
-1.5447 7.3037 -3.7168
-1.6114 7.3674 -3.5333
-1.2513 6.6278 -3.5187
-1.6365 6.7734 -4.2640
-1.6378 7.0385 -3.8324
-1.3267 6.9805 -3.9553
-1.4513 7.1400 -3.9164
-1.5212 7.1962 -3.8873
-1.5476 6.8920 -4.2688
-1.5066 7.0041 -4.1188
-1.6061 7.0457 -4.0081
-1.4487 6.6687 -4.4879
-1.2789 6.6167 -4.3206
-1.5024 6.6259 -3.9972
-1.6404 6.5813 -4.3301
-1.5200 6.3551 -4.3265
-1.4928 6.7411 -4.4478
-1.5855 6.7061 -4.4627
-1.0501 6.1981 -3.6855
-0.9068 6.3340 -4.1168
-1.1472 6.0296 -4.0527
-1.3337 5.6605 -4.7040
-1.2389 6.0839 -4.8178
-0.5833 5.8305 -4.1371
-0.7555 5.6939 -4.5392
-0.9018 5.4259 -4.2373
-0.5835 5.2984 -4.6315
-1.1206 5.7010 -5.0207
-1.5368 6.5400 -4.6825
-1.3824 6.2706 -4.8330
-1.5903 6.3640 -4.8405
-1.6409 6.1413 -4.9756
-1.4742 6.1954 -5.0078
-1.5141 6.3282 -4.9155
-1.6523 6.4756 -4.5426
-1.6238 6.2142 -4.6573
-1.5567 6.0898 -5.1329
-1.6101 5.7803 -5.3684
-1.6401 5.7087 -5.1548
-1.4069 5.8243 -5.2724
-1.5211 5.9573 -5.2623
-1.6717 5.3690 -5.5340
-1.4617 5.6626 -5.4581
-1.5414 5.6924 -5.4791
-0.8812 5.0339 -4.5238
-0.8479 5.1602 -5.1162
-0.6285 4.7562 -5.1379
-1.2598 5.0528 -5.1005
-0.7091 4.3317 -4.7523
-0.9292 4.3627 -5.0882
-0.7688 4.8032 -5.2887
-0.6418 4.5660 -5.2941
-0.7783 4.7442 -5.3754
-0.8525 4.7966 -5.3961
-0.7524 4.5150 -5.4904
-1.3100 4.7258 -5.4074
-1.2537 5.2391 -5.5371
-1.6517 5.3174 -5.6826
-1.5754 5.2045 -5.4299
-1.6565 4.9974 -5.6941
-1.5839 5.4762 -5.6514
-1.4384 5.2174 -5.7782
-1.5396 5.4078 -5.7180
-1.4877 5.3039 -5.7732
-0.9182 4.5468 -5.6353
-0.7692 4.3449 -5.5804
-1.2551 4.6750 -5.9255
-1.5229 5.0130 -5.9834
-1.5690 5.0081 -5.9959
-1.6247 4.7827 -6.1096
-1.6851 4.6646 -6.0766
-1.4580 4.6445 -6.1640
-1.3028 4.3767 -5.6170
-1.6853 4.6764 -5.9758
-0.4976 3.4184 -4.8831
-0.7094 3.5991 -5.1815
-0.6961 4.3441 -5.5354
-0.6291 4.1904 -5.4964
-0.4900 3.5085 -5.6626
-0.9401 3.8498 -5.4232
-0.4230 2.6951 -5.0631
-0.7502 3.1754 -5.4609
-0.8190 4.0135 -5.8280
-0.9340 3.4305 -5.6309
-1.0876 3.7310 -5.7045
-1.1256 3.2176 -5.9662
-1.1899 4.1646 -6.1443
-1.2643 3.8743 -5.8399
-1.6314 4.1957 -6.1376
-1.5483 4.6381 -6.2385
-1.6562 4.2806 -6.3752
-1.5888 4.2380 -6.4527
-1.5519 4.1517 -6.4920
-1.6924 4.1169 -6.3094
-1.4681 4.1692 -6.4237
-1.6929 3.9878 -6.4615
-0.8470 3.5121 -6.0994
-1.3685 3.4068 -6.1847
-1.3600 3.5514 -6.6105
-1.6294 3.8979 -6.6112
-1.5038 3.5432 -6.7469
-1.6836 3.4294 -6.7639
-1.5864 3.7435 -6.7025
-1.6785 3.7467 -6.4314
0.9381 1.1680 -1.5947
1.0599 0.3483 -1.2944
0.9177 0.4749 -1.9778
0.9082 1.2980 -1.7819
0.9002 1.7785 -1.6620
1.1967 1.8243 -2.8822
1.2158 1.9150 -3.0208
1.1211 1.8707 -2.7432
1.2075 1.5786 -3.0601
0.8954 1.7767 -2.6979
1.0441 1.6468 -2.8039
1.1316 1.5228 -2.8962
0.8557 1.1259 -2.4357
0.8408 1.7679 -2.6365
0.9133 1.4094 -2.8382
1.0036 1.2318 -2.9195
1.1845 1.3876 -3.0187
1.1617 1.0569 -3.0526
1.1023 1.0557 -2.9925
1.2037 0.9801 -3.1627
1.1996 1.4508 -3.1858
0.8476 1.2538 -2.8200
0.8318 0.7114 -2.8596
0.8456 0.7069 -2.9216
0.8812 0.9174 -2.9384
-0.0032 0.1260 -1.4011
0.0080 1.0161 -2.0126
0.0244 0.8524 -2.4286
-0.0035 -0.2308 -2.1205
0.9095 -0.9280 -1.7980
0.8830 -0.2341 -2.2333
0.8621 0.3872 -2.4525
1.1162 0.6635 -3.0740
1.2117 0.6010 -3.3560
1.1827 0.5947 -3.1592
1.2181 0.1507 -3.2813
0.9568 0.8241 -2.9931
0.9269 0.4641 -3.0161
0.8746 0.3538 -2.9863
1.0441 0.5867 -3.0494
1.1826 0.3552 -3.1454
1.1129 0.1715 -3.0943
0.8554 -0.3038 -2.5521
0.8291 -0.1915 -2.8862
1.2098 -0.2142 -3.2072
1.1923 -0.1749 -3.4703
1.1440 0.2875 -3.5864
1.1864 -0.3415 -3.1577
1.0440 0.0458 -3.0677
0.9187 -0.0184 -3.0281
1.1313 -0.3933 -3.1006
0.9902 -0.2386 -3.0511
0.8518 -0.5053 -2.9645
0.8875 -0.6073 -2.9855
0.0181 -0.4793 -2.6130
0.8568 -1.0066 -2.2086
0.0074 -1.1163 -2.5432
-0.0133 -0.9256 -1.7472
0.0038 -1.4046 -1.2300
1.1771 2.1084 -3.0970
1.0716 2.2423 -3.2038
0.8941 1.9772 -3.3862
0.7724 2.0574 -3.4231
1.1104 1.8867 -3.3100
1.0445 1.6972 -3.4364
0.6917 2.1374 -3.6906
0.5782 2.2513 -4.0764
0.7312 1.8039 -3.5957
0.0480 0.9165 -3.4564
1.1616 1.4264 -3.3273
0.9093 1.3782 -3.5912
0.8012 1.5112 -3.6047
1.1386 1.1641 -3.4899
1.0843 1.2147 -3.5598
0.7181 1.2923 -3.8258
0.6674 1.2303 -4.0841
0.7698 1.3097 -3.6865
0.0324 1.0910 -3.7892
0.4488 2.2670 -4.4468
0.0007 0.9593 -4.1551
-0.0509 1.6287 -4.2891
0.0643 2.4239 -5.2329
-0.2707 2.2226 -4.8766
-0.1707 1.9823 -4.6845
0.5404 1.5167 -4.4332
0.3223 1.6043 -4.9557
-0.4174 1.8699 -5.3107
-0.1286 1.3113 -4.6910
-0.2912 1.3140 -5.1264
1.0028 1.1699 -3.6182
0.8730 0.8188 -3.7208
1.1671 0.7932 -3.5169
1.0991 0.8331 -3.6321
1.0878 0.4362 -3.6753
1.0046 0.7788 -3.6917
0.7657 0.8108 -3.7820
0.7322 0.6083 -3.8800
0.9941 0.3464 -3.7342
0.7902 0.4020 -3.8194
0.6807 0.2249 -4.1731
1.0719 -0.1545 -3.7038
0.8180 0.0639 -3.8164
0.7413 -0.0285 -3.9040
0.5554 0.7139 -4.5241
0.0269 -0.5876 -3.2573
0.0247 -0.7494 -3.7406
-0.0090 -0.3289 -4.2243
-0.1074 0.4348 -4.6817
0.0128 1.8015 -5.5166
0.0800 0.9947 -5.5386
-0.2134 0.8168 -5.0144
0.3178 0.5800 -5.1151
-0.2477 0.2187 -5.1310
-0.3634 0.5443 -5.4025
0.8611 -1.5141 -1.8752
0.8628 -2.0881 -1.8273
0.8433 -1.2880 -2.4171
0.8191 -2.3283 -1.9703
0.9842 -0.6075 -3.0183
1.0659 -1.0944 -2.9495
1.0802 -0.5817 -3.0459
1.1415 -0.8977 -3.0525
1.2003 -0.8021 -3.3703
1.1284 -0.4382 -3.6103
1.2002 -1.1967 -3.1342
1.1885 -1.0091 -3.1011
1.0903 -0.6686 -3.6314
1.1193 -1.2692 -2.9449
1.1519 -1.6109 -2.8764
1.1746 -1.7682 -2.9038
1.1364 -1.0858 -3.4876
1.1933 -1.3793 -3.2088
1.1315 -1.7795 -3.2465
0.9021 -0.5617 -3.7354
1.0193 -0.8420 -3.6548
0.8703 -1.1109 -3.6511
1.0698 -1.2358 -3.5381
1.0472 -1.6636 -3.4150
0.9925 -1.2875 -3.5684
0.8687 -0.9199 -2.3959
0.8335 -0.9360 -2.6635
0.8049 -1.2988 -2.7002
0.8234 -0.7948 -2.8825
0.9219 -1.0323 -2.9294
0.8457 -1.0377 -2.8871
0.9649 -1.3107 -2.8711
1.0640 -1.5057 -2.8267
0.8618 -1.3760 -2.8173
0.8227 -1.4563 -2.7372
1.0927 -1.7883 -2.7381
0.9496 -1.7617 -2.7031
0.8027 -1.8562 -2.4984
0.8631 -1.9002 -2.6009
0.0318 -1.8844 -2.2710
0.0163 -1.5011 -2.1059
0.8242 -2.1002 -2.4430
0.8523 -1.6634 -3.5004
0.7703 -1.2630 -3.6713
0.7219 -1.4981 -3.7045
0.7436 -0.8000 -3.8114
0.0196 -1.8799 -2.7787
0.0181 -2.6750 -3.0040
1.0943 -2.0470 -2.6166
1.1593 -2.0716 -2.7036
1.1546 -2.3153 -2.5300
1.0385 -2.1177 -2.5517
1.1113 -2.4253 -2.4070
1.1898 -2.7439 -2.2914
1.1876 -2.4514 -2.6439
0.8030 -2.5976 -2.0115
0.8680 -2.3522 -2.3512
0.9638 -2.3958 -2.3705
0.9233 -2.0970 -2.5339
0.8352 -2.6185 -2.1267
0.9053 -2.6863 -2.1384
1.0815 -2.6794 -2.2045
1.1589 -2.7651 -2.2067
0.9740 -2.8714 -2.0143
0.8305 -3.0577 -1.7436
1.1767 -3.1407 -1.9021
1.1183 -3.0246 -1.9298
1.0573 -3.0991 -1.8285
0.8741 -3.0570 -1.8022
1.1732 -3.0600 -2.3448
1.1129 -2.8184 -2.7254
1.0834 -3.5045 -2.2271
1.1706 -2.0215 -2.9774
1.1330 -2.3038 -3.0149
1.0560 -3.1138 -2.6107
1.0607 -2.5853 -2.9628
1.0051 -2.9576 -2.7651
0.9429 -2.4793 -3.0866
0.9936 -3.3567 -2.4605
0.8474 -3.0194 -2.7872
1.0681 -2.0607 -3.2329
1.0006 -2.1394 -3.2439
0.8394 -2.0275 -3.3583
0.7977 -2.2854 -3.2609
0.7513 -1.8255 -3.5079
0.7125 -2.1603 -3.4664
0.7435 -2.4004 -3.2571
0.6846 -1.6956 -3.8792
0.8196 -2.6657 -3.0335
0.7202 -2.8148 -3.0715
0.6875 -2.7320 -3.3363
0.7523 -3.0387 -2.8492
0.7250 -3.3803 -2.6718
0.5962 -2.0809 -4.0533
0.5609 -3.0922 -3.6592
0.4419 -2.4444 -4.3581
-0.0335 -3.3711 -3.1787
0.0049 -2.2150 -3.5256
-0.0324 -2.5581 -3.7010
0.0156 -2.1476 -1.9492
0.8036 -3.0645 -1.6355
0.9838 -0.2227 -3.7457
0.7998 -0.2974 -3.8112
0.6932 -0.6912 -4.0720
0.7826 -0.6698 -3.7793
0.5204 -0.1221 -4.6700
0.6125 -1.1093 -4.2841
0.5014 -0.8149 -4.6519
-0.1187 -0.6966 -4.6684
-0.0326 -1.4463 -4.1402
-0.0930 -1.3825 -4.4330
0.4015 0.0078 -4.9705
0.2153 -0.1352 -5.3508
0.3193 -0.8235 -5.0760
0.0070 0.1299 -5.7315
-0.1061 0.8418 -5.8703
-0.2000 -0.5226 -4.9548
-0.3778 -0.4850 -5.4018
-0.4849 0.2191 -5.6594
0.0555 -0.5278 -5.6241
-0.1379 -0.8936 -5.8931
-0.2780 -0.2127 -6.1546
-0.6125 -0.2233 -5.8961
-0.5701 -0.7198 -5.7620
0.4441 -1.9038 -4.5531
0.3248 -1.5041 -4.9428
-0.1084 -2.0582 -4.2799
-0.2152 -1.8391 -4.7252
0.2850 -2.0400 -4.8832
0.2589 -2.7486 -4.6653
-0.1474 -3.0888 -3.9195
-0.2221 -2.6286 -4.4751
0.1201 -1.9061 -5.2610
0.0197 -2.6581 -5.1789
-0.4342 -2.1337 -5.1733
0.0418 -1.3720 -5.5278
-0.1919 -1.7256 -5.8274
-0.2618 -1.1643 -5.0786
-0.3178 -1.5573 -5.0951
-0.4619 -1.1809 -5.5076
-0.5831 -1.8223 -5.5859
-0.6483 -1.1141 -5.8499
-0.7334 -1.7310 -5.8427
-0.1006 -2.2580 -5.5404
-0.6150 -2.4745 -5.4319
-0.4229 -1.0221 -6.2843
-0.5110 -1.7511 -6.2689
-0.7057 -2.1906 -5.7215
-0.9485 -2.0195 -6.0938
-0.9031 -1.6240 -6.1293
0.8852 -3.8383 -2.0557
0.8756 -3.5401 -2.3591
0.8198 -3.3819 -2.5288
0.7556 -3.5341 -2.4702
0.6503 -3.7788 -2.8117
0.6487 -3.3308 -3.1702
0.5050 -4.0846 -3.1455
0.4265 -3.0037 -4.1312
0.2857 -3.5516 -4.1726
0.3563 -4.1442 -3.5836
0.7754 -3.6445 -2.3385
0.6678 -4.3768 -2.1348
0.0204 -3.7574 -2.3435
-0.0272 -4.1144 -2.4878
0.5395 -4.5613 -2.5443
0.3501 -4.6908 -3.1047
-0.1008 -4.8057 -2.1808
-0.1685 -4.1637 -3.2078
-0.2473 -4.9019 -2.8296
-0.3079 -4.5398 -3.4489
-0.2809 -3.4902 -4.1585
-0.4015 -4.3145 -3.9294
0.0137 -4.1535 -4.3903
0.3580 -5.2144 -2.4852
0.1094 -5.2197 -3.2558
0.0976 -5.6084 -2.8389
-0.1311 -5.8137 -3.2037
-0.1181 -6.0930 -2.8266
-0.2677 -5.5169 -2.1161
-0.3825 -5.9001 -2.0858
-0.4152 -5.7014 -2.5072
-0.5608 -6.2324 -2.2451
-0.6337 -5.6806 -3.2005
-0.6662 -6.1218 -2.7048
-0.4490 -5.3520 -3.0733
0.1162 -4.6510 -3.7829
-0.1421 -5.3461 -3.7287
-0.4401 -4.8219 -3.6093
-0.5845 -5.3031 -3.5150
-0.0778 -4.6813 -4.1928
-0.5181 -4.3047 -4.2323
-0.7171 -5.1342 -3.9845
-0.4195 -5.7480 -3.8653
-0.2452 -5.1030 -4.1711
-0.2418 -4.5900 -4.5720
-0.5441 -5.3589 -4.4489
-0.5094 -4.8312 -4.8239
-0.8212 -6.2194 -2.9861
-0.9929 -6.0309 -3.6105
-0.7670 -5.5619 -3.6820
-1.0671 -5.7654 -4.0384
-0.9523 -5.3350 -4.2502
-0.3829 -3.1264 -4.6462
0.0178 -3.4746 -4.8001
-0.3107 -2.6950 -4.6953
-0.5128 -2.9988 -5.0113
-0.1811 -3.3719 -5.2199
-0.2641 -3.9163 -5.0564
-0.4592 -3.4995 -5.5705
-0.3325 -2.3440 -5.8672
-0.2356 -2.8147 -5.5606
-0.7201 -2.9212 -5.4598
-0.7439 -2.5258 -5.6544
-0.9603 -3.3078 -5.6523
-0.6739 -2.4041 -6.2836
-0.4883 -2.7973 -5.9213
-1.0465 -2.1862 -6.1683
-0.9270 -2.7928 -5.7977
-0.7455 -3.7822 -5.0271
-0.8314 -3.4115 -5.3879
-0.7094 -3.3383 -5.9700
-0.8383 -2.7184 -6.3594
-1.2104 -3.2705 -5.9739
-1.1093 -2.7467 -6.0618
-1.4827 -2.9474 -6.4236
-1.0165 -3.3694 -6.2853
-0.5235 -4.3531 -5.1801
-0.6592 -4.0532 -5.5399
-0.9600 -4.0837 -5.8759
-0.4489 -3.6730 -4.5238
-0.5647 -4.0092 -4.5425
-1.0646 -3.9839 -5.4191
-0.7734 -4.3287 -4.7390
-0.7074 -4.5289 -4.4776
-0.8600 -4.8584 -4.5144
-1.0374 -4.2796 -5.2166
-0.8983 -4.3413 -4.9685
-0.9570 -4.4610 -4.9604
-1.2554 -4.6073 -5.2928
-1.0306 -4.9542 -4.7140
-1.1346 -5.2820 -4.6023
-0.8468 -5.1717 -5.0301
-0.9305 -5.6371 -4.7510
-0.8879 -4.6759 -5.4349
-1.2166 -4.8961 -5.0454
-1.4167 -5.0719 -5.1700
-1.1593 -5.2743 -5.3161
-1.1749 -5.7149 -4.2949
-1.4626 -5.5750 -4.8278
-1.2014 -3.7825 -5.7368
-1.5842 -4.5687 -5.7418
-1.4968 -3.8741 -6.0301
-1.6142 -3.5345 -6.3385
-1.3641 -4.0290 -6.3017
-1.3087 -4.6976 -5.8696
-1.5401 -5.0366 -5.8755
-1.5301 -4.5256 -6.1897
-1.5150 -4.0602 -6.4349
-1.7980 -4.7822 -5.8919
-1.7419 -4.3678 -6.0522
-1.7931 -4.2651 -6.2026
-1.6381 -4.6107 -6.2288
-1.6211 -4.1030 -6.4860
-1.6767 -4.2293 -6.4572
-1.6853 -4.5897 -6.2603
-1.7262 -4.4654 -6.3173
-1.7795 -5.0726 -5.6584
-1.8030 -4.4127 -6.1966
-1.8051 -5.1770 -5.6944
-1.7652 -4.6058 -6.1913
-1.7892 -4.9369 -5.9416
-1.7139 -4.9237 -6.0473
-1.6557 -4.9242 -6.0499
-1.6693 -5.0911 -5.9458
-1.7580 -5.3308 -5.4164
-0.7429 -6.5425 -2.3351
-0.7815 -6.7881 -1.9519
-0.9826 -6.8302 -2.4803
-0.5678 -6.9088 -2.6563
-0.2825 -6.4431 -2.7328
-0.4131 -6.3435 -3.1565
-0.9634 -6.5491 -2.8687
-0.8118 -6.7987 -3.3035
-0.5868 -7.3679 -1.8338
-1.0153 -7.7313 -2.1026
-1.0461 -7.2712 -2.9988
-0.7389 -7.2057 -2.5368
-0.8811 -6.0009 -4.3373
-0.6521 -6.2283 -3.7476
-1.0042 -6.5978 -3.8649
-1.1864 -6.7452 -3.0603
-1.4732 -6.6903 -3.6510
-1.5270 -7.2116 -2.9929
-1.1479 -6.4716 -3.3898
-1.3291 -6.2592 -3.9377
-1.1496 -6.9394 -3.6460
-1.3917 -7.4318 -3.3077
-1.4775 -7.0088 -3.9942
-1.4160 -6.5094 -4.4965
-1.6094 -6.8211 -4.3794
-1.6427 -7.2104 -3.9343
-1.6643 -6.9415 -4.2757
-1.4589 -5.8356 -4.5870
-1.5499 -6.1743 -4.3809
-1.3672 -6.0552 -4.8897
-1.7716 -5.9878 -4.8721
-1.4618 -5.5872 -5.3901
-1.8051 -5.8132 -5.1105
-1.8072 -6.5696 -4.4236
-1.8100 -5.7764 -5.2559
-1.7913 -6.4232 -4.7047
-1.6853 -5.5661 -5.5988
-1.6383 -5.8301 -5.3785
-1.6827 -6.0672 -5.1860
-1.7282 -5.9317 -5.2769
-1.7821 -5.7124 -5.3939
-1.7870 -6.5067 -4.4031
-1.7716 -6.8589 -3.9522
-1.6530 -6.3454 -4.9254
-1.6148 -6.4420 -4.8094
-1.6826 -6.5955 -4.6619
-1.7504 -6.9849 -4.1627
-1.7606 -6.3564 -4.8462
-1.5760 -6.4096 -4.7834
-1.6988 -7.0457 -4.1395
-1.5856 -5.9996 -5.1737
-1.6362 -6.1634 -5.0931
-1.6200 -5.3965 -5.7036
-1.7530 -5.3093 -5.7425
-0.1119 3.0850 -5.2972
-0.3289 2.9671 -5.6731
-0.5998 3.0142 -5.2854
-0.5864 2.3294 -5.4832
-0.1723 2.3774 -5.6528
-0.9071 3.0450 -5.7691
-0.6032 2.7929 -6.1043
-0.7626 2.2669 -5.7950
-0.3627 2.2857 -5.9652
-0.6699 2.3274 -6.3320
-0.8637 1.9389 -6.0466
-1.0574 2.4082 -6.1702
-1.2060 2.7560 -6.2558
-0.9834 2.9645 -6.4663
-1.4335 2.7983 -6.4938
-1.6199 3.3317 -6.8757
-1.5710 3.2938 -6.8946
-1.4019 2.8946 -6.8937
-1.5232 2.8485 -7.0180
-1.6779 2.8054 -6.7768
-1.7143 2.8152 -6.8428
-1.7139 3.2315 -6.7665
-1.6853 2.8115 -7.0051
-1.7295 1.9966 -7.1272
-1.6223 2.7294 -7.0920
-1.0455 2.5186 -6.6720
-1.5495 2.3311 -6.7829
-1.5860 2.7426 -7.0937
-1.2923 2.1702 -6.9975
-1.6686 2.3787 -7.1616
-1.5531 2.5113 -7.1573
-1.5063 2.3289 -7.1564
-1.5964 2.2859 -7.2149
-1.7158 2.1313 -7.0256
-0.1510 1.4636 -5.8542
-0.3569 1.5369 -6.1310
-0.6562 1.6037 -5.8236
-0.4578 1.0069 -5.5659
-0.6644 0.8701 -5.9089
-0.6118 1.4910 -6.4604
-1.0759 1.7466 -6.3597
-0.8484 1.5460 -6.1351
-0.3175 0.7907 -6.1832
-0.5648 0.9384 -6.4847
-0.9748 1.1393 -6.3344
-0.9453 1.6656 -6.7877
-1.4371 1.6934 -6.7874
-1.6681 1.5320 -7.0708
-1.7145 1.7969 -7.2485
-1.7257 1.4455 -7.1618
-1.5502 1.8496 -7.2892
-1.4519 1.6126 -7.2598
-1.5759 2.0814 -7.2688
-1.6697 1.7092 -7.3231
-1.6135 1.7473 -7.3399
-1.0882 1.3225 -6.9779
-0.8463 0.9461 -6.7947
-1.3083 0.8850 -6.7676
-1.3375 1.0128 -7.2373
-1.5820 1.4517 -7.4010
-1.7274 1.1601 -7.3484
-1.6341 0.7949 -7.1313
-1.7534 0.4018 -7.3150
-1.6468 1.2599 -7.4263
-1.5333 1.2374 -7.3983
-1.5892 1.1697 -7.4481
-0.4359 0.2389 -6.3690
-0.7143 0.0071 -6.0433
-0.9822 0.7168 -6.4056
-0.7811 0.2606 -6.7647
-1.0110 0.1941 -6.4405
-1.2320 0.1751 -6.7191
-0.8519 -0.1517 -6.2368
-0.5950 -0.3509 -6.5553
-0.9710 -0.3448 -6.9473
-0.7702 -0.6143 -6.1084
-1.0232 -0.4652 -6.4428
-1.2375 -0.3574 -6.7364
-1.5141 -0.1538 -7.0295
-1.1091 0.4845 -7.0745
-1.5624 0.8466 -7.4544
-1.5235 0.5504 -7.4456
-1.6166 0.9378 -7.4664
-1.6879 0.6220 -7.4733
-1.4807 0.1622 -7.4171
-1.6342 0.6676 -7.5028
-1.5713 0.4936 -7.5032
-1.6145 0.5495 -7.5238
-1.3636 -0.1552 -7.3089
-1.6050 0.2299 -7.5129
-1.6480 0.2057 -7.5138
-1.4024 0.3046 -6.8955
-1.7413 0.6233 -7.2668
-1.7372 -0.3042 -7.2641
-1.7474 0.1324 -7.4097
-1.5140 -0.5497 -7.0078
-1.5084 -0.6640 -7.4041
-1.7004 0.0608 -7.4841
-1.5965 -0.4233 -7.4722
-1.6464 -0.3052 -7.4983
-1.6832 -0.4376 -7.4864
-0.7100 -0.9407 -6.6276
-0.9045 -1.1144 -6.2186
-1.1123 -0.9130 -6.5009
-1.0854 -1.4910 -6.3849
-1.6377 -1.3787 -7.0364
-0.7843 -1.6986 -6.5895
-1.4590 -1.8821 -6.7334
-0.9237 -1.3524 -6.8026
-1.2310 -0.9814 -7.1247
-1.2917 -1.6678 -7.0711
-1.0453 -2.1988 -6.7276
-1.4417 -0.9681 -7.3185
-1.7637 -0.8009 -7.2957
-1.7596 -0.9631 -7.3457
-1.7592 -1.1223 -7.2263
-1.7104 -0.7218 -7.4458
-1.7160 -1.4429 -7.3610
-1.6618 -0.8644 -7.4640
-1.5703 -1.2221 -7.3808
-1.6251 -0.9426 -7.4554
-1.6319 -1.2902 -7.4035
-1.6720 -1.3136 -7.4049
-1.4917 -1.6269 -7.2648
-1.7769 -1.6569 -7.2140
-1.7506 -2.0162 -7.0298
-1.6130 -1.5992 -7.3627
-1.7568 -1.9056 -7.2327
-1.3100 -2.3196 -6.4499
-1.4616 -2.2352 -7.0887
-1.7546 -2.6099 -6.8685
-1.5894 -2.4392 -7.1529
-1.6411 -2.3255 -7.2047
-1.7006 -1.9971 -7.2693
-1.6653 -2.0759 -7.2605
-1.7117 -2.5341 -7.1298
-1.7836 -2.3336 -7.0517
-1.7625 -2.7041 -7.0232
-1.3029 -2.7735 -6.7823
-1.3733 -3.4111 -6.6014
-1.5249 -2.9606 -6.9161
-1.6385 -2.6066 -7.1201
-1.6084 -3.1937 -6.8817
-1.6454 -2.9555 -6.9939
-1.7106 -2.9341 -7.0023
-1.6030 -1.8128 -7.2955
-1.6743 -1.7115 -7.3418
-1.7865 -2.7596 -6.8844
-1.7553 -3.6100 -6.4664
-1.7894 -3.6186 -6.5243
-1.7972 -3.3964 -6.6830
-1.7630 -3.5780 -6.7087
-1.7131 -3.1774 -6.9118
-1.7901 -3.6616 -6.6227
-1.5786 -3.5927 -6.7009
-1.6529 -3.5457 -6.7702
-1.7050 -3.4706 -6.8022
-1.6904 -3.7411 -6.6895
-1.7268 -4.0601 -6.5287
-0.9066 4.3294 8.6781
-1.0420 4.8798 8.4860
-1.3022 4.5113 8.9743
-1.3690 4.9248 8.7816
-0.7822 4.7648 8.2590
-0.6373 4.0914 8.4884
-0.4270 4.4511 7.9773
-1.5313 4.7831 9.0291
-1.4799 4.2507 9.2827
-1.4577 5.2337 8.6717
-1.5875 5.2281 8.7432
-1.6210 4.6267 9.1257
-1.7022 4.4944 9.1555
-1.6878 4.9813 8.8640
-1.7339 4.7773 8.9278
-1.5423 4.2749 9.3177
-1.7520 4.2256 9.2215
-1.7380 5.2929 8.5181
-1.7542 4.3402 9.0663
-1.5287 3.3348 9.7366
-1.4110 3.7117 9.4784
-1.5421 3.7757 9.5645
-1.1843 3.9929 9.1387
-1.6132 3.7159 9.5998
-1.6218 4.1878 9.3682
-1.6953 3.9061 9.4802
-1.6775 3.4950 9.6768
-1.7419 3.8836 9.4373
-1.7279 3.2704 9.7282
-1.7699 3.4549 9.5671
-1.7551 3.8588 9.2791
-1.4179 3.8122 8.8860
-1.5245 4.3214 8.7545
-1.1097 3.8210 8.5058
-1.6970 3.9735 9.1393
-1.7071 4.6106 8.8135
-1.7025 3.4844 9.3637
-1.3722 2.9969 9.7234
-1.5417 2.8800 9.9021
-0.7232 2.6133 9.2432
-0.8047 3.1345 9.1427
-0.9459 2.5635 9.4898
-1.0915 3.1605 9.4233
-1.3105 2.2016 9.9093
-0.2835 3.8903 8.1049
-0.3539 3.5813 8.3722
-0.8424 3.5943 8.9850
-0.5083 3.1241 8.7905
-0.3277 3.1436 8.5449
-0.2473 3.3508 8.3112
-0.1783 2.7487 8.4699
-0.1760 3.3921 8.1927
-0.5194 3.5898 7.6851
-0.3510 3.5661 7.2847
-0.4200 2.8333 7.8144
-0.5595 3.0260 8.0380
-0.7134 3.1611 8.2534
-0.7032 3.7068 7.9954
-0.8660 3.4057 8.3806
-0.8972 4.0536 8.0867
-1.6227 3.0622 9.8563
-1.7795 3.0453 9.6737
-1.3601 3.0819 9.1273
-0.8201 2.7405 8.6027
-1.0213 3.0554 8.7563
-0.3516 2.2430 8.8925
-0.6587 2.6114 8.3988
-1.0709 2.6541 8.9531
-0.9325 2.4120 8.8493
-1.4688 2.5197 9.4443
-1.5908 2.4213 10.0529
-1.5218 2.4045 10.0294
-1.6793 2.8074 9.9298
-1.6709 2.2775 10.0923
-1.7387 2.3045 10.0430
-1.7581 2.9149 9.8253
-1.7839 2.2748 9.9766
-1.7888 2.2801 9.8932
-1.7550 2.3292 9.8082
-1.6131 1.6158 10.2340
-1.5549 1.8245 10.1819
-1.7036 1.7366 10.2003
-1.7634 1.6735 10.1626
-1.7974 1.5767 10.0646
-1.7589 1.6841 9.9586
-1.7491 3.0027 9.6057
-1.4568 2.0770 9.5380
-1.6433 -0.3330 10.3625
-1.5577 -0.3184 10.3442
-1.5625 0.1739 10.3637
-1.4272 0.2618 10.2673
-1.2971 -0.2520 10.1646
-1.2109 -0.8560 10.0540
-0.8828 -0.2302 9.8315
-0.9557 -0.1006 9.9087
-0.7250 -0.0724 9.6636
-0.8280 -0.8062 9.7238
-1.5471 -0.7747 10.3061
-1.7319 -0.2920 10.3412
-1.7151 -0.7679 10.3208
-1.6540 -0.8698 10.3253
-1.7683 -0.8800 10.2728
-1.6308 -1.4262 10.2466
-1.8035 -0.4323 10.2455
-1.7984 -1.3915 10.1564
-1.8135 -1.2019 10.1239
0.0195 1.5012 8.5035
-0.0393 2.2842 8.3954
-0.1940 1.6595 8.8237
-0.6923 2.0600 9.3630
-0.4441 1.7843 9.1407
-1.0519 1.6939 9.8046
-0.7523 1.4576 9.5575
-0.6714 0.8042 9.5590
-1.0476 0.8107 9.9309
-0.5292 1.2878 9.3416
-0.3285 1.0180 9.1314
-0.6937 1.2284 8.8041
-0.5510 1.7369 8.4327
-0.5703 1.1798 8.5886
-0.9781 1.5820 9.1371
-1.0468 1.7867 9.1499
-0.7922 2.0491 8.7727
-0.6878 2.0385 8.6079
-0.8175 1.5611 8.9419
-1.2827 1.5398 9.4777
-1.0133 1.2925 9.2305
-1.4144 1.1055 9.6761
-1.1417 0.8866 9.4232
-0.8276 1.3014 8.9721
0.1492 2.2918 8.0203
-0.5197 2.4081 8.2003
-0.3022 2.2270 7.7606
0.2320 1.5361 8.0629
-0.3813 2.0159 8.0021
-0.4221 1.2581 8.2706
-0.2766 2.8580 7.4384
-0.2011 1.9367 7.5306
-0.1773 2.8027 7.1386
-1.1321 2.2912 9.1419
-1.2471 1.7778 9.3802
0.2556 0.7830 8.1544
-0.0760 0.9199 8.7682
-0.2444 0.3852 9.0794
-0.4295 0.5157 9.3156
-0.8693 0.8265 9.0818
-0.5061 0.5653 8.5424
-0.9704 0.4402 9.2547
-0.7969 0.3514 9.0437
-0.7361 0.6335 8.9335
-0.6559 0.8303 8.8138
-0.6711 0.3854 8.8413
-0.0198 0.2440 8.7238
-0.0889 -0.0999 8.8541
-0.6614 -0.3427 9.5849
-0.3601 -0.0392 9.2427
-0.1918 -0.7193 8.9754
-0.2712 0.6420 7.9973
0.2248 0.0083 8.2790
-0.3283 -0.3745 8.1638
-0.8099 -0.0677 9.0717
-0.6241 0.0319 8.7824
-0.5677 -0.4389 8.6681
-0.1440 0.8288 7.5442
-0.2683 1.3432 7.8943
-0.0681 1.6295 7.0847
0.4258 0.2621 7.7984
0.5353 0.7922 7.4264
0.6194 0.5193 7.1282
0.6579 0.4924 6.8828
-0.0378 0.6589 7.1300
0.0411 0.5739 6.4626
-0.1611 0.3065 7.6848
-1.4047 1.4502 10.1385
-1.5423 1.1544 10.2862
-1.6704 1.3106 10.2864
-1.7505 1.0528 10.2787
-1.6198 0.9322 10.3406
-1.7954 1.2148 10.1808
-1.6080 1.3717 9.8456
-1.7804 0.9846 10.0755
-1.4611 0.7698 10.2684
-1.6759 0.8957 10.3375
-1.7236 0.4262 10.3493
-1.7808 0.5634 10.2890
-1.8083 0.3774 10.2180
-1.8057 0.1641 10.1648
-1.5650 0.5805 10.3534
-1.6340 0.5434 10.3683
-1.6644 0.2502 10.3805
-1.6404 0.6291 9.9408
-1.7864 0.1318 10.1221
-1.3060 0.6789 9.5957
-0.8664 0.2514 9.8063
-0.9601 0.4104 9.9012
-1.0968 0.2454 10.0290
-1.1140 0.4517 9.4368
-1.2060 0.2507 9.5200
-1.7804 0.0613 10.3071
-1.5892 0.0489 9.9019
-1.1009 0.1308 9.4047
-0.7571 -0.0373 9.7214
-1.0158 -0.0509 9.3235
-0.4076 -0.5857 9.2787
-0.9342 -0.2205 9.2070
-0.8649 -0.4208 9.1301
-1.1220 -0.6138 9.4005
-1.2691 -0.2636 9.5747
-1.5457 -0.3444 9.8646
-1.3665 -0.2433 9.7012
-1.3979 -0.7229 9.6823
-1.5182 -0.9550 9.7643
-1.7048 -0.7830 9.9833
-1.7872 -0.4476 10.1141
-1.7997 -0.9406 10.1001
-0.5598 -1.0763 9.4077
-1.1048 -1.3357 9.9097
-1.4378 -1.3292 10.1622
-0.8379 -1.4286 9.6513
-0.7480 -1.8382 9.4740
-0.3262 -1.2632 9.0978
-0.3670 -1.8278 9.0304
-1.0415 -1.9972 9.7190
-1.3635 -1.8739 10.0050
-1.5679 -1.2856 10.2503
-1.7301 -1.3988 10.2317
-1.7896 -1.4259 10.0056
-1.5632 -1.7766 10.1632
-1.6639 -1.7799 10.1854
-1.5868 -2.2086 10.0649
-1.7133 -2.1251 10.0898
-1.7682 -2.0867 10.0657
-1.8147 -2.0593 9.9293
-1.7830 -1.9674 9.8692
-1.6524 -1.6523 9.8060
-1.6647 -2.4311 10.0198
-1.5469 -2.6076 9.4268
-1.8064 -2.4618 9.8996
-0.5641 -2.2484 9.1662
-1.1360 -2.5768 9.6433
-0.8389 -2.6676 9.3330
-0.3926 -2.6121 8.8339
-1.1745 -3.3210 9.4067
-0.8710 -3.2827 9.1315
-1.4003 -2.6233 9.8299
-1.7022 -2.7387 9.5537
-1.5767 -2.7305 9.9135
-1.7901 -2.7871 9.6534
-1.7178 -2.8187 9.8864
-1.7599 -2.9400 9.8116
-1.6488 -2.9665 9.8515
-1.8148 -2.8796 9.6941
-1.7886 -3.3777 9.6006
-1.4026 -3.2645 9.6113
-1.5557 -3.2837 9.7006
-1.7002 -3.3387 9.6986
-1.6360 -3.6072 9.5853
-1.6027 -3.6527 9.0694
-1.8039 -4.0526 9.2269
-1.7728 -3.5863 9.3093
-1.8026 -3.8451 9.2577
0.3510 -0.3676 7.9996
0.5544 -0.0931 7.4469
0.4442 -0.8028 7.7127
0.6164 -0.5013 7.1901
0.0512 -0.5104 8.5961
-0.2215 -0.1617 7.8907
0.1753 -0.9534 8.3159
-0.6911 -0.9224 8.8206
-0.7593 -0.5764 8.9728
-0.5432 -1.0556 8.5814
-0.0215 -1.0514 8.6696
-0.1395 -1.6235 8.7542
0.0206 -1.6242 8.4867
-0.1450 -1.0159 7.5634
-0.2779 -1.3478 7.9475
-0.4254 -1.0387 8.3517
-0.4459 -1.4713 8.2926
-0.5729 -1.5430 8.5499
0.7151 0.5091 6.7939
0.6874 -0.0045 6.8417
-0.0908 -0.2613 7.4077
0.0210 -0.6823 6.6491
0.8564 0.0320 6.7390
0.8482 -0.1212 6.7352
0.6590 -0.4147 6.8984
0.8556 -0.3074 6.7413
0.6972 -0.5868 6.8115
0.7663 -0.4666 6.7738
-0.0340 -0.9753 7.0690
0.5645 -1.3012 7.2684
0.6272 -1.1858 7.0310
0.4382 -1.7606 7.5229
0.4900 -2.5479 7.0684
0.5759 -2.4965 6.7701
0.6225 -1.9201 6.7331
0.2682 -1.5482 8.0055
-0.0012 -2.4700 8.2744
-0.3927 -2.2954 7.9520
-0.2890 -2.0020 7.8053
-0.1606 -1.8060 7.4223
0.2459 -2.2766 7.8354
-0.1497 -2.2237 8.6210
-0.6037 -2.0997 8.4481
-0.2105 -2.2951 7.4485
0.6494 -0.8535 6.9142
0.9860 -0.5598 6.6637
1.0595 -0.8703 6.5491
0.9787 -0.8524 6.6332
0.8674 -0.9742 6.6593
0.7234 -1.0519 6.7176
0.6704 -1.2479 6.7329
1.1228 -1.2951 6.3638
0.6482 -1.8163 6.5986
0.7589 -0.5905 6.0133
0.7360 -1.2235 5.8030
0.0583 -0.8893 6.2166
0.0615 -2.3171 5.0381
0.9864 -1.4144 6.5038
1.0674 -1.4040 6.4389
0.7681 -1.5031 6.5806
1.1537 -1.9010 6.0916
1.1658 -1.8318 6.0067
0.6897 -2.0955 6.4228
0.7925 -1.1985 5.9023
0.7348 -1.1706 5.6597
0.9238 -1.3352 5.9030
0.7546 -1.4935 5.7616
1.1136 -1.6675 5.8651
0.7359 -2.2642 5.2536
0.0198 -1.8033 6.5116
-0.0572 -1.5915 7.0782
-0.0997 -2.6927 6.8111
-0.0429 -2.4255 6.6953
-0.7537 -0.4223 9.0023
-0.9423 -0.9314 9.1591
-1.0399 -1.2046 9.2463
-1.2691 -1.1167 9.5101
-1.2709 -1.4788 9.4383
-0.7393 -1.5995 8.7778
-1.0718 -1.7625 9.1808
-1.2823 -2.0196 9.3291
-0.6816 -1.9142 8.6562
-0.8755 -1.8669 8.9321
-0.8005 -2.0899 8.7573
-0.9726 -2.2952 8.9077
-0.7246 -2.5192 8.4983
-0.2451 -2.9197 8.5136
-0.5554 -2.5783 8.2068
-0.7757 -2.9550 8.4075
-0.8598 -2.5909 8.6831
-1.1791 -2.8711 8.9504
-0.9932 -3.1189 8.6407
-1.3994 -2.7561 9.2383
-1.3407 -3.2958 8.9593
-1.5249 5.4483 8.5825
-1.5523 5.9378 8.2080
-1.4147 5.6991 8.2755
-1.4370 6.1522 7.9202
-1.1910 5.7868 7.9571
-1.4884 6.4693 7.6938
-1.4986 6.0146 8.1216
-1.6026 6.4013 7.7703
-1.5313 6.3081 7.8797
-1.6287 5.8937 8.2185
-1.6712 6.2381 7.8766
-1.7174 6.1831 7.8279
-1.7068 5.6517 8.3376
-1.7314 5.9525 7.9390
-1.7281 5.3080 8.4102
-1.6960 6.1514 7.6414
-1.7161 5.7964 7.9986
-1.4461 5.6008 7.7638
-1.5299 5.4028 8.0470
-1.6598 5.3155 8.6535
-1.4786 6.8731 7.2434
-1.5391 6.7722 7.4000
-1.5775 6.6588 7.5177
-1.6764 6.5643 7.5329
-1.6269 6.9034 7.2030
-1.7192 6.6107 7.2740
-1.7152 6.5756 7.4214
-1.6922 6.5138 7.2758
-1.4892 6.0546 7.4193
-1.1195 5.3186 8.2600
-0.8587 5.4915 7.8154
-1.1038 4.9111 7.8354
-1.1612 5.3550 7.5804
-1.0126 5.1483 7.5145
-1.4181 4.9904 8.2042
-0.9100 4.7533 7.7021
-1.0152 4.6025 7.9241
-0.8394 4.6051 7.6529
-1.3844 4.5683 8.4275
-1.0942 4.2944 8.2373
-0.7530 4.1703 7.8011
-0.8369 4.9581 7.3986
-1.0605 5.7204 7.1065
-0.5988 4.1704 7.5114
0.0440 0.3179 5.6361
0.0349 -1.1674 4.9288
-0.4614 -3.3736 8.6150
-0.7032 -3.7926 8.7147
-1.0024 -3.8541 9.0047
-0.5508 -4.2620 8.2542
-0.3873 -3.7607 8.3260
-0.8409 -4.3513 8.5530
-1.4564 -3.6939 9.4659
-1.3455 -4.0151 9.2240
-1.5617 -3.8752 9.4453
-1.7194 -3.8526 9.4556
-1.7843 -4.2167 9.2065
-1.1109 -4.2851 8.8785
-1.3315 -4.3903 9.0161
-1.5477 -4.4641 9.1333
-1.7504 -4.3948 9.1449
-1.6469 -4.2686 9.2703
-1.7578 -4.1223 9.0296
-1.7019 -4.6306 9.0363
-1.7931 -4.6917 8.7559
-1.6095 -4.7849 8.9527
-1.7845 -4.8315 8.8236
-1.1596 -4.9365 8.5106
-1.3599 -4.8254 8.7683
-1.5633 -5.1106 8.7287
-1.6783 -5.1433 8.7085
-1.4378 -5.3724 8.4445
-1.7402 -5.1444 8.6696
-0.7576 -4.9283 8.0771
-1.1348 -5.5142 8.0532
-1.6221 -5.4372 8.5097
-1.5602 -5.4981 8.4404
0.1783 -3.0208 7.6769
0.3532 -2.7908 7.3708
-0.1400 -3.3590 8.1368
-0.3801 -2.7804 7.7067
-0.1873 -3.0296 7.0256
-0.0587 -3.7526 7.7826
0.3341 -3.3524 7.1299
0.1318 -3.7988 7.3470
0.4191 -3.6376 6.6929
0.5792 -3.3771 6.2609
-0.3277 -3.3018 7.3323
-0.5136 -3.5269 7.6475
-0.3706 -3.8045 7.1395
-0.0879 -3.5013 6.2565
-0.2594 -4.0214 6.6223
1.0987 -1.8896 6.2334
1.0381 -1.7913 6.3532
0.9262 -1.9425 6.3621
0.7720 -2.0855 6.3692
1.1597 -1.9516 5.8572
1.0143 -2.1777 6.2214
0.9394 -2.4602 6.1249
1.1678 -2.5981 5.6746
1.1170 -2.0397 5.7064
0.6312 -2.8410 6.2912
0.6542 -2.4420 6.3498
0.7028 -2.5810 6.1727
0.7802 -1.8946 5.6244
0.8669 -1.7461 5.7362
1.0029 -1.8259 5.7282
1.0792 -2.1264 5.6116
0.8001 -2.1860 5.4935
0.7442 -2.0809 5.4695
0.0612 -2.5085 5.6527
1.1188 -2.5872 5.8737
1.0495 -2.4582 6.0567
1.1613 -2.7490 5.3425
1.1364 -2.4069 5.5155
1.0095 -2.8226 5.8738
0.8231 -2.7568 5.9984
0.7510 -2.4719 6.1979
0.6751 -3.0313 5.9324
1.0267 -2.1072 5.6000
0.9145 -2.1298 5.5710
0.8509 -2.4615 5.3550
1.0782 -2.5067 5.3789
0.9813 -2.5029 5.3523
0.7507 -2.6312 5.1263
0.7908 -2.6983 5.1492
-0.0095 -3.2966 5.9616
0.0300 -2.6753 5.9571
-0.0927 -4.5136 7.3347
0.2570 -4.2254 6.7502
0.5992 -4.0751 5.6461
0.0884 -4.4887 6.9673
0.3939 -4.2317 6.3273
-0.4710 -4.4510 6.9167
0.1499 -4.9263 6.4247
-0.0014 -5.1369 6.5948
-0.3624 -4.7741 6.3410
1.1591 -3.0540 5.4365
0.9315 -3.1531 5.6794
1.0712 -3.1104 5.6056
1.0881 -3.4667 5.2714
0.9962 -3.4820 5.3780
0.7561 -3.1007 5.7927
0.8289 -3.4853 5.4601
0.7146 -3.5015 5.5279
0.6845 -3.6637 5.4607
1.1446 -2.8934 5.1737
1.0370 -2.8544 5.1092
1.1011 -3.0413 4.9866
0.8676 -2.8672 5.0688
1.1661 -3.6066 4.6198
1.0029 -3.1066 4.8914
0.7480 -3.0153 4.8226
0.7950 -3.0621 4.8735
0.0537 -3.2378 5.2249
0.9655 -3.7461 5.1398
0.7406 -3.8104 5.2072
0.6904 -4.0796 5.0486
1.1511 -3.3623 4.7711
1.1461 -3.5532 5.0101
0.8667 -3.1102 4.8623
0.9330 -3.3454 4.6129
0.8135 -3.3475 4.5423
1.0838 -3.3062 4.7130
0.7665 -3.1620 4.7087
1.0882 -3.9369 4.7610
0.8150 -3.8763 5.0727
1.1229 -3.5883 4.4327
1.0799 -3.5334 4.4383
0.9643 -3.5867 4.3265
-0.1552 -4.1462 6.0452
0.0188 -3.4196 5.6253
0.0213 -3.5377 5.6587
-0.0353 -3.7600 5.7736
-0.2454 -4.8562 5.7587
0.0061 -3.7568 5.3545
-0.0448 -4.4163 5.1017
0.0212 -4.1788 4.5584
-0.1437 -4.7251 5.3598
-0.6558 -3.3836 7.9995
-0.8538 -3.4270 8.2957
-1.1675 -3.5048 8.6873
-0.2973 -4.0932 7.9983
-1.0068 -3.6958 8.3818
-1.3405 -3.5568 8.8330
-1.1505 -3.9634 8.4130
-0.9190 -3.9998 8.0697
-1.3635 -3.9500 8.6653
-1.5963 -4.2889 8.7365
-1.2690 -4.4132 8.2862
-1.7464 -4.8622 8.5571
-1.3782 -4.7574 8.1839
-0.2796 -4.4339 7.7369
-0.6224 -3.9622 7.6356
-0.7611 -4.3096 7.6414
-1.0495 -4.6690 7.8471
-0.5758 -4.1768 7.3742
-0.7347 -4.6557 7.3420
-0.3683 -4.9078 7.5329
-0.5847 -5.4393 7.4202
-0.8155 -5.4948 7.6971
-0.6602 -4.8476 7.0597
-0.5354 -5.0006 6.6147
-1.0564 -5.0704 7.5389
-0.8047 -4.9967 7.2033
-0.7116 -5.2261 6.7945
-1.7985 -5.1653 8.4931
-1.7843 -5.4564 8.3500
-1.2120 -5.0457 7.7879
-1.5223 -5.2717 7.9763
-1.4306 -5.6601 7.5263
-1.7582 -5.4693 8.1406
-1.7084 -5.5443 8.3869
-1.5505 -5.7390 8.2284
-1.6538 -5.8431 8.1659
0.3260 -4.8585 5.9560
0.0772 -5.5777 5.9092
-0.2110 -5.8250 6.3495
1.0153 -3.9040 4.9297
0.9950 -4.2066 4.5446
0.9134 -4.0844 4.7752
0.7695 -4.1319 4.8171
1.1258 -4.2838 4.1311
0.8149 -4.3499 4.4476
0.8925 -4.4072 4.3101
0.6661 -4.5615 4.7345
0.6037 -4.7775 4.8745
0.7422 -4.4052 4.4601
0.7000 -4.5374 4.4127
1.0685 -4.3175 4.2759
1.0947 -4.4878 3.8748
1.0235 -4.5072 4.0123
0.4683 -4.6192 5.7095
-0.4111 -5.3398 5.8657
-0.0234 -4.8551 4.2629
0.3401 -5.2965 5.4095
0.4590 -5.2694 4.9345
-0.3575 -5.6819 5.1702
-0.0899 -5.3051 4.1182
-0.1855 -5.3773 4.7757
-0.1113 -6.0896 5.7680
0.5390 -5.4862 4.1657
0.2010 -5.7546 5.2810
0.0181 -6.1760 5.2640
0.2707 -5.9332 4.7146
-0.5405 -5.7909 5.7077
-0.2346 -5.7985 4.3564
-0.3931 -6.0249 4.8199
-0.1774 -6.6315 5.1052
0.0932 -6.3652 4.6418
0.3599 -5.9383 4.3150
0.2438 -6.3558 3.9472
-0.3593 -6.1458 4.4018
-0.5929 -6.5619 4.6610
-0.6003 -6.7369 4.2796
-0.3316 -5.4859 6.9546
-0.6587 -5.6524 6.2179
-0.9395 -5.4502 7.0077
-1.1872 -5.5773 7.2760
-0.7475 -6.0967 7.0253
-1.0851 -6.0950 7.4718
-0.9215 -6.4656 6.8729
-0.4692 -6.0944 6.5695
-1.0749 -5.9533 6.7158
-0.8350 -5.9422 6.3002
-1.4421 -5.9063 8.0188
-1.3813 -6.3024 7.5857
-1.7806 -6.2448 7.6380
-1.7496 -6.0493 7.9131
-1.7406 -6.0171 7.6280
-1.7902 -6.0689 7.7257
-1.5742 -6.0681 7.9873
-1.6298 -6.1613 7.9184
-1.6782 -6.2532 7.7969
-1.5427 -6.5412 7.5081
-1.5950 -6.3687 7.7140
-1.6125 -6.6443 7.4273
-1.7118 -6.6050 7.4010
-1.4251 -6.1948 6.9845
-1.3465 -6.5244 6.4806
-1.7657 -6.5542 7.1271
-1.7868 -6.7712 6.9710
-1.7025 -6.5013 7.0664
-0.7621 -6.1444 5.8525
-0.3315 -6.3292 5.9899
-0.6470 -6.6222 6.2352
-1.0341 -7.0207 6.3232
-0.5319 -6.8571 5.6546
-0.7951 -6.9070 6.1088
-0.8898 -7.2237 5.7877
-1.2521 -6.7097 7.0034
-1.5844 -7.0043 6.2282
-1.7429 -6.8897 7.0438
-1.7720 -6.9837 6.8566
-1.5787 -7.0217 7.0014
-1.6437 -7.0133 7.0129
-1.2855 -7.0687 6.6012
-1.4870 -7.2033 6.6816
-1.7750 -7.4343 6.1616
-1.7750 -7.3127 6.2131
-1.7314 -7.0830 6.3903
-1.3189 -7.5009 6.0240
-1.5778 -7.4440 6.4240
-1.6562 -7.2051 6.7532
-1.6248 -7.4823 6.3732
-1.7128 -7.2308 6.6471
-1.7528 -7.4560 6.2346
-1.6814 -7.6052 6.1388
-0.6270 -6.2617 5.2979
-0.9364 -6.2849 6.0642
-1.1671 -6.6943 5.9413
-0.8268 -6.5791 5.3722
-0.4367 -7.0141 5.1517
-1.0628 -6.8063 5.5674
-1.0226 -6.9974 5.1393
-1.4688 -7.2261 5.7015
-1.4498 -7.4155 5.3217
-0.7511 -6.8515 4.6483
-1.7112 -7.4072 5.8609
-1.7606 -7.5567 5.7517
-0.0524 -6.8113 4.2946
0.0699 -6.8154 3.6726
-0.2303 -6.9419 4.6677
-0.3827 -7.3100 4.3375
-0.2002 -7.2966 3.6324
-0.7032 -7.4088 5.0556
-1.0564 -7.5339 5.5568
-0.9922 -7.7446 5.0189
-0.9217 -7.1057 4.6407
-1.1706 -7.3970 4.7029
-1.4505 -7.7515 4.6135
-1.3509 -8.0011 5.1586
-0.6997 -7.7192 4.3404
-0.5416 -7.7213 3.7853
-1.2281 -8.1143 4.6525
-0.9127 -7.8789 4.5287
-1.4915 -7.7624 5.8245
-1.6085 -7.7421 5.9826
-1.6457 -7.9319 5.6209
-1.6961 -7.9696 5.4727
-1.6007 -8.0502 5.4054
-1.7102 -7.7584 5.2514
-1.7736 -7.8715 5.3019
-1.7495 -7.8546 5.5672
-1.5532 -8.0342 5.4090
-1.7616 -8.0404 5.1079
-1.7340 -7.9622 4.9173
-1.6469 -8.2369 4.9940
-1.7155 -8.2696 4.7730
-1.5040 -8.2036 4.9825
-1.5881 -8.3498 4.7384
-1.5052 -8.0089 4.1211
-1.7226 -8.2026 4.2832
-1.7569 -8.2612 4.3350
-1.7522 -8.4499 3.9893
-0.9567 -8.1404 3.8681
-1.5038 -8.4014 4.4905
-1.7332 -8.3959 4.3756
-1.6413 -8.4181 4.5589
-1.6039 -8.5099 4.3007
0.0348 -2.2565 4.3161
0.7494 -3.2597 4.3181
0.0487 -3.4840 3.9893
0.0306 -2.6569 3.7390
0.7617 -3.4315 4.3173
0.0425 -4.1596 3.7016
0.0179 -2.8056 3.4473
0.0256 -3.3087 3.1476
0.8643 -3.6846 4.1572
0.9719 -3.7816 4.0441
0.7590 -3.7483 3.8098
0.7796 -3.6831 4.0603
0.8279 -3.8298 3.8853
0.7831 -3.9446 3.5453
0.8030 -4.6578 3.9763
0.7268 -4.7193 4.0141
0.9756 -4.6630 3.7766
0.7022 -4.8414 4.0095
0.0290 -4.8561 2.7051
0.0430 -3.8343 2.5938
0.8265 -4.7837 3.6677
0.7381 -4.8934 3.6076
0.6854 -5.1791 3.6030
0.7680 -4.9767 3.2614
0.9912 -4.8773 3.2197
0.6330 -5.3658 3.7763
0.8609 -4.9765 3.0896
-0.0250 -5.3142 3.4291
-0.0070 -5.3181 2.8064
0.5182 -5.8763 3.3767
0.7652 -5.1681 2.6489
0.6726 -5.5321 2.8007
-0.0675 -5.7486 2.6971
-0.1457 -5.9029 3.2694
-0.2537 -6.2454 3.3742
-0.3883 -6.4396 3.9306
0.0533 -4.4067 2.1110
0.0012 -5.4569 1.7476
0.0503 -4.9495 1.8516
0.2958 -6.5107 3.1394
0.5777 -5.8870 2.7010
0.4569 -6.2921 2.2508
0.3271 -6.6137 2.3660
0.1005 -7.0097 2.6560
0.0579 -7.1565 2.1911
-0.3743 -6.5737 3.3869
-0.6617 -7.0145 3.9100
-0.5791 -7.0418 3.2830
-0.2308 -6.3739 2.6370
0.1070 -6.9218 3.1483
-0.0498 -7.1856 3.1914
-0.7428 -7.2870 3.4612
-0.4269 -7.7199 3.2407
-0.3908 -6.7956 2.6685
-0.6394 -7.2303 3.0475
-0.7808 -7.5284 2.5734
-0.5466 -7.1246 2.6789
-0.1101 -6.0004 2.1159
-0.0436 -5.7585 1.3370
-0.1092 -5.9854 0.8160
0.5454 -6.1255 1.6869
0.3779 -6.5407 1.3792
-0.2062 -6.3844 1.6899
0.2533 -6.7987 1.8639
-0.3715 -6.8219 2.0531
-0.2098 -7.5092 2.8117
-0.7389 -8.0835 3.2680
-0.1611 -7.5266 2.2651
-0.3865 -7.8104 2.4665
-0.6076 -7.3049 2.1463
-0.8761 -7.5317 3.2495
-0.9791 -7.8180 2.4728
-0.5890 -8.0111 2.8729
-0.9198 -8.3461 2.8371
-0.6382 -8.1324 2.2427
-0.0127 -7.3141 1.6258
-0.3659 -6.8523 1.4378
-0.1446 -7.5166 1.2227
-0.6204 -7.3659 1.4641
-0.3931 -6.8992 0.9204
-0.5191 -7.1564 1.0279
-0.2746 -7.7008 1.8622
0.0167 -7.1846 0.6338
-0.3253 -7.7691 0.8558
-0.3228 -7.7857 1.1902
-0.7548 -7.5794 1.8245
-0.9035 -7.7928 1.9241
-1.2764 -8.1902 2.2226
-1.1456 -8.0824 1.8698
-1.0555 -8.5486 2.1958
-0.5848 -8.1167 1.5127
-0.8695 -7.7448 1.2621
-0.4096 -7.9149 1.2838
-1.0197 -7.9370 1.6035
-1.1490 -8.0844 1.0124
-1.3523 -8.3057 1.3823
-0.9206 -7.2942 4.2671
-0.9629 -7.4838 3.8515
-1.1370 -7.6627 3.9731
-1.3268 -7.8163 4.1445
-1.3277 -7.9839 3.5787
-1.3303 -8.3952 4.1212
-1.6031 -8.2989 3.5016
-1.2332 -8.5231 3.3729
-1.4535 -8.6472 3.5547
-1.5618 -8.6310 3.8705
-1.7199 -8.3769 3.7790
-1.1096 -7.8513 3.1276
-1.4056 -8.2546 2.7142
-1.7054 -8.5339 3.0180
-1.7495 -8.5114 3.5635
-0.9931 -8.3303 3.3068
-1.6393 -8.6133 3.9346
-1.2840 -8.6690 2.8398
-1.7055 -8.5997 3.8093
-1.7268 -8.7641 2.9271
-1.6516 -8.7233 3.5120
-1.6713 -8.7786 3.2358
-1.7497 -8.7171 2.5598
-1.5732 -8.8031 3.1869
-1.6206 -8.8424 3.0123
-1.5359 -8.8657 2.7007
-1.6691 -8.8630 2.7358
-1.6843 -8.4951 4.2553
-1.6019 -8.5054 2.4546
-1.7311 -8.6852 2.4250
-0.1856 -6.2424 0.4029
-0.2604 -6.5527 0.8023
-0.4029 -6.8336 0.2719
-0.5849 -7.2645 0.7151
-0.6297 -7.2877 0.4019
-0.5237 -7.0813 0.2037
-0.2906 -7.6284 0.3187
-0.8496 -7.6583 0.5417
-0.4192 -6.6833 -0.5033
-0.5759 -7.0461 -0.3225
-0.6990 -7.3759 0.0299
-0.7978 -7.3800 -0.4994
-1.0406 -7.9346 0.7499
-0.5817 -6.8847 -0.9051
-0.7800 -8.3260 1.8596
-0.8792 -8.4100 1.2179
-1.1068 -8.6274 1.5555
-0.6068 -8.1528 1.2339
-0.6289 -8.1306 0.8681
-0.5188 -8.0354 0.9766
-1.2611 -8.7319 0.8740
-1.4559 -8.8986 1.3848
-1.4416 -8.8653 2.0892
-1.6214 -8.9189 2.4152
-1.7151 -8.8551 2.4218
-1.6899 -8.6386 2.0562
-1.5768 -8.9622 1.7922
-1.6670 -8.9302 2.1199
-1.7092 -8.9219 1.6679
-1.6470 -8.6091 1.2650
-1.7452 -8.8615 1.2853
-1.7552 -8.7772 1.2922
-1.7310 -8.7097 1.1816
-1.6565 -8.9674 1.4957
-1.5934 -8.9719 1.1521
-1.6650 -8.9489 0.9310
-0.4717 -7.8937 0.4596
-0.6178 -8.0147 0.1215
-0.3170 -7.5984 -0.1234
-0.3737 -7.5552 -0.5010
-0.8838 -7.6606 0.0974
-1.0132 -7.7665 -0.1072
-0.5721 -7.7567 -0.6992
-0.7934 -8.1139 -0.2802
-0.8200 -8.3170 0.6260
-0.9913 -8.4183 0.2141
-1.3962 -8.3098 0.5625
-1.1361 -8.0184 0.3637
-1.4609 -8.3115 0.0694
-1.3154 -8.7062 0.2840
-1.7366 -8.6856 0.6510
-1.5158 -8.9010 0.6582
-1.1587 -8.4309 -0.4357
-1.4131 -8.6756 -0.2997
-1.7402 -8.5524 -0.3031
-1.7585 -8.6255 -0.3279
-1.5943 -8.8796 0.1692
-1.6075 -8.9441 0.6708
-1.7057 -8.7837 -0.1373
-1.7150 -8.8994 0.7217
-1.7502 -8.7457 0.0681
-1.6643 -8.9005 0.3647
-1.5507 -8.8172 -0.0944
-1.6465 -8.8154 -0.1773
-1.5948 -8.7192 -0.6569
-0.7488 -7.2322 -0.8122
-0.7089 -6.9851 -1.2647
-1.0377 -7.7070 -0.5551
-0.9328 -7.4639 -0.9090
-1.2415 -7.7855 -1.0886
-1.3973 -8.1159 -0.5418
-0.9338 -7.2346 -1.5033
-0.5867 -7.5458 -1.4327
-1.1248 -7.4705 -1.5871
-0.8318 -7.9507 -1.0515
-1.3778 -8.4952 -0.9266
-1.0374 -8.0614 -1.3351
-0.8635 -7.7830 -1.6093
-1.4852 -7.7754 -1.8244
-1.3898 -8.3719 -1.3716
-1.2755 -8.1824 -1.6577
-1.6771 -8.2946 -0.9819
-1.7639 -8.5015 -0.7151
-1.6666 -8.6869 -0.7567
-1.7522 -8.3974 -0.9163
-1.7328 -8.5761 -0.9963
-1.7644 -8.4923 -1.0382
-1.6458 -8.1546 -1.3044
-1.7306 -8.3137 -1.1963
-1.7714 -8.4122 -1.0848
-1.7571 -8.3689 -1.2928
-1.7535 -8.2204 -1.4689
-1.7878 -8.2556 -1.6607
-1.3433 -7.9483 -2.3213
-1.4898 -8.2533 -1.9136
-1.6332 -8.5653 -1.2473
-1.6910 -8.5471 -1.2182
-1.5919 -8.5869 -1.1805
-1.5893 -8.4281 -1.6508
-1.6539 -8.3977 -1.7707
-1.7167 -8.4101 -1.6279
-1.7583 -8.4070 -1.4057
-1.1367 -7.3142 -1.9486
-1.1410 -7.1298 -2.3546
-1.3915 -7.4773 -2.2623
-1.7441 -7.7368 -2.5379
-1.7640 -8.0060 -2.0107
-1.7942 -7.9779 -2.1883
-1.7886 -7.5158 -3.0199
-1.8080 -7.6787 -2.8548
-1.7954 -7.2707 -3.4254
-1.8078 -7.1298 -3.7111
-1.7932 -7.3564 -3.5769
-1.7968 -7.8251 -2.7566
-1.5978 -7.4005 -3.6316
-1.7893 -7.1454 -3.8862
-1.7141 -7.3574 -3.7323
-1.5824 -8.0689 -2.4886
-1.6568 -8.1846 -2.3104
-1.6206 -8.3082 -2.0094
-1.7075 -8.2728 -2.0599
-1.7633 -8.2462 -1.9644
-1.7470 -8.0861 -2.4189
-1.5140 -7.7638 -2.9615
-1.6523 -7.8797 -2.9236
-1.6834 -7.9979 -2.6971
-1.7347 -7.7831 -3.0432
-1.5988 -7.6625 -3.2533
-1.6771 -7.6298 -3.3471
-1.6496 -7.5175 -3.5136
-1.7504 -7.4955 -3.4913
