-6.541117 17.652792 0.000001
-13.034186 12.037469 0.000000
-15.439954 10.419498 0.000000
-6.043206 17.652792 2.503176
-10.117310 14.649500 4.190726
-11.162701 13.412228 4.623741
-12.042019 12.037469 4.987967
-13.055075 10.419498 5.407589
-14.264655 10.419498 5.908614
-4.625269 17.652792 4.625268
-6.517110 16.098273 6.517110
-7.743453 14.649500 7.743453
-8.543560 13.412228 8.543561
-9.216561 12.037469 9.216562
-9.991921 10.419498 9.991923
-10.917693 10.419498 10.917697
-2.503177 17.652792 6.043205
-3.527033 16.098273 8.515015
-4.190725 14.649500 10.117310
-4.987965 12.037469 12.042020
-5.407586 10.419498 13.055077
-5.908611 10.419498 14.264659
-0.000002 17.652792 6.541116
-0.000002 16.098273 9.216585
-0.000002 14.649500 10.950896
-0.000002 13.412228 12.082418
-0.000001 12.037469 13.034186
-0.000001 10.419498 14.130710
-0.000001 10.419498 15.439952
2.503176 17.652792 6.043204
3.527034 16.098273 8.515014
4.190727 14.649500 10.117308
4.623742 13.412228 11.162698
4.987968 12.037469 12.042017
5.407590 10.419498 13.055072
5.908616 10.419498 14.264656
4.625268 17.652792 4.625267
6.517110 16.098273 6.517107
7.743454 14.649500 7.743450
8.543561 13.412228 8.543557
9.216563 12.037469 9.216557
9.991923 10.419498 9.991917
10.917698 10.419498 10.917691
6.043203 17.652792 2.503178
8.515013 16.098273 3.527035
10.117308 14.649500 4.190727
11.162698 13.412228 4.623742
12.042017 12.037469 4.987967
13.055072 10.419498 5.407589
14.264658 10.419498 5.908614
-6.043206 17.652795 -2.503174
-8.515015 16.098273 -3.527032
-10.117310 14.649503 -4.190725
-11.162701 13.412228 -4.623740
-12.042019 12.037471 -4.987966
-13.055075 10.419500 -5.407589
-14.264655 10.419500 -5.908614
-4.625269 17.652795 -4.625266
-6.517110 16.098276 -6.517108
-7.743453 14.649503 -7.743452
-8.543560 13.412231 -8.543559
-9.991921 10.419501 -9.991923
-10.917693 10.419502 -10.917697
-2.503177 17.652795 -6.043203
-4.190725 14.649503 -10.117309
-4.623739 13.412231 -11.162699
-4.987965 12.037473 -12.042020
-5.407586 10.419502 -13.055077
-5.908611 10.419503 -14.264659
-0.000002 17.652795 -6.541115
-0.000002 16.098276 -9.216583
-0.000002 14.649503 -10.950894
-0.000002 13.412231 -12.082417
-0.000001 12.037473 -13.034186
-0.000001 10.419503 -14.130710
-0.000001 10.419504 -15.439952
2.503176 17.652795 -6.043202
3.527034 16.098276 -8.515012
4.987968 12.037473 -12.042017
5.407590 10.419502 -13.055072
5.908616 10.419503 -14.264656
4.625268 17.652795 -4.625264
6.517110 16.098276 -6.517106
7.743454 14.649503 -7.743449
8.543561 13.412231 -8.543555
9.216563 12.037473 -9.216557
9.991923 10.419501 -9.991917
10.917698 10.419502 -10.917691
6.043203 17.652795 -2.503176
10.117308 14.649503 -4.190726
11.162698 13.412228 -4.623741
12.042017 12.037471 -4.987967
13.055072 10.419500 -5.407589
14.264658 10.419500 -5.908614
14.130710 10.419498 0.000000
15.439954 10.419498 0.000000
-10.950896 14.649500 0.000001
-12.082418 13.412228 0.000001
-14.130710 10.419498 0.000000
9.216584 16.098273 0.000001
10.950895 14.649500 0.000001
12.082417 13.412228 0.000001
-9.216586 16.098273 0.000001
-4.288335 18.937210 0.000001
-3.961906 18.937210 1.641074
-3.032311 18.937207 3.032310
-1.641076 18.937207 3.961906
-0.000002 18.937207 4.288336
1.641074 18.937207 3.961906
3.032310 18.937207 3.032310
3.961905 18.937207 1.641076
4.288335 18.937207 0.000001
-3.961906 18.937210 -1.641071
-3.032311 18.937210 -3.032307
-1.641076 18.937210 -3.961903
-0.000002 18.937210 -4.288333
1.641074 18.937210 -3.961903
3.032310 18.937210 -3.032307
3.961905 18.937207 -1.641074
-9.219611 12.038461 -9.208789
-11.599436 12.490514 -5.096525
-7.440318 16.585321 3.655494
2.571212 16.419135 8.152913
15.472484 9.771542 -0.000000
-14.294710 9.771540 5.921063
-10.940698 9.771540 10.940699
-5.921057 9.771540 14.294714
-0.000001 9.771540 15.472484
5.921065 9.771540 14.294711
10.940701 9.771541 10.940694
14.294710 9.771541 5.921063
-14.294710 9.771542 -5.921063
-10.940698 9.771544 -10.940698
-5.921057 9.771545 -14.294714
-0.000001 9.771545 -15.472484
5.921065 9.771545 -14.294711
10.940701 9.771545 -10.940694
14.294710 9.771542 -5.921063
-15.472484 9.771540 -0.000000
14.712764 9.272232 -0.000000
7.800855 0.000001 -0.000002
-13.592822 9.272232 5.630332
-12.098223 5.952198 5.011248
-9.638821 2.303113 3.992531
-7.207052 0.000001 2.985260
-10.403494 9.272232 10.403497
-9.259577 5.952198 9.259580
-7.377232 2.303112 7.377235
-5.516036 0.000001 5.516040
-5.630326 9.272232 13.592825
-5.011243 5.952198 12.098225
-3.992525 2.303113 9.638822
-2.985255 0.000001 7.207053
-0.000001 9.272232 14.712766
0.000000 5.952198 13.095023
0.000001 2.303113 10.432983
0.000001 0.000001 7.800856
5.630334 9.272232 13.592822
5.011250 5.952198 12.098221
3.992532 2.303113 9.638818
2.985261 0.000001 7.207050
10.403498 9.272232 10.403492
9.259581 5.952198 9.259574
7.377235 2.303112 7.377229
5.516040 0.000001 5.516034
13.592822 9.272232 5.630331
12.098222 5.952198 5.011247
9.638820 2.303113 3.992529
7.207051 0.000001 2.985257
-13.592822 9.272233 -5.630333
-12.098223 5.952200 -5.011250
-10.432984 2.303113 -0.000001
-9.638821 2.303114 -3.992534
-7.207052 0.000002 -2.985263
-10.403494 9.272234 -10.403497
-9.259577 5.952201 -9.259582
-7.377232 2.303115 -7.377238
-5.516036 0.000002 -5.516044
-5.630326 9.272236 -13.592825
-5.011243 5.952202 -12.098226
-3.992525 2.303116 -9.638825
-2.985255 0.000004 -7.207056
-0.000001 9.272236 -14.712766
0.000000 5.952203 -13.095023
0.000001 2.303116 -10.432986
0.000001 0.000004 -7.800859
5.630334 9.272236 -13.592822
5.011250 5.952202 -12.098222
3.992532 2.303116 -9.638821
2.985261 0.000004 -7.207053
10.403498 9.272234 -10.403492
9.259581 5.952201 -9.259576
7.377235 2.303115 -7.377232
5.516040 0.000002 -5.516038
13.592822 9.272233 -5.630332
12.098222 5.952200 -5.011249
9.638820 2.303114 -3.992532
7.207051 0.000002 -2.985260
10.432983 2.303113 -0.000001
-14.712764 9.272232 -0.000000
-13.095023 5.952198 -0.000001
-7.800857 0.000001 -0.000002
13.095020 5.952198 -0.000001
2.991695 0.000000 -0.000002
-2.763964 0.000001 1.144872
-2.115444 0.000001 2.115447
-1.144868 0.000001 2.763965
0.000002 0.000001 2.991693
1.144875 0.000001 2.763964
2.115450 0.000001 2.115445
2.763967 0.000001 1.144870
-2.763964 0.000001 -1.144875
-2.115444 0.000001 -2.115450
-1.144868 0.000002 -2.763968
0.000002 0.000002 -2.991697
1.144875 0.000002 -2.763967
2.115450 0.000001 -2.115448
2.763967 0.000001 -1.144874
-2.991694 0.000000 -0.000002
-14.245631 9.634915 5.900733
-10.903134 9.634915 10.903135
-5.900727 9.634915 14.245634
-0.000001 9.634915 15.419357
5.900735 9.634915 14.245631
10.903136 9.634915 10.903129
14.245630 9.634915 5.900733
-14.245631 9.634917 -5.900733
-10.903134 9.634919 -10.903135
-5.900727 9.634920 -14.245634
-0.000001 9.634921 -15.419357
5.900735 9.634920 -14.245631
10.903136 9.634919 -10.903129
14.245630 9.634917 -5.900733
-15.419357 9.634915 -0.000000
15.419357 9.634916 -0.000000
-4.151122 19.217770 0.000001
-3.835137 19.217773 1.588564
-2.935287 19.217770 2.935285
-1.588566 19.217770 3.835136
-0.000002 19.217770 4.151121
1.588564 19.217770 3.835136
2.935285 19.217770 2.935286
3.835135 19.217773 1.588567
-3.835137 19.217773 -1.588561
-2.935287 19.217773 -2.935282
-1.588566 19.217773 -3.835133
-0.000002 19.217773 -4.151118
1.588564 19.217773 -3.835133
2.935285 19.217773 -2.935283
3.835135 19.217773 -1.588564
4.151120 19.217770 0.000001
9.646267 15.315329 -2.551733
9.180513 15.496539 -3.802692
8.542456 15.352942 -5.061077
7.936450 16.098273 -4.392913
7.366045 16.714874 -3.373135
8.655145 16.098273 -2.822543
3.943935 14.649503 -10.166396
3.768788 13.412231 -11.332758
3.778846 12.714668 -11.813693
4.743179 12.961423 -11.451042
6.229389 13.027545 -10.403988
5.792348 13.412231 -10.381858
-3.640049 16.505222 -7.613305
-3.173154 15.650827 -9.121042
-4.595234 16.098276 -7.801265
-4.155694 16.338409 -7.607431
-6.451621 11.572386 -11.435841
-7.658634 11.578040 -10.624820
-9.109785 11.325854 -9.856789
-9.431001 10.816261 -10.049541
-9.400803 10.613864 -10.231519
12.017812 10.791257 -6.515149
12.102574 11.554383 -5.475301
10.936288 12.405135 -6.193451
10.264733 12.472428 -7.116259
10.790521 10.868633 -8.259367
11.395448 10.694209 -7.562718
-11.585844 13.412228 -2.496454
-11.012057 13.965292 -2.838284
-11.245576 13.412228 -4.207094
-11.495043 12.892636 -4.761400
-11.785378 12.438712 -4.881662
-12.523727 12.149993 -2.174620
-7.736266 16.098273 4.692515
-8.089825 15.493713 5.440993
-9.167567 15.227905 4.389769
-9.403841 15.294608 3.895197
-8.934696 15.799045 3.217970
-8.198571 16.297284 3.395958
-10.647878 11.508202 7.707690
-12.191932 10.648296 6.425639
-4.577305 14.262445 10.276527
-4.382316 14.102060 10.579852
-3.928550 12.521322 11.917772
-4.937765 12.226952 11.920823
4.266893 15.156357 9.350700
1.945605 15.014297 10.127197
5.291108 10.868626 12.773862
5.687444 10.680734 12.659241
5.980840 10.789714 12.376080
5.653421 11.256566 12.221644
5.116843 11.540558 12.353146
3.140677 11.131377 13.023538
2.564161 10.673299 13.448662
2.954170 10.501562 13.487473
3.541257 10.535998 13.347356
9.275521 14.059134 6.403683
9.272333 14.284991 6.043814
9.194048 14.441080 5.908973
9.564699 14.448990 5.341485
10.528667 13.605847 5.260044
10.765951 13.412228 5.217516
6.079830 16.852173 0.000001
12.271697 11.515562 0.000000
-6.079830 16.852176 0.000001
-12.271698 11.515562 0.000002
-14.928819 9.649747 -0.000000
-5.617031 16.852176 2.326648
-9.523685 13.985480 3.944838
-10.492506 12.839905 4.346137
-11.337571 11.515561 4.696178
-12.696213 9.581108 5.258943
-13.792430 9.649746 5.713012
-4.299091 16.852173 4.299089
-6.137632 15.346097 6.137632
-7.289112 13.985480 7.289112
-8.030616 12.839905 8.030617
-8.677401 11.515562 8.677400
-9.717260 9.581108 9.717261
-10.556268 9.649746 10.556271
-2.326650 16.852173 5.617031
-3.321661 15.346097 8.019203
-3.944833 13.985483 9.523684
-4.696173 11.515562 11.337572
-5.258941 9.581108 12.696214
-5.713009 9.649747 13.792433
-0.000002 16.852173 6.079830
-0.000001 15.346097 8.679921
-0.000002 13.985480 10.308360
-0.000002 12.839905 11.357005
-0.000001 11.515562 12.271697
-0.000001 9.581108 13.742281
-0.000001 9.649746 14.928819
2.326649 16.852173 5.617031
3.321661 15.346097 8.019201
3.944839 13.985480 9.523683
4.346138 12.839905 10.492504
4.696176 11.515562 11.337569
5.258944 9.581108 12.696210
5.713014 9.649746 13.792430
4.299089 16.852173 4.299088
6.137631 15.346097 6.137629
7.289113 13.985480 7.289109
8.030614 12.839908 8.030613
8.677401 11.515562 8.677398
9.717262 9.581108 9.717255
10.556272 9.649746 10.556265
5.617030 16.852173 2.326652
8.019201 15.346097 3.321663
9.523683 13.985480 3.944839
10.492504 12.839905 4.346138
11.337569 11.515562 4.696175
12.696210 9.581108 5.258943
13.792430 9.649747 5.713011
-5.617033 16.852176 -2.326647
-8.019203 15.346097 -3.321660
-9.523685 13.985480 -3.944837
-10.492504 12.839914 -4.346128
-11.337602 11.515543 -4.696138
-12.696213 9.581110 -5.258943
-13.792429 9.649747 -5.713012
-4.299091 16.852176 -4.299087
-6.137632 15.346100 -6.137630
-7.289112 13.985480 -7.289111
-8.030484 12.840326 -8.030283
-9.717367 9.581033 -9.717393
-10.556268 9.649750 -10.556271
-2.326649 16.852176 -5.617029
-3.944837 13.985483 -9.523684
-4.346136 12.839911 -10.492506
-4.696130 11.515559 -11.337595
-5.258942 9.581112 -12.696213
-5.713009 9.649751 -13.792433
-0.000002 16.852176 -6.079829
-0.000002 15.346100 -8.679920
-0.000002 13.985483 -10.308360
-0.000002 12.839911 -11.357005
-0.000001 11.515566 -12.271697
-0.000001 9.581113 -13.742281
-0.000001 9.649751 -14.928819
2.326649 16.852176 -5.617029
3.321662 15.346100 -8.019200
4.696177 11.515566 -11.337569
5.258944 9.581112 -12.696210
5.713014 9.649751 -13.792430
4.299089 16.852176 -4.299086
6.137631 15.346100 -6.137628
7.289113 13.985480 -7.289108
8.030617 12.839908 -8.030611
8.677402 11.515565 -8.677396
9.717262 9.581111 -9.717256
10.556272 9.649750 -10.556265
5.617030 16.852176 -2.326649
9.523683 13.985480 -3.944838
10.492504 12.839908 -4.346138
11.337569 11.515565 -4.696173
12.696211 9.581109 -5.258942
13.792430 9.649748 -5.713012
13.742281 9.581108 -0.000000
14.928819 9.649747 -0.000000
-10.308361 13.985480 0.000001
-11.357005 12.839908 0.000003
-13.742281 9.581108 -0.000000
8.679920 15.346097 0.000001
10.308360 13.985480 0.000001
11.357005 12.839905 0.000000
-8.679922 15.346097 0.000001
-3.631360 18.287473 0.000001
-3.354939 18.287473 1.389659
-2.567760 18.287469 2.567759
-1.389663 18.287469 3.354941
-0.000002 18.287469 3.631361
1.389661 18.287466 3.354941
2.567759 18.287466 2.567759
3.354939 18.287469 1.389663
3.631361 18.287466 0.000001
-3.354940 18.287473 -1.389657
-2.567760 18.287473 -2.567756
-1.389662 18.287469 -3.354938
-0.000002 18.287469 -3.631358
1.389661 18.287469 -3.354937
2.567759 18.287469 -2.567756
3.354939 18.287469 -1.389661
-8.679861 11.516260 -8.670503
-10.963880 11.971498 -4.671711
-7.083177 15.739590 3.550772
2.728149 15.635303 7.689500
15.176958 9.592568 -0.000000
-14.021680 9.592565 5.807970
-10.731730 9.592566 10.731731
-5.807965 9.592567 14.021683
-0.000001 9.592567 15.176958
5.807972 9.592567 14.021680
10.731732 9.592567 10.731725
14.021678 9.592569 5.807970
-14.021680 9.592567 -5.807971
-10.731730 9.592570 -10.731731
-5.807965 9.592572 -14.021683
-0.000001 9.592572 -15.176958
5.807972 9.592571 -14.021680
10.731732 9.592571 -10.731725
14.021678 9.592570 -5.807970
-15.176958 9.592567 -0.000000
15.095554 9.388342 -0.000000
7.441396 0.851215 -0.000001
-13.946474 9.388342 5.776819
-11.388140 6.465080 4.717122
-9.003801 2.920639 3.729497
-6.874955 0.851215 2.847701
-10.674168 9.388342 10.674171
-8.716103 6.465080 8.716106
-6.891209 2.920639 6.891212
-5.261861 0.851215 5.261864
-5.776813 9.388342 13.946477
-4.717118 6.465080 11.388142
-3.729492 2.920639 9.003802
-2.847697 0.851215 6.874957
-0.000001 9.388342 15.095555
-0.000000 6.465080 12.326434
0.000001 2.920639 9.745643
0.000001 0.851215 7.441397
5.776821 9.388342 13.946474
4.717123 6.465080 11.388138
3.729498 2.920639 9.003799
2.847702 0.851215 6.874953
10.674172 9.388342 10.674165
8.716106 6.465080 8.716100
6.891212 2.920639 6.891206
5.261864 0.851215 5.261859
13.946474 9.388342 5.776818
11.388139 6.465080 4.717122
9.003800 2.920639 3.729495
6.874954 0.851215 2.847698
-13.946474 9.388343 -5.776820
-11.388140 6.465082 -4.717124
-9.745644 2.920639 -0.000001
-9.003801 2.920641 -3.729500
-6.874955 0.851216 -2.847704
-10.674168 9.388345 -10.674171
-8.716103 6.465083 -8.716107
-6.891209 2.920642 -6.891215
-5.261861 0.851216 -5.261868
-5.776813 9.388346 -13.946477
-4.717118 6.465083 -11.388143
-3.729492 2.920642 -9.003806
-2.847697 0.851218 -6.874960
-0.000001 9.388346 -15.095554
-0.000000 6.465084 -12.326434
0.000001 2.920642 -9.745646
0.000001 0.851218 -7.441400
5.776821 9.388346 -13.946474
4.717123 6.465083 -11.388139
3.729498 2.920642 -9.003802
2.847702 0.851218 -6.874957
10.674171 9.388345 -10.674165
8.716107 6.465083 -8.716102
6.891212 2.920642 -6.891209
5.261864 0.851216 -5.261862
13.946472 9.388343 -5.776819
11.388139 6.465082 -4.717123
9.003800 2.920641 -3.729498
6.874954 0.851216 -2.847701
9.745642 2.920639 -0.000001
-15.095554 9.388342 -0.000000
-12.326434 6.465079 -0.000001
-7.441398 0.851215 -0.000001
12.326431 6.465080 -0.000001
2.991695 0.924000 -0.000002
-2.763964 0.924001 1.144871
-2.115444 0.924001 2.115447
-1.144868 0.924001 2.763965
0.000002 0.924001 2.991693
1.144875 0.924001 2.763964
2.115450 0.924001 2.115445
2.763967 0.924001 1.144870
-2.763964 0.924001 -1.144874
-2.115444 0.924001 -2.115450
-1.144869 0.924002 -2.763968
0.000002 0.924002 -2.991696
1.144875 0.924002 -2.763967
2.115450 0.924001 -2.115448
2.763967 0.924001 -1.144873
-2.991694 0.924000 -0.000002
-14.063725 9.592028 5.825386
-10.763911 9.592028 10.763911
-5.825380 9.592028 14.063728
-0.000001 9.592028 15.222469
5.825388 9.592028 14.063727
10.763914 9.592028 10.763905
14.063725 9.592028 5.825386
-14.063727 9.592030 -5.825386
-10.763911 9.592032 -10.763911
-5.825380 9.592032 -14.063728
-0.000001 9.592033 -15.222467
5.825388 9.592032 -14.063727
10.763913 9.592031 -10.763905
14.063725 9.592030 -5.825386
-15.222469 9.592029 -0.000000
15.222469 9.592029 -0.000000
-3.321073 18.811823 0.000001
-3.068271 18.811826 1.270918
-2.348353 18.811819 2.348352
-1.270920 18.811819 3.068272
-0.000002 18.811823 3.321072
1.270918 18.811823 3.068271
2.348352 18.811819 2.348352
3.068269 18.811823 1.270920
-3.068271 18.811826 -1.270915
-2.348353 18.811826 -2.348349
-1.270920 18.811823 -3.068269
-0.000002 18.811823 -3.321070
1.270919 18.811823 -3.068268
3.880331 13.977039 -9.564836
2.348352 18.811823 -2.348349
3.068269 18.811823 -1.270918
3.321071 18.811823 0.000001
8.633994 14.787411 -3.574154
6.974464 15.919901 -3.111489
8.144746 15.334753 -2.721019
3.853409 14.037390 -9.464217
3.820039 13.978339 -9.543529
3.511123 13.087790 -10.415169
4.443235 12.435500 -10.753035
5.396830 12.823206 -9.789923
-3.285266 15.471930 -7.794402
-3.627837 14.664117 -8.771529
-5.198301 14.545416 -7.877182
-5.002764 14.868820 -7.551170
-3.894058 15.543433 -7.215849
-6.024104 11.060888 -10.796017
-8.086102 11.158019 -9.340630
-8.680797 10.812639 -9.219330
-9.003481 10.304768 -9.409715
-8.973283 10.102369 -9.591694
11.378000 10.279736 -6.087641
11.462733 11.042903 -5.047786
10.300687 11.886077 -5.768756
9.172858 11.695898 -7.689108
9.132219 11.521175 -7.963486
9.263792 11.220719 -8.126003
10.755626 10.182706 -7.135204
-10.884302 12.827301 -2.356909
-10.209524 13.414682 -3.042038
-11.112301 11.914269 -4.527116
-7.591666 14.790280 5.108134
-8.856027 14.585480 3.669782
-9.005283 14.530762 3.191418
-8.347078 15.095612 3.101085
-8.053210 15.336520 3.167968
-7.750121 15.499658 3.267662
-11.030607 11.097753 5.628936
-9.732257 10.770318 7.963779
-9.878333 10.416749 8.168172
-10.227924 10.054110 8.078831
-11.661206 10.635765 5.237872
-4.195141 13.645486 9.704609
-4.066854 12.832312 10.540024
-4.132307 11.523614 11.429237
-4.347999 13.633578 9.615321
3.934033 14.452924 8.852541
3.209514 14.340692 9.229213
2.674893 15.627997 7.686947
5.014822 10.350343 12.060542
5.259924 10.169243 12.019414
5.553320 10.278223 11.736252
5.225901 10.745074 11.581816
4.811076 11.022240 11.651984
2.990552 10.619886 12.268810
2.414036 10.161808 12.693933
2.804045 9.990074 12.732742
3.391133 10.024503 12.592629
9.007755 12.169214 7.357687
8.878166 12.827972 6.754314
8.703600 13.442169 6.021538
8.700412 13.668024 5.661669
8.622127 13.824115 5.526827
8.992778 13.832025 4.959340
10.771762 12.229400 4.644134
-3.612942 19.272675 0.000002
-4.151122 19.217770 0.000001
-3.337922 19.272675 1.382609
-3.835137 19.217773 1.588564
-2.554738 19.272675 2.554730
-2.935287 19.217770 2.935285
-1.382613 19.272675 3.337917
-1.588566 19.217770 3.835136
-0.000005 19.272675 3.612936
-0.000002 19.217770 4.151121
1.382607 19.272675 3.337919
1.588564 19.217770 3.835136
2.554729 19.272675 2.554731
2.935285 19.217770 2.935286
3.337915 19.272675 1.382613
3.835135 19.217773 1.588567
-3.835137 19.217773 -1.588561
-3.337922 19.272675 -1.382605
-2.935287 19.217773 -2.935282
-2.554738 19.272675 -2.554727
-1.588566 19.217773 -3.835133
-1.382613 19.272678 -3.337914
-0.000002 19.217773 -4.151118
-0.000005 19.272675 -3.612933
1.588564 19.217773 -3.835133
1.382607 19.272678 -3.337916
4.190727 14.649503 -10.117307
2.935285 19.217773 -2.935283
2.554729 19.272675 -2.554729
3.835135 19.217773 -1.588564
3.337915 19.272675 -1.382610
3.612934 19.272675 0.000002
4.151120 19.217770 0.000001
7.654849 16.639230 -3.170742
3.970293 14.740823 -10.051836
3.645315 13.704758 -11.089794
5.802045 12.871906 -10.816634
-3.414208 16.269577 -8.242631
-3.306927 16.098276 -8.558796
-3.791804 15.362286 -9.343393
-3.859176 15.373239 -9.316881
-5.531161 15.248849 -8.375341
-5.335624 15.572250 -8.049330
-6.537107 10.519285 -12.220605
-6.113683 11.008174 -12.112694
-8.510996 11.675998 -9.976977
12.155675 11.191760 -5.829671
11.589361 12.037471 -5.665414
9.808459 12.214956 -8.113803
9.769373 12.037472 -8.389218
9.903621 11.732210 -8.553522
-12.336045 12.502120 -1.892437
-11.964925 12.932660 -2.259752
-10.884150 14.031650 -3.176229
-10.956312 13.848331 -3.656279
-11.881095 12.349067 -4.712474
-8.361468 15.167191 5.724492
-9.592902 15.234195 3.308302
-8.566143 16.098273 3.269997
-11.670420 11.609272 6.056445
-10.372083 11.281808 8.391301
-10.518163 10.928236 8.595692
-10.867754 10.565598 8.506352
-12.389547 10.921227 5.803347
-12.301048 11.147251 5.665377
-4.207194 13.412228 11.245557
-4.282124 12.037469 12.182420
-6.544517 12.037469 11.001965
-5.620629 13.412228 10.496600
-4.730131 14.250565 10.187231
3.360043 16.098273 8.548231
3.606042 15.925806 8.705756
4.264851 15.328107 9.109544
3.947214 15.181064 9.529417
3.326398 15.044125 9.816832
2.211059 16.098273 8.776778
5.291108 10.868626 12.773862
5.687444 10.680734 12.659241
5.980840 10.789714 12.376080
5.653421 11.256566 12.221644
5.116843 11.540558 12.353146
3.140677 11.131377 13.023538
2.564161 10.673299 13.448662
2.954170 10.501562 13.487473
3.541257 10.535998 13.347356
9.643356 12.688275 7.782379
9.473363 13.412228 7.152011
11.407363 12.748457 5.068830
-11.337603 11.515542 -4.696138
-3.944837 13.985483 -9.523684
9.058649 14.611896 -2.434848
8.044296 14.649509 -4.728218
7.499565 15.338214 -4.100996
7.210912 15.841064 -3.030647
3.626579 12.844409 -10.617825
3.629713 12.195609 -11.063951
5.377350 12.352846 -10.181033
5.804694 12.508486 -9.768388
3.808582 14.032538 -9.545386
-3.378395 15.710248 -7.221728
-3.205247 15.335297 -8.047619
-3.056270 14.947394 -8.533423
-3.674919 14.658853 -8.755775
-3.627834 14.664120 -8.771531
-4.308884 15.331387 -7.372706
-6.109568 10.007851 -11.580743
-5.686170 10.496680 -11.472865
-7.231776 11.063647 -9.986878
11.515852 10.680270 -5.402143
10.952661 11.520364 -5.239986
9.629133 11.953369 -6.691564
10.150696 10.357136 -7.831851
-11.586310 11.983051 -1.743305
-11.215173 12.413616 -2.110618
-10.337430 13.348325 -2.704093
-10.281685 13.231366 -3.522088
-10.548217 12.822122 -4.068383
-10.837953 12.370095 -4.375447
-11.112301 11.914269 -4.527116
-11.131353 11.830009 -4.563340
-11.773990 11.630926 -2.025489
-7.306885 15.332053 4.405611
-7.863307 14.463760 5.391632
-8.669408 14.524472 4.056910
-7.284042 15.784024 4.088249
-10.008057 10.996700 7.280173
-11.552103 10.136805 5.998119
-11.749718 10.409735 5.375829
-4.186544 13.480261 9.925012
-3.779417 12.002264 11.168030
-4.637725 11.701028 11.222856
-6.118084 11.523047 10.363764
-5.221172 12.831879 9.898767
3.261065 15.326013 8.050639
3.307218 15.219272 8.190692
3.931992 14.624673 8.611385
3.713218 14.471960 8.985180
1.828720 14.310864 9.539577
2.109745 15.334018 8.267438
2.638811 15.584113 7.763110
5.014822 10.350343 12.060542
5.259924 10.169244 12.019414
5.553320 10.278223 11.736253
5.225901 10.745075 11.581816
4.811076 11.022240 11.651984
2.990552 10.619886 12.268810
2.414037 10.161808 12.693934
2.804044 9.990075 12.732742
3.391132 10.024506 12.592628
9.956746 12.988879 4.877899
10.172150 12.825925 4.820751
-3.490960 18.374460 0.000001
-3.225228 18.374460 1.335929
-2.468484 18.374457 2.468478
-1.335933 18.374460 3.225221
-0.000005 18.374457 3.490957
1.335927 18.374460 3.225224
2.468476 18.374457 2.468480
3.225222 18.374460 1.335934
-3.225228 18.374460 -1.335926
-2.468484 18.374460 -2.468475
-1.335933 18.374463 -3.225219
-0.000005 18.374460 -3.490955
1.335927 18.374463 -3.225221
2.468476 18.374460 -2.468477
3.225222 18.374460 -1.335931
3.490955 18.374460 0.000001
