44.929686 32.009283 -38.941400
44.929686 4.908209 -38.941405
-48.425780 32.009283 -38.941400
-48.425780 4.908209 -38.941405
-48.425780 32.009270 38.356938
-48.425780 4.908197 38.356934
6.410156 32.009270 38.356450
6.410156 4.908197 38.356445
20.621093 32.009270 38.356450
20.621093 4.908197 38.356445
-23.371093 32.009270 38.356938
-23.371093 4.908197 38.356934
-9.195312 32.009270 38.356938
-9.195312 4.908197 38.356934
-40.472655 25.122552 38.356937
37.347655 25.122552 38.356449
-40.472655 10.046380 38.356934
37.347655 10.046380 38.356446
20.621093 25.122552 38.356449
6.410156 25.122552 38.356449
20.621093 10.046380 38.356446
6.410156 10.046380 38.356446
-9.195312 10.046380 38.356934
-23.371093 10.046380 38.356934
-9.195312 25.122552 38.356937
-23.371093 25.122552 38.356937
-59.378905 33.180654 56.611332
59.777342 33.180654 56.611332
-55.464842 100.473631 -0.085433
54.660155 100.473631 -0.085433
-57.164061 35.806629 64.008305
57.519530 35.806629 64.007817
-53.406249 103.754879 9.624528
52.597655 103.754879 9.624528
-61.234374 33.713857 58.695317
60.874999 33.713857 58.697270
55.726561 106.252439 -0.043928
-57.464842 106.252439 -0.043928
-0.800781 87.980950 30.356947
3.703125 80.956536 30.356946
3.703125 80.957026 21.128919
-0.800781 87.980952 21.128432
-1.546875 88.458001 30.356947
-1.546875 88.458491 21.128432
-1.839844 88.456536 30.356947
-1.839844 88.457026 21.128432
-2.589844 87.976067 30.356947
-2.589844 87.975581 21.128432
-6.968750 81.050774 30.356946
-6.968750 81.050776 21.128919
-9.953125 81.048333 30.356946
-9.953125 81.048335 21.128919
-4.621094 89.623040 30.356948
-4.621094 89.622553 21.128432
-2.187500 91.208489 30.356948
-2.187500 91.208491 21.128432
-1.226562 91.210930 30.356948
-1.226562 91.210444 21.128432
1.214844 89.639641 30.356948
1.214844 89.639643 21.128432
6.675781 80.971185 30.356946
6.675781 80.970698 21.128919
-7.117187 81.094720 30.925794
-9.464844 81.092767 30.925794
-4.402344 89.233391 30.925795
-2.808594 87.910149 30.925795
0.996094 89.249016 30.925795
6.187500 81.013177 30.925305
3.847656 81.001946 30.925305
-0.582031 87.916009 30.925795
-1.511719 88.501946 30.925795
-1.265625 90.711907 30.925307
-1.882812 88.500970 30.925795
-2.148437 90.708977 30.925307
-59.378905 33.180673 -56.661614
59.777342 33.180673 -56.661614
-55.464842 100.473631 0.035661
54.660155 100.473631 0.036149
-57.164061 35.806650 -64.058098
57.519530 35.806650 -64.058098
-53.406249 103.754882 -9.674299
52.597655 103.754882 -9.674299
-61.234374 33.713388 -58.747063
60.874999 33.713388 -58.747063
55.730467 106.252439 -0.006330
-57.464842 106.252439 -0.006330
-0.800781 87.980472 -30.395005
3.703125 80.957034 -30.395494
3.703125 80.957033 -21.166490
-0.800781 87.980470 -21.166489
-1.546875 88.458011 -30.395004
-1.546875 88.458009 -21.166489
-1.839844 88.458011 -30.395004
-1.839844 88.458498 -21.166489
-2.589844 87.976077 -30.395005
-2.589844 87.976076 -21.166489
-6.968750 81.050784 -30.395006
-6.968750 81.050783 -21.166490
-9.953125 81.048831 -30.395006
-9.953125 81.048830 -21.166490
-4.621094 89.623050 -30.395004
-4.621094 89.623048 -21.166489
-2.187500 91.208499 -30.395004
-2.187500 91.208497 -21.166489
-1.226562 91.210940 -30.395004
-1.226562 91.210939 -21.166489
1.214844 89.639651 -30.395004
1.214844 89.639650 -21.166489
6.675781 80.970706 -30.395494
6.675781 80.970705 -21.166490
-7.117187 81.094730 -30.964342
-9.464844 81.093265 -30.964342
-4.402344 89.233401 -30.964340
-2.808594 87.909671 -30.964340
0.996094 89.249026 -30.964340
6.187500 81.012699 -30.964342
3.847656 81.002445 -30.964342
-0.582031 87.916019 -30.964340
-1.511719 88.502444 -30.964340
-1.265625 90.711429 -30.964340
-1.882812 88.500491 -30.964340
-2.148437 90.708987 -30.964340
-12.554687 0.095204 68.722166
-53.457030 0.095205 62.463378
-56.488280 0.095226 -66.147948
7.695312 0.095226 -68.722166
-11.640625 4.995109 49.147949
4.050781 4.995126 -53.759275
-50.562499 4.995125 -51.005369
-50.562499 4.995110 46.413574
50.164061 4.995110 46.413574
50.164061 4.995125 -51.005369
59.937499 0.095205 59.376464
-57.417967 0.095206 56.196288
-45.796874 4.995109 46.747558
-58.925780 0.095225 -62.587401
-44.089843 4.995125 -51.333006
59.453124 0.095225 -63.567870
-60.996092 0.095216 -4.513183
-50.562499 4.995117 -1.794921
-44.953124 4.995117 -1.751464
-3.925781 4.995117 -1.456054
50.164061 4.995117 -1.883788
61.257811 0.095215 -1.794922
-6.187500 4.742179 51.931152
-7.695312 4.742179 51.120605
-7.695312 4.245597 51.120605
-6.187500 4.245597 51.931152
-3.785156 4.742179 52.945800
-3.785156 4.245597 52.945800
-3.062500 4.742179 53.183105
-3.062500 4.245597 53.183105
-2.355469 4.742179 53.413086
-2.355469 4.245597 53.413085
-1.679687 4.742179 53.626953
-1.679687 4.245597 53.626953
-1.050781 4.742179 53.816894
-1.050781 4.245597 53.816894
-0.484375 4.742179 53.975097
-0.484375 4.245597 53.975097
0.007812 4.742179 54.092773
0.007812 4.245597 54.092773
0.402344 4.742179 54.162597
0.402344 4.245597 54.162597
0.746094 4.742179 54.132324
0.746094 4.245597 54.132324
1.125000 4.742179 53.968750
1.125000 4.245597 53.968749
1.515625 4.742179 53.693847
1.515625 4.245597 53.693847
1.914062 4.742179 53.331543
1.914062 4.245597 53.331542
2.320312 4.742179 52.901855
2.320312 4.245597 52.901855
2.738281 4.742179 52.427246
2.738281 4.245597 52.427246
3.152344 4.742179 51.931152
3.152344 4.245597 51.931152
2.351562 4.742179 49.294922
2.351562 4.245597 49.294921
-6.539062 4.742179 49.497070
-6.539062 4.245597 49.497070
-6.410156 5.246574 49.798828
-7.273437 5.246574 51.010254
-6.082031 5.246573 51.650879
2.167969 5.246574 49.603027
0.410156 5.246573 53.856445
0.691406 5.246573 53.832519
1.003906 5.246573 53.695312
0.054687 5.246573 53.793457
1.359375 5.246573 53.445312
1.738281 5.246573 53.100097
-0.425781 5.246573 53.678711
2.140625 5.246573 52.682617
-0.988281 5.246573 53.521972
2.546875 5.246573 52.214843
2.851562 5.246573 51.854980
-1.609375 5.246573 53.333496
-2.281250 5.246573 53.120117
-2.988281 5.246573 52.891113
-3.699219 5.246573 52.656738
9.300781 5.125481 45.963379
5.191406 5.125481 46.800781
5.191406 4.819328 46.800781
9.300781 4.819328 45.963379
7.558594 5.125481 44.288574
7.558594 4.819329 44.288574
3.246094 5.125481 43.660644
3.246094 4.819329 43.660644
2.316406 5.125481 45.963379
2.316406 4.819328 45.963379
5.199219 5.327141 46.634277
8.976562 5.327141 45.863769
7.496094 5.327141 44.444336
3.324219 5.327141 43.837402
2.523437 5.327141 45.853515
0.199219 5.198722 48.302734
-0.171875 5.198722 48.224121
-0.171875 4.858390 48.224121
0.199219 4.858390 48.302734
0.542969 5.198722 48.374023
0.542969 4.858390 48.374023
0.855469 5.198722 48.436523
0.855469 4.858390 48.436523
1.132812 5.198722 48.484863
1.132812 4.858390 48.484863
1.347656 5.198722 48.516113
1.347656 4.858390 48.516113
1.503906 5.198722 48.526855
1.503906 4.858390 48.526855
1.621094 5.198722 48.501465
1.621094 4.858390 48.501465
1.738281 5.198722 48.430176
1.738281 4.858390 48.430175
1.843750 5.198722 48.320801
1.843750 4.858390 48.320800
1.953125 5.198723 48.180176
1.953125 4.858390 48.180175
2.058594 5.198723 48.017090
2.058594 4.858391 48.017090
2.167969 5.198723 47.838867
2.167969 4.858391 47.838867
2.269531 5.198723 47.651855
2.269531 4.858391 47.651855
2.074219 5.198723 47.465820
2.074219 4.858391 47.465820
1.878906 5.198723 47.282715
1.878906 4.858391 47.282715
1.691406 5.198723 47.108398
1.691406 4.858391 47.108398
1.515625 5.198723 46.945312
1.515625 4.858391 46.945312
1.347656 5.198723 46.798340
1.347656 4.858391 46.798340
1.207031 5.198723 46.671387
1.207031 4.858391 46.671386
1.074219 5.198723 46.567871
1.074219 4.858391 46.567871
0.933594 5.198723 46.498535
0.933594 4.858391 46.498535
0.746094 5.198723 46.465820
0.746094 4.858391 46.465820
0.523437 5.198723 46.463379
0.523437 4.858391 46.463379
0.273437 5.198723 46.485840
0.273437 4.858391 46.485840
-0.003906 5.198723 46.525879
-0.003906 4.858391 46.525879
-0.289062 5.198723 46.579590
-0.289062 4.858391 46.579590
-0.582031 5.198723 46.638183
-0.582031 4.858391 46.638183
-0.554687 5.198723 48.142578
-0.554687 4.858390 48.142578
-0.269531 5.401359 46.739746
-0.433594 5.401359 46.774902
-0.410156 5.401359 48.006347
-0.148437 5.401359 48.064453
2.050781 5.401359 47.748535
2.082031 5.401359 47.685058
1.984375 5.401359 47.591308
1.941406 5.401359 47.922363
1.792969 5.401359 47.409179
1.843750 5.401359 48.077637
1.742187 5.401359 48.204590
1.660156 5.401359 48.309082
1.582031 5.401359 48.374512
1.496094 5.401359 48.392090
1.363281 5.401359 48.353515
1.605469 5.401359 47.234863
1.152344 5.401359 48.322754
1.425781 5.401359 47.072754
0.878906 5.401359 48.275879
1.261719 5.401359 46.927734
1.121094 5.401359 46.803222
0.570312 5.401359 48.213867
1.003906 5.401359 46.710937
0.894531 5.401359 46.655762
0.738281 5.401359 46.628418
0.527344 5.401359 46.625976
0.222656 5.401359 48.142578
0.285156 5.401359 46.647949
0.019531 5.401359 46.687500
-8.699219 5.083976 47.661621
-8.804687 5.083977 47.512207
-8.804687 4.770500 47.512207
-8.699219 4.770500 47.661621
-8.597656 5.083976 47.810547
-8.597656 4.770500 47.810547
-8.488281 5.083976 47.954590
-8.488281 4.770500 47.954590
-8.375000 5.083976 48.093261
-8.375000 4.770500 48.093261
-8.257812 5.083976 48.224121
-8.257812 4.770500 48.224121
-8.136719 5.083976 48.346191
-8.136719 4.770500 48.346191
-8.007812 5.083976 48.457519
-8.007812 4.770500 48.457519
-7.835937 5.083976 48.529785
-7.835937 4.770500 48.529785
-7.597656 5.083976 48.548340
-7.597656 4.770500 48.548340
-7.328125 5.083976 48.524414
-7.328125 4.770500 48.524414
-7.042969 5.083976 48.472168
-7.042969 4.770500 48.472168
-6.769531 5.083976 48.405761
-6.769531 4.770500 48.405761
-6.542969 5.083976 48.337890
-6.542969 4.770500 48.337890
-6.386719 5.083976 48.282226
-6.386719 4.770500 48.282226
-6.175781 5.083976 48.226074
-6.175781 4.770500 48.226074
-5.835937 5.083976 48.152832
-5.835937 4.770500 48.152832
-5.410156 5.083976 48.072754
-5.410156 4.770500 48.072754
-4.957031 5.083976 47.994629
-4.957031 4.770500 47.994629
-4.535156 5.083976 47.927734
-4.535156 4.770500 47.927734
-4.191406 5.083976 47.879883
-4.191406 4.770500 47.879883
-3.984375 5.083976 47.862304
-3.984375 4.770500 47.862304
-3.832031 5.083976 47.833984
-3.832031 4.770500 47.833984
-3.589844 5.083976 47.754394
-3.589844 4.770500 47.754394
-3.292969 5.083976 47.630859
-3.292969 4.770500 47.630859
-2.941406 5.083977 47.474121
-2.941406 4.770500 47.474121
-2.558594 5.083977 47.291504
-2.558594 4.770500 47.291504
-2.140625 5.083977 47.091308
-2.140625 4.770500 47.091308
-1.718750 5.083977 46.883301
-1.718750 4.770500 46.883300
-2.328125 5.083977 45.028808
-2.328125 4.770500 45.028808
-4.535156 5.083977 44.294433
-4.535156 4.770500 44.294433
-8.531250 5.083977 46.218262
-8.531250 4.770500 46.218261
-2.199219 5.287102 46.941894
-1.902344 5.287102 46.794922
-2.441406 5.287102 45.162597
-2.609375 5.287102 47.140625
-8.042969 5.287101 48.220215
-7.937500 5.287101 48.312500
-7.808594 5.287101 48.368652
-7.601562 5.287101 48.384277
-8.160156 5.287101 48.104980
-8.269531 5.287101 47.979492
-7.343750 5.287101 48.361816
-8.378906 5.287101 47.846191
-7.066406 5.287101 48.312011
-8.488281 5.287101 47.705566
-8.589844 5.287102 47.559570
-6.804687 5.287101 48.247558
-8.652344 5.287102 47.473144
-8.410156 5.287102 46.336426
-6.582031 5.287101 48.181152
-6.421875 5.287101 48.124511
-6.207031 5.287101 48.066894
-5.863281 5.287101 47.992676
-5.433594 5.287101 47.912109
-4.980469 5.287101 47.833496
-4.550781 5.287101 47.765625
-4.207031 5.287101 47.718261
-4.003906 5.287101 47.700683
-3.859375 5.287101 47.674804
-3.636719 5.287102 47.599121
-4.531250 5.287102 44.467285
-3.339844 5.287102 47.479004
-2.996094 5.287102 47.322754
-7.281250 4.750968 53.488281
-6.996094 4.750968 53.459472
-6.996094 4.419913 53.459472
-7.281250 4.419913 53.488281
-7.750000 4.750968 53.568359
-7.750000 4.419913 53.568359
-8.367187 4.750968 53.690918
-8.367187 4.419913 53.690917
-9.105469 4.750968 53.848632
-9.105469 4.419913 53.848632
-9.937500 4.750968 54.031250
-9.937500 4.419913 54.031249
-10.832031 4.750968 54.230468
-10.832031 4.419913 54.230468
-11.750000 4.750968 54.438964
-11.750000 4.419913 54.438964
-11.628906 4.750967 56.363769
-11.628906 4.419913 56.363769
-7.058594 4.750967 57.902831
-7.058594 4.419912 57.902831
-3.527344 4.750967 56.713378
-3.527344 4.419913 56.713378
-4.144531 4.750967 54.999023
-4.144531 4.419913 54.999023
-6.164062 4.750968 54.299316
-6.164062 4.419913 54.299316
-6.250000 4.750968 54.120605
-6.250000 4.419913 54.120605
-6.343750 4.750968 53.949218
-6.343750 4.419913 53.949218
-6.441406 4.750968 53.792968
-6.441406 4.419913 53.792968
-6.550781 4.750968 53.657714
-6.550781 4.419913 53.657714
-6.675781 4.750968 53.553222
-6.675781 4.419913 53.553222
-6.824219 4.750968 53.483886
-6.824219 4.419913 53.483886
-7.058594 4.952139 57.733398
-3.722656 4.952139 56.608398
-4.250000 4.952139 55.132324
-6.265625 4.952139 54.436035
-6.644531 4.952140 53.780761
-6.750000 4.952140 53.695800
-6.859375 4.952140 53.643554
-6.996094 4.952140 53.624023
-6.550781 4.952140 53.895996
-6.464844 4.952140 54.038574
-7.261719 4.952140 53.650390
-6.375000 4.952139 54.201660
-7.722656 4.952140 53.729492
-8.339844 4.952140 53.851562
-9.082031 4.952140 54.008300
-9.914062 4.952139 54.190918
-10.800781 4.952139 54.390136
-11.597656 4.952139 54.571289
-11.492187 4.952139 56.239257
-1.535156 4.746084 57.237792
-1.929687 4.746085 55.243652
-1.929687 4.319815 55.243652
-1.535156 4.319815 57.237792
3.898437 4.746084 57.692871
3.898437 4.319815 57.692870
8.589844 4.746084 57.727050
8.589844 4.319815 57.727050
9.359375 4.746085 55.943847
9.359375 4.319815 55.943847
9.023437 4.746085 53.634765
9.023437 4.319815 53.634765
5.800781 4.746085 53.495117
5.800781 4.319815 53.495117
1.324219 4.746085 54.894042
1.324219 4.319815 54.894042
-0.796875 4.746085 54.929199
-0.796875 4.319815 54.929199
-1.687500 4.746085 54.264160
-1.687500 4.319815 54.264160
-0.839844 4.948721 55.093261
-1.601562 4.948721 54.522461
-1.785156 4.948721 55.248535
-1.417969 4.948721 57.083984
3.902344 4.948721 57.529785
1.339844 4.948721 55.057128
8.503906 4.948721 57.563964
9.210937 4.948721 55.918945
8.902344 4.948722 53.792480
5.816406 4.948722 53.659179
-11.558593 2.475575 64.145995
-11.734375 2.486318 64.051757
-11.734375 1.610341 64.059081
-11.558593 1.610341 64.152831
-11.398437 2.465810 64.236327
-11.398437 1.610341 64.243163
-11.234375 2.457021 64.317870
-11.234375 1.610341 64.326659
-11.093750 2.450185 64.388671
-11.093750 1.610341 64.398436
-10.964844 2.443837 64.444823
-10.964844 1.610341 64.453612
-10.863281 2.439931 64.479979
-10.863281 1.610341 64.490233
-10.781250 2.437489 64.493651
-10.781250 1.610341 64.503417
-10.640625 2.441396 64.468749
-10.640625 1.610341 64.477538
-10.378906 2.447255 64.404784
-10.378906 1.610341 64.414550
-10.031250 2.457021 64.315429
-10.031250 1.610341 64.323729
-9.640625 2.468251 64.216308
-9.640625 1.610341 64.223632
-9.246094 2.479482 64.121581
-9.246094 1.610341 64.128417
-8.882812 2.486318 64.044433
-8.882812 1.610341 64.051757
-8.597656 2.491200 64.001464
-8.597656 1.610341 64.009276
-3.636719 2.571767 63.264159
-3.636719 1.610341 63.269530
-3.093750 2.575673 63.229979
-3.093750 1.610341 63.234862
-2.437500 2.578115 63.211913
-2.437500 1.610341 63.215331
-1.722656 2.577626 63.209960
-1.722656 1.610341 63.214354
-1.011719 2.575673 63.225097
-1.011719 1.610341 63.230468
-0.355469 2.571767 63.259765
-0.355469 1.610341 63.264159
0.175781 2.565908 63.312987
0.175781 1.610341 63.317870
0.539062 2.558095 63.387694
0.539062 1.610341 63.392577
0.906250 2.548818 63.470702
0.906250 1.610341 63.477050
1.449219 2.540029 63.551269
1.449219 1.610341 63.556151
2.101562 2.533193 63.623534
2.101562 1.610341 63.628905
2.769531 2.526845 63.683104
2.769531 1.610341 63.689452
3.378906 2.521962 63.728515
3.378906 1.610341 63.734374
3.855469 2.518544 63.753905
3.855469 1.610341 63.760253
4.109375 2.518056 63.756347
4.109375 1.610341 63.762206
4.253906 2.520497 63.729491
4.253906 1.610341 63.735839
4.433594 2.526845 63.672362
4.433594 1.610341 63.678221
4.644531 2.536611 63.591796
4.644531 1.610341 63.596190
4.886719 2.547841 63.490722
4.886719 1.610341 63.495116
5.140625 2.559560 63.374022
5.140625 1.610341 63.379393
5.414062 2.573232 63.248534
5.414062 1.610341 63.252440
5.687500 2.587880 63.116698
5.687500 1.610341 63.121093
5.277344 3.203115 61.649413
5.277344 1.610341 61.616210
5.367187 3.449697 59.388671
5.367187 1.610342 59.346190
3.050781 3.501943 58.896972
3.050781 1.610342 58.852538
-2.574219 3.510733 58.823730
-2.574219 1.610342 58.778319
-7.339844 3.472647 59.167480
-7.339844 1.610342 59.123534
-12.035156 3.155263 62.092284
-12.035156 1.610341 62.061034
-7.281250 4.019521 59.463378
-11.800781 3.418935 62.250976
-11.582031 2.623036 63.907714
-11.480468 2.622060 63.942870
-11.320312 2.598622 64.041991
-11.175781 2.577138 64.138183
-11.039062 2.554677 64.227050
-10.925781 2.535146 64.307128
-10.843750 2.517079 64.371581
-10.781250 2.515614 64.382323
-10.667969 2.542958 64.293456
-10.425781 2.580556 64.157714
-10.082031 2.598622 64.069823
-9.683594 2.621083 63.971190
-9.289062 2.641591 63.875976
-8.917969 2.658681 63.799315
-8.621094 2.668447 63.756835
-3.656250 2.828115 63.026366
4.097656 2.699208 63.582519
4.222656 2.702626 63.560058
4.378906 2.729482 63.460937
3.863281 2.722158 63.509765
4.574219 2.753896 63.361815
4.808594 2.774404 63.263183
3.394531 2.728505 63.483886
5.066406 2.800283 63.150878
5.332031 2.826650 63.026366
5.437500 2.829580 62.979003
5.066406 3.547353 61.721191
2.785156 2.738271 63.439940
2.121094 2.749990 63.380370
1.476562 2.766103 63.309569
5.148437 3.984365 59.644531
3.027344 4.077139 59.199706
0.945312 2.783193 63.232909
0.578125 2.800283 63.151366
0.210937 2.817372 63.076659
-0.347656 2.829580 63.021483
-1.000000 2.836904 62.987304
-1.722656 2.840322 62.971190
-2.441406 2.840322 62.972655
-2.574219 4.092764 59.127929
-3.101562 2.835927 62.992187
3.589844 0.417469 68.232909
2.242187 0.595692 67.396971
2.242187 0.131825 67.440428
3.589844 0.131825 68.277342
6.218750 0.402821 68.303221
6.218750 0.131825 68.347655
8.363281 1.391591 66.563964
8.363281 0.131825 66.531737
4.261719 1.602528 65.601073
4.261719 0.131825 65.555174
1.691406 1.888173 64.293456
1.691406 0.131825 64.229979
-1.187500 1.888173 64.293456
-1.187500 0.131825 64.229979
-1.800781 1.647939 65.394530
-1.800781 0.131825 65.347167
0.464844 0.535633 67.673827
0.464844 0.131825 67.718748
6.179687 0.667958 68.115721
8.027344 1.551747 66.649413
4.214844 1.740712 65.753417
3.628906 0.683094 68.048338
-1.105469 2.026357 64.454589
-1.613281 1.865224 65.375975
0.511719 0.808094 67.489256
1.660156 2.023915 64.454589
2.269531 0.866688 67.218260
-1.738281 0.895985 67.282713
-4.183594 0.627430 68.100096
-4.183594 -0.000011 68.137205
-1.738281 -0.000011 67.300291
-2.777344 1.434560 65.656737
-2.777344 -0.000011 65.625487
-5.347656 1.636708 65.047850
-5.347656 -0.000011 64.998045
-5.898437 0.895985 67.282713
-5.898437 -0.000011 67.300291
-4.175781 0.884755 67.921385
-1.968750 1.127919 67.191405
-2.863281 1.590321 65.802245
-5.246094 1.776845 65.239745
-5.726562 1.128895 67.187987
-46.296874 55.885246 38.480965
-46.296874 103.166502 0.093767
-46.296874 54.420904 -39.104971
-46.296874 48.199211 38.480964
-46.296874 47.225591 -39.104972
44.035155 55.885246 38.480965
44.035155 54.420904 -39.104971
44.035155 103.166502 0.093767
44.035155 47.225591 -39.104972
44.035155 48.199211 38.480964
59.777342 33.180654 56.611332
60.874999 33.713857 58.697270
-61.234374 33.713857 58.695317
-59.378905 33.180654 56.611332
57.519530 35.806629 64.007817
-57.164061 35.806629 64.008305
-61.234374 33.713388 -58.747063
60.874999 33.713388 -58.747063
59.777342 33.180673 -56.661614
-59.378905 33.180673 -56.661614
-57.164061 35.806650 -64.058098
57.519530 35.806650 -64.058098
59.785155 29.677724 58.249027
60.882811 29.685536 60.395023
-61.234374 29.685536 60.393070
-59.378905 29.677724 58.249027
57.531249 29.748035 65.837894
-57.156249 29.748035 65.837894
-61.234374 29.685556 -60.443841
60.882811 29.685556 -60.443841
59.785155 29.676767 -58.297357
-59.378905 29.676767 -58.297357
-57.156249 29.748545 -65.850091
57.531249 29.748545 -65.850091
56.992186 29.700672 65.842289
-57.343749 29.700672 65.842289
57.519530 35.806629 64.007817
-57.164061 35.806629 64.008305
-57.343749 29.700694 -65.927728
56.992186 29.700694 -65.927728
-57.164061 35.806650 -64.058098
57.519530 35.806650 -64.058098
45.988280 33.981436 49.667485
45.988280 4.925773 49.667480
44.652343 33.981437 48.900395
44.652343 4.925773 48.900390
43.316405 33.981436 49.667485
43.316405 4.925773 49.667480
43.316405 33.981436 51.229985
43.316405 4.925773 51.229980
44.652343 33.981436 51.997075
44.652343 4.925773 51.997070
45.433593 33.981436 51.786137
45.988280 33.981436 51.229985
45.988280 4.925773 51.229980
46.203124 48.622551 38.216804
46.203124 4.925775 38.216797
45.621093 48.622551 37.008796
45.621093 4.925775 37.008789
44.296874 48.622552 36.709480
44.296874 4.925775 36.709473
43.261718 48.622551 37.536628
43.261718 4.925775 37.536621
43.261718 48.622551 38.897956
43.261718 4.925775 38.897949
44.296874 48.622551 39.725105
44.296874 4.925775 39.725098
45.621093 48.622551 39.425300
45.621093 4.925775 39.425293
16.296875 48.622551 37.862312
16.296875 4.925775 37.862305
15.468750 48.622551 36.825691
15.468750 4.925775 36.825684
14.109375 48.622551 36.825691
14.109375 4.925775 36.825684
13.281250 48.622551 37.862312
13.281250 4.925775 37.862305
13.582031 48.622551 39.185554
13.582031 4.925775 39.185547
14.789062 48.622551 39.766120
14.789062 4.925775 39.766113
16.000000 48.622551 39.185554
16.000000 4.925775 39.185547
16.125000 33.985831 49.667485
16.125000 4.925773 49.667480
14.789062 33.985831 48.900395
14.789062 4.925773 48.900390
13.449218 33.985831 49.667485
13.449218 4.925773 49.667480
13.449218 33.985831 51.229985
13.449218 4.925773 51.229980
14.789062 33.985831 51.997075
14.789062 4.925773 51.997070
15.570312 33.985831 51.786137
16.125000 33.985831 51.229985
16.125000 4.925773 51.229980
46.585936 94.803221 -0.311508
46.585936 4.925781 -0.311523
45.886718 94.803221 -1.761703
45.886718 4.925781 -1.761718
44.304686 94.803221 -2.120590
44.304686 4.925293 -2.120605
43.058593 94.803221 -1.128402
43.058593 4.925781 -1.128417
43.058593 94.803220 0.504898
43.058593 4.925781 0.504884
44.304686 94.803220 1.497574
44.304686 4.925781 1.497559
45.886718 94.803220 1.138199
45.886718 4.925781 1.138184
46.203124 48.622564 -38.445792
46.042968 48.622564 -39.126944
45.859374 48.622564 -39.415030
45.859374 4.925299 -39.415037
45.621093 48.622564 -39.654288
45.007811 48.622564 -39.953116
44.652343 48.622564 -39.994620
44.652343 4.925299 -39.994627
44.296874 48.622564 -39.953116
43.683593 48.622564 -39.654288
43.441405 48.622564 -39.415030
43.441405 4.925299 -39.415037
43.261718 48.622564 -39.126944
43.101562 48.622564 -38.445792
43.140624 48.622564 -38.091788
43.140624 4.925299 -38.091795
43.441405 48.622564 -37.478019
43.968749 48.622564 -37.055655
43.968749 4.925299 -37.055662
44.652343 48.622564 -36.897940
45.007811 48.622564 -36.938468
45.328124 48.622564 -37.055655
45.328124 4.925299 -37.055662
45.621093 48.622564 -37.238272
46.042968 48.622564 -37.765616
46.156249 48.622564 -38.091788
46.156249 4.925299 -38.091795
45.988280 33.913582 -51.237786
46.203124 33.913582 -50.456536
46.203124 4.925301 -50.456541
45.988280 4.925301 -51.237791
45.433593 33.913582 -51.792962
45.433593 4.925301 -51.792967
44.652343 33.913582 -52.004388
44.652343 4.925301 -52.004393
43.871093 33.913582 -51.792962
43.871093 4.925301 -51.792967
43.316405 33.913582 -51.237786
43.316405 4.925301 -51.237791
43.101562 33.913582 -50.456536
43.101562 4.925301 -50.456541
43.316405 33.913582 -49.675286
43.316405 4.925301 -49.675291
43.871093 33.913581 -49.118646
43.871093 4.925301 -49.118650
44.652343 33.913581 -48.907708
44.652343 4.925301 -48.907713
45.433593 33.913581 -49.118646
45.433593 4.925301 -49.118650
45.988280 33.913582 -49.675286
45.988280 4.925301 -49.675291
16.339843 48.622564 -38.445792
16.183593 48.622564 -39.126944
16.000000 48.622564 -39.415030
16.000000 4.925299 -39.415037
15.757812 48.622564 -39.654288
15.144531 48.622564 -39.953116
14.789062 48.622564 -39.994620
14.789062 4.925299 -39.994627
14.433593 48.622564 -39.953116
13.824218 48.622564 -39.654288
13.582031 48.622564 -39.415030
13.582031 4.925299 -39.415037
13.398437 48.622564 -39.126944
13.242187 48.622564 -38.445792
13.281250 48.622564 -38.091788
13.281250 4.925299 -38.091795
13.582031 48.622564 -37.478019
14.109375 48.622564 -37.055655
14.109375 4.925299 -37.055662
14.789062 48.622564 -36.897940
15.144531 48.622564 -36.938468
15.468750 48.622564 -37.055655
15.468750 4.925299 -37.055662
15.757812 48.622564 -37.238272
16.183593 48.622564 -37.765616
16.296875 48.622564 -38.091788
16.296875 4.925299 -38.091795
16.125000 33.880867 -51.237786
16.339843 33.880867 -50.456536
16.339843 4.925301 -50.456541
16.125000 4.925301 -51.237791
15.570312 33.880867 -51.792962
15.570312 4.925301 -51.792967
14.789062 33.880867 -52.004388
14.789062 4.925301 -52.004393
14.007812 33.880867 -51.792962
14.007812 4.925301 -51.792967
13.449218 33.880867 -51.237786
13.449218 4.925301 -51.237791
13.242187 33.880867 -50.456536
13.242187 4.925301 -50.456541
13.449218 33.880867 -49.675286
13.449218 4.925301 -49.675291
14.007812 33.880867 -49.118646
14.007812 4.925301 -49.118650
14.789062 33.880867 -48.907708
14.789062 4.925301 -48.907713
15.570312 33.880867 -49.118646
15.570312 4.925301 -49.118650
16.125000 33.880867 -49.675286
16.125000 4.925301 -49.675291
-16.808593 48.622564 -38.445792
-16.964843 48.622564 -39.126944
-17.148437 48.622564 -39.415030
-17.148437 4.925299 -39.415037
-17.386718 48.622564 -39.654288
-18.000000 48.622564 -39.953116
-18.351562 48.622564 -39.994620
-18.351562 4.925299 -39.994627
-18.714843 48.622564 -39.953116
-19.324218 48.622564 -39.654288
-19.562500 48.622564 -39.415030
-19.562500 4.925299 -39.415037
-19.746093 48.622564 -39.126944
-19.902343 48.622564 -38.445792
-19.863281 48.622564 -38.091788
-19.863281 4.925299 -38.091795
-19.562500 48.622564 -37.478019
-19.039062 48.622564 -37.055655
-19.039062 4.925299 -37.055662
-18.351562 48.622564 -36.897940
-18.000000 48.622564 -36.938468
-17.675781 48.622564 -37.055655
-17.675781 4.925299 -37.055662
-17.386718 48.622564 -37.238272
-16.964843 48.622564 -37.765616
-16.847656 48.622564 -38.091788
-16.847656 4.925299 -38.091795
-17.023437 33.880867 -51.237786
-16.808593 33.880867 -50.456536
-16.808593 4.925301 -50.456541
-17.023437 4.925301 -51.237791
-17.570312 33.880867 -51.792962
-17.570312 4.925301 -51.792967
-18.351562 33.880867 -52.004388
-18.351562 4.925301 -52.004393
-19.132812 33.880867 -51.792962
-19.132812 4.925301 -51.792967
-19.695312 33.880867 -51.237786
-19.695312 4.925301 -51.237791
-19.902343 33.880867 -50.456536
-19.902343 4.925301 -50.456541
-19.695312 33.880867 -49.675286
-19.695312 4.925301 -49.675291
-19.132812 33.880867 -49.118646
-19.132812 4.925301 -49.118650
-18.351562 33.880867 -48.907708
-18.351562 4.925301 -48.907713
-17.570312 33.880867 -49.118646
-17.570312 4.925301 -49.118650
-17.023437 33.880867 -49.675286
-17.023437 4.925301 -49.675291
-45.832030 48.622564 -38.445792
-45.988280 48.622564 -39.126944
-46.175780 48.622564 -39.415030
-46.175780 4.925299 -39.415037
-46.414061 48.622564 -39.654288
-47.027343 48.622564 -39.953116
-47.378905 48.622564 -39.994620
-47.378905 4.925299 -39.994627
-47.738280 48.622564 -39.953116
-48.347655 48.622564 -39.654288
-48.589843 48.622564 -39.415030
-48.589843 4.925299 -39.415037
-48.769530 48.622564 -39.126944
-48.933593 48.622564 -38.445792
-48.886718 48.622564 -38.091788
-48.886718 4.925299 -38.091795
-48.589843 48.622564 -37.478019
-48.062499 48.622564 -37.055655
-48.062499 4.925299 -37.055662
-47.378905 48.622564 -36.897940
-47.027343 48.622564 -36.938468
-46.703124 48.622564 -37.055655
-46.703124 4.925299 -37.055662
-46.414061 48.622564 -37.238272
-45.988280 48.622564 -37.765616
-45.871093 48.622564 -38.091788
-45.871093 4.925299 -38.091795
-46.046874 33.880867 -51.237786
-45.832030 33.880867 -50.456536
-45.832030 4.925301 -50.456541
-46.046874 4.925301 -51.237791
-46.597655 33.880867 -51.792962
-46.597655 4.925301 -51.792967
-47.378905 33.880867 -52.004388
-47.378905 4.925301 -52.004393
-48.160155 33.880867 -51.792962
-48.160155 4.925301 -51.792967
-48.722655 33.880867 -51.237786
-48.722655 4.925301 -51.237791
-48.933593 33.880867 -50.456536
-48.933593 4.925301 -50.456541
-48.722655 33.880867 -49.675286
-48.722655 4.925301 -49.675291
-48.160155 33.880867 -49.118646
-48.160155 4.925301 -49.118650
-47.378905 33.880867 -48.907708
-47.378905 4.925301 -48.907713
-46.597655 33.880867 -49.118646
-46.597655 4.925301 -49.118650
-46.046874 33.880867 -49.675286
-46.046874 4.925301 -49.675291
-46.007811 94.803221 -1.473617
-46.007811 4.925781 -1.473632
-47.453124 94.803221 -2.170395
-47.453124 4.925293 -2.170409
-48.902343 94.803221 -1.473617
-48.902343 4.925781 -1.473632
-49.265624 94.803220 0.114762
-49.265624 4.925781 0.114747
-48.273436 94.803220 1.357926
-48.273436 4.925781 1.357911
-46.636718 94.803220 1.357926
-46.640624 4.925781 1.357911
-45.644530 94.803220 0.114762
-45.644530 4.925781 0.114747
-45.871093 48.622551 37.862312
-45.871093 4.925775 37.862305
-46.703124 48.622551 36.825691
-46.703124 4.925775 36.825684
-48.062499 48.622551 36.825691
-48.062499 4.925775 36.825684
-48.886718 48.622551 37.862312
-48.886718 4.925775 37.862305
-48.589843 48.622551 39.185554
-48.589843 4.925775 39.185547
-47.378905 48.622551 39.766120
-47.378905 4.925775 39.766113
-46.175780 48.622551 39.185554
-46.175780 4.925775 39.185547
-46.046874 33.931143 49.667485
-45.832030 33.931143 50.448735
-45.832030 4.925773 50.448730
-46.597655 33.931144 49.112309
-46.597655 4.925773 49.112304
-47.378905 33.931144 48.900395
-48.160155 33.931144 49.112309
-48.160155 4.925773 49.112304
-48.722655 33.931143 49.667485
-48.933593 33.931143 50.448735
-48.933593 4.925773 50.448730
-48.722655 33.931143 51.229985
-48.160155 33.931143 51.786137
-48.160155 4.925773 51.786132
-46.597655 33.931143 51.786137
-46.597655 4.925773 51.786132
-17.023437 33.919425 49.667485
-16.808593 33.919425 50.448735
-16.808593 4.925773 50.448730
-17.570312 33.919425 49.112309
-17.570312 4.925773 49.112304
-18.351562 33.919425 48.900395
-19.132812 33.919425 49.112309
-19.132812 4.925773 49.112304
-19.695312 33.919425 49.667485
-19.902343 33.919425 50.448735
-19.902343 4.925773 50.448730
-19.695312 33.919424 51.229985
-19.132812 33.919424 51.786137
-19.132812 4.925773 51.786132
-17.570312 33.919424 51.786137
-17.570312 4.925773 51.786132
-16.847656 48.622551 37.862312
-16.847656 4.925775 37.862305
-17.675781 48.622551 36.825691
-17.675781 4.925775 36.825684
-19.039062 48.622551 36.825691
-19.039062 4.925775 36.825684
-19.863281 48.622551 37.862312
-19.863281 4.925775 37.862305
-19.562500 48.622551 39.185554
-19.562500 4.925775 39.185547
-18.351562 48.622551 39.766120
-18.351562 4.925775 39.766113
-17.148437 48.622551 39.185554
-17.148437 4.925775 39.185547
-9.261719 4.876458 38.513184
-9.261719 4.876459 33.957520
-9.261719 23.923822 33.957523
-9.261719 23.923821 38.513187
-7.960937 4.876458 38.513184
-7.960937 23.923821 38.513187
-7.960937 4.876459 33.957520
-7.960937 23.923822 33.957523
8.449219 25.122552 38.513187
8.449219 25.122552 33.957523
-11.648437 25.122552 33.957523
-11.648437 25.122552 38.513187
8.449219 23.825188 38.513187
-11.648437 23.825188 38.513187
8.449219 23.825189 33.957523
-11.648437 23.825189 33.957523
-7.855469 23.793451 33.706058
-1.589844 23.793451 33.706058
-7.855469 5.063471 33.706055
-1.589844 5.063471 33.706055
-7.855469 23.793451 34.248538
-1.589844 23.793451 34.248538
-7.855469 5.063471 34.248535
-1.589844 5.063471 34.248535
-1.371094 23.793451 33.706058
5.019531 23.793451 33.706058
-1.371094 5.063471 33.706055
5.019531 5.063471 33.706055
-1.371094 23.793451 34.248538
5.019531 23.793451 34.248538
-1.371094 5.063471 34.248535
5.019531 5.063471 34.248535
5.128906 4.876458 38.513184
5.128906 4.876459 33.957520
5.128906 23.923822 33.957523
5.128906 23.923821 38.513187
6.429687 4.876458 38.513184
6.429687 23.923821 38.513187
6.429687 4.876459 33.957520
6.429687 23.923822 33.957523
5.128906 6.275385 36.645996
5.128906 6.275385 34.259278
-7.960937 6.275385 34.259278
-7.960937 6.275385 36.645996
5.128906 4.978021 36.645996
-7.960937 4.978021 36.645996
56.355467 33.978523 -52.469232
-61.257811 33.978523 -52.469232
-61.257811 33.467293 -53.290521
56.355467 33.467293 -53.290521
-61.257811 32.500008 -53.257806
56.355467 32.500008 -53.257318
-61.257811 32.043953 -52.404290
56.355467 32.043953 -52.404779
-61.257811 32.555672 -51.583490
56.355467 32.555672 -51.583001
-61.257811 33.523445 -51.614251
56.355467 33.523445 -51.614739
-51.917968 28.335439 60.428714
-51.917968 111.368651 -9.275372
-52.207030 28.482900 60.737796
-52.207030 111.516112 -8.967755
-52.683593 28.482900 60.737796
-52.683593 111.516112 -8.967755
-52.781249 111.490233 -9.021954
-52.871093 28.422353 60.611820
-52.871093 111.456054 -9.093732
-52.972655 28.234365 60.217288
-52.972655 111.268554 -9.486798
-52.683593 28.086904 59.910159
-52.683593 111.120605 -9.795392
-52.207030 28.086904 59.910159
-52.207030 111.120605 -9.795392
-52.019530 28.146962 60.035648
-52.019530 111.180175 -9.668927
-52.441405 28.284658 60.323734
-51.917968 27.686532 -59.165521
-51.917968 112.014156 9.909198
-52.207030 27.828134 -59.481928
-52.207030 112.155758 9.593768
-52.683593 27.828134 -59.481928
-52.683593 112.155758 9.593768
-52.781249 112.129879 9.649432
-52.871093 27.770517 -59.353021
-52.871093 112.097164 9.722186
-52.972655 27.589853 -58.949701
-52.972655 111.916500 10.125506
-52.683593 27.448251 -58.635248
-52.683593 111.774898 10.440448
-52.207030 27.448251 -58.635248
-52.207030 111.774898 10.440448
-52.019530 27.505868 -58.763178
-52.019530 111.832027 10.312030
-52.441405 27.638193 -59.058588
-32.078124 28.335439 60.428714
-32.078124 111.368651 -9.275372
-32.367187 28.482900 60.737796
-32.367187 111.516112 -8.967755
-32.843749 28.482900 60.737796
-32.843749 111.516112 -8.967755
-32.945312 111.490233 -9.021954
-33.031249 28.422353 60.611820
-33.031249 111.456054 -9.093732
-33.132812 28.234365 60.217288
-33.132812 111.268554 -9.486798
-32.843749 28.086904 59.910159
-32.843749 111.120605 -9.795392
-32.367187 28.086904 59.910159
-32.367187 111.120605 -9.795392
-32.183593 28.146962 60.035648
-32.183593 111.180175 -9.668927
-32.605468 28.284658 60.323734
-33.503905 27.686532 -59.165521
-33.503905 112.014156 9.909198
-33.792968 27.828134 -59.481928
-33.792968 112.155758 9.593768
-34.265624 27.828134 -59.481928
-34.265624 112.155758 9.593768
-34.367187 112.129879 9.649432
-34.457030 27.770517 -59.353021
-34.457030 112.097164 9.722186
-34.558593 27.589853 -58.949701
-34.558593 111.916500 10.125506
-34.265624 27.448251 -58.635248
-34.265624 111.774898 10.440448
-33.792968 27.448251 -58.635248
-33.792968 111.774898 10.440448
-33.609374 27.505868 -58.763178
-33.609374 111.832027 10.312030
-34.031249 27.638193 -59.058588
-20.812500 28.335439 60.428714
-20.812500 111.368651 -9.275372
-21.097656 28.482900 60.737796
-21.097656 111.516112 -8.967755
-21.578125 28.482900 60.737796
-21.578125 111.516112 -8.967755
-21.679687 111.490233 -9.021954
-21.761718 28.422353 60.611820
-21.761718 111.456054 -9.093732
-21.867187 28.234365 60.217288
-21.867187 111.268554 -9.486798
-21.578125 28.086904 59.910159
-21.578125 111.120605 -9.795392
-21.097656 28.086904 59.910159
-21.097656 111.120605 -9.795392
-20.914062 28.146962 60.035648
-20.914062 111.180175 -9.668927
-21.339843 28.284658 60.323734
-22.234374 27.686532 -59.165521
-22.234374 112.014156 9.909198
-22.527343 27.828134 -59.481928
-22.527343 112.155758 9.593768
-22.999999 27.828134 -59.481928
-22.999999 112.155758 9.593768
-23.105468 112.129879 9.649432
-23.183593 27.770517 -59.353021
-23.183593 112.097164 9.722186
-23.292968 27.589853 -58.949701
-23.292968 111.916500 10.125506
-22.999999 27.448251 -58.635248
-22.999999 111.774898 10.440448
-22.527343 27.448251 -58.635248
-22.527343 111.774898 10.440448
-22.343749 27.505868 -58.763178
-22.343749 111.832027 10.312030
-22.765624 27.638193 -59.058588
-6.593750 28.335439 60.428714
-6.593750 111.368651 -9.275372
-6.882812 28.482900 60.737796
-6.882812 111.516112 -8.967755
-7.359375 28.482900 60.737796
-7.359375 111.516112 -8.967755
-7.457031 111.490233 -9.021954
-7.542969 28.422353 60.611820
-7.542969 111.456054 -9.093732
-7.648437 28.234365 60.217288
-7.648437 111.268554 -9.486798
-7.359375 28.086904 59.910159
-7.359375 111.120605 -9.795392
-6.882812 28.086904 59.910159
-6.882812 111.120605 -9.795392
-6.699219 28.146962 60.035648
-6.699219 111.180175 -9.668927
-7.121094 28.284658 60.323734
-8.019531 27.686532 -59.165521
-8.019531 112.014156 9.909198
-8.308594 27.828134 -59.481928
-8.308594 112.155758 9.593768
-8.785156 27.828134 -59.481928
-8.785156 112.155758 9.593768
-8.886719 112.129879 9.649432
-8.964844 27.770517 -59.353021
-8.964844 112.097164 9.722186
-9.074219 27.589853 -58.949701
-9.074219 111.916500 10.125506
-8.785156 27.448251 -58.635248
-8.785156 111.774898 10.440448
-8.308594 27.448251 -58.635248
-8.308594 111.774898 10.440448
-8.121094 27.505868 -58.763178
-8.121094 111.832027 10.312030
-8.546875 27.638193 -59.058588
4.718750 28.335439 60.428714
4.718750 111.368651 -9.275372
4.429687 28.482900 60.737796
4.429687 111.516112 -8.967755
3.953125 28.482900 60.737796
3.953125 111.516112 -8.967755
3.847656 111.490233 -9.021954
3.769531 28.422353 60.611820
3.769531 111.456054 -9.093732
3.664062 28.234365 60.217288
3.664062 111.268554 -9.486798
3.953125 28.086904 59.910159
3.953125 111.120605 -9.795392
4.429687 28.086904 59.910159
4.429687 111.120605 -9.795392
4.617187 28.146962 60.035648
4.617187 111.180175 -9.668927
4.191406 28.284658 60.323734
3.296875 27.686532 -59.165521
3.296875 112.014156 9.909198
3.003906 27.828134 -59.481928
3.003906 112.155758 9.593768
2.531250 27.828134 -59.481928
2.531250 112.155758 9.593768
2.425781 112.129879 9.649432
2.339844 27.770517 -59.353021
2.339844 112.097164 9.722186
2.242187 27.589853 -58.949701
2.242187 111.916500 10.125506
2.531250 27.448251 -58.635248
2.531250 111.774898 10.440448
3.003906 27.448251 -58.635248
3.003906 111.774898 10.440448
3.187500 27.505868 -58.763178
3.187500 111.832027 10.312030
2.769531 27.638193 -59.058588
31.273437 28.335439 60.428714
31.273437 111.368651 -9.275372
30.984374 28.482900 60.737796
30.984374 111.516112 -8.967755
30.511718 28.482900 60.737796
30.511718 111.516112 -8.967755
30.406249 111.490233 -9.021954
30.328124 28.422353 60.611820
30.328124 111.456054 -9.093732
30.218749 28.234365 60.217288
30.218749 111.268554 -9.486798
30.511718 28.086904 59.910159
30.511718 111.120605 -9.795392
30.984374 28.086904 59.910159
30.984374 111.120605 -9.795392
31.171874 28.146962 60.035648
31.171874 111.180175 -9.668927
30.749999 28.284658 60.323734
29.855468 27.686532 -59.165521
29.855468 112.014156 9.909198
29.558593 27.828134 -59.481928
29.558593 112.155758 9.593768
29.085937 27.828134 -59.481928
29.085937 112.155758 9.593768
28.980468 112.129879 9.649432
28.898437 27.770517 -59.353021
28.898437 112.097164 9.722186
28.796874 27.589853 -58.949701
28.796874 111.916500 10.125506
29.085937 27.448251 -58.635248
29.085937 111.774898 10.440448
29.558593 27.448251 -58.635248
29.558593 111.774898 10.440448
29.746093 27.505868 -58.763178
29.746093 111.832027 10.312030
29.324218 27.638193 -59.058588
52.527343 28.335439 60.428714
52.527343 111.368651 -9.275372
52.238280 28.482900 60.737796
52.238280 111.516112 -8.967755
51.761718 28.482900 60.737796
51.761718 111.516112 -8.967755
51.660155 111.490233 -9.021954
51.578124 28.422353 60.611820
51.578124 111.456054 -9.093732
51.468749 28.234365 60.217288
51.468749 111.268554 -9.486798
51.761718 28.086904 59.910159
51.761718 111.120605 -9.795392
52.238280 28.086904 59.910159
52.238280 111.120605 -9.795392
52.425780 28.146962 60.035648
52.425780 111.180175 -9.668927
51.999999 28.284658 60.323734
51.105468 27.686532 -59.165521
51.105468 112.014156 9.909198
50.816405 27.828134 -59.481928
50.816405 112.155758 9.593768
50.335936 27.828134 -59.481928
50.335936 112.155758 9.593768
50.234374 112.129879 9.649432
50.156249 27.770517 -59.353021
50.156249 112.097164 9.722186
50.046874 27.589853 -58.949701
50.046874 111.916500 10.125506
50.335936 27.448251 -58.635248
50.335936 111.774898 10.440448
50.816405 27.448251 -58.635248
50.816405 111.774898 10.440448
50.996093 27.505868 -58.763178
50.996093 111.832027 10.312030
50.578124 27.638193 -59.058588
-46.589843 28.811025 59.541507
-46.589843 116.147461 -14.506817
-47.207030 29.136220 60.194339
-47.207030 116.472168 -13.853496
-48.226561 29.136220 60.194339
-48.226561 116.472168 -13.853496
-48.847655 28.588857 59.093265
-48.847655 115.925293 -14.954082
-48.226561 28.264150 58.439945
-48.226561 115.600098 -15.607891
-47.207030 28.264150 58.439945
-47.207030 115.600098 -15.607891
-47.207030 28.720712 -59.965814
-47.207030 116.377925 14.646015
-48.226561 28.720712 -59.965814
-48.226561 116.377925 14.646015
-48.847655 28.396493 -59.311517
-48.847655 116.054682 15.300312
-48.226561 27.850107 -58.210443
-48.226561 115.507807 16.401386
-47.207030 27.850107 -58.210443
-47.207030 115.507807 16.401386
-46.589843 28.174814 -58.862787
-46.589843 115.832026 15.748065
-17.925781 28.811025 59.541507
-17.925781 116.147461 -14.506817
-18.546875 29.136220 60.194339
-18.546875 116.472168 -13.853496
-19.566406 29.136220 60.194339
-19.566406 116.472168 -13.853496
-20.187500 28.588857 59.093265
-20.187500 115.925293 -14.954082
-19.566406 28.264150 58.439945
-19.566406 115.600098 -15.607891
-18.546875 28.264150 58.439945
-18.546875 115.600098 -15.607891
-18.546875 28.720712 -59.965814
-18.546875 116.377925 14.646015
-19.566406 28.720712 -59.965814
-19.566406 116.377925 14.646015
-20.187500 28.396493 -59.311517
-20.187500 116.054682 15.300312
-19.566406 27.850107 -58.210443
-19.566406 115.507807 16.401386
-18.546875 27.850107 -58.210443
-18.546875 115.507807 16.401386
-17.925781 28.174814 -58.862787
-17.925781 115.832026 15.748065
15.593750 28.811025 59.541507
15.593750 116.147461 -14.506817
14.972656 29.136220 60.194339
14.972656 116.472168 -13.853496
13.949218 29.136220 60.194339
13.949218 116.472168 -13.853496
13.328125 28.588857 59.093265
13.328125 115.925293 -14.954082
13.949218 28.264150 58.439945
13.949218 115.600098 -15.607891
14.972656 28.264150 58.439945
14.972656 115.600098 -15.607891
14.972656 28.720712 -59.965814
14.972656 116.377925 14.646015
13.949218 28.720712 -59.965814
13.949218 116.377925 14.646015
13.328125 28.396493 -59.311517
13.328125 116.054682 15.300312
13.949218 27.850107 -58.210443
13.949218 115.507807 16.401386
14.972656 27.850107 -58.210443
14.972656 115.507807 16.401386
15.593750 28.174814 -58.862787
15.593750 115.832026 15.748065
45.667968 28.811025 59.541507
45.667968 116.147461 -14.506817
45.042968 29.136220 60.194339
45.042968 116.472168 -13.853496
44.027343 29.136220 60.194339
44.027343 116.472168 -13.853496
43.406249 28.588857 59.093265
43.406249 115.925293 -14.954082
44.027343 28.264150 58.439945
44.027343 115.600098 -15.607891
45.042968 28.264150 58.439945
45.042968 115.600098 -15.607891
45.046874 28.720712 -59.965814
45.042968 116.377925 14.646015
44.027343 28.720712 -59.965814
44.027343 116.377925 14.646015
43.406249 28.396493 -59.311517
43.406249 116.054682 15.300312
44.027343 27.850107 -58.210443
44.027343 115.507807 16.401386
45.046874 27.850107 -58.210443
45.042968 115.507807 16.401386
45.667968 28.174814 -58.862787
45.667968 115.832026 15.748065
-45.773436 47.808599 -40.123526
-45.773436 47.808586 40.093757
-45.917968 47.352545 -40.123527
-45.917968 47.352531 40.093757
-46.292968 46.999029 -40.123527
-46.292968 46.999016 40.093757
-46.843749 46.797857 -40.123527
-46.843749 46.797844 40.093757
-47.488280 46.797857 -40.123527
-47.488280 46.797844 40.093757
-48.039061 46.999029 -40.123527
-48.039061 46.999016 40.093757
-48.417968 47.352545 -40.123527
-48.417968 47.352531 40.093757
-48.558593 47.808599 -40.123526
-48.558593 47.808586 40.093757
-48.417968 48.264654 -40.123526
-48.417968 48.264641 40.093757
-48.253905 48.457525 -40.123526
-48.253905 48.457512 40.093757
-48.039061 48.618169 -40.123526
-48.039061 48.618156 40.093757
-47.777343 48.740728 -40.123526
-47.777343 48.740715 40.093757
-47.488280 48.818853 -40.123526
-47.488280 48.818840 40.093757
-46.843749 48.818853 -40.123526
-46.843749 48.818840 40.093757
-46.550780 48.740728 -40.123526
-46.550780 48.740715 40.093757
-46.292968 48.618169 -40.123526
-46.292968 48.618156 40.093757
-46.082030 48.457525 -40.123526
-46.082030 48.457512 40.093757
-45.917968 48.264654 -40.123526
-45.917968 48.264641 40.093757
-48.359374 68.936526 -23.238758
-48.359374 68.936518 22.832042
-48.453124 68.632815 -23.238758
-48.453124 68.632807 22.832042
-48.707030 68.396975 -23.238758
-48.707030 68.396967 22.832042
-49.074218 68.263674 -23.238758
-49.074218 68.263667 22.832042
-49.503905 68.263674 -23.238758
-49.503905 68.263667 22.832042
-49.871093 68.396975 -23.238758
-49.871093 68.396967 22.832042
-50.121093 68.632815 -23.238758
-50.121093 68.632807 22.832042
-50.218749 68.936526 -23.238758
-50.218749 68.936518 22.832042
-50.121093 69.241213 -23.238758
-50.121093 69.241206 22.832042
-50.011718 69.369143 -23.238758
-50.011718 69.369135 22.832042
-49.695311 69.558596 -23.238758
-49.695311 69.558588 22.832042
-49.503905 69.610354 -23.238758
-49.503905 69.610346 22.832042
-49.074218 69.610354 -23.238758
-49.074218 69.610346 22.832042
-48.707030 69.476565 -23.238758
-48.707030 69.476557 22.832042
-48.453124 69.241213 -23.238758
-48.453124 69.241206 22.832042
-45.871093 32.504400 -39.465814
-45.871093 32.503899 38.955571
-46.007811 32.047857 -39.465814
-46.007811 32.047844 38.955571
-46.394530 31.694342 -39.465814
-46.394530 31.694329 38.955571
-46.945311 31.493658 -39.465814
-46.945311 31.493645 38.955571
-47.582030 31.493658 -39.465814
-47.582030 31.493645 38.955571
-48.136718 31.694342 -39.465814
-48.136718 31.694329 38.955571
-48.519530 32.047857 -39.465814
-48.519530 32.047844 38.955571
-48.660155 32.504400 -39.465814
-48.660155 32.503899 38.955571
-48.519530 32.960455 -39.465814
-48.519530 32.960442 38.955571
-48.351561 33.153326 -39.465814
-48.351561 33.152825 38.955571
-48.136718 33.313482 -39.465814
-48.136718 33.313469 38.955571
-47.874999 33.436529 -39.465814
-47.874999 33.436516 38.955571
-47.582030 33.514166 -39.465814
-47.582030 33.514641 38.955571
-46.945311 33.514166 -39.465814
-46.945311 33.514641 38.955571
-46.652343 33.436529 -39.465814
-46.652343 33.436516 38.955571
-46.394530 33.313482 -39.465814
-46.394530 33.313469 38.955571
-46.175780 33.153326 -39.465814
-46.175780 33.152825 38.955571
-46.007811 32.960455 -39.465814
-46.007811 32.960442 38.955571
45.828124 46.999029 -39.193351
45.828124 46.999016 41.024909
44.640624 46.797857 -39.193351
44.640624 46.797844 41.024909
43.703124 47.352544 -39.193351
43.703124 47.352531 41.024909
43.703124 48.264654 -39.193351
43.703124 48.264641 41.024909
44.640624 48.818853 -39.193351
44.640624 48.818840 41.024909
45.828124 48.618169 -39.193351
45.828124 48.618156 41.024909
46.023436 33.207024 38.019536
46.023436 33.207022 51.763188
45.828124 32.573235 38.019536
45.828124 32.573233 51.763188
45.296874 32.082024 38.019536
45.296874 32.082022 51.763188
44.535155 31.803704 38.019536
44.535155 31.803702 51.763188
43.648437 31.803704 38.019536
43.648437 31.803702 51.763188
42.878905 32.082024 38.019536
42.878905 32.082022 51.763188
42.347655 32.573235 38.019536
42.347655 32.573233 51.763188
42.156249 33.207024 38.019536
42.156249 33.207022 51.763188
42.347655 33.840325 38.019536
42.347655 33.840323 51.763188
42.578124 34.107903 38.019536
42.578124 34.107901 51.763188
42.878905 34.331536 38.019536
42.878905 34.331534 51.763188
43.238280 34.500970 38.019536
43.238280 34.500967 51.763188
43.648437 34.609856 38.019536
43.648437 34.609854 51.763188
44.535155 34.609856 38.019536
44.535155 34.609854 51.763188
44.941405 34.500970 38.019536
44.941405 34.500967 51.763188
45.296874 34.331536 38.019536
45.296874 34.331534 51.763188
45.597655 34.107903 38.019536
45.597655 34.107901 51.763188
45.828124 33.840325 38.019536
45.828124 33.840323 51.763188
46.023436 33.207037 -37.383295
46.023436 33.207039 -51.125970
45.828124 32.573248 -37.383295
45.828124 32.573250 -51.125970
45.296874 32.082037 -37.383295
45.296874 32.082039 -51.125970
44.535155 31.803716 -37.383295
44.535155 31.803719 -51.125970
43.648437 31.803716 -37.383295
43.648437 31.803719 -51.125970
42.878905 32.082037 -37.383295
42.878905 32.082039 -51.125970
42.347655 32.573248 -37.383295
42.347655 32.573250 -51.125970
42.156249 33.207037 -37.383295
42.156249 33.207039 -51.125970
42.347655 33.840337 -37.383294
42.347655 33.840340 -51.125970
42.578124 34.107915 -37.383294
42.578124 34.107918 -51.125970
42.878905 34.331548 -37.383294
42.878905 34.331551 -51.125970
43.238280 34.500982 -37.383294
43.238280 34.500984 -51.125970
43.648437 34.609869 -37.383294
43.648437 34.609871 -51.125970
44.535155 34.609869 -37.383294
44.535155 34.609871 -51.125970
44.941405 34.500982 -37.383294
44.941405 34.500984 -51.125970
45.296874 34.331548 -37.383294
45.296874 34.331551 -51.125970
45.597655 34.107915 -37.383294
45.597655 34.107918 -51.125970
45.828124 33.840337 -37.383294
45.828124 33.840340 -51.125970
45.785155 68.936526 -22.711902
45.785155 68.936518 23.358897
45.437499 68.396975 -22.711902
45.437499 68.396967 23.358897
44.644530 68.263674 -22.711902
44.644530 68.263667 23.358897
44.023437 68.632815 -22.711902
44.023437 68.632807 23.358897
44.023437 69.241213 -22.711902
44.023437 69.241206 23.358897
44.644530 69.610354 -22.711902
44.644530 69.610346 23.358898
45.437499 69.476565 -22.711902
45.437499 69.476557 23.358898
46.074218 32.504400 -40.083002
46.074218 32.503899 40.134282
45.550780 31.694342 -40.083002
45.550780 31.694329 40.134282
44.359374 31.493658 -40.083002
44.359374 31.493645 40.134282
43.429687 32.047857 -40.083002
43.429687 32.047844 40.134282
43.429687 32.960455 -40.083002
43.429687 32.960442 40.134282
44.359374 33.514166 -40.083001
44.359374 33.514641 40.134282
45.550780 33.313482 -40.083001
45.550780 33.313469 40.134282
-2.332031 87.673343 -31.346176
-2.332031 87.673341 -21.471177
-1.914062 88.203128 -31.346176
-1.914062 88.203127 -21.471177
-1.382812 88.262698 -31.346176
-1.218750 88.203128 -31.346176
-1.218750 88.203127 -21.471177
-0.851562 87.840823 -31.346176
-0.851562 87.840822 -21.471177
-0.945312 86.997073 -31.346177
-0.945312 86.996584 -21.471177
-1.914062 86.781253 -31.346177
-1.914062 86.781252 -21.471177
-2.269531 87.145023 -31.346176
-2.269531 87.144533 -21.471177
-2.437500 87.673333 31.603529
-2.437500 87.673334 21.488295
-2.011719 88.203118 31.603529
-2.011719 88.203120 21.488295
-1.480469 88.262688 31.603529
-1.316406 88.203118 31.603529
-1.316406 88.203120 21.488295
-0.953125 87.840813 31.603529
-0.953125 87.840815 21.488295
-1.046875 86.997063 31.603529
-1.046875 86.996577 21.488295
-2.011719 86.781243 31.603529
-2.011719 86.781245 21.488295
-2.375000 87.145012 31.603529
-2.375000 87.144526 21.488295
-24.746093 23.983880 38.489749
-24.746093 23.983881 34.553226
-24.746093 11.363275 34.553224
-24.746093 11.363275 38.489747
-23.449218 23.983880 38.489749
-23.449218 11.363275 38.489747
-23.449218 23.983881 34.553226
-23.449218 11.363275 34.553224
-21.824218 25.183099 38.489749
-21.824218 25.183099 34.553226
-41.917968 25.183099 34.553226
-41.917968 25.183099 38.489749
-21.824218 23.885735 38.489749
-41.917968 23.885735 38.489749
-21.824218 23.885736 34.553226
-41.917968 23.885736 34.553226
-21.824218 11.404290 38.489747
-21.824218 11.404291 34.553224
-41.917968 11.404291 34.553224
-41.917968 11.404290 38.489747
-21.824218 10.106439 38.489747
-41.917968 10.106439 38.489747
-21.824218 10.106439 34.553224
-41.917968 10.106439 34.553224
-40.628905 23.983880 38.489749
-40.628905 23.983881 34.553226
-40.628905 11.363275 34.553224
-40.628905 11.363275 38.489747
-39.328124 23.983880 38.489749
-39.328124 11.363275 38.489747
-39.328124 23.983881 34.553226
-39.328124 11.363275 34.553224
-21.824218 25.183099 38.489749
-21.824218 25.183099 34.553226
-41.917968 25.183099 34.553226
-41.917968 25.183099 38.489749
-21.824218 23.885735 38.489749
-41.917968 23.885735 38.489749
-21.824218 23.885736 34.553226
-41.917968 23.885736 34.553226
-30.628906 11.404291 36.375978
-30.546874 11.404291 36.173341
-30.624999 11.404291 36.044435
-30.773437 11.404291 35.991700
-30.980468 11.404291 36.097169
-30.933593 11.404291 36.372071
-30.781249 11.404291 36.424806
-30.628906 23.885736 36.361819
-30.546874 23.885736 36.169437
-30.621093 23.885736 36.047366
-30.769531 23.885736 35.997562
-30.964843 23.885736 36.097659
-30.917968 23.885736 36.358402
-30.769531 23.885736 36.407718
-25.921874 11.404291 36.375978
-25.839843 11.404291 36.173341
-25.917968 11.404291 36.044435
-26.074218 11.404291 35.991700
-26.277343 11.404291 36.097169
-26.230468 11.404291 36.372071
-26.074218 11.404291 36.424806
-25.925781 23.885736 36.361819
-25.847656 23.885736 36.169437
-25.921874 23.885736 36.047366
-26.062499 23.885736 35.997562
-26.253906 23.885736 36.097659
-26.210937 23.885736 36.358402
-26.070312 23.885736 36.407718
-28.230468 11.404291 36.375978
-28.148437 11.404291 36.173341
-28.222656 11.404291 36.044435
-28.378906 11.404291 35.991700
-28.582031 11.404291 36.097169
-28.535156 11.404291 36.372071
-28.382812 11.404291 36.424806
-28.230468 23.885736 36.361819
-28.152343 23.885736 36.169437
-28.226562 23.885736 36.047366
-28.371093 23.885736 35.997562
-28.562499 23.885736 36.097659
-28.515624 23.885736 36.358402
-28.374999 23.885736 36.407718
-38.281249 11.404291 36.375978
-38.199218 11.404291 36.173341
-38.277343 11.404291 36.044435
-38.425780 11.404291 35.991700
-38.628905 11.404291 36.097169
-38.582030 11.404291 36.372071
-38.433593 11.404291 36.424806
-38.277343 23.885736 36.361819
-38.199218 23.885736 36.169437
-38.277343 23.885736 36.047366
-38.421874 23.885736 35.997562
-38.613280 23.885736 36.097659
-38.566405 23.885736 36.358402
-38.425780 23.885736 36.407718
-33.574218 11.404291 36.375978
-33.496093 11.404291 36.173341
-33.570312 11.404291 36.044435
-33.722655 11.404291 35.991700
-33.929687 11.404291 36.097169
-33.878905 11.404291 36.372071
-33.730468 11.404291 36.424806
-33.574218 23.885736 36.361819
-33.499999 23.885736 36.169437
-33.570312 23.885736 36.047366
-33.714843 23.885736 35.997562
-33.910155 23.885736 36.097659
-33.863280 23.885736 36.358402
-33.718749 23.885736 36.407718
-35.882812 11.404291 36.375978
-35.800780 11.404291 36.173341
-35.878905 11.404291 36.044435
-36.031249 11.404291 35.991700
-36.238280 11.404291 36.097169
-36.183593 11.404291 36.372071
-36.035155 11.404291 36.424806
-35.878905 23.885736 36.361819
-35.804687 23.885736 36.169437
-35.878905 23.885736 36.047366
-36.023437 23.885736 35.997562
-36.214843 23.885736 36.097659
-36.167968 23.885736 36.358402
-36.027343 23.885736 36.407718
36.296874 23.888665 38.489749
36.296874 23.888666 34.553226
36.296874 11.267084 34.553224
36.296874 11.267083 38.489747
37.593749 23.888665 38.489749
37.593749 11.267083 38.489747
37.593749 23.888666 34.553226
37.593749 11.267084 34.553224
39.214843 25.086907 38.489749
39.214843 25.086908 34.553226
19.121093 25.086908 34.553226
19.121093 25.086907 38.489749
39.214843 23.789544 38.489749
19.121093 23.789544 38.489749
39.214843 23.789545 34.553226
19.121093 23.789545 34.553226
39.214843 11.308587 38.489747
39.214843 11.308588 34.553224
19.121093 11.308588 34.553224
19.121093 11.308587 38.489747
39.214843 10.010736 38.489747
19.121093 10.010736 38.489747
39.214843 10.010736 34.553224
19.121093 10.010736 34.553224
20.417968 23.888665 38.489749
20.417968 23.888666 34.553226
20.417968 11.267084 34.553224
20.417968 11.267083 38.489747
21.714843 23.888665 38.489749
21.714843 11.267083 38.489747
21.714843 23.888666 34.553226
21.714843 11.267084 34.553224
39.214843 25.086907 38.489749
39.214843 25.086908 34.553226
19.121093 25.086908 34.553226
19.121093 25.086907 38.489749
39.214843 23.789544 38.489749
19.121093 23.789544 38.489749
39.214843 23.789545 34.553226
19.121093 23.789545 34.553226
30.410156 11.308588 36.375978
30.496093 11.308588 36.173341
30.417968 11.308588 36.044435
30.269531 11.308588 35.991700
30.062499 11.308588 36.097169
30.113281 11.308588 36.372071
30.261718 11.308588 36.424806
30.414062 23.789544 36.361819
30.492187 23.789544 36.169437
30.421874 23.789544 36.047366
30.273437 23.789544 35.997562
30.078124 23.789544 36.097659
30.124999 23.789544 36.358401
30.269531 23.789544 36.407718
35.117187 11.308588 36.375978
35.203124 11.308588 36.173341
35.121093 11.308588 36.044435
34.972655 11.308588 35.991700
34.761718 11.308588 36.097169
34.812499 11.308588 36.372071
34.964843 11.308588 36.424806
35.113280 23.789544 36.361819
35.199218 23.789544 36.169437
35.117187 23.789544 36.047366
34.980468 23.789544 35.997562
34.785155 23.789544 36.097659
34.828124 23.789544 36.358401
34.972655 23.789544 36.407718
32.812499 11.308588 36.375978
32.894531 11.308588 36.173341
32.820312 11.308588 36.044435
32.664062 11.308588 35.991700
32.460937 11.308588 36.097169
32.507812 11.308588 36.372071
32.656249 11.308588 36.424806
32.808593 23.789544 36.361819
32.886718 23.789544 36.169437
32.816406 23.789544 36.047366
32.671874 23.789544 35.997562
32.472656 23.789544 36.097659
32.523437 23.789544 36.358401
32.664062 23.789544 36.407718
22.761718 11.308588 36.375978
22.847656 11.308588 36.173341
22.765624 11.308588 36.044435
22.617187 11.308588 35.991700
22.410156 11.308588 36.097169
22.457031 11.308588 36.372071
22.609374 11.308588 36.424806
22.765624 23.789544 36.361819
22.843749 23.789544 36.169437
22.765624 23.789544 36.047366
22.617187 23.789544 35.997562
22.425781 23.789544 36.097659
22.472656 23.789544 36.358401
22.617187 23.789544 36.407718
27.464843 11.308588 36.375978
27.546874 11.308588 36.173341
27.468749 11.308588 36.044435
27.316406 11.308588 35.991700
27.113281 11.308588 36.097169
27.160156 11.308588 36.372071
27.312499 11.308588 36.424806
27.464843 23.789544 36.361819
27.539062 23.789544 36.169437
27.468749 23.789544 36.047366
27.328124 23.789544 35.997562
27.128906 23.789544 36.097659
27.175781 23.789544 36.358401
27.320312 23.789544 36.407718
25.160156 11.308588 36.375978
25.242187 11.308588 36.173341
25.164062 11.308588 36.044435
25.015624 11.308588 35.991700
24.808593 11.308588 36.097169
24.855468 11.308588 36.372071
25.003906 11.308588 36.424806
25.160156 23.789544 36.361819
25.238281 23.789544 36.169437
25.164062 23.789544 36.047366
25.015624 23.789544 35.997562
24.824218 23.789544 36.097659
24.874999 23.789544 36.358401
25.015624 23.789544 36.407718
-44.687499 33.207024 37.416508
-44.687499 33.207022 51.160649
-44.878905 32.573235 37.416508
-44.878905 32.573233 51.160649
-45.410155 32.082024 37.416508
-45.410155 32.082022 51.160649
-46.175780 31.803704 37.416508
-46.175780 31.803702 51.160649
-47.066405 31.803704 37.416508
-47.066405 31.803702 51.160649
-47.832030 32.082024 37.416508
-47.832030 32.082022 51.160649
-48.363280 32.573235 37.416508
-48.363280 32.573233 51.160649
-48.554686 33.207024 37.416508
-48.554686 33.207022 51.160649
-48.363280 33.840325 37.416509
-48.363280 33.840323 51.160649
-48.132811 34.107903 37.416509
-48.132811 34.107901 51.160649
-47.832030 34.331536 37.416509
-47.832030 34.331534 51.160649
-47.468749 34.500970 37.416509
-47.468749 34.500967 51.160649
-47.066405 34.609856 37.416509
-47.066405 34.609854 51.160649
-46.175780 34.609856 37.416509
-46.175780 34.609854 51.160649
-45.773436 34.500970 37.416509
-45.773436 34.500967 51.160649
-45.410155 34.331536 37.416509
-45.410155 34.331534 51.160649
-45.109374 34.107903 37.416509
-45.109374 34.107901 51.160649
-44.878905 33.840325 37.416509
-44.878905 33.840323 51.160649
-44.687499 33.207037 -37.986322
-44.687499 33.207039 -51.729974
-44.878905 32.573248 -37.986322
-44.878905 32.573250 -51.729974
-45.410155 32.082037 -37.986322
-45.410155 32.082039 -51.729974
-46.175780 31.803716 -37.986322
-46.175780 31.803719 -51.729974
-47.066405 31.803716 -37.986322
-47.066405 31.803719 -51.729974
-47.832030 32.082037 -37.986322
-47.832030 32.082039 -51.729974
-48.363280 32.573248 -37.986322
-48.363280 32.573250 -51.729974
-48.554686 33.207037 -37.986322
-48.554686 33.207039 -51.729974
-48.363280 33.840337 -37.986322
-48.363280 33.840340 -51.729974
-48.132811 34.107916 -37.986322
-48.132811 34.107918 -51.729974
-47.832030 34.331548 -37.986322
-47.832030 34.331551 -51.729974
-47.468749 34.500982 -37.986322
-47.468749 34.500984 -51.729974
-47.066405 34.609869 -37.986322
-47.066405 34.609871 -51.729974
-46.175780 34.609869 -37.986322
-46.175780 34.609871 -51.729974
-45.773436 34.500982 -37.986322
-45.773436 34.500984 -51.729974
-45.410155 34.331548 -37.986322
-45.410155 34.331551 -51.729974
-45.109374 34.107916 -37.986322
-45.109374 34.107918 -51.729974
-44.878905 33.840337 -37.986322
-44.878905 33.840340 -51.729974
56.355467 47.548346 -45.012198
-61.257811 47.548346 -45.011710
-61.257811 47.036627 -45.832999
56.355467 47.036627 -45.832999
-61.257811 46.069342 -45.801749
56.355467 46.069342 -45.802238
-61.257811 45.613288 -44.947257
56.355467 45.613288 -44.946769
-61.257811 46.125006 -44.125480
56.355467 46.125006 -44.125480
-61.257811 47.092780 -44.158683
56.355467 47.092780 -44.158683
56.355467 40.384773 -47.888176
-61.257811 40.384773 -47.888176
-61.257811 39.873542 -48.709465
56.355467 39.873542 -48.709465
-61.257811 38.906257 -48.677239
56.355467 38.906257 -48.677727
-61.257811 38.450202 -47.823235
56.355467 38.450202 -47.823235
-61.257811 38.961921 -47.001457
56.355467 38.961921 -47.001457
-61.257811 39.929694 -47.035149
56.355467 39.929694 -47.034660
56.355467 36.619149 -55.021477
-61.257811 36.619149 -55.021965
-61.257811 36.107430 -55.843743
56.355467 36.107430 -55.843743
-61.257811 35.140633 -55.810052
56.355467 35.140633 -55.810052
-61.257811 34.685067 -54.956536
56.355467 34.685067 -54.957024
-61.257811 35.196297 -54.135735
56.355467 35.196297 -54.135735
-61.257811 36.163582 -54.167473
56.355467 36.163582 -54.167473
56.355467 46.261725 -42.576652
-61.257811 46.261725 -42.576652
-61.257811 45.750494 -43.397941
56.355467 45.750494 -43.397941
-61.257811 44.782721 -43.365226
56.355467 44.782721 -43.364738
-61.257811 44.327154 -42.511711
56.355467 44.327154 -42.511711
-61.257811 44.838385 -41.690421
56.355467 44.838385 -41.690421
-61.257811 45.806158 -41.722160
56.355467 45.806158 -41.722648
56.355467 51.675786 -37.401846
-61.257811 51.675786 -37.401846
-61.257811 51.164556 -38.223624
56.355467 51.164556 -38.223624
-61.257811 50.197271 -38.191885
56.355467 50.197271 -38.191885
-61.257811 49.741704 -37.337393
56.355467 49.741704 -37.336905
-61.257811 50.252934 -36.515616
56.355467 50.252934 -36.515616
-61.257811 51.220220 -36.548819
56.355467 51.220220 -36.548331
56.355467 57.812016 -32.713857
-61.257811 57.812016 -32.713857
-61.257811 57.299809 -33.535634
56.355467 57.299809 -33.535634
-61.257811 56.333012 -33.501943
56.355467 56.333012 -33.502431
-61.257811 55.876957 -32.649404
56.355467 55.876957 -32.648916
-61.257811 56.388676 -31.827627
56.355467 56.388676 -31.827627
-61.257811 57.355961 -31.859853
56.355467 57.355961 -31.859365
56.355467 60.061528 -34.132314
-61.257811 60.061528 -34.132314
-61.257811 59.549809 -34.953603
56.355467 59.549809 -34.953603
-61.257811 58.582524 -34.922353
56.355467 58.582524 -34.922353
-61.257811 58.126957 -34.067861
56.355467 58.126957 -34.067373
-61.257811 58.638676 -33.246083
56.355467 58.638676 -33.246083
-61.257811 59.605961 -33.279286
56.355467 59.605961 -33.278798
56.355467 63.522952 -27.531727
-61.257811 63.522952 -27.532216
-61.257811 63.011234 -28.353993
56.355467 63.011234 -28.353993
-61.257811 62.043460 -28.321278
56.355467 62.043460 -28.320790
-61.257811 61.587894 -27.467275
56.355467 61.587894 -27.467275
-61.257811 62.100101 -26.645985
56.355467 62.100101 -26.645985
-61.257811 63.067386 -26.677723
56.355467 63.067386 -26.677723
56.355467 69.676760 -22.532703
-61.257811 69.676760 -22.532215
-61.257811 69.166018 -23.354480
56.355467 69.166018 -23.354480
-61.257811 68.198244 -23.321766
56.355467 68.198244 -23.322254
-61.257811 67.742190 -22.468250
56.355467 67.742190 -22.468250
-61.257811 68.254397 -21.646473
56.355467 68.254397 -21.646473
-61.257811 69.221193 -21.679187
56.355467 69.221193 -21.678699
56.355467 71.951662 -24.106921
-61.257811 71.951662 -24.106433
-61.257811 71.439944 -24.927722
56.355467 71.439944 -24.927722
-61.257811 70.472659 -24.896472
56.355467 70.472659 -24.896961
-61.257811 70.017092 -24.041980
56.355467 70.017092 -24.041980
-61.257811 70.528322 -23.221179
56.355467 70.528322 -23.221179
-61.257811 71.495608 -23.253406
56.355467 71.495608 -23.253406
56.355467 75.854982 -17.889636
-61.257811 75.854982 -17.889636
-61.257811 75.343751 -18.711413
56.355467 75.343751 -18.711413
-61.257811 74.375978 -18.679187
56.355467 74.375978 -18.679187
-61.257811 73.919923 -17.824695
56.355467 73.919923 -17.825183
-61.257811 74.432618 -17.003894
56.355467 74.432618 -17.003894
-61.257811 75.399903 -17.035632
56.355467 75.399903 -17.036120
56.355467 81.737793 -12.658190
-61.257811 81.737793 -12.658678
-61.257811 81.226075 -13.480455
56.355467 81.226075 -13.480455
-61.257811 80.258301 -13.448229
56.355467 80.258301 -13.447741
-61.257811 79.803223 -12.593737
56.355467 79.803223 -12.593737
-61.257811 80.314942 -11.772448
56.355467 80.314942 -11.772448
-61.257811 81.282227 -11.804674
56.355467 81.282227 -11.804674
56.355467 84.530762 -13.577623
-61.257811 84.530762 -13.578111
-61.257811 84.019043 -14.399400
56.355467 84.019043 -14.399400
-61.257811 83.051758 -14.367174
56.355467 83.051758 -14.366685
-61.257811 82.596680 -13.513170
56.355467 82.596680 -13.513170
-61.257811 83.107422 -12.691392
56.355467 83.107422 -12.691392
-61.257811 84.075195 -12.723619
56.355467 84.075195 -12.723619
56.355467 88.021484 -7.839341
-61.257811 88.021484 -7.839341
-61.257811 87.509765 -8.660630
56.355467 87.509765 -8.660630
-61.257811 86.542480 -8.628404
56.355467 86.542480 -8.627915
-61.257811 86.086913 -7.774400
56.355467 86.086913 -7.774888
-61.257811 86.599120 -6.952622
56.355467 86.599120 -6.952622
-61.257811 87.565429 -6.984361
56.355467 87.565429 -6.985337
56.355467 94.011229 -2.869614
-61.257811 94.011229 -2.869614
-61.257811 93.499510 -3.690903
56.355467 93.499510 -3.690903
-61.257811 92.533202 -3.658676
56.355467 92.533202 -3.658676
-61.257811 92.076170 -2.805161
56.355467 92.076170 -2.804672
-61.257811 92.587889 -1.983383
56.355467 92.587889 -1.983383
-61.257811 93.555662 -2.016098
56.355467 93.555662 -2.015610
56.355467 96.610838 -2.869613
-61.257811 96.610838 -2.869613
-61.257811 96.100096 -3.690902
56.355467 96.100096 -3.690902
-61.257811 95.131834 -3.658676
56.355467 95.131834 -3.658676
-61.257811 94.676756 -2.805160
56.355467 94.676756 -2.804672
-61.257811 95.187986 -1.983383
56.355467 95.187986 -1.983383
-61.257811 96.155760 -2.016098
56.355467 96.155760 -2.015609
56.355467 96.253903 4.729996
-61.257811 96.253903 4.729996
-61.257811 95.741696 3.908707
56.355467 95.741696 3.908707
-61.257811 94.774900 3.940933
56.355467 94.774900 3.940933
-61.257811 94.318845 4.794449
56.355467 94.318845 4.794937
-61.257811 94.831540 5.616226
56.355467 94.831540 5.616226
-61.257811 95.798337 5.583512
56.355467 95.798337 5.584000
56.355467 93.898923 3.443863
-61.257811 93.898923 3.443375
-61.257811 93.387693 2.622085
56.355467 93.387693 2.622085
-61.257811 92.419431 2.653824
56.355467 92.419431 2.654312
-61.257811 91.963865 3.508316
56.355467 91.963865 3.508316
-61.257811 92.475583 4.329605
56.355467 92.475583 4.329605
-61.257811 93.443845 4.297378
56.355467 93.443845 4.297378
56.355467 88.026364 8.540053
-61.257811 88.026364 8.540541
-61.257811 87.514645 7.719252
56.355467 87.514645 7.719252
-61.257811 86.546383 7.751479
56.355467 86.546383 7.750990
-61.257811 86.091305 8.604994
56.355467 86.091305 8.604994
-61.257811 86.602536 9.427260
56.355467 86.602536 9.426772
-61.257811 87.569332 9.394545
56.355467 87.569332 9.394057
56.355467 81.745113 13.503431
-61.257811 81.745113 13.503431
-61.257811 81.233395 12.681165
56.355467 81.233395 12.681165
-61.257811 80.266109 12.713392
56.355467 80.266109 12.713880
-61.257811 79.810055 13.567884
56.355467 79.810055 13.567884
-61.257811 80.322261 14.389173
56.355467 80.322261 14.389173
-61.257811 81.290035 14.356947
56.355467 81.290035 14.356947
56.355467 83.598628 15.250990
-61.257811 83.598628 15.251478
-61.257811 83.086910 14.430189
56.355467 83.086910 14.430189
-61.257811 82.120113 14.462415
56.355467 82.120113 14.461927
-61.257811 81.664546 15.315931
56.355467 81.664546 15.315931
-61.257811 82.175777 16.137708
56.355467 82.175777 16.137708
-61.257811 83.143062 16.105482
56.355467 83.143062 16.105482
56.355467 75.691401 18.702160
-61.257811 75.691401 18.702160
-61.257811 75.179683 17.880383
56.355467 75.179683 17.880383
-61.257811 74.211909 17.912609
56.355467 74.211909 17.912609
-61.257811 73.756831 18.766613
56.355467 73.756831 18.767101
-61.257811 74.268550 19.588879
56.355467 74.268550 19.588391
-61.257811 75.235347 19.556164
56.355467 75.235347 19.556652
56.355467 71.026850 25.007824
-61.257811 71.026850 25.008312
-61.257811 70.514643 24.187023
56.355467 70.514643 24.187023
-61.257811 69.546869 24.219249
56.355467 69.546869 24.219249
-61.257811 69.091791 25.072765
56.355467 69.091791 25.073253
-61.257811 69.603510 25.894542
56.355467 69.603510 25.894542
-61.257811 70.570795 25.861827
56.355467 70.570795 25.861827
56.355467 69.500483 23.573253
-61.257811 69.500483 23.572765
-61.257811 68.989253 22.751476
56.355467 68.989253 22.751476
-61.257811 68.021967 22.783702
56.355467 68.021967 22.784190
-61.257811 67.565913 23.637706
56.355467 67.565913 23.638194
-61.257811 68.078119 24.459483
56.355467 68.078119 24.459483
-61.257811 69.044428 24.427257
56.355467 69.044428 24.427257
56.355467 63.959955 28.138193
-61.257811 63.959955 28.138193
-61.257811 63.448236 27.316416
56.355467 63.448236 27.316416
-61.257811 62.480951 27.348642
56.355467 62.480951 27.349131
-61.257811 62.025385 28.202646
56.355467 62.025385 28.202646
-61.257811 62.537103 29.024424
56.355467 62.537103 29.024424
-61.257811 63.504388 28.991709
56.355467 63.504388 28.992197
56.355467 57.570306 33.032723
-61.257811 57.570306 33.032723
-61.257811 57.058587 32.211434
56.355467 57.058587 32.210458
-61.257811 56.091302 32.242684
56.355467 56.091302 32.242684
-61.257811 55.635736 33.097176
56.355467 55.635736 33.097176
-61.257811 56.146966 33.918465
56.355467 56.146966 33.918465
-61.257811 57.114739 33.886239
56.355467 57.114739 33.886239
56.355467 59.419427 35.103036
-61.257811 59.419427 35.103036
-61.257811 58.907708 34.281259
56.355467 58.907708 34.281259
-61.257811 57.940423 34.313974
56.355467 57.940423 34.312997
-61.257811 57.484368 35.167489
56.355467 57.484368 35.167489
-61.257811 57.996575 35.988778
56.355467 57.996575 35.988778
-61.257811 58.963860 35.956552
56.355467 58.963860 35.956552
56.355467 50.831047 38.595711
-61.257811 50.831047 38.595711
-61.257811 50.319329 37.774421
56.355467 50.319329 37.774421
-61.257811 49.352044 37.806648
56.355467 49.352044 37.806648
-61.257811 48.896477 38.660652
56.355467 48.896477 38.660652
-61.257811 49.407707 39.481941
56.355467 49.407707 39.481941
-61.257811 50.375481 39.449714
56.355467 50.375481 39.449226
56.355467 46.871085 45.228034
-61.257811 46.871085 45.228034
-61.257811 46.359367 44.406257
56.355467 46.359367 44.406257
-61.257811 45.392570 44.438483
56.355467 45.392570 44.438483
-61.257811 44.936515 45.292487
56.355467 44.936515 45.292487
-61.257811 45.448234 46.114264
56.355467 45.448234 46.114264
-61.257811 46.415519 46.082038
56.355467 46.415519 46.082038
56.355467 44.552238 43.513190
-61.257811 44.552238 43.513190
-61.257811 44.040519 42.691901
56.355467 44.040519 42.691901
-61.257811 43.073234 42.724127
56.355467 43.073234 42.724127
-61.257811 42.617668 43.578619
56.355467 42.617668 43.578131
-61.257811 43.128898 44.399908
56.355467 43.128898 44.399908
-61.257811 44.096671 44.367194
56.355467 44.096671 44.367194
56.355467 38.869132 48.009283
-61.257811 38.869132 48.009283
-61.257811 38.357413 47.187993
56.355467 38.357413 47.187993
-61.257811 37.390128 47.220220
56.355467 37.390128 47.220220
-61.257811 36.934073 48.073735
56.355467 36.934073 48.073735
-61.257811 37.445792 48.895513
56.355467 37.445792 48.895513
-61.257811 38.413565 48.862798
56.355467 38.413565 48.862798
56.355467 34.680166 55.431645
-61.257811 34.680166 55.431645
-61.257811 34.168447 54.610356
56.355467 34.168447 54.610356
-61.257811 33.201162 54.642582
56.355467 33.201162 54.642582
-61.257811 32.746084 55.496586
56.355467 32.746084 55.496586
-61.257811 33.257314 56.317387
56.355467 33.257314 56.317387
-61.257811 34.224599 56.285161
56.355467 34.224599 56.285649
56.355467 32.616202 53.032719
-61.257811 32.616202 53.032719
-61.257811 32.103995 52.211430
56.355467 32.103995 52.211430
-61.257811 31.137198 52.244145
56.355467 31.137198 52.244145
-61.257811 30.681631 53.097660
56.355467 30.681631 53.097660
-61.257811 31.193350 53.919926
56.355467 31.193350 53.919437
-61.257811 32.160635 53.887699
56.355467 32.160635 53.887699
-56.687499 97.637205 -1.909652
56.832030 97.637205 -1.909652
-56.687499 95.813475 -1.909652
56.832030 95.813475 -1.909652
-56.687499 94.861326 -1.033188
56.832030 94.862303 -1.033188
-56.687499 94.706053 0.244156
56.832030 94.705564 0.244156
-56.687499 95.813474 1.522477
56.832030 95.813474 1.522477
-56.687499 96.725583 1.716813
-56.687499 97.637205 1.522477
56.832030 97.637205 1.522477
-56.687499 98.744138 0.244157
56.832030 98.744138 0.244157
-56.687499 96.227537 0.244156
-56.687499 96.501951 1.668961
-45.374999 97.637205 1.522477
-48.113280 33.668938 37.956059
45.023436 33.668938 37.956059
-48.113280 46.277337 37.956061
45.023436 46.277337 37.956061
-48.113280 45.853032 -36.564445
45.023436 45.853032 -36.564445
-48.113280 33.244146 -36.564447
45.023436 33.244146 -36.564447
-46.296874 32.942376 38.480473
-46.296874 48.199211 38.480476
-46.296874 47.225591 -39.105460
-46.296874 32.942388 -39.105462
44.035155 32.942376 38.480473
44.035155 32.942388 -39.105462
44.035155 47.225591 -39.105460
44.035155 48.199211 38.480476
