10.245586 11.600363 0.703355
-3.100237 12.653111 0.703355
11.241267 10.766571 0.703355
-3.100237 12.653111 -0.703355
11.241267 10.766571 -0.703355
-1.825012 13.103110 -0.703355
10.245586 11.600363 -0.703355
0.157285 19.437454 0.703355
0.157285 19.437454 -0.703355
0.632787 18.493040 -0.703355
0.632787 18.493040 0.703355
8.447651 19.508617 0.703355
8.447651 19.508617 -0.703355
8.133056 18.404577 -0.703355
8.133056 18.404577 0.703355
11.918881 16.734823 0.703355
11.918881 16.734823 -0.703355
10.896434 16.256813 -0.703355
10.896434 16.256813 0.703355
10.920709 14.441363 0.703355
12.073171 14.495502 0.703355
12.073171 14.495502 -0.703355
10.920709 14.441363 -0.703355
9.928452 17.562204 0.703355
10.746408 18.243935 0.703355
10.746408 18.243935 -0.703355
9.928452 17.562204 -0.703355
2.740448 20.096333 0.703355
2.740448 20.096333 -0.703355
2.868790 18.947191 -0.703355
2.868790 18.947191 0.703355
5.524840 20.126463 0.703355
5.524840 20.126463 -0.703355
5.531486 18.957129 -0.703355
5.531486 18.957129 0.703355
-1.758075 15.347706 0.703355
-2.900635 15.539019 0.703355
-2.900635 15.539019 -0.703355
-1.758075 15.347706 -0.703355
-1.998004 17.798986 0.703355
-1.998004 17.798986 -0.703355
-1.059033 17.290842 -0.703355
-1.059033 17.290842 0.703355
11.407214 10.627605 0.000000
12.265246 14.504525 0.000000
12.089290 16.814493 0.000000
10.882733 18.357555 0.000000
8.500083 19.692623 0.000000
5.523733 20.321350 0.000000
2.719058 20.287855 0.000000
0.078034 19.594856 0.000000
-2.154500 17.883678 0.000000
-3.091062 15.570904 0.000000
-3.312775 12.578111 0.000000
10.079639 11.739327 0.000000
10.728633 14.432341 0.000000
10.726027 16.177143 0.000000
9.792127 17.448582 0.000000
8.080624 18.220572 0.000000
5.532594 18.762239 0.000000
2.890180 18.755669 0.000000
0.712037 18.335636 0.000000
-0.902539 17.206152 0.000000
-1.567648 15.315821 0.000000
-1.612475 13.178110 0.000000
-1.832351 14.242099 0.703355
-3.043318 14.142856 0.703355
-3.043318 14.142856 -0.703355
-1.832351 14.242100 -0.703355
-2.462625 12.878110 0.803834
10.743426 11.183466 0.803834
-3.312775 12.578111 0.401917
11.407214 10.627605 0.401917
-2.462625 12.878110 -0.803834
10.743426 11.183466 -0.803834
-1.612475 13.178110 -0.401917
10.079639 11.739327 -0.401917
1.419777 19.871363 0.703355
1.419777 19.871363 -0.703355
0.078035 19.594856 0.401917
1.691554 18.792154 -0.703355
0.395036 18.965246 -0.803834
1.691554 18.792154 0.703355
0.712037 18.335636 -0.401917
0.395036 18.965246 0.803834
9.715867 18.928371 0.703355
9.715867 18.928371 -0.703355
8.500083 19.692623 0.401917
9.138444 18.027918 -0.703355
8.290353 18.956598 -0.803834
9.138444 18.027918 0.703355
8.080624 18.220572 -0.401917
8.290353 18.956598 0.803834
12.128217 15.772869 0.703355
12.128217 15.772869 -0.703355
12.089290 16.814491 0.401917
11.018981 15.454103 -0.703355
11.407657 16.495817 -0.803834
11.018980 15.454103 0.703355
10.726027 16.177143 -0.401917
11.407657 16.495817 0.803834
10.631006 13.102415 0.703355
11.729400 12.748456 0.703355
11.496940 14.468432 0.803834
11.729400 12.748456 -0.703355
12.265246 14.504525 0.401917
10.631005 13.102415 -0.703355
11.496940 14.468432 -0.803834
10.728633 14.432341 -0.401917
10.523686 16.965673 0.703355
11.469512 17.535631 0.703355
10.337430 17.903069 0.803834
11.469512 17.535631 -0.703355
10.882734 18.357555 0.401917
10.523687 16.965673 -0.703355
10.337430 17.903069 -0.803834
9.792127 17.448582 -0.401917
4.104976 20.185911 0.703355
4.104976 20.185911 -0.703355
2.719058 20.287855 0.401917
4.169645 19.015196 -0.703355
2.804619 19.521763 -0.803834
4.169645 19.015196 0.703355
2.890180 18.755669 -0.401917
2.804619 19.521763 0.803834
7.011520 19.904339 0.703355
7.011520 19.904339 -0.703355
5.523733 20.321350 0.401917
6.891680 18.733953 -0.703355
5.528163 19.541796 -0.803834
6.891679 18.733953 0.703355
5.532594 18.762239 -0.401917
5.528163 19.541796 0.803834
-1.520570 16.386549 0.703355
-2.586422 16.748016 0.703355
-2.329355 15.443362 0.803834
-2.586422 16.748016 -0.703355
-3.091062 15.570904 0.401917
-1.520570 16.386549 -0.703355
-2.329355 15.443362 -0.803834
-1.567648 15.315821 -0.401917
-1.032705 18.721066 0.703355
-1.032705 18.721066 -0.703355
-2.154500 17.883678 0.401917
-0.312662 17.992805 -0.703355
-1.528519 17.544914 -0.803834
-0.312662 17.992805 0.703355
-0.902539 17.206152 -0.401917
-1.528519 17.544914 0.803834
11.407214 10.627605 -0.401917
12.265246 14.504525 -0.401917
11.912465 12.689463 0.000000
12.089290 16.814491 -0.401917
12.313088 15.825997 0.000000
10.882734 18.357555 -0.401917
11.627151 17.630625 0.000000
8.500083 19.692623 -0.401917
9.812104 19.078449 0.000000
5.523733 20.321350 -0.401917
7.031494 20.099403 0.000000
2.719058 20.287855 -0.401917
4.094198 20.381033 0.000000
0.078035 19.594856 -0.401917
1.374481 20.051229 0.000000
-2.154500 17.883678 -0.401917
-1.152713 18.842442 0.000000
-3.091062 15.570904 -0.401917
-2.764064 16.808262 0.000000
-3.312775 12.578111 -0.401917
-3.245146 14.126315 0.000000
10.079639 11.739327 0.401917
10.728633 14.432341 0.401917
10.447940 13.161408 0.000000
10.726027 16.177143 0.401917
10.834107 15.400975 0.000000
9.792127 17.448582 0.401917
10.366050 16.870682 0.000000
8.080624 18.220572 0.401917
9.042207 17.877842 0.000000
5.532594 18.762239 0.401917
6.871706 18.538889 0.000000
2.890180 18.755669 0.401917
4.180423 18.820076 0.000000
0.712037 18.335636 0.401917
1.736850 18.612288 0.000000
-0.902539 17.206152 0.401917
-0.192654 17.871428 0.000000
-1.567648 15.315821 0.401917
-1.342928 16.326303 0.000000
-1.612475 13.178110 0.401917
-1.630523 14.258640 0.000000
-2.437835 14.192478 0.803834
-3.245146 14.126315 0.401917
-2.437835 14.192477 -0.803834
-1.630523 14.258640 -0.401917
1.374481 20.051229 0.401917
1.555665 19.331758 -0.803834
1.736850 18.612288 -0.401917
1.555665 19.331758 0.803834
9.812104 19.078447 0.401917
9.427155 18.478146 -0.803834
9.042207 17.877842 -0.401917
9.427155 18.478146 0.803834
12.313088 15.825997 0.401917
11.573598 15.613486 -0.803834
10.834107 15.400975 -0.401917
11.573598 15.613486 0.803834
11.180203 12.925435 0.803834
11.912465 12.689463 0.401917
11.180203 12.925435 -0.803834
10.447940 13.161408 -0.401917
10.996599 17.250652 0.803834
11.627151 17.630625 0.401917
10.996600 17.250652 -0.803834
10.366050 16.870682 -0.401917
4.094198 20.381033 0.401917
4.137311 19.600554 -0.803834
4.180423 18.820076 -0.401917
4.137311 19.600554 0.803834
7.031494 20.099403 0.401917
6.951600 19.319145 -0.803834
6.871706 18.538889 -0.401917
6.951600 19.319145 0.803834
-2.053496 16.567284 0.803834
-2.764064 16.808262 0.401917
-2.053496 16.567284 -0.803834
-1.342928 16.326303 -0.401917
-1.152712 18.842442 0.401917
-0.672683 18.356936 -0.803834
-0.192654 17.871428 -0.401917
-0.672684 18.356936 0.803834
11.912465 12.689463 -0.401917
12.313088 15.825997 -0.401917
11.627151 17.630625 -0.401917
9.812104 19.078447 -0.401917
7.031494 20.099403 -0.401917
4.094198 20.381033 -0.401917
1.374481 20.051229 -0.401917
-1.152712 18.842442 -0.401917
-2.764064 16.808262 -0.401917
-3.245146 14.126315 -0.401917
10.447940 13.161408 0.401917
10.834107 15.400975 0.401917
10.366050 16.870682 0.401917
9.042207 17.877842 0.401917
6.871706 18.538889 0.401917
4.180423 18.820076 0.401917
1.736850 18.612288 0.401917
-0.192654 17.871428 0.401917
-1.342928 16.326303 0.401917
-1.630523 14.258640 0.401917
-1.128252 1.905415 -5.557031
1.721624 1.905415 -6.929459
4.884748 1.905414 -6.929459
7.734625 1.905415 -5.557030
9.706801 1.905414 -3.083997
10.463979 1.905414 -0.003076
1.721622 1.905415 6.929096
-1.128254 1.905415 5.556667
4.884746 1.905414 6.929097
7.734623 1.905415 5.556668
9.706800 1.905414 3.083637
-3.804291 1.905415 -0.008972
-3.100429 1.905415 -3.084001
-3.100430 1.905415 3.083636
11.235128 3.524757 3.755391
11.173170 11.464683 3.718966
11.036690 11.464683 -3.905760
11.098649 3.808738 -3.980206
-8.994977 12.697420 -4.443200
-11.931520 9.428012 -3.951043
-11.979510 9.357082 4.175562
-8.994977 12.727351 4.625553
11.305088 12.043913 -0.000181
-8.416811 13.829046 0.030113
-12.511197 8.523262 0.026759
11.572086 3.372122 -0.000181
4.606871 12.499027 -6.596756
4.606871 2.603901 -7.964994
4.606871 2.603901 7.918510
4.606871 12.499027 6.556615
4.606871 14.051230 -0.000822
-0.377092 13.636706 -0.002290
-0.561158 11.833651 6.226586
-1.105510 2.887186 7.519980
-1.105510 2.887186 -7.492494
-0.561158 11.833651 -6.205472
9.627609 13.020802 -0.002596
9.743220 12.103442 5.082953
9.671704 3.043802 6.138972
9.792955 3.043802 -6.035443
9.743220 12.103442 -4.998866
7.630201 12.344574 -5.996760
7.630201 2.819593 -7.240464
7.630201 2.819593 7.258438
7.630201 12.344574 6.009999
7.630201 13.810864 -0.000181
1.593988 12.200146 -6.588309
1.593988 2.685795 -7.954796
1.593988 2.685795 7.955421
1.593988 12.200146 6.587181
1.543106 13.902363 -0.000181
-5.530241 12.031686 -3.856919
-6.502737 6.762748 -3.754031
-6.635533 5.687013 0.055317
-6.502737 6.762748 4.377706
-5.295053 11.994302 3.974843
-5.194373 12.898041 0.055317
-10.931091 11.576103 5.282875
-5.770942 10.022918 5.493306
-0.677349 8.432405 9.182538
1.593988 8.677686 9.662288
4.606871 8.903507 9.609944
7.689307 8.819239 8.930129
9.802327 8.698982 7.473175
11.763129 8.268852 4.884809
12.442582 9.153804 -0.000236
11.712487 8.268639 -4.983841
9.839409 8.701169 -7.439040
7.630201 8.798296 -8.815498
4.606871 8.903507 -9.656431
1.593988 8.677686 -9.653505
-0.677349 8.432405 -9.140770
-5.770942 10.022918 -4.871627
-10.851392 11.660574 -5.166879
-11.278631 10.874065 5.165058
-6.075645 8.765509 5.500668
-0.855625 6.574821 9.545752
1.593988 6.634117 10.035181
4.606871 6.747844 9.979467
7.630201 6.718185 9.191161
9.743220 6.783390 7.660480
11.633756 7.071037 5.006217
12.511197 7.122877 -0.000248
11.606940 7.072381 -5.067589
9.743220 6.783390 -7.621041
7.630201 6.718185 -9.159591
4.606871 6.747844 -10.025951
1.593988 6.634117 -10.024617
-0.855625 6.574821 -9.500862
-6.086196 8.747179 -5.003511
-11.211943 10.957653 -5.118119
-11.636241 10.089666 4.944152
-6.297568 7.724855 5.155669
-1.000970 4.536493 8.898076
1.578486 4.460335 9.318666
4.591369 4.492419 9.270629
7.657409 4.558947 8.460477
9.743220 4.787375 7.039434
11.506884 5.201774 4.729823
12.168920 5.102107 -0.000221
11.488533 5.424346 -4.832021
9.743220 4.840263 -6.973836
7.671519 4.599073 -8.461773
4.580084 4.552933 -9.305281
1.567202 4.520849 -9.300327
-1.012254 4.597008 -8.801657
-6.297568 7.724855 -4.533433
-11.578656 10.174777 -4.807198
-12.355379 8.760772 -2.292473
-6.714700 5.951487 -2.112075
11.410894 3.442648 -1.952929
12.001835 5.170610 -2.174484
12.302209 7.097940 -2.327289
12.258973 8.976743 -2.260168
11.264314 11.854516 -1.952929
9.627609 12.707721 -3.166277
7.630201 13.193077 -3.669490
4.606871 13.412646 -3.941363
1.568547 13.303495 -3.957803
-0.413019 13.064711 -3.841921
-5.285863 12.598979 -1.871392
-8.595515 13.313773 -3.380150
-12.383341 8.723865 2.159547
-6.633370 5.918822 2.107662
11.519333 3.442648 1.939322
12.109925 5.169567 2.139677
12.410472 7.097193 2.277860
12.367406 8.976861 2.217162
11.372752 11.854516 1.939322
9.627609 12.707721 3.037926
7.630201 13.193077 3.700000
4.606871 13.412646 3.944816
1.568547 13.303494 3.981312
-0.413019 13.064712 3.876327
-5.285863 12.598979 2.357672
-8.595515 13.313773 3.277282
-3.745178 11.706119 4.979229
-3.649554 12.283391 3.049619
-3.563585 12.833820 -0.000181
-3.649554 12.283390 -3.034012
-3.745178 11.706119 -4.692916
-4.267162 8.660818 -7.115060
-4.493556 7.356922 -7.252969
-4.747011 5.864244 -6.605199
-4.981336 4.484232 -5.665991
-5.154287 3.465669 -3.243062
-5.209518 3.140389 -0.000181
-5.154287 3.465669 3.256783
-4.981336 4.428408 6.013719
-4.747011 5.864244 7.003168
-4.493556 7.356923 7.606506
-4.264673 8.667950 7.491780
-2.435152 8.395678 8.609563
-2.221470 11.660091 5.774861
-2.017103 12.708422 3.568099
-1.957934 13.293576 -0.007516
-2.017103 12.708422 -3.552287
-2.221470 11.660090 -5.630634
-2.432921 8.388747 -8.398959
-2.646147 6.654153 -8.653121
-2.800777 4.838963 -7.939941
-2.947114 3.232235 -6.721677
-3.006526 3.181123 6.796981
-2.840962 4.776116 8.165243
-2.646147 6.654153 8.841368
-5.912250 12.781584 -1.881535
-5.820377 13.075937 0.047352
-5.912250 12.781584 2.334956
-5.920143 12.156755 3.930233
-6.496388 10.282980 5.408223
-6.824832 9.084306 5.416976
-7.064045 8.086430 5.074154
-7.285200 7.163873 4.304019
-7.264064 6.288566 2.157361
-7.409862 6.154265 0.047699
-7.303407 6.301404 -2.125014
-7.285200 7.163873 -3.745600
-7.064046 8.086430 -4.526379
-6.835383 9.065976 -4.997687
-6.496388 10.282980 -4.865090
-6.155331 12.194139 -3.867829
-10.498556 12.539650 5.186952
-6.213719 11.243198 4.963691
-5.538451 11.031940 5.028972
-3.920013 10.302128 6.667323
-2.193115 10.155249 7.740569
-0.507113 10.278915 8.351258
1.706128 10.584804 8.808854
4.719011 10.847155 8.764228
7.742342 10.717322 8.051536
9.855361 10.536628 6.763326
11.523759 9.934638 4.606941
12.010004 10.707863 2.078242
12.013760 10.891034 -0.000209
11.901568 10.707804 -2.106549
11.430198 9.934531 -4.768865
9.855361 10.536628 -6.686098
7.742342 10.717322 -8.027982
4.719011 10.847155 -8.810714
1.706128 10.584803 -8.804152
-0.507113 10.278915 -8.316632
-2.193115 10.155249 -7.559455
-3.920013 10.302128 -6.317211
-5.517028 11.101598 -4.531178
-6.192296 11.312856 -4.533982
-10.503519 12.570075 -4.979294
-0.834074 1.905414 -0.002095
1.705967 1.905414 -0.000181
0.021174 1.905415 -3.846125
2.178991 1.905415 -4.885274
5.946792 1.905415 -4.207608
6.518116 1.905415 -0.000181
4.486240 1.905414 -0.000762
4.500683 1.905414 -5.246759
7.819065 1.905414 -0.000181
7.420885 1.905414 -2.335127
0.100737 1.905415 3.819998
2.258554 1.905415 4.859149
4.500681 1.905414 5.246397
5.946790 1.905415 4.207247
7.286128 1.905414 1.867666
-2.078319 1.905415 -0.006837
-1.545382 1.905415 -2.335129
-1.545383 1.905415 2.334765
-0.471250 1.900641 5.451353
1.230907 1.908256 6.382577
0.223716 1.910188 4.253160
1.849887 1.902574 5.143898
-0.209324 -0.000000 5.416530
1.112773 -0.000000 6.139546
0.330176 -0.000000 4.486401
1.593026 -0.000000 5.178401
-0.298756 1.905415 -5.551944
1.216132 1.905415 -6.259058
1.806242 1.905415 -4.971075
0.255515 1.905415 -4.175937
-0.089089 0.000000 -5.479690
1.119876 0.000000 -6.043520
1.591186 0.000001 -5.015752
0.353636 0.000000 -4.381699
8.102582 1.905414 -0.070178
8.073586 1.890698 -1.012046
9.967235 1.920129 -0.953318
10.266400 1.905414 -0.016219
9.946206 1.891423 1.038589
8.052756 1.919404 0.965993
8.325917 -0.007058 -0.715945
9.615417 0.007060 -0.660417
9.600608 -0.006711 0.742489
8.311248 0.006713 0.677192
8.296803 0.156482 -0.746806
8.281492 0.171094 0.707252
9.633643 0.156850 0.773350
9.649103 0.171462 -0.690904
0.385914 -0.000000 5.960684
0.143568 1.904074 6.069256
0.324674 0.098387 4.474346
-0.222861 0.097982 5.418330
0.373388 0.098127 5.966295
1.118879 0.098305 6.152106
1.606302 0.098064 5.176618
0.231548 1.763524 4.270320
-0.451979 1.756277 5.448791
0.161398 1.758883 6.061268
1.222215 1.762058 6.364695
1.830989 1.757745 5.146437
0.290033 1.905415 -6.155917
0.368694 0.000000 -5.955875
0.347075 0.127023 -4.367941
1.605566 0.127024 -5.012764
1.126312 0.127023 -6.057932
0.363435 0.127023 -5.969252
-0.103108 0.127023 -5.484521
0.262327 1.767776 -4.190222
1.791311 1.767776 -4.974176
1.209449 1.767776 -6.244094
0.295495 1.767776 -6.142029
-0.284199 1.767776 -5.546928
0.245608 1.905415 -6.218647
0.127394 1.905415 6.161356
9.960317 0.164430 0.045030
9.932204 0.000384 0.051384
4.820347 1.997286 -7.169457
-1.124504 1.997286 5.880394
10.592168 1.997286 -0.002756
9.799742 1.997286 3.240625
7.716134 1.997286 -5.855131
1.695148 1.997286 -7.142155
-1.124502 1.997286 -5.876165
9.802654 1.997286 -3.234296
1.695146 1.997285 7.141997
4.820345 1.997286 7.158406
7.716132 1.997286 5.858017
-3.175391 1.997286 -3.312443
-3.941039 1.997286 -0.008117
-3.178787 1.997286 3.326348
0.022825 1.997286 -6.428689
-0.075897 1.997286 6.385377
10.247818 1.799718 -0.012501
9.947921 1.813966 -0.937387
8.087137 1.785413 -0.995943
8.066643 1.813263 0.950284
9.927230 1.786117 1.022486
8.076890 1.799338 -0.022829
-0.834074 2.137404 -0.002095
1.705967 2.137404 -0.000181
0.021174 2.137405 -3.846125
2.178991 2.137405 -4.885274
5.946792 2.137405 -4.207608
6.518116 2.137405 -0.000181
4.486240 2.137404 -0.000762
4.500683 2.137404 -5.246759
7.818834 2.137401 -0.001329
7.420810 2.137404 -2.335118
0.100790 2.137405 3.820033
2.258676 2.137405 4.859046
4.500681 2.137404 5.246397
5.946790 2.137405 4.207247
7.286073 2.137404 1.867620
-2.078319 2.137405 -0.006837
-1.545382 2.137405 -2.335129
-1.545383 2.137405 2.334765
11.324928 9.861512 4.512398
11.794827 10.628005 2.044466
11.206228 11.695993 1.908338
11.001838 11.325473 3.647654
-0.504336 11.641895 -6.087912
1.626649 12.001120 -6.473673
1.740388 10.442161 -8.624433
-0.438434 10.139822 -8.144134
-1.041101 3.057581 7.376326
-1.064317 2.206699 5.800750
-0.036310 2.205248 6.290486
-0.508631 11.640433 6.109422
-0.446042 10.137644 8.177671
1.737774 10.441803 8.628941
1.625317 12.001114 6.472185
-0.367888 12.847277 3.809207
1.592406 13.081603 3.917950
-0.366922 12.847540 -3.774605
-0.335514 13.408472 -0.002165
1.563255 13.671249 -0.000096
1.592848 13.081558 -3.894769
11.798893 10.803730 0.005248
11.143769 11.877218 0.002802
11.687349 10.627008 -2.069108
11.097081 11.697282 -1.919308
9.626794 11.927775 -4.901883
10.864415 11.326751 -3.834234
11.232058 9.859036 -4.674734
9.712025 10.428887 -6.538904
10.433470 2.166499 -0.001617
11.370839 3.487468 0.003626
9.667763 2.176849 -3.176150
11.212536 3.557027 -1.915634
9.532036 3.186628 6.021019
9.671229 2.181955 3.184045
11.321300 3.559125 1.907148
11.046291 3.642043 3.689028
9.626935 11.927713 4.985915
9.710879 10.429744 6.616627
9.531279 12.501248 2.994234
9.529138 12.502692 -3.120604
9.532426 12.809237 -0.002248
-5.971524 12.563980 1.871906
-5.964397 11.966085 3.805710
-5.302018 11.791428 3.862534
-5.324825 12.375817 1.898975
-6.237729 11.107591 4.592107
-5.501833 10.882466 4.670482
-7.192721 7.330326 4.171502
-7.158381 6.488335 2.104986
-6.473150 6.081872 2.068116
-6.343131 6.891272 4.268952
-6.554661 6.112453 -2.064145
-6.474641 5.854141 0.054010
-7.300890 6.359070 0.047410
-7.199115 6.498665 -2.061525
-6.208559 12.008369 -3.388180
-5.542644 11.832507 -3.387334
-5.475359 10.959824 -4.163931
-6.230784 11.186318 -4.154980
-5.974205 12.566627 -1.820095
-5.885081 12.853153 0.046775
-5.237708 12.670135 0.054516
-5.322868 12.376693 -1.816261
4.598876 12.296025 6.444607
4.601955 13.188425 3.885485
7.575729 12.147617 5.900179
7.585223 12.972303 3.644727
4.700726 10.703753 8.582786
7.663909 10.585857 7.877223
4.798099 2.197072 7.042603
4.583407 2.764102 7.752365
7.650283 2.199669 5.765688
7.551095 2.975830 7.106279
4.598622 12.295949 -6.484906
7.573875 12.148194 -5.886842
7.661030 10.588271 -7.853186
4.698933 10.705456 -8.628127
4.602108 13.819288 -0.000741
4.601908 13.188349 -3.882324
7.583571 13.583609 -0.000238
7.585227 12.972323 -3.614134
1.715278 2.198269 7.027894
1.614563 2.849721 7.792557
-3.678830 11.505213 -4.578072
-3.813445 10.157828 -6.163024
-4.974913 3.612663 -3.195620
-5.029099 3.294323 -0.000566
-4.975255 3.614943 3.214746
-4.804674 4.545804 5.912526
-3.827696 10.150551 6.510240
-3.687967 11.499680 4.868347
-3.619555 12.047785 2.993976
-3.535485 12.590751 0.000207
-3.614481 12.049788 -2.973931
-6.492263 10.220884 5.184736
-6.786950 9.111110 5.189674
-5.955753 8.772194 5.302172
-5.688662 9.939161 5.293221
-4.135240 8.588941 7.314400
-4.339217 7.352866 7.433347
-0.614206 8.361602 8.970832
1.620849 8.608546 9.442474
-0.791530 6.587184 9.323134
1.614585 6.648514 9.804556
4.581621 8.837792 9.388893
4.576824 6.764294 9.750020
7.597801 8.764660 8.724053
7.535448 6.738563 8.980386
9.643385 8.662037 7.308275
9.582483 6.803262 7.494383
11.553724 8.248611 4.787036
11.425679 7.087895 4.905026
12.181583 7.113547 2.243771
12.139519 8.950031 2.182996
12.212671 9.123293 0.005228
12.031610 8.949164 -2.223222
12.279775 7.138185 0.005142
12.073631 7.114203 -2.291133
11.502345 8.247541 -4.887848
9.682789 8.663384 -7.272121
11.397969 7.090519 -4.968485
9.583862 6.802990 -7.453588
7.536808 8.743743 -8.610264
7.532732 6.736302 -8.949850
4.579377 8.838090 -9.435559
4.575782 6.763830 -9.796610
1.624284 8.608818 -9.434053
1.618575 6.650353 -9.794505
-0.604815 8.362122 -8.931919
-0.782027 6.588789 -9.281300
-4.128458 8.580801 -6.945254
-5.694392 9.941936 -4.668153
-4.331288 7.351838 -7.087242
-5.967229 8.757052 -4.804592
-6.512631 10.227175 -4.640498
-6.815061 9.099889 -4.769090
-6.999084 8.181378 4.872698
-6.156292 7.793473 4.984929
-4.577250 5.922644 6.855047
-0.938266 4.640972 8.700663
1.596088 4.567011 9.113411
4.562615 4.595694 9.064894
7.567103 4.652038 8.268127
9.585912 4.859798 6.885070
11.301761 5.256783 4.636453
11.886308 5.223361 2.109326
11.944206 5.159488 0.005332
11.779602 5.227304 -2.139587
11.282517 5.479131 -4.740500
9.584846 4.911926 -6.820207
7.578363 4.690723 -8.270091
4.551759 4.655232 -9.098999
1.588719 4.626364 -9.094844
-0.940949 4.698524 -8.605622
-4.571251 5.920728 -6.463551
-6.158053 7.803498 -4.365592
-7.008644 8.198090 -4.330721
10.904327 3.915823 -3.912445
9.648583 3.183820 -5.919809
7.549220 2.974632 -7.088068
4.583519 2.763255 -7.798019
1.616904 2.847557 -7.790091
-1.034737 3.052323 -7.345728
-4.801983 4.594173 -5.562052
-6.346358 6.887630 -3.636687
-7.202127 7.327497 -3.603665
0.262136 2.134042 -6.182927
1.731994 2.132432 -6.882823
0.062813 2.204652 -6.332669
1.715966 2.198509 -7.028596
4.871374 2.132067 -6.881825
4.797964 2.197814 -7.054971
7.650368 2.199918 -5.763290
-2.161697 11.467406 5.660322
-1.957265 12.492827 3.506798
-1.894488 13.070430 -0.007292
-1.955051 12.494097 -3.488774
-2.153488 11.471056 -5.514599
-2.105420 10.017129 -7.394979
-2.328810 8.317320 -8.204334
-2.525518 6.666953 -8.455373
-2.674079 4.925892 -7.766129
-2.820431 3.384047 -6.600334
-3.050488 2.184371 -3.255715
-3.032178 2.125919 -3.060784
-3.726750 2.124063 -0.008685
-3.787800 2.171462 -0.007883
-3.055942 2.186493 3.272226
-3.033429 2.126374 3.061114
-2.885592 3.340737 6.679859
-2.723837 4.868290 7.987464
-2.538257 6.666626 8.636371
-2.345031 8.324235 8.408085
-2.118731 10.013503 7.572656
-1.060963 2.204966 -5.794611
-8.481436 13.609163 0.029136
-8.657249 13.100926 -3.268881
-8.654647 13.097548 3.177088
-9.038100 12.599964 4.412120
-10.521710 12.407386 4.987216
-11.240574 10.901179 4.923195
-10.923981 11.523651 5.049404
-11.574456 10.181524 4.731728
-11.893418 9.520138 4.037636
-12.285971 8.925472 2.102927
-12.412450 8.731804 0.027213
-12.260110 8.958296 -2.224185
-11.851573 9.591103 -3.803520
-11.523592 10.283757 -4.599980
-11.189550 10.991076 -4.879067
-10.863885 11.610638 -4.928674
-9.046825 12.604836 -4.227124
-10.540225 12.446412 -4.778089
7.692923 2.129711 -5.514938
9.638452 2.125456 -3.056994
1.731841 2.132380 6.882174
4.871185 2.131896 6.880711
7.693191 2.129775 5.514655
9.638405 2.125489 3.057024
-1.092365 2.131780 -5.521109
-1.093327 2.132040 5.521445
0.143747 2.134102 6.125940
-0.369212 2.108519 5.437393
0.215671 2.089426 5.949819
0.248880 2.123652 4.340450
1.762368 2.115808 5.170183
1.190737 2.118349 6.292763
1.163983 2.111462 -6.166080
0.347933 2.095964 -6.036929
1.717942 2.117830 -5.001110
0.285798 2.121017 -4.256049
-0.189050 2.108615 -5.529727
8.136526 2.105332 -0.950479
8.273281 2.062516 -0.070598
9.911059 2.131366 -0.875583
10.384216 2.123260 -0.003907
10.139077 2.099339 -0.015181
9.884082 2.100948 0.960748
8.115479 2.134126 0.904512
-8.509219 13.296658 -3.331953
-8.903652 12.681234 -4.413398
-10.364867 12.534303 -4.961885
-10.711331 11.616270 -5.157173
-11.071189 10.896815 -5.114246
-11.433463 10.107614 -4.798167
-11.782090 9.355195 -3.944436
-12.192904 8.681677 -2.287087
-12.347135 8.447073 0.027433
-12.218701 8.645543 2.159477
-11.828538 9.286546 4.179693
-11.489196 10.025240 4.948333
-11.135394 10.816505 5.173160
-10.788467 11.534515 5.286907
-10.360752 12.502702 5.178705
-8.896089 12.709000 4.603190
-8.509219 13.296658 3.233832
-8.333307 13.804826 0.030668
-10.463117 12.426459 -4.768593
-8.996040 12.594163 -4.212112
-8.609242 13.091366 -3.242958
-8.434979 13.595636 0.029452
-8.606638 13.088001 3.153734
-8.983103 12.588622 4.401269
-10.445057 12.386770 4.982861
-10.844685 11.500341 5.051825
-11.160886 10.869149 4.927963
-11.492590 10.145736 4.734250
-11.809309 9.480955 4.040031
-12.194223 8.881864 2.102964
-12.320989 8.689349 0.027574
-12.169554 8.914286 -2.221274
-11.768380 9.550600 -3.799944
-11.442806 10.246439 -4.595162
-11.111278 10.957237 -4.877100
-10.786028 11.585884 -4.923517
0.085091 0.149711 -5.447013
0.444589 0.157744 -5.803638
1.031929 0.148891 -5.888871
1.419982 0.144309 -5.076447
0.416549 0.143043 -4.553164
0.397028 1.793247 -5.934999
-0.057971 1.793695 -5.502558
1.573534 1.793667 -5.049824
1.096038 1.795779 -6.043661
0.342741 1.794672 -4.406161
0.427435 0.154511 -4.583826
1.387864 0.153489 -5.088427
1.013176 0.155660 -5.857434
0.465535 0.153044 -5.762568
0.123140 0.153484 -5.440577
0.462709 0.161404 5.812796
1.038286 0.148264 5.977407
-0.033907 0.149409 5.389597
0.376925 0.145618 4.660841
1.421451 0.145859 5.234139
-0.224379 1.789078 5.418099
0.276676 1.784317 5.861559
0.293083 1.793533 4.491979
1.611549 1.788007 5.215357
1.129114 1.792798 6.154441
0.386139 0.129040 4.695936
0.004281 0.131492 5.385116
0.484585 0.123842 5.764321
1.023893 0.129451 5.942757
1.386958 0.128958 5.245564
9.516974 0.152440 0.595874
8.437351 0.161836 0.559487
8.444050 0.149111 -0.591544
9.523191 0.166716 -0.519618
9.768572 0.164792 0.047625
8.247565 1.814967 -0.830992
9.813585 1.862323 -0.754534
10.020527 1.846149 -0.011015
8.235009 1.842034 0.793299
9.798855 1.833965 0.835270
8.308701 1.808002 -0.019956
8.446648 0.220921 0.552137
8.453281 0.208516 -0.583631
9.512379 0.206611 0.581938
9.519011 0.222132 -0.505625
9.733607 0.213641 0.044399
