0.339934 49.052471 0.369506
0.040184 50.064915 0.369506
0.300327 49.667835 0.369506
0.423463 48.859772 0.369506
0.527973 48.253120 0.369506
0.595063 47.822861 0.369506
0.601696 47.150536 0.369506
0.612924 46.894039 0.369506
0.753917 8.759789 0.369506
0.740581 8.179570 0.369506
0.732300 8.647411 0.369506
0.805850 8.057337 0.369506
0.818010 7.664709 0.369506
0.763213 7.757925 0.369506
0.768842 7.958704 0.369506
0.736372 6.908058 0.369506
0.551482 7.202712 0.369506
0.532706 6.979190 0.369506
0.770229 10.327922 0.369506
0.719686 10.415812 0.369506
0.817838 15.420703 0.369506
0.729495 14.561111 0.369506
0.801634 14.779587 0.369506
0.808140 14.396374 0.369506
0.830070 16.616070 0.369506
0.833287 20.713253 0.369506
0.852442 18.992262 0.369506
0.810575 19.305016 0.369506
0.836823 19.647898 0.369506
0.851285 20.080484 0.369506
0.805595 19.742361 0.369506
0.822024 19.902393 0.369506
0.801179 19.139292 0.369506
0.802418 17.864449 0.369506
0.828879 18.757641 0.369506
-1.249632 6.636623 0.369506
-0.261013 49.161682 0.369506
-0.176581 49.737801 0.369506
-0.344542 48.968983 0.369506
-0.389215 48.253120 0.369506
-0.456304 47.822861 0.369506
-0.450380 47.150536 0.369506
-0.519425 46.894039 0.369506
-1.020045 11.775253 0.369506
-1.014673 12.429714 0.369506
-0.875613 12.199741 0.369506
-1.054248 8.657558 0.369506
-1.034327 8.338554 0.369506
-1.032631 8.545181 0.369506
-1.110321 8.233410 0.369506
-1.088524 7.455990 0.369506
-1.098682 7.818310 0.369506
-1.033727 7.549206 0.369506
-1.039356 7.749985 0.369506
-1.171619 7.033382 0.369506
-1.075713 7.266224 0.369506
-1.043489 7.124863 0.369506
-1.097094 9.507328 0.369506
-1.095651 9.683109 0.369506
-1.046551 9.595219 0.369506
-0.888230 15.231609 0.369506
-0.982017 15.411499 0.369506
-0.985753 14.956337 0.369506
-0.915065 14.561111 0.369506
-0.987204 14.779587 0.369506
-0.993710 14.396374 0.369506
-0.974405 16.338776 0.369506
-0.969853 16.893364 0.369506
-0.898514 16.510174 0.369506
-0.921704 15.636131 0.369506
-0.978270 15.867939 0.369506
-0.789946 20.709238 0.369506
-0.882852 21.053829 0.369506
-0.898320 20.376688 0.369506
-0.907910 19.208412 0.369506
-0.905343 19.521166 0.369506
-0.904545 19.618319 0.369506
-0.901285 20.015547 0.369506
-0.811093 19.712782 0.369506
-0.808942 19.904249 0.369506
-0.846822 19.355442 0.369506
-0.971791 17.864449 0.369506
-0.911530 18.767466 0.369506
-0.819381 18.464289 0.369506
0.745675 7.256663 0.369506
-0.049856 50.008030 0.369506
0.186919 49.968761 0.369506
0.781345 10.555696 0.369506
0.624281 45.544735 0.369506
-0.544404 45.118015 0.369506
0.634120 44.375866 0.369506
0.440560 44.913128 0.369506
0.641200 43.534637 0.369506
0.523680 43.684017 0.369506
0.647085 42.835506 0.369506
0.530267 43.108059 0.369506
-0.569704 43.319168 0.369506
0.518304 45.413174 0.369506
-0.120742 6.636623 0.521952
-0.120824 6.652660 0.520319
-0.120991 6.662610 0.517630
-0.120989 6.678457 0.517944
-0.228753 6.674427 0.520165
-0.228756 6.667028 0.519807
-0.228609 6.658097 0.521114
-0.228529 6.636623 0.521755
-0.228432 7.638870 0.519784
-0.120651 7.638721 0.521025
0.095569 49.516457 0.495664
-0.012123 49.516457 0.491111
0.045867 49.840481 0.472312
-0.013725 48.731579 0.507329
0.094063 48.731598 0.507257
0.094363 47.978333 0.513423
-0.013409 47.978336 0.511598
-0.013646 46.314381 0.514371
0.094140 46.314297 0.514817
-0.120712 8.635315 0.520478
-0.228498 8.635315 0.519976
-0.120711 9.631833 0.520639
-0.228497 9.631812 0.520115
-0.120722 8.319767 0.520973
-0.228509 8.319767 0.520562
-0.120707 8.526409 0.520278
-0.228493 8.526409 0.519732
-0.160590 15.285934 0.521419
-0.268302 15.282869 0.517381
-0.160606 16.614334 0.521470
-0.268323 16.614305 0.517593
-0.120553 14.582760 0.520358
-0.228318 14.579675 0.518180
-0.160438 18.434574 0.521358
-0.268084 18.434570 0.515845
-0.120335 20.815765 0.521160
-0.228022 20.816257 0.516522
0.094056 42.835342 0.515560
-0.013731 42.835781 0.515727
-0.160500 19.332064 0.521282
-0.268175 19.338224 0.516382
-0.120311 19.682714 0.521159
-0.227990 19.688896 0.516353
-0.228368 12.351037 0.518916
-0.120596 12.351102 0.520726
0.092967 45.126247 0.508658
-0.014648 45.126514 0.514755
0.093566 43.705803 0.512210
-0.014171 43.705978 0.515504
-0.228529 6.636623 0.217256
-0.228609 6.658097 0.217898
-0.228756 6.667028 0.219204
-0.228753 6.674427 0.218847
-0.120989 6.678457 0.221068
-0.120991 6.662610 0.221382
-0.120824 6.652660 0.218693
-0.120742 6.636623 0.217059
-0.228432 7.638870 0.219228
-0.120651 7.638721 0.217986
0.095569 49.516457 0.243347
-0.012123 49.516457 0.247900
0.048708 49.861259 0.283186
-0.013725 48.731579 0.231682
0.094063 48.731598 0.231754
0.094363 47.978333 0.225588
-0.013409 47.978336 0.227413
-0.013646 46.314381 0.224641
0.094140 46.314297 0.224195
-0.120712 8.635315 0.218533
-0.228498 8.635315 0.219035
-0.120711 9.631833 0.218373
-0.228497 9.631812 0.218896
-0.120722 8.319767 0.218039
-0.228509 8.319767 0.218449
-0.120707 8.526409 0.218734
-0.228493 8.526409 0.219280
-0.160590 15.285934 0.217593
-0.268302 15.282869 0.221631
-0.160606 16.614334 0.217541
-0.268323 16.614305 0.221418
-0.120553 14.582760 0.218654
-0.228318 14.579675 0.220832
-0.160438 18.434574 0.217654
-0.268084 18.434570 0.223167
-0.120335 20.815765 0.217852
-0.228022 20.816257 0.222490
0.094056 42.835342 0.223451
-0.013731 42.835781 0.223284
-0.160500 19.332064 0.217729
-0.268175 19.338224 0.222630
-0.120311 19.682714 0.217853
-0.227990 19.688896 0.222659
-0.228368 12.351037 0.220096
-0.120596 12.351102 0.218286
-0.014648 45.126514 0.224257
0.092967 45.126247 0.230354
0.093566 43.705803 0.226801
-0.014171 43.705978 0.223508
-0.694742 6.101626 0.608783
0.305258 6.101626 0.608783
-0.694742 6.672350 0.608783
0.305258 6.672350 0.608783
-0.694742 6.672350 0.130228
0.305258 6.672350 0.130228
-0.694742 6.101626 0.130228
0.305258 6.101626 0.130228
-0.194742 6.766541 0.649000
-0.194742 6.766541 0.090012
-0.194742 6.101626 0.090012
-0.194742 6.101626 0.649000
0.963546 6.672350 0.195574
0.963546 6.672350 0.543437
-1.353029 6.672350 0.543437
-1.353029 6.672350 0.195574
0.963546 6.339380 0.195574
0.893909 6.171263 0.188483
0.725792 6.101626 0.171361
0.963546 6.339380 0.543437
0.725792 6.101626 0.567650
0.893909 6.171263 0.550529
-1.353029 6.339380 0.195574
-1.115275 6.101626 0.171361
-1.283392 6.171263 0.188482
-1.353029 6.339380 0.543437
-1.283392 6.171263 0.550529
-1.115275 6.101626 0.567650
-0.582730 6.305299 0.369506
-0.519348 6.305299 0.522545
-0.366330 6.305299 0.585927
0.193246 6.305299 0.369506
-0.023153 6.305299 0.585927
0.129864 6.305299 0.522545
-0.519348 6.305299 0.216467
-0.366330 6.305299 0.153085
0.129864 6.305299 0.216467
-0.023153 6.305299 0.153085
-0.413381 0.651339 0.645270
0.023897 0.651339 0.645270
-0.413381 0.651339 0.093741
0.023897 0.651339 0.093741
-0.689117 0.651339 0.369506
-0.608356 0.651339 0.564509
0.218873 0.651339 0.564509
0.299634 0.651339 0.369506
-0.608356 0.651339 0.174503
0.218872 0.651339 0.174503
-0.718007 0.218701 0.645270
0.328524 0.218701 0.645270
-0.718007 0.218701 0.093741
0.328524 0.218701 0.093741
-1.377925 0.218701 0.369506
-1.184639 0.218701 0.564509
0.795156 0.218701 0.564509
0.988442 0.218701 0.369506
-1.184639 0.218701 0.174503
0.795156 0.218701 0.174503
-0.565694 0.533435 0.645270
0.176210 0.533435 0.645270
0.507014 0.533435 0.564509
0.644038 0.533435 0.369506
0.507014 0.533435 0.174503
0.176210 0.533435 0.093741
-0.565694 0.533435 0.093741
-0.896497 0.533435 0.174503
-1.033521 0.533435 0.369506
-0.896497 0.533435 0.564509
-0.194742 -0.016404 0.369506
-0.717416 -0.009517 0.638385
-0.718007 0.007106 0.645270
-0.715988 -0.016402 0.621762
0.327932 -0.009517 0.638385
0.328524 0.007106 0.645270
0.326504 -0.016402 0.621762
-0.717416 -0.009517 0.100627
-0.718007 0.007106 0.093741
-0.715988 -0.016402 0.117249
0.327932 -0.009517 0.100627
0.328524 0.007106 0.093741
0.326504 -0.016402 0.117249
-1.368231 -0.009517 0.369506
-1.377925 0.007106 0.369506
-1.344826 -0.016402 0.369506
-1.181297 -0.009517 0.558099
-1.184639 0.007106 0.564509
-1.173230 -0.016402 0.542626
0.791814 -0.009517 0.558099
0.795156 0.007106 0.564509
0.783747 -0.016402 0.542626
0.978747 -0.009517 0.369506
0.988442 0.007106 0.369506
0.955342 -0.016402 0.369506
-1.181297 -0.009517 0.180912
-1.184639 0.007106 0.174503
-1.173230 -0.016402 0.196386
0.791814 -0.009517 0.180912
0.795156 0.007106 0.174503
0.783747 -0.016402 0.196386
-0.366913 2.145127 0.588854
-0.366330 2.152194 0.585927
-0.368318 2.142200 0.595922
-0.022571 2.145127 0.588854
-0.023153 2.152194 0.585927
-0.021165 2.142200 0.595922
-0.366913 2.145127 0.150157
-0.366330 2.152194 0.153085
-0.368318 2.142200 0.143090
-0.022571 2.145127 0.150157
-0.023153 2.152194 0.153085
-0.021165 2.142200 0.143090
-0.585898 2.145127 0.369506
-0.582730 2.152194 0.369506
-0.593548 2.142200 0.369506
-0.521588 2.145127 0.524785
-0.519348 2.152194 0.522545
-0.526998 2.142200 0.530194
0.132105 2.145127 0.524785
0.129864 2.152194 0.522545
0.137514 2.142200 0.530194
0.196415 2.145127 0.369506
0.193246 2.152194 0.369506
0.204064 2.142200 0.369506
-0.521589 2.145127 0.214226
-0.519348 2.152194 0.216467
-0.526998 2.142200 0.208817
0.132105 2.145127 0.214226
0.129864 2.152194 0.216467
0.137514 2.142200 0.208817
-0.412798 2.139272 0.642343
-0.411392 2.142200 0.635276
-0.413381 2.132205 0.645270
0.023315 2.139272 0.642343
0.021909 2.142200 0.635276
0.023897 2.132205 0.645270
-0.412798 2.139272 0.096669
-0.411392 2.142200 0.103736
-0.413381 2.132205 0.093741
0.023315 2.139272 0.096669
0.021909 2.142200 0.103736
0.023897 2.132205 0.093741
-0.685949 2.139272 0.369506
-0.678300 2.142200 0.369506
-0.689117 2.132205 0.369506
-0.606115 2.139272 0.562268
-0.600706 2.142200 0.556859
-0.608356 2.132205 0.564509
0.216632 2.139272 0.562268
0.211223 2.142200 0.556859
0.218873 2.132205 0.564509
0.296465 2.139272 0.369506
0.288816 2.142200 0.369506
0.299634 2.132205 0.369506
-0.606115 2.139272 0.176743
-0.600706 2.142200 0.182152
-0.608356 2.132205 0.174503
0.216632 2.139272 0.176743
0.211223 2.142200 0.182152
0.218872 2.132205 0.174503
