25.733613 2.117862 -11.182453
34.592442 2.713168 -10.905272
35.408441 2.713170 -9.207015
35.926483 2.713184 -3.777739
36.085995 2.713203 5.053762
3.780343 10.404387 -12.027356
25.733616 9.224939 -11.182470
34.592436 9.348260 -10.905287
35.408441 9.348263 -9.207029
35.926483 9.348276 -3.777754
36.085995 9.348296 5.053750
35.698906 9.348308 11.066306
13.572072 1.770961 -11.598745
13.572073 11.377667 -11.598766
14.998158 9.989250 -11.549689
14.998149 1.770960 -11.549671
-34.725004 4.554374 -11.921318
-33.452739 3.644861 -11.925205
-31.261497 2.135500 -11.931905
-27.639223 0.119972 -11.942979
-25.771752 0.000030 11.886203
-30.976793 1.932003 11.957383
-31.281603 2.149908 11.961552
-35.495149 5.104970 12.019171
-35.420155 5.051326 -11.919191
25.733605 2.117911 11.265685
3.780330 1.308275 11.534501
15.267050 1.771011 11.394767
-25.771727 -0.000021 -11.948689
-34.911815 6.244518 -11.920747
-33.164931 6.471869 -11.926095
-30.180531 6.949665 -11.935221
-27.606496 7.225646 -11.943097
-27.728014 7.206223 11.912938
-29.779808 7.013954 11.941008
-31.626412 6.808945 11.966255
-31.812938 6.779045 11.968810
-36.086037 5.966004 12.027247
-35.980488 5.982862 -11.917480
25.733611 9.409636 11.265673
3.780326 10.404440 11.534486
16.588704 11.566662 11.375087
18.205266 10.060272 11.354543
-25.813167 7.476115 -11.948585
-32.359612 2.863448 11.976287
-32.492137 2.958189 11.978107
-33.366811 3.583476 11.990068
-33.618620 3.763485 11.993513
-34.595528 4.461849 12.006871
-25.788152 7.402920 11.886409
-30.208821 6.945187 11.946871
-27.606508 7.225700 11.911275
14.109886 1.771011 11.409031
35.698897 2.713216 11.066319
-27.764028 0.120023 11.913449
-33.043996 6.491309 11.985646
-33.398378 6.434500 11.990490
-34.729585 6.273787 12.008696
-27.639229 0.120023 11.911744
