12.884735 19.266724 0.303078
10.879247 19.058035 0.302287
11.975585 19.982367 0.303078
12.604580 19.716717 0.303078
11.481684 18.565981 0.302287
12.738640 18.351606 0.303078
11.020420 19.462753 0.303078
11.385204 19.844492 0.303078
12.917387 18.757822 0.303078
11.923260 18.506088 0.303078
12.143616 18.654728 0.303078
11.585161 18.623823 0.303078
11.476261 19.129326 0.303078
11.433906 18.868761 0.303078
12.295040 18.866211 0.303078
12.294703 19.131865 0.303078
12.177254 19.311153 0.303078
11.648355 19.347927 0.303078
11.919846 19.421049 0.303078
12.280081 18.008898 -0.236974
12.738640 18.351606 -0.236184
12.143616 18.654728 -0.236184
11.923260 18.506088 -0.236184
11.481684 18.565981 -0.236974
11.585161 18.623823 -0.236184
10.879247 19.058035 -0.236974
11.020420 19.462753 -0.236184
11.433906 18.868761 -0.236184
11.476261 19.129326 -0.236184
12.917387 18.757822 -0.236184
12.884735 19.266724 -0.236184
12.294703 19.131865 -0.236184
12.295040 18.866211 -0.236184
12.604580 19.716717 -0.236184
12.177254 19.311153 -0.236184
11.975585 19.982367 -0.236184
11.919846 19.421049 -0.236184
11.385204 19.844492 -0.236184
11.648355 19.347927 -0.236184
12.617564 19.218927 0.315848
12.420202 19.553347 0.315848
11.958086 19.723345 0.315848
11.518387 19.615116 0.315848
11.281197 19.299812 0.315848
11.117207 18.986755 0.315848
11.503174 18.574627 0.315848
12.082785 18.221985 0.315848
12.497023 18.486759 0.315848
12.657813 18.835104 0.315848
12.662490 19.226965 -0.248954
12.701462 18.822107 -0.248954
12.537652 18.464033 -0.248954
12.118351 18.179356 -0.248954
11.489963 18.562696 -0.248954
11.058565 19.001453 -0.248954
11.237347 19.327211 -0.248954
11.495992 19.653687 -0.248954
11.961028 19.766901 -0.248954
12.451206 19.580818 -0.248954
12.294703 19.131865 0.179338
12.177254 19.311153 0.179338
11.919846 19.421049 0.179338
11.648355 19.347927 0.179338
11.476261 19.129326 0.179338
11.433906 18.868761 0.179338
11.585161 18.623823 0.179338
11.923260 18.506088 0.179338
12.143616 18.654728 0.179338
12.295040 18.866211 0.179338
12.294703 19.131865 -0.077534
12.177254 19.311153 -0.077534
11.919846 19.421049 -0.077534
11.648355 19.347927 -0.077534
11.476261 19.129326 -0.077534
11.433906 18.868761 -0.077534
11.585161 18.623823 -0.077534
11.923260 18.506088 -0.077534
12.143616 18.654728 -0.077534
12.295040 18.866211 -0.077534
8.900734 4.124297 -6.466763
10.463437 4.124297 -3.399778
6.466761 4.124297 -8.900736
3.399777 4.124297 -10.463440
0.000000 4.124297 -11.001908
-3.399777 4.124297 -10.463438
-6.466761 4.124297 -8.900732
-8.900731 4.124297 -6.466760
-10.463436 4.124297 -3.399776
-11.001905 4.124297 0.000000
11.001904 4.124297 0.000000
-14.266032 15.017649 0.000000
-13.065984 17.536779 0.000000
-13.567802 15.017649 -4.408446
-12.426483 17.536779 -4.037611
-11.541461 15.017649 -8.385364
-10.570600 17.536779 -7.679993
-8.385365 15.017649 -11.541463
-7.679994 17.536779 -10.570601
-4.408447 15.017649 -13.567805
-4.037611 17.536779 -12.426487
0.000000 15.017649 -14.266035
0.000000 17.536779 -13.065984
4.408447 15.017649 -13.567806
4.037612 17.536779 -12.426489
8.385365 15.017649 -11.541466
7.679995 17.536779 -10.570602
11.541466 15.017649 -8.385365
10.570603 17.536779 -7.679996
13.567806 15.017649 -4.408448
12.426490 17.536779 -4.037613
14.266028 15.017649 0.000000
13.065979 17.536779 0.000000
-13.254372 8.184242 0.000000
-12.605658 8.184242 -4.095827
-10.723013 8.184242 -7.790726
-7.790727 8.184242 -10.723015
-4.095828 8.184242 -12.605660
0.000000 8.184242 -13.254375
4.095828 8.184242 -12.605662
7.790727 8.184242 -10.723018
10.723019 8.184242 -7.790729
12.605660 8.184242 -4.095828
13.254369 8.184242 0.000000
-14.409258 12.041910 0.000000
-13.704020 12.041910 -4.452706
-11.657335 12.041910 -8.469552
-8.469552 12.041910 -11.657337
-4.452707 12.041910 -13.704024
0.000000 12.041910 -14.409262
4.452708 12.041910 -13.704025
8.469554 12.041910 -11.657340
11.657341 12.041910 -8.469556
13.704024 12.041910 -4.452708
14.409255 12.041910 0.000000
-10.810524 19.223351 0.000000
-10.281415 19.223352 -3.340637
-8.745895 19.223351 -6.354268
-6.354270 19.223351 -8.745895
-3.340637 19.223351 -10.281418
0.000000 19.223351 -10.810524
3.340637 19.223351 -10.281418
6.354268 19.223351 -8.745897
8.745899 19.223351 -6.354271
10.281421 19.223351 -3.340638
10.810521 19.223351 0.000000
-8.137035 20.320887 0.000000
-7.738776 20.320889 -2.514484
-6.582998 20.320887 -4.782832
-4.782833 20.320887 -6.582998
-2.514483 20.320887 -7.738779
-0.000001 20.320887 -8.137035
2.514482 20.320887 -7.738780
4.782829 20.320887 -6.582999
6.582999 20.320887 -4.782834
7.738780 20.320887 -2.514484
8.137032 20.320887 0.000000
6.565843 20.904970 -4.770370
7.718612 20.904972 -2.507931
4.770365 20.904972 -6.565844
2.507930 20.904972 -7.718612
-0.000001 20.904972 -8.115830
-2.507931 20.904972 -7.718611
-4.770369 20.904972 -6.565842
-6.565842 20.904972 -4.770368
-7.718609 20.904972 -2.507931
-8.115830 20.904970 0.000000
8.115826 20.904972 0.000000
7.441298 0.105281 -2.417828
6.329943 0.105281 -4.598981
4.598976 0.105281 -6.329947
2.417825 0.105281 -7.441297
-0.000001 0.105281 -7.824240
-2.417827 0.105281 -7.441297
-4.598979 0.105281 -6.329947
-6.329946 0.105281 -4.598978
-7.441295 0.105281 -2.417826
-7.824237 0.105281 0.000000
7.824235 0.105281 0.000000
6.686649 20.904970 -4.858140
7.860628 20.904972 -2.554075
4.858136 20.904972 -6.686649
2.554073 20.904972 -7.860627
-0.000001 20.904972 -8.265153
-2.554074 20.904972 -7.860627
-4.858139 20.904972 -6.686648
-6.686648 20.904972 -4.858138
-7.860625 20.904972 -2.554075
-8.265153 20.904970 0.000000
8.265150 20.904972 0.000000
8.900734 4.124297 6.466763
10.463437 4.124297 3.399778
6.466761 4.124297 8.900736
3.399777 4.124297 10.463440
0.000000 4.124297 11.001908
-3.399777 4.124297 10.463438
-6.466761 4.124297 8.900732
-8.900731 4.124297 6.466760
-10.463436 4.124297 3.399776
-13.567802 15.017649 4.408446
-12.426483 17.536779 4.037611
-11.541461 15.017649 8.385364
-10.570600 17.536779 7.679993
-8.385365 15.017649 11.541463
-7.679994 17.536779 10.570601
-4.408447 15.017649 13.567805
-4.037611 17.536779 12.426487
0.000000 15.017649 14.266035
0.000000 17.536779 13.065984
4.408447 15.017649 13.567806
4.037612 17.536779 12.426489
8.385365 15.017649 11.541466
7.679995 17.536779 10.570602
11.541466 15.017649 8.385365
10.570603 17.536779 7.679996
13.567806 15.017649 4.408448
12.426490 17.536779 4.037613
-12.605658 8.184242 4.095827
-10.723013 8.184242 7.790726
-7.790727 8.184242 10.723015
-4.095828 8.184242 12.605660
0.000000 8.184242 13.254375
4.095828 8.184242 12.605662
7.790727 8.184242 10.723018
10.723019 8.184242 7.790729
12.605660 8.184242 4.095828
-13.704020 12.041910 4.452706
-11.657335 12.041910 8.469552
-8.469552 12.041910 11.657337
-4.452707 12.041910 13.704024
0.000000 12.041910 14.409262
4.452708 12.041910 13.704025
8.469554 12.041910 11.657340
11.657341 12.041910 8.469556
13.704024 12.041910 4.452708
-10.281415 19.223352 3.340637
-8.745895 19.223351 6.354268
-6.354270 19.223351 8.745895
-3.340637 19.223351 10.281418
0.000000 19.223351 10.810524
3.340637 19.223351 10.281418
6.354268 19.223351 8.745897
8.745899 19.223351 6.354271
10.281421 19.223351 3.340638
-7.738776 20.320889 2.514484
-6.582998 20.320887 4.782832
-4.782833 20.320887 6.582998
-2.514483 20.320887 7.738779
-0.000001 20.320887 8.137035
2.514482 20.320887 7.738780
4.782829 20.320887 6.582999
6.582999 20.320887 4.782834
7.738780 20.320887 2.514484
6.565843 20.904970 4.770370
7.718612 20.904972 2.507931
4.770365 20.904972 6.565844
2.507930 20.904972 7.718612
-0.000001 20.904972 8.115830
-2.507931 20.904972 7.718611
-4.770369 20.904972 6.565842
-6.565842 20.904972 4.770368
-7.718609 20.904972 2.507931
7.441298 0.105281 2.417828
6.329943 0.105281 4.598981
4.598976 0.105281 6.329947
2.417825 0.105281 7.441297
-0.000001 0.105281 7.824240
-2.417827 0.105281 7.441297
-4.598979 0.105281 6.329947
-6.329946 0.105281 4.598978
-7.441295 0.105281 2.417826
6.686649 20.904970 4.858140
7.860628 20.904972 2.554075
4.858136 20.904972 6.686649
2.554073 20.904972 7.860627
-0.000001 20.904972 8.265153
-2.554074 20.904972 7.860627
-4.858139 20.904972 6.686648
-6.686648 20.904972 4.858138
-7.860625 20.904972 2.554075
7.494447 -0.000000 2.435097
6.375154 -0.000000 4.631829
4.631824 -0.000000 6.375158
2.435094 -0.000000 7.494446
-0.000001 -0.000000 7.880125
-2.435096 -0.000000 7.494446
-4.631827 -0.000000 6.375158
-6.375157 -0.000000 4.631826
-7.494444 -0.000000 2.435095
-7.880122 0.000000 0.000000
7.880119 0.000000 0.000000
7.830577 20.390821 2.544311
6.661086 20.390821 4.839568
4.839563 20.390821 6.661086
2.544309 20.390821 7.830576
-0.000001 20.390821 8.233556
-2.544310 20.390821 7.830575
-4.839566 20.390821 6.661085
-6.661085 20.390821 4.839565
-7.830573 20.390823 2.544311
-8.233556 20.390821 0.000000
8.233552 20.390821 0.000000
-14.381757 15.046199 0.000000
-13.677862 15.046199 4.444207
-11.635084 15.046199 8.453384
-8.453385 15.046199 11.635086
-4.444208 15.046199 13.677865
0.000000 15.046199 14.381759
4.444208 15.046199 13.677866
8.453386 15.046199 11.635089
11.635089 15.046199 8.453386
13.677866 15.046199 4.444209
14.381752 15.046199 0.000000
-11.101335 4.058562 0.000000
-10.557998 4.058562 3.430502
-8.981171 4.058562 6.525203
-6.525204 4.058562 8.981172
-3.430503 4.058562 10.558001
0.000000 4.058562 11.101337
3.430503 4.058562 10.558002
6.525203 4.058562 8.981175
8.981174 4.058562 6.525206
10.558000 4.058562 3.430503
11.101332 4.058562 0.000000
-14.527606 12.027738 0.000000
-13.816575 12.027738 4.489278
-11.753081 12.027738 8.539115
-8.539116 12.027738 11.753083
-4.489279 12.027738 13.816580
0.000000 12.027738 14.527610
4.489279 12.027738 13.816581
8.539117 12.027738 11.753086
11.753087 12.027738 8.539119
13.816580 12.027738 4.489280
14.527603 12.027738 0.000000
-13.159298 17.610937 0.000000
-12.515231 17.610939 4.066447
-10.646093 17.610937 7.734842
-7.734844 17.610937 10.646094
-4.066448 17.610937 12.515235
0.000000 17.610937 13.159299
4.066448 17.610937 12.515237
7.734844 17.610937 10.646096
10.646097 17.610937 7.734845
12.515238 17.610937 4.066449
13.159294 17.610937 0.000000
-10.870220 19.326519 0.000000
-10.338189 19.326519 3.359084
-8.794190 19.326519 6.389357
-6.389359 19.326519 8.794190
-3.359084 19.326519 10.338192
0.000000 19.326519 10.870220
3.359084 19.326519 10.338192
6.389356 19.326519 8.794192
8.794194 19.326519 6.389359
10.338195 19.326519 3.359085
10.870217 19.326519 0.000000
-13.364414 8.138440 0.000000
-12.710314 8.138440 4.129831
-10.812039 8.138440 7.855407
-7.855408 8.138440 10.812040
-4.129833 8.138440 12.710317
0.000000 8.138440 13.364417
4.129833 8.138440 12.710319
7.855409 8.138440 10.812043
10.812044 8.138440 7.855410
12.710317 8.138440 4.129833
13.364411 8.138440 0.000000
5.520033 -0.000000 1.793571
4.695618 -0.000000 3.411574
3.411570 -0.000000 4.695622
1.793567 -0.000000 5.520034
-0.000001 -0.000000 5.804104
-1.793570 -0.000000 5.520034
-3.411573 -0.000000 4.695622
-4.695621 -0.000000 3.411572
-5.520031 -0.000000 1.793570
-5.804101 0.000000 0.000000
5.804098 0.000000 0.000000
-0.000001 0.000000 0.000000
5.520033 0.119193 1.793571
4.695618 0.119193 3.411574
3.411570 0.119193 4.695622
1.793567 0.119193 5.520034
-0.000001 0.119193 5.804104
-1.793570 0.119193 5.520034
-3.411573 0.119193 4.695622
-4.695621 0.119193 3.411572
-5.520031 0.119193 1.793570
-5.804101 0.119193 0.000000
5.804098 0.119193 0.000000
-0.000001 0.119193 0.000000
8.233552 20.809139 0.000000
7.830577 20.809139 2.544311
6.661086 20.809137 4.839568
4.839563 20.809139 6.661086
2.544309 20.809139 7.830576
-0.000001 20.809139 8.233556
-2.544310 20.809139 7.830575
-4.839566 20.809139 6.661085
-6.661085 20.809139 4.839565
-7.830573 20.809139 2.544311
-8.233556 20.809137 0.000000
7.494447 0.000000 -2.435097
6.375154 0.000000 -4.631829
4.631824 0.000000 -6.375158
2.435094 0.000000 -7.494446
-0.000001 0.000000 -7.880125
-2.435096 0.000000 -7.494446
-4.631827 0.000000 -6.375158
-6.375157 0.000000 -4.631826
-7.494444 0.000000 -2.435095
7.830577 20.390821 -2.544311
6.661086 20.390821 -4.839568
4.839563 20.390821 -6.661086
2.544309 20.390821 -7.830576
-0.000001 20.390821 -8.233556
-2.544310 20.390821 -7.830575
-4.839566 20.390821 -6.661085
-6.661085 20.390821 -4.839565
-7.830573 20.390823 -2.544311
-13.677862 15.046199 -4.444207
-11.635084 15.046199 -8.453384
-8.453385 15.046199 -11.635086
-4.444208 15.046199 -13.677865
0.000000 15.046199 -14.381759
4.444208 15.046199 -13.677866
8.453386 15.046199 -11.635089
11.635089 15.046199 -8.453386
13.677866 15.046199 -4.444209
-10.557998 4.058562 -3.430502
-8.981171 4.058562 -6.525203
-6.525204 4.058562 -8.981172
-3.430503 4.058562 -10.558001
0.000000 4.058562 -11.101337
3.430503 4.058562 -10.558002
6.525203 4.058562 -8.981175
8.981174 4.058562 -6.525206
10.558000 4.058562 -3.430503
-13.816575 12.027738 -4.489278
-11.753081 12.027738 -8.539115
-8.539116 12.027738 -11.753083
-4.489279 12.027738 -13.816580
0.000000 12.027738 -14.527610
4.489279 12.027738 -13.816581
8.539117 12.027738 -11.753086
11.753087 12.027738 -8.539119
13.816580 12.027738 -4.489280
-12.515231 17.610939 -4.066447
-10.646093 17.610937 -7.734842
-7.734844 17.610937 -10.646094
-4.066448 17.610937 -12.515235
0.000000 17.610937 -13.159299
4.066448 17.610937 -12.515237
7.734844 17.610937 -10.646096
10.646097 17.610937 -7.734845
12.515238 17.610937 -4.066449
-10.338189 19.326519 -3.359084
-8.794190 19.326519 -6.389357
-6.389359 19.326519 -8.794190
-3.359084 19.326519 -10.338192
0.000000 19.326519 -10.870220
3.359084 19.326519 -10.338192
6.389356 19.326519 -8.794192
8.794194 19.326519 -6.389359
10.338195 19.326519 -3.359085
-12.710314 8.138440 -4.129831
-10.812039 8.138440 -7.855407
-7.855408 8.138440 -10.812040
-4.129833 8.138440 -12.710317
0.000000 8.138440 -13.364417
4.129833 8.138440 -12.710319
7.855409 8.138440 -10.812043
10.812044 8.138440 -7.855410
12.710317 8.138440 -4.129833
5.520033 0.000000 -1.793571
4.695618 0.000000 -3.411574
3.411570 0.000000 -4.695622
1.793567 0.000000 -5.520034
-0.000001 0.000000 -5.804104
-1.793570 0.000000 -5.520034
-3.411573 0.000000 -4.695622
-4.695621 0.000000 -3.411572
-5.520031 0.000000 -1.793570
5.520033 0.119193 -1.793571
4.695618 0.119193 -3.411574
3.411570 0.119193 -4.695622
1.793567 0.119193 -5.520034
-0.000001 0.119193 -5.804104
-1.793570 0.119193 -5.520034
-3.411573 0.119193 -4.695622
-4.695621 0.119193 -3.411572
-5.520031 0.119193 -1.793570
7.830577 20.809139 -2.544311
6.661086 20.809137 -4.839568
4.839563 20.809139 -6.661086
2.544309 20.809139 -7.830576
-0.000001 20.809139 -8.233556
-2.544310 20.809139 -7.830575
-4.839566 20.809139 -6.661085
-6.661085 20.809139 -4.839565
-7.830573 20.809139 -2.544311
-7.273774 -0.000000 2.363395
-7.648096 0.000000 0.000000
-7.273774 0.000000 -2.363395
-6.187445 0.000000 -4.495445
-4.495446 0.000000 -6.187445
-2.363396 0.000000 -7.273777
-0.000001 0.000000 -7.648098
2.363394 0.000000 -7.273777
4.495442 0.000000 -6.187445
6.187441 0.000000 -4.495447
7.273777 0.000000 -2.363397
7.648093 0.000000 0.000000
7.273777 -0.000000 2.363397
6.187441 -0.000000 4.495447
4.495442 -0.000000 6.187445
2.363394 -0.000000 7.273777
-0.000001 -0.000000 7.648098
-2.363396 -0.000000 7.273777
-4.495446 -0.000000 6.187445
-6.187445 -0.000000 4.495445
-7.588700 0.124870 2.465721
-6.455337 0.124870 4.690079
-4.690081 0.124870 6.455338
-2.465722 0.124870 7.588702
-0.000001 0.124870 7.979231
2.465720 0.124870 7.588702
4.690077 0.124870 6.455338
6.455333 0.124870 4.690082
7.588703 0.124870 2.465722
7.979226 0.124870 0.000000
7.588703 0.124870 -2.465722
6.455333 0.124870 -4.690082
4.690077 0.124870 -6.455338
2.465720 0.124870 -7.588702
-0.000001 0.124870 -7.979231
-2.465722 0.124870 -7.588702
-4.690081 0.124870 -6.455338
-6.455337 0.124870 -4.690079
-7.588700 0.124870 -2.465721
-7.979229 0.124870 0.000000
-7.737241 0.321657 2.513985
-6.581694 0.321657 4.781883
-4.781884 0.321657 6.581694
-2.513986 0.321657 7.737244
-0.000001 0.321657 8.135417
2.513984 0.321657 7.737244
4.781881 0.321657 6.581695
6.581691 0.321657 4.781886
7.737245 0.321657 2.513986
8.135411 0.321657 0.000000
7.737245 0.321657 -2.513986
6.581691 0.321657 -4.781886
4.781881 0.321657 -6.581695
2.513984 0.321657 -7.737244
-0.000001 0.321657 -8.135417
-2.513986 0.321657 -7.737244
-4.781884 0.321657 -6.581694
-6.581694 0.321657 -4.781883
-7.737241 0.321657 -2.513985
-8.135415 0.321657 0.000000
6.463989 0.314841 4.696371
4.696366 0.314841 6.463994
2.469026 0.314841 7.598878
-0.000001 0.314841 7.989931
-2.469028 0.314841 7.598878
-4.696370 0.314841 6.463994
-6.463993 0.314841 4.696368
-7.598876 0.314841 2.469027
-7.989928 0.314841 0.000000
-7.598876 0.314841 -2.469027
-6.463993 0.314841 -4.696368
-4.696370 0.314841 -6.463994
-2.469028 0.314841 -7.598878
-0.000001 0.314841 -7.989931
2.469026 0.314841 -7.598878
4.696366 0.314841 -6.463994
6.463989 0.314841 -4.696371
7.598879 0.314841 -2.469028
7.989925 0.314841 0.000000
7.598879 0.314841 2.469028
6.059731 0.107581 4.402661
7.123646 0.107581 2.314616
7.490235 0.107581 0.000000
7.123646 0.107581 -2.314616
6.059731 0.107581 -4.402661
4.402657 0.107581 -6.059736
2.314613 0.107581 -7.123645
-0.000001 0.107581 -7.490242
-2.314615 0.107581 -7.123645
-4.402660 0.107581 -6.059736
-6.059735 0.107581 -4.402658
-7.123642 0.107581 -2.314615
-7.490239 0.107581 0.000000
-7.123642 0.107581 2.314615
-6.059735 0.107581 4.402658
-4.402660 0.107581 6.059736
-2.314615 0.107581 7.123645
-0.000001 0.107581 7.490242
2.314613 0.107581 7.123645
4.402657 0.107581 6.059736
2.580290 20.343822 -7.941312
-0.000001 20.343822 -8.349990
-2.580291 20.343822 -7.941311
-4.908005 20.343822 -6.755282
-6.755282 20.343822 -4.908004
-7.941309 20.343822 -2.580291
-8.349990 20.343822 0.000000
-7.941309 20.343822 2.580291
-6.755282 20.343822 4.908004
-4.908005 20.343822 6.755282
-2.580291 20.343822 7.941311
-0.000001 20.343822 8.349990
2.580290 20.343822 7.941312
4.908002 20.343822 6.755284
6.755283 20.343822 4.908006
7.941313 20.343822 2.580291
8.349987 20.343822 0.000000
7.941313 20.343822 -2.580291
6.755283 20.343822 -4.908006
4.908002 20.343822 -6.755284
2.544309 20.471289 -7.830576
-0.000001 20.471289 -8.233556
-2.544310 20.471289 -7.830575
-4.839566 20.471289 -6.661085
-6.661085 20.471289 -4.839565
-7.830573 20.471289 -2.544311
-8.233556 20.471289 0.000000
-7.830573 20.471289 2.544311
-6.661085 20.471289 4.839565
-4.839566 20.471289 6.661085
-2.544310 20.471289 7.830575
-0.000001 20.471289 8.233556
2.544309 20.471289 7.830576
4.839563 20.471289 6.661086
6.661086 20.471289 4.839568
7.830577 20.471289 2.544311
8.233552 20.471289 0.000000
7.830577 20.471289 -2.544311
6.661086 20.471289 -4.839568
4.839563 20.471289 -6.661086
7.736021 20.400772 2.513588
6.580652 20.400772 4.781129
4.781124 20.400772 6.580653
2.513586 20.400772 7.736021
-0.000001 20.400772 8.134135
-2.513587 20.400772 7.736020
-4.781128 20.400772 6.580652
-6.580652 20.400772 4.781127
-7.736018 20.400774 2.513588
-8.134135 20.400772 0.000000
-7.736018 20.400774 -2.513588
-6.580652 20.400772 -4.781127
-4.781128 20.400772 -6.580652
-2.513587 20.400772 -7.736020
-0.000001 20.400772 -8.134135
2.513586 20.400772 -7.736021
4.781124 20.400772 -6.580653
6.580652 20.400772 -4.781129
7.736021 20.400772 -2.513588
8.134130 20.400772 0.000000
7.907238 20.248171 2.569220
6.726298 20.248171 4.886947
4.886942 20.248171 6.726299
2.569218 20.248171 7.907238
-0.000001 20.248171 8.314163
-2.569219 20.248171 7.907237
-4.886946 20.248171 6.726297
-6.726297 20.248171 4.886945
-7.907235 20.248173 2.569220
-8.314163 20.248171 0.000000
-7.907235 20.248173 -2.569220
-6.726297 20.248171 -4.886945
-4.886946 20.248171 -6.726297
-2.569219 20.248171 -7.907237
-0.000001 20.248171 -8.314163
2.569218 20.248171 -7.907238
4.886942 20.248171 -6.726299
6.726298 20.248171 -4.886947
7.907238 20.248171 -2.569220
8.314159 20.248171 0.000000
7.720630 20.846525 2.508587
6.567560 20.846525 4.771617
4.771612 20.846525 6.567560
2.508585 20.846525 7.720630
-0.000001 20.846525 8.117952
-2.508586 20.846525 7.720629
-4.771616 20.846525 6.567559
-6.567559 20.846525 4.771615
-7.720627 20.846527 2.508587
-8.117952 20.846525 0.000000
-7.720627 20.846527 -2.508587
-6.567559 20.846525 -4.771615
-4.771616 20.846525 -6.567559
-2.508586 20.846525 -7.720629
-0.000001 20.846525 -8.117952
2.508585 20.846525 -7.720630
4.771612 20.846525 -6.567560
6.567560 20.846525 -4.771617
7.720630 20.846525 -2.508587
8.117948 20.846525 0.000000
7.830577 20.764912 2.544311
8.233552 20.764912 0.000000
7.830577 20.764912 -2.544311
6.661086 20.764910 -4.839568
4.839562 20.764912 -6.661086
2.544309 20.764912 -7.830576
-0.000001 20.764912 -8.233556
-2.544310 20.764912 -7.830575
-4.839566 20.764912 -6.661085
-6.661085 20.764912 -4.839565
-7.830573 20.764912 -2.544311
-8.233556 20.764910 0.000000
-7.830573 20.764912 2.544311
-6.661085 20.764912 4.839565
-4.839566 20.764912 6.661085
-2.544310 20.764912 7.830575
-0.000001 20.764912 8.233556
2.544309 20.764912 7.830576
4.839562 20.764912 6.661086
6.661086 20.764910 4.839568
7.838713 20.835085 2.546955
8.242106 20.835085 0.000000
7.838713 20.835085 -2.546955
6.668007 20.835085 -4.844596
4.844591 20.835085 -6.668007
2.546953 20.835085 -7.838712
-0.000001 20.835085 -8.242110
-2.546954 20.835085 -7.838711
-4.844594 20.835085 -6.668006
-6.668006 20.835085 -4.844594
-7.838709 20.835085 -2.546955
-8.242110 20.835085 0.000000
-7.838709 20.835085 2.546955
-6.668006 20.835085 4.844594
-4.844594 20.835085 6.668006
-2.546954 20.835085 7.838711
-0.000001 20.835085 8.242110
2.546953 20.835085 7.838712
4.844591 20.835085 6.668007
6.668007 20.835085 4.844596
-12.280081 18.008898 0.302287
-12.884735 19.266724 0.303078
-10.879247 19.058035 0.302287
-11.975585 19.982367 0.303078
-12.604580 19.716717 0.303078
-11.481684 18.565981 0.302287
-12.738640 18.351606 0.303078
-11.020420 19.462753 0.303078
-11.385204 19.844492 0.303078
-12.917387 18.757822 0.303078
-11.923260 18.506088 0.303078
-12.143616 18.654728 0.303078
-11.585161 18.623823 0.303078
-11.476261 19.129326 0.303078
-11.433906 18.868761 0.303078
-12.295040 18.866211 0.303078
-12.294703 19.131865 0.303078
-12.177254 19.311153 0.303078
-11.648355 19.347927 0.303078
-11.919846 19.421049 0.303078
-12.280081 18.008898 -0.236974
-12.738640 18.351606 -0.236184
-12.143616 18.654728 -0.236184
-11.923260 18.506088 -0.236184
-11.481684 18.565981 -0.236974
-11.585161 18.623823 -0.236184
-10.879247 19.058035 -0.236974
-11.020420 19.462753 -0.236184
-11.433906 18.868761 -0.236184
-11.476261 19.129326 -0.236184
-12.917387 18.757822 -0.236184
-12.884735 19.266724 -0.236184
-12.294703 19.131865 -0.236184
-12.295040 18.866211 -0.236184
-12.604580 19.716717 -0.236184
-12.177254 19.311153 -0.236184
-11.975585 19.982367 -0.236184
-11.919846 19.421049 -0.236184
-11.385204 19.844492 -0.236184
-11.648355 19.347927 -0.236184
-12.617564 19.218927 0.315848
-12.420202 19.553347 0.315848
-11.958086 19.723345 0.315848
-11.518387 19.615116 0.315848
-11.281197 19.299812 0.315848
-11.117207 18.986755 0.315848
-11.503174 18.574627 0.315848
-12.082785 18.221985 0.315848
-12.497023 18.486759 0.315848
-12.657813 18.835104 0.315848
-12.662490 19.226965 -0.248954
-12.701462 18.822107 -0.248954
-12.537652 18.464033 -0.248954
-12.118351 18.179356 -0.248954
-11.489963 18.562696 -0.248954
-11.058565 19.001453 -0.248954
-11.237347 19.327211 -0.248954
-11.495992 19.653687 -0.248954
-11.961028 19.766901 -0.248954
-12.451206 19.580818 -0.248954
-12.294703 19.131865 0.179338
-12.177254 19.311153 0.179338
-11.919846 19.421049 0.179338
-11.648355 19.347927 0.179338
-11.476261 19.129326 0.179338
-11.433906 18.868761 0.179338
-11.585161 18.623823 0.179338
-11.923260 18.506088 0.179338
-12.143616 18.654728 0.179338
-12.295040 18.866211 0.179338
-12.294703 19.131865 -0.077534
-12.177254 19.311153 -0.077534
-11.919846 19.421049 -0.077534
-11.648355 19.347927 -0.077534
-11.476261 19.129326 -0.077534
-11.433906 18.868761 -0.077534
-11.585161 18.623823 -0.077534
-11.923260 18.506088 -0.077534
-12.143616 18.654728 -0.077534
-12.295040 18.866211 -0.077534
