6.577779769897461 -0.4628523290157318 4.5174407958984375
6.574762344360352 -0.9347725510597229 4.527661323547363
7.16132116317749 -0.927168071269989 5.051951885223389
7.1643385887146 -0.45524778962135315 5.041731357574463
7.7478837966918945 -0.9195634722709656 5.576245307922363
7.750901222229004 -0.4476432204246521 5.5660247802734375
8.33444595336914 -0.9119588732719421 6.100539207458496
8.33746337890625 -0.44003865122795105 6.090318202972412
8.921005249023438 -0.9043543934822083 6.6248297691345215
8.924022674560547 -0.4324341118335724 6.614609241485596
6.5807976722717285 0.009067954495549202 4.5072197914123535
7.167356014251709 0.01667247898876667 5.031510829925537
7.753918647766113 0.02427704632282257 5.555804252624512
8.34048080444336 0.03188161179423332 6.080097675323486
8.927040100097656 0.03948614001274109 6.60438871383667
6.58381462097168 0.48098817467689514 4.496999263763428
7.170373439788818 0.4885926842689514 5.021290302276611
7.7569355964660645 0.49619728326797485 5.545583724975586
8.343498229980469 0.5038018822669983 6.0698771476745605
8.930057525634766 0.5114063620567322 6.594167232513428
6.586832046508789 0.952908456325531 4.486778736114502
7.173390865325928 0.9605129361152649 5.0110697746276855
7.759953022003174 0.9681175351142883 5.53536319732666
8.346515655517578 0.9757221341133118 6.059656620025635
8.933074951171875 0.9833266139030457 6.583946704864502
