-4.327037811279297 -9.034322738647461 2.951148271560669
-4.30752420425415 -9.007286071777344 2.9204013347625732
-5.887705326080322 -8.991655349731445 1.9312835931777954
-5.907218933105469 -9.018691062927246 1.9620307683944702
-4.327037811279297 -9.034322738647461 2.951148271560669
-5.907218933105469 -9.018691062927246 1.9620307683944702
-5.887705326080322 -8.991655349731445 1.9312835931777954
-4.30752420425415 -9.007286071777344 2.9204013347625732
-5.907218933105469 -9.018691062927246 1.9620307683944702
-5.887705326080322 -8.991655349731445 1.9312835931777954
-5.887705326080322 -8.991655349731445 1.9312835931777954
-4.30752420425415 -9.007286071777344 2.9204013347625732
