-7.426653861999512 7.478795051574707 -4.814671993255615
-7.427940845489502 7.29378604888916 -4.810783863067627
-7.134782314300537 7.296504974365234 -4.584364891052246
-7.133495330810547 7.481513500213623 -4.588252544403076
-6.841622352600098 7.299223899841309 -4.357943534851074
-6.840335845947266 7.484232425689697 -4.3618316650390625
-6.548462390899658 7.301942348480225 -4.1315226554870605
-6.547175884246826 7.4869513511657715 -4.135410308837891
-6.255303859710693 7.304661273956299 -3.9051029682159424
-6.254017353057861 7.489670276641846 -3.9089910984039307
-7.4253668785095215 7.663803577423096 -4.818559646606445
-7.132208347320557 7.66652250289917 -4.592140197753906
-6.839048385620117 7.669241428375244 -4.365719795227051
-6.545888423919678 7.671960353851318 -4.139298439025879
-6.252729892730713 7.674679279327393 -3.91287899017334
-7.424079895019531 7.848812580108643 -4.822447776794434
-7.130921363830566 7.851531505584717 -4.5960283279418945
-6.837761402130127 7.854250431060791 -4.369607448577881
-6.544600963592529 7.856968879699707 -4.143186569213867
-6.251443386077881 7.859687805175781 -3.916766881942749
-7.422792911529541 8.033822059631348 -4.826335906982422
-7.129634380340576 8.036540031433105 -4.599915981292725
-6.836474418640137 8.03925895690918 -4.373495101928711
-6.543314456939697 8.041977882385254 -4.1470746994018555
-6.250155925750732 8.044696807861328 -3.920654773712158
