-8.152167320251465 4.818475246429443 -4.964344501495361
-8.150951385498047 4.346436500549316 -4.9646382331848145
-7.43092155456543 4.348095893859863 -4.647548675537109
-7.432138442993164 4.82013463973999 -4.6472554206848145
-6.710888385772705 4.349755764007568 -4.33045768737793
-6.712105751037598 4.821794509887695 -4.330164909362793
-5.9908552169799805 4.351415157318115 -4.01336669921875
-5.992072105407715 4.8234543800354 -4.013073921203613
-5.2708258628845215 4.353074550628662 -3.696277618408203
-5.272043228149414 4.825113773345947 -3.695984363555908
-8.153385162353516 5.29051399230957 -4.964051723480225
-7.433355808258057 5.292173385620117 -4.646962642669678
-6.71332311630249 5.293833255767822 -4.329871654510498
-5.993289470672607 5.295493125915527 -4.01278018951416
-5.273260593414307 5.297152519226074 -3.6956913471221924
-8.15460205078125 5.762552738189697 -4.96375846862793
-7.434573173522949 5.764212608337402 -4.646669387817383
-6.714539527893066 5.765872478485107 -4.329578399658203
-5.9945068359375 5.767531871795654 -4.012487411499023
-5.274477481842041 5.769191265106201 -3.6953983306884766
-8.155818939208984 6.234591484069824 -4.963465213775635
-7.435790061950684 6.2362518310546875 -4.646376132965088
-6.715756893157959 6.237911224365234 -4.329285144805908
-5.995723724365234 6.239570617675781 -4.0121941566467285
-5.275694847106934 6.241230010986328 -3.6951050758361816
