0.3344498574733734 -9.243342399597168 6.064030647277832
0.3369729220867157 -9.443275451660156 6.065346717834473
0.6323742270469666 -9.438076972961426 6.288788318634033
0.629851222038269 -9.238143920898438 6.287472724914551
0.9277773499488831 -9.432877540588379 6.512231349945068
0.9252542853355408 -9.23294448852539 6.510915279388428
1.2231804132461548 -9.427679061889648 6.7356743812561035
1.2206573486328125 -9.227746963500977 6.734358310699463
1.518581748008728 -9.422481536865234 6.959115982055664
1.5160588026046753 -9.222548484802246 6.957800388336182
0.3319268226623535 -9.04340934753418 6.06271505355835
0.6273281574249268 -9.03821086883545 6.28615665435791
0.9227312207221985 -9.033012390136719 6.509599685668945
1.2181342840194702 -9.027813911437988 6.7330427169799805
1.513535737991333 -9.022615432739258 6.956483840942383
0.32940375804901123 -8.843476295471191 6.061398983001709
0.6248050928115845 -8.838277816772461 6.2848405838012695
0.9202081561088562 -8.83307933807373 6.508283615112305
1.215611219406128 -8.827880859375 6.73172664642334
1.5110126733779907 -8.82268238067627 6.955167770385742
0.32688072323799133 -8.64354419708252 6.060082912445068
0.6222820281982422 -8.638344764709473 6.283524990081787
0.9176850914955139 -8.633146286010742 6.506968021392822
1.2130881547927856 -8.627947807312012 6.730410099029541
1.5084896087646484 -8.622749328613281 6.95385217666626
