6.917020797729492 7.3628435134887695 5.111445426940918
6.918001651763916 7.147298336029053 5.1148529052734375
7.2311577796936035 7.152587413787842 5.3593034744262695
7.2301764488220215 7.368132591247559 5.355896472930908
7.544315338134766 7.157876968383789 5.603755474090576
7.543334007263184 7.373422622680664 5.600347995758057
7.857472896575928 7.163166522979736 5.848207473754883
7.856492042541504 7.378711700439453 5.8448004722595215
8.170628547668457 7.168455600738525 6.092658042907715
8.169647216796875 7.384000778198242 6.089251518249512
6.91603946685791 7.5783891677856445 5.108038902282715
7.2291951179504395 7.583678245544434 5.352489471435547
7.542352676391602 7.588967323303223 5.5969414710998535
7.855510711669922 7.59425687789917 5.84139347076416
8.16866683959961 7.599545955657959 6.085844039916992
6.915058135986328 7.793934345245361 5.1046319007873535
7.228214263916016 7.79922342300415 5.349082946777344
7.541371822357178 7.8045125007629395 5.59353494644165
7.854529857635498 7.8098015785217285 5.837986469268799
8.167685508728027 7.815091609954834 6.082437515258789
6.914077281951904 8.009479522705078 5.101224899291992
7.227232933044434 8.014768600463867 5.345675468444824
7.540390491485596 8.020058631896973 5.590127468109131
7.853548526763916 8.025347709655762 5.834579944610596
8.166704177856445 8.03063678741455 6.0790300369262695
