-6.987376689910889 4.155078411102295 -4.461103916168213
-6.9526801109313965 4.155210018157959 -4.4469451904296875
-6.954314231872559 3.021427631378174 -4.432380676269531
-6.989010334014893 3.0212957859039307 -4.446538925170898
-6.987376689910889 4.155078411102295 -4.461103916168213
-6.989010334014893 3.0212957859039307 -4.446538925170898
-6.954314231872559 3.021427631378174 -4.432380676269531
-6.9526801109313965 4.155210018157959 -4.4469451904296875
-6.989010334014893 3.0212957859039307 -4.446538925170898
-6.954314231872559 3.021427631378174 -4.432380676269531
-6.954314231872559 3.021427631378174 -4.432380676269531
-6.9526801109313965 4.155210018157959 -4.4469451904296875
