-7.5456132888793945 2.7601001262664795 -4.738214015960693
-7.547688007354736 2.5750575065612793 -4.738206386566162
-7.2174153327941895 2.571362257003784 -4.570512294769287
-7.215341091156006 2.7564046382904053 -4.570519924163818
-6.88714075088501 2.56766676902771 -4.4028167724609375
-6.885066509246826 2.75270938873291 -4.402824401855469
-6.55686616897583 2.5639712810516357 -4.235121250152588
-6.554792404174805 2.749014139175415 -4.235128879547119
-6.226593971252441 2.5602760314941406 -4.067426681518555
-6.2245192527771 2.745318651199341 -4.067434310913086
-7.543539524078369 2.9451427459716797 -4.738221645355225
-7.213266372680664 2.9414472579956055 -4.570527076721191
-6.882992267608643 2.9377520084381104 -4.40283203125
-6.552717685699463 2.934056520462036 -4.235136985778809
-6.222445487976074 2.93036150932312 -4.067442417144775
-7.541464805603027 3.13018536567688 -4.738229751586914
-7.211192607879639 3.1264901161193848 -4.570535182952881
-6.880918025970459 3.1227946281433105 -4.402839660644531
-6.550643444061279 3.1190991401672363 -4.235144138336182
-6.220370769500732 3.115403890609741 -4.067449569702148
-7.539390563964844 3.315228223800659 -4.738237380981445
-7.209117889404297 3.311532735824585 -4.570542812347412
-6.878843307495117 3.30783748626709 -4.4028472900390625
-6.548569202423096 3.3041419982910156 -4.235151767730713
-6.218296527862549 3.3004465103149414 -4.067457675933838
