14.8745 -9.1154 -8.5781
14.8938 -9.1097 -6.7342
12.1392 -9.2280 2.0435
13.5687 -9.1570 0.2948
13.2940 -9.2139 2.0296
-2.6721 -9.2752 9.2402
-2.0381 -9.2807 9.0369
-2.3465 -9.0707 9.5423
13.5884 -9.1440 1.6931
-3.7010 -9.1014 8.2821
-3.5788 -9.0953 8.6689
-4.4730 -9.2335 8.5735
-4.0204 -9.2852 8.9524
-3.6522 -9.2636 7.9479
-2.8179 -9.3298 7.7299
-3.0634 -9.2131 8.1464
15.6692 -9.1179 -8.5595
-2.3491 -9.3021 8.3400
-12.0153 -9.3806 10.7151
-11.4284 -9.4161 11.1555
-11.5187 -9.4292 12.1220
12.7252 -9.2300 0.1062
-2.8626 -9.1476 8.5761
-3.0634 -9.2811 9.0129
-3.5126 -9.1970 8.9187
13.8382 -8.9787 0.9548
13.8708 -8.9850 -0.3563
-10.4034 -9.3784 11.0435
-11.2805 -9.3354 10.5995
-10.7445 -9.3938 10.2931
14.1253 -8.8753 -0.5034
14.4624 -9.0291 -0.5095
14.5361 -9.0620 0.6228
14.7881 -9.1644 0.6269
16.6858 -9.0846 -8.7431
16.5738 -9.1218 -6.6037
17.2032 -8.9900 -7.1215
16.9828 -9.0484 -8.1230
14.2874 -8.8507 0.2997
17.4295 -8.8423 -8.0026
17.5075 -8.7296 -6.6171
-9.8618 -9.3949 11.7206
1.3674 -8.9996 6.6658
0.8106 -9.2194 6.3687
1.3127 -9.1443 6.2275
17.6392 -8.3324 -7.9396
-7.1790 -7.8114 -17.5850
-9.2068 -7.4988 -17.6375
-7.0789 -6.7558 -17.5430
-10.0305 -6.9556 -17.6169
14.0603 -8.8221 0.9667
14.2607 -8.8775 1.1036
-11.8676 -9.1998 10.2791
-11.6031 -9.1016 10.1741
-12.2210 -9.3228 9.9819
-12.7049 -9.4091 10.2303
12.1469 -2.4426 -3.4577
13.4019 -3.0442 -0.0578
14.7342 -3.5918 -3.2321
1.6873 -9.2228 5.6716
0.0323 -9.1572 4.8380
1.8620 -9.2121 5.0136
2.5322 -9.1859 5.5326
-11.6310 -8.9902 9.6683
-7.9301 -6.0255 -17.4285
2.1924 -9.0050 5.9957
1.5916 -8.8633 6.4557
-11.1621 -9.2210 9.9707
17.2223 -8.9918 -9.1724
2.0508 -8.6957 6.4587
2.5437 -8.8474 6.0816
2.4408 -8.7582 6.6399
17.6099 -8.6087 -8.4662
17.4546 -8.8550 -9.3485
-10.4765 -6.3371 -17.5283
17.5935 -8.5930 -9.5671
17.6814 -8.1271 -9.9054
-7.2445 -5.6395 -17.2966
0.1756 -9.2444 9.7939
0.4006 -9.3127 9.4589
0.6140 -9.3152 10.6081
12.5824 -9.2367 3.0929
-0.0742 -9.0644 9.9945
0.3450 -9.2405 10.2811
-9.6266 -9.2441 10.6332
-9.4539 -9.1965 11.0966
-9.3033 -9.3186 11.3110
-0.6029 -9.2124 9.4450
-8.9981 -9.1155 10.8448
-8.7193 -9.2065 11.2531
-10.4393 -5.8034 -17.4064
-8.6135 -9.1566 10.9877
-0.6730 -9.0118 9.6541
-9.0505 -5.2210 -17.0470
-10.2736 -5.4855 -17.2511
-12.7554 -9.4286 9.1364
-12.6147 -9.3784 9.6553
-12.2469 -9.1371 9.5453
13.9191 -8.7781 1.6845
13.7449 -8.9482 1.9419
-11.8238 -8.9967 9.4582
14.2246 -8.8504 1.7218
17.7143 -7.4323 -8.3760
-17.0126 -9.2024 5.9751
-16.7936 -9.3529 5.3548
-16.4048 -9.4023 6.6755
13.7509 -9.1355 -14.8162
13.8571 -8.9974 -13.9308
13.1592 -9.1336 -14.2693
-16.6956 -9.3918 8.0956
-17.0469 -9.3313 8.3390
-17.2004 -9.1295 7.7649
3.4597 -9.2581 8.7855
3.2644 -9.1660 9.1671
2.2535 -9.2817 9.2112
-16.0293 -9.4169 9.0728
-6.5921 -5.3024 -17.1123
14.3169 -8.9610 -12.9206
14.4415 -8.9208 -11.9298
14.0472 -8.9356 -12.2828
0.4640 -9.2814 7.8076
2.5373 -9.2752 8.0783
13.9481 -8.9376 -12.8471
13.7255 -9.0959 -11.9103
13.6580 -9.0878 -12.7883
2.5224 -9.2333 9.4265
-16.8183 -9.3217 6.7308
12.8540 -9.1536 -12.8374
12.4082 -9.1446 -11.4289
11.7511 -9.1980 -12.4884
-5.1255 -6.2968 -17.4110
13.1775 -9.2149 4.8327
13.3203 -9.2201 3.9427
-4.6389 -7.2973 -17.4950
13.5404 -9.1790 3.5494
13.6793 -8.9963 4.2291
17.4480 -5.3173 0.1127
17.5948 -5.6037 -1.8508
17.4657 -5.2410 -3.3308
-17.1669 -9.0447 6.2168
17.2230 -4.9238 -3.5336
14.0364 -8.8249 3.6218
13.7554 -9.0057 3.3725
13.9038 -8.8660 2.8590
13.9176 -8.8451 4.2710
14.2389 -8.9493 4.0782
-17.2249 -8.9145 6.7654
-17.1527 -9.1143 7.0548
11.6867 -9.0801 -13.1423
13.5435 -9.1383 5.0630
2.3072 -9.1449 9.9062
1.4660 -9.2960 9.9945
13.8140 -8.9931 4.9933
-17.0357 -9.2605 7.3885
-17.2418 -8.7251 7.5276
12.7153 -8.8949 -13.2858
2.0721 -9.3011 11.0941
2.0688 -9.3207 11.7221
1.8751 -9.2611 10.3604
2.2874 -8.9677 10.5180
2.3784 -9.0726 10.9435
14.1200 -9.0069 4.8607
12.6063 -8.9390 -13.9972
13.2653 -8.7076 -13.7085
13.8620 -8.7807 -13.4756
-17.2154 -8.4278 6.7098
14.1000 -8.9502 -13.6870
14.3856 -9.0097 2.8674
14.6410 -9.1559 4.5111
17.1374 -4.9188 -0.9442
13.3598 -9.0036 -13.1419
-13.7105 -9.3776 7.4061
-14.3265 -9.3081 7.0354
-14.1743 -9.3338 6.6899
-13.5622 -9.3573 6.5462
16.8637 -4.6930 0.3624
16.4862 -4.4241 -2.5900
14.1784 -8.8620 2.9287
-14.5389 -9.2737 6.1540
-15.3108 -9.3850 5.9545
2.9201 -8.8815 9.7627
-14.7259 -9.2860 7.3255
3.2601 -9.0642 9.5453
13.5561 -8.7908 -13.3118
-7.9647 -4.8515 -16.5434
3.3022 -8.8472 10.2270
3.3971 -9.1585 9.8349
-14.1076 -9.1899 6.1802
2.4559 -8.9047 10.1271
-5.1283 -5.0537 -16.8746
12.9324 -8.6737 -13.4781
2.9715 -8.5593 10.6215
-3.9537 -5.4302 -17.1412
17.4806 -8.0741 -0.0289
17.4870 -8.5436 1.2027
17.2951 -8.7953 -0.1378
2.6187 -8.6166 10.5043
17.4558 -8.4632 -0.8621
16.9093 -4.6770 -4.1945
17.5591 -7.8277 0.6602
-15.5942 -9.3766 6.9326
-16.0860 -9.4419 5.0516
17.5247 -8.1662 2.3415
17.5477 -7.3243 2.9671
12.0848 -8.8428 -9.1678
12.4609 -9.0612 -9.1645
12.2644 -8.9182 -8.8045
10.8965 -9.2215 -10.4883
11.6083 -9.1705 -9.4771
10.6644 -9.2485 -9.1921
11.7035 -9.1308 -10.3293
11.2182 -9.1646 -8.8286
-5.7858 -4.6235 -16.1904
11.7975 -9.0437 -9.0857
-15.0373 -9.4100 5.0721
-14.7106 -9.3290 5.3300
11.9652 -8.9564 -9.5634
-14.3660 -9.0802 5.8478
12.2257 -8.8648 -9.6392
12.1803 -8.9259 -10.2636
-14.1519 -9.0127 5.3493
-13.7431 -9.2598 5.5510
14.7354 -9.0476 -9.6911
14.7492 -9.0582 -10.7027
15.1014 -9.1234 -10.3310
-14.3356 -9.0403 4.5963
-14.5055 -9.2039 4.8567
14.1750 -8.8731 -11.6294
14.7247 -9.0642 -11.9481
14.4941 -8.9385 -10.4628
13.9133 -9.0527 -9.8927
13.3163 -9.1700 -9.4034
-1.3311 -9.2707 6.9270
-1.0496 -9.1832 8.1108
-1.3889 -9.2778 8.1504
14.1818 -8.9429 -10.2806
13.9672 -9.0311 -11.3918
-15.0115 -9.3896 8.2247
-14.7328 -9.3085 8.1146
-2.3012 -9.2991 6.1978
-1.6620 -9.3301 8.3253
15.7049 -3.9939 -5.9265
-0.6065 -9.1984 5.8830
17.5765 -6.3151 0.0147
17.5909 -7.9552 -1.5785
13.7744 -9.1359 -8.1691
-0.6117 -9.2777 8.3126
-14.2393 -9.1237 7.4675
-13.9105 -9.2169 7.8248
14.3608 -8.9932 -8.9000
-10.5486 -5.1963 -16.9244
14.3907 -8.9449 -9.5371
-14.4661 -9.0746 8.2803
-14.1912 -8.9994 8.1174
17.6428 -7.5176 -2.4249
-1.2788 -9.1867 8.7921
-0.9734 -9.0701 8.7227
-1.7991 -9.0506 9.5875
-1.4625 -9.2707 9.2776
-1.4901 -9.0243 9.6669
-1.1722 -9.0598 9.3485
-0.8317 -9.1749 9.0065
17.6369 -7.1961 -4.2881
-17.2239 -9.0047 4.6906
-16.9733 -9.2924 4.3615
-17.0783 -9.1732 5.1917
-11.1621 -4.6677 -16.1825
-9.5710 -4.6825 -16.1753
17.6500 -5.8971 -4.2098
14.1934 -8.9846 -7.6214
-17.2195 -8.8608 5.4877
-17.1163 -9.0506 4.0388
-17.2165 -8.6041 4.4332
-17.1230 -8.0641 5.4776
-0.4917 -9.3165 9.1469
-17.1367 -7.7991 6.7090
-8.4424 -3.8794 -14.6166
12.8682 -9.1548 -10.4403
12.8331 -9.1885 -7.7042
-10.0870 -4.3928 -15.7796
12.4976 -9.0567 -10.0235
-5.2322 -4.1325 -15.2819
-16.6104 -9.4062 4.4213
17.5369 -5.6811 1.8942
-9.7499 -4.0619 -15.1516
11.9254 -9.1357 -10.9389
-17.1883 -8.6687 3.6077
9.5183 -9.2345 -12.6823
7.8757 -9.2397 -11.6254
16.4247 -4.4574 1.7635
-17.1311 -8.0410 4.1584
17.5394 -5.9995 3.0482
-17.0807 -7.1532 3.5883
2.1764 -9.2444 7.6305
2.2145 -9.0243 7.3348
2.7179 -9.0165 7.6107
-17.0386 -6.6080 4.4514
2.6085 -8.7566 7.3404
1.3232 -9.2756 7.2658
1.5205 -9.1418 7.0090
1.8570 -8.8231 6.9282
9.3385 -9.2534 -9.6649
1.9292 -8.6969 6.7758
2.5083 -8.6334 7.0444
2.2273 -8.7714 7.1494
17.4994 -6.7794 7.8140
17.4974 -5.6369 4.4216
-16.7909 -9.4195 9.3052
17.3987 -5.3301 3.6014
-17.1803 -9.2356 8.8728
-17.2483 -9.1061 8.2047
-17.2627 -8.9124 8.5014
-17.2077 -8.5826 8.5956
-17.2004 -9.1954 9.3065
-17.2528 -8.9715 9.5214
17.1922 -4.9949 2.0759
-14.0330 -8.9725 -17.5047
-14.2902 -8.6419 -17.5729
-13.5644 -8.7493 -17.6101
-13.0779 -8.4065 -17.6607
-14.9952 -8.4894 -17.5226
-15.1976 -7.9073 -17.6024
7.0015 -9.2726 16.7096
7.2975 -9.1973 17.1346
3.4633 -9.2428 17.0307
3.6231 -9.3127 16.0069
-13.7448 -7.4756 -17.6697
-12.0430 -7.8752 -17.6893
4.8220 -9.1075 17.3599
11.7925 -2.1713 -5.6425
13.8983 -3.1546 -7.4992
-17.0823 -7.0128 7.9815
-17.0608 -6.7290 6.3982
-17.1414 -8.3172 10.0688
-17.1190 -7.9901 9.0615
3.0175 -9.0727 17.4234
4.0553 -8.8689 17.5454
2.9555 -8.7973 17.5796
4.8138 -8.5551 17.6503
-16.9999 -7.8649 9.6717
-17.0742 -7.6765 10.2868
12.7026 -2.6640 -9.2750
11.1177 -1.8921 -6.9232
12.4353 -9.0381 -10.7381
-12.6624 -7.0555 -17.6687
3.4685 -8.1443 17.6625
13.2103 -9.1692 -11.5485
-17.0525 -7.4546 9.3604
5.5908 -8.8395 17.5838
-13.7281 -6.3632 -17.5555
-14.9147 -6.5496 -17.5044
-12.2342 -6.4582 -17.5288
-16.9934 -6.6996 9.1760
5.5062 -7.9605 17.6335
3.8955 -7.3565 17.5850
-15.6392 -7.0395 -17.5235
-13.2805 -9.3577 13.3340
-11.8512 -9.3984 13.1009
-12.6911 -9.2075 13.6011
-11.9888 -9.0970 13.5872
-16.9133 -5.8971 8.0394
-7.2920 -9.3790 11.1085
-8.1347 -9.3256 11.2699
-7.7925 -9.3252 10.6353
-8.4716 -9.3150 10.6496
-7.1688 -9.1972 10.2788
15.1421 -9.1248 -13.4187
16.6183 -9.0594 -11.6967
17.2267 -8.9767 -11.2499
17.1314 -9.0000 -13.1011
-7.7811 -9.3818 13.3089
-6.9856 -9.4159 12.9839
-6.1013 -9.3032 13.4385
-7.2047 -9.1477 13.5813
-6.2243 -9.3834 14.9402
-6.7789 -9.3116 14.6463
-6.2665 -9.2446 14.5993
15.1904 -9.1660 10.9844
14.5164 -9.1822 9.9512
15.8872 -9.1111 10.2474
-13.8891 -5.8386 -17.3857
14.1514 -9.0481 8.9627
14.5867 -9.1622 8.7036
15.9196 -9.1535 8.1169
-17.0275 -6.1732 5.4449
16.8340 -9.0530 9.2628
17.4736 -8.8208 -10.5228
17.6152 -8.5537 -10.8088
-7.5058 -9.3534 15.0751
-6.4458 -9.3378 16.0138
-15.5900 -5.8137 -17.2847
-9.4891 -9.3930 14.9238
-7.9736 -9.3194 14.6998
17.3493 -8.9203 -12.7772
17.5030 -8.7814 -11.9515
17.6457 -8.3617 -12.1103
-13.9073 -5.5570 -17.2313
17.5558 -8.7088 -13.0049
-16.8317 -5.6131 6.2835
-8.1894 -9.1048 14.3429
-9.3489 -9.3174 14.6056
-8.1395 -8.9259 14.2280
-9.2590 -9.1121 14.3744
-7.4370 -9.1671 14.5174
14.7804 -9.1930 7.1627
-6.6719 -9.0431 14.3951
14.1911 -9.0433 8.0025
14.4281 -9.1556 7.3151
-7.9051 -8.9020 13.7568
-6.9761 -8.7038 13.8385
-6.5404 -8.9914 13.6082
-13.0404 -4.9903 -16.4468
-14.3376 -5.3540 -16.9530
15.7463 -9.0514 -14.9953
11.1528 -1.9572 -0.9610
-6.9012 -8.8292 14.2378
-7.2476 -8.7067 14.1169
13.9381 -8.8999 8.6018
13.7010 -8.8895 7.6416
-8.1722 -8.7798 13.9778
9.8667 -1.1941 -2.3064
-16.5726 -5.2329 8.0790
-16.6196 -5.3391 6.2823
-9.5522 -9.4169 12.8576
-7.8609 -9.4160 12.3274
14.5158 -9.0961 -13.5072
-15.0611 -4.9880 -16.3163
-15.7214 -5.4704 -17.0471
-16.0371 -5.3687 -16.7869
10.4664 -1.6018 -4.3117
-16.0195 -4.9145 6.2433
-16.5296 -5.2353 4.2499
17.0618 -9.0035 8.5675
-10.1636 -9.3129 13.4430
-9.7958 -9.3958 13.1967
-9.1893 -9.1470 13.5923
17.2335 -8.9476 7.9747
17.3928 -8.7129 8.7756
17.4617 -8.5942 8.2099
17.4976 -8.3829 6.3271
17.5413 -7.8045 8.2089
8.7477 -0.4636 -3.4239
-10.0534 -9.0226 13.6140
-9.4888 -8.9021 13.6708
17.4750 -8.5666 9.6084
-10.6966 -8.8863 13.7011
-9.7196 -8.7163 13.8463
-15.6911 -5.0281 -16.1631
17.5183 -8.2491 10.0400
9.1610 -0.8929 -5.5635
8.0364 -0.1118 -4.6936
-12.8709 -9.3950 8.1182
-12.2879 -9.4155 6.8214
-13.0571 -9.3798 5.5223
-11.2559 -9.3454 13.3265
-11.0046 -9.1465 13.6088
-11.4615 -9.0488 6.5522
-11.6920 -9.2165 6.4880
-11.5705 -9.1741 5.7391
-11.0980 -9.2831 6.1717
9.8745 -1.3622 -6.9002
-13.9485 -9.1354 4.8395
-11.9370 -5.0304 -16.5506
17.4295 -6.3123 11.8520
-14.3972 -4.0942 5.9167
-15.1335 -4.4751 4.6003
-12.5452 -4.4197 -15.5456
-5.8581 -9.4013 12.2934
17.1815 -8.9338 -14.8933
17.4375 -8.8666 -13.6958
17.0223 -9.0122 -14.4312
17.6093 -8.6814 -13.9496
17.4441 -8.7726 -14.8079
17.6748 -8.3744 -14.3520
17.6696 -8.4666 -13.3724
14.0771 -8.9421 7.4157
13.8868 -8.8425 7.0892
17.7282 -7.5876 -12.9416
-9.0353 -9.3648 5.3886
-8.8424 -9.2704 4.9425
-8.4050 -9.3266 5.2608
17.7129 -7.0258 -14.4604
-9.3986 -9.2551 4.8901
-8.5578 -9.3715 11.6228
13.4806 -9.0829 7.0419
16.5859 -9.0041 -15.4088
17.5524 -8.4846 -15.2357
-9.2474 -9.1988 6.6041
-8.2542 -9.2853 6.5114
-9.8085 -9.3471 7.2671
-8.4336 -9.1020 6.1056
17.6673 -7.6663 -15.0965
17.5958 -7.9943 -15.5538
17.4037 -8.2607 -15.9455
-10.2966 -9.2741 6.0007
-10.7397 -9.3385 6.0697
-10.4204 -9.3390 5.3435
-10.2882 -9.1070 6.3773
-9.9357 -9.1108 5.7032
-9.8710 -8.9647 6.3211
-9.6094 -9.2373 5.7911
-8.8072 -9.2602 5.8485
-11.9128 -2.9059 3.8026
-13.6414 -3.7394 3.9867
17.3845 -5.4988 9.3019
17.4638 -5.9617 8.3977
17.4202 -5.4739 6.4254
-12.4884 -3.2482 6.5673
17.2478 -5.1496 7.3436
-8.5878 -9.2996 13.5101
-9.5689 -9.2963 5.3926
-8.8739 -8.8710 14.1340
-9.3831 -8.7805 14.0840
-9.0693 -8.8229 13.8593
-9.5511 -9.0888 6.1069
-9.2925 -9.0763 6.3287
-9.8634 -9.0715 6.6382
-16.6586 -9.2139 14.8963
-16.7355 -9.3988 12.4380
-15.9507 -9.4070 13.6673
17.6984 -6.1903 -13.6734
-8.4020 -9.3236 16.7639
-8.3984 -9.3480 16.0354
-6.9537 -9.3133 16.9675
-15.3635 -9.4099 2.9137
-14.8877 -9.3647 1.5367
-14.7582 -9.3558 3.5738
-7.6456 -9.2280 17.1551
-15.0700 -9.4317 12.8516
-14.7603 -9.3890 14.3225
-15.2746 -9.4429 14.8865
-14.6444 -9.3006 13.4584
-16.1622 -9.4003 3.5239
-16.3051 -9.4318 2.1180
-16.6364 -9.4406 11.2710
-16.9449 -9.0989 14.3752
-16.9022 -9.2958 13.0040
-17.0817 -8.8907 13.8670
-6.1387 -9.2129 17.2444
-5.1395 -9.3528 16.6864
-6.4620 -9.0942 17.4260
17.2609 -5.2269 11.1892
17.2391 -5.1735 9.2378
17.0345 -5.0033 11.3643
-17.1447 -9.0159 12.7385
-5.2351 -9.2723 17.0543
-17.1910 -8.4095 12.9765
-5.0403 -8.8578 17.5185
-8.7528 -9.0936 17.3266
-7.6620 -9.0289 17.3986
-8.0535 -8.8354 17.5068
-7.6602 -8.5913 17.5700
16.7830 -4.7753 10.2683
16.9293 -4.8571 8.3945
-14.4743 -9.1883 3.8833
16.4465 -4.5834 8.3764
-16.8219 -8.9550 15.6927
-17.0313 -8.7620 15.3385
-6.6763 -8.8714 17.5616
-6.1878 -8.2080 17.5890
-5.9573 -8.6342 17.5820
-17.1309 -8.4595 14.3384
16.2121 -4.5251 10.2327
-15.8359 -9.3611 15.4268
15.0262 -4.0100 9.4369
-17.1110 -9.1140 2.5749
-16.8525 -9.2613 2.4084
-16.5763 -9.3196 3.2929
-8.3261 -7.9662 17.5483
16.7133 -4.6538 6.5152
-6.9328 -7.5244 17.5439
-16.7920 -9.3371 3.7890
-17.1388 -7.4413 14.7072
-17.1304 -7.3187 13.0569
-16.9815 -9.1847 3.4462
-17.1780 -8.9297 3.0375
-13.7955 -9.1984 13.4486
-13.2396 -9.1978 13.6487
-13.9633 -9.1973 13.0392
-12.1114 -9.0858 17.3184
-13.3633 -9.1888 17.0197
-12.1448 -9.2494 17.0419
-13.3119 -8.9801 13.8864
-13.8707 -9.0326 13.6795
-13.3231 -9.3247 16.5317
-14.2805 -9.0663 13.3182
-10.9692 -9.2971 16.8399
-12.6997 -9.3608 15.7765
-11.1938 -9.3116 15.8557
17.0613 -4.9194 6.5754
-14.4522 -9.1271 12.4830
-14.1690 -9.0980 12.4207
13.7457 -3.2979 3.9195
-14.3119 -9.0621 13.9054
-14.3296 -9.2933 14.3889
-13.9297 -9.0508 14.0936
13.9972 -3.4970 7.0731
15.4009 -4.0430 5.9675
-10.5160 -9.1472 17.2483
-11.0209 -9.3414 3.2460
-9.4171 -9.3269 2.6587
-9.1364 -9.3627 3.3942
-11.3339 -9.3228 2.1502
-10.4307 -9.2610 2.1497
-11.3757 -8.8080 17.4977
-9.8370 -9.1332 2.1242
-9.4194 -9.0876 2.2180
-17.1516 -9.2282 12.0305
-14.3336 -9.4303 14.8912
-17.2385 -8.9472 11.6479
-17.1962 -8.4439 11.1566
-15.3774 -9.2771 16.4256
-14.5654 -9.3558 15.9139
-14.4483 -9.2863 16.7436
17.6926 -6.5480 -10.9350
-13.6224 -9.2695 1.3145
-13.2940 -9.3654 0.3284
-13.2899 -9.3417 2.0074
-12.6291 -9.3638 1.9454
-16.3202 -9.1108 16.1576
-11.2283 -9.3811 0.7775
-10.6534 -9.3539 -0.1384
-9.6327 -9.3061 0.8472
17.6727 -6.7802 -9.2762
-12.2544 -9.3941 -0.0890
-17.0895 -6.9385 10.9903
12.2043 -2.5014 3.0711
-12.6631 -9.2660 14.6257
-12.1335 -9.1447 14.4063
-11.3931 -9.3527 14.9316
-11.3525 -9.2364 1.7056
-11.0890 -9.2222 1.3505
-10.7613 -9.0058 1.6367
-12.7448 -9.3487 15.1683
-10.6764 -9.3113 1.1362
-10.5030 -9.0971 1.4029
-9.7678 -9.2152 1.2944
17.4018 -5.3516 5.0860
17.3010 -5.1922 6.0394
-9.9160 -8.9587 1.5816
16.9817 -4.8641 5.0047
-10.4018 -9.0199 1.8184
-13.1869 -9.0978 14.2384
-13.6754 -9.3673 14.5535
17.6329 -5.5998 -11.7073
-9.4638 -8.8555 1.8003
-17.0901 -6.3696 13.5691
-17.0365 -6.3544 10.9212
-16.9401 -5.8521 12.1126
-16.9719 -8.3272 16.0902
-16.8245 -8.5547 16.3191
-11.7453 -9.3361 1.2146
-17.1069 -8.0867 15.5194
16.3667 -4.4577 4.2938
15.1584 -3.9347 4.5152
-12.3506 -8.8349 13.9746
17.5962 -5.4412 -13.0637
-12.1364 -8.8854 13.7067
17.5673 -5.4944 -14.6497
17.5065 -5.2471 -13.8201
-16.9534 -7.3738 16.1294
-11.6346 -8.8427 14.1004
17.4857 -5.2122 -11.2605
17.2894 -4.9497 -12.1943
17.2653 -4.9468 -13.7825
-11.7244 -9.2503 4.7603
-12.3076 -9.3847 4.6838
-11.8434 -9.3468 3.6311
-11.5209 -9.1651 3.9891
-11.9627 -9.3675 3.1826
-16.8008 -7.4646 16.7050
10.4606 -1.6300 1.2198
16.9660 -4.7067 -13.7217
-17.0976 -6.7787 15.1323
-11.4088 -9.2069 4.9496
-11.0729 -9.3392 5.3765
-16.9509 -6.6683 15.7626
-12.0089 -9.3702 5.8018
-16.7104 -6.6954 16.6326
-16.5571 -7.1578 16.9994
-16.7809 -6.2395 16.0475
-12.6052 -8.9107 17.4120
-13.8739 -9.0611 17.1374
-13.5844 -9.3297 4.5134
-13.3608 -9.3650 3.6910
-13.9103 -8.6881 17.3114
-13.1699 -8.5113 17.3943
-16.8841 -6.2063 15.2288
-12.3503 -8.4791 17.5513
-16.9816 -5.9971 14.1311
-10.3499 -8.4514 17.5495
-16.7032 -5.7989 15.4313
13.9768 -8.9996 -4.1855
13.7491 -9.1236 -3.9787
14.1327 -8.9781 -4.9816
-12.9044 -8.0083 17.5274
14.5664 -9.0301 -4.4188
14.9495 -9.1519 -3.9578
14.4251 -9.0024 -5.2104
-12.4859 -7.5635 17.5556
-16.6948 -5.6332 14.5709
-11.4862 -7.3111 17.5059
-15.8737 -5.1463 15.2455
-16.0372 -5.0685 13.8049
-16.5334 -5.4022 13.9810
-16.0850 -8.3146 17.1341
-15.7984 -8.8632 16.9294
-15.1447 -8.8446 17.1427
-15.1835 -8.4161 17.2686
-15.1006 -9.1696 16.8270
11.2442 -2.0107 3.7774
9.7496 -1.3266 4.7552
11.4355 -2.2541 6.2891
-14.9022 -4.9281 15.3851
-13.6083 -4.2362 14.0214
-14.9994 -4.7708 14.7845
9.1485 -0.8945 2.8267
-10.8539 -9.3075 4.4340
-10.4123 -9.1592 4.3326
-10.4527 -9.3040 4.5847
15.6510 -9.1558 -3.5857
-15.0261 -7.1488 17.2516
-9.9823 -9.3118 3.7834
-7.6522 -9.3285 4.5269
-8.8673 -9.1451 4.7413
12.3794 -9.1158 -6.6414
12.4740 -9.1043 -7.7742
-9.5871 -9.0008 4.5310
-9.3100 -9.1530 4.2797
-16.9669 -5.8188 13.3218
-8.3770 -9.1345 4.6711
11.7189 -9.1845 -5.1610
11.9966 -9.0284 -5.4625
12.1778 -9.1984 -4.8168
-10.2272 -9.1567 4.0220
-9.9327 -8.9529 4.3650
-16.4118 -8.7947 16.6244
12.6041 -9.1799 -5.6256
12.9744 -9.2092 -4.8053
13.7097 -9.1468 -6.1709
-16.7449 -5.4873 12.5896
-16.4869 -8.3642 16.9156
-11.2436 -9.2068 3.6639
-11.1910 -9.1556 4.1626
12.2794 -9.0727 -5.7447
-15.7339 -7.8160 17.2623
10.0639 -1.4220 -0.3585
9.2210 -0.9958 1.8254
11.8389 -9.0406 -6.0490
11.3578 -9.2113 -6.3212
11.7391 -9.1415 -6.6688
10.1150 -9.2444 -5.5828
-16.6617 -5.3599 10.7350
-16.3738 -5.1377 11.9682
-16.4323 -7.8030 17.1499
-16.7278 -7.8441 16.8544
-16.1927 -7.1510 17.1767
-15.5739 -4.6653 10.7942
-10.0285 -9.1623 4.9853
8.5202 -0.3996 -0.4674
9.3014 -0.9221 -0.7265
12.1421 -8.9535 -6.1126
-11.1526 -9.3013 4.6400
-14.5095 -4.2742 11.4181
12.1006 -8.9885 -6.5578
-9.8252 -9.0640 4.8389
-13.8729 -7.4741 17.2760
-13.2577 -7.2307 17.3627
-14.8205 -4.5160 13.4295
8.4830 -0.3886 1.6837
14.0819 -9.0388 -6.5840
7.6965 0.2679 0.5825
14.4797 -8.9929 -6.3732
-11.4509 -6.6447 17.4112
-14.2152 -9.1044 2.1362
-14.6319 -9.2848 1.4930
-14.3975 -9.0597 1.5064
-13.9250 -9.1436 1.7500
-13.8329 -9.2643 2.2350
-14.2726 -5.0494 15.8615
-10.5366 -4.5885 15.2342
-10.2146 -3.9312 13.8414
-12.6517 -6.5269 17.4189
-14.0980 -8.9831 1.4069
12.9942 -2.8921 4.6472
-13.5226 -6.2768 17.2145
-14.4084 -9.1869 2.6191
-13.9926 -9.2175 2.7926
-14.2440 -9.1665 3.2970
-12.6419 -5.9152 17.1545
-14.1162 -9.0432 4.0936
-13.8361 -9.2425 3.7169
-11.7332 -3.7121 13.1378
-10.2033 -9.3505 16.4709
-11.7213 -3.3926 12.2556
-10.6644 -9.3839 15.5370
11.9694 -9.0913 -2.9570
12.3378 -9.2309 -3.3897
12.5356 -9.2129 -2.8343
0.2630 -9.1518 2.5164
1.2789 -9.2239 1.6582
1.3341 -9.2051 3.5418
11.4741 -9.2142 -3.3017
2.6304 -9.2442 3.7554
-1.3326 -9.2520 0.1983
-1.7197 -9.2296 1.1809
-1.7482 -9.2284 0.5015
13.2329 -9.2136 -2.9183
10.5109 -9.2430 -3.8674
-2.7774 -9.2299 1.4409
-2.4236 -9.2821 0.9844
-2.1192 -9.1369 1.5478
-9.0307 -3.1704 12.3100
-1.2823 -9.0454 1.2699
-1.2880 -8.9334 1.5072
0.3393 -9.2410 0.7274
2.1282 -9.2634 -0.0355
12.0251 -9.2061 -2.3949
11.8403 -9.2424 -0.7071
-9.7176 -8.9002 17.4752
-0.3302 -8.9441 0.3092
-0.0725 -9.0766 -0.4431
0.1532 -9.1914 -0.1653
-9.2782 -9.2576 17.0490
0.6679 -9.2605 -0.5629
17.2288 -5.0670 4.4287
-1.4894 -9.2362 2.8475
-1.2895 -9.1720 2.1566
-0.4186 -9.1672 1.6482
-0.8957 -9.1499 3.7622
13.5083 -9.1991 -1.6445
13.7664 -9.0766 -1.5220
14.0123 -8.9296 -2.4920
13.9174 -8.9103 -1.2527
14.2122 -8.7976 -1.6445
7.6152 0.3109 -3.1841
11.6418 -9.0438 -2.7857
11.2725 -9.1726 -2.4581
7.0030 0.7986 -3.9784
11.1475 -9.1591 -2.8678
-0.9952 -9.1683 0.7900
-0.8404 -9.2385 -0.1077
-0.6332 -9.0799 0.3435
-11.9914 -3.3578 11.8158
-12.0793 -3.2852 10.8555
-0.7510 -8.9422 0.8457
-0.3215 -9.0189 0.9970
-0.9472 -9.0155 1.6490
14.5966 -9.0209 -3.4518
14.9579 -9.1648 -2.6633
-0.8442 -8.8655 1.2299
14.5600 -9.0729 -2.0786
14.4924 -8.9951 -2.8811
14.2525 -8.8929 -2.7667
14.4350 -8.8654 -3.4627
16.9851 -9.0790 -2.4686
16.1126 -9.1487 0.2825
9.4990 -9.0816 17.3464
9.2724 -9.2295 16.9746
13.9998 -8.9090 -3.5559
14.2996 -8.8132 -3.8436
-10.8030 -9.3362 14.6690
-11.2822 -9.1025 14.3483
10.8082 -9.0746 17.2719
10.7404 -8.8403 17.4781
-10.8106 -8.9043 14.1974
-10.3810 -9.1537 14.4030
9.3584 -9.2443 16.4055
14.3736 -8.9466 -1.9902
-8.4877 -9.3137 0.0794
-6.9795 -9.2232 -0.7515
-6.1280 -9.2954 0.2141
7.2112 0.7541 0.7274
7.1218 0.8192 -1.5680
6.6692 1.3857 -1.4919
-8.2761 -9.2559 -0.4958
-8.8910 -9.1892 -1.1172
-9.2203 -9.3373 -0.7577
-10.5210 -9.3313 -1.1016
-9.3587 -9.1848 -1.4369
-9.8474 -8.9203 14.2545
-9.9840 -8.7435 14.0507
-7.8037 -9.2127 -1.3493
-7.7965 -9.0704 -1.6589
-7.2436 -9.2187 -1.2744
-10.6335 -8.7670 14.0054
-8.5926 -8.9955 -1.2580
-8.2222 -9.0684 -1.2266
-7.9060 -9.1776 -0.8548
5.7375 -9.2840 15.3053
-11.1796 -8.7368 13.8298
-8.4374 -8.8893 -1.5732
-7.9627 -9.0520 -1.9151
6.0368 2.2731 -1.9521
-5.3224 -8.9350 -1.7769
-4.9844 -9.0911 -2.0530
-4.8148 -9.0779 -1.7577
-5.1183 -9.1564 -1.4397
8.7429 -9.2579 15.3613
7.2521 -9.2492 15.0435
-7.1149 -9.1979 -2.1419
-8.1340 -9.1982 -2.2427
-7.4288 -9.2649 -2.5701
-6.8828 -9.0813 -2.6252
-6.7444 -9.0412 -2.2033
-6.4825 -8.8715 -2.2719
-6.5436 -8.9267 -2.6900
-5.2940 -9.1666 -2.2223
-5.9016 -9.2482 -2.6267
-5.4766 -9.3171 -2.8318
16.9090 -9.0766 -5.1706
-6.2935 -9.3107 -3.3638
-5.6958 -9.2854 -4.0595
17.3770 -8.8844 -5.4772
-6.5433 -9.1132 -3.0710
-9.7728 -2.3681 9.9318
-10.0668 -2.2931 8.9165
11.1885 -9.1018 15.0015
11.3729 -9.2007 15.4890
9.3328 -9.0885 14.8710
-5.0722 -9.2557 -3.5508
-4.0085 -9.2825 -3.4895
-6.0416 -9.0398 -2.3974
-6.1129 -8.8342 -2.0832
-5.6592 -8.9673 -1.7986
6.4506 1.7912 0.1384
17.2012 -9.0337 -3.6753
17.2925 -8.9314 -4.5059
7.0014 -9.1103 14.7349
8.3386 -8.9830 14.6585
17.5770 -8.6271 -4.3063
8.3629 -9.0665 13.9853
9.1255 -9.1540 13.8923
9.1963 -8.8912 14.2234
-16.9300 -6.2475 10.0573
-6.6623 -9.1361 -1.3484
10.1101 -9.0772 13.8905
9.1435 -9.2455 13.4833
9.8480 -8.8145 14.2329
17.4798 -8.8264 -3.6500
-6.1705 -9.2537 -0.6473
-6.0369 -9.0268 -1.3454
9.0030 -8.8866 14.4975
9.6448 -8.7856 14.4471
-9.3936 -6.8822 17.4181
10.1797 -8.9102 14.6586
8.4931 -8.8018 14.2137
5.9253 -2.3791 -11.2677
6.8026 -1.9133 -9.9024
6.5275 -2.2310 -10.7600
5.8613 -1.6622 -9.5029
4.2064 -2.0895 -10.3262
8.2794 -8.8133 14.4064
17.6261 -8.3222 -3.2467
17.6375 -8.4352 -5.7445
-4.8950 -9.2926 -1.0308
-5.6691 -9.2293 -1.1702
17.6860 -7.8613 -6.5929
-6.8177 -9.0127 -1.7517
17.6632 -6.7593 -5.8503
-6.3789 -8.8318 -1.7066
-9.9054 -5.9016 17.1738
-7.3515 -9.0528 -1.8931
-16.4344 -5.1058 9.6605
-16.8109 -5.5683 8.6690
-16.1269 -4.9064 10.0439
4.7818 -1.6325 -9.3133
3.1475 -1.5908 -9.2057
-6.0540 -8.8039 -1.7136
-16.8129 -5.6308 10.5794
-0.3686 -9.1924 -3.4659
1.1393 -9.1662 -1.5948
-0.1319 -9.1865 -2.3489
-0.3732 -9.0541 -2.0616
0.3966 -9.1861 -1.3237
5.4458 -1.1335 -8.3476
5.0048 -0.5472 -7.1489
6.8343 -0.6883 -7.3276
-7.8398 -6.4325 17.3659
-6.1047 -6.9177 17.4083
8.0059 -8.9739 17.4042
9.1053 -8.7666 17.5172
-0.7773 -9.1778 -2.7564
-1.9295 -9.2705 -3.5288
11.1196 -8.5620 17.5404
11.7300 -7.7688 17.5347
8.7717 -8.2884 17.5723
-1.0743 -8.9042 -2.5722
-8.4762 -6.0859 17.2664
-1.3069 -8.7721 -2.4715
-0.7328 -8.8458 -2.1386
2.8259 -1.1141 -8.3016
2.3303 -1.7218 -9.6021
11.6849 -6.9325 17.5047
17.6437 -6.7533 -6.7197
-8.8707 -5.5286 16.9069
0.7442 -1.6007 -9.2262
0.2583 -1.0946 -8.1739
-8.0293 -5.7531 17.0953
-15.6405 -4.7081 8.7423
-2.9014 -9.1394 -3.1171
-2.7259 -8.8577 -2.8794
-3.3237 -9.0355 -2.9107
2.6619 -0.4131 -7.0937
6.6233 -9.0357 17.4516
-3.8287 -9.2425 -2.5961
-3.5657 -9.2327 -3.2647
6.4367 -8.4375 17.6443
-3.8770 -9.1736 -4.0629
-4.2706 -9.0735 -4.0422
17.6780 -6.0725 -7.9320
-7.7386 -5.3787 16.7636
-2.3920 -9.2895 -4.3488
-16.1518 -4.9443 7.6171
-2.4659 -9.2478 -3.3198
-11.7601 -6.1482 17.2728
3.9707 -1.0060 -8.0295
7.0052 -8.7743 17.5839
-3.0770 -9.2093 -4.6084
7.9515 -8.7200 17.4919
7.1081 -7.8549 17.5540
-12.1650 -5.6895 17.0088
-10.5837 -5.5946 16.9422
-12.4661 -5.4747 16.7687
-0.5276 -9.0426 -4.7795
-0.0558 -9.1513 -5.0152
-0.2124 -9.1805 -4.4053
17.6361 -5.6474 -7.0937
-11.7546 -5.1938 16.3342
-7.9538 -5.1747 16.4712
-1.2866 -9.2155 -4.4462
-1.9425 -9.2249 -4.6514
-1.1589 -8.9978 -4.8554
-14.8132 -4.3525 8.9211
-2.5641 -9.1185 -4.8354
-2.4141 -8.8601 -5.0759
-1.5290 -8.8665 -5.0563
-1.9132 -8.7720 -5.1742
-0.6141 -8.9949 -5.3486
-0.1455 -9.2199 -5.4313
-0.9136 -8.8434 -5.1891
5.8014 -6.6585 17.4659
-1.1458 -9.1497 -5.5944
-1.3297 -8.9305 -5.4428
7.8444 -7.3211 17.5443
-5.7881 -4.5974 15.5370
-1.6946 -8.9909 -2.8300
-1.9650 -8.8296 -2.6200
17.5991 -5.5181 -5.1955
-2.2196 -2.1765 -10.2720
2.1430 -2.3883 -11.0035
-0.6687 -3.0500 -12.7054
-11.6791 -2.9740 8.7163
-1.1798 -9.2179 13.6571
-2.0710 -9.3175 13.4339
-1.4563 -9.3539 13.2772
-2.0637 -9.1660 -0.0361
-2.3675 -9.2530 -0.8251
-1.7837 -9.1475 -0.4513
-0.6787 -9.3076 15.9959
0.3761 -9.2647 16.9536
-0.9443 -9.3126 16.6845
-3.1145 -9.1074 -1.2289
-2.8092 -9.2132 -1.9597
-2.7725 -9.2505 -1.0227
-2.4663 -9.1955 -2.1678
-2.2345 -9.2754 -1.7830
-1.8084 -9.2110 -1.2213
9.8939 -6.0451 17.3838
-1.0109 -9.2329 17.0241
-0.3326 -9.1327 17.2465
-2.4950 -9.2635 0.0213
-1.1590 -8.9723 17.3855
0.4681 -8.8069 17.5465
17.4534 -5.1750 -7.5039
-1.7359 -9.1580 16.8994
-2.5596 -9.3031 16.5095
-3.4615 -9.3357 14.8056
-4.0308 -9.3194 14.6768
-3.2789 -9.1094 14.4891
-3.4821 -9.0069 -1.3818
-3.3299 -8.9625 -0.7368
17.3611 -5.0800 -6.1519
-3.2359 -9.0840 0.3690
-3.1301 -9.1590 -0.2333
-2.8741 -9.2613 0.6837
-3.0203 -9.3524 15.3812
-3.1367 -9.0414 1.4466
-3.3915 -8.9744 0.5757
-3.7617 -9.1046 0.0959
-3.5624 -8.9015 1.3367
-3.8952 -9.1988 0.7518
12.5758 -9.1434 15.1567
12.9986 -9.1633 15.5535
-5.2654 -2.7517 -11.6367
-4.4686 -9.4017 15.2765
-5.4280 -9.3925 15.9978
12.6995 -9.0392 16.6649
12.0146 -9.1531 16.4904
17.1221 -4.8291 -8.7053
-4.6414 -9.4090 14.9560
12.3107 -8.8873 17.3961
11.5010 -9.1091 17.1131
-4.1996 -9.2984 0.6773
-4.1024 -9.2659 -0.9119
13.3798 -8.9492 17.1694
13.7074 -8.7317 17.4676
-3.5767 -8.9478 -0.2347
-3.6836 -9.0701 -0.9279
14.1009 -9.0106 16.2674
11.4924 -9.1200 -7.6462
11.0592 -9.1336 -7.7712
11.2693 -8.9089 -8.1385
11.4856 -9.2193 -7.1765
10.1570 -9.1705 -7.6291
9.8381 -9.2544 -7.0030
13.2408 -8.5351 17.5499
-1.3391 -9.2728 14.9220
13.6762 -7.7509 17.5594
12.1983 -8.8448 -8.2242
-5.1304 -3.1198 -12.8587
11.9122 -9.0301 -7.1413
12.1876 -8.9473 -7.4928
-0.6557 -9.2400 14.7840
11.7445 -8.9584 -7.6535
-1.2091 -9.1136 14.6015
-0.6690 -9.1980 -0.7551
-1.3436 -9.2698 -1.3306
-0.8037 -9.1486 -1.2118
-0.3632 -9.0659 -0.3059
11.9146 -8.7343 -8.0089
-2.5163 -9.1446 14.5314
-2.0962 -9.2779 14.8065
-2.8103 -8.9844 14.2239
-2.4529 -9.0430 13.9652
-2.0912 -8.8368 14.2946
-0.2970 -8.9523 -0.8387
-0.1450 -8.9819 -1.3561
-0.4956 -8.8169 -1.4587
-1.1852 -8.9508 13.8147
-2.3100 -9.2025 13.7099
-1.8454 -8.8282 13.9123
-10.0354 -2.1918 7.4302
10.2181 -9.1914 -8.7792
-1.1461 -8.6795 13.9833
10.9388 -8.9899 -8.4508
-1.8185 -8.9648 14.4535
10.3850 -8.9823 -8.1087
9.8332 -8.9647 -7.9596
-1.2921 -9.1431 -1.8051
-1.3977 -8.6695 14.3192
-0.7452 -8.7433 14.3892
-0.9564 -8.8564 -1.9147
9.8814 -8.8768 -8.5014
9.7944 -9.0936 -8.7538
-1.8615 -9.2032 -2.1112
9.6872 -8.7125 -8.3070
-1.5067 -8.9154 -2.2288
-1.6402 -8.5926 14.1877
11.6668 -8.9611 -8.7252
15.3234 -9.0090 15.2294
14.7469 -8.9295 16.7786
11.7943 -8.7634 -8.5020
12.0692 -8.7521 -8.7580
16.4860 -8.8915 16.0417
-6.4059 -9.3393 7.7574
-6.5431 -9.3161 8.7522
-7.4895 -9.3582 7.3803
-7.3050 -9.3467 8.4461
-2.6330 -9.1672 16.9329
-6.7784 -9.2536 9.2636
-6.2473 -9.1353 9.3076
-3.6891 -9.1828 -1.8897
-4.4085 -9.2579 -2.0937
-6.4096 -9.0409 9.8161
-6.8280 -9.0929 9.4969
13.9390 -9.1002 14.9422
-7.5316 -9.2459 8.9830
-4.3762 -9.2494 -1.5036
-7.5104 -9.1136 9.3053
-3.8039 -1.6139 -8.8786
-1.2165 -1.8118 -9.5675
13.5135 -8.9612 14.7268
12.5261 -8.9337 14.8300
-6.0924 -9.1085 8.9499
-5.7547 -9.3059 8.1100
-5.6869 -9.1744 9.3097
-5.5100 -9.3268 8.6587
-4.8444 -9.2990 9.0158
-4.4632 -9.2907 8.0604
-6.1757 -9.2201 8.2209
14.1181 -8.8413 17.2641
-3.2645 -8.9824 -1.9409
-2.9935 -8.9660 -2.3151
-1.5805 -1.4013 -8.7811
-2.6081 -8.8886 -2.4818
-2.1083 -9.0079 -2.4280
3.7790 -9.3064 12.9705
4.4744 -9.2528 13.7587
3.1328 -9.3091 13.4802
15.3358 -8.5577 17.1434
5.1922 -9.2836 13.6326
-3.3973 -8.9832 -2.4891
15.4417 -8.2208 17.3500
-2.9945 -8.8067 -2.6140
-2.4597 -0.8704 -7.6898
-4.3631 -0.9588 -7.7366
-5.8535 -8.9872 9.7848
3.9693 -9.2779 15.2322
14.8106 -8.0496 17.5288
5.1101 -9.1531 14.7683
15.2731 -8.8020 16.8645
17.6497 -5.6418 -9.7359
-8.3747 -9.2790 7.9530
2.1970 -9.3040 15.1299
3.6958 -9.2182 14.7451
-7.8785 -9.2496 8.3498
2.9571 -9.0917 14.6498
15.2689 -7.4576 17.5269
2.0047 -9.1501 14.7584
2.5289 -8.8122 14.4859
-7.3072 -8.9139 9.6391
-6.9586 -8.9795 9.8145
2.9046 -8.7086 14.3353
3.2066 -8.9041 14.4776
4.0676 -8.9506 14.2820
4.7535 -9.0059 14.1070
4.9298 -8.9523 14.4093
2.9286 -9.2434 13.7403
3.9076 -9.1416 13.9441
-7.3858 -9.0486 10.0103
-7.6195 -9.0685 9.7109
10.8764 -8.8985 14.3546
11.1403 -8.9125 14.7098
11.1616 -8.8014 14.3163
3.2642 -8.9640 13.9806
3.7006 -8.9234 14.0886
17.3168 -4.9935 -10.0067
17.4788 -5.2115 -9.5228
-0.4566 -1.5455 -8.9552
-7.5958 -9.3197 3.2453
-5.7012 -9.2972 2.7258
-5.5440 -9.3353 3.8276
3.7633 -9.0049 14.4501
17.5504 -5.3911 -8.4692
3.5406 -8.8235 14.2979
3.2096 -8.7259 14.1559
-10.9057 -2.4311 3.8535
0.6862 -1.9784 -10.1028
12.0154 -8.7853 14.6956
-4.7777 -9.2426 2.1055
-4.5589 -9.3043 1.4702
-3.7984 -9.3121 3.0842
-3.9072 -9.2564 2.0572
12.6963 -8.7463 14.5354
11.6752 -8.6836 14.5577
11.8592 -8.7033 14.3269
11.7758 -8.9234 14.0907
12.7432 -8.8221 14.3164
-3.8836 -9.2789 3.9566
-4.9415 -9.3386 4.1134
0.7537 -9.3250 13.4230
-0.2227 -9.3130 12.2651
2.0458 -9.3149 13.4484
10.3766 -8.8761 14.3241
1.5994 -9.2233 13.7196
-3.9321 -9.0265 4.8541
-4.3091 -8.9646 4.7359
-3.0907 -8.9771 4.1810
11.0330 -9.0335 13.9865
1.3313 -9.0518 13.8754
0.3538 -9.2395 13.7020
-0.9718 -0.9401 -7.9017
-10.0974 -2.0387 3.9866
-10.6280 -2.3391 3.2132
0.2579 -8.9867 13.8683
0.8146 -8.8405 13.9166
15.9213 -4.1102 -11.3747
16.6308 -4.4731 -11.4409
1.2791 -8.8010 14.0184
-0.4043 -9.3376 13.4275
-9.7151 -1.9659 6.0734
-4.2505 -9.1208 4.4178
13.3835 -8.7742 14.2726
-1.2129 -9.3431 12.3568
-8.5282 -1.2323 5.5054
-7.7822 -0.5294 3.0994
-8.4702 -1.0398 3.3283
-5.4398 -9.3364 7.1448
-7.3385 -0.2941 4.8619
-7.1469 0.1609 2.3405
3.9622 -9.2742 11.9627
3.4487 -9.2574 12.2864
3.5714 -9.1476 11.9060
-6.1912 1.2191 2.5780
-4.2589 -2.7915 11.7673
-5.7703 -3.8553 13.9852
-2.9114 -3.3268 13.0706
-6.5011 -9.3383 6.3561
-5.3945 -9.2685 6.4665
-6.6268 -1.9485 -9.3821
2.7231 -9.2651 11.7078
15.4595 -6.5832 17.4929
2.8008 -3.2425 -13.2652
-2.9144 -9.3117 5.4596
-4.0207 -9.3317 5.9255
-3.1915 -9.2916 7.2899
2.9725 -9.0722 11.5838
-3.0835 -9.2989 6.8442
14.9531 -5.9408 17.4378
-3.7128 -9.2194 6.4420
3.2301 -8.8514 11.3352
-3.6515 -9.1536 6.8501
-4.8268 -9.2069 5.5006
-3.8993 -9.2773 5.2888
-4.9322 -9.1019 6.3604
-4.4952 -9.1778 6.1133
-4.1957 -9.0357 6.5189
-5.1234 -9.0444 5.7778
2.8299 -8.7564 11.0932
-5.2114 -9.0065 6.1225
2.6192 -9.0556 13.8922
-4.3956 -1.5197 9.3020
-8.0084 -2.2553 10.2992
12.1876 -6.0980 17.4212
13.8980 -5.7436 17.3693
2.0695 -8.8803 13.9326
14.6299 -5.4041 17.1960
2.7298 -8.7729 14.0401
13.4584 -5.4392 17.2349
12.6574 -5.6792 17.3249
2.4883 -8.6048 14.2347
2.0102 -8.6542 14.1210
14.1631 -5.1424 16.9506
13.2471 -5.1376 16.9761
-3.8481 -9.3231 7.4323
-4.2863 -9.1350 6.7213
-3.8735 -9.2687 7.0946
0.5003 -9.3062 15.4644
-7.1268 -1.3362 8.4518
-9.3403 -2.4035 10.3086
11.4786 -5.6270 17.2460
1.0389 -9.2105 14.8481
-5.4234 -1.1430 8.4865
10.0735 -5.5639 17.2271
10.8714 -5.1675 16.9098
11.7595 -4.3741 15.4943
8.8568 -4.6343 16.0278
10.4088 -4.9988 16.6982
12.2830 -5.2446 17.0412
0.8905 -9.0813 17.3942
1.7198 -9.2308 17.1736
1.9456 -9.0147 17.4511
14.3108 -3.3536 -11.5299
-7.5759 -3.2240 12.5519
-6.8990 -9.1372 5.1812
-6.5696 -8.9652 5.5921
-6.9825 -8.9022 5.4740
-6.2060 -9.2983 4.8711
-6.1428 -8.9830 5.3134
-5.6252 -9.1951 4.9446
-6.1138 -8.8890 5.6320
13.5575 -4.7754 16.4066
1.8727 -8.6082 17.5663
13.5554 -4.4355 15.5885
-8.1892 -9.2855 5.4903
-7.9813 -9.1410 5.2289
-7.6959 -9.0785 5.0149
-7.3200 -8.9094 5.2366
12.3347 -3.6802 13.8038
-6.9487 -9.2241 6.0841
-7.7358 -8.9596 5.9081
-7.5321 -9.1094 6.0914
-7.0732 -8.9270 5.7540
0.9613 0.0379 -6.3973
-0.2831 -0.4654 -7.1267
-6.0355 -9.0893 5.9571
-1.8215 0.2761 -5.9356
-1.0470 0.5256 -5.7459
-1.2327 0.0392 -6.1489
-8.0624 -9.1123 5.6608
-0.4774 0.1757 -6.1730
-0.6564 -0.3377 -6.7402
7.7039 -5.7863 17.3364
-7.5504 -8.8323 5.5181
1.3832 -8.1334 17.6224
-5.0364 -8.9994 5.1528
0.9607 0.6494 -5.6262
8.2809 -5.4151 17.1483
6.4071 -5.6902 17.2904
2.5097 -9.3101 -12.2556
4.0542 -9.2883 -12.7864
4.2819 -9.2720 -11.9407
0.1997 -9.0616 14.6392
-0.0239 -9.3051 15.0086
3.1229 -9.2636 -11.9262
3.9882 -9.1599 -11.7642
-0.5295 -8.9438 14.5181
-2.6971 1.8754 -4.3994
-0.1893 1.5435 -4.7713
-5.5205 -8.9410 5.1965
0.0014 -8.6933 14.3936
-5.5067 -8.8930 5.4875
0.7121 -8.8532 14.4867
1.4011 -8.8913 14.4693
0.7990 -9.3035 -12.2268
1.7569 -9.3141 -12.9496
0.5528 -8.6251 14.0448
0.4747 -9.3022 -12.9211
1.1623 -9.2759 -13.1988
-2.9164 -9.1433 4.7301
1.0140 -9.1628 -13.4174
-0.2357 -9.2984 -13.2121
0.4143 -8.5590 14.2520
1.8086 -9.1322 -13.4482
2.5317 -9.2390 -13.2465
1.7909 -8.8856 -13.6743
0.9068 -8.6763 14.2940
1.1418 -8.6963 14.1485
1.6802 -8.7038 14.2363
3.7975 -8.9548 -13.5221
3.6657 -9.2410 -13.1625
-2.4884 2.6223 -3.7193
3.4235 -8.7426 -13.7091
2.6873 -9.0551 -13.4980
-0.0912 -8.7349 13.9462
2.5354 -8.8415 -13.6908
3.0951 -8.9258 -14.2909
3.2839 -8.6593 -14.0625
2.4520 -8.8138 -14.1742
3.0961 -8.6845 -13.8828
-0.2556 -8.5871 14.2041
-0.8078 -8.5860 14.1393
2.4112 -8.6795 -13.9281
16.2266 -8.7682 16.6672
-1.4366 2.3026 -4.0816
0.3255 2.0841 -4.2697
16.7811 -8.7416 16.4460
17.0323 -8.6307 16.2954
16.9277 -8.8070 15.5017
4.2826 -9.2695 -14.9996
5.0955 -9.2422 -15.6960
6.7773 -9.2217 -14.6468
2.0720 -8.7250 14.3978
-2.4945 -9.0561 4.2506
-2.2444 -9.1657 4.0456
-1.9693 -9.1842 4.6186
16.6105 -8.5508 16.8383
17.0241 -8.3783 16.7771
16.7832 -8.0934 17.0708
17.2090 -8.5191 15.2414
8.1244 -9.2052 -15.6601
6.9327 -9.1769 -16.1513
8.3465 -9.1410 -16.5550
17.2039 -8.2636 16.4377
17.2764 -7.8710 15.7671
-4.4747 -9.3982 12.1932
-4.8229 -9.4196 12.9055
6.2282 -9.0178 -16.7981
7.5231 -9.0182 -16.7939
17.1545 -7.8308 16.8845
17.2185 -7.4176 16.7673
-2.7317 -9.3221 11.2757
-1.5453 -9.2521 11.0991
-2.1452 -9.2645 10.9950
16.0616 -7.6709 17.3882
16.8160 -7.3836 17.1697
3.3772 1.2880 -4.9498
5.0059 0.9050 -5.1803
3.5167 0.5888 -5.6636
-2.7477 -9.1109 10.5073
-3.2070 -9.2355 10.5684
-1.6896 -9.1610 10.6876
-2.0830 -1.9905 10.3170
16.0408 -7.0662 17.5141
-2.3257 -8.9816 10.5465
-1.8237 -8.9924 10.4770
16.3942 -6.9518 17.4395
-3.2414 -9.3603 12.7448
-3.6690 -9.3722 13.2624
5.3035 0.1398 -6.0751
16.8778 -6.6704 17.1372
5.6563 -9.1189 -16.1909
8.5460 -9.2296 -14.7773
16.4686 -8.9561 14.5779
-2.7867 -9.3311 11.9409
-0.0685 -2.7653 11.9532
1.9459 -1.9323 10.1982
17.3026 -8.0317 14.3337
17.3220 -7.1657 14.1259
17.2596 -6.4651 15.6006
-3.3496 -9.2137 11.4083
-3.6651 -9.2837 10.8167
-3.6331 -9.2894 11.9492
-3.8829 -9.1303 11.5449
17.2481 -6.6952 16.4122
-4.2564 -9.3182 11.7865
5.6512 -9.2668 -11.5306
6.6152 -9.2805 -11.3641
6.2502 -9.2793 -11.0467
5.7205 -9.0997 -11.1342
17.1397 -6.5690 16.7958
-1.1474 -0.9057 8.4074
-4.9279 -9.1862 10.2936
-3.9453 -9.1116 10.3076
-4.3442 -9.3046 10.6946
17.2160 -6.0126 16.3870
-5.0797 -9.2234 9.3370
4.9300 -9.0783 -11.4278
-5.3214 -9.0678 10.0225
-5.3246 -9.3074 10.3180
-4.9221 -8.8840 9.9174
-4.7768 -8.9583 9.6400
-5.2506 -9.1201 9.5609
17.3457 -6.2304 13.9492
-6.5946 -9.3924 11.6132
-5.8959 -9.3537 11.4875
-2.5052 -9.2704 2.7402
-2.6813 -9.2689 3.5397
6.2742 -9.2738 -12.8622
17.2275 -5.5163 15.0571
-6.2707 -9.2737 11.3326
-5.9157 -9.2508 10.8323
-5.3210 -9.3531 10.8813
-4.5541 -9.2589 11.0436
-4.2587 -9.1939 11.3220
17.1374 -5.4772 15.9483
17.0806 -5.2100 15.1642
17.3743 -7.2610 13.0675
17.3266 -5.6950 13.3989
6.0817 -9.1535 -13.3959
7.2951 -9.1964 -13.3016
-2.6441 -9.0477 1.7522
-6.7409 -9.3275 10.3957
-6.3543 -9.2769 10.8779
-2.9383 -8.8541 1.8894
-6.3796 -9.2169 10.2895
-6.1146 -9.0816 10.2250
7.1940 -8.9668 -13.8277
6.7589 -9.0305 -13.5982
7.8219 -9.0703 -13.5302
8.6632 -9.1765 -13.0790
-3.2181 -9.2216 2.5815
17.2267 -5.4035 13.9480
17.2015 -5.2576 12.9253
-2.0612 -9.0873 2.2419
8.4162 -8.9561 -13.4935
-2.7792 -8.9748 2.2130
17.3117 -5.4369 12.1985
-3.4405 -9.0548 2.2365
7.9947 -8.9119 -13.9768
-3.7355 -9.0833 1.7738
-3.4349 -8.8492 1.9713
8.5731 -8.9483 -14.1416
8.6889 -8.8069 -13.8223
3.8605 2.3798 -3.9032
2.6021 1.7933 -4.5349
16.9061 -5.0019 13.0216
16.6432 -4.7523 11.6070
-5.0784 -0.4458 7.4060
5.0319 1.8959 -4.1920
-1.9913 -8.9122 1.9088
-2.7526 -0.6857 8.0192
16.2405 -4.6680 13.2077
-5.7295 -9.2350 10.3415
-2.2317 -8.9513 1.7836
17.0981 -5.1823 14.0830
16.8606 -4.9939 14.5926
5.5370 2.5918 -2.9331
5.1845 2.4407 -3.5441
4.9745 2.9043 -3.0431
-2.9969 -9.1352 3.9210
5.3532 2.9144 -2.6760
-3.5404 -8.8311 9.9390
-4.2395 -8.9822 10.0627
1.0343 2.4321 -3.8838
-2.9809 -9.1755 9.5560
-2.7201 -8.8938 9.7927
-3.3998 -8.9699 9.6594
-2.2926 -8.7404 9.7591
3.1497 2.6878 -3.5419
4.3295 2.7533 -3.3694
3.8328 3.1204 -3.0167
-2.9348 -8.9577 4.3916
-1.9720 -8.7856 10.2994
15.1318 -4.2313 13.8134
14.4437 -3.8892 11.8816
-2.6301 -8.8212 10.2250
4.4878 3.1895 -2.9514
-2.2492 -8.6299 10.1293
-3.0312 -8.8669 10.0511
-4.0601 -0.1894 7.2076
16.2056 -6.3955 17.4417
-2.4777 0.0315 7.0568
-4.5190 -9.1592 9.4664
-4.0255 -9.2909 9.2968
-4.0454 -9.1432 9.5973
-3.5469 -9.1692 9.3508
15.7024 -5.7054 17.3001
5.1025 -9.2468 -13.2159
5.4419 -9.0800 -13.4824
5.9915 -8.9052 -13.6782
4.8211 -8.8905 -13.6077
5.5107 -8.9840 -14.3189
5.7473 -8.7939 -13.9136
5.3927 -8.7760 -14.1298
5.4345 -8.8301 -13.7113
-4.0431 -8.9493 9.8716
5.1954 -8.6873 -13.8795
16.5420 -6.1218 17.2680
4.4847 -9.1652 -14.5015
2.6042 -9.2764 -14.7661
16.9101 -5.9238 16.8967
16.9895 -5.6024 16.5844
2.6732 -9.1315 -14.4426
4.2683 -8.8356 -14.2202
16.1907 -5.7640 17.2533
16.5061 -5.4658 16.9319
15.8800 -5.2629 16.9945
5.8003 -9.1573 -14.5094
-3.8315 -9.1773 11.1108
16.6302 -5.1502 16.4474
15.9344 -5.0435 16.7111
-8.8639 -1.5556 6.9827
16.2328 -4.8902 16.2469
16.4922 -4.8948 15.6514
14.0903 -3.8608 13.6957
15.3991 -4.7146 16.0720
-8.5212 -9.1941 1.4398
-7.7107 -9.2871 1.0219
-7.4141 -9.0667 1.4803
-4.6701 -9.3383 13.5479
-4.2139 -9.1732 13.7052
-3.6508 -8.9157 14.3577
-4.1484 -9.1767 14.4828
4.7964 -8.6651 -13.9646
-5.1792 -9.0910 13.7760
-4.9753 -8.8531 13.9201
-4.4063 -8.8330 13.9294
-7.1012 -9.2167 1.2692
15.1097 -5.0095 16.7945
-4.0792 -8.7079 13.9301
-3.6525 -9.0155 13.7313
4.4007 -9.1551 -13.3408
-5.5447 -9.3629 13.2864
2.8482 2.8371 -3.2219
1.5494 2.6597 -3.4424
-8.1852 -9.3141 2.5259
-8.2740 -1.4723 8.1570
-5.8099 -9.0110 13.6757
-6.7082 -9.2926 2.7151
-7.0431 -9.2361 2.5642
-6.6706 -9.0959 2.2474
-7.3038 -8.9411 2.2105
16.8684 -5.1055 15.6787
-7.5502 -9.1752 2.6918
-8.1019 -8.8512 1.9732
-7.8623 -9.1056 2.3189
-8.7513 -9.1925 2.2556
-7.9242 -8.8917 1.6669
4.1184 -8.6459 -13.8449
-9.0981 -8.8554 1.6153
-2.8821 -0.2578 -6.7105
-5.3645 -9.3679 14.7907
-5.2596 -9.1841 14.4670
-8.8599 -8.9419 1.9977
-5.7280 -8.9153 14.3127
-6.2352 -8.8975 14.3754
13.7656 -3.9097 14.1025
-5.0363 -8.9578 14.2552
-5.2613 -8.8022 14.1233
-7.2558 -8.7861 1.7707
-6.7255 -8.7868 1.8452
6.5179 -8.8937 -13.9673
7.1357 -8.9910 -14.1782
-7.7461 -8.8066 2.0524
6.1660 -8.8858 -14.1419
-4.5153 -9.2171 14.4650
-4.0848 -8.8082 14.2485
-4.4750 -8.7924 14.0827
-5.7721 -9.0030 1.5395
-5.2896 -9.1914 1.4245
-5.4439 -9.0120 1.7062
-5.9845 -8.7346 14.2554
-5.5894 -8.7282 14.0222
-5.9864 -8.7363 13.7618
-5.6441 -9.0865 2.0714
-5.9260 -8.9020 1.7565
-6.9957 -0.7294 7.1958
-2.0713 -0.1680 -6.4278
-6.2551 -8.6485 14.0254
-5.7801 -9.2914 0.9210
-2.8881 0.2666 -6.0492
-4.2724 -0.3281 -6.7492
-4.0769 0.2278 -5.9544
-6.1505 -0.7604 7.6172
-7.5260 -0.8598 6.9892
0.8947 -9.2864 -16.2758
2.6148 -9.2395 -16.5227
0.7894 -9.2821 -15.5115
-3.2875 -9.3174 13.5033
-3.1135 -9.1151 13.8048
-2.8063 -9.2181 13.7781
2.0514 -9.0721 -16.9140
1.3296 -9.2110 -16.6546
-6.2625 -9.2631 1.1711
-4.4326 -0.1288 -6.3387
-3.3516 -8.8490 13.8794
0.3401 -9.1055 -16.9151
1.1552 -9.0439 -16.9847
0.7574 -8.8524 -17.1771
-3.1723 -8.8619 14.0953
-3.6600 -8.6555 14.0736
1.9643 -8.8523 -17.1405
-1.0187 -0.5565 -7.0014
-1.3908 -0.7196 -7.3628
1.5208 -8.6063 -17.2347
-6.3059 -9.1094 1.4767
-6.3585 -8.8758 1.6581
-6.0503 -9.1227 2.2767
6.3531 -9.1962 13.9225
6.5829 -8.9426 14.1953
5.5513 -9.0719 14.0484
7.7139 -9.2235 13.7155
7.2885 -9.0357 14.0909
-1.5782 -9.2570 -13.4975
-0.5908 -9.1851 -13.5177
6.6021 -9.2822 13.4148
-1.3184 -9.0080 -13.7843
6.9157 -8.8916 14.3526
0.1809 -8.9457 -13.6595
-6.3194 -8.8945 1.9831
5.2673 -9.2763 12.4700
-0.3949 -8.7466 -13.9362
0.2831 -8.6835 -14.1453
0.5498 -8.7123 -13.8521
-0.5581 -9.1716 -14.5886
-3.0123 -9.3295 -15.0222
-1.1799 -9.2966 -14.9156
-9.2960 -9.1414 1.1831
-8.6779 -9.3256 0.8727
-8.9333 -9.1732 1.3246
-1.0477 -9.1065 11.3694
-0.4096 -9.3041 11.3321
-0.7844 -9.1630 11.0673
-2.5367 -9.1218 -14.6284
-1.0395 -8.9051 -14.3171
-2.1700 -8.8804 -14.2432
-1.4245 -8.8630 -14.0713
-2.5669 -8.8413 -14.3816
6.5984 -9.2487 12.5609
5.7605 -9.1702 12.2309
0.6920 -9.2903 -14.9293
-6.7571 -0.0560 5.7742
5.8087 -8.8949 14.3296
6.1865 -8.9704 14.5923
-3.5450 0.8248 -5.2859
-0.3524 -9.1751 10.5189
-5.7418 0.0112 -6.0671
-0.8719 -8.9090 10.4901
0.3483 -8.9101 -14.3306
-1.1811 -9.2596 11.8830
-1.3613 -8.8852 10.4844
-5.9707 -0.1848 6.7034
-6.5716 -0.1974 6.3155
-1.0493 -8.7144 10.1680
-4.9306 0.1972 6.5641
-0.5250 -8.8494 10.0364
1.2600 -9.2130 -14.6075
-5.4017 0.7365 5.7379
7.8971 -8.8851 14.1004
-2.8788 1.3376 -4.8162
7.6027 -8.8436 14.3740
-1.9210 -8.6841 9.9167
-1.5238 -8.7658 10.0655
9.8738 -1.7848 -9.5951
8.7144 -1.7729 -9.6929
8.1469 -1.1876 -8.2549
-1.2422 -8.7538 9.8288
-0.9383 -8.7391 9.7609
7.6057 -1.6520 -9.3466
-3.2244 0.9068 6.1497
1.2139 -9.0132 -14.3779
1.3182 -8.7462 -14.1806
4.5803 -9.2665 11.6906
-2.5524 -9.0102 17.2917
12.2103 -2.4975 -10.4760
11.2550 -2.1755 -10.1950
10.2831 -1.6335 -8.4510
1.2945 -8.6874 -13.8595
-2.2997 -8.7323 17.5319
-11.5651 -9.2817 -1.5825
-10.9395 -9.0347 -1.8423
-10.6957 -9.2109 -1.4949
-4.1688 1.3278 5.6032
-10.6541 -9.0534 -2.1109
-10.0625 -9.0258 -1.7367
-0.6450 -8.6798 17.5868
1.8959 -8.6572 -14.0039
10.4720 -3.8709 14.3041
-12.2069 -9.3859 -1.5345
-11.6698 -9.2503 -2.1900
-0.7906 0.3710 6.7334
-0.9214 -8.3769 17.6692
-12.8247 -9.3787 -2.1917
-11.1683 -9.3272 -2.6720
-2.7133 -8.5291 17.5815
5.2014 -4.0387 14.6507
7.9030 -4.4545 15.5567
-12.9438 -9.3723 -3.7017
-1.0096 -7.6127 17.7046
-3.1659 -8.0959 17.6076
10.6446 -2.3537 -11.1759
8.1330 -2.2749 -11.1192
-10.1240 -9.2968 -3.6396
-12.2249 -9.3346 -4.2511
-1.8285 -9.2931 -16.2952
-0.9726 -9.2277 -16.6797
-10.6685 -9.2432 -2.3590
-4.6709 -9.1062 17.3589
-6.1667 0.3548 5.7544
-6.4687 0.3728 5.0345
-1.2884 -9.1383 -17.0352
-0.3424 -8.9658 -17.1790
-14.1404 -9.0247 -4.5999
-13.9243 -9.1025 -5.1394
-13.9260 -9.1002 -4.1631
8.9125 -1.0882 -7.7994
-3.6173 -9.2424 17.1434
-3.4560 -9.0093 17.4365
-14.6258 -9.3134 -2.0573
-15.0056 -9.4048 -2.4099
-14.6301 -9.3257 -3.5449
-13.4488 -9.3641 -2.2321
-13.8938 -9.2175 -2.4124
-13.6841 -9.2607 -3.5924
-5.4640 1.5606 4.5365
-14.2721 -9.1292 -2.5580
-14.1220 -9.0756 -3.3174
-2.2172 -9.1763 -17.0555
-5.8865 1.3510 3.9165
-1.3905 -8.9080 -17.3260
-3.1102 -9.2427 -16.9985
-2.6451 -9.1090 -17.2618
-15.6077 -9.3971 -3.4525
-14.8572 -9.3569 -3.9912
-3.3326 -9.1192 -17.2839
-2.7963 -8.8884 -17.4452
-2.1105 -8.8790 -17.4131
-2.2329 -8.6636 -17.4793
-4.5363 -7.4397 17.5567
-14.9918 -9.3709 -5.4650
-14.4723 -9.2225 -5.5524
-14.2912 -9.1004 -4.1207
-0.5195 -8.6535 -17.3874
-0.7686 -8.3661 -17.4141
7.9070 -2.0023 -10.0902
-2.8864 -8.3619 -17.4692
-1.9273 -7.2095 -17.3593
-4.6412 2.3942 4.2027
5.1800 -3.3449 13.1597
-2.8132 -9.3339 -15.5613
-4.6489 1.7192 4.9970
-11.0574 -9.3321 -5.0425
-3.4131 2.1566 4.9820
7.0427 -3.0537 12.3723
-4.3036 2.2069 4.6750
0.4969 -8.4833 -17.2718
-13.5034 -9.2982 -4.8293
-13.0299 -9.3189 -5.5997
-3.7429 2.7007 4.2851
-4.5610 2.8209 3.6394
-3.5959 3.2684 3.8171
2.1785 -7.5443 -17.2741
-4.0726 3.3335 3.6460
1.3317 -7.5802 -17.2860
-17.1742 -8.2489 2.8095
-17.2519 -8.8044 2.3117
-13.8221 -9.1868 -6.0679
-17.1918 -7.6529 2.4910
0.4462 -7.6230 -17.4190
10.2089 -2.7026 -12.2210
-12.0814 -9.3110 -6.0334
8.6225 -0.7488 -6.8877
11.0808 -3.2843 12.7129
11.2271 -2.7418 11.3970
9.3628 -2.6422 11.4057
-1.4053 -6.4975 -17.3369
7.6260 -0.5010 -6.8240
-17.2077 -7.2239 1.1431
-3.1714 -6.2103 17.4160
-4.6973 -6.5645 17.4339
1.4912 -6.7716 -17.3523
-1.6270 -6.8602 17.5948
-17.0120 -6.0821 2.5109
0.4245 -6.1657 -17.3358
-0.1098 -6.0718 17.3674
9.6881 -2.0761 10.1594
-17.0770 -9.1845 -6.2053
-16.9471 -9.2855 -6.7269
-16.7630 -9.3351 -5.7878
-17.1830 -8.9968 -6.3075
-17.0559 -9.2344 -5.3585
-16.4266 -9.3730 -5.9336
-16.5869 -9.3799 -3.5462
-17.1482 -9.0645 -4.7994
-16.8905 -9.3636 -4.9851
-16.9393 -9.2860 -3.9817
-17.0953 -8.9944 -3.8288
-17.1923 -8.6377 -4.5259
3.9089 -9.2009 -16.5117
7.3981 0.0138 -5.8935
4.6350 -9.0923 -16.3985
5.2003 -9.0377 -16.7317
7.7040 -0.0569 -5.6787
4.5748 -8.9948 -16.8994
-2.4178 -5.7927 17.2602
5.3321 -8.8633 -17.0384
-16.8519 -5.5949 2.1853
-16.8847 -5.7684 4.2454
-17.0779 -6.2803 -0.2410
6.6262 -0.0389 -6.2200
-17.2126 -8.6115 -7.0337
-17.1904 -7.4339 -4.5818
-4.1950 -5.6910 17.1524
1.9091 -2.5914 11.4848
-16.9146 -5.7803 -0.0833
3.5549 -9.0883 -16.8681
3.0711 -8.8986 -17.0797
-2.1685 -5.3946 16.9246
6.3967 -2.4112 11.0120
2.8221 -8.5809 -17.1963
3.2570 -8.0783 -17.2005
-13.6536 -9.2532 -7.8864
-13.7721 -9.1649 -8.5583
-13.2555 -9.3626 -9.8529
-13.2526 -9.3398 -6.7694
4.4363 -8.8115 -17.0979
4.3782 -8.6075 -17.1761
-12.2988 -9.2953 -8.9361
-12.6219 -9.3851 -10.1624
-12.3048 -9.3242 -9.5052
-16.7910 -5.5044 4.7292
5.6222 -1.6859 9.7534
-11.8934 -9.3182 -7.5237
-12.1226 -9.2317 -7.9413
-11.9789 -9.2866 -8.7420
-12.5353 -9.3351 -7.6617
0.6023 -6.9535 17.5335
0.6437 -7.7760 17.6000
4.0414 -7.1066 -17.1981
6.7064 -8.8608 -17.0126
7.3248 -8.6809 -17.0960
-16.6502 -5.3279 2.3155
2.4428 -0.8058 8.3547
-13.7079 -9.2516 -7.2657
6.0740 -8.6855 -17.1465
6.7903 0.8720 -4.5892
-16.3727 -5.0917 1.3247
-16.0926 -4.9214 3.6752
-15.5275 -4.5837 1.3152
5.3862 -8.4700 -17.1700
6.4552 -8.2565 -17.1600
-11.2334 -9.3500 -7.3024
5.6568 -7.6385 -17.1491
6.5723 0.9333 -4.7932
6.2680 0.8858 -4.9867
7.8542 -8.1948 -17.1024
10.1964 -1.9465 9.2238
11.9502 -2.7222 9.5576
9.3635 -1.3801 7.9772
6.9633 -6.7267 -17.0893
-14.1213 -9.0955 -7.6422
-14.3460 -9.1706 -8.0756
-14.5952 -9.2662 -7.1156
-14.0249 -9.0368 -8.2679
-14.2940 -9.1118 -6.7409
-14.0118 -9.0857 -7.0857
-16.6878 -5.4098 0.0964
8.6316 -0.6927 6.0054
6.0231 2.0833 -3.1808
5.9226 1.9484 -3.8303
-16.8697 -9.3239 -9.1411
-16.5438 -9.3606 -10.5035
-16.0022 -9.3790 -9.5863
-17.0258 -9.2217 -9.8237
4.2739 -6.1619 17.4058
-16.2607 -4.9975 -1.4419
5.5788 2.9681 -1.9923
1.4636 -5.7438 17.2645
5.8102 -6.8168 -17.0698
5.7694 -6.0856 -17.1089
3.0534 -5.6497 17.2181
-15.8459 -9.3757 -7.4651
-16.7319 -9.3670 -7.9390
4.5134 -5.7597 17.2803
4.7197 -0.6179 7.9894
1.9707 -5.4656 17.0981
8.2290 -1.4097 8.9712
-17.1143 -9.1108 -7.5227
-17.0087 -9.2632 -8.2758
3.4160 -5.2348 16.8454
1.7300 -5.2057 16.7881
-14.7947 -9.3566 -8.5763
-15.3633 -9.3951 -10.3000
11.6263 -2.6832 10.8991
9.8712 -1.8976 9.6797
3.2622 -0.3008 7.4889
5.0271 -0.0282 7.1638
2.6861 0.1063 7.0700
-17.1189 -9.0977 -8.9971
-13.9835 -3.8837 1.7327
-14.3925 -3.9887 -1.4481
0.5014 -0.2037 7.4217
2.2971 -6.3273 -17.2130
-17.1466 -8.9674 -9.6517
-17.1954 -8.5497 -8.8717
2.8359 0.7935 6.4140
-17.1584 -8.9258 -8.3038
3.8546 -6.1861 -17.1413
-0.1980 -5.6008 17.1435
-12.7112 -3.2359 -0.2205
0.5369 -5.3202 16.8890
-13.7274 -9.2509 -9.2201
-13.9343 -9.1639 -9.5488
-13.6486 -9.2754 -10.9026
-14.1377 -9.1479 -8.9387
-14.5608 -9.3156 -10.3013
-14.3974 -9.2819 -8.8704
-14.3167 -9.2084 -9.8038
-2.5729 -4.9723 16.3097
0.2252 -4.6516 15.8402
4.9133 -5.5757 -17.1207
2.6132 -5.3905 -17.0717
1.4883 -5.9273 -17.2871
-0.6941 -5.5760 -17.2348
-14.2466 -9.1214 -10.7712
-13.8986 -9.1112 -10.7220
-14.0370 -9.0670 -10.0209
1.1600 -5.2936 -17.1285
7.3555 0.5319 5.0690
8.7017 -0.6235 4.5953
-14.8036 -9.3782 -12.1175
-0.6247 -4.0224 14.5363
7.9249 0.0223 4.0195
-12.8450 -3.3027 1.9488
-12.0362 -2.9820 1.0615
6.7418 -0.6375 7.8809
-14.3087 -9.0901 -5.2756
-14.0968 -9.0739 -5.8814
7.0874 0.9034 2.2686
6.5857 1.5807 3.1157
3.3987 -5.2096 -17.0135
4.7640 -5.2033 -17.0170
3.2611 -4.9763 -16.8579
-5.8153 -5.9010 17.2344
8.4197 -0.8674 7.8759
6.7849 -5.2207 -16.9761
7.1469 -5.4528 -17.0257
6.2491 -5.0749 -16.9040
-6.5347 -5.6422 17.0698
-5.0245 -5.4674 16.9369
5.9096 -4.7912 -16.5972
6.3576 0.1918 6.7276
-0.6430 -9.2602 -9.2374
-0.1024 -9.3085 -9.6881
0.2679 -9.3349 -8.6285
-0.7205 -9.1801 -9.4980
7.7929 -0.4897 7.4362
0.9894 -9.2892 -9.3253
1.1028 -9.1655 -8.9444
1.0085 -9.3232 -10.1627
1.8258 -9.2863 -8.9940
5.6403 0.7125 6.3744
1.7254 -9.0965 -8.7503
8.5519 -0.7906 7.3744
7.7499 -0.1689 6.6300
2.9207 -9.3044 -10.5443
2.1459 -9.2894 -11.4347
2.4536 -9.2121 -11.2429
6.9777 0.5458 6.1452
3.3109 -8.8490 -11.3598
3.6160 -8.9189 -11.5678
3.6855 -8.8792 -11.2038
3.4047 -9.2030 -10.8298
3.6130 -9.2387 -10.2557
3.3628 -9.3410 -9.7799
-17.2104 -7.7006 -7.7123
7.1776 0.5729 5.8100
-17.1614 -7.9242 -8.7379
3.8590 -9.0283 -10.7175
3.9999 -9.0028 -10.0820
3.2114 -9.0888 -11.0425
2.8638 -9.0250 -11.2884
6.2507 -5.4448 17.1446
4.7232 -5.3688 17.0182
6.7326 -5.2243 16.9308
6.4061 0.6513 6.1749
6.1117 -4.9634 16.5099
6.1004 1.2146 5.8228
-17.1448 -7.1916 -5.4156
2.6603 -9.2064 -8.7640
2.9583 -8.8615 -8.4360
2.5137 -9.0088 -8.5725
2.7560 -9.3228 -9.1203
-11.4013 -2.6619 1.8763
-17.1720 -6.8174 -7.6259
3.5378 -9.1945 -8.9486
3.4904 -9.3056 -9.3393
3.8711 -9.1158 -9.4291
4.1732 -9.0612 -9.6849
4.4111 -9.2210 -9.3614
4.3886 -9.1205 -8.9732
3.9142 -8.9112 -8.9048
-11.1953 -2.5370 -0.4125
-9.8989 -1.9118 0.3078
4.6059 1.6630 5.6192
3.4695 -8.9976 -8.7268
3.3351 -8.7484 -8.5072
4.6118 -8.7395 -8.6293
3.9506 -8.6116 -8.4202
-8.5185 -1.0360 -1.2390
-9.3567 -1.5393 1.1631
-8.0424 -0.6250 -0.0329
2.4923 1.5909 5.7283
4.8265 -4.4545 15.5483
-1.3509 -9.3449 -12.4871
-1.6074 -9.3385 -11.3983
2.1988 2.2543 5.1520
-2.1654 -9.2593 -12.1089
-3.2301 -9.3075 -11.5487
-16.2306 -9.4147 0.1488
-16.6434 -9.4005 0.7436
-16.8687 -9.3341 -0.1630
6.2270 1.6014 5.3164
-16.5955 -9.3541 -1.5308
-15.3391 -9.3994 -0.3105
6.3082 1.8059 4.5817
-17.0607 -9.1766 -1.5960
-16.9109 -9.2882 -2.3312
-17.0529 -9.1146 -3.0042
-16.8010 -9.3423 -3.0967
-0.9498 -9.3264 -10.1493
-17.1301 -9.0572 -2.1309
-17.1654 -8.8525 -2.7578
-17.2003 -8.5133 -2.9414
-17.1245 -9.1794 -0.3322
-16.9595 -9.2831 -1.1560
-17.2264 -8.9411 -0.9115
-17.2630 -8.6607 -1.2972
-1.3059 -9.1310 -9.7280
-17.2838 -8.8082 -0.1840
-1.7642 -9.3001 -10.0438
5.2496 2.3474 4.8212
5.6419 2.4799 4.4465
-17.3092 -8.1316 -1.6173
3.9001 2.5881 4.7680
-17.2224 -7.5192 -3.3703
1.1606 3.0898 3.2400
1.0531 3.1943 1.9619
0.3726 3.1412 2.2948
-17.1839 -6.8379 -2.1185
-9.3642 -1.5998 -2.1884
-10.6094 -2.2831 -1.7563
-0.7453 3.3348 2.7507
-0.1653 3.2027 2.6747
-0.5388 3.3801 1.6694
-16.9761 -9.3459 1.5669
0.1756 3.1492 0.7418
0.7713 3.1439 0.6557
-17.2325 -9.0871 1.3890
2.9304 -9.1392 -11.6619
6.8764 1.1288 0.8858
6.2509 2.1264 1.3915
-17.1032 -9.2568 0.9136
-17.2477 -8.9994 0.5480
-17.2800 -8.4997 1.5925
-17.3175 -8.3523 0.0634
-11.0538 -2.4625 2.4382
-1.3397 -9.3207 -7.3554
0.6718 -9.3317 -6.8552
0.5733 -9.3178 -7.9170
0.8494 -9.1552 -8.5397
0.9085 -9.1281 -7.8744
1.5611 -3.6201 13.7607
1.2432 -8.7879 -8.3000
1.5463 -8.6746 -8.3304
1.3375 -8.8614 -8.6915
1.1721 -9.2154 -6.6337
1.1553 -8.9589 -7.5966
1.3331 -8.9966 -6.9369
-9.8876 -1.8985 2.7832
1.9826 -9.2759 -7.5042
1.6609 -9.1320 -7.2444
1.4193 -8.9038 -7.7328
1.7807 -9.0119 -7.8776
1.8474 -8.8216 -8.1186
-0.1120 -3.3995 13.3850
-1.0301 -9.3272 -8.8599
5.4794 3.5185 -0.8790
5.7944 2.7729 -0.7084
5.6118 3.2302 0.6397
5.0960 4.9972 -0.0401
5.1959 4.5471 -1.0763
2.2422 -8.9430 -8.0242
2.5631 -9.2011 -7.7793
2.0749 -8.8378 -8.4400
2.6617 -8.8391 -8.2354
3.1259 -8.9986 -7.9644
3.3045 3.3623 3.9890
4.0043 3.0376 4.2419
4.3323 3.6051 3.9578
5.8400 2.7511 2.3331
5.6922 2.8563 3.1798
3.4587 -8.6964 -8.1528
5.4619 3.7082 1.9635
4.9984 -9.3215 -10.2245
5.3604 -9.2160 -10.5543
5.6823 -9.2675 -9.6527
4.4801 -9.2425 -10.2723
4.9791 -9.2301 -10.7446
4.5649 -9.1331 -10.8440
4.9625 -9.0647 -11.0204
5.4954 2.9638 3.7642
4.9592 -9.2950 -9.4694
5.1561 3.1605 3.9618
4.8248 3.0734 4.1404
4.1392 -9.0260 -10.6256
5.0632 3.8008 3.6315
6.1169 -9.1886 -10.3685
6.1951 -9.1048 -9.7770
5.8295 -9.1897 -9.9752
5.6130 -9.0512 -10.5890
4.6857 4.0158 3.7800
5.8737 -9.0308 -10.7294
6.7252 -9.2708 -9.8250
5.2171 3.8142 3.3391
-8.6918 -1.2956 -2.9378
-8.1993 -0.9216 -3.0297
-14.8113 -9.3873 -0.8623
-14.3670 -9.1708 -0.0081
5.4672 -8.9592 -11.0044
-14.4093 -9.1768 -1.6171
-14.1602 -9.1872 -0.6065
5.0990 4.6551 2.5948
4.2098 -8.9392 -11.3480
-7.4995 -0.1700 -2.3391
-14.1129 -9.1416 -1.5328
-13.8738 -9.2637 -1.2169
4.8465 5.3152 2.9438
-13.6950 -9.2708 -0.0091
1.5147 3.2082 3.1735
-7.1969 0.1909 -0.0356
1.5281 3.4241 1.6271
1.9595 3.6636 2.4930
1.9242 3.5551 3.1215
-13.9369 -9.1139 0.4992
1.9667 3.8279 1.3151
-2.2912 -9.3660 -13.0315
1.1414 3.2858 1.0774
-14.6072 -9.2364 0.4209
1.7192 3.6021 0.6559
-2.4601 -9.3311 -13.3771
2.2652 4.4002 1.0714
2.1882 4.2048 1.8207
-2.2211 -8.9953 -13.8611
2.2652 4.9818 1.2125
2.2371 4.9405 1.7331
2.3776 4.5904 2.5208
-2.6533 -8.8805 -13.9390
-6.3973 1.1274 -0.7430
16.8847 -9.0459 -0.0492
16.8560 -9.0773 1.0683
0.4222 -3.8985 -14.9397
0.5085 -4.5321 -16.1332
-0.9084 -4.1724 -15.4350
-0.2219 -4.6589 -16.1492
17.1271 -8.9718 0.3968
-6.5880 0.7655 -2.6933
5.1203 5.0139 0.7172
-2.6927 -3.6904 -14.4075
4.8841 5.5485 1.6196
14.2871 -8.8490 -1.1310
15.0564 -9.1504 -0.7135
-5.5121 2.0948 -2.1130
-5.0719 2.4513 -2.5175
-5.5816 1.8306 -3.4758
16.0878 -4.5162 11.5973
16.3922 -4.5127 10.8240
17.2021 -9.0112 -1.4991
15.7042 -4.3202 10.9202
2.3502 -4.2785 -15.6420
6.7100 -4.3987 -16.0149
4.1053 -4.6747 -16.4261
7.3888 -4.0117 -15.1738
-16.9981 -5.9216 -1.8841
-16.6827 -5.3775 -2.1541
14.5716 -9.0052 -1.3257
5.0613 -3.4743 -13.8849
17.3484 -8.8369 -1.1735
17.4856 -8.7548 -1.8500
-0.3069 1.3679 5.8499
17.3934 -8.8813 -2.5679
-5.6360 2.0107 1.2916
17.5512 -8.5859 -2.5467
12.4662 -2.8938 8.1470
1.0425 -4.9614 -16.8135
-5.2161 2.3754 2.4290
-4.7335 3.0782 1.6498
-16.9985 -6.3072 -4.8243
-1.5811 1.8307 5.4395
-17.0742 -6.2106 -3.7426
-16.9293 -5.8544 -4.1290
1.1645 -4.2833 -15.7837
-2.0655 2.3613 4.8773
-0.5303 2.2516 4.9982
-0.3926 2.6299 4.4985
10.6631 -9.1986 13.2772
14.3185 -9.1416 11.9179
-17.0893 -6.4635 -5.4109
-16.9593 -5.8862 -6.2558
13.8754 -9.0071 14.3938
14.4082 -9.0907 13.5172
15.0709 -9.0746 13.7573
-17.0478 -6.3452 -8.2513
-16.8773 -5.8643 -8.5732
-5.4629 2.2317 -0.4364
1.2746 2.6256 4.6420
-16.7991 -5.5907 -5.8657
-5.0231 2.6561 -0.7402
-16.4566 -5.1992 -7.1096
1.0099 2.9829 3.9284
12.4631 -9.0560 14.0362
11.5578 -9.1434 13.6838
12.3779 -9.2028 13.6408
-4.6466 3.2353 -0.5607
-7.3181 -0.1737 -4.1168
-16.6413 -5.3906 -4.7758
-2.2696 2.8176 4.2842
-0.5158 2.8658 4.0945
-1.3417 3.0829 3.9873
-1.8684 3.1804 3.9960
-16.1971 -4.9845 -5.2338
-6.4446 0.7332 -4.2519
-2.8558 3.1106 4.0127
-1.5856 3.6255 3.6466
12.2154 -9.2541 12.9024
12.7874 -9.1928 12.5935
-15.6587 -4.6564 -7.9172
-15.5352 -4.5512 -5.8728
-14.3830 -4.0343 -6.8086
11.9422 -9.2042 11.7803
11.3272 -9.2173 11.8584
-5.9758 1.1078 -4.5165
-2.6291 3.7556 3.6987
-5.4818 1.5258 -4.3400
-3.2680 3.9797 3.5806
-15.7626 -4.7790 -4.5093
-1.9828 3.8930 3.6307
-5.0885 2.2025 -3.5463
14.0347 -8.9966 13.2314
13.6524 -8.9381 13.0832
13.9153 -8.9601 12.5190
-14.8550 -4.2079 -4.0860
-2.2617 4.3113 3.4344
0.4292 3.0850 3.5321
-0.7821 3.1252 3.8286
-0.6765 3.2220 3.5406
13.3857 -9.0782 11.9743
13.2212 -9.0671 13.0882
12.4156 -9.2091 9.6798
13.0815 -9.1867 10.8528
-0.9723 3.3858 3.1906
-1.1872 3.6649 2.0377
-4.7398 2.8162 3.1535
-1.2581 3.6370 2.7528
-1.2728 3.5150 3.4737
13.9487 -9.0056 11.6733
13.6253 -8.9609 11.2757
-1.4683 3.9978 3.0077
-1.6361 4.1252 3.2945
12.9225 -9.0928 13.9250
13.2056 -8.9556 13.9602
-4.7491 3.0238 2.5671
13.4233 -8.9041 13.5495
-16.8646 -5.6215 -2.4235
13.7934 -8.8733 13.7767
-4.3845 3.6865 2.6655
2.8950 3.0033 4.3062
2.1042 3.0038 4.1333
-16.3001 -5.0719 -3.6744
-15.6790 -4.6426 -3.0839
-4.1697 3.6096 3.3792
1.8121 3.2207 3.7216
2.3953 3.4284 3.7264
-17.1440 -8.9790 -10.5472
-17.0668 -9.1327 -11.7320
-16.8832 -9.2995 -11.0412
16.7161 -9.0493 10.4937
17.1284 -8.9638 10.3420
3.8159 3.8095 3.8712
2.8565 3.7909 3.6871
-17.1493 -8.0916 -10.2544
-17.1507 -8.8057 -11.6425
17.0382 -8.8070 13.1552
16.7085 -8.9995 12.2397
17.1050 -8.8359 11.9244
3.5470 4.6442 3.6954
3.0335 4.4628 3.5806
16.9985 -8.9610 11.2274
17.2515 -8.6441 11.7311
3.1430 4.9291 3.5857
17.2357 -8.8798 10.9580
4.5610 5.2622 3.4394
4.3607 4.9370 3.6089
4.6609 5.6321 3.1579
-17.1205 -7.9189 -12.4650
1.9551 3.4712 3.4082
2.6355 4.0790 3.4214
2.3845 4.1222 3.0397
2.5844 4.4955 3.1279
2.6510 5.0019 3.2227
2.5325 5.3759 3.1339
-17.1823 -7.3719 -9.4915
-1.2496 -9.2960 -5.9112
17.3480 -8.8099 10.0021
2.3469 5.0168 2.4134
2.1760 5.4979 2.1970
17.3513 -8.3390 11.2942
17.4202 -8.6350 10.9207
-12.0658 -9.3374 -10.1884
-17.0911 -7.0183 -11.2879
2.1332 5.8705 2.8301
9.4627 -9.1757 -16.0733
11.6582 -9.1934 -14.9111
14.0067 -9.0762 -16.0684
2.5711 6.0814 3.3597
2.2331 6.2448 3.1800
10.4550 -9.1495 -13.1101
10.7538 -8.9465 -13.4174
10.2617 -8.8531 -13.7011
10.6598 -8.9036 -13.9164
17.5045 -7.6507 10.9273
10.8128 -9.1679 -14.3866
11.7021 -9.0942 -14.1996
11.6669 -8.7143 -13.8727
1.7352 6.2885 2.2759
-14.0414 -8.9858 -11.1668
11.3953 -8.7364 -13.6429
1.8359 6.4736 2.8466
1.7026 6.9471 3.0369
-13.4089 -9.3537 -11.9698
-12.3835 -9.3847 -12.1661
9.6659 -9.0284 -14.2134
9.4259 -8.8963 -13.8738
17.0260 -8.7923 14.5213
-13.8254 -9.0956 -11.6444
4.1412 5.9518 3.3518
-5.1674 -9.3287 -14.9979
-6.0085 -9.3064 -15.3714
-5.4282 -9.3246 -16.0212
17.2401 -8.4620 13.2665
17.4288 -7.6735 12.4325
-4.2054 -9.2643 -16.7942
-12.5288 -3.1360 -3.1920
-16.9590 -6.3271 -12.0861
-17.0117 -6.9526 -14.3707
-16.7908 -6.0417 -15.3915
2.6255 6.5519 3.3534
-16.8357 -5.9200 -12.5704
3.2739 6.1822 3.4261
3.3078 7.0438 3.1121
-3.9086 -9.3313 -14.9219
-3.5025 -9.0511 -14.5778
-4.5260 -9.2774 -14.7204
4.1802 6.8789 3.0170
4.3646 6.8563 2.7203
-5.9307 -9.2873 -5.4974
-6.8407 -9.3158 -6.0355
-6.3038 -9.2892 -6.2364
-5.2511 -9.2992 -5.9153
-16.5113 -5.3605 -12.3559
-16.7318 -5.6683 -11.9384
-16.6673 -5.6399 -14.0738
-16.4501 -5.3489 -13.5828
-7.4409 -9.2997 -3.7348
-6.7168 -9.3418 -4.9401
-16.0917 -5.0034 -12.4301
4.6713 6.0441 1.0982
4.2158 7.2984 2.0087
4.5531 6.5513 0.2299
-5.4037 -9.2710 -4.8489
-15.3255 -4.5607 -13.3394
-15.1100 -4.5702 -14.4599
-15.9599 -5.0146 -13.7036
3.6897 7.6648 2.8629
10.6705 -9.1112 -16.3086
12.8359 -9.0188 -16.5341
-15.4293 -4.6005 -12.0229
3.8919 7.8637 2.1476
3.5670 8.0778 2.6497
1.9558 7.1791 3.1947
2.2507 8.0730 2.9636
-8.5749 -9.3241 -4.5345
11.8500 -8.8276 -13.3645
12.5935 -8.5800 -13.7116
12.3929 -8.6256 -13.5387
-9.0418 -9.2471 -5.4386
-8.6235 -9.3363 -5.7651
2.8425 8.3224 2.8250
12.8576 -8.7710 -13.8686
-6.5536 -9.0890 -7.9296
-7.2008 -9.1848 -7.9980
-6.6629 -9.2310 -8.3267
-16.7052 -5.6344 -10.2319
-7.7389 -9.3204 -7.6721
-7.1706 -9.3402 -8.6040
-7.9223 -9.3549 -8.8010
-8.1620 -9.3232 -6.4316
-9.4733 -9.3294 -6.9317
-8.7723 -9.2799 -6.9958
-6.7699 -9.3147 -9.2376
-9.8567 -9.1702 -7.4929
-9.4783 -9.1289 -7.6792
-10.0969 -9.1179 -7.3233
-9.8154 -9.2832 -6.6203
-8.8064 -9.1195 -7.3585
17.3226 -8.1817 12.0645
-10.2685 -9.3284 -5.6930
-3.0008 -9.3324 -10.6621
-2.5446 -9.2555 -10.0979
-3.1553 -9.0950 -10.2633
-3.6732 -9.2530 -10.4745
-4.0574 -9.3503 -10.7026
10.3457 -8.9107 -16.9283
9.7117 -9.0663 -16.6571
11.3394 -8.9149 -16.8498
5.3727 3.4400 -1.9750
-9.4440 -9.2219 -5.4009
-16.6750 -5.4881 -8.5697
8.9042 -9.0268 -16.7857
-16.1994 -5.1984 -10.0297
-16.5023 -5.4750 -11.1367
0.2317 3.0592 -0.8986
0.0766 3.0248 -2.3065
-0.4569 3.2415 -1.8875
-10.0269 -9.1843 -6.2085
-16.1562 -5.3209 -10.8910
8.2869 -8.9160 -16.9597
-4.2411 -9.3243 -7.6889
-3.2250 -9.3442 -7.8334
-2.9969 -9.3243 -6.8165
-15.8298 -5.0588 -10.5516
-0.5792 3.3492 -1.3276
-3.6834 -9.2117 -6.6575
-2.8837 -9.3172 -6.2611
-15.4504 -4.7647 -10.3351
-15.8010 -5.0619 -11.1054
8.5914 -8.6232 -17.0709
-4.3934 -9.1656 -6.8979
-4.6894 -9.2984 -6.9769
-4.2017 -9.2757 -7.2360
-4.0435 -9.1231 -6.7768
-16.1487 -5.0263 -8.3354
-16.2007 -5.1962 -9.0482
9.2455 -8.8035 -17.0128
-15.7479 -4.8566 -8.8301
-15.8997 -5.1059 -9.3894
8.4886 -7.3260 -17.0952
9.6624 -8.9225 -16.9470
-10.4491 -9.2505 -6.6711
-10.3030 -9.1165 -7.1709
-1.0165 2.6935 -3.5564
9.9658 -8.6518 -17.0863
-1.3979 3.2522 -2.9764
-16.4998 -5.3419 -9.5218
0.0725 2.7667 -3.3065
9.3658 -8.2127 -17.0783
10.4150 -8.3233 -17.1539
-15.6988 -4.9364 -9.7161
-0.8998 3.0885 -3.0751
-0.4982 3.0884 -2.8035
9.4486 -7.8990 -17.1576
9.8903 -7.6152 -17.2162
-15.4258 -4.5986 -9.5790
-1.0001 3.4691 -2.4318
-2.4195 -9.2932 -8.5951
-0.9080 3.5192 -1.9780
-15.0920 -4.3961 -10.2402
-1.1805 3.8261 -2.0202
-14.9066 -4.2749 -9.2036
-2.1606 3.1087 -3.1980
-3.0783 2.9983 -3.2689
-2.8473 3.3559 -3.0194
-14.7248 -4.2047 -10.2857
-6.9475 -9.2907 -6.6950
-1.6449 3.5425 -2.8129
-2.0754 3.6460 -2.9119
-2.7051 4.0008 -2.7472
13.2003 -9.1672 8.4343
12.6760 -9.2000 7.0143
13.2821 -9.1666 6.0315
-6.4543 -9.2171 -6.4703
-5.4131 -9.3116 -7.0793
11.7589 -9.0091 -16.6096
-6.4304 -9.1536 -6.8030
-6.1651 -9.1975 -7.2263
-6.7271 -9.2546 -7.5294
-6.5408 -9.2846 -7.1777
-7.2406 -9.2706 -7.5431
-16.1971 -5.2847 -11.6952
11.6935 -9.0656 6.1754
12.2050 -9.2042 5.3666
12.1338 -9.1951 7.0235
-1.3456 3.7498 -2.4722
-6.2114 -9.0712 -7.7533
-1.6355 4.1723 -2.4870
11.7573 -9.0599 6.9381
11.2651 -8.6769 -17.0729
0.4987 3.0582 -0.5065
-15.6183 -4.8172 -11.5252
12.3971 -8.8671 -16.8678
12.5531 -8.7002 -17.0143
12.3520 -8.2491 -17.1386
13.2274 -8.6241 -16.9947
-0.0846 3.1409 -0.6078
-0.2280 3.2801 0.3926
12.3952 -7.6214 -17.1491
10.9003 -7.2745 -17.1511
-0.7382 3.5664 -0.3343
-0.9381 3.6115 -1.3066
-8.6997 -9.0920 -7.5702
-8.7622 -9.3005 -8.1813
-8.1858 -9.2517 -7.2791
-0.6952 3.5675 0.4094
-1.1527 3.9865 -1.3865
-1.0012 3.9415 -0.1540
-0.7640 3.5252 1.2057
-1.2469 3.7887 1.4589
-0.9741 3.8558 0.7548
-1.2098 3.9766 1.1847
6.9490 -8.9583 2.2217
7.0709 -9.1105 2.8253
6.5327 -9.1025 2.2218
6.5295 -9.1489 2.7045
-4.6264 -9.3061 -9.1150
-3.9418 -9.2740 -9.1876
-3.6417 -9.2718 -8.4420
-3.6337 -9.3084 -8.9411
5.9435 -9.2043 4.8167
5.0476 -9.2741 3.8194
6.4184 -9.2434 5.0562
7.1157 -9.2590 4.7174
6.2434 -9.2096 3.6768
7.3879 -9.2326 3.2401
9.0696 -9.2496 3.5169
-4.6306 -9.3384 -10.0199
-3.8230 -9.3025 -10.0238
-5.4560 -9.3444 -10.4857
-4.3681 -9.2078 -9.7143
-3.8875 -9.1720 -9.7440
-1.0746 4.3254 -0.0478
12.5047 -6.2899 -17.1402
-16.4809 -5.4418 -15.2912
-1.0906 4.3805 0.6683
-1.2404 4.3404 1.2152
-3.7635 -9.1173 -9.5064
-1.0446 4.9008 0.1193
-8.6677 -9.3141 -3.4235
-8.8161 -9.2845 -2.7856
-9.8336 -9.2865 -2.5922
5.1097 -9.2160 3.1474
6.0680 -9.0171 3.0597
-5.0083 -9.3174 -8.3991
-5.8574 -9.3556 -9.5097
-7.8133 -9.1971 -3.3292
5.4690 -9.1049 2.8963
-16.2417 -5.2355 -14.8751
-8.3271 -9.1942 -2.8273
-7.4593 -9.1361 -2.8846
-5.6319 -9.2316 -7.5347
-5.4085 -9.1615 -7.9260
-4.6578 3.1458 -1.8623
-4.6565 2.8042 -2.5284
-5.1638 -9.3324 -6.5624
-4.3254 3.5106 -2.1889
-5.5946 -9.2619 -8.4509
-15.8362 -4.9860 -15.1714
-16.2522 -5.3426 -16.2943
-4.1635 4.0440 -1.4540
6.4790 -9.0804 3.1475
11.3966 -5.4829 -17.0667
10.0379 -6.0411 -17.1327
-4.4994 3.6182 1.4089
-4.3251 3.9427 -0.0195
9.5847 -8.9323 -13.4868
-13.0269 -3.3982 -7.1292
-6.0860 -9.2776 -8.7455
-4.0769 4.8361 -0.2189
-9.2345 -9.1801 -2.3076
-3.8452 5.2312 -1.2698
9.3545 -9.0472 1.7358
9.3927 -9.1629 1.2064
9.9598 -9.0893 1.9609
-6.0608 -9.0311 -8.1892
-9.6770 -8.9722 -1.8691
-8.9510 -8.8872 -1.6900
-8.8777 -8.9715 -2.0236
8.8818 -9.2550 1.4767
-13.7254 -3.9065 -13.4265
-1.2220 4.4214 -1.3271
-3.0649 -9.2050 -8.5477
-2.5880 -9.0690 -9.1471
-14.5894 -4.2596 -12.9819
-3.1459 -9.1419 -9.1255
-1.9476 4.4142 -2.5461
-2.3969 4.6424 -2.5794
-1.3944 4.2693 -2.1057
-2.9100 -8.9169 -9.4606
-1.5397 4.6187 -2.1919
-1.2397 5.0411 -1.6891
-1.1116 5.0236 -0.9232
-1.2942 5.3161 -1.8751
-1.8332 -9.0635 -9.5824
-1.6001 5.0938 -2.2231
-2.0230 -9.2132 -9.1465
-1.8204 5.3928 -2.3703
-13.0963 -3.7652 -13.9848
-14.4768 -4.4274 -15.1511
-2.6088 -9.0594 -9.9213
-2.4855 -8.9335 -9.5126
-13.8284 -4.3332 -15.2257
-6.9512 -9.1929 -3.4127
10.7362 -9.0422 1.7206
11.0369 -9.2046 1.3920
10.8759 -9.0423 1.9383
10.2326 -9.1663 2.2738
10.5087 -9.2460 2.6097
-7.1782 -9.0682 -3.2589
11.3164 -9.1783 2.1786
11.5848 -9.1860 1.7284
-0.8966 5.4232 -0.2376
-1.0442 5.4881 -1.2930
-3.4765 -9.0419 -9.9353
-3.0420 -8.8634 -9.7513
-1.1136 5.8247 -1.8430
-7.1202 -9.0116 -2.9898
-1.1157 6.3562 -2.1007
2.3953 2.9825 -2.8558
1.7570 2.8440 -2.7898
17.5019 -7.3660 -16.1906
17.2638 -8.0576 -16.3097
1.4963 3.0745 -2.1076
0.9694 2.9150 -2.6012
2.1016 3.1122 -2.3826
-11.8065 -4.1056 -15.0869
2.6467 3.2717 -2.6409
17.5903 -6.7400 -15.9256
17.2423 -7.4667 -16.5141
2.5705 3.7249 -2.2531
1.7084 3.3633 -0.6693
1.3003 3.1453 -1.3797
1.2398 3.1664 -0.4600
17.3776 -6.5741 -16.3861
10.0944 -9.2654 1.1009
10.2767 -9.1950 1.5448
0.5584 3.0313 -1.7965
9.3731 -9.2788 0.4889
1.5451 3.2217 -1.6346
16.5381 -6.9421 -16.9470
16.8000 -7.3480 -16.8473
15.8630 -7.9043 -16.9734
15.5691 -7.0185 -17.0725
14.6461 -8.2389 -17.0539
2.0615 3.3810 -2.0060
-6.0683 -9.3498 -13.0535
-7.0689 -9.3455 -12.5702
-7.7926 -9.3242 -13.5283
-8.6108 -9.1805 -12.1294
-8.6636 -9.3471 -12.4483
-7.5932 -9.2741 -12.2097
2.0455 3.6236 -1.6874
2.3360 3.9376 -1.8577
16.9307 -7.9463 -16.6435
16.9762 -6.6574 -16.7453
1.9842 3.7504 -0.7976
-4.9354 -9.0564 -5.3762
-4.6744 -9.2044 -5.6055
-4.5719 -9.1383 -5.0621
-9.0999 -9.3916 -12.8074
-2.5243 -9.2046 -5.8412
-3.6868 -9.2381 -6.2068
-3.6247 -9.1353 -5.7786
-3.9529 -9.2633 -5.9190
-3.1744 -9.0417 -5.8243
2.1970 4.1479 -1.2498
-3.1967 -8.9548 -4.9662
16.9969 -5.9955 -16.6372
-3.9319 -9.0382 -5.4346
5.1434 3.6466 -2.4051
4.8621 3.3974 -2.7144
-4.1164 -9.1296 -4.9679
-3.5298 -8.8585 -5.1386
-10.3584 -9.3521 -13.2871
-9.0584 -9.2775 -13.6578
-9.1219 -9.3834 -13.2998
16.5051 -6.0493 -16.8649
15.6827 -5.9935 -16.9819
-9.8918 -9.0724 -13.7794
9.8197 -9.2104 6.2877
10.9407 -9.2289 5.9287
10.9716 -9.1794 6.3164
-3.4119 -8.8324 -5.5522
-9.3247 -8.8657 -13.9473
3.1292 3.3493 -2.7906
10.3662 -9.1909 5.6746
9.8795 -9.1754 5.8679
-10.2979 -3.4444 -13.4380
-11.9280 -3.3531 -12.8174
-10.1299 -2.8164 -11.4630
-10.1160 -9.3346 -12.4190
-10.8377 -9.3736 -12.5838
-4.2813 -9.2560 -6.3270
9.8532 -9.0942 5.3952
9.3110 -9.1937 5.4534
10.1993 -9.2278 5.0436
2.8867 3.8839 -2.4492
17.6743 -6.2462 -15.4236
3.9815 3.6458 -2.7313
-11.0108 -3.8799 -14.5863
-12.4139 -3.6473 -13.9151
3.2937 4.0666 -2.5448
-10.4052 -9.2254 -13.5579
-5.2831 -9.1284 -5.2938
17.5991 -5.8060 -15.5326
4.4628 4.0519 -2.5492
7.7160 -9.1028 5.2765
8.3548 -9.2106 5.1391
8.1350 -9.0937 5.6783
4.7785 4.3921 -2.3687
10.2469 -9.2380 4.1640
-11.9979 -3.2004 -12.0074
17.3382 -5.7269 -16.2152
-8.1059 -9.0138 -13.9225
3.9194 4.4111 -2.4790
-8.9223 -8.7611 -14.0907
16.7351 -5.1946 -16.4463
17.0683 -5.1297 -16.0642
2.4316 4.3625 -1.8563
-8.1911 -8.8220 -14.1569
2.5637 4.7734 -1.9681
3.0664 4.6673 -2.2460
13.7924 -8.3453 -17.0929
-9.7147 -9.2670 -8.8120
-9.5206 -9.3040 -9.2928
14.1192 -7.1801 -17.1813
-10.1583 -9.3542 -9.9955
-10.4526 -9.2796 -8.8044
-11.2384 -9.3543 -8.6569
4.5241 4.9318 -2.2567
-10.9259 -9.3402 -9.8918
-4.7272 -9.0882 -4.1856
-4.5110 -9.2112 -4.6245
-5.1222 -9.1984 -4.3393
3.9174 5.0756 -2.1756
2.9598 5.5167 -2.0872
13.3548 -6.7246 -17.2160
-9.8487 -9.2296 -9.7731
-9.3795 -9.3411 -10.0456
-10.0784 -9.2284 -9.3045
-3.7347 -9.0666 -4.6762
-14.0729 -3.9627 -10.6351
-2.3865 -8.9473 -5.5609
14.5999 -6.0875 -17.1005
-11.7508 -2.8945 -7.8768
-13.0064 -3.5310 -11.4887
-8.1410 -9.3164 -10.0209
-7.0509 -9.3477 -10.6029
-2.5712 -8.7515 -5.3605
-8.7512 -9.3690 -11.2223
-8.8105 -9.3336 -9.6619
1.3194 3.2936 0.4129
-10.5976 -9.1735 -8.1521
-10.9841 -9.3151 -8.0351
-10.8024 -2.7365 -10.8096
-10.5563 -9.2151 -7.7077
-6.9420 -9.3270 -11.4392
1.9696 3.8497 0.0717
-8.4267 -9.2800 -11.6095
-9.6491 -9.1576 -8.4122
-9.1299 -9.1402 -8.1031
13.0684 -5.4582 -17.0337
-9.3862 -8.9882 -8.0148
-7.5518 -9.1897 -11.8737
-6.8743 -9.2521 -11.9441
-10.2765 -8.9867 -8.2129
-10.0032 -9.0834 -8.6962
-9.9425 -8.8937 -8.2894
2.1675 4.3669 -0.4594
2.2946 4.5376 0.3354
11.3471 -9.1927 5.2789
2.1868 4.8661 -0.3684
-10.2128 -8.9365 -7.8465
-11.5994 -2.9336 -10.8204
-9.9801 -2.1622 -8.9503
-9.9228 -8.9017 -7.8746
-9.6421 -2.0750 -9.2579
11.3717 -9.1175 6.0345
2.2195 4.7377 -0.9340
-8.2751 -9.2736 -9.2232
-8.7342 -9.2659 -8.7942
2.3433 5.1136 0.4728
2.2965 4.9473 0.0654
-11.7699 -9.2532 -9.3406
2.2793 5.2952 0.8351
1.1932 6.2779 0.2912
1.7410 5.7859 -0.5522
2.0433 5.6834 0.5106
1.0801 6.1564 -0.2812
8.5903 -9.2248 2.9124
9.3411 -9.1909 2.4355
2.3176 4.8209 -1.4858
2.3083 5.2927 -1.6950
14.5708 -5.1942 -16.9001
2.0893 5.2374 -0.8626
2.1926 5.2596 -1.3379
1.9257 5.7055 -1.2783
-11.9249 -9.1776 -9.6967
15.6120 -5.0028 -16.7305
3.4040 6.2415 -1.9313
-14.3660 -4.0763 -11.7863
16.2294 -5.3664 -16.7680
2.1138 5.4687 0.0173
1.9983 5.3989 -0.6069
16.2523 -4.9638 -16.5612
1.6743 5.8358 -1.0081
-8.3591 -1.7085 -8.7488
-7.8585 -2.4631 -10.5778
-9.1814 -2.1639 -9.7585
-0.7197 5.9078 -1.2290
7.6628 -9.1297 2.1106
7.9356 -9.2364 1.5487
8.0922 -9.2574 2.3406
-10.4530 -9.3129 -10.8982
7.4453 -9.1135 2.5575
-0.4876 5.8949 -0.6328
-9.7359 -9.2703 -11.3896
-0.2825 6.3609 -1.3674
0.1432 6.3523 -1.0300
-10.6481 -9.1115 -11.6016
-10.6409 -9.2065 -11.2653
-11.6231 -9.3238 -11.3009
1.2211 6.1564 -0.7639
1.2143 6.3842 -1.2056
17.3488 -5.1023 -14.9241
0.6867 6.2292 -0.4176
0.5631 6.3900 -0.9337
0.9496 6.5238 -1.2567
-9.8664 -9.0959 -11.5983
16.5592 -4.5321 -15.1501
-10.1494 -8.9690 -11.7521
17.1109 -4.9413 -15.5557
7.2116 -8.8563 2.1058
16.6422 -4.6801 -15.9481
-0.6064 6.2813 -1.6329
-10.8720 -9.2803 -11.9061
15.7686 -4.1259 -15.1084
-0.5637 6.5739 -1.8622
-0.8083 6.9377 -2.0368
0.1753 6.7081 -1.5970
16.2243 -4.2577 -14.1881
0.7740 6.8637 -1.6348
0.7994 7.2315 -1.7829
-0.1128 6.9738 -1.8926
-10.2795 -9.1444 -12.0919
2.5039 5.5939 -1.9424
2.0766 5.9413 -1.6350
1.9916 6.4026 -1.7880
13.9722 -3.2461 -12.8243
14.7623 -3.6773 -14.2403
-11.6012 -9.2582 -10.7093
-11.4358 -9.2321 -10.3908
1.5703 6.3099 -1.4475
2.0512 6.9853 -1.8300
-8.6791 -2.9029 -11.7778
6.6758 -9.2504 9.2526
6.0017 -9.2531 8.1434
7.4995 -9.2408 8.8646
1.3134 6.7993 -1.6592
9.1883 -9.2244 9.1684
8.0007 -9.1782 8.2840
1.6256 7.5687 -1.7541
3.1500 7.3739 -1.6863
12.2045 -4.9290 -16.8355
7.6162 -9.1144 8.1016
8.2372 -9.1578 7.7431
1.3676 7.1590 -1.7626
12.2598 -4.0187 -15.3852
14.3451 -4.6820 -16.5593
10.1652 -4.2101 -15.8220
6.5578 -9.2770 11.8256
8.6384 -9.2537 12.2444
8.6314 -9.2129 10.9885
9.0472 -9.2508 10.6474
7.5904 -9.2784 11.4586
7.5943 -9.1676 11.0188
-4.8166 2.1908 -3.7889
-4.9673 1.3469 -4.6495
-9.0446 -9.1566 -11.7050
-4.0807 2.2517 -3.8860
-9.5548 -9.2120 -12.1964
-9.4081 -9.0193 -11.8729
-9.7943 -9.0011 -11.9838
10.8548 -4.6469 -16.5511
-5.7019 -3.5753 -13.9940
-8.4504 -9.1061 -12.0070
-4.4546 2.7657 -2.9853
-3.9833 2.8335 -3.2774
-4.2716 -9.3220 -13.4242
-4.2327 -9.3728 -12.8717
-5.2233 -9.3484 -12.5177
-4.1831 3.3783 -2.6592
-3.8788 3.4902 -2.8069
-5.6244 -9.3400 -11.5448
15.3860 -4.5055 -16.2474
-4.0382 -9.2439 -11.8687
13.7468 -3.6357 -14.4491
-3.5064 4.0375 -2.6845
16.1059 -4.5472 -16.1696
6.1888 -9.1445 9.6113
5.5766 -9.1936 9.4851
6.6043 -9.2431 10.1060
-5.8357 -9.3243 -12.1573
4.7492 -9.2580 10.0409
4.7448 -9.2332 9.6470
6.1277 -9.2130 10.4217
-6.2289 -9.2089 -11.9365
4.9780 -9.1686 9.4785
15.5540 -4.1923 -15.5697
-3.8550 4.0950 -2.4642
5.4855 -9.2525 11.7188
5.3945 -9.2098 11.1635
-3.8669 4.4896 -2.1573
-4.5031 -9.2725 -12.2066
-10.0931 -2.1418 -5.3317
-3.5959 5.1717 -2.2329
6.3627 -9.1634 11.0913
-3.1140 4.7611 -2.5007
-2.8293 5.4814 -2.4525
-1.8030 6.2519 -2.2783
-3.0668 -9.3290 -12.3796
-3.2889 5.5521 -2.3582
3.8360 -9.0165 10.4307
3.9331 -9.2120 10.1546
4.3292 -8.9647 10.4882
4.9758 -9.1385 10.3748
5.0811 -8.9504 10.7527
-3.5884 6.0174 -1.6848
4.0622 -9.2079 11.1533
4.3255 -8.9962 10.7718
-3.4881 5.9405 -2.0349
-3.1572 6.2425 -2.1630
-2.7748 6.3425 -2.2736
3.8460 -9.0272 10.8237
5.9351 -9.0537 10.7012
-9.2324 -1.7074 -7.4736
-1.9831 7.1524 -2.1278
8.1001 -6.0658 -17.0428
9.0446 -7.0915 -17.1840
-3.6520 -9.1696 -13.7134
7.1328 -9.1305 10.7157
7.6481 -9.2300 10.2919
7.0774 -9.2326 10.4382
-2.8863 -8.7830 -14.1640
-4.0725 5.0946 1.6929
-3.2522 -8.9965 -13.8753
-4.1437 4.8576 1.0729
-4.1617 3.9961 3.0718
-3.5698 4.2859 3.4914
-3.8568 4.5896 3.2443
-3.4724 5.0463 3.3410
-2.5367 4.8126 3.4091
-2.6685 5.4303 3.3760
6.6947 -9.1689 9.6280
-3.9714 4.8573 2.8998
-6.3432 -9.2965 -13.5269
-7.0904 -9.1409 -13.7867
-5.8430 -9.1050 -13.7764
-3.8442 5.5766 2.4653
-5.0842 -9.2384 -13.5716
-5.3504 -8.9180 -13.9133
-1.4050 3.8882 2.2740
-1.3964 4.1164 1.6752
-1.5340 4.2520 2.5525
-1.4675 4.4936 2.1592
-1.2284 4.7763 1.4893
-5.8074 -8.7693 -14.0693
-5.3746 -8.7010 -14.2352
-7.9587 -9.2219 -14.7643
-7.1601 -9.3230 -15.0592
-6.2524 -9.0495 -14.6015
11.8034 -9.1388 10.2182
11.3669 -9.1447 10.2718
11.5669 -9.0299 9.8575
8.8540 -5.2252 -16.9716
-1.4450 5.1170 2.5432
-6.6925 -8.8658 -14.0598
-7.2257 -8.8726 -14.2118
-6.2438 -8.7979 -14.3733
-7.1822 -8.9793 -14.5268
-7.6670 -8.8493 -14.2992
-8.5938 -8.8834 -14.4676
11.4586 -9.0805 9.0714
11.0678 -9.2233 9.5485
-1.0217 5.0459 0.7798
-5.6454 -9.1831 -14.7048
-0.7735 5.5842 0.5880
7.7472 -4.6885 -16.5742
13.7907 -8.9720 8.9011
-0.8724 5.6899 1.3490
-7.1494 -9.3286 -15.4779
9.2634 -4.8504 -16.7951
13.5330 -9.0248 8.3158
-1.6869 4.7351 3.0002
13.5629 -9.0763 9.4921
-1.9120 4.6945 3.2257
-9.1879 -1.6184 -3.9734
-9.4893 -1.8567 -5.2612
-2.1369 5.1254 3.3122
-1.8168 5.3113 3.1267
-1.2817 5.8411 2.7678
-1.6128 5.6847 3.0819
13.9471 -9.1067 9.6330
14.0442 -9.0828 10.3581
-1.0500 5.8727 2.3500
9.7880 -5.2735 -17.0414
13.7708 -8.9443 10.6271
13.3903 -9.0771 10.2243
-0.7231 6.3560 2.2100
-0.6201 6.2158 1.3846
11.8281 -9.0803 9.3668
11.9215 -9.0971 8.5405
-4.6504 -8.8800 -14.2266
-3.9726 -8.9126 -14.2067
-4.7610 -9.0484 -14.5498
-5.1104 -8.8454 -14.4381
-3.6136 -8.8976 -14.3759
-4.8986 -8.8683 -14.0519
-3.8290 6.0268 -0.0233
10.3484 -9.2280 8.7807
10.6651 -9.2282 7.7821
11.1872 -9.1423 8.0555
9.4016 -9.1795 7.4762
10.3104 -9.1110 7.3234
-5.7718 -0.9179 -7.4831
9.8166 -9.2026 8.1245
10.8922 -9.1231 7.5817
10.7685 -8.9894 7.3425
-3.8933 6.0750 0.8580
10.3873 -8.9425 6.8604
9.6982 -9.0031 7.0905
-3.6814 6.3617 1.5839
-8.6313 -1.4564 -7.9325
10.6346 -8.8216 7.1314
-3.5048 6.8323 1.2873
10.4860 -9.2253 11.1317
-7.0420 -1.3718 -8.2096
-3.5912 6.6567 0.0915
-0.6331 5.7345 -0.0073
-3.5913 6.4763 -0.9720
9.7355 -9.1437 8.8191
9.1123 -9.1861 8.4168
10.4181 -3.7407 -14.8902
16.8701 -8.8493 -16.0102
-3.2521 7.1164 0.5186
10.4769 -3.3896 -13.9411
8.2499 -3.3755 -13.9193
17.2295 -8.6911 -15.7713
-3.3746 6.9552 -0.6378
-16.8140 -8.9765 -15.8223
-16.6119 -9.1007 -16.3162
-16.5417 -9.1938 -15.8223
-2.9370 7.6616 0.1216
-16.7677 -9.1228 -15.1525
-16.3792 -9.2546 -15.0283
13.2111 -8.9131 -16.7624
-8.9713 -1.5559 -6.2274
-2.8093 6.1671 3.2390
-8.2357 -1.0356 -5.9948
-14.6296 -9.1095 -17.2245
-14.9432 -9.2000 -16.3743
-15.7029 -9.1480 -16.6636
-3.7367 5.4941 2.9851
14.8323 -8.9512 -16.5114
15.9258 -8.8007 -16.6319
16.4243 -8.9036 -16.2717
-8.0924 -1.0069 -7.1300
-13.5718 -9.1761 -16.9808
-13.8994 -9.1548 -17.2863
-8.0455 -1.2167 -7.7124
-3.3654 5.8017 3.1951
-3.4920 6.0474 3.0101
-13.5165 -9.2581 -16.3889
-7.1396 -0.6411 -6.9303
-3.5916 6.2895 2.6370
15.9289 -9.0244 -15.9778
-7.3941 -0.5480 -6.6675
-14.0708 -9.3232 -15.1882
-15.6958 -9.3138 -14.6318
-15.0651 -9.3688 -14.3511
-3.0231 6.7973 3.0354
-3.3125 6.7253 2.7720
-1.7047 6.1296 3.2230
-13.1184 -9.3399 -15.5407
-13.1837 -9.2901 -14.8596
-1.7557 6.9049 3.2142
-1.0836 6.4148 2.8674
14.3553 -8.7148 -16.8861
-0.8980 6.7828 2.9709
11.5575 -9.0204 8.4205
11.6294 -8.9550 7.5215
11.3374 -8.9362 7.6809
-0.5538 6.6817 2.4783
-14.4768 -9.3515 -13.9994
-14.1806 -9.2828 -14.7823
-14.0375 -9.1115 -14.1970
-1.1006 7.0162 3.1405
-13.3009 -9.1213 -14.6307
-13.6612 -9.0019 -14.4636
15.1218 -8.8037 -16.7776
15.3685 -8.5070 -16.9212
-2.5073 7.3221 3.0631
-15.6870 -9.2620 -16.0008
16.3081 -8.6119 -16.6859
16.8356 -8.6477 -16.3544
11.9685 -2.5873 -11.5191
-0.8977 7.3816 3.1333
-1.2950 7.7872 3.0983
-2.8983 7.4383 2.7731
-2.3287 8.0788 2.6898
11.4571 -8.7920 7.0316
16.4456 -8.0572 -16.8306
10.7267 -9.0682 6.6318
11.4086 -8.8865 6.6433
11.0846 -8.7043 6.9273
-1.6666 8.2411 2.8339
11.1492 -8.7486 7.2851
-3.3332 7.0048 2.1606
-3.0246 7.6018 1.3551
-2.6636 8.1724 0.8837
-3.0580 7.5631 -0.5805
-16.9284 -9.2867 -12.2670
-17.0713 -9.1139 -12.6021
-8.3756 -1.0235 -3.9284
7.9555 -9.2746 -9.5463
-15.7222 -9.3685 -12.8323
-16.6690 -9.3433 -12.4793
-2.3959 8.4246 1.7781
-2.0280 8.7519 0.7036
-16.3597 -9.3336 -13.6753
-16.8581 -9.2590 -13.0127
-2.6871 7.9426 2.4240
-2.1801 8.5145 2.2889
10.5968 -9.2408 -1.8242
-14.2352 -9.0839 -12.0469
-14.4946 -9.2831 -12.1107
-14.2881 -9.2562 -13.3269
-1.7105 8.8728 2.1071
-13.3974 -9.2786 -13.0705
-13.0731 -9.3117 -13.3467
-12.6728 -9.3897 -12.7819
9.1762 -9.2627 -1.6757
9.6315 -9.1069 -2.1453
-1.5516 8.7341 2.4813
8.7940 -9.1517 -2.0405
2.0923 5.6073 1.3578
1.7777 5.9483 0.9159
1.4824 6.4367 1.6464
10.3867 -9.2065 -2.8825
-14.0891 -9.0816 -12.8544
10.6848 -9.1940 -2.4955
-13.7689 -9.1438 -12.7475
-0.3831 6.1203 0.5365
1.4256 6.2736 0.7879
10.2968 -9.0724 -2.3491
0.6086 6.5375 0.5697
9.7910 -9.0323 -2.4696
8.3143 -9.0602 -2.4343
9.0417 -9.1696 -2.6256
8.8775 -8.9957 -2.3852
7.3955 -9.2916 -3.0464
7.6601 -9.2996 -4.0074
8.5296 -9.2770 -2.9311
7.2636 -9.2105 -2.7266
7.8246 -9.1791 -2.6214
-13.6461 -9.0333 -13.5865
-13.0321 -9.0837 -13.6855
-13.1391 -8.8349 -13.9267
6.2176 -9.2692 -3.5375
6.3757 -9.1222 -3.1550
1.2407 6.8524 2.4660
1.3610 6.9666 2.8339
0.8638 6.8985 2.2194
1.0842 6.7204 1.5519
-13.9039 -9.0356 -13.4111
-7.3366 -0.2945 -5.9478
-13.6551 -8.8351 -14.0973
4.7510 -9.0921 7.3002
4.8197 -9.2222 7.8056
4.4579 -8.9377 7.5662
-0.3457 6.5225 1.3298
5.8876 -9.2003 7.3847
5.1103 -9.0879 7.1004
-6.8732 -0.0169 -5.9051
0.0021 6.5458 0.8090
4.9728 -9.2467 8.1432
-6.3314 0.5016 -5.3298
0.1685 6.8139 1.4147
0.2649 6.5292 0.5722
4.1628 -8.8070 7.2193
4.7368 -8.8257 6.8878
5.6832 -8.9303 6.9336
5.1504 -8.6927 6.5810
-0.1731 6.7948 2.1517
0.2812 6.8594 1.8307
5.7418 -9.2515 5.9218
6.6210 -9.2372 5.8056
6.7180 -9.1686 6.2114
0.3290 6.9161 2.2385
5.8733 -9.1213 6.3071
6.4534 -8.9792 6.6139
-5.6628 0.7335 -5.1989
0.6834 6.8106 1.3397
7.3578 -9.1759 5.4664
7.2917 -9.1129 6.1596
7.5884 -8.9805 6.0977
7.8551 -8.9199 6.0863
7.3202 -8.8295 6.5248
-13.9176 -9.0073 -12.0616
-6.5047 0.5602 -4.9748
7.9429 -8.7284 6.7012
13.4161 -3.1380 -13.0910
-0.1769 6.0716 -0.1044
7.1962 -9.1980 7.7165
6.9058 -9.1370 7.2462
7.9605 -9.2511 -5.5870
0.2003 6.2091 -0.3874
-16.7754 -9.2200 -14.2373
-17.0197 -9.0484 -13.3783
0.0560 7.3993 -1.8568
7.6859 -8.9898 7.3962
8.4574 -9.0588 7.2648
-16.9649 -9.0473 -14.1017
-17.0913 -8.6169 -14.0795
-0.3779 8.1946 -1.6826
9.7844 -9.2051 -2.8090
2.8780 8.2153 -1.4647
0.6531 8.5653 -1.5421
-17.0177 -8.8930 -14.5720
-16.9304 -8.5933 -15.5537
7.2932 -8.9445 7.1521
-17.0397 -8.1011 -14.8577
8.2840 -8.8321 6.9640
7.4856 -8.7429 6.9368
-13.4118 -9.4216 9.5814
-13.6337 -9.3575 8.5012
-13.8716 -9.3284 8.9280
-17.1264 -8.7737 -13.1585
-15.2549 -9.4595 10.0718
-14.7191 -9.3966 9.6151
-14.5236 -9.2519 9.0542
6.5634 -8.9929 6.9057
5.7119 -8.8610 6.5112
-14.2913 -9.0369 8.7259
-13.9956 -9.1250 8.5364
-14.1418 -9.1973 9.0667
4.3012 -9.0179 -7.8530
4.7363 -9.1059 -7.9519
4.5928 -9.2552 -7.5722
2.1896 8.8762 -1.2612
7.1040 -8.7798 6.7719
2.7473 8.9217 -0.9940
2.9508 8.4690 -1.3392
5.2575 -9.1549 -5.9445
4.7451 -9.1824 -5.8881
5.1062 -9.3106 -6.5523
5.0662 -9.0114 -5.7016
2.7961 9.0948 -0.3599
2.3435 9.2708 -0.5764
3.1367 8.8147 -0.7229
4.8567 -9.1980 5.5998
5.0739 -9.2702 5.1163
5.2177 -9.1941 6.0107
4.7021 -9.0052 5.8007
-15.9173 -9.4671 11.2664
4.6616 -9.2643 -3.9443
5.8595 -9.2693 -4.8287
4.4882 -8.9181 5.3832
4.6758 -9.1666 5.0955
1.9648 9.4854 0.0175
2.6817 9.2171 0.4207
4.8829 -9.2072 -3.6579
5.4729 -9.1004 -3.4824
3.5502 -9.0865 5.2500
3.4939 -9.2593 4.7926
-16.8867 -6.8836 -15.9591
1.6209 9.4567 -0.6146
1.1257 9.3238 -1.0579
0.3978 9.4760 -0.8411
3.1799 -9.2738 -4.3969
3.5550 -9.2235 -4.6135
4.3721 -9.1307 -4.9897
4.3092 -9.1731 4.9015
4.4278 -9.2681 4.5915
2.2124 9.1389 -0.9668
2.4699 -9.2186 -5.0055
3.3706 -9.0351 -4.9570
-13.0438 -9.3981 11.4925
2.7273 -8.9780 -5.2009
0.7904 9.0354 -1.3467
3.8561 -8.8826 -5.1266
-13.7278 -9.3511 10.8281
-13.9513 -9.2230 11.3564
-13.6615 -9.3912 11.6529
-14.0423 -9.2128 10.5851
4.1785 -8.8222 5.2306
4.7822 -9.2149 -4.8743
6.2018 -9.2409 -5.7096
-16.8470 -8.7694 -16.3405
5.0944 -9.0447 -5.3408
-0.3061 7.0745 2.8287
3.7202 -8.8833 5.3062
0.2925 7.1574 2.7109
-13.3698 -9.3869 12.7010
4.5899 -8.9447 -5.3593
4.0631 -8.7368 -5.3509
4.2216 -8.8532 -5.7149
-15.6358 -9.0021 -17.2117
-14.7761 -8.9005 -17.4558
4.2953 -9.0675 -5.9154
-13.8656 -9.2891 12.3189
3.6335 -9.2108 6.2681
3.8720 -9.1901 6.7253
3.3565 -9.2689 6.5969
-0.3686 7.2956 3.0219
3.8946 -9.1017 6.1992
0.1165 7.7529 3.1348
3.5084 -8.9840 5.8400
3.0537 -9.1673 6.4253
0.5930 7.5344 3.0913
3.0046 -9.0362 6.1423
-15.6819 -8.7729 -17.4016
3.5927 -9.1405 7.0309
3.0353 -9.1222 6.8073
2.8510 -8.8565 6.9021
3.5279 -8.8909 7.1884
0.9550 7.2096 2.8764
4.0277 -9.0103 7.0289
1.4131 7.4707 3.1380
2.7038 -8.9974 6.5353
1.7973 7.8173 3.1349
2.2514 -9.2885 -6.5879
-16.2665 -9.0869 -16.7000
-16.6946 -8.7327 -16.8238
-16.3367 -8.8323 -17.0923
1.0381 7.9612 3.1200
4.1964 -8.8676 6.4010
1.6779 -9.0268 -6.9101
1.9638 -9.0949 -6.4809
1.6346 8.1716 3.0081
4.6385 -8.7071 6.1254
5.1186 -8.8747 6.2862
-14.2920 -9.1392 11.6557
4.0349 -8.8751 5.9171
-14.8819 -9.4204 10.8757
-14.6743 -9.3177 11.8825
-16.5458 -8.3454 -17.2512
4.3654 -8.6808 6.2654
4.2659 -8.7403 5.7318
-16.2769 -8.2748 -17.4300
-16.0515 -8.0770 -17.5098
-0.0168 8.2478 3.0589
0.5397 8.5355 2.9389
2.2334 -9.2706 -3.8974
0.8360 -9.2982 -5.2278
1.6663 -9.2901 -5.2972
-14.4629 -9.1551 10.9639
-14.1250 -9.0595 11.1406
4.2305 -8.8274 6.8250
4.6244 -8.6662 6.6592
-16.8143 -8.2711 -16.6942
1.3905 8.7771 2.7035
-16.7185 -7.9910 -17.0014
1.8868 -9.0091 -5.8572
3.1846 -8.9668 5.6606
1.5509 -9.2328 -5.8094
2.5243 -8.8104 -5.5218
-0.5892 8.4746 2.9629
0.3017 8.9505 2.6550
2.1717 -8.8784 -5.9417
3.7271 -8.8085 5.4876
-0.7001 8.8289 2.6574
-16.6144 -7.5892 -17.2141
1.0098 8.9652 2.5748
-16.2756 -7.2365 -17.4283
6.0340 -9.0811 5.3898
5.5096 -9.2058 4.9359
5.6401 -9.2024 5.5161
5.7116 -9.0904 5.3323
-17.0028 -9.4106 9.8858
-17.2217 -9.1895 10.0156
-0.1054 9.2223 2.3808
1.0076 9.3064 2.2072
1.4302 -9.0472 -6.4751
2.2660 -9.1452 -6.1766
1.7811 -8.9356 -6.3713
2.1734 8.8697 2.6485
3.5424 8.3483 2.1987
-16.8514 -7.4448 -16.6530
3.0990 8.6699 2.3929
3.6604 8.3259 0.7997
3.1351 8.8606 1.0477
4.1686 -9.1492 8.3835
4.8958 -9.2681 8.7493
3.9852 -9.2669 8.8626
2.7616 9.0583 1.7719
3.7562 -9.2551 9.7520
2.7192 -9.3289 -6.9407
2.8776 -9.2780 -6.2212
3.3729 -9.3069 -7.0024
3.4473 -9.2433 -6.5103
-17.0948 -9.3417 10.8846
2.9167 8.6204 2.6615
3.4284 -8.9910 -6.0454
-17.2180 -9.1271 10.9120
2.3853 9.0194 2.4291
-16.5761 -6.9578 -17.2399
-16.7151 -6.7226 -16.9701
4.3973 -9.2398 -6.7845
5.2339 -9.3043 -7.3826
4.0768 -9.1116 -7.3924
3.9315 -9.1344 -7.0903
4.0516 -9.0107 -6.3154
4.3512 -9.2228 -6.2139
-16.7436 -6.2464 -16.5749
2.2374 9.4070 0.9785
3.8352 -8.9658 -6.4480
2.2418 9.2476 2.0646
-16.1904 -6.5463 -17.3551
-17.2224 -8.8752 10.3301
1.5574 9.4821 1.5551
3.5650 -9.1816 8.3064
-16.4958 -6.2634 -17.0871
3.2661 -9.3135 -7.4452
3.8318 -8.8403 7.9826
3.3749 -8.9659 7.9601
4.2862 -8.9421 8.0562
-16.1633 -5.9905 -17.1810
3.4763 -9.2051 -7.7024
3.5003 -8.6707 7.4294
4.0585 -8.7331 7.6837
3.1579 -8.7304 7.5429
1.6764 9.1119 2.5220
1.6263 9.3720 2.0966
-14.4041 -9.2360 10.0981
3.8167 -9.1512 -7.4507
3.7933 -8.8913 -7.8745
-14.2741 -9.0936 10.4883
0.8518 9.4672 1.8137
4.3427 -8.6627 -8.2330
-1.1544 9.2315 0.7317
-1.2525 9.1725 -0.3453
2.8950 -8.6548 7.2156
2.8126 -9.0907 -5.9552
-13.9480 -9.3525 9.8691
-16.4743 -5.7423 -16.7610
2.7382 -8.8225 -5.7506
-16.2470 -5.6856 -16.9741
-0.2963 9.4735 -0.2519
0.1078 9.5412 1.1488
0.3306 9.5926 -0.1139
-16.5742 -5.6979 -16.3691
3.3797 -8.6870 -5.7109
3.4409 -8.6808 -5.3596
-1.0411 9.2249 1.6275
8.6661 -9.2160 6.0177
9.1963 -9.0827 6.6465
8.5260 -9.0927 6.3589
-0.7652 9.1313 2.2973
-0.8930 9.2110 2.0201
3.8160 -8.6287 -5.8741
9.0151 -9.0089 7.1298
3.9095 -8.6060 -5.5750
9.2347 -8.9463 6.8687
0.0044 9.4569 1.8585
8.4534 -8.9095 6.5616
6.4597 -9.0760 -7.1430
6.7763 -9.1659 -7.3477
7.2026 -9.2841 -6.8403
6.6053 -9.2297 -6.5112
7.2753 -9.2420 -7.4911
8.0598 -9.2802 -7.2301
-10.2944 -9.3082 10.1929
9.8532 -9.1225 6.6505
-10.4513 -9.0898 9.2811
-10.9036 -9.2607 8.9578
-10.5186 -9.2658 8.8721
-10.7750 -9.2251 9.7908
-10.0155 -9.3105 -16.5019
-9.1052 -9.2028 -17.0636
-8.2131 -9.2941 -16.5231
-10.1459 -9.0311 9.5892
-9.8338 -9.1147 9.7625
-10.9682 -9.0666 9.4368
8.6565 -9.2798 -6.6203
8.9397 -9.1817 -7.0376
-7.9687 -9.2179 9.3768
-8.1294 -9.3043 9.0662
-10.1235 -9.1627 -17.2411
-10.5235 -9.2697 -16.9979
-8.7800 -9.1475 8.9351
-8.4677 -9.2765 8.6581
-10.2683 -8.9973 -17.4145
-11.1677 -9.1755 -17.2568
-8.1545 -9.2587 8.5238
-11.0316 -8.7080 -17.6287
-11.3199 -8.9922 -17.4867
-10.0364 -8.5533 -17.5844
-9.1907 -8.9263 -17.4145
-8.8269 -9.0188 8.4308
-8.9896 -9.1354 8.0707
-9.1796 -8.6595 -17.5320
-9.3462 -8.8942 8.4055
-9.3947 -9.3388 10.3115
-8.7427 -9.2919 10.0315
-8.4715 -9.0996 -17.3387
8.5814 -9.1875 -7.2080
8.6904 -8.9091 -7.4773
1.2472 9.5376 0.7764
-8.9564 -8.2949 -17.6692
7.9336 -9.1816 -7.6246
1.0622 9.5940 0.0628
8.3354 -8.9204 -7.7302
7.9305 -8.9464 -7.8655
-9.6417 -9.2651 9.9522
-8.7629 -9.1158 9.7523
17.1724 -8.9395 4.1730
16.8270 -9.0742 4.4584
16.9573 -9.0181 2.4345
17.3376 -8.7659 3.9012
-8.1942 -9.3577 10.2361
-7.8272 -9.2402 9.9176
-8.3179 -9.1275 9.5442
17.4401 -8.5999 4.6302
17.4467 -8.4708 3.0744
9.3678 -9.1810 -7.4423
9.2387 -9.0291 -7.6665
-9.2024 -8.9352 9.4138
8.8683 -8.5930 -7.8665
9.3548 -8.7782 -7.9786
-6.2415 -9.3118 -16.6322
-5.7474 -9.2618 -16.9870
9.3155 -8.5507 -8.1899
-7.0361 -9.2649 -16.9624
-6.5043 -9.1998 -17.1265
15.1023 -9.1733 5.9168
16.2012 -9.1339 3.5888
5.8718 -9.1694 -9.0500
5.3571 -9.2991 -9.1912
-10.0409 -8.9202 9.1630
-10.2230 -9.1849 8.5890
-5.7977 -9.0571 -17.2753
-9.8588 -8.9316 8.6972
-9.4609 -8.8850 8.8672
-8.9713 -9.0135 9.1753
6.6601 -9.1469 -9.1649
7.1295 -9.2716 -9.0129
7.0006 -8.9772 -8.6906
-7.7322 -9.1832 -17.2158
-7.3838 -8.9558 -17.4347
-7.0403 -9.1665 -17.1988
6.2794 -8.8916 -9.1770
-3.2413 6.5652 -1.9797
-3.2347 7.0207 -1.6712
-7.3232 -8.5425 -17.5769
-8.3451 -8.8113 -17.5758
5.7651 -9.3010 -7.0607
5.9595 -9.2373 -7.5363
6.1602 -9.1703 -7.1488
5.2968 -9.2340 -7.7794
5.7497 -9.0586 -7.8891
-6.6735 -8.9594 -17.3356
-10.5600 -9.3344 8.2647
-11.2760 -9.3722 8.1662
-2.9557 6.9241 -2.0719
-2.6696 7.3200 -2.0269
-6.3991 -8.6302 -17.4306
-11.8270 -9.3574 7.6421
-2.8102 7.6330 -1.7919
17.0622 -9.0218 6.4050
6.4181 -8.9388 -7.6961
6.9650 -9.0230 -7.7675
7.3736 -8.9002 -7.9156
17.3449 -8.8090 6.5642
6.0951 -8.7975 -7.9222
-2.3302 7.8000 -1.9438
6.2380 -8.4376 -8.1640
-11.4382 -9.2367 7.1287
-10.7484 -9.1496 6.8880
-10.6865 -9.2798 7.1687
6.7387 -8.6005 -8.1565
-2.9807 7.7512 -1.1410
-4.4968 -9.1317 -17.2233
4.9604 -9.2291 -8.9841
-2.6724 8.0593 -1.4128
-2.4204 8.1275 -1.6478
4.7932 -8.9930 -8.7400
-2.2316 8.4027 -1.3662
-10.8366 -9.1278 6.5639
5.5884 -9.1016 -8.8059
-4.7968 -8.9020 -17.4264
-2.8059 8.0536 -0.5600
5.4589 -8.8629 -8.6583
5.1591 -8.9988 -8.1089
-2.3965 8.3960 -0.7536
4.8635 -8.8019 -8.2213
5.5495 -8.7768 -8.1646
-3.7008 -8.8389 -17.4873
5.2944 -8.7094 -8.4109
5.7038 -8.5460 -8.4711
14.3109 -9.0839 5.5797
-5.2466 -8.4928 -17.5508
-5.3605 -8.0147 -17.5860
5.9287 -8.8123 -8.7933
-12.0779 -9.3576 8.4626
-1.2681 7.7895 -1.8235
-12.2728 -9.3363 9.0312
6.1738 -8.6741 -8.8884
-11.9356 -9.1622 9.0111
6.5673 -8.7080 -8.6901
-1.8463 7.8181 -1.8637
7.1185 -8.6053 -8.3663
14.9620 -9.1922 3.1062
6.2664 -8.3783 -8.4727
17.4157 -5.3773 -15.6365
5.9000 -8.4563 -8.1838
-11.3742 -9.2420 8.7918
7.5313 -9.1461 -8.7785
8.1833 -9.2350 -9.1882
8.0153 -9.0291 -8.7465
8.5601 -9.1230 -9.1635
8.3683 -8.8950 -8.7827
9.4626 -9.1904 -9.2410
-11.5937 -9.1015 8.7826
-11.5046 -8.9700 9.1815
9.2709 -8.8584 -8.9872
-1.9858 8.2755 -1.6714
14.1474 -8.9685 6.5410
8.8694 -9.1798 -9.4633
-1.7161 8.6280 -1.5188
8.9591 -8.9336 -9.2506
-1.0843 8.6630 -1.5822
9.1792 -8.5025 -8.7262
-1.6451 8.8048 -1.3049
8.5989 -8.7278 -8.9035
8.8493 -8.5835 -8.9893
-1.6941 8.9025 -0.7765
13.8214 -8.8577 6.4973
14.0203 -8.8477 6.1889
-0.5593 9.1653 -1.2563
-0.8358 9.2379 -0.9929
-9.7093 -9.3031 8.0128
-9.4858 -9.3546 7.6253
-9.6452 -9.1227 8.2993
13.8768 -8.8489 5.6174
13.6626 -8.9798 5.8937
7.6295 -8.6895 -8.1224
7.9977 -8.5819 -8.2598
8.4268 -8.5135 -8.4693
8.5069 -8.4908 -8.0912
7.6377 -8.7498 -8.4954
14.0871 -8.9309 5.7082
8.9080 -8.3186 -8.2049
8.8472 -8.3188 -8.5736
9.2093 -8.3874 -8.4196
-10.8111 -9.3545 -15.4699
-10.2674 -9.2731 -14.8199
-11.4232 -9.3563 -15.1209
-11.7775 -9.3098 -16.0209
5.1299 4.2820 -2.0116
-11.5432 -9.3273 -13.3003
-10.9154 -8.8853 -13.8407
-11.5595 -9.1883 -13.5424
4.9877 5.1610 -1.7258
-11.0224 -8.9610 -14.4893
-10.7567 -8.7457 -14.1366
-11.1429 -8.7027 -14.2218
-12.0393 -8.9537 -13.7484
5.9787 -9.1329 -5.8968
-11.4837 -8.6851 -14.0209
4.9395 4.8927 -2.0715
6.2175 -9.0726 -6.3881
-3.3015 -5.7828 -17.2572
4.7325 5.2236 -2.0850
5.9342 -8.9883 -6.2952
5.7503 -9.1630 -6.5279
6.1848 -8.9926 -6.7533
-11.9694 -9.2154 -14.7473
-12.7156 -9.3386 -15.0876
4.8859 5.7624 -1.1308
-13.1215 -8.8522 -14.4088
-12.7130 -8.7841 -14.3444
5.6766 -9.0136 -5.9958
-11.8076 -8.8478 -14.4254
-11.9083 -8.6240 -14.2493
4.6255 6.1003 -1.7304
4.1490 6.5781 -1.7693
-10.4907 -9.1183 -14.6582
4.6658 6.3458 -1.4016
4.3910 7.0173 -0.8078
-9.1439 -9.3549 -15.4310
-9.3316 -9.2203 -14.7763
-9.9652 -9.3448 -15.0556
-0.9378 -5.2646 -17.0886
-2.6967 -5.0623 -16.8267
-8.5910 -9.3597 -15.0439
-2.3467 -4.3803 -15.7336
-2.1505 -4.7934 -16.3333
-2.9531 -4.4908 -16.0665
4.3115 7.0161 -1.5329
4.4441 6.9496 -1.2825
4.0808 7.6884 -1.0888
3.6470 7.8763 -1.3967
4.1223 7.6470 0.1463
14.6086 -9.1206 2.4247
-10.3926 -8.8051 -14.3028
-9.6724 -8.6949 -14.3283
-0.8790 -5.0085 -16.7810
-10.2364 -8.8014 -13.9706
-9.8164 -8.6384 -14.1010
3.3463 8.7398 0.0213
3.7043 8.3134 -0.7559
3.4224 8.4742 -1.0539
-11.8481 -9.2415 -17.0116
-1.6339 -4.5102 -15.8141
14.0422 -8.7116 2.0635
-12.1990 -9.1696 -17.2690
-12.9630 -9.0917 -17.3951
-13.3631 -9.0071 -17.4922
17.2597 -8.8292 2.6552
17.1393 -8.9768 1.8553
-12.4097 -8.7570 -17.6400
17.4142 -8.6852 2.1160
-2.5147 -4.1283 -15.4246
17.3138 -8.8577 1.1805
-15.4680 -6.3536 17.1849
-16.1900 -6.4446 17.0685
-15.8561 -6.0127 16.9675
-15.0259 -5.7834 16.9428
-12.1942 -8.9662 -17.5301
-14.0217 -5.9168 17.1069
-11.0631 -8.3369 -17.7046
-13.7162 -5.6136 16.9136
-14.3176 -5.3919 16.6009
-16.3953 -6.2147 16.7675
-16.0300 -5.6431 16.5317
-16.5820 -5.9904 16.2988
-16.3198 -5.4682 15.7792
-15.9567 -5.3745 16.0507
-15.4419 -5.5571 16.6317
6.3863 -9.1419 0.8000
6.6542 -9.1247 0.6602
6.8073 -9.2388 1.0613
5.3030 -9.2506 -0.2341
6.4984 -9.2808 -0.4593
6.7187 -9.2461 0.0309
6.1748 -8.9340 0.4361
6.7033 -9.0745 0.2734
5.8862 -9.0363 0.4961
5.3249 -9.1890 0.5154
6.0119 -9.1189 0.1213
-12.4978 -9.2801 -13.4045
3.2566 -9.2225 -0.1491
3.4633 -9.2010 -0.8550
3.6982 -9.1139 -0.2443
3.9772 -9.2171 -0.2807
1.5482 -9.2260 -1.0510
2.5113 -9.2106 -1.1108
-12.6950 -8.7039 -14.1057
-12.0257 -8.6445 -14.0480
-13.2384 -8.6764 -14.1785
3.1743 -8.9915 -1.5702
2.6980 -9.0677 -1.4301
5.6818 -8.9792 -1.6514
6.0953 -8.8608 -1.8235
6.0184 -9.1244 -1.3580
4.6250 -9.1040 -2.7417
4.4185 -9.1375 -2.1002
3.9494 -9.2343 -2.6940
3.7782 -9.2014 -2.1060
5.7787 -9.1355 -2.2785
5.2477 -9.2325 -2.5746
5.8669 -9.1676 -2.6873
5.2394 -9.0452 -3.0460
5.8391 -8.9797 -3.1274
5.6608 -9.1422 -2.9049
5.3688 -9.1859 -1.7842
4.9778 -9.2394 -2.0731
4.5386 -9.2389 -1.1210
5.3035 -9.2411 -1.1436
5.7876 -9.0291 -2.0243
4.3519 -9.2570 0.3948
6.4989 -9.2588 -1.0408
5.6447 -9.0905 -1.3233
4.3021 -9.1606 -1.3237
4.0255 -9.0267 -1.6557
3.4516 -9.0200 -1.8454
4.2257 -9.2019 1.0349
3.2382 -9.2529 0.9218
3.6190 -9.0778 1.6089
4.2157 -8.9478 1.5559
4.1352 -9.1812 1.9721
3.6454 -9.1240 1.2723
2.9691 -9.2363 1.5558
4.2028 -9.0439 1.3063
3.5019 -9.2240 2.1416
4.7618 -9.0738 2.0645
5.4061 -9.0622 1.9988
5.3766 -9.2274 2.4031
5.7027 -9.1410 2.3573
4.8104 -8.9048 1.8540
5.2742 -8.9008 1.7823
6.3824 -9.0987 1.1889
6.9618 -9.0621 1.3534
6.5979 -8.8842 1.5937
6.0283 -8.8560 1.3657
5.9959 -9.0716 2.4645
5.8643 -8.9413 2.0175
6.3408 -8.8827 1.8862
5.9151 -8.7845 1.6295
5.0410 -9.1128 0.9468
5.5362 -9.1775 0.9746
5.5425 -9.0176 1.2489
4.5880 -9.1492 0.9157
4.7603 -8.8284 1.3109
5.1529 -8.8275 1.5257
5.9921 -9.0379 0.9312
4.8748 -9.1612 2.4316
3.7017 -9.2194 0.3201
7.1576 -9.2222 -1.1410
7.7931 -9.2515 -1.7130
7.9039 -9.2817 -0.9460
9.2040 -9.2758 -0.9270
8.2510 -9.2075 -0.2104
8.3845 -9.2399 -0.9154
8.4727 -9.1453 -0.3567
8.9245 -9.2394 -0.4519
7.0241 -9.0851 0.8552
7.3750 -8.9714 1.1476
7.2947 -9.1346 0.5111
7.6092 -9.1664 0.9861
7.5544 -9.2670 0.2908
7.9893 -9.2729 0.2581
8.6514 -9.2632 0.3389
6.8776 -8.7961 -2.4168
7.1842 -8.9633 -2.5099
7.1666 -9.0035 -2.0253
6.4478 -9.1164 -1.5948
6.7432 -9.0134 -1.6851
7.3146 -9.1406 -1.9011
6.6745 -8.8016 -2.1114
7.7926 -9.0142 -2.2002
7.6352 -8.9519 -2.4226
6.1190 -8.9415 -2.5991
6.5072 -8.9035 -2.8889
6.2771 -8.7909 -2.3449
7.4745 -8.9482 1.6995
7.0790 -8.8630 1.5894
2.6449 -9.1739 -2.4726
3.1975 -9.1174 -3.0272
3.1990 -9.1504 -2.3357
2.7049 -9.2272 -3.1456
1.9840 -9.2103 -2.4836
1.4409 -9.1375 -2.2874
3.3707 -9.2481 -3.6018
1.0657 -9.2019 -3.7078
1.9827 -8.9430 -2.0304
1.7110 -8.9892 -1.8129
2.0305 -8.9779 -1.5934
2.3726 -9.0957 -2.2049
2.5409 -8.9001 -1.8531
2.8607 -8.9657 -2.1251
4.3355 -9.2009 -3.0961
3.4333 -9.1992 -2.7193
4.6783 -9.0974 -3.2130
5.1637 -8.9771 -3.2710
