2.284029 16.845891 0.378069
2.118395 16.802448 -0.250416
1.874017 17.035965 -0.250416
2.275883 17.269479 0.378069
1.868586 17.318356 -0.250416
-2.416178 16.688361 0.378069
-0.634933 16.550800 1.006554
-0.450291 16.824168 1.006554
-2.139216 17.098416 0.378069
-0.450291 16.824168 -0.250416
-0.634933 16.550800 -0.250416
0.043896 16.849966 1.006554
-1.254024 17.209746 1.006554
-1.427804 17.508430 1.006554
-1.845962 17.835623 1.006554
-2.122924 17.456837 0.378069
-1.845962 17.835623 -0.250415
-1.427804 17.508430 -0.250416
-1.254024 17.209746 -0.250416
0.043896 16.849966 -0.250416
2.284029 17.970030 0.378069
1.713813 17.823405 -0.250415
1.587551 18.503592 1.006555
1.143597 18.238850 0.378070
1.587551 18.503592 -0.250415
1.553610 16.894769 -0.250416
2.031505 18.768333 0.378070
1.135452 19.147121 1.006555
0.817760 18.800920 0.378070
1.135452 19.147121 -0.250415
1.453143 19.493321 0.378070
0.597820 19.941348 0.378070
0.414536 19.546272 1.006555
0.414536 19.546272 -0.250415
0.231252 19.151196 0.378070
-0.322671 19.990224 0.378070
-0.383766 19.562564 1.006555
-0.383766 19.562564 -0.250415
-0.444861 19.134904 0.378070
-1.153557 19.639949 0.378070
-1.051733 19.191924 1.006555
-1.051733 19.191924 -0.250415
-0.949909 18.743900 0.378070
-1.740065 18.939398 0.378070
-1.446811 18.560614 1.006555
-1.446811 18.560614 -0.250415
-1.153558 18.181830 0.378070
-2.057756 18.116658 0.378070
-1.096536 17.660489 0.378069
-0.835866 17.212462 0.378069
1.200619 16.726421 -0.250416
-0.330818 16.959938 0.378069
1.407271 16.709314 -0.279926
1.407271 16.709314 0.279921
2.941512 16.324458 0.585101
2.941512 16.324458 -0.585105
2.493693 16.324458 -1.666234
1.193027 16.709314 -0.797157
0.797155 16.709314 -1.193029
0.279924 16.709314 -1.407273
-0.279923 16.709314 -1.407273
-0.797155 16.709314 -1.193029
-1.193026 16.709314 -0.797157
-1.407271 16.709314 -0.279926
-1.407271 16.709314 0.279921
-1.193026 16.709314 0.797153
-0.797155 16.709314 1.193024
-0.279923 16.709314 1.407269
0.279924 16.709314 1.407268
0.797155 16.709314 1.193024
1.193027 16.709314 0.797152
4.540036 15.607616 0.903067
4.540036 15.607616 -0.903072
3.848856 15.607616 -2.571726
6.514684 14.418309 1.295849
6.514684 14.418309 -1.295854
5.522881 14.418309 -3.690274
8.693060 12.723956 1.729154
8.693060 12.723956 -1.729160
7.369621 12.723956 -4.924226
10.181879 10.426804 2.025298
10.181879 10.426804 -2.025305
8.631779 10.426804 -5.767574
10.824423 7.494266 2.153108
10.824422 7.494267 -2.153115
9.176502 7.494266 -6.131545
10.652034 4.284766 2.118817
10.652032 4.284766 -2.118825
9.030357 4.284767 -6.033896
9.931131 1.319644 1.975420
9.931129 1.319644 -1.975429
8.419204 1.319646 -5.625538
6.460992 0.000003 1.112126
6.528419 0.000003 -1.602464
5.493851 0.000005 -4.137150
3.413993 0.510095 0.332999
3.548849 0.510095 -1.313665
2.927217 0.510095 -2.888451
1.666232 16.324458 -2.493695
2.571724 15.607616 -3.848859
3.690271 14.418309 -5.522884
4.924223 12.723956 -7.369623
5.767570 10.426804 -8.631783
6.131542 7.494266 -9.176505
6.033890 4.284767 -9.030360
5.625531 1.319646 -8.419209
3.530286 0.000005 -6.033634
1.674730 0.510095 -4.006779
0.585103 16.324458 -2.941514
0.903069 15.607616 -4.540038
1.295851 14.418309 -6.514685
1.729156 12.723956 -8.693063
2.025300 10.426804 -10.181881
2.153110 7.494267 -10.824426
2.118819 4.284767 -10.652036
1.975422 1.319646 -9.931132
0.995599 0.000002 -6.997484
0.099944 0.510095 -4.486975
-0.585103 16.324458 -2.941514
-0.903069 15.607616 -4.540038
-1.295852 14.418307 -6.514685
-1.729158 12.723956 -8.693063
-2.025303 10.426804 -10.181881
-2.153114 7.494267 -10.824424
-2.118823 4.284766 -10.652034
-1.975427 1.319646 -9.931131
-1.674912 0.000002 -6.902583
-1.458564 0.510095 -4.297173
-1.666232 16.324458 -2.493696
-2.571724 15.607616 -3.848859
-3.690272 14.418309 -5.522884
-4.924224 12.723956 -7.369622
-5.767571 10.426804 -8.631782
-6.131544 7.494266 -9.176503
-6.033894 4.284767 -9.030358
-5.625535 1.319646 -8.419205
-4.064356 0.000003 -5.793490
-2.742865 0.510094 -3.526492
-2.493693 16.324458 -1.666234
-3.848857 15.607616 -2.571725
-5.522882 14.418309 -3.690273
-7.369621 12.723956 -4.924224
-8.631781 10.426804 -5.767571
-9.176505 7.494266 -6.131542
-9.030359 4.284767 -6.033892
-8.419207 1.319646 -5.625533
-5.822665 0.000005 -3.890602
-3.584842 0.510095 -2.395361
-2.941512 16.324458 -0.585105
-4.540036 15.607616 -0.903071
-6.514684 14.418309 -1.295852
-8.693061 12.723956 -1.729158
-10.181879 10.426804 -2.025302
-10.824423 7.494267 -2.153111
-10.652034 4.284766 -2.118820
-9.931131 1.319644 -1.975423
-6.754211 0.000003 -1.501157
-4.000431 0.510095 -1.111059
-2.941512 16.324458 0.585101
-4.540035 15.607616 0.903067
-6.514684 14.418309 1.295849
-8.693060 12.723956 1.729156
-10.181878 10.426804 2.025301
-10.824422 7.494266 2.153111
-10.652032 4.284766 2.118821
-9.931129 1.319644 1.975425
-6.734286 0.000003 1.037100
-3.960583 0.510095 0.182942
-2.493693 16.324458 1.666230
-3.848856 15.607616 2.571722
-5.522881 14.418309 3.690269
-7.369620 12.723956 4.924222
-8.631779 10.426804 5.767570
-9.176501 7.494267 6.131543
-9.030356 4.284766 6.033891
-8.419203 1.319644 5.625533
-5.742018 0.000003 3.365824
-3.423553 0.510095 1.345804
-1.666232 16.324458 2.493691
-2.571723 15.607616 3.848855
-3.690270 14.418307 5.522880
-4.924221 12.723956 7.369621
-5.767568 10.426804 8.631779
-6.131540 7.494266 9.176503
-6.033888 4.284767 9.030358
-5.625529 1.319646 8.419205
-3.959267 0.000003 5.169857
-2.532693 0.510095 2.279229
-0.585102 16.324458 2.941510
-0.903068 15.607616 4.540034
-1.295850 14.418309 6.514682
-1.729155 12.723956 8.693060
-2.025299 10.426804 10.181877
-2.153109 7.494267 10.824422
-2.118818 4.284767 10.652032
-1.975421 1.319646 9.931129
-1.630542 0.000002 6.206994
-1.369832 0.510095 2.905998
0.585103 16.324458 2.941509
0.903070 15.607616 4.540033
1.295852 14.418309 6.514680
1.729158 12.723956 8.693059
2.025303 10.426804 10.181876
2.153114 7.494266 10.824420
2.118824 4.284767 10.652030
1.975428 1.319646 9.931126
0.951520 0.000002 6.302573
0.011780 0.510095 3.097157
1.666233 16.324458 2.493690
2.571725 15.607616 3.848853
3.690273 14.418309 5.522878
4.924225 12.723956 7.369617
5.767574 10.426804 8.631776
6.131546 7.494266 9.176498
6.033896 4.284767 9.030353
5.625537 1.319646 8.419200
3.406248 0.000003 5.391437
1.426649 0.510095 2.722394
2.493693 16.324458 1.666230
3.848857 15.607616 2.571721
5.522883 14.418309 3.690268
7.369623 12.723956 4.924220
8.631782 10.426804 5.767567
9.176505 7.494267 6.131538
9.030360 4.284766 6.033887
8.419208 1.319644 5.625528
5.346467 0.000003 3.566853
2.632446 0.510095 1.747868
4.176760 4.084093 -1.400194
4.017992 4.084093 0.538448
3.097865 4.084093 2.204193
1.678264 4.084093 3.351516
0.012519 4.084093 3.792729
-1.614073 4.084093 3.567675
-2.983126 4.084093 2.829772
-4.031947 4.084093 1.730837
-4.664200 4.084093 0.361784
-4.711114 4.084093 -1.161662
-4.221835 4.084093 -2.673689
-3.230564 4.084094 -4.005386
-1.718538 4.084093 -4.912719
0.116316 4.084093 -5.136176
1.970333 4.084093 -4.570835
3.444904 4.084093 -3.254211
1.913389 16.847250 1.006554
1.590267 16.722346 1.006554
0.913006 17.183421 0.964132
2.994722 16.317422 0.964131
2.980507 16.379536 0.378069
2.927558 16.275676 0.378069
2.994722 16.317422 -0.207993
2.736455 16.522517 0.964131
2.440838 16.701302 0.378069
2.736455 16.522517 -0.207993
2.256353 16.858720 0.964131
2.237190 17.016956 0.378069
2.256353 16.858722 -0.207993
-2.295944 16.679076 0.964131
-2.644264 16.384204 0.378069
-2.232894 16.942953 0.378069
-2.295944 16.679076 -0.207993
-2.025213 17.079904 0.964132
-2.110705 17.240970 0.378069
-2.025213 17.079904 -0.207993
2.248391 17.272778 0.964132
2.318649 17.591245 0.378069
2.248391 17.272780 -0.207993
1.182087 17.686678 0.964132
1.029554 17.428329 0.378069
1.188400 17.947633 0.378069
1.182087 17.686678 -0.207993
2.245539 17.960133 0.964132
2.184241 18.373254 0.378070
2.245539 17.960133 -0.207993
1.173564 18.256720 0.964132
1.017335 18.530067 0.378070
1.173564 18.256720 -0.207993
2.001538 18.750462 0.964132
1.797309 19.145082 0.378070
2.001538 18.750462 -0.207993
1.431699 19.469952 0.964132
1.039737 19.772321 0.378070
1.431699 19.469952 -0.207992
0.839204 18.824289 0.964132
0.553017 19.018825 0.378070
0.839204 18.824289 -0.207993
0.585448 19.914680 0.964132
0.139611 20.010588 0.378070
0.585448 19.914680 -0.207992
0.243624 19.177864 0.964132
-0.112914 19.191925 0.378070
0.243624 19.177864 -0.207993
-0.326795 19.961356 0.964132
-0.762552 19.870071 0.378070
-0.326795 19.961357 -0.207992
-0.440737 19.163771 0.964132
-0.734042 18.984204 0.378070
-0.440737 19.163771 -0.207993
-1.146684 19.609706 0.964132
-1.483468 19.322256 0.378070
-1.146684 19.609708 -0.207992
-0.956782 18.774141 0.964132
-1.090426 18.460828 0.378070
-0.956782 18.774141 -0.207993
-1.720270 18.913829 0.964132
-1.929458 18.525990 0.378070
-1.720270 18.913829 -0.207993
-1.173352 18.207397 0.964132
-1.151521 17.913013 0.378069
-1.173352 18.207397 -0.207993
-2.043460 18.097687 0.964132
-2.122924 17.748055 0.378069
-2.043460 18.097688 -0.207993
-2.104229 17.482405 0.964132
-2.104229 17.482405 -0.207993
-1.118897 17.650224 0.964132
-0.990639 17.426294 0.378069
-1.118897 17.650226 -0.207993
0.640586 17.035287 0.378069
0.913006 17.183423 -0.207993
-0.864092 17.212279 0.964132
-0.619999 17.047507 0.378069
-0.864092 17.212279 -0.207993
-0.305525 16.952515 0.964132
-0.000907 16.933464 0.378069
-0.305525 16.952515 -0.207993
0.395434 16.936580 0.964132
0.395434 16.936580 -0.207993
2.119477 16.604100 -0.421592
1.252242 16.732216 -0.000002
1.156921 16.732216 -0.479214
2.999704 16.324458 -0.000002
3.767886 16.022406 -0.749481
2.771365 16.324458 -1.147939
4.629852 15.607616 -0.000002
5.337574 15.160933 -1.061712
4.277425 15.607616 -1.771770
6.643564 14.418307 -0.000002
7.705544 13.641592 -1.532731
6.137852 14.418309 -2.542384
8.865036 12.723956 -0.000003
9.634032 11.765630 -1.916331
8.190225 12.723956 -3.392505
10.383307 10.426804 -0.000003
10.672603 9.045090 -2.122916
9.592925 10.426804 -3.973523
11.038564 7.494266 -0.000004
10.921236 5.924747 -2.172373
10.198302 7.494267 -4.224278
10.862762 4.284766 -0.000004
10.345806 2.661281 -2.057913
10.035883 4.284767 -4.157003
10.127599 1.319644 -0.000005
9.335432 0.089079 -1.877449
9.356680 1.319646 -3.875669
6.636954 0.000003 -0.236538
3.749970 0.034433 -1.333159
6.144387 0.000003 -2.923414
1.796806 16.604100 -1.200589
0.885469 16.732214 -0.885471
3.194259 16.022408 -2.134338
2.121111 16.324458 -2.121113
4.524977 15.160933 -3.023495
3.273800 15.607616 -3.273802
6.532445 13.641594 -4.364843
4.697709 14.418309 -4.697711
8.167338 11.765630 -5.457243
6.268526 12.723956 -6.268529
9.047794 9.045090 -6.045546
7.342107 10.426804 -7.342110
9.258575 5.924747 -6.186387
7.805442 7.494266 -7.805445
8.770749 2.661281 -5.860432
7.681131 4.284767 -7.681136
7.911449 0.089081 -5.317741
7.161292 1.319646 -7.161297
3.100465 0.034433 -2.972739
4.611065 0.000005 -5.191335
1.200587 16.604102 -1.796807
0.479212 16.732214 -1.156923
2.134336 16.022406 -3.194262
1.147937 16.324458 -2.771367
3.023493 15.160933 -4.524979
1.771767 15.607616 -4.277428
4.364840 13.641592 -6.532448
2.542381 14.418309 -6.137856
5.457240 11.765630 -8.167340
3.392502 12.723956 -8.190227
6.045543 9.045089 -9.047797
3.973519 10.426804 -9.592928
6.186381 5.924747 -9.258580
4.224274 7.494266 -10.198305
5.860426 2.661281 -8.770753
4.156997 4.284767 -10.035886
5.276771 0.089079 -7.947890
3.875662 1.319646 -9.356683
1.799980 0.034435 -4.143592
2.306726 0.000002 -6.642774
0.421590 16.604102 -2.119479
0.000000 16.732214 -1.252244
0.749479 16.022406 -3.767888
0.000000 16.324458 -2.999706
1.061709 15.160933 -5.337576
-0.000000 15.607616 -4.629854
1.532728 13.641594 -7.705546
-0.000000 14.418307 -6.643565
1.916327 11.765630 -9.634034
-0.000001 12.723956 -8.865038
2.122911 9.045089 -10.672604
-0.000001 10.426804 -10.383310
2.172367 5.924747 -10.921238
-0.000002 7.494267 -11.038564
2.057907 2.661281 -10.345807
-0.000002 4.284766 -10.862764
1.836479 0.089078 -9.367095
-0.000003 1.319646 -10.127600
0.160401 0.034431 -4.656435
-0.349483 0.000002 -7.087506
-0.421590 16.604100 -2.119479
-0.479212 16.732214 -1.156923
-0.749479 16.022406 -3.767888
-1.147937 16.324458 -2.771368
-1.061710 15.160933 -5.337576
-1.771768 15.607616 -4.277427
-1.532729 13.641594 -7.705546
-2.542382 14.418309 -6.137854
-1.916329 11.765630 -9.634034
-3.392503 12.723956 -8.190227
-2.122914 9.045089 -10.672604
-3.973521 10.426804 -9.592927
-2.172371 5.924747 -10.921237
-4.224277 7.494266 -10.198304
-2.057911 2.661281 -10.345806
-4.157001 4.284767 -10.035885
-1.882338 0.089078 -9.360690
-3.875666 1.319646 -9.356681
-1.473167 0.034431 -4.473038
-2.930073 0.000002 -6.464112
-1.200587 16.604102 -1.796808
-0.885469 16.732214 -0.885471
-2.134336 16.022406 -3.194262
-2.121111 16.324458 -2.121113
-3.023493 15.160933 -4.524979
-3.273800 15.607616 -3.273801
-4.364840 13.641592 -6.532448
-4.697709 14.418309 -4.697711
-5.457242 11.765630 -8.167339
-6.268527 12.723956 -6.268528
-6.045544 9.045089 -9.047796
-7.342107 10.426804 -7.342108
-6.186385 5.924747 -9.258578
-7.805444 7.494266 -7.805443
-5.860430 2.661281 -8.770751
-7.681134 4.284767 -7.681134
-5.312825 0.089079 -7.931678
-7.161295 1.319646 -7.161293
-2.832066 0.034435 -3.679515
-5.040855 0.000005 -4.924419
-1.796805 16.604100 -1.200589
-1.156921 16.732214 -0.479214
-3.194260 16.022408 -2.134338
-2.771365 16.324458 -1.147939
-4.524977 15.160933 -3.023495
-4.277426 15.607616 -1.771769
-6.532445 13.641594 -4.364842
-6.137852 14.418309 -2.542383
-8.167339 11.765630 -5.457242
-8.190226 12.723956 -3.392503
-9.047797 9.045090 -6.045544
-9.592926 10.426804 -3.973520
-9.258578 5.924747 -6.186384
-10.198305 7.494266 -4.224274
-8.770752 2.661281 -5.860427
-10.035886 4.284767 -4.156998
-7.933649 0.089081 -5.301094
-9.356682 1.319646 -3.875662
-3.735895 0.034433 -2.496290
-6.397784 0.000003 -2.735146
-2.119477 16.604100 -0.421592
-1.252242 16.732216 -0.000002
-3.767886 16.022406 -0.749481
-2.999704 16.324458 -0.000002
-5.337575 15.160933 -1.061711
-4.629852 15.607616 -0.000002
-7.705545 13.641592 -1.532729
-6.643564 14.418307 -0.000001
-9.634033 11.765630 -1.916329
-8.865036 12.723956 -0.000001
-10.672603 9.045090 -2.122913
-10.383307 10.426804 -0.000001
-10.921237 5.924747 -2.172368
-11.038563 7.494266 0.000000
-10.345807 2.661281 -2.057908
-10.862762 4.284766 0.000000
-9.350674 0.089079 -1.870605
-10.127598 1.319644 0.000001
-4.186311 0.034433 -1.137391
-6.872771 0.000003 -0.229965
-2.119476 16.604100 0.421588
-1.156921 16.732216 0.479210
-3.767886 16.022406 0.749477
-2.771365 16.324458 1.147935
-5.337574 15.160933 1.061708
-4.277425 15.607616 1.771766
-7.705544 13.641592 1.532726
-6.137852 14.418309 2.542380
-9.634032 11.765630 1.916327
-8.190225 12.723956 3.392501
-10.672601 9.045090 2.122912
-9.592924 10.426804 3.973518
-10.921236 5.924747 2.172368
-10.198301 7.494265 4.224274
-10.345806 2.661281 2.057909
-10.035884 4.284766 4.156998
-9.349328 0.089079 1.839283
-9.356680 1.319644 3.875664
-4.147808 0.034433 0.240598
-6.352716 0.000003 2.251782
-1.796805 16.604100 1.200585
-0.885469 16.732214 0.885467
-3.194259 16.022406 2.134334
-2.121111 16.324458 2.121109
-4.524976 15.160933 3.023491
-3.273799 15.607616 3.273798
-6.532444 13.641592 4.364838
-4.697708 14.418307 4.697707
-8.167337 11.765630 5.457240
-6.268526 12.723956 6.268526
-9.047794 9.045090 6.045543
-7.342105 10.426804 7.342107
-9.258575 5.924747 6.186383
-7.805440 7.494267 7.805443
-8.770748 2.661281 5.860428
-7.681130 4.284767 7.681133
-7.928201 0.089079 5.265672
-7.161290 1.319644 7.161294
-3.580050 0.034433 1.482155
-4.933699 0.000003 4.348693
-1.200587 16.604100 1.796803
-0.479212 16.732214 1.156919
-2.134335 16.022406 3.194258
-1.147936 16.324458 2.771363
-3.023492 15.160933 4.524975
-1.771766 15.607616 4.277423
-4.364838 13.641592 6.532444
-2.542380 14.418309 6.137851
-5.457238 11.765630 8.167338
-3.392500 12.723956 8.190225
-6.045541 9.045089 9.047795
-3.973516 10.426804 9.592924
-6.186379 5.924747 9.258577
-4.224271 7.494267 10.198302
-5.860424 2.661281 8.770751
-4.156995 4.284767 10.035885
-5.305726 0.089078 7.889582
-3.875660 1.319646 9.356680
-2.628988 0.034433 2.474347
-2.848341 0.000002 5.799297
-0.421590 16.604100 2.119474
0.000000 16.732214 1.252240
-0.749478 16.022406 3.767884
0.000000 16.324458 2.999701
-1.061709 15.160933 5.337572
0.000000 15.607616 4.629849
-1.532726 13.641594 7.705544
0.000001 14.418309 6.643562
-1.916326 11.765630 9.634031
0.000001 12.723956 8.865034
-2.122910 9.045090 10.672601
0.000002 10.426804 10.383305
-2.172366 5.924747 10.921234
0.000002 7.494266 11.038562
-2.057905 2.661281 10.345805
0.000003 4.284767 10.862761
-1.879337 0.089078 9.313735
0.000003 1.319646 10.127596
-1.387430 0.034433 3.128815
-0.349409 0.000002 6.379301
0.421590 16.604100 2.119474
0.479212 16.732214 1.156918
0.749479 16.022406 3.767883
1.147937 16.324458 2.771362
1.061710 15.160933 5.337572
1.771768 15.607616 4.277422
1.532729 13.641594 7.705542
2.542383 14.418309 6.137849
1.916330 11.765630 9.634030
3.392504 12.723956 8.190223
2.122915 9.045090 10.672599
3.973522 10.426804 9.592921
2.172371 5.924747 10.921232
4.224278 7.494266 10.198299
2.057912 2.661281 10.345803
4.157003 4.284767 10.035880
1.833509 0.089078 9.320184
3.875668 1.319646 9.356676
0.075212 0.034433 3.313522
2.220616 0.000002 5.974166
1.200587 16.604100 1.796803
0.885469 16.732214 0.885466
2.134337 16.022406 3.194256
2.121111 16.324458 2.121108
3.023494 15.160933 4.524974
3.273801 15.607616 3.273796
4.364842 13.641594 6.532442
4.697710 14.418307 4.697705
5.457243 11.765630 8.167334
6.268529 12.723956 6.268523
6.045546 9.045089 9.047791
7.342110 10.426804 7.342102
6.186386 5.924747 9.258572
7.805446 7.494267 7.805437
5.860432 2.661281 8.770747
7.681136 4.284767 7.681128
5.268404 0.089078 7.904534
7.161297 1.319644 7.161287
1.560272 0.034433 2.902555
4.463254 0.000003 4.580347
1.796806 16.604100 1.200585
1.156921 16.732214 0.479210
3.194260 16.022406 2.134333
2.771365 16.324458 1.147935
4.524978 15.160933 3.023490
4.277425 15.607616 1.771765
6.532446 13.641594 4.364837
6.137853 14.418309 2.542379
8.167339 11.765630 5.457236
8.190226 12.723956 3.392500
9.047797 9.045090 6.045539
9.592926 10.426804 3.973516
9.258580 5.924747 6.186378
10.198303 7.494266 4.224271
8.770754 2.661281 5.860423
10.035886 4.284766 4.156995
7.901505 0.089079 5.279236
9.356682 1.319644 3.875659
2.815642 0.034433 1.870650
6.023257 0.000003 2.395824
2.119477 16.604100 0.421588
3.767886 16.022406 0.749477
5.337574 15.160933 1.061707
7.705544 13.641592 1.532725
9.634032 11.765630 1.916325
10.672603 9.045090 2.122909
10.921236 5.924747 2.172365
10.345806 2.661281 2.057904
9.330881 0.089079 1.844342
3.619665 0.034433 0.385590
3.564397 4.942630 -0.410550
6.688834 0.649945 -1.905179
3.310429 4.942630 -2.116190
5.591051 0.649947 -4.686204
2.320627 4.942630 -3.541888
3.379194 0.649945 -6.661140
0.820747 4.942630 -4.366809
0.598168 0.649944 -7.509151
-0.824250 4.942630 -4.521855
-2.154112 0.649944 -7.173966
-2.314331 4.942630 -4.001991
-4.422151 0.649945 -5.812968
-3.420814 4.942630 -2.998901
-5.909058 0.649947 -3.815422
-4.053746 4.942630 -1.732529
-6.642976 0.649945 -1.547382
-4.268502 4.942630 -0.395082
-6.572606 0.649945 0.737787
-3.959361 4.942630 0.892049
-5.624226 0.649945 2.791367
-3.204252 4.942630 1.971830
-4.050994 0.649945 4.439770
-2.148007 4.942630 2.792457
-1.997415 0.649945 5.546625
-0.824082 4.942630 3.225207
0.442472 0.649944 5.884205
0.643931 4.942630 3.147946
2.941090 0.649945 5.222386
2.019647 4.942630 2.443123
5.070493 0.649945 3.501401
3.064901 4.942630 1.187053
6.450681 0.649945 1.002783
3.330758 0.510095 -2.136291
3.577818 0.510095 -0.473071
3.548849 1.020189 -1.313665
2.365963 0.510094 -3.526497
2.927217 1.020189 -2.888451
0.902922 0.510095 -4.327529
1.674730 1.020189 -4.006779
-0.698964 0.510095 -4.478922
0.099944 1.020189 -4.486975
-2.149612 0.510095 -3.970204
-1.458564 1.020189 -4.297173
-3.225537 0.510095 -2.992668
-2.742865 1.020187 -3.526492
-3.837550 0.510095 -1.759761
-3.584842 1.020189 -2.395361
-4.049453 0.510095 -0.459932
-4.000431 1.020189 -1.111059
-3.747417 0.510095 0.793032
-3.960583 1.020189 0.182942
-3.011232 0.510095 1.841217
-3.423553 1.020189 1.345804
-1.986155 0.510095 2.640578
-2.532693 1.020189 2.279229
-0.698822 0.510095 3.062516
-1.369832 1.020189 2.905998
0.730695 0.510095 2.990317
0.011780 1.020189 3.097157
2.070334 0.510095 2.304530
1.426649 1.020189 2.722394
3.088494 0.510095 1.081120
2.632446 1.020189 1.747868
3.413992 1.020189 0.332999
0.107706 16.788530 1.006554
-0.086439 16.660789 1.006554
-0.989281 17.068210 1.006554
1.041773 16.690781 1.006554
-1.446811 17.334650 1.006554
-1.607693 18.206264 1.006554
-1.635526 17.613309 1.006554
-1.286947 18.891542 1.006555
-0.748297 19.427138 1.006555
0.013348 19.601257 1.006555
0.796377 19.395572 1.006555
1.407322 18.837575 1.006555
1.686320 18.160443 1.006554
1.748433 17.530151 1.006554
1.855009 16.992520 1.006554
1.747755 17.186664 1.006554
2.554203 16.559425 1.006554
0.141647 16.329939 1.006554
1.590266 16.722346 -0.250416
1.913388 16.847250 -0.250416
0.107706 16.788531 -0.250416
-0.086439 16.660791 -0.250416
-0.989281 17.068210 -0.250416
1.041773 16.690781 -0.250416
-1.446811 17.334650 -0.250416
-1.607693 18.206265 -0.250415
-1.635526 17.613309 -0.250416
-1.286947 18.891542 -0.250415
-0.748297 19.427138 -0.250415
0.013348 19.601257 -0.250415
0.796377 19.395572 -0.250415
1.407322 18.837575 -0.250415
1.686320 18.160445 -0.250415
1.748433 17.530151 -0.250416
1.855009 16.992520 -0.250416
1.747755 17.186665 -0.250416
2.554203 16.559427 -0.250416
0.141647 16.329939 -0.250416
0.000000 16.863895 -0.000002
-0.799559 9.879221 -0.414583
0.131088 19.982959 0.964132
1.086858 17.407436 0.992702
0.704689 17.014165 0.964132
2.961812 16.386115 0.931136
8.786832 0.089079 3.632932
2.961812 16.386115 -0.174998
2.419556 16.707584 0.979404
2.419555 16.707584 -0.223265
2.204153 17.028412 0.964132
2.204153 17.028412 -0.207993
3.286591 0.034433 1.169863
-2.088008 16.923907 0.964132
-2.088009 16.923907 -0.207993
0.822411 16.605646 1.985472
-2.029649 17.233466 0.992702
-2.029649 17.233467 -0.236563
2.280160 17.587120 0.964132
2.280160 17.587120 -0.207993
1.222009 17.961998 0.964132
1.222009 17.961998 -0.207993
1.086858 17.407436 -0.236563
2.150632 18.358890 0.964132
2.150632 18.358890 -0.207993
1.043659 18.550824 0.964132
1.043659 18.550826 -0.207993
1.770985 19.124326 0.964132
1.770985 19.124326 -0.207992
1.023310 19.746889 0.964132
1.023310 19.746890 -0.207992
0.569443 19.044255 0.964132
0.569443 19.044255 -0.207993
5.028831 15.160933 -2.083012
0.131088 19.982959 -0.207992
-0.104391 19.219556 0.964132
-0.104391 19.219556 -0.207993
-0.761590 19.840173 0.964132
-0.761590 19.840173 -0.207992
-0.735004 19.014102 0.964132
-0.735004 19.014102 -0.207993
-1.470202 19.293184 0.964132
-1.470203 19.293184 -0.207992
-1.103692 18.489900 0.964132
-1.103692 18.489902 -0.207993
-1.907738 18.504410 0.964132
-1.907739 18.504410 -0.207993
-1.186352 17.913042 0.979404
-1.186352 17.913042 -0.223265
-2.110705 17.755324 0.931136
-2.110705 17.755324 -0.174997
-1.021430 17.420108 0.964132
-1.021430 17.420108 -0.207993
0.704689 17.014165 -0.207993
-0.644925 17.048904 0.964132
-0.644925 17.048904 -0.207993
0.069474 16.917082 0.964132
0.069474 16.917084 -0.207993
2.149063 16.605646 -0.000002
1.985475 16.605647 -0.822413
3.842426 16.022406 -0.000002
3.549939 16.022406 -1.470435
5.443167 15.160933 -0.000002
7.857983 13.641592 -0.000002
7.259830 13.641594 -3.007123
9.824622 11.765630 -0.000003
9.076768 11.765630 -3.759724
10.883739 9.045090 -0.000003
10.055263 9.045090 -4.165030
11.137291 5.924747 -0.000004
10.289513 5.924747 -4.262061
10.550478 2.661282 -0.000004
9.747369 2.661284 -4.037497
9.518724 0.089078 -0.015971
8.795006 0.089079 -3.668553
3.784309 0.034433 -0.457105
3.520678 0.034433 -2.189421
1.519617 16.605646 -1.519619
2.717006 16.022406 -2.717007
3.848901 15.160933 -3.848903
5.556433 13.641594 -5.556435
6.947056 11.765630 -6.947060
7.695965 9.045090 -7.695968
7.875252 5.924747 -7.875257
7.460313 2.661281 -7.460317
6.725219 0.089081 -6.764393
2.517508 0.034433 -3.638874
0.822411 16.605647 -1.985477
1.470433 16.022406 -3.549941
2.083010 15.160933 -5.028834
3.007120 13.641594 -7.259832
3.759719 11.765630 -9.076768
4.165025 9.045090 -10.055266
4.262055 5.924747 -10.289518
4.037490 2.661281 -9.747372
3.626920 0.089079 -8.828651
0.997679 0.034433 -4.483808
0.000000 16.605646 -2.149065
0.000000 16.022406 -3.842428
-0.000000 15.160933 -5.443169
-0.000000 13.641594 -7.857985
-0.000001 11.765630 -9.824625
-0.000002 9.045090 -10.883739
-0.000002 5.924747 -11.137293
-0.000002 2.661281 -10.550478
-0.023593 0.089078 -9.549137
-0.675374 0.034431 -4.655001
-0.822410 16.605647 -1.985477
-1.470433 16.022408 -3.549941
-2.083010 15.160933 -5.028833
-3.007121 13.641594 -7.259832
-3.759721 11.765630 -9.076768
-4.165028 9.045090 -10.055264
-4.262059 5.924747 -10.289517
-4.037495 2.661281 -9.747370
-3.669001 0.089079 -8.816589
-2.202293 0.034433 -4.138543
-1.519616 16.605646 -1.519619
-2.717006 16.022406 -2.717008
-3.848901 15.160933 -3.848903
-5.556433 13.641594 -5.556435
-6.947057 11.765630 -6.947058
-7.695966 9.045090 -7.695966
-7.875255 5.924747 -7.875254
-7.460315 2.661282 -7.460313
-6.754234 0.089081 -6.746372
-3.348071 0.034433 -3.123062
-1.985475 16.605647 -0.822413
-3.549939 16.022406 -1.470435
-5.028831 15.160933 -2.083011
-7.259830 13.641594 -3.007121
-9.076768 11.765630 -3.759721
-10.055265 9.045090 -4.165026
-10.289516 5.924747 -4.262056
-9.747372 2.661282 -4.037492
-8.812112 0.089079 -3.655839
-4.010366 0.034433 -1.825600
-2.149062 16.605646 -0.000002
-3.842426 16.022406 -0.000002
-5.443167 15.160933 -0.000002
-7.857983 13.641594 -0.000001
-9.824623 11.765630 -0.000001
-10.883739 9.045090 -0.000000
-11.137291 5.924747 0.000000
-10.550478 2.661282 0.000001
-9.534641 0.089079 -0.015522
-4.240027 0.034433 -0.444409
-1.985475 16.605646 0.822408
-3.549939 16.022406 1.470431
-5.028830 15.160933 2.083008
-7.259830 13.641594 3.007118
-9.076767 11.765630 3.759718
-10.055261 9.045090 4.165025
-10.289515 5.924747 4.262056
-9.747369 2.661282 4.037492
-8.809067 0.089079 3.623213
-3.923275 0.034433 0.891497
-1.519617 16.605646 1.519615
-2.717006 16.022408 2.717004
-3.848900 15.160933 3.848899
-5.556432 13.641592 5.556432
-6.947055 11.765630 6.947057
-7.695963 9.045090 7.695965
-7.875251 5.924748 7.875254
-7.460310 2.661282 7.460315
-6.746996 0.089078 6.707511
-3.140998 0.034433 2.010472
-0.822410 16.605646 1.985473
-1.470432 16.022406 3.549937
-2.083009 15.160933 5.028830
-3.007117 13.641594 7.259829
-3.759717 11.765630 9.076768
-4.165023 9.045089 10.055264
-4.262052 5.924748 10.289515
-4.037489 2.661282 9.747370
-3.663476 0.089079 8.771713
-2.044353 0.034433 2.853791
0.000000 16.605646 2.149060
0.000000 16.022406 3.842424
0.000000 15.160933 5.443165
0.000001 13.641594 7.857982
0.000001 11.765630 9.824621
0.000002 9.045090 10.883736
0.000002 5.924748 11.137289
0.000003 2.661282 10.550476
-0.023582 0.089079 9.501330
-0.675236 0.034433 3.286399
1.470433 16.022406 3.549936
2.083011 15.160933 5.028828
3.007121 13.641594 7.259828
3.759722 11.765630 9.076765
4.165029 9.045089 10.055260
4.262060 5.924748 10.289511
4.037496 2.661282 9.747366
3.621113 0.089079 8.783514
0.831265 0.034433 3.191727
1.519617 16.605646 1.519614
2.717006 16.022406 2.717002
3.848902 15.160933 3.848897
5.556435 13.641592 5.556429
6.947060 11.765630 6.947052
7.695969 9.045090 7.695960
7.875258 5.924749 7.875248
7.460318 2.661282 7.460309
6.715247 0.089078 6.723141
2.231857 0.034433 2.458148
1.985475 16.605646 0.822408
3.549939 16.022406 1.470430
5.028831 15.160933 2.083007
7.259830 13.641594 3.007117
9.076768 11.765630 3.759717
10.055264 9.045090 4.165023
10.289516 5.924747 4.262053
9.747371 2.661282 4.037489
2.739509 16.279338 -0.207993
-2.456215 16.380540 0.964131
-2.456215 16.380542 -0.207993
2.739509 16.279338 0.964131
6.739993 0.649945 -0.420713
6.303692 0.649945 -3.357911
4.599892 0.649947 -5.812975
2.016204 0.649944 -7.227574
-0.812681 0.649944 -7.494930
-3.374482 0.649944 -6.596550
-5.274537 0.649947 -4.870249
-6.355332 0.649945 -2.692971
-6.729548 0.649945 -0.397510
-6.196161 0.649945 1.815188
-4.896078 0.649945 3.666252
-3.085823 0.649945 5.077900
-0.812429 0.649944 5.823031
1.712057 0.649944 5.695530
4.077821 0.649945 4.484451
5.875861 0.649945 2.323943
3.577818 1.020190 -0.473071
3.330758 1.020190 -2.136290
2.365963 1.020189 -3.526497
0.902923 1.020190 -4.327528
-0.698964 1.020189 -4.478922
-2.149611 1.020189 -3.970204
-3.225537 1.020190 -2.992668
-3.837550 1.020190 -1.759761
-4.049453 1.020190 -0.459932
-3.747417 1.020190 0.793032
-3.011232 1.020190 1.841217
-1.986155 1.020190 2.640578
-0.698822 1.020190 3.062516
0.730695 1.020190 2.990317
2.070335 1.020190 2.304530
3.088494 1.020190 1.081120
