4.395973 0.181343 0.166913
7.351776 0.377308 0.166913
8.209123 0.728411 0.166913
8.748048 1.373453 0.166913
8.991855 1.877643 0.166913
9.012268 2.330812 0.166913
8.926537 2.914617 0.166913
8.555020 3.604577 0.166913
7.971207 4.061829 0.166913
6.942397 4.282287 0.166913
4.529580 4.302700 0.166913
4.358110 4.225130 0.166913
4.055996 4.298617 0.166913
3.700811 4.176139 0.166913
3.508931 4.167972 0.166913
3.272141 4.282285 0.166913
1.136944 4.216963 0.166913
0.046889 4.241459 0.166913
-0.418527 4.265954 0.166913
-0.728805 4.359854 0.166913
-0.875778 4.470084 0.166913
-1.288114 4.441506 0.166913
-1.361600 4.319028 0.166913
-1.696374 4.274119 0.166913
-1.916834 4.274119 0.166913
-2.010734 4.355771 0.166913
-2.545555 4.319028 0.166913
-2.610872 4.094484 0.166913
-3.680503 3.927095 0.166913
-5.619731 3.890349 0.166913
-1.476322 3.495983 0.166913
5.621399 4.293463 0.166913
5.640796 4.262527 0.166913
5.715305 4.259465 0.166913
5.728550 4.292556 0.166913
5.946976 4.290709 0.166913
5.989864 4.248238 0.166913
6.020475 4.290087 0.166913
6.176644 4.288766 0.166913
6.237885 4.259465 0.166913
6.281746 4.287876 0.166913
-8.406033 3.793285 -0.166913
-8.758228 3.585433 -0.166913
-9.006494 3.244786 -0.166913
-9.012268 2.944556 -0.166913
-8.925664 2.719382 -0.166913
-8.827512 2.782893 -0.166913
-8.827512 2.956103 -0.166913
-8.660074 3.048482 -0.166913
-7.949913 2.638551 -0.166913
-7.187801 2.003453 -0.166913
-6.419902 1.120082 -0.166913
-5.958008 0.473430 -0.166913
-5.686646 0.080821 -0.166913
-2.690124 0.098150 -0.166913
-1.858722 0.000000 -0.166913
4.395973 0.181343 -0.166913
7.351776 0.377308 -0.166913
8.209123 0.728411 -0.166913
8.748048 1.373453 -0.166913
8.991855 1.877643 -0.166913
9.012268 2.330812 -0.166913
8.926537 2.914617 -0.166913
8.555020 3.604577 -0.166913
7.971207 4.061829 -0.166913
6.942397 4.282287 -0.166913
4.529579 4.302700 -0.166913
4.358110 4.225130 -0.166913
4.055996 4.298617 -0.166913
3.700811 4.176139 -0.166913
3.508931 4.167972 -0.166913
3.272140 4.282285 -0.166913
1.136944 4.216963 -0.166913
0.046889 4.241459 -0.166913
-0.418528 4.265954 -0.166913
-0.728805 4.359854 -0.166912
-0.875779 4.470084 -0.166912
-1.288114 4.441506 -0.166912
-1.361600 4.319028 -0.166913
-1.696374 4.274119 -0.166913
-1.916834 4.274119 -0.166913
-2.010734 4.355771 -0.166912
-2.545555 4.319028 -0.166913
-2.610872 4.094484 -0.166913
-3.680504 3.927095 -0.166913
-5.619730 3.890349 -0.166913
-1.476323 3.495984 -0.166913
5.621399 4.293463 -0.166913
5.640796 4.262527 -0.166913
5.715304 4.259465 -0.166913
5.728549 4.292556 -0.166913
5.946975 4.290709 -0.166913
5.989863 4.248238 -0.166913
6.020474 4.290087 -0.166913
6.176643 4.288766 -0.166913
6.237884 4.259465 -0.166913
6.281746 4.287876 -0.166913
-6.103778 2.295039 -0.166913
-6.103778 2.295038 0.166913
-1.920968 3.495984 -0.166913
-1.920968 3.495983 0.166913
-5.812279 2.586538 -0.166913
-5.812279 2.003540 -0.166913
-5.812279 2.586538 0.166913
-5.812279 2.003540 0.166913
-5.520780 2.295039 -0.166913
-5.520781 2.295039 0.166913
-1.698645 3.718306 -0.166913
-1.698645 3.718306 0.166913
-1.698645 3.273661 0.166913
-1.698645 3.273661 -0.166913
-5.684149 2.556884 0.166913
-5.684149 2.556884 -0.166913
-5.528486 2.361831 0.166913
-5.528486 2.361831 -0.166913
-5.745487 2.578831 -0.166913
-5.745487 2.578831 0.166913
-5.528486 2.228246 0.166913
-5.528486 2.228246 -0.166913
-5.879071 2.011246 0.166913
-5.879071 2.011246 -0.166913
-5.745487 2.011246 0.166913
-5.745487 2.011246 -0.166913
-6.096072 2.228246 0.166913
-6.096072 2.228246 -0.166913
-6.096072 2.361831 0.166913
-6.096072 2.361831 -0.166913
-5.879071 2.578831 0.166913
-5.879071 2.578831 -0.166913
-5.550434 2.423169 0.166913
-5.550434 2.423169 -0.166913
-5.940409 2.556884 0.166913
-5.940409 2.556884 -0.166913
-5.684149 2.033193 -0.166913
-5.684149 2.033193 0.166913
-5.940409 2.033193 -0.166913
-5.940409 2.033193 0.166913
-6.074125 2.423169 -0.166913
-6.074125 2.423169 0.166913
-5.550434 2.166908 -0.166913
-5.550434 2.166908 0.166913
-6.074125 2.166908 0.166913
-6.074124 2.166908 -0.166913
-6.039694 2.112782 0.166913
-6.039693 2.112782 -0.166913
-6.039693 2.477295 -0.166913
-6.039694 2.477295 0.166913
-5.630023 2.522453 0.166913
-5.630022 2.522453 -0.166913
-5.584865 2.112782 -0.166913
-5.584865 2.112782 0.166913
-5.994536 2.067624 0.166913
-5.994536 2.067624 -0.166913
-5.994536 2.522453 -0.166913
-5.994536 2.522453 0.166913
-5.630022 2.067624 -0.166913
-5.630023 2.067624 0.166913
-5.584865 2.477295 -0.166913
-5.584865 2.477295 0.166913
-1.482199 3.445042 0.166913
-1.482199 3.445042 -0.166913
-1.647703 3.712429 0.166913
-1.647703 3.712429 -0.166913
-1.749587 3.712429 0.166913
-1.749587 3.712429 -0.166913
-1.482199 3.546925 0.166913
-1.482199 3.546925 -0.166913
-1.915090 3.445042 0.166913
-1.915091 3.445042 -0.166913
-1.749587 3.279538 0.166913
-1.749587 3.279538 -0.166913
-1.647703 3.279538 0.166913
-1.647704 3.279538 -0.166913
-1.915090 3.546925 0.166913
-1.915091 3.546925 -0.166913
-1.498938 3.593707 0.166913
-1.498938 3.593707 -0.166913
-1.600921 3.296277 0.166913
-1.600921 3.296277 -0.166913
-1.898352 3.593707 0.166913
-1.898352 3.593707 -0.166913
-1.796369 3.296277 -0.166913
-1.796369 3.296277 0.166913
-1.898351 3.398260 0.166913
-1.898352 3.398260 -0.166913
-1.600922 3.695689 0.166913
-1.600922 3.695689 -0.166913
-1.796368 3.695689 0.166913
-1.796368 3.695690 -0.166913
-1.498940 3.398260 0.166913
-1.498940 3.398260 -0.166913
-1.559639 3.322538 -0.166913
-1.559639 3.322537 0.166913
-1.559640 3.669429 -0.166913
-1.559640 3.669429 0.166913
-1.837650 3.669429 0.166913
-1.837650 3.669430 -0.166913
-1.837650 3.322537 0.166913
-1.837650 3.322537 -0.166913
-1.872091 3.634988 0.166913
-1.872092 3.634988 -0.166913
-1.872091 3.356979 0.166913
-1.872091 3.356979 -0.166913
-1.525200 3.356979 -0.166913
-1.525199 3.356979 0.166913
-1.525199 3.634988 0.166913
-1.525199 3.634988 -0.166913
