15.363036 11.592284 1.455617
15.421603 11.592284 -1.574714
14.831204 11.592283 -4.542838
14.641850 12.027595 -4.485851
13.966339 10.428450 -4.333099
14.520886 10.428450 -1.545213
14.464926 10.428450 1.301169
13.689125 11.592282 -7.335635
13.514319 12.027596 -7.243005
12.893872 10.428450 -6.956255
12.007816 11.592282 -9.896406
11.854472 12.027595 -9.770999
11.314662 10.428450 -9.362245
9.793327 11.592282 -12.079880
9.668398 12.027595 -11.926516
9.233440 10.428450 -11.413831
7.277075 11.592284 -13.761189
7.184264 12.027596 -13.586362
6.869984 10.428448 -12.993042
4.481164 11.592283 -14.919293
4.424041 12.027594 -14.729684
4.243851 10.428448 -14.080823
1.513040 11.592282 -15.509689
1.493805 12.027594 -15.312543
1.455964 10.428450 -14.635370
-1.513234 11.592284 -15.509692
-1.493839 12.027596 -15.312543
-1.386540 10.428448 -14.635370
-3.225195 11.636490 -15.306438
-3.360002 11.911022 -15.052467
-3.152477 10.906965 -14.557277
-4.507458 11.489777 -14.911378
-4.479753 11.884190 -14.712796
-4.204007 10.387550 -14.071854
-7.184301 12.027596 -13.586365
-5.543827 12.000764 -14.390015
-5.775912 11.701611 -14.532687
-7.277276 11.592284 -13.761188
-9.793530 11.592281 -12.079880
-9.668436 12.027595 -11.926515
-9.164015 10.428450 -11.413831
-6.800561 10.428450 -12.993045
-5.360472 10.961499 -13.887492
-11.973551 11.592283 -9.957779
-11.820551 12.027595 -9.831470
-11.212305 10.428448 -9.420882
-13.679147 11.592284 -7.460718
-13.504326 12.027595 -7.366245
-12.814722 10.428448 -7.075761
-14.797125 11.592284 -4.602492
-14.608113 12.027594 -4.544627
-13.864163 10.428448 -4.390092
-15.363237 11.592284 -1.570658
-15.167046 12.027595 -1.551619
-14.395506 10.428450 -1.541336
-15.363235 11.592284 1.455615
-15.167046 12.027596 1.436026
-14.395508 10.428450 1.301169
-14.772841 11.592282 4.423742
-14.584184 12.027596 4.366263
-13.840961 10.428450 4.089055
-13.606615 11.592283 7.219434
-13.388025 12.027596 7.120248
-12.666866 10.428448 6.703571
-11.925304 11.592284 9.735688
-11.699681 12.027596 9.581796
-11.032650 10.428448 9.023428
-9.793525 11.592284 11.875809
-9.622411 12.027596 11.677503
-9.075185 10.428450 11.000383
-7.277270 11.592284 13.557118
-7.159800 12.027595 13.325806
-6.753273 10.428450 12.557310
-4.481360 11.592284 14.801801
-4.410133 12.027596 14.543410
-4.147513 10.428452 13.706543
-1.513237 11.592283 15.495668
-1.486871 12.027596 15.262349
-1.373086 10.428452 14.425833
1.513038 11.592282 15.512560
1.478190 12.027595 15.289578
1.425829 10.428450 14.462407
4.481163 11.592283 14.922163
4.392816 12.027596 14.683173
4.183579 10.428448 13.862415
7.277075 11.592281 13.764058
7.168653 12.027595 13.563397
6.839848 10.428450 12.820084
9.793331 11.592283 11.979276
9.668401 12.027596 11.825148
9.233444 10.428450 11.187456
11.933228 11.592283 9.735908
11.780982 12.027596 9.610619
11.243394 10.428448 9.078643
13.614536 11.592282 7.219655
13.440828 12.027596 7.126486
12.822604 10.428448 6.715187
14.772639 11.592283 4.423742
14.584149 12.027596 4.366263
13.910382 10.428448 4.089055
12.040666 6.058067 -3.827436
12.516483 6.058067 -1.435354
12.468468 6.058067 1.006919
11.120460 6.058067 -6.078174
9.765454 6.058067 -8.142578
7.979708 6.058067 -9.902895
5.951799 6.058067 -11.257899
3.698507 6.058066 -12.191246
1.306425 6.058067 -12.667064
-1.132520 6.058067 -12.667063
-3.524603 6.058067 -12.191252
-7.805806 6.058067 -9.902892
-5.777898 6.058067 -11.257903
-9.563294 6.058067 -8.192888
-10.938213 6.058066 -6.180713
-11.838663 6.058067 -3.876337
-12.294568 6.058067 -1.432027
-12.294568 6.058067 1.006918
-11.818752 6.058067 3.398999
-10.811349 6.058065 5.642326
-9.409146 6.058065 7.632827
-7.729585 6.058067 9.329108
-5.737323 6.058068 10.664995
-3.501510 6.058069 11.651068
-1.120975 6.058069 12.268239
1.280567 6.058067 12.299619
3.646790 6.058067 11.784809
5.925942 6.058067 10.890460
7.979713 6.058068 9.489622
9.704307 6.058066 7.680204
11.059309 6.058066 5.652294
11.992651 6.058067 3.399001
5.557956 0.373242 -0.260619
8.305890 1.830036 0.557004
8.337666 1.830036 -1.059359
8.022759 1.830037 -2.642506
5.230650 0.373242 -1.341306
4.687502 0.373243 -0.274862
5.228291 0.373243 0.813049
7.990981 1.830036 2.140150
7.413741 1.830037 -4.132106
4.721172 0.373242 -2.373072
3.997456 0.373242 -1.342357
6.516959 1.830036 -5.498386
4.036302 0.373242 -3.336528
3.169918 0.373242 -2.371499
5.335102 1.830036 -6.663412
3.179673 0.373242 -4.182629
2.212159 0.373242 -3.320412
3.992975 1.830035 -7.560191
2.229318 0.373241 -4.867112
1.189701 0.373241 -4.146791
2.501686 1.830035 -8.177907
1.195551 0.373241 -5.381969
0.118476 0.373241 -4.841226
0.918539 1.830036 -8.492815
0.118475 0.373241 -5.709262
-0.958600 0.373241 -5.381971
-0.695622 1.830036 -8.492815
-2.278767 1.830035 -8.177911
3.989829 0.373242 0.779525
4.710783 0.373242 1.841341
7.373269 1.830036 3.631443
3.152529 0.373242 -0.290383
2.215641 0.373242 -1.351895
1.190070 0.373242 -2.370305
0.128823 0.373241 -3.305260
-0.946541 0.373241 -4.145955
-1.990301 0.373241 -4.866832
-3.770061 1.830036 -7.560193
3.157911 0.373242 1.787400
4.022879 0.373242 2.786971
6.476491 1.830036 4.973571
2.209513 0.373242 0.751228
1.199426 0.373242 -0.306502
0.142190 0.373242 -1.358255
-0.921695 0.373242 -2.365636
-1.965044 0.373241 -3.316441
-2.939337 0.373241 -4.181303
-5.112188 1.830036 -6.663409
2.214436 0.373243 2.745677
3.187662 0.373243 3.650961
5.335106 1.830037 6.171095
1.190697 0.373242 1.775283
0.143167 0.373243 0.753377
-0.909977 0.373242 -0.299674
-1.940741 0.373242 -1.347441
-2.916316 0.373242 -2.376319
-3.785381 0.373242 -3.353126
-6.275341 1.830036 -5.531683
1.183480 0.373243 3.580895
2.225198 0.373243 4.352182
3.975865 1.830037 7.098206
0.124163 0.373243 2.715990
-0.921044 0.373243 1.769619
-1.930326 0.373242 0.754977
-2.888203 0.373242 -0.293463
-3.756242 0.373242 -1.360701
-4.480313 0.373242 -2.409741
-7.185300 1.830037 -4.199972
0.110436 0.373243 4.256666
1.181543 0.373242 4.849330
2.467459 1.830036 7.690111
-0.945355 0.373243 3.541875
-1.949136 0.373242 2.715661
-2.875455 0.373242 1.784051
-3.721342 0.373242 0.779560
-4.442745 0.373242 -0.281412
-4.982726 0.373242 -1.358062
-7.781245 1.830037 -2.674873
-0.956972 0.373243 4.806329
0.113821 0.373242 5.191349
0.901427 1.830036 8.030827
-1.979537 0.373243 4.270676
-2.912192 0.373242 3.593645
-3.725845 0.373242 2.774089
-4.430042 0.373242 1.842569
-4.975102 0.373242 0.816887
-5.301289 0.373242 -0.258349
-8.082976 1.830036 -1.057160
-2.263483 1.830037 7.601598
-0.687979 1.830037 8.010059
-3.743207 1.830037 6.948988
-5.061742 1.830037 6.064861
-6.173322 1.830036 4.942214
-7.101338 1.830036 3.624845
-7.768066 1.830036 2.140148
-8.082975 1.830036 0.557002
15.046870 10.823467 1.424491
15.091798 10.823468 -1.542627
14.513547 10.823467 -4.449680
14.579501 9.668074 1.377767
14.594574 9.668076 -1.495190
14.034293 9.668075 -4.311920
13.807657 7.346684 -1.419571
13.807658 7.346684 1.300290
12.403894 4.400927 1.161806
12.403894 4.400927 -1.281546
11.927219 4.400927 -3.677951
13.277039 7.346684 -4.087172
10.477441 1.884651 0.976362
10.477442 1.884651 -1.087514
10.074800 1.884651 -3.111733
8.831615 0.593937 0.818867
8.831613 0.593937 -0.920808
8.492218 0.593937 -2.627057
8.004458 0.186623 0.741501
8.004456 0.186623 -0.835238
7.696848 0.186623 -2.381680
7.241872 0.000004 0.045507
7.395193 0.000004 -1.513955
13.391562 10.823466 -7.185676
12.939381 9.668075 -6.964420
10.992189 4.400928 -5.935315
12.236193 7.346685 -6.599997
9.284990 1.884651 -5.018505
7.826474 0.593937 -4.234308
7.093456 0.186623 -3.838398
6.657121 0.000003 -2.894229
11.744849 10.823466 -9.684303
11.343833 9.668075 -9.363783
9.634734 4.400928 -7.966888
10.725120 7.346684 -8.861478
8.138361 1.884651 -6.734555
6.859962 0.593937 -5.680796
6.217466 0.186623 -5.149409
5.673342 0.000003 -4.162516
9.591765 10.823466 -11.824706
9.293890 9.668075 -11.439713
7.907019 4.400927 -9.717516
8.801884 7.346684 -10.830481
6.678979 1.884651 -8.193936
5.629824 0.593937 -6.910931
5.102544 0.186623 -6.264333
4.479433 0.000003 -5.271719
7.127286 10.823468 -13.482532
6.905982 9.668076 -13.069229
5.875446 4.400926 -11.120177
6.540403 7.346684 -12.387326
4.962931 1.884652 -9.362856
4.183338 0.593937 -7.877441
3.791534 0.186623 -7.140323
3.117411 0.000003 -6.181794
4.388903 10.823468 -14.616805
4.252682 9.668076 -14.168263
3.618084 4.400927 -12.077502
4.027580 7.346684 -13.428172
3.056160 1.884651 -10.194635
2.576088 0.593937 -8.562860
2.334815 0.186623 -7.743713
1.635752 0.000003 -6.860349
1.481851 10.823466 -15.195053
1.435953 9.668076 -14.728545
1.221678 4.400927 -12.554178
1.359980 7.346685 -13.958792
1.031940 1.884651 -10.616953
0.869841 0.593937 -8.921929
0.788372 0.186623 -8.051321
0.087530 0.000003 -7.283890
-1.482156 10.823469 -15.195055
-1.435962 9.668076 -14.728543
-1.221675 4.400927 -12.554176
-1.359881 7.346684 -13.958789
-1.031935 1.884651 -10.616949
-0.869835 0.593937 -8.921925
-0.788368 0.186623 -8.051319
-1.470993 0.000003 -7.438152
-4.389212 10.823468 -14.616803
-4.252693 9.668076 -14.168262
-3.618080 4.400926 -12.077502
-4.027483 7.346684 -13.428172
-3.056153 1.884652 -10.194635
-2.576083 0.593937 -8.562857
-2.334811 0.186623 -7.743712
-6.905995 9.668076 -13.069229
-7.127598 10.823466 -13.482529
-5.875445 4.400926 -11.120180
-6.540308 7.346684 -12.387328
-4.962926 1.884651 -9.362859
-4.183334 0.593937 -7.877440
-3.791528 0.186623 -7.140321
-2.852209 0.000003 -6.699139
-9.592078 10.823466 -11.824705
-9.293904 9.668075 -11.439710
-7.907019 4.400927 -9.717516
-8.801790 7.346684 -10.830482
-6.678977 1.884651 -8.193935
-5.629821 0.593937 -6.910929
-5.102540 0.186623 -6.264330
-4.120496 0.000003 -5.715360
-11.728735 10.823467 -9.746931
-11.365594 9.668076 -9.427122
-9.634731 4.400928 -7.966892
-10.745625 7.346684 -8.893475
-8.138356 1.884651 -6.734557
-6.859957 0.593937 -5.680792
-6.217463 0.186623 -5.149406
-5.229698 0.000003 -4.521451
-13.394078 10.823470 -7.297174
-12.967393 9.668076 -7.044154
-10.992185 4.400928 -5.935317
-12.256699 7.346685 -6.631992
-9.284984 1.884651 -5.018503
-7.826468 0.593937 -4.234302
-7.093452 0.186623 -3.838393
-6.139773 0.000003 -3.159427
-14.487564 10.823469 -4.495436
-14.025485 9.668075 -4.327266
-11.927217 4.400927 -3.677950
-13.276942 7.346684 -4.087169
-10.074796 1.884651 -3.111729
-8.492213 0.593937 -2.627053
-7.696843 0.186623 -2.381678
-6.818327 0.000004 -1.677768
-15.047182 10.823468 -1.539515
-14.579515 9.668076 -1.494145
-12.403890 4.400927 -1.281548
-13.807559 7.346685 -1.419571
-10.477437 1.884651 -1.087517
-8.831606 0.593937 -0.920808
-8.004449 0.186624 -0.835235
-7.241867 0.000004 -0.129548
-15.047182 10.823469 1.424488
-14.579514 9.668076 1.377767
-12.403889 4.400927 1.161808
-13.807559 7.346685 1.300292
-10.477435 1.884651 0.976361
-8.831605 0.593937 0.818868
-8.004448 0.186623 0.741504
-7.395188 0.000004 1.428036
-14.468935 10.823467 4.331544
-14.019232 9.668075 4.194497
-11.927216 4.400927 3.558213
-13.276941 7.346684 3.967891
-10.074794 1.884651 3.000581
-8.492212 0.593937 2.525115
-7.696843 0.186624 2.287945
-13.334657 10.823466 7.069927
-12.920200 9.668076 6.847796
-10.992184 4.400928 5.815575
-12.236094 7.346685 6.480713
-9.284982 1.884651 4.907353
-7.826467 0.593937 4.132367
-7.093452 0.186624 3.744663
-6.657117 0.000004 2.810189
-11.687941 10.823469 9.534407
-11.324648 9.668077 9.235705
-9.634727 4.400928 7.847151
-10.725017 7.346686 8.742197
-8.138353 1.884652 6.623402
-6.859954 0.593937 5.578854
-6.217461 0.186624 5.055676
-5.673337 0.000004 4.078477
-9.592072 10.823468 11.630278
-9.293900 9.668077 11.266457
-7.907014 4.400927 9.574864
-8.801784 7.346686 10.665431
-6.678972 1.884651 8.082784
-5.629816 0.593937 6.808990
-5.102536 0.186624 6.170599
-4.479427 0.000004 5.187680
-7.127591 10.823467 13.276993
-6.905991 9.668076 12.862007
-5.875441 4.400927 10.932320
-6.540303 7.346684 12.176506
-4.962922 1.884651 9.229411
-4.183328 0.593937 7.775501
-3.791525 0.186624 7.046588
-3.117403 0.000004 6.097756
-4.389209 10.823467 14.499287
-4.252690 9.668074 14.049384
-3.618079 4.400927 11.867348
-4.027480 7.346684 13.261807
-3.056152 1.884652 10.019222
-2.576080 0.593937 8.441246
-2.334808 0.186624 7.649979
-1.635745 0.000004 6.776309
-1.482157 10.823467 15.182729
-1.435963 9.668075 14.715247
-1.221676 4.400927 12.449104
-1.359882 7.346684 13.898819
-1.031937 1.884651 10.519410
-0.869836 0.593937 8.870101
-0.788367 0.186623 8.043180
-0.087525 0.000004 7.283606
1.481849 10.823466 15.199902
1.435950 9.668076 14.732483
1.221679 4.400927 12.554185
1.359979 7.346684 13.960754
1.031940 1.884651 10.616955
0.869840 0.593937 8.959563
0.788373 0.186623 8.128777
1.470999 0.000004 7.519710
4.388902 10.823467 14.621654
4.252680 9.668075 14.172202
3.618085 4.400927 12.077509
4.027579 7.346683 13.430136
3.056161 1.884652 10.214311
2.576090 0.593937 8.620169
2.334818 0.186624 7.821171
7.127286 10.823466 13.487378
6.905982 9.668074 13.073167
5.875448 4.400927 11.142477
6.540405 7.346684 12.389289
4.962933 1.884651 9.424500
4.183342 0.593937 7.910688
3.791536 0.186624 7.132182
2.852213 0.000004 6.698856
9.591766 10.823466 11.735468
9.293890 9.668074 11.372037
7.907024 4.400927 9.733203
8.801889 7.346684 10.825083
6.678981 1.884652 8.180326
5.629829 0.593937 6.854713
5.102547 0.186624 6.170595
4.120501 0.000004 5.631318
11.687633 10.823466 9.534407
11.324639 9.668076 9.235705
9.634736 4.400927 7.900411
10.725122 7.346684 8.795457
8.138361 1.884651 6.623400
6.859963 0.593937 5.578851
6.217469 0.186624 5.055673
5.229703 0.000004 4.437410
13.334348 10.823466 7.069928
12.920190 9.668076 6.847797
10.992190 4.400927 5.815577
12.236196 7.346686 6.480714
9.284988 1.884651 4.907352
7.826472 0.593937 4.132366
7.093457 0.186624 3.744664
6.139777 0.000004 3.075388
14.468622 10.823467 4.331544
14.019221 9.668076 4.194496
11.927220 4.400927 3.558212
13.277042 7.346685 3.967890
10.074799 1.884651 3.000580
8.492220 0.593937 2.525115
7.696851 0.186624 2.287944
6.818332 0.000004 1.593728
6.212759 0.000003 -1.275936
5.551238 0.000003 0.367519
4.693769 0.000003 1.983923
3.666221 0.000004 3.521758
2.500999 0.000004 4.932526
1.235797 0.000004 6.214512
4.972670 0.000003 -2.541136
4.109741 0.000003 -0.857619
3.110048 0.000003 0.838395
2.001826 0.000004 2.496965
0.817482 0.000004 4.069598
-0.407656 0.000004 5.511095
3.561901 0.000003 -3.706359
2.537109 0.000003 -2.041964
1.434739 0.000003 -0.325526
0.285390 0.000004 1.394595
-0.878530 0.000004 3.069905
-2.024059 0.000004 4.653627
2.024066 0.000003 -4.733907
0.878537 0.000003 -3.150185
-0.285384 0.000003 -1.474875
-1.434733 0.000003 0.245246
-2.537102 0.000004 1.961683
-3.561895 0.000004 3.626078
0.407663 0.000003 -5.591376
-0.817476 0.000003 -4.149879
-2.001821 0.000003 -2.577246
-3.110043 0.000003 -0.918675
-4.109735 0.000003 0.777337
-4.972665 0.000004 2.460855
-1.235793 0.000003 -6.252897
-2.500994 0.000003 -5.012809
-3.666217 0.000003 -3.602040
-4.693765 0.000003 -2.064204
-5.551233 0.000003 -0.447801
-6.212754 0.000003 1.195653
15.427744 12.005830 -1.575611
15.254999 12.027596 -0.058794
15.034282 12.027595 -3.037083
14.941428 11.627809 -1.542435
14.837074 12.005830 -4.545111
14.113251 12.027596 -5.891348
14.369775 11.627809 -4.416324
13.694165 12.005830 -7.339259
12.782309 12.027595 -8.537372
13.264148 11.627809 -7.120416
12.012077 12.005830 -9.900382
10.795079 12.027595 -10.911507
11.636220 11.627809 -9.600415
9.797960 12.005830 -12.084051
8.467201 12.027596 -12.817606
9.491150 11.627809 -11.715084
7.280540 12.005830 -13.766139
5.832304 12.027596 -14.225987
7.054785 11.627809 -13.343011
4.483334 12.005830 -14.924780
2.973275 12.027594 -15.093265
4.347640 11.627808 -14.464349
1.513835 12.005829 -15.515451
-0.000017 12.027596 -15.386107
1.473751 11.627809 -15.036000
-1.513840 12.005829 -15.515451
-2.707291 11.998452 -15.173961
-1.456442 11.627809 -15.036000
-3.323027 11.865999 -15.277063
-3.826110 11.846027 -14.911075
-3.324918 11.677395 -14.810948
-7.280551 12.005830 -13.766141
-6.112278 12.020888 -14.141074
-8.467239 12.027596 -12.817606
-7.037476 11.627809 -13.343015
-9.797972 12.005829 -12.084051
-10.786627 12.027595 -10.926627
-9.473840 11.627809 -11.715085
-11.978253 12.005830 -9.960634
-12.737390 12.027595 -8.643767
-11.585126 11.627808 -9.660573
-13.684183 12.005829 -7.462056
-14.126265 12.027594 -5.999623
-13.236861 11.627808 -7.243018
-14.803432 12.005830 -4.603675
-14.953748 12.027595 -3.046783
-14.318866 11.627808 -4.474796
-15.370259 12.005831 -1.571630
-15.240611 12.027596 -0.057796
-14.866714 11.627809 -1.538460
-15.370259 12.005831 1.456048
-14.947766 12.027596 2.915496
-14.866714 11.627809 1.391733
-14.779590 12.005830 4.425549
-14.067279 12.027596 5.772967
-14.295062 11.627809 4.265621
-13.603282 12.005831 7.222037
-12.585724 12.027596 8.394421
-13.094218 11.627808 6.962286
-11.919769 12.005831 9.738328
-10.716406 12.027596 10.677711
-11.416919 11.627808 9.359516
-9.795667 12.005830 11.878783
-8.432079 12.027595 12.565444
-9.394104 11.627809 11.401909
-7.279322 12.005830 13.560294
-5.815756 12.027596 13.978491
-6.995030 11.627809 13.009836
-4.482645 12.005831 14.803381
-2.961112 12.027596 14.983661
-4.306172 11.627810 14.196944
-1.513496 12.005830 15.497337
-0.002181 12.027594 15.368109
-1.444366 11.627810 14.929153
1.513052 12.005830 15.514450
2.945951 12.027596 15.052640
1.446699 11.627809 14.964052
4.481773 12.005830 14.922603
5.804983 12.027595 14.185364
4.293539 11.627809 14.351605
7.279762 12.005830 13.765138
8.463301 12.027596 12.786812
7.027736 11.627809 13.271065
9.797964 12.005830 11.982644
10.776709 12.027596 10.744415
9.491152 11.627809 11.582509
11.938854 12.005831 9.740176
12.672070 12.027596 8.409424
11.563107 11.627808 9.409131
13.620938 12.005831 7.222756
14.080453 12.027596 5.774526
13.191037 11.627808 6.972766
14.779581 12.005830 4.425548
14.947729 12.027596 2.915497
14.312372 11.627809 4.265622
15.370250 12.005830 1.456048
14.884021 11.627809 1.391734
14.548907 10.428450 -0.121053
14.340236 10.428450 -2.954749
13.775198 8.536282 -1.523126
13.462962 10.428450 -5.670267
13.250363 8.536282 -4.161646
12.198096 10.428450 -8.187953
12.235355 8.536282 -6.644262
10.305725 10.428450 -10.447937
10.740753 8.536282 -8.921347
8.090596 10.428450 -12.261631
8.771037 8.536282 -10.863014
5.583702 10.428448 -13.601595
6.534206 8.536280 -12.357615
2.863562 10.428448 -14.426743
4.048774 8.536279 -13.387119
0.034712 10.428450 -14.705359
1.410253 8.536280 -13.911957
-2.538651 10.548077 -14.545856
-1.279959 8.536280 -13.911957
-3.467142 10.496953 -14.336990
-5.810789 10.561713 -13.553267
-8.021175 10.428450 -12.261630
-6.403915 8.536280 -12.357619
-10.228065 10.428450 -10.462598
-8.640742 8.536280 -10.863013
-12.085077 10.428448 -8.291124
-10.579292 8.536280 -8.976840
-13.406125 10.428448 -5.775261
-12.095859 8.536279 -6.757362
-14.192677 10.428450 -2.964151
-13.089073 8.536280 -4.215583
-14.465500 10.428450 -0.120083
-13.591948 8.536282 -1.519455
-14.186877 10.428450 2.708766
-13.591949 8.536282 1.170757
-13.340155 10.428448 5.426001
-13.067113 8.536280 3.809276
-11.878548 10.428448 7.907477
-11.955924 8.536279 6.283715
-10.105942 10.428448 10.053653
-10.409264 8.536279 8.479282
-7.953316 10.428450 11.842105
-8.556671 8.536282 10.350317
-5.482269 10.428451 13.170592
-6.359161 8.536282 11.823831
-2.770591 10.428452 14.135010
-3.893008 8.536283 12.911491
0.030541 10.428450 14.545978
-1.267225 8.536283 13.592245
2.810825 10.428450 14.219695
1.381733 8.536282 13.626859
5.530962 10.428448 13.394551
3.991730 8.536280 13.059012
8.083066 10.428450 12.098042
6.505685 8.536280 12.072525
10.287910 10.428450 10.157825
8.771042 8.536282 10.527368
12.091193 10.428448 7.935800
10.673306 8.536280 8.531539
13.431158 10.428449 5.428904
12.167905 8.536280 6.294710
14.256299 10.428448 2.708767
13.197403 8.536280 3.809277
13.722237 8.536280 1.170757
5.801454 0.446082 -0.789580
5.780552 0.446082 0.273694
5.428796 0.373243 -0.804919
5.417477 0.373243 0.279478
5.577938 0.446082 -1.885039
4.986960 0.373242 -1.865463
4.979483 0.373243 -0.808766
5.151841 0.446082 -2.916516
4.411536 0.373242 -2.863604
4.375777 0.373242 -1.862342
4.527677 0.446082 -3.863454
3.618129 0.373242 -3.780114
3.615628 0.373242 -2.862586
3.707397 0.446081 -4.672135
2.717786 0.373241 -4.544740
2.704488 0.373242 -3.764038
2.777001 0.446081 -5.296276
1.719997 0.373241 -5.147077
1.714137 0.373241 -4.523415
1.744315 0.446081 -5.728365
0.660278 0.373241 -5.569970
0.657695 0.373241 -5.132006
0.649037 0.446081 -5.951881
-0.412790 0.446081 -5.951884
-0.423326 0.373241 -5.569971
5.556917 0.446082 1.368802
4.987265 0.373243 0.269183
4.992144 0.373242 1.335275
4.350423 0.373242 -0.813803
4.356889 0.373242 0.256028
3.610115 0.373242 -1.861323
3.588832 0.373242 -0.817057
2.697167 0.373242 -2.861618
2.702236 0.373242 -1.866769
1.710977 0.373241 -3.748573
1.706187 0.373242 -2.854814
0.656233 0.373241 -4.512024
0.659950 0.373241 -3.739865
-0.420744 0.373241 -5.132006
-0.417729 0.373241 -4.511814
-1.508065 0.446081 -5.728370
-1.482530 0.373241 -5.147009
5.124698 0.446082 2.401218
4.374550 0.373242 1.314569
4.386823 0.373242 2.326741
3.576022 0.373242 0.242457
3.589208 0.373242 1.291394
2.704139 0.373242 -0.821124
2.691704 0.373241 0.233701
1.704972 0.373242 -1.871890
1.713562 0.373242 -0.830574
0.666249 0.373241 -2.847856
0.667506 0.373242 -1.870311
-0.412133 0.373241 -3.739100
-0.399715 0.373241 -2.846132
-1.473047 0.373240 -4.522855
-1.463724 0.373241 -3.746535
-2.540652 0.446081 -5.296263
-2.477405 0.373241 -4.544058
4.500385 0.446082 3.331377
3.609512 0.373243 2.295369
3.622107 0.373243 3.226790
2.685452 0.373242 1.270281
2.698725 0.373243 2.271007
1.718152 0.373242 0.226786
1.708373 0.373242 1.264367
0.668913 0.373242 -0.838296
0.675279 0.373243 0.221192
-0.386195 0.373242 -1.867122
-0.384197 0.373242 -0.834567
-1.452061 0.373241 -2.850006
-1.435808 0.373242 -1.865497
-2.460762 0.373241 -3.761389
-2.449556 0.373242 -2.858695
-3.470982 0.446081 -4.672067
-3.375521 0.373242 -3.782887
3.707800 0.446082 4.162332
2.715041 0.373243 3.210549
2.721405 0.373243 4.034440
1.701202 0.373242 2.264528
1.708276 0.373243 3.189583
0.674244 0.373242 1.273160
0.661091 0.373242 2.265363
-0.389314 0.373243 0.225808
-0.390933 0.373242 1.274653
-1.425046 0.373242 -0.823835
-1.427803 0.373242 0.234236
-2.442639 0.373242 -1.866326
-2.427778 0.373242 -0.820440
-3.363366 0.373242 -2.873295
-3.355240 0.373242 -1.875069
-4.278428 0.446082 -3.886188
-4.157463 0.373242 -2.894563
2.765543 0.446082 4.807264
1.713206 0.373243 3.982815
1.708693 0.373243 4.618906
0.649354 0.373243 3.155570
0.648162 0.373243 3.932346
-0.397501 0.373243 2.256043
-0.413512 0.373243 3.137912
-1.435606 0.373242 1.266126
-1.442125 0.373243 2.247034
-2.412196 0.373242 0.235378
-2.414045 0.373242 1.269324
-3.341751 0.373242 -0.827004
-3.320047 0.373242 0.238274
-4.134740 0.373242 -1.889848
-4.118887 0.373242 -0.830415
-4.911761 0.446082 -2.962991
-4.755033 0.373242 -1.897845
1.721102 0.446082 5.221486
0.649731 0.373242 4.573322
0.648376 0.373242 5.040972
-0.425029 0.373243 3.909478
-0.425880 0.373243 4.549459
-1.452678 0.373243 3.146416
-1.468364 0.373243 3.921567
-2.426228 0.373242 2.258558
-2.439888 0.373242 3.167274
-3.304573 0.373242 1.291324
-3.313180 0.373242 2.289019
-4.106991 0.373242 0.253676
-4.091528 0.373242 1.318342
-4.733143 0.373242 -0.820419
-4.728065 0.373242 0.272344
-5.328909 0.446082 -1.907168
-5.164456 0.373242 -0.806271
0.637551 0.446082 5.462717
-0.422960 0.373243 5.023209
-0.407992 0.446082 5.449055
-1.478926 0.373243 4.551791
-1.497928 0.446082 5.161109
-2.457670 0.373242 3.954218
-2.522449 0.446082 4.705028
-3.336964 0.373242 3.197442
-3.436441 0.446082 4.089582
-4.087362 0.373242 2.322746
-4.208341 0.446082 3.310105
-4.732937 0.373242 1.338852
-4.854017 0.446082 2.396938
-5.162549 0.373242 0.282533
-5.319856 0.446082 1.368992
-5.543322 0.446082 -0.788021
-5.543320 0.446082 0.273807
12.361481 6.058067 -2.644774
10.714163 3.615441 -1.281047
12.540527 6.058067 -0.213386
11.608755 6.058067 -4.974762
10.307912 3.615441 -3.323409
10.523464 6.058067 -7.135002
9.522239 3.615441 -5.245089
8.899758 6.058067 -9.074132
8.365333 3.615441 -7.007677
6.999117 6.058067 -10.630328
6.840661 3.615441 -8.510638
4.848135 6.058066 -11.780054
5.109232 3.615440 -9.667542
2.514182 6.058066 -12.488057
3.185371 3.615440 -10.464433
0.086952 6.058067 -12.727116
1.143010 3.615441 -10.870686
-2.340276 6.058066 -12.488057
-0.939362 3.615441 -10.870685
-4.674232 6.058067 -11.780063
-3.925875 8.526056 -13.384882
-2.981722 3.615440 -10.464438
-6.825217 6.058066 -10.630327
-4.905587 3.615441 -9.667543
-8.718790 6.058067 -9.086708
-6.637016 3.615441 -8.510634
-10.312155 6.058066 -7.223524
-8.137560 3.615441 -7.050632
-11.445652 6.058067 -5.064851
-9.311466 3.615441 -5.332640
-12.120536 6.058067 -2.652841
-10.080272 3.615442 -3.365164
-12.354623 6.058067 -0.212555
-10.469524 3.615441 -1.278210
-12.115558 6.058067 2.214675
-10.469523 3.615441 0.804163
-11.389048 6.058066 4.546135
-10.063271 3.615441 2.846523
-10.134949 6.058065 6.675311
-9.203149 3.615440 4.761878
-8.614003 6.058066 8.516788
-8.005949 3.615440 6.461369
-6.766992 6.058068 10.051329
-6.571938 3.615441 7.909654
-4.646767 6.058068 11.191207
-4.870944 3.615441 9.050237
-2.320073 6.058070 12.018703
-2.962006 3.615442 9.892146
0.083374 6.058068 12.371326
-0.929504 3.615442 10.419086
2.468930 6.058067 12.091364
1.120931 3.615441 10.445878
4.802882 6.058066 11.383369
3.141214 3.615441 10.006334
6.992656 6.058068 10.270929
5.087156 3.615442 9.242738
8.884475 6.058067 8.606171
6.840665 3.615442 8.046703
10.431740 6.058066 6.699614
8.313126 3.615440 6.501820
11.581463 6.058067 4.548628
9.470027 3.615440 4.770389
12.289458 6.058066 2.214676
10.266915 3.615441 2.846526
10.673169 3.615441 0.804166
8.235081 1.830036 -1.859787
8.353580 1.830036 -0.250627
7.736909 1.830037 -3.401838
7.018633 1.830036 -4.831544
5.944017 1.830036 -6.114914
4.686120 1.830036 -7.144849
3.262540 1.830035 -7.905768
1.717867 1.830035 -8.374344
0.111457 1.830036 -8.532559
-1.494947 1.830036 -8.374346
-3.039624 1.830035 -7.905773
-4.463206 1.830036 -7.144846
-5.716426 1.830036 -6.123236
-6.770957 1.830037 -4.890133
-7.521139 1.830037 -3.461464
-7.967798 1.830036 -1.865129
-8.122721 1.830036 -0.250079
-7.964501 1.830036 1.356329
-7.483675 1.830036 2.899355
-6.653679 1.830036 4.308503
-5.647075 1.830037 5.527245
-4.424671 1.830037 6.542847
-3.021445 1.830037 7.297250
-1.481575 1.830037 7.844910
0.109093 1.830037 8.078284
1.687917 1.830036 7.892998
3.232594 1.830037 7.424427
4.681845 1.830037 6.688184
5.933903 1.830036 5.586403
6.957927 1.830036 4.324588
7.718845 1.830036 2.901007
8.187417 1.830036 1.356331
15.452194 11.592284 -0.058534
15.389125 11.162063 -1.571257
15.228769 11.592283 -3.075342
15.131087 10.823468 -0.058291
14.811470 10.367868 -1.515753
14.896713 10.823468 -3.011947
13.874629 7.346684 -0.059641
14.388565 8.812305 -1.475742
13.195906 5.849844 -1.360281
13.608032 7.346684 -2.766437
12.464056 4.400927 -0.059870
11.585748 2.973484 -1.200011
12.224563 4.400927 -2.491485
10.528260 1.884651 -0.055576
9.383167 0.857097 -0.976383
10.325963 1.884651 -2.109538
8.874451 0.593937 -0.050970
8.320992 0.374947 -0.869290
8.703928 0.593937 -1.782289
8.043281 0.186623 -0.046868
7.698813 0.009335 -0.839400
7.888729 0.186623 -1.616033
14.799986 11.162061 -4.533059
14.295720 11.592282 -5.966503
14.243425 10.367868 -4.371506
13.994446 10.823466 -5.844648
13.835655 8.812305 -4.255419
12.688792 5.849845 -3.909700
12.818488 7.346685 -5.369212
11.140515 2.973484 -3.438351
11.515286 4.400927 -4.829656
9.022577 0.857097 -2.789192
9.726845 1.884651 -4.084567
8.001220 0.374947 -2.476886
8.198921 0.593937 -3.447075
7.417162 0.009334 -2.255356
7.431021 0.186623 -3.124896
13.660466 11.162060 -7.319882
12.947723 11.592282 -8.646761
13.137393 10.367867 -7.059968
12.657497 10.823466 -8.467361
12.751283 8.812305 -6.873778
11.694061 5.849846 -6.311202
11.536341 7.346684 -7.767945
10.267157 2.973484 -5.546822
10.363486 4.400928 -6.984526
8.315257 0.857097 -4.496819
8.753929 1.884651 -5.904763
7.373967 0.374947 -3.991212
7.378835 0.593937 -4.981351
6.827779 0.009334 -3.658172
6.687742 0.186623 -4.515473
11.982739 11.162060 -9.875554
10.934613 11.592282 -11.051726
11.519739 10.367867 -9.503813
10.705609 10.823466 -10.811688
11.176726 8.812305 -9.230846
10.249930 5.849846 -8.472495
9.810858 7.346684 -9.881891
8.999239 2.973484 -7.444396
8.813418 4.400928 -8.879015
7.288383 0.857097 -6.033644
7.444604 1.884651 -7.500180
6.463335 0.374947 -5.354067
6.275182 0.593937 -6.326153
5.976514 0.009334 -4.921976
5.687457 0.186623 -5.734324
9.772371 11.162060 -12.055280
8.576601 11.592282 -12.982492
9.422559 10.367867 -11.607449
8.400072 10.823466 -12.717079
9.171731 8.812305 -11.280574
8.411897 5.849844 -10.355202
7.708350 7.346684 -11.676031
7.385484 2.973484 -9.059298
6.924657 4.400927 -10.469026
5.981419 0.857097 -7.340603
5.849187 1.884652 -8.815077
5.304323 0.374947 -6.513080
4.930379 0.593937 -7.429803
4.895973 0.009334 -5.998285
4.468609 0.186623 -6.734609
7.261478 11.162061 -13.733565
5.907635 11.592283 -14.409085
7.001569 10.367868 -13.247482
5.786023 10.823469 -14.117094
6.815234 8.812306 -12.900266
6.250604 5.849843 -11.845124
5.309620 7.346684 -12.969621
5.487912 2.973484 -10.370720
4.769789 4.400926 -11.659995
4.444596 0.857097 -8.368587
4.028993 1.884651 -9.826349
3.941469 0.374947 -7.423710
3.396106 0.593937 -8.254807
3.627482 0.009335 -6.845864
3.078032 0.186623 -7.477887
4.471525 11.162061 -14.889203
3.011640 11.592282 -15.287575
4.311510 10.367868 -14.361740
2.949616 10.823466 -14.977509
4.196836 8.812307 -13.984843
3.849105 5.849843 -12.840974
2.706845 7.346685 -13.759167
3.379441 2.973484 -11.287420
2.431618 4.400927 -12.374848
2.736972 0.857097 -9.114405
2.053964 1.884651 -10.460555
2.427145 0.374947 -8.051946
1.731321 0.593937 -8.789326
2.219596 0.009334 -7.432271
1.569167 0.186623 -7.935595
1.509724 11.162061 -15.478342
-0.000097 11.592284 -15.584207
1.455758 10.367867 -14.929785
-0.000153 10.823468 -15.268036
1.417158 8.812307 -14.537755
1.299686 5.849843 -13.348087
0.000050 7.346684 -14.025760
1.141097 2.973484 -11.733639
0.000001 4.400927 -12.614339
0.924165 0.857097 -9.512378
0.000002 1.884651 -10.667770
0.819548 0.374947 -8.372701
0.000004 0.593937 -8.964763
0.726226 0.009334 -7.735099
0.000002 0.186623 -8.090144
-1.510105 11.162063 -15.478345
-2.697793 11.603335 -15.384363
-1.455944 10.367868 -14.929785
-2.949922 10.823468 -14.977510
-1.416978 8.812305 -14.537752
-1.299678 5.849843 -13.348085
-2.706747 7.346684 -13.759164
-1.141095 2.973484 -11.733636
-2.431614 4.400927 -12.374845
-0.924157 0.857097 -9.512375
-2.053958 1.884652 -10.460551
-0.819544 0.374947 -8.372696
-1.731316 0.593937 -8.789321
-0.795397 0.009334 -7.742813
-1.569164 0.186623 -7.935593
-3.594566 11.502036 -15.189824
-4.473214 11.156937 -14.888806
-4.311699 10.367868 -14.361740
-5.786334 10.823468 -14.117093
-4.196656 8.812305 -13.984840
-3.849099 5.849843 -12.840974
-5.309524 7.346684 -12.969623
-3.379434 2.973484 -11.287421
-4.769785 4.400926 -11.659998
-2.736965 0.857097 -9.114404
-4.028987 1.884651 -9.826353
-2.427142 0.374947 -8.051943
-3.396101 0.593937 -8.254807
-2.211353 0.009334 -7.461161
-3.078026 0.186623 -7.477885
-6.231473 11.619617 -14.312433
-7.261868 11.162061 -13.733562
-8.576802 11.592281 -12.982492
-7.001761 10.367867 -13.247482
-8.400385 10.823466 -12.717078
-6.815056 8.812306 -12.900266
-6.250600 5.849843 -11.845128
-7.708255 7.346684 -11.676033
-5.487907 2.973484 -10.370721
-6.924657 4.400927 -10.469026
-4.444593 0.857097 -8.368588
-5.849186 1.884651 -8.815076
-3.941464 0.374947 -7.423708
-4.930376 0.593937 -7.429801
-3.614217 0.009334 -6.871732
-4.468604 0.186623 -6.734606
-9.772762 11.162060 -12.055280
-10.926200 11.592282 -11.067070
-9.422751 10.367867 -11.607446
-10.701815 10.823466 -10.827344
-9.171552 8.812305 -11.280571
-8.411893 5.849844 -10.355206
-9.815912 7.346684 -9.889890
-7.385483 2.973484 -9.059296
-8.813416 4.400927 -8.879016
-5.981416 0.857097 -7.340603
-7.444600 1.884651 -7.500179
-5.304321 0.374947 -6.513075
-6.275179 0.593937 -6.326151
-4.878021 0.009334 -6.020467
-5.687453 0.186623 -5.734321
-11.948959 11.162061 -9.938065
-12.902296 11.592284 -8.754747
-11.522404 10.367867 -9.566650
-12.637827 10.823468 -8.573521
-11.215751 8.812305 -9.293206
-10.250952 5.849846 -8.474097
-11.567147 7.346685 -7.815940
-8.999234 2.973484 -7.444399
-10.363480 4.400928 -6.984531
-7.288377 0.857097 -6.033644
-8.753925 1.884651 -5.904766
-6.463332 0.374947 -5.354060
-7.378829 0.593937 -4.981345
-5.954329 0.009334 -4.939923
-6.687738 0.186623 -4.515469
-13.651114 11.162064 -7.446480
-14.309091 11.592284 -6.076397
-13.152528 10.367869 -7.155515
-14.007364 10.823470 -5.932832
-12.790623 8.812305 -6.936956
-11.695083 5.849846 -6.312804
-12.823543 7.346684 -5.377209
-10.267153 2.973484 -5.546823
-11.515285 4.400928 -4.829655
-8.315250 0.857097 -4.496814
-9.726840 1.884651 -4.084561
-7.373962 0.374947 -3.991204
-8.198915 0.593937 -3.447068
-6.801909 0.009334 -3.671431
-7.431015 0.186623 -3.124893
-14.765892 11.162063 -4.593063
-15.147194 11.592284 -3.085184
-14.226016 10.367868 -4.402131
-14.834296 10.823467 -3.019495
-13.835037 8.812305 -4.256181
-12.688788 5.849845 -3.909701
-13.607935 7.346684 -2.766434
-11.140511 2.973483 -3.438350
-12.224560 4.400927 -2.491486
-9.022573 0.857097 -2.789187
-10.325958 1.884651 -2.109538
-8.001215 0.374947 -2.476884
-8.703924 0.593937 -1.782289
-7.388315 0.009335 -2.263546
-7.888725 0.186623 -1.616032
-15.330602 11.162061 -1.567177
-15.437753 11.592284 -0.057522
-14.781589 10.367868 -1.513670
-15.120163 10.823469 -0.057515
-14.387636 8.812306 -1.475689
-13.195898 5.849845 -1.360281
-13.874530 7.346686 -0.059641
-11.585744 2.973483 -1.200014
-12.464052 4.400928 -0.059871
-9.383161 0.857097 -0.976385
-10.528255 1.884651 -0.055579
-8.320985 0.374947 -0.869287
-8.874441 0.593937 -0.050969
-7.691143 0.009335 -0.770178
-8.043272 0.186623 -0.046865
-15.330602 11.162063 1.452646
-15.141122 11.592284 2.954216
-14.781589 10.367869 1.398028
-14.829637 10.823469 2.892253
-14.387634 8.812305 1.358446
-13.195897 5.849844 1.239087
-13.607933 7.346684 2.647158
-11.585742 2.973484 1.082181
-12.224558 4.400927 2.371749
-9.383160 0.857097 0.871938
-10.325957 1.884651 1.998386
-8.320984 0.374947 0.769804
-8.703921 0.593937 1.680348
-7.698808 0.009335 0.751399
-7.888723 0.186624 1.522298
-14.741464 11.162061 4.414451
-14.260602 11.592281 5.850159
-14.213545 10.367867 4.253783
-13.969223 10.823466 5.728666
-13.834721 8.812305 4.138123
-12.688787 5.849844 3.788506
-12.818391 7.346684 5.249929
-11.140509 2.973484 3.320523
-11.515283 4.400928 4.709916
-9.022571 0.857097 2.684747
-9.726838 1.884651 3.973414
-8.001215 0.374947 2.377397
-8.198915 0.593937 3.345134
-7.417156 0.009335 2.167355
-7.431016 0.186624 3.031161
-13.585419 11.162060 7.204398
-12.823857 11.592284 8.518849
-13.099286 10.367867 6.943842
-12.571980 10.823468 8.342714
-12.750146 8.812305 6.756518
-11.694053 5.849845 6.190004
-11.536240 7.346686 7.648662
-10.267152 2.973484 5.428993
-10.363479 4.400928 6.864789
-8.315247 0.857097 4.392375
-8.753922 1.884652 5.793611
-7.373962 0.374947 3.891723
-7.378828 0.593937 4.879409
-6.827776 0.009335 3.570266
-6.687737 0.186624 4.421739
-11.907690 11.162063 9.715289
-10.914135 11.592284 10.858493
-11.481628 10.367870 9.364832
-10.691612 10.823469 10.633949
-11.175583 8.812307 9.113017
-10.249918 5.849845 8.351300
-9.810754 7.346686 9.751169
-8.999230 2.973484 7.326567
-8.813410 4.400928 8.753548
-7.288374 0.857097 5.929198
-7.444596 1.884652 7.389027
-6.463329 0.374947 5.254580
-6.275175 0.593937 6.224213
-5.976510 0.009335 4.834071
-5.687451 0.186624 5.640590
-9.772755 11.162063 11.850643
-8.576796 11.592284 12.778421
-9.422746 10.367870 11.423717
-8.400378 10.823468 12.514318
-9.171548 8.812307 11.117056
-8.411888 5.849845 10.189330
-7.708250 7.346685 11.476653
-7.385475 2.973484 8.940322
-6.924652 4.400927 10.303615
-5.981412 0.857097 7.236158
-5.849180 1.884651 8.698351
-5.304315 0.374947 6.413592
-4.930371 0.593937 7.327862
-4.895966 0.009335 5.910378
-4.468600 0.186624 6.640874
-7.261861 11.162061 13.528372
-5.907830 11.592284 14.226659
-7.001755 10.367867 13.041373
-5.786328 10.823467 13.933562
-6.815051 8.812305 12.691617
-6.250596 5.849844 11.633461
-5.309520 7.346684 12.769915
-5.487903 2.973483 10.208243
-4.769783 4.400927 11.455418
-4.444587 0.857097 8.263031
-4.028983 1.884652 9.671268
-3.941459 0.374947 7.324222
-3.396096 0.593937 8.147949
-3.627473 0.009335 6.757958
-3.078023 0.186624 7.384152
-4.471906 11.162061 14.772177
-3.011837 11.592284 15.239240
-4.311695 10.367867 14.243610
-2.949922 10.823468 14.930299
-4.196653 8.812305 13.862854
-3.849098 5.849844 12.630416
-2.706747 7.346684 13.641628
-3.379433 2.973484 11.081599
-2.431614 4.400928 12.190961
-2.736963 0.857097 8.970354
-2.053959 1.884652 10.294772
-2.427137 0.374947 7.951474
-1.731316 0.593937 8.675321
-2.219589 0.009335 7.344364
-1.569162 0.186623 7.863258
-1.510106 11.162061 15.466684
-0.000099 11.592282 15.582852
-1.455945 10.367868 14.916797
-0.000154 10.823466 15.268591
-1.416978 8.812305 14.522003
-1.299680 5.849845 13.243971
0.000048 7.346684 14.012241
-1.141095 2.973484 11.630238
0.000001 4.400927 12.588077
-0.924160 0.857097 9.422601
0.000001 1.884651 10.643388
-0.819544 0.374946 8.358720
0.000001 0.593937 8.980034
-0.726222 0.009335 7.731007
0.000002 0.186623 8.146201
1.509722 11.162061 15.483888
3.011638 11.592283 15.290445
1.455756 10.367867 14.933963
2.949613 10.823468 14.982358
1.417155 8.812305 14.541574
1.299687 5.849844 13.348195
2.706845 7.346684 13.761130
1.141098 2.973484 11.733641
2.431620 4.400927 12.374853
0.924163 0.857097 9.514260
2.053964 1.884652 10.465475
0.819548 0.374946 8.446198
1.731322 0.593937 8.831879
0.795402 0.009335 7.822443
1.569169 0.186623 8.013052
4.471523 11.162061 14.894748
5.907635 11.592282 14.411954
4.311508 10.367867 14.365918
5.786023 10.823466 14.121944
4.196833 8.812305 13.988661
3.849106 5.849843 12.841083
5.309620 7.346683 12.971585
3.379442 2.973484 11.288406
4.769789 4.400926 11.665575
2.736972 0.857097 9.153669
4.028995 1.884651 9.866355
2.427148 0.374947 8.126427
3.396109 0.593937 8.315937
2.211360 0.009335 7.540791
3.078034 0.186624 7.533943
7.261478 11.162059 13.739111
8.576601 11.592281 12.959492
7.001569 10.367867 13.251659
8.400072 10.823465 12.698404
6.815234 8.812305 12.904086
6.250608 5.849844 11.846348
7.708354 7.346684 11.676154
5.487911 2.973484 10.415050
6.924660 4.400928 10.500819
4.444600 0.857097 8.444158
5.849189 1.884652 8.869054
3.941472 0.374947 7.413983
4.930384 0.593937 7.418816
3.614223 0.009335 6.867639
4.468610 0.186624 6.662270
9.772372 11.162060 11.956010
10.915971 11.592283 10.884413
9.422560 10.367867 11.528859
10.691307 10.823468 10.660245
9.171730 8.812305 11.225952
8.411905 5.849844 10.396968
9.810860 7.346684 9.857658
7.385484 2.973484 9.046389
8.813421 4.400927 8.859708
5.981424 0.857097 7.325626
7.444606 1.884652 7.413410
5.304327 0.374947 6.415875
6.275186 0.593937 6.235639
4.878028 0.009335 5.932557
5.687462 0.186624 5.640586
11.907710 11.162060 9.715302
12.835837 11.592282 8.519180
11.481442 10.367867 9.364832
12.571671 10.823466 8.342715
11.175767 8.812305 9.115678
10.249933 5.849844 8.452495
11.536343 7.346686 7.661977
8.999239 2.973484 7.329229
10.363486 4.400927 6.878104
7.288383 0.857097 5.929193
8.753928 1.884651 5.793610
6.463340 0.374947 5.254577
7.378835 0.593937 4.879408
5.954335 0.009335 4.852015
6.687743 0.186624 4.421738
13.585435 11.162060 7.204408
14.262433 11.592283 5.850214
13.099097 10.367867 6.943843
13.968915 10.823468 5.728664
12.750330 8.812307 6.756519
11.694063 5.849845 6.190006
12.818492 7.346686 5.249931
10.267157 2.973484 5.428994
11.515288 4.400927 4.709918
8.315253 0.857097 4.392373
9.726844 1.884651 3.973413
7.373968 0.374947 3.891724
8.198920 0.593937 3.345134
6.801913 0.009335 3.583524
7.431022 0.186624 3.031161
14.741074 11.162061 4.414452
15.140921 11.592282 2.954217
14.213354 10.367867 4.253782
14.829324 10.823467 2.892256
13.834903 8.812305 4.138121
12.688795 5.849845 3.788504
13.608034 7.346684 2.647155
11.140514 2.973484 3.320522
12.224564 4.400927 2.371746
9.022577 0.857097 2.684747
10.325963 1.884651 1.998385
8.001223 0.374947 2.377398
8.703931 0.593937 1.680348
7.388320 0.009335 2.175638
7.888733 0.186623 1.522296
15.330212 11.162061 1.452650
14.781396 10.367867 1.398030
14.387811 8.812305 1.358444
13.195908 5.849844 1.239084
11.585747 2.973484 1.082180
9.383169 0.857097 0.871940
8.320995 0.374947 0.769800
7.691148 0.009335 0.682270
14.653986 9.668076 -0.058451
14.391324 9.668076 -2.917873
13.543602 9.668076 -5.664909
12.210001 9.668075 -8.200647
10.364066 9.668075 -10.446061
8.139223 9.668076 -12.321761
5.606393 9.668076 -13.684077
2.858113 9.668076 -14.517761
-0.000005 9.668076 -14.799258
-2.858123 9.668076 -14.517758
-5.606406 9.668076 -13.684076
-8.139236 9.668075 -12.321760
-10.369518 9.668075 -10.461893
-12.244199 9.668076 -8.299757
-13.554660 9.668076 -5.705072
-14.370294 9.668076 -2.920402
-14.650229 9.668076 -0.058191
-14.368729 9.668076 2.799928
-13.535049 9.668075 5.548208
-12.181219 9.668077 8.081037
-10.359277 9.668077 10.301084
-8.139233 9.668076 12.123030
-5.606401 9.668074 13.498941
-2.858123 9.668075 14.469449
-0.000006 9.668076 14.798889
2.858110 9.668076 14.521698
5.606393 9.668074 13.688016
8.139223 9.668074 12.307795
10.359268 9.668075 10.327478
12.181212 9.668076 8.081038
13.535039 9.668076 5.548208
14.368716 9.668074 2.799927
-5.695334 11.961655 -14.557436
-5.119477 11.958202 -14.518741
-5.420266 11.754363 -14.175336
-4.534404 11.809023 -14.909294
-4.381224 11.540833 -14.448912
-5.416898 11.567155 -14.637025
-4.967106 10.551488 -13.881984
7.353036 0.000004 -0.736303
7.058922 0.000003 -2.214923
7.063152 0.000003 0.824507
6.756178 0.000003 -0.619277
6.509758 0.000004 2.346308
6.209302 0.000003 0.983176
5.711916 0.000004 3.774558
5.436912 0.000003 2.538815
4.697708 0.000004 5.058233
4.463696 0.000004 3.995335
3.503522 0.000004 6.172810
3.322056 0.000004 5.304245
2.172672 0.000004 7.163229
2.050863 0.000004 6.496037
0.694051 0.000004 7.457346
6.463341 0.000003 -2.091470
6.193895 0.000003 -3.545538
5.907887 0.000003 -0.454111
5.616595 0.000003 -1.918533
5.145602 0.000003 1.182386
4.849574 0.000003 -0.247870
4.199416 0.000004 2.765818
3.916198 0.000003 1.415516
3.098607 0.000004 4.245931
2.843517 0.000004 3.020895
1.878395 0.000004 5.586926
1.663938 0.000004 4.519773
0.578669 0.000004 6.788875
0.413972 0.000004 5.878218
-0.866526 0.000004 7.042068
5.344860 0.000003 -3.362663
5.100258 0.000003 -4.739723
4.559917 0.000003 -1.704076
4.286075 0.000003 -3.138745
3.625374 0.000003 -0.008038
3.337124 0.000003 -1.457169
2.567590 0.000004 1.675467
2.281001 0.000003 0.256675
1.417032 0.000004 3.296980
1.147125 0.000004 1.953641
0.207733 0.000004 4.809431
-0.032098 0.000004 3.585231
-1.023784 0.000004 6.168688
-1.222523 0.000004 5.105460
-2.388324 0.000004 6.467736
4.035948 0.000003 -4.504304
3.816581 0.000003 -5.753933
3.061039 0.000003 -2.883655
2.805960 0.000003 -4.239554
1.993784 0.000003 -1.187262
1.715609 0.000003 -2.607727
0.863948 0.000003 0.537130
0.577273 0.000003 -0.904085
-0.296811 0.000004 2.240858
-0.577266 0.000004 0.823805
-1.455652 0.000004 3.876055
-1.715602 0.000004 2.527446
-2.579420 0.000004 5.396301
-2.805954 0.000004 4.159274
-3.816573 0.000004 5.669894
2.579428 0.000003 -5.477520
2.388332 0.000003 -6.551775
1.455658 0.000003 -3.956336
1.222530 0.000003 -5.185741
0.296818 0.000003 -2.321138
0.032105 0.000003 -3.665511
-0.863943 0.000003 -0.617410
-1.147119 0.000003 -2.033921
-1.993777 0.000004 1.106981
-2.280996 0.000003 -0.336956
-3.061033 0.000004 2.803374
-3.337117 0.000003 1.376888
-4.035942 0.000004 4.423084
-4.286069 0.000004 3.058464
-5.100251 0.000004 4.655684
1.023790 0.000003 -6.249908
0.866531 0.000003 -7.105169
-0.207727 0.000003 -4.889713
-0.413967 0.000003 -5.948025
-1.417026 0.000003 -3.377261
-1.663933 0.000003 -4.600055
-2.567584 0.000003 -1.755747
-2.843512 0.000003 -3.101177
-3.625368 0.000003 -0.072244
-3.916193 0.000003 -1.495797
-4.559911 0.000003 1.623794
-4.849569 0.000003 0.167588
-5.344854 0.000004 3.281441
-5.616589 0.000004 1.838251
-6.193890 0.000004 3.461499
-0.578664 0.000002 -6.796786
-0.694046 0.000003 -7.395290
-1.878391 0.000003 -5.656734
-2.050859 0.000003 -6.503949
-3.098603 0.000003 -4.326214
-3.322052 0.000003 -5.385468
-4.199413 0.000003 -2.846099
-4.463693 0.000003 -4.076556
-5.145598 0.000003 -1.262668
-5.436909 0.000003 -2.620035
-5.907881 0.000003 0.373828
-6.209296 0.000003 -1.064398
-6.463337 0.000004 2.010248
-6.756174 0.000003 0.538055
-7.058916 0.000004 2.130413
-2.172667 0.000003 -7.101175
-3.503519 0.000003 -6.235913
-4.697702 0.000003 -5.142275
-5.711913 0.000003 -3.858598
-6.509753 0.000003 -2.430348
-7.063147 0.000004 -0.908549
-7.353032 0.000004 0.651793
2.219500 0.373242 -0.296218
1.184732 0.373243 4.293926
14.755066 11.627811 -2.995444
14.970523 11.627811 -0.074357
2.135555 3.615441 10.268071
13.850990 11.627811 -5.794755
0.111306 0.373243 3.543797
12.546731 11.627811 -8.390053
-0.930065 0.373243 2.707917
10.596423 11.627811 -10.719444
-1.940012 0.373242 1.764444
8.313050 11.627811 -12.589039
-2.871599 0.373242 0.760869
5.728824 11.627809 -13.970337
-3.741705 0.373242 -0.293730
2.924771 11.627808 -14.820938
-4.455396 0.373242 -1.366786
0.008654 11.627811 -15.108150
4.128288 3.615441 9.663585
-2.656109 11.640205 -14.907588
0.112426 0.373242 4.817562
-3.760546 11.538194 -14.647594
5.997916 3.615442 8.713783
-0.956244 0.373243 4.247261
-8.295743 11.627811 -12.589037
-5.983997 11.659450 -13.898088
-1.962745 0.373243 3.564273
-10.570668 11.627811 -10.734486
-2.892473 0.373242 2.739285
-12.484698 11.627809 -8.495900
-3.710150 0.373242 1.815648
-13.846591 11.627808 -5.902471
-4.437453 0.373242 0.802206
-14.657600 11.627811 -3.005093
-4.968642 0.373242 -0.265672
-14.938864 11.627811 -0.073363
7.613152 3.615441 7.292413
-14.651649 11.627813 2.842752
8.934209 3.615440 5.664592
-13.781175 11.627808 5.644184
9.915842 3.615441 3.828079
-12.288150 11.627808 8.205528
10.520329 3.615441 1.835349
-10.459310 11.627809 10.424793
10.512271 10.367867 -10.606324
-8.234832 11.627811 12.270408
12.407327 10.367868 -8.316250
-5.682781 11.627811 13.644058
14.860612 10.367869 -0.058341
-2.886326 11.627811 14.636105
14.612798 10.367868 -2.958658
0.004909 11.627810 15.047873
8.251894 10.367868 -12.492672
2.877433 11.627811 14.718393
13.739552 10.367868 -5.742532
5.681485 11.627809 13.867795
10.581822 3.615441 -2.313651
8.306291 11.627811 12.522330
10.734693 3.615441 -0.237731
10.578148 11.627809 10.521481
9.939146 3.615441 -4.302996
12.437061 11.627808 8.231033
9.012523 3.615441 -6.147409
13.818362 11.627811 5.646804
7.626200 3.615441 -7.803040
14.668958 11.627809 2.842754
13.604228 8.536282 -2.857143
13.801720 8.536281 -0.175268
12.773955 8.536282 -5.427172
11.576855 8.536282 -7.809969
9.785872 8.536282 -9.948872
7.689422 8.536281 -11.665390
5.316840 8.536279 -12.933565
2.742436 8.536280 -13.714505
0.065147 8.536281 -13.978198
-2.700393 8.844626 -13.877036
-7.559132 8.536281 -11.665389
-5.220266 8.853352 -13.112645
-9.647786 8.536281 -9.962744
-11.405304 8.536279 -7.907610
-12.655575 8.536280 -5.526540
-13.399986 8.536282 -2.866040
-13.658191 8.536282 -0.174350
-13.394496 8.536282 2.502940
-12.593140 8.536279 5.074593
-11.209841 8.536279 7.423119
-9.532203 8.536280 9.454311
-7.494910 8.536283 11.146944
-5.156252 8.536282 12.404253
-2.589857 8.536285 13.317001
0.061200 8.536282 13.705952
2.692525 8.536281 13.397148
5.266925 8.536280 12.616216
7.682296 8.536282 11.389166
9.769016 8.536281 9.552901
11.475682 8.536280 7.449927
12.743854 8.536281 5.077341
13.524786 8.536280 2.502940
6.003432 3.615441 -9.131722
4.166923 3.615440 -10.113358
5.230411 0.373243 -0.266578
2.174194 3.615440 -10.717850
0.101823 3.615441 -10.921958
4.687127 0.373242 -1.342287
-1.970544 3.615441 -10.717850
4.025315 0.373242 -2.369064
-3.963277 3.615441 -10.113364
3.168192 0.373242 -3.331411
-5.799789 3.615440 -9.131719
2.220981 0.373241 -4.161147
-7.416522 3.615441 -7.813776
1.190770 0.373241 -4.847987
-8.776938 3.615441 -6.222992
0.118476 0.373241 -5.373369
-9.744720 3.615441 -4.379918
-10.320936 3.615441 -2.320541
4.701323 0.373243 0.797765
-10.520798 3.615441 -0.237024
3.979254 0.373242 -0.284168
3.168775 0.373242 -1.344103
2.208333 0.373242 -2.374018
1.191494 0.373241 -3.309862
0.120546 0.373241 -4.141593
-0.952784 0.373240 -4.847846
-10.316685 3.615441 1.835346
4.009695 0.373242 1.815228
-9.696391 3.615441 3.825949
3.143748 0.373242 0.761973
-8.625641 3.615440 5.643841
1.190645 0.373242 -1.358796
0.139076 0.373241 -2.365846
-0.937702 0.373241 -3.307563
-1.977164 0.373241 -4.159786
-7.327055 3.615441 7.216095
3.176970 0.373243 2.759105
-5.750076 3.615442 8.526287
2.203737 0.373242 1.770194
1.202323 0.373242 0.749406
0.141639 0.373243 -0.310168
-0.908067 0.373242 -1.352759
-1.954083 0.373242 -2.368802
-2.923083 0.373242 -3.331336
-3.939826 3.615442 9.499516
2.226271 0.373243 3.626264
-1.953294 3.615442 10.206033
1.181768 0.373243 2.733060
0.139205 0.373242 1.781042
-0.917283 0.373243 0.755837
-1.929099 0.373242 -0.290930
-2.908329 0.373242 -1.349938
-3.770842 0.373242 -2.391415
0.098769 3.615441 10.507101
5.683975 10.367870 -13.870848
2.897622 10.367868 -14.716078
-0.000093 10.367869 -15.001479
-2.897808 10.367870 -14.716080
-5.684166 10.367868 -13.870845
-8.252087 10.367867 -12.492672
-10.513081 10.367867 -10.622032
-12.414346 10.367869 -8.418684
-13.751552 10.367870 -5.806783
-14.571004 10.367868 -2.963709
-14.853282 10.367870 -0.057822
-14.567883 10.367869 2.839893
-13.722655 10.367867 5.626249
-12.350068 10.367869 8.194167
-10.502882 10.367871 10.444969
-8.252081 10.367868 12.292157
-5.684160 10.367867 13.686732
-6.939107 0.000004 1.339253
-2.897807 10.367868 14.668225
-0.000094 10.367868 15.001366
2.897618 10.367868 14.720256
5.683975 10.367867 13.875026
8.251895 10.367867 12.476157
10.502696 10.367868 10.471255
12.349879 10.367867 8.194170
13.722466 10.367868 5.626249
14.567693 10.367867 2.839893
-4.997588 11.630996 -14.272343
6.939110 0.000003 -1.421296
6.512213 0.000003 0.184444
5.850011 0.000003 1.770205
4.973606 0.000004 3.282645
3.911681 0.000004 4.671122
2.700043 0.000004 5.908090
1.380278 0.000004 7.026365
5.930375 0.000003 -2.740650
5.255384 0.000003 -1.085502
4.402175 0.000003 0.587943
3.395394 0.000004 2.228588
2.264915 0.000004 3.786578
1.045364 0.000004 5.217860
-0.225053 0.000004 6.489928
4.711736 0.000003 -3.952287
3.826722 0.000003 -2.305053
2.820732 0.000003 -0.601218
1.721832 0.000003 1.110349
0.561082 0.000004 2.780589
-0.628079 0.000004 4.362032
-1.810811 0.000004 5.809399
3.323258 0.000003 -5.014214
2.268730 0.000003 -3.435533
1.150492 0.000003 -1.761968
0.000003 0.000003 -0.040140
-1.150484 0.000004 1.681688
-2.268724 0.000004 3.355251
-3.323251 0.000004 4.932995
1.810818 0.000003 -5.890619
0.628085 0.000003 -4.442313
-0.561075 0.000003 -2.860869
-1.721826 0.000003 -1.190629
-2.820726 0.000003 0.520937
-3.826715 0.000004 2.224772
-4.711731 0.000004 3.871067
0.225058 0.000003 -6.552821
-1.045359 0.000003 -5.295523
-2.264910 0.000003 -3.866860
-3.395390 0.000003 -2.308868
-4.402171 0.000003 -0.668224
-5.255379 0.000003 1.005219
-5.930371 0.000004 2.659428
-1.380273 0.000003 -6.980129
-2.700039 0.000003 -5.970984
-3.911676 0.000003 -4.752345
-4.973604 0.000003 -3.363866
-5.850007 0.000003 -1.851425
-6.512209 0.000003 -0.265666
8.200689 0.374947 -1.680962
7.732254 0.009335 -0.078668
7.606654 0.016592 -1.557200
14.265439 11.162059 -5.953668
12.250558 5.849845 -5.134944
13.357513 8.812305 -5.591288
10.755753 2.973484 -4.514092
8.710963 0.857097 -3.660422
7.724881 0.374947 -3.249493
7.156951 0.009334 -2.970910
12.920941 11.162059 -8.628309
11.025214 5.849846 -7.427407
12.022508 8.812305 -8.090946
9.679922 2.973484 -6.526829
7.839661 0.857097 -5.290516
6.952209 0.374947 -4.695062
6.433137 0.009334 -4.310681
10.911375 11.162059 -11.028812
9.376170 5.849845 -9.447935
10.223334 8.812305 -10.293913
8.232096 2.973484 -8.291296
6.667082 0.857097 -6.719305
5.912368 0.374947 -5.962111
5.462573 0.009334 -5.486398
8.558235 11.162060 -12.956387
7.366808 5.849844 -11.164272
8.032252 8.812306 -12.159727
6.467917 2.973484 -9.751431
5.238292 0.857097 -7.892156
4.645319 0.374947 -7.001953
4.282385 0.009335 -6.452991
5.894956 11.162062 -14.380080
15.234276 12.005830 -3.076896
5.074348 5.849843 -12.402458
5.532740 8.812306 -13.507027
4.455182 2.973484 -10.891329
3.608200 0.857097 -8.774474
3.199752 0.374947 -7.774869
2.937730 0.009334 -7.173445
3.005132 11.162061 -15.256697
14.301814 12.005830 -5.969487
2.586882 5.849843 -13.157306
2.820611 8.812308 -14.329744
2.271232 2.973484 -11.565891
1.839447 0.857097 -9.367374
1.631220 0.374947 -8.252153
1.480090 0.009334 -7.620203
-0.000191 11.162062 -15.552698
12.951723 12.005830 -8.650775
0.000004 5.849843 -13.412090
0.000090 8.812307 -14.607538
0.000001 2.973484 -11.789831
0.000004 0.857097 -9.557888
0.000003 0.374947 -8.413058
-0.034701 0.009334 -7.776218
-3.014173 11.167789 -15.265399
10.939425 12.005830 -11.055625
-2.586874 5.849843 -13.157306
-2.820432 8.812306 -14.329738
-2.271228 2.973484 -11.565887
-1.839439 0.857097 -9.367370
-1.631218 0.374947 -8.252148
-1.513055 0.016592 -7.650796
8.580669 12.005830 -12.987082
-5.894514 11.169872 -14.391653
-5.074344 5.849842 -12.402461
-5.532561 8.812306 -13.507024
-4.455174 2.973484 -10.891335
-3.608195 0.857097 -8.774477
-3.199747 0.374947 -7.774866
-2.926942 0.009334 -7.200916
-8.558626 11.162059 -12.956387
5.910466 12.005830 -14.414336
-7.366805 5.849844 -11.164276
-8.032075 8.812305 -12.159726
-6.467915 2.973484 -9.751429
-5.238289 0.857097 -7.892157
-4.645315 0.374947 -7.001949
-4.266728 0.009334 -6.477090
-10.903223 11.162060 -11.044440
3.013128 12.005829 -15.293233
-9.376422 5.849845 -9.448339
-10.232957 8.812305 -10.309499
-8.232093 2.973484 -8.291295
-6.667078 0.857097 -6.719305
-5.912365 0.374947 -5.962106
-5.442440 0.009334 -5.506525
-12.876184 11.162063 -8.738097
-0.000002 12.005830 -15.589999
-11.026749 5.849846 -7.429809
-12.081213 8.812305 -8.184692
-9.679917 2.973484 -6.526834
-7.839655 0.857097 -5.290515
-6.952204 0.374947 -4.695053
-6.409036 0.009334 -4.326334
-14.279201 11.162064 -6.064404
-2.723056 11.970871 -15.381303
-12.250810 5.849845 -5.135347
-13.367418 8.812305 -5.608088
-10.755750 2.973484 -4.514087
-8.710958 0.857097 -3.660414
-7.724876 0.374947 -3.249488
-7.129488 0.009334 -2.981679
-15.115068 11.162061 -3.078604
-3.771014 11.775847 -15.140941
-13.005118 5.849844 -2.647476
-14.179701 8.812306 -2.879344
-11.418242 2.973483 -2.330146
-9.247504 0.857097 -1.891666
-8.200684 0.374947 -1.680961
-7.576247 0.009335 -1.524042
-15.404958 11.162063 -0.057266
-6.213474 11.994788 -14.322502
-13.259901 5.849845 -0.060599
-14.457419 8.812306 -0.058623
-11.641937 2.973484 -0.058917
-9.428671 0.857097 -0.052224
-8.361343 0.374947 -0.049739
-7.732248 0.009335 -0.009262
-15.108961 11.162063 2.948054
-8.580680 12.005829 -12.987080
-13.005115 5.849844 2.526285
-14.179622 8.812305 2.761900
-11.418240 2.973484 2.212316
-9.247503 0.857097 1.787222
-8.200683 0.374947 1.581473
-7.606649 0.016592 1.468916
-14.232240 11.162059 5.837884
-10.930980 12.005830 -11.070690
-12.250552 5.849845 5.013746
-13.356906 8.812306 5.474025
-10.755748 2.973484 4.396262
-8.710955 0.857097 3.555978
-7.724876 0.374947 3.150005
-7.156946 0.009335 2.882979
-12.808176 11.162062 8.501147
-12.906940 12.005830 -8.756787
-11.025203 5.849845 7.306211
-12.020887 8.812306 7.973537
-9.679916 2.973484 6.409000
-7.839651 0.857097 5.186071
-6.952203 0.374947 4.595574
-6.433133 0.009335 4.222776
-10.892902 11.162062 10.835547
-14.314757 12.005829 -6.077374
-9.376160 5.849845 9.315572
-10.222910 8.812308 10.164382
-8.232087 2.973484 8.173179
-6.667074 0.857097 6.614860
-5.912360 0.374947 5.862624
-5.462568 0.009335 5.398491
-8.558618 11.162062 12.751333
-15.154002 12.005830 -3.086561
-7.366801 5.849844 10.964613
-8.032070 8.812307 11.962360
-6.467909 2.973483 9.621007
-5.238283 0.857097 7.787434
-4.645310 0.374947 6.902464
-4.282376 0.009335 6.365084
-5.895338 11.162060 14.196928
-15.444810 12.005830 -0.057791
-15.148041 12.005830 2.955343
-5.532557 8.812305 13.320042
-4.455172 2.973484 10.696838
-3.608190 0.857097 8.658739
-3.199742 0.374947 7.675135
-2.937723 0.009335 7.085538
-3.005514 11.162062 15.210100
-14.264726 12.005830 5.852501
-2.586876 5.849845 12.974466
-2.820430 8.812305 14.277646
-2.271227 2.973484 11.385181
-1.839442 0.857097 9.218199
-1.631214 0.374947 8.172810
-1.480086 0.009335 7.553249
-0.000191 11.162061 15.553943
-12.815036 12.005832 8.521523
0.000003 5.849845 13.386142
0.000088 8.812305 14.606467
0.000001 2.973483 11.763985
0.000002 0.857097 9.536856
0.000001 0.374946 8.464687
0.034706 0.009335 7.834965
3.005128 11.162061 15.262245
-10.914356 12.005830 10.861173
2.586884 5.849844 13.157413
2.820608 8.812305 14.333562
2.271234 2.973484 11.566138
1.839446 0.857097 9.378602
1.631222 0.374946 8.325896
1.513061 0.016592 7.730288
5.894956 11.162059 14.385628
-8.578917 12.005830 12.781655
5.074348 5.849843 12.402847
5.532739 8.812305 13.510846
4.455182 2.973484 10.903644
3.608203 0.857097 8.841507
3.199755 0.374947 7.828789
2.926949 0.009335 7.259663
8.558236 11.162057 12.935730
-5.909644 12.005830 14.229326
7.366816 5.849844 11.176186
8.032252 8.812305 12.148936
6.467915 2.973484 9.802629
5.238297 0.857097 7.944554
4.645322 0.374947 6.927761
4.266734 0.009335 6.410134
10.892619 11.162061 10.861890
-3.012528 12.005830 15.240152
9.376176 5.849844 9.493977
10.223093 8.812306 10.194933
8.232097 2.973484 8.203024
6.667085 0.857097 6.637222
5.912372 0.374947 5.863192
5.442449 0.009335 5.418615
12.808395 11.162057 8.501167
-0.000114 12.005830 15.585312
11.025214 5.849844 7.331511
12.021072 8.812306 7.974204
9.679921 2.973484 6.409666
7.839658 0.857097 5.186068
6.952211 0.374947 4.595573
6.409039 0.009335 4.238427
14.231955 11.162061 5.837885
3.011762 12.005830 15.291348
-5.074340 5.849844 12.190514
13.357089 8.812307 5.474026
10.755753 2.973484 4.396263
8.710960 0.857097 3.555976
7.724882 0.374947 3.150007
7.129494 0.009335 2.893772
15.108569 11.162060 2.948058
5.909102 12.005830 14.412453
13.005127 5.849844 2.526281
14.179800 8.812305 2.761897
11.418244 2.973484 2.212314
9.247511 0.857097 1.787223
8.200694 0.374947 1.581472
7.576252 0.009335 1.436133
-5.285181 11.894601 -14.681625
8.580476 12.005830 12.961566
10.921124 12.005830 10.888728
12.841882 12.005831 8.522885
14.269135 12.005830 5.852681
15.459174 12.005830 -0.058785
5.917322 0.502735 -0.257257
5.727514 0.446082 -1.343332
5.695595 0.446082 0.826512
5.377716 0.446082 -2.410750
4.876448 0.446082 -3.401147
4.129876 0.446082 -4.291197
3.257389 0.446081 -5.006938
2.271040 0.446081 -5.537601
1.201941 0.446081 -5.866985
0.117849 0.502734 -6.083860
-0.965690 0.446081 -5.866989
5.366092 0.446082 1.895420
-2.034768 0.446081 -5.537602
4.835281 0.446081 2.881452
15.148033 12.005830 2.955342
-3.020973 0.446081 -5.006902
4.123422 0.446082 3.756501
-3.890271 0.446082 -4.296811
3.254760 0.446082 4.521656
-4.623056 0.446082 -3.441235
2.250780 0.446082 5.035194
-5.146420 0.446082 -2.451590
1.181647 0.446082 5.364530
-5.460714 0.446082 -1.346914
-0.956875 0.446082 5.332008
0.115978 0.502735 5.600780
-2.022627 0.446082 4.948175
-2.994638 0.446082 4.422039
-3.842722 0.446082 3.716118
-4.542404 0.446081 2.870670
-5.120670 0.446082 1.894511
-5.458448 0.446082 0.826664
-5.675233 0.502735 -0.256795
15.419302 11.162062 -0.058284
15.196938 11.162062 -3.068704
14.457787 8.812305 -0.058635
13.259911 5.849844 -0.060598
13.005124 5.849844 -2.647477
14.180933 8.812305 -2.879221
11.641940 2.973484 -0.058916
11.418247 2.973484 -2.330144
9.428679 0.857097 -0.052221
9.247509 0.857097 -1.891667
8.361353 0.374947 -0.049745
12.250561 5.849845 5.013749
