34.3214 -15.1641 -18.4849
34.7408 -16.9537 -18.1357
32.9945 -15.3897 -19.4462
43.8700 -17.5220 -6.0213
43.4460 -17.8445 -7.3904
44.3732 -17.3971 -8.3981
44.7676 -17.0387 -8.0387
48.0858 -15.4986 -2.8311
47.4418 -16.7928 -2.6454
48.6404 -15.7545 -4.2098
34.3133 -15.9633 4.3432
34.4799 -15.5640 1.0301
34.8292 -16.4180 1.6114
33.0990 -13.8992 3.8712
28.3257 -14.4822 -14.4306
28.0245 -13.6071 -13.3631
26.2525 -13.6617 -14.7961
45.8795 -17.1446 -6.9900
45.8349 -17.3703 -8.4797
26.3148 -7.4116 -5.7154
25.7791 -8.7881 -8.6627
27.1703 -10.1128 -8.7017
26.0745 -12.4232 -13.7011
25.1394 -13.5888 -16.3568
45.0593 -16.9697 -7.1013
31.9634 -17.4392 -18.7104
33.9609 -17.5967 -18.0318
31.8887 -15.8067 -19.7517
31.5199 -16.8352 -19.3199
29.7863 -10.8478 -5.3612
29.1745 -10.5308 -7.3013
29.9618 -11.5607 -6.8578
46.3762 -17.7689 -3.1161
46.7488 -17.3318 -6.4785
47.7429 -17.1571 -5.5197
24.1828 -5.8951 -6.5717
24.2043 -6.7023 -8.2375
44.5430 -17.4241 -5.3048
29.9326 -16.6443 -20.0417
24.8254 -11.5457 -13.6538
23.9824 -12.5066 -15.5366
28.2454 -17.4761 -19.9106
29.6537 -17.6000 -18.4926
22.7177 -11.1542 -14.5727
21.4427 -11.5189 -15.6223
28.5455 -10.7662 -8.2188
27.1196 -17.2339 -21.4314
48.3889 -16.6206 -4.7754
48.8118 -15.5952 -5.9089
48.7136 -14.7267 -4.4019
27.7218 -9.7318 -7.6333
31.0906 -13.9183 -20.4440
36.5419 -17.8298 -9.2002
36.4509 -17.7336 -4.7065
35.3776 -17.5295 -11.6202
22.9884 -5.6742 -8.8340
32.5139 -17.0367 -15.5230
30.6876 -17.1709 -15.8348
32.3798 -17.5910 -16.6581
48.5109 -15.7528 -7.2884
48.5516 -14.5056 -5.7444
31.2660 -16.3504 -14.5490
47.6525 -13.5467 -7.1046
28.4997 -9.7459 -6.1194
33.5133 -16.8776 -13.9672
40.3316 -17.8339 -12.2128
39.7128 -17.8247 -8.8945
27.5402 -8.1369 -3.7132
47.9871 -13.7569 -5.4733
29.3914 -16.1912 -15.6375
30.3735 -15.6320 -14.7541
27.8264 -12.4507 -11.9270
32.9460 -16.3585 -12.0373
30.6275 -15.0321 -13.1035
46.5405 -13.6475 -9.1998
46.9146 -11.5636 -6.9216
23.4832 -4.0160 -4.2114
26.3254 -6.2415 -2.4004
31.8419 -12.1919 0.1809
31.5515 -12.4075 -4.6064
32.9741 -14.4035 -4.3840
23.1719 -17.2819 -24.4817
21.5123 -17.2390 -25.4714
22.8648 -16.7071 -25.4535
26.8721 -11.2138 -10.7626
25.4749 -10.4521 -11.7342
29.9432 -14.6567 -14.0203
26.8122 -14.5850 -16.0449
27.3848 -15.4814 -17.0037
23.3173 -4.8291 -6.4905
16.0820 -17.2631 -26.9286
18.1935 -17.5168 -24.7292
19.8460 -16.9586 -26.3569
33.3601 -13.9215 1.0803
22.4985 -9.7620 -13.6180
23.7721 -9.3911 -12.6737
30.3610 -10.6265 -1.9493
35.7892 -15.2819 -17.1643
24.4406 -8.9044 -11.5880
35.6908 -13.8323 -17.4491
20.3954 -15.7325 -26.5454
20.9544 -4.5396 -9.1643
21.1666 -6.4719 -11.2352
23.0082 -6.2458 -9.9572
21.7017 -3.9823 -7.5287
22.4503 -12.4607 -16.4260
21.0446 -12.2675 -17.2134
25.3817 -17.0964 -22.1228
25.0863 -16.9698 -23.5007
20.1200 -11.1617 -16.9186
30.9280 -11.2766 1.1354
23.9090 -15.9207 -21.4793
23.9415 -16.9397 -23.2439
24.9636 -16.8447 -21.4702
19.0065 -4.2130 -9.7683
19.6549 -6.9235 -12.7495
16.0933 -3.5249 -11.9175
16.9074 -5.4130 -13.6151
31.9382 -12.0850 4.3105
16.5293 -2.6104 -9.3500
35.3426 -17.3173 -8.7068
34.1846 -13.0721 -18.3088
20.4377 -9.6115 -14.8137
31.4552 -12.4961 -19.8407
26.2147 -17.4590 -20.3678
35.4682 -17.0802 -3.7495
27.7765 -17.3047 -18.6690
29.7575 -10.0832 -0.0668
18.8006 -9.8907 -16.2814
18.6105 -10.5498 -17.7542
33.9253 -16.2028 -8.1509
36.7967 -13.0290 -16.1751
26.4124 -16.5645 -19.0414
25.5531 -17.0953 -20.0741
20.9031 -2.1671 -4.3994
18.8681 -1.6466 -5.5076
37.4727 -11.8136 -14.8560
33.7875 -11.6771 -17.5010
22.7529 -16.2449 -21.9662
24.9579 -16.1963 -20.4269
28.5608 -8.8673 -2.4039
25.5276 -15.3344 -18.8861
16.3829 -1.6523 -7.2724
23.9413 -14.5304 -19.3337
22.5486 -9.0648 -13.3369
45.3014 -16.8249 -11.0298
45.1818 -17.4605 -10.0272
42.7356 -17.6609 -11.8236
34.2611 -16.7201 -9.4044
34.6146 -16.6769 -9.8972
34.7926 -17.0111 -11.4321
31.9255 -15.3483 -10.7481
39.2996 -18.1342 1.8724
43.9054 -18.0496 -2.9839
43.9145 -18.1319 0.0952
29.3513 -14.7249 -21.3836
20.1995 -17.3666 -22.7108
20.4254 -16.9053 -22.1373
17.2627 -17.1682 -22.2980
15.5732 -17.5150 -23.7146
15.1321 -17.3482 -23.2923
27.7900 -12.3955 -22.2268
27.0498 -13.9796 -23.1725
30.4726 -7.4262 -16.0968
29.8798 -3.1835 -16.2051
31.8929 -4.8745 -13.3770
18.2351 -15.9024 -21.4310
20.7820 -15.6474 -21.2363
30.1343 -11.4756 -20.0965
28.1119 -10.8347 -21.0827
13.9984 -15.4261 -21.9790
30.8257 -0.8307 -13.9833
36.8171 -17.7351 0.0155
18.6399 -14.2294 -20.6252
26.8974 -10.3408 -21.9271
28.8799 -7.9302 -20.2540
16.4122 -13.8312 -20.6121
31.5149 -13.2998 -7.1234
43.2528 -17.9927 -4.6639
31.0343 -10.8117 -18.4474
23.0063 -17.0398 -23.0447
44.2074 -17.6301 -3.7131
45.4554 -17.6230 -4.3557
47.0295 -17.4783 -2.6403
30.1443 -12.9269 -9.2366
30.4773 -10.3541 -18.8037
34.0721 -10.1097 -14.9148
30.1703 -9.1678 -19.1241
29.7202 -8.8092 -19.5432
45.8157 -17.9408 -0.0903
39.9320 -14.4067 -14.4923
39.8083 -12.6138 -13.9268
41.3169 -13.8310 -13.5782
38.6144 -8.0798 -9.3649
39.1319 -9.9419 -11.9518
36.4458 -10.0849 -13.3311
46.4755 -17.5919 -0.3688
24.9255 -16.7021 -24.1717
37.7318 -15.0131 -15.2772
38.1588 -12.9729 -15.1110
24.6618 -15.7546 -24.6380
43.7459 -18.0018 2.1391
37.6835 -7.1322 -8.3734
36.2413 -8.6701 -10.9583
25.4584 -11.8755 -23.7066
40.2943 -10.5615 -11.9964
46.1240 -17.3623 0.6413
29.5009 -4.4784 -17.3501
29.2437 -4.2036 -18.8710
29.0385 -0.0816 -16.9874
28.9068 -1.9658 -19.7629
28.8571 0.2157 -18.8410
47.5605 -14.3253 -1.7265
48.2901 -14.2276 -3.8992
28.5682 1.9653 -17.5221
47.8545 -13.2316 -4.1702
34.3904 -8.0923 -11.1922
33.0704 -9.3450 -13.9897
35.3520 -7.7901 -10.4708
29.4976 -13.9931 -12.0870
47.9967 -13.0444 -3.4195
47.6701 -12.1809 -5.3107
29.3609 -14.1158 -13.2744
27.8139 -7.6831 -21.4740
25.5922 -9.8850 -23.2999
47.5432 -11.1379 -4.3827
46.9831 -16.6277 -0.7015
32.7249 -8.7181 -13.4360
29.6663 2.2307 -14.2102
33.1333 -7.5926 -12.3407
46.3145 -16.3432 0.3899
46.5979 -15.9361 -0.3221
45.9862 -9.8470 -6.0497
47.0615 -15.5264 -0.3897
35.1891 -6.2531 -10.3771
35.0990 -7.2488 -10.2553
47.5459 -15.7502 -1.0714
45.1108 -11.3428 -8.0071
44.5983 -12.5165 -9.9065
44.3347 -12.2807 -8.9860
45.4938 -15.3704 0.8245
45.9011 -15.6252 0.1316
45.3658 -14.9426 -0.1346
33.0978 -2.4397 -11.4935
45.4103 -14.3986 0.4718
43.4429 -11.8054 -8.4078
44.1970 -11.8784 -7.9047
43.7359 -12.3994 -8.7824
46.2079 -14.8773 -0.2487
45.5327 -14.3845 -0.0483
46.4525 -14.1698 -0.1284
44.8588 -10.7565 -7.2904
43.6702 -10.8032 -7.5000
42.3042 -18.1071 4.5394
43.1990 -17.1806 3.8122
45.7291 -13.4279 0.2156
45.3469 -14.6920 1.3311
36.4962 -6.8668 -8.8825
46.2853 -12.1630 -0.8677
47.2815 -14.4531 -0.7280
45.7848 -12.1620 -8.8636
25.1044 -8.7910 -24.2893
26.4685 -6.8756 -23.4647
28.0386 -4.8440 -21.5807
45.5269 -10.3395 -7.0756
37.3144 -6.1143 -8.2263
43.5558 -12.9427 -10.7124
42.9034 -12.4623 -9.9166
44.9414 -13.1310 1.4991
44.2369 -13.2834 1.9462
42.2108 -11.8940 -9.1439
36.8889 -5.0390 -9.0682
41.9447 -11.3973 -10.3306
35.2087 -2.2715 -10.0914
41.9911 -10.5859 -9.2212
32.1722 1.6120 -11.2702
44.1190 -17.6210 2.2042
42.4808 -11.4284 -8.2787
44.8819 -16.7923 1.8692
31.0347 -9.2657 -16.1862
43.2546 -13.6865 3.2430
42.9210 -11.0471 1.7178
42.9382 -18.0958 6.9484
43.1021 -17.2806 4.9031
42.6390 -10.6083 -7.9096
45.3615 -12.8332 0.8142
42.7564 -18.2624 9.6297
42.2652 -9.4801 -8.7378
44.4116 -9.7825 -7.0076
45.4351 -11.7272 -0.3871
30.1875 -9.0104 -17.5954
43.2999 -16.5748 7.5297
43.2770 -17.5925 9.1924
30.0209 -7.8895 -18.1724
44.4322 -11.4997 0.6545
38.3472 -6.4624 -6.9142
40.0871 -6.0915 -5.2600
40.0842 -6.9322 -6.6146
39.5985 -7.9314 -9.1381
44.3150 -8.8433 -6.3529
28.8085 6.3020 -12.3120
27.8086 5.7466 -14.1524
38.4038 -5.2566 -6.7409
43.3749 -9.6341 -7.3138
44.1620 -11.0286 0.2186
39.2211 -5.2172 -5.5308
43.1695 -15.9773 4.5593
44.1702 -15.5136 2.6791
43.2619 -8.9732 -7.5255
43.8750 -10.2532 0.1188
40.9570 -5.8971 -2.5416
41.3020 -6.9260 -2.9686
40.6238 -5.8401 -4.2291
47.0956 -17.1113 -8.3693
47.2963 -16.5154 -9.1151
28.5879 -17.1224 -17.2389
42.9783 -7.9143 -6.7842
38.1296 -4.0505 -7.4105
45.8833 -15.7077 -10.7160
42.7761 -14.0828 4.6477
47.4862 -15.4749 -8.7588
47.4542 -12.4717 -2.2171
43.4667 -8.3805 -2.5886
41.8441 -8.4136 -0.1230
44.5974 -9.6725 -1.6402
42.3263 -7.7552 -2.7219
41.1296 -6.9099 -4.4728
48.1867 -16.6552 -7.1873
41.4437 -7.1536 -1.3968
46.2606 -10.7013 -1.8925
47.2545 -10.8211 -3.2277
24.4555 -13.7679 -17.8992
28.8329 -4.4959 -19.9936
24.4873 -7.9615 -10.0620
45.6961 -9.2171 -4.3307
23.2756 -12.6915 -17.1837
22.7915 -7.7641 -11.7877
23.4251 -12.9705 -18.0241
28.7694 -11.9071 -9.1800
35.8352 -17.9942 6.2609
33.9846 -17.7320 -17.2575
35.5400 -17.4863 -17.3250
34.6829 -17.4782 -15.1939
36.3615 -17.3110 -16.0946
43.8384 -16.7990 -12.4776
43.1505 -7.7307 -4.4841
45.1018 -8.7978 -5.2143
34.8599 -16.2092 -1.4544
33.7631 -14.9858 -2.2203
36.1020 -17.6367 -15.3997
42.2880 -16.0543 -13.5761
44.2423 -14.7831 -11.7040
23.8127 -6.5607 -9.6542
19.7638 -14.1183 -20.9277
18.9237 -12.6572 -20.3499
17.3715 -12.4577 -20.0058
21.2866 -14.3911 -20.8436
22.1770 -15.3650 -20.9613
22.4923 -14.6299 -20.7452
21.4898 -13.3706 -20.2939
22.4821 -13.5608 -19.7189
20.9668 -8.1491 -13.2753
28.0380 -2.8564 -21.4911
36.5651 -17.7691 -14.2427
37.6268 -17.3553 -15.0609
42.1981 -14.0148 -12.7641
41.6202 -7.2265 -6.0629
42.8531 -13.5083 -12.0116
28.2222 0.0846 -19.9934
20.2543 -13.4722 -20.7909
41.9456 -12.8269 -12.5646
44.6292 -13.4482 -10.7873
18.2089 -7.2510 -14.4281
19.7894 -12.5913 -20.1812
21.1062 -12.4198 -19.2776
19.1072 -11.6292 -19.7807
21.5958 -12.6637 -17.9003
22.3474 -12.6593 -17.8285
20.4667 -12.1592 -18.5329
42.0250 -11.8966 -11.5491
36.0951 -16.9821 -17.0106
35.9356 -17.4111 1.1018
35.9072 -17.8020 2.7663
37.2557 -16.8266 -15.3567
36.6216 -16.1372 -16.0814
38.8272 -17.6656 -14.5963
18.7655 -11.2113 -18.7464
38.9741 -16.0433 -14.8787
39.5755 -17.2691 -14.9393
35.1213 -17.5876 6.6672
22.9638 -12.2452 -25.5885
40.4707 -17.5288 -14.3859
40.8035 -17.0052 -14.5291
41.3010 -10.2190 -10.6870
41.1797 -7.8335 -8.2623
36.2940 -14.8494 -16.2570
33.9120 -15.4445 6.7777
34.1804 -16.5080 7.7807
27.6968 -16.6009 -21.7790
27.0905 -15.5188 -22.9058
40.5930 -4.6312 -3.6253
39.6411 -4.5690 -4.8777
39.4356 -2.8063 -5.4821
37.5525 -2.1540 -8.0969
24.8121 -13.9074 -24.8052
38.2376 -0.1903 -6.8581
37.3553 2.2250 -7.2225
34.2202 2.4664 -9.4235
23.5941 -11.4477 -25.1363
42.3862 -17.2473 -13.0532
42.0033 -16.5694 -13.5483
31.3846 4.6488 -10.5492
44.9274 -17.5103 -9.0594
-28.5635 -13.5636 -24.3918
-27.5201 -15.1821 -25.0655
-30.2690 -14.6989 -23.6814
-26.7876 -13.7501 -25.0694
-30.4408 -17.6270 -12.5116
-31.4133 -18.1834 -12.4895
-28.6757 -18.1413 -14.6415
-36.9460 -17.3449 2.9247
-36.3945 -15.4550 -0.3297
-35.7410 -15.1298 2.5852
-26.9624 -17.4721 -15.6905
-26.9328 -17.9034 -17.1857
-37.4764 -10.5557 -16.7583
-35.7974 -13.1227 -19.1388
-38.9727 -14.1759 -15.3204
-30.8135 -18.3946 -16.0344
-35.7682 -14.4473 -1.8771
-36.6490 -15.9360 -1.0953
-27.1951 -15.9005 -14.2028
-14.9063 -17.5527 -22.6600
-7.3738 -17.7586 -24.6476
-10.0595 -17.5347 -23.1500
-16.0450 -17.7738 -23.2291
-15.5051 -6.3588 -16.3282
-16.7248 -8.7873 -16.9151
-13.1340 -7.1148 -18.1037
-28.3327 -11.3222 -24.5651
-29.1701 -12.3459 -23.7572
-35.2945 -13.5856 -1.4098
-34.8905 -13.2095 -0.1208
-22.8767 -16.6747 -20.1007
-24.2231 -15.9540 -17.6147
-24.8637 -17.1021 -18.6383
-12.8125 -16.3435 -21.7309
-10.7326 -16.0525 -21.7569
-34.5904 -13.3384 -2.2872
-34.1059 -12.2085 -0.9150
-18.7112 -9.3825 -16.2639
-24.8946 -13.9159 -25.3164
-25.0926 -15.5747 -25.5757
-24.9791 -12.0221 -25.6403
-23.3312 -13.6232 -16.3220
-22.3445 -11.8293 -15.6721
-24.6583 -12.8622 -14.2995
-34.3400 -17.7351 -19.0703
-30.8976 -17.7491 -21.7156
-33.1983 -18.2425 -18.7038
-28.3834 -3.5096 -23.0361
-31.5523 -5.8541 -21.3686
-30.6002 -2.4006 -21.1553
-24.0793 -13.0488 -25.3453
-37.2782 -16.5106 -1.7833
-37.2043 -16.7614 -3.1975
-37.0013 -16.0507 -3.2678
-36.6989 -15.3549 -2.2718
-22.6981 -17.6495 -21.5889
-30.5631 0.0461 -20.1786
-35.2925 -4.5995 -17.6436
-26.9424 -10.4818 -25.1066
-35.9753 -14.9486 -3.1469
-25.1375 -15.3194 -15.6410
-20.7092 -15.7563 -20.1921
-39.9893 -11.4342 -13.4366
-30.0279 -18.1470 -19.3730
-23.5637 -10.1109 -25.3777
-22.5330 -12.2387 -24.6662
-34.4797 -13.8409 -3.4625
-34.9654 -15.0913 -4.3088
-28.8940 -17.6712 -23.5473
-29.0786 -18.0146 -22.6063
-35.3596 -13.7741 -2.6922
-28.1860 0.3991 -21.7021
-22.1927 -13.4409 -17.1896
-30.7755 -18.1041 -18.3620
-28.8107 -18.1884 -17.4333
-25.1278 -7.6776 -25.2752
-27.8435 -18.1089 -21.3437
-37.8985 -18.0151 -0.9057
-38.4767 -18.3840 0.0663
-38.0050 -18.0893 -2.8997
-33.0902 -14.8115 -6.1667
-32.9820 -12.7080 -3.7929
-39.9197 -18.4607 -1.9042
-26.2170 -17.9412 -19.0800
-14.3973 -14.7209 -20.0293
-25.9984 -4.4813 -24.5991
-26.4372 -1.7763 -23.5648
-26.4292 -17.6838 -24.5591
-22.4739 -17.6420 -24.9436
-23.0588 -17.9199 -24.4024
-41.6605 -18.4882 -4.9909
-38.4888 -18.4948 -6.7332
-38.9159 -18.2302 -5.3266
-10.0174 -14.9607 -21.2364
-13.2244 -13.1453 -19.4347
-39.5014 -17.7345 -4.6749
-24.4951 -3.0143 -24.5052
-32.2582 -14.3955 -6.5918
-30.2691 -11.9562 -6.6821
-25.1908 0.1149 -23.1253
-29.4052 -10.0934 -6.2367
-22.9543 -1.1946 -23.6340
-22.1419 -2.6948 -23.8062
-43.5242 -18.3644 -4.7732
-43.3735 -18.2029 -7.5398
-42.9884 -18.5842 -6.6454
-39.0659 -18.5539 -8.0513
-32.2331 -11.6987 -22.1519
-31.1505 -12.4082 -22.5268
-33.7731 -14.2177 -21.0050
-31.6893 -9.5821 -2.6010
-33.0502 -11.1798 -1.7971
-27.4648 -17.2180 -24.7717
-33.0433 -15.2728 -21.2390
-30.8999 -13.2165 -22.9841
-29.9643 -16.5744 -23.2714
-23.4959 0.4363 -22.9238
-26.0392 -16.5030 -25.4728
-24.4586 -17.1432 -25.2394
-36.5477 -18.4780 -14.4176
-36.5625 -15.1203 -18.3609
-41.9257 -18.3173 -1.9998
-40.4185 -18.0858 -2.1326
-43.2980 -18.6178 -0.8670
-43.2379 -18.0484 -2.8739
-43.7493 -18.0816 -1.7770
-34.4001 -10.8608 -20.3270
-38.6036 -17.3028 -4.0926
-37.9234 -17.3053 -3.7072
-39.1778 -17.9871 -3.2454
-39.9412 -17.5380 -3.3969
-42.0012 -17.9110 -3.7879
-44.1541 -16.0860 -7.0784
-44.1664 -16.7860 -6.3844
-41.7429 -17.8091 -2.8627
-43.2471 -13.6574 -8.3277
-42.7227 -15.2326 -10.0872
-26.0892 1.2164 -22.4016
-23.0414 -17.9822 -22.5558
-44.4309 -17.2454 -3.0943
-43.9820 -17.8242 -3.2741
-33.1602 -18.4342 -12.9294
-29.7101 -10.8415 -23.6625
-29.9354 -11.2215 -23.2225
-44.8943 -15.6794 -2.5880
-44.1871 -13.3197 -5.2383
-39.2875 -18.5936 -12.7284
-17.5945 -17.7745 -25.5404
-11.0773 -17.7335 -27.4723
-13.7338 -17.9306 -26.0790
-28.0279 -7.5160 -24.1434
-10.8003 -17.3389 -27.9923
-16.0117 -16.8193 -26.5020
-18.4460 -17.1497 -22.3616
-18.1747 -17.8897 -23.9568
-22.2580 -10.5614 -13.8258
-25.7893 -12.3964 -12.3962
-20.0672 -17.7162 -24.2561
-19.9822 -17.4425 -25.0189
-44.5495 -13.6083 -2.7684
-34.8012 -18.3481 -9.4392
-30.3879 -15.5052 -10.7488
-41.8300 -18.6457 1.7062
-31.7788 -9.2921 -22.2523
-44.6212 -13.9442 -1.2669
-38.8765 -18.3847 4.7685
-22.6502 -9.5347 -12.5423
-28.2357 -12.9838 -10.8201
-29.7435 -13.1082 -9.3771
-20.8797 -1.0546 -10.0112
-21.2259 -4.3606 -11.7678
-18.9579 -2.3517 -12.5428
-31.4544 -13.7580 -7.5761
-32.3871 -15.5602 -8.6687
-20.7553 -17.6082 -23.1913
-16.9563 -15.5265 -20.6600
-27.2984 -13.6638 -12.4583
-27.4193 -12.8120 -11.8083
-27.1874 -12.4201 -11.1721
-28.2552 -11.7649 -9.9446
-27.2572 -10.8735 -9.5976
-18.9764 -0.2885 -11.0354
-16.4515 0.7293 -11.9669
-31.7580 -7.2892 -21.8483
-20.0668 -16.5930 -21.6547
-29.0210 -11.3029 -8.7640
-44.8689 -13.2192 0.2803
-45.0926 -15.1673 0.7366
-28.0316 -10.5167 -8.6844
-19.0428 -14.6840 -19.9240
-35.1923 -8.1210 -18.9417
-37.1450 -17.9391 4.8667
-37.4601 -18.1734 6.1151
-44.3669 -12.3610 -0.4082
-44.0127 -11.1151 -1.8432
-28.3871 -9.7086 -7.6993
-20.1101 1.1228 -9.1233
-27.0641 -8.9160 -7.9030
-26.1216 -10.6156 -10.6319
-32.5145 -17.2731 -10.4600
-43.2224 -7.7292 -5.1921
-38.1722 -7.3512 -15.3185
-24.9549 -8.2268 -9.8385
-35.1030 -17.2304 -7.2065
-38.6277 -5.0073 -13.7165
-36.8471 -3.6069 -15.5450
-41.2598 -9.9798 -11.1947
-26.6307 -9.4501 -9.2446
-26.3104 -8.4569 -8.4797
-44.2347 -18.2853 -0.2798
-44.4300 -18.5870 2.4505
-42.1577 -18.5951 -9.7065
-22.5474 -7.2085 -11.6549
-42.8733 -17.5961 -9.7538
-40.5437 -18.3770 -12.0959
-40.0928 -16.3275 -13.7946
-43.2017 -9.6721 -6.5198
-16.4240 -15.0815 -26.7380
-18.7149 -16.0271 -25.7944
-41.8253 -16.0205 -11.6998
-44.7311 -18.0183 1.4126
-44.9316 -16.9934 0.2146
-12.0887 -12.6235 -27.8606
-16.8066 -13.0402 -26.3197
-42.3564 -9.4106 -8.8190
-37.3042 -18.0039 -15.8814
-35.5413 0.2864 -14.8516
-37.2344 -16.7513 -16.9121
-45.0059 -18.2033 4.1814
-44.3457 -18.7091 4.3305
-45.1738 -18.3230 5.3532
-45.3619 -17.6083 3.5787
-45.3046 -16.5676 2.9139
-27.0230 -7.6099 -7.0357
-22.5598 -16.8711 -25.1402
-21.8391 -14.7714 -24.5252
-21.2121 -16.9372 -24.9690
-40.2480 -8.0951 -12.6324
-20.8794 -15.5307 -24.6682
-23.6490 -6.8877 -25.2063
-18.9297 -13.4924 -25.3858
-24.1579 -6.1812 -9.6097
-23.5988 -15.4550 -25.2115
-26.3618 -6.0518 -6.5461
-23.6822 -3.8480 -8.6957
-37.4305 -17.4379 -3.1725
-41.4151 -6.5609 -10.1353
-37.2870 -18.0562 -5.9385
-33.1550 0.0469 -17.7100
-19.6927 -12.1484 -24.5714
-36.6181 -17.2845 -5.6990
-26.5196 -4.0801 -5.7769
-26.9912 -4.7358 -4.9926
-27.8543 2.6554 -20.5902
-25.7614 3.8271 -20.7598
-21.1766 -9.6272 -24.2380
-21.9518 -7.2590 -24.5790
-20.6176 -11.5113 -24.1340
-35.2999 -16.5414 -5.6881
-23.9112 2.5680 -22.1496
-36.9714 -16.6039 -4.3329
-19.5431 -6.4380 -13.9171
-18.8053 -7.8983 -15.0220
-43.5068 -7.6257 -3.6030
-23.6274 4.2864 -20.9738
-20.2099 -7.5647 -24.4099
-19.5273 -9.1100 -24.3176
-19.3226 -9.3191 -15.5781
-21.4716 -4.9575 -23.9752
-19.6845 -4.6453 -24.2113
-18.7950 -7.2941 -24.8099
-42.4655 -6.1588 -7.7809
-26.1931 6.1403 -18.3746
-24.5590 5.8433 -19.3593
-25.9469 7.7986 -16.0926
-24.1485 6.4391 -18.3601
-16.8273 -7.7204 -25.6516
-18.2437 -9.4270 -25.1100
-24.3829 7.1755 -16.8778
-21.2727 -14.2670 -18.6514
-41.3175 -2.8571 -7.6726
-38.7868 -1.5195 -11.5156
-16.9285 -13.3953 -19.0964
-28.4850 -15.9569 -24.6348
-14.3569 -3.8739 -16.1453
-15.9304 -1.5204 -14.1445
-36.2523 2.4100 -12.0753
-20.3510 -12.6677 -17.8906
-19.4308 -11.6778 -17.6078
-39.4472 1.3110 -7.9068
-32.2710 3.8794 -15.8428
-23.5958 -2.4240 -7.6590
-25.8068 -3.5809 -6.1272
-15.7371 -11.1415 -18.0111
-16.2077 -12.2264 -18.3164
-14.3762 -11.9647 -18.4133
-21.7268 -0.2778 -7.8620
-12.5868 -11.4504 -18.9716
-13.7351 -11.1471 -18.3787
-20.9070 -2.9201 -23.4970
-30.7648 2.4400 -18.6327
-29.4082 4.3190 -18.0899
-20.5300 -12.1029 -17.0754
-21.3238 -11.6169 -16.0551
-30.1383 5.8891 -15.8024
-17.5004 -11.2490 -17.8746
-33.2006 5.3761 -13.0519
-13.8811 -10.5009 -18.4549
-28.6303 7.5260 -14.9396
-16.5732 -9.7697 -17.5381
-13.8843 -9.2200 -18.3309
1.3311 1.6913 -13.9447
1.1071 0.6003 -14.4139
2.5105 1.5313 -12.7663
2.4488 4.1745 -12.7826
8.8938 -0.3360 -26.9824
6.1588 0.7669 -26.1402
7.9944 1.9384 -26.3745
-8.1987 -8.8023 -28.0225
-11.1747 -5.1820 -26.8678
-0.2929 1.0190 -14.9301
-0.3201 -0.2781 -16.3957
0.6107 -0.3440 -15.7961
0.0526 3.2925 -14.6333
0.5002 6.5279 -14.5289
-1.2819 3.3421 -14.8491
-17.6924 6.2765 -20.1836
-21.2932 6.5338 -18.5214
-17.8664 8.8873 -18.0315
7.7075 -17.4207 -24.9362
2.1867 -17.3943 -25.3749
6.7074 -17.5150 -26.0051
18.6532 6.0933 -23.5423
15.1747 9.1649 -23.1249
18.9568 8.4300 -21.8802
13.7660 7.6717 -24.6192
9.6231 3.0308 -26.9849
12.4105 -1.6974 -27.5151
13.0756 0.7279 -27.1075
1.3114 6.8857 -13.9085
10.9515 4.5804 -26.3754
3.4501 3.0723 -10.7423
-1.4402 -13.6750 -29.1843
-4.7225 -9.5638 -28.4845
-1.3014 -5.4201 -27.9521
6.5534 -17.4614 -27.1388
12.5648 -17.4315 -27.3017
7.0864 5.0260 -25.9110
23.3668 8.0000 -19.3216
23.3775 7.1805 -20.1017
21.6074 8.3192 -20.4096
6.6211 3.6164 -25.5885
19.8476 10.8583 -19.4848
22.6031 8.9202 -18.8415
21.5603 9.7749 -19.4119
7.3946 6.4146 -25.7730
9.9734 -17.1230 -27.6911
-1.0717 6.3379 -14.9715
8.3200 -15.4911 -28.0416
10.8956 -14.9049 -28.5533
-12.5281 5.0901 -22.6090
-9.2219 6.3738 -22.5915
-8.6178 2.4577 -24.8874
-17.9881 0.6273 -23.2871
-12.9870 -1.5189 -25.6256
-18.1290 -1.6205 -24.0339
7.0684 -16.9993 -27.6128
-15.6882 2.7438 -23.0283
2.1164 -17.3299 -28.2726
5.2831 -15.9606 -28.2495
22.8804 9.9368 -18.0954
15.0137 -12.7994 -20.4108
14.0499 -12.7664 -20.3637
22.0871 10.8738 -18.1426
-10.8824 8.6020 -20.5051
7.4535 -14.3553 -28.1336
23.4704 10.7157 -16.8668
19.7076 12.9706 -17.2368
8.7249 -12.3302 -21.8952
9.6729 -13.4325 -22.2278
11.3188 -13.2521 -21.4289
7.1205 -14.5035 -23.2638
15.4254 1.0297 -26.6447
17.1141 -4.8415 -27.2498
14.6459 -4.7368 -27.8537
9.9977 -10.9801 -20.8789
9.9840 -17.0661 -23.9790
7.9756 -17.1103 -24.2680
9.5173 -15.4679 -23.1447
12.0381 -16.4665 -23.2416
16.0165 12.3323 -19.9050
12.3521 10.1860 -23.1160
12.7216 -17.1200 -23.8819
4.5804 -13.5445 -23.0524
6.6507 -13.4809 -22.7792
5.1192 -10.4602 -21.8206
6.8080 -12.5986 -22.5814
20.7196 -3.2911 -25.7394
17.5495 -11.3518 -19.0330
15.8303 -10.8350 -18.6597
8.8981 -9.3306 -20.3778
-5.0699 9.4382 -21.0043
-21.1989 -0.1071 -22.7552
17.2890 -10.4564 -18.2308
1.3608 -4.3579 -27.6309
2.3105 -11.8462 -28.7907
18.5496 1.1003 -25.7132
12.0154 -10.9598 -19.9966
4.6771 -8.9072 -27.9255
13.8326 -9.5973 -18.4772
4.9814 -16.8319 -24.5850
7.1086 -16.3076 -23.9846
14.6443 -8.7782 -17.8092
18.4458 -11.2439 -19.5341
2.4811 -16.7738 -24.4598
-10.8835 -2.8344 -17.1333
11.6301 -9.9869 -20.0128
5.2847 -15.5245 -23.9072
1.5667 -16.0057 -23.5313
4.0929 -15.3215 -23.7204
11.1037 -8.8529 -19.5353
-14.0012 -1.2006 -14.9012
12.6297 -16.2471 -28.3844
8.7064 -6.5662 -18.9695
6.2154 -7.3587 -20.1308
18.2460 3.9253 -24.9117
15.7667 -16.0795 -27.6911
5.1243 -14.7208 -23.8070
19.4608 -7.2770 -26.7301
14.6969 -7.9689 -28.1819
-6.7846 -13.4700 -21.6808
-4.2729 -14.2621 -22.0498
-3.3606 -12.3858 -22.5141
1.0785 -14.4302 -22.8187
1.5590 -12.2798 -22.6343
-1.0126 -12.6255 -22.3612
14.8915 5.1399 -25.4585
16.6503 -9.6106 -17.4478
-2.1673 -11.8557 -22.4984
-7.3865 -5.7968 -19.8582
-6.9576 -1.7207 -17.7538
-6.7962 -15.3157 -22.3255
16.2104 14.0214 -17.6719
11.6569 14.0077 -19.8039
8.6805 -15.7793 -23.6847
-11.2361 -11.0428 -19.7813
-12.7423 -9.9984 -18.6126
-11.9213 10.5130 -18.1560
21.6718 2.5509 -23.8331
-10.3661 -12.9057 -20.5909
-3.7886 11.6877 -18.9890
15.0919 -14.3600 -28.1342
12.1996 -6.5001 -17.5341
11.6720 -7.6550 -18.6772
-8.7718 -0.2939 -16.2140
-4.8388 12.6923 -17.6206
15.7467 -5.9260 -14.7576
-6.1184 -0.7044 -16.1620
-6.4059 0.3522 -14.0410
-6.4494 -0.2180 -15.2799
-7.8329 -12.9968 -21.5148
-6.9188 -0.3660 -16.6059
-6.7191 0.2296 -15.3517
-8.5378 -11.5096 -21.3442
-7.1764 0.5483 -15.7008
-5.5075 -12.2104 -22.2320
12.6384 -14.9660 -28.8239
-12.9898 0.1622 -14.5489
12.7909 -5.1847 -15.9874
13.8265 -11.7778 -28.4801
-8.4256 0.6314 -15.5808
2.6606 0.1195 -26.2906
6.2084 -1.8497 -26.6367
-9.3549 -9.0339 -20.5033
10.5612 -13.2414 -28.7971
-14.5295 -6.0503 -26.1724
11.8937 -11.8935 -28.5751
-4.0022 -10.7174 -22.3750
-6.6738 -11.2277 -22.0826
-3.4967 -17.6177 -28.3823
-4.9332 -17.1533 -28.9660
-2.1236 -10.5990 -22.6113
-7.3198 0.4664 -13.5918
-7.2928 0.7157 -14.7433
-7.6849 0.5224 -13.9201
9.4464 -3.8085 -16.3860
-8.5886 0.8461 -12.3565
-8.9150 1.3782 -13.0289
0.2116 2.6796 -25.5211
-5.7417 -3.7896 -27.3776
4.2287 5.3816 -24.5007
-5.8180 -9.5607 -21.7891
15.2104 -4.1857 -13.5531
-4.6754 -7.4539 -21.2413
-2.3747 -8.4064 -21.7729
-6.7455 -17.8113 -26.5666
-6.7371 -17.5856 -28.5696
-8.6216 1.3708 -14.3706
10.1074 -2.1651 -14.4011
14.3489 -2.4030 -11.9686
-11.7277 1.8051 -13.4936
-8.4384 -16.7540 -28.8735
18.1911 -11.6287 -27.0945
-9.9992 2.2623 -13.5754
7.7880 -3.8443 -17.3862
-8.9155 1.4227 -11.0679
-9.3542 1.1343 -11.0775
-9.5107 0.9630 -11.6903
23.8232 -7.2682 -25.1243
5.7787 5.3169 -24.9377
-9.8162 1.7746 -9.9491
-10.0211 1.5188 -10.9496
-8.4405 2.4154 -11.4249
-7.6034 1.3933 -12.3923
-7.4224 2.1593 -12.5688
-5.6756 1.0596 -13.9770
-4.0182 -4.3591 -19.8083
-12.5488 -8.6480 -18.8031
3.5966 -11.5243 -22.3425
-10.2067 2.3247 -11.4906
-10.2368 2.8064 -11.8926
-11.5625 3.1958 -11.5849
-10.7694 2.2166 -10.5963
1.5671 -9.6167 -22.0294
25.4561 -5.5025 -24.1947
8.0979 -2.3872 -15.7755
-7.7218 6.2325 -12.8923
26.5141 -4.2305 -23.2633
10.4219 -10.1839 -27.8432
13.4772 -1.3047 -11.4006
-0.7297 -9.9241 -22.3100
0.4964 -10.8965 -22.5669
11.4182 -8.9933 -27.7377
13.1297 -8.6394 -28.1931
22.8594 -1.5044 -24.5412
14.8073 -1.6872 -10.2294
-5.1251 -15.7942 -29.3098
-1.5429 -15.6903 -29.2450
-0.0327 -8.4383 -21.9594
1.4874 -7.7180 -21.3000
2.3924 6.1978 -23.9967
-3.2173 4.5662 -24.4878
-6.8512 -13.4012 -28.9714
-8.4095 -15.6794 -29.0127
3.8706 7.8332 -23.7546
13.9987 -0.8724 -8.9911
1.6923 8.1605 -22.6813
-1.1535 -17.3565 -24.0176
12.8875 -0.0053 -7.3729
13.1654 -0.6895 -8.8821
5.4874 7.1204 -25.0337
4.7660 6.9971 -24.3790
8.4894 7.8001 -25.2046
-1.5191 -16.6302 -23.1371
-3.4191 -16.7803 -22.9382
-6.4471 -17.6406 -23.7957
-1.6976 -8.8043 -22.1133
11.4613 -0.6741 -11.9971
-5.5692 -17.1408 -23.3200
12.1108 -0.6320 -11.2640
4.8069 8.9253 -24.3708
8.8907 0.1613 -12.2684
10.2758 -0.4349 -11.8216
11.6474 -0.6963 -10.7468
10.9247 -0.4836 -10.5831
7.9172 -0.2687 -13.3279
5.8373 9.8534 -24.1071
9.4195 0.3410 -11.1448
3.4347 9.4916 -22.2660
-1.0457 -6.7756 -21.1981
4.3135 9.9189 -23.4200
11.4569 0.0442 -9.1862
10.3118 0.2768 -9.8398
-3.8711 -15.3379 -22.1481
9.8533 9.4233 -24.1835
25.8332 0.2849 -22.1092
9.7760 0.9666 -9.8899
6.0877 12.1887 -22.1850
9.7473 1.0955 -8.3046
9.4763 1.6804 -8.8652
8.3970 0.9591 -10.6830
7.9409 2.1318 -9.1895
9.4375 -11.9739 -28.3023
8.4723 -11.7837 -27.7057
26.5809 3.5645 -19.6177
-1.6736 -2.0627 -27.2109
2.9784 -6.1231 -20.0786
-7.6858 -16.4120 -22.6778
8.3438 -9.6265 -26.8305
7.9449 -11.7061 -27.3368
6.9083 -11.9953 -27.5882
28.2658 3.7383 -15.6801
7.1563 -10.0550 -27.1988
9.2252 -9.3370 -27.2139
-0.5513 9.9784 -21.1278
-3.9149 6.5509 -23.2754
25.6903 5.5229 -18.6257
27.5379 2.9373 -18.3405
8.0569 -8.6575 -27.0557
27.3905 4.4963 -17.3492
25.3215 6.8916 -18.0178
-8.1446 -1.0059 -26.4062
-17.0894 3.1596 -9.1630
-15.3035 2.8052 -10.4849
-5.2377 0.1388 -26.1854
24.1153 4.6277 -21.3028
1.4214 11.6458 -18.9008
1.0543 11.6350 -17.2276
2.0708 11.6471 -18.1781
10.2102 -7.3607 -27.4785
3.0818 11.9452 -19.2502
2.0020 11.7296 -19.4699
3.0769 12.2148 -17.6252
9.2343 -7.0670 -27.0321
-13.2055 2.7693 -11.5392
4.1200 11.0861 -21.9008
3.5565 11.1227 -20.7824
1.8581 11.1515 -20.2733
12.0484 -6.3892 -27.6511
7.2600 -7.4859 -27.2429
8.1190 12.6620 -21.8248
5.0016 12.4450 -21.2007
4.4100 12.2582 -19.8387
3.5125 12.6806 -18.0710
-4.9720 -1.4158 -17.7245
-1.9181 -2.3352 -18.4034
5.4155 13.3863 -18.3310
6.6445 13.6219 -20.4377
6.1452 13.6789 -19.4082
-2.0708 -0.6663 -16.9262
-3.1856 -0.2345 -16.2313
-5.1918 -0.6858 -17.0002
-11.8864 -15.4742 -28.2467
25.3655 5.8133 -19.2956
-4.2017 -0.2505 -15.4384
-4.5243 0.3695 -14.8091
23.6614 8.4922 -18.4325
0.2395 -16.5556 -28.8653
25.1026 8.1140 -17.7167
23.4683 9.3006 -17.8063
8.3526 -4.3153 -26.8435
8.2087 -2.8616 -16.5569
11.1391 -4.2280 -27.2640
6.7106 -1.6012 -16.0639
-0.6722 12.0995 -18.8542
6.4976 -0.9994 -14.8880
2.2180 -14.6694 -29.1502
0.7416 11.8717 -19.1080
0.9869 12.0794 -18.2734
0.2123 12.3729 -18.4207
4.6513 0.4754 -13.1734
4.6228 -14.5667 -28.6281
6.8086 1.1496 -11.2798
8.8989 -2.8217 -27.0652
10.6371 7.3687 -25.4733
-4.1953 3.9283 -14.6663
-5.9940 3.3345 -13.9089
-2.5701 3.7673 -15.0137
10.8354 12.8537 -21.3375
-5.3500 5.8333 -14.5368
-7.0683 10.9427 -14.2622
8.4959 14.6328 -18.9493
28.1549 1.6080 -19.3356
3.0556 -4.0960 -18.7980
4.9644 -2.5135 -17.1484
-2.6959 9.2207 -15.4029
26.4149 7.1337 -16.5160
-0.2653 -4.6545 -19.7363
25.6940 9.1263 -14.1007
24.9140 9.5077 -16.1857
24.3160 9.4744 -17.4378
2.9380 -1.2522 -16.2574
3.6999 -0.1251 -14.6510
-0.2491 -1.4945 -17.4003
-22.8762 2.4162 -22.0017
-21.7566 2.1520 -21.6464
-1.1476 0.0902 -15.6304
-21.4674 3.8153 -20.4816
-2.3234 0.4829 -15.2483
-22.6673 4.3060 -20.2520
2.7511 0.6656 -13.1762
3.5012 0.8131 -12.2379
-23.4912 5.3737 -19.8568
4.3935 1.5662 -11.3813
3.5184 1.6688 -11.4037
3.8234 3.1023 -9.1750
6.1597 2.2096 -9.8252
-23.0124 5.8457 -18.7376
4.6975 2.5077 -9.4850
-23.6172 7.5566 -16.6274
-22.8653 9.3185 -15.4733
1.1317 -12.6084 8.9625
-0.6820 -12.8245 9.4863
-1.7578 -9.9517 8.0320
-24.9769 -17.8863 27.5843
-23.3737 -17.8280 26.6192
-21.5307 -17.6989 27.7973
-5.1046 -13.7295 14.7106
-5.7944 -11.9536 13.9734
-8.2765 -13.8280 16.7238
-11.5527 -17.3514 19.8285
-12.6327 -17.7688 19.9668
-12.6792 -17.6515 19.0956
-14.5206 -17.8751 18.6931
-23.4837 -17.1761 28.5756
-20.3635 -17.3460 28.1539
4.8777 -15.3368 13.7632
7.4249 -16.9058 15.5636
6.7901 -16.8922 16.4248
-26.4797 -17.7039 27.1869
6.4093 -16.7495 17.0179
7.6335 -17.5671 17.3493
-15.7527 -17.9075 23.0775
-16.9125 -17.4820 27.5670
-16.9990 -17.8401 26.3828
-8.6729 -11.4705 15.4701
-4.6465 -10.5492 9.0142
-4.1153 -13.0979 10.8457
3.1312 -13.8096 9.9813
1.1020 -13.6539 9.7168
1.9022 -14.0496 10.2075
-7.2262 -16.1564 16.7379
-10.6764 -17.0777 18.3441
-9.2655 -16.7702 17.2324
2.8312 -13.8271 10.9249
4.2317 -14.3090 10.8667
3.8273 -14.2087 11.4052
5.9364 -16.1039 16.5873
-10.5550 -11.8210 17.0890
-10.4709 -15.5203 18.6243
5.6969 -15.8889 13.7166
5.8566 -15.5967 12.7995
-19.2887 -16.8966 28.3160
-18.9411 -15.4516 28.2028
3.1815 -13.5603 11.8727
2.0418 -12.5897 10.7062
1.0394 -13.4153 10.2808
0.2631 -13.2821 10.0842
-3.4139 -12.2327 12.2914
1.4608 -12.8365 10.3868
-16.8855 -17.8348 20.6029
-18.0056 -17.5482 17.7830
-17.8028 -17.7289 19.4334
4.6168 -14.9658 15.0831
-5.3125 -10.3828 12.5056
3.8398 -14.2758 12.8562
4.4230 -13.3694 14.8427
-17.8570 -17.5333 20.2146
-1.8978 -13.3228 11.6578
-1.0494 -13.5652 11.1858
-1.2330 -12.3635 11.2662
-22.4006 -17.7966 25.3373
3.3398 -12.7347 11.7158
4.3366 -12.2305 13.5912
-4.4482 -9.0317 12.2007
-2.9857 -9.4923 11.0895
-13.3675 -17.0557 15.4974
-3.4287 -7.3876 11.8731
-13.2810 -16.1424 23.6613
-13.6042 -17.5826 24.1944
-12.4113 -17.1714 22.0256
0.2506 -12.6306 10.4576
-0.4450 -11.5512 10.5362
1.1781 -11.3012 9.8465
2.4475 -11.5848 10.3611
-21.5249 -16.2171 28.8508
-3.1094 -14.5827 11.9492
-1.7654 -13.8920 10.8855
-22.2056 -14.1867 28.6362
-20.2915 -12.7877 28.3352
-13.4939 -17.4200 17.2822
-12.0388 -16.9919 16.5236
-6.6673 -12.9746 11.0765
-4.4317 -15.1678 12.5171
-9.5201 -15.1710 12.8876
-1.6870 -10.0443 10.4031
-12.0275 -16.7907 17.3698
-10.9161 -17.0184 17.0033
-23.9642 -16.2223 28.6387
-8.6985 -16.2696 15.6105
-0.2085 -9.4615 9.4094
-13.8080 -13.2730 23.5033
-12.7832 -15.4711 21.7453
-4.6280 -15.8843 13.6378
-5.1318 -15.8119 14.8231
-6.7671 -15.9722 14.7278
-6.5944 -15.8146 13.6421
-18.5866 -17.7204 20.8862
-20.8897 -17.7836 20.9424
-3.6723 -15.4463 13.2701
-4.8142 -15.3635 15.0608
-3.8956 -14.4038 13.7190
-15.2847 -17.7531 26.0053
-12.0698 -14.2221 19.7264
-13.0909 -17.7700 22.6901
-13.9901 -11.2080 22.8015
-13.6397 -16.5414 24.7556
-3.1897 -14.5692 12.5923
-14.1505 -15.2735 25.5012
-1.3617 -8.2141 9.6124
-11.5004 -16.2008 13.9842
-12.2996 -15.4881 13.0819
-14.7244 -11.9383 24.9057
-14.6962 -17.1730 25.9644
-11.4679 -16.8656 18.2376
-17.1421 -14.3245 27.5303
8.6422 -17.2616 18.5443
9.6647 -17.9323 18.2665
11.9111 -17.7371 19.6211
-9.7401 -16.7063 18.4142
-11.1565 -16.8019 19.8088
6.7970 -15.8221 18.3481
6.6003 -16.8271 17.8025
-18.8264 -10.4934 27.1063
10.4701 -16.5211 19.6095
-12.7645 -17.1501 18.6574
-15.3156 -14.0975 26.3828
-17.0667 -10.5466 26.3779
-13.8473 -17.6868 18.1930
6.1991 -16.0215 17.6760
5.5488 -15.6536 17.1219
-15.9020 -9.3826 24.7971
-13.1735 -16.9447 18.0082
10.1107 -14.7474 19.6900
-6.5298 -15.5372 16.5902
5.6608 -14.6775 18.1344
5.2289 -14.6044 17.0371
-15.4630 -16.3673 26.8894
5.5478 -13.4821 17.9794
6.6705 -13.3800 18.4896
6.2347 -11.0563 17.5763
5.3714 -10.3320 16.3680
9.2668 -17.8963 16.8038
12.9935 -3.9726 16.8633
10.9117 -3.4956 15.8850
11.8667 -4.2580 16.1188
37.1424 -17.0680 28.4069
37.0083 -17.4569 27.0962
39.1211 -17.5128 26.6387
38.6471 -16.7332 27.9171
12.0439 -9.1122 10.2389
9.1470 -7.0860 8.9458
11.6357 -6.9589 9.5513
13.4434 -0.7029 17.0566
14.8785 -1.4690 17.6357
16.3594 -0.2520 17.5807
9.3428 -0.7044 14.7421
10.1002 -0.3457 15.3508
5.2878 -10.2507 8.8395
8.8048 -9.6489 9.5135
7.7998 -11.1521 9.7417
29.1306 -4.2306 26.5502
26.6743 -6.9622 26.0940
29.8713 -7.1791 26.7611
13.9557 2.2223 16.3845
12.4834 -1.5539 17.0295
12.4929 -2.5016 16.9715
13.7672 -2.9636 17.4978
25.2735 -5.3359 25.3809
36.6476 -16.4664 28.9287
11.1406 1.3310 16.0047
14.0074 -2.2515 17.7304
38.4659 -14.9253 27.9860
37.0961 -17.3688 19.5560
38.2407 -17.7464 19.7466
37.7266 -17.2186 20.1353
43.6538 -17.9119 18.8027
42.4481 -18.1149 19.2620
43.0893 -18.2198 17.5694
10.6305 -0.0810 16.0093
24.1543 -10.7982 24.3641
21.1422 -12.7635 23.4894
26.2502 -13.0237 25.8322
33.9725 -17.7639 22.0169
35.4865 -17.6302 19.6624
36.5789 -17.5035 20.6683
5.8647 -7.3119 8.3427
37.2761 -17.8697 18.6288
38.6332 -17.8752 23.6448
41.3471 -18.0996 20.2060
41.3647 -17.9598 22.4323
23.5237 -8.0471 22.9884
25.5541 -7.7746 24.2210
22.7638 -6.2636 23.0779
37.6891 -17.5804 21.1428
37.3530 -17.8624 21.8773
27.5991 15.9740 6.8160
30.1928 15.2127 4.9311
29.1632 15.5171 4.5859
37.3124 -17.0683 20.5474
21.2008 -6.0610 21.8132
8.2590 1.3935 13.8164
38.7529 -18.0429 20.6892
39.1422 -17.9134 19.1018
21.3241 -4.6076 22.4532
23.3998 -6.1142 24.1512
27.2238 16.1200 4.2066
25.6328 15.9168 2.8154
24.9827 17.0931 4.6124
22.7163 -4.6521 24.0017
9.6359 2.4914 15.0906
8.9744 2.0761 14.3853
40.4729 -17.5116 25.4715
42.1737 -17.5907 21.9742
42.0817 -16.8440 22.6796
41.2323 -16.7309 25.1324
25.0205 -7.0994 24.6081
24.5239 17.4952 5.7324
42.0994 -15.9772 23.2548
24.3931 -6.4614 25.0967
26.1903 -7.6170 25.4575
8.5826 3.4793 13.4880
15.0185 -11.9271 20.9217
6.6152 1.7867 12.9101
6.4505 4.4572 11.5675
44.0923 -16.9384 19.1012
17.2454 1.6722 17.4487
8.6465 5.3998 12.2551
41.1484 -17.6725 19.4895
43.5061 -15.0637 20.9459
2.6679 -11.5217 8.6331
4.9701 -12.6246 9.9153
44.7953 -16.1035 17.8721
44.3302 -13.9316 19.2033
44.8750 -15.3426 17.0762
25.9087 -9.4185 24.5692
29.8364 -10.0244 2.8752
30.5096 -10.7268 4.2340
20.0325 -7.9336 21.0842
1.0364 -10.4268 7.9271
40.1420 -16.7371 26.6756
2.1347 -8.9471 7.6685
17.3550 -8.5410 20.3314
28.8092 -8.3930 3.5233
28.4591 -8.1866 0.9299
23.2781 -2.9910 24.2256
21.6019 -3.6730 22.9331
25.1370 16.5650 8.5185
29.9538 14.0870 10.8835
31.1220 -10.1315 5.9216
31.4009 -10.8827 5.9239
25.8008 -3.0312 25.3762
-0.4056 -7.5239 7.1412
41.6803 -14.9654 24.7330
29.2463 -8.4555 5.3067
40.7972 -15.3684 26.3036
30.4592 -9.0151 6.4315
24.3796 -1.3682 24.1213
41.8242 -13.9365 24.2400
43.3546 -13.2005 21.1559
40.5654 -14.1469 26.4748
1.6847 -10.4386 9.5516
3.0295 -10.1559 10.5183
28.3523 -7.0036 3.0605
27.6217 -6.7888 1.7136
28.5177 -1.4532 26.1013
0.6035 -9.6119 9.1905
1.6760 -8.7889 9.5318
30.1904 -1.7564 26.3934
28.4363 -7.2507 4.6427
26.2989 0.3291 24.7410
3.9260 -6.9640 10.4283
28.1845 -6.4649 4.0740
43.8502 -17.3195 13.9672
43.6067 -17.8736 14.1497
43.3725 -18.0992 12.2235
43.6212 -16.3153 11.9216
30.3606 -17.8583 16.9234
32.2389 -17.6745 13.4045
33.2281 -18.0160 13.4932
38.7953 -13.0695 27.3932
37.1996 -12.1158 28.0676
26.0279 -5.0725 1.6444
27.9933 -7.2419 0.9163
3.9768 -8.5451 11.1812
35.4352 -18.1490 16.3730
40.3858 -12.7740 25.6399
32.0454 -17.9125 19.1729
33.9293 -17.5276 10.8969
-0.2995 -7.0409 8.8520
36.2433 -13.0931 28.8240
36.6553 -14.7337 28.7510
39.0184 -11.1689 26.3608
1.6621 -4.0009 9.0565
41.6129 -12.8026 23.6420
41.0265 -10.4965 23.4594
27.0702 -17.8458 18.6079
27.8050 -6.3153 2.6892
27.0089 -5.4439 3.1319
26.5610 12.9097 17.0668
25.0578 15.2040 13.0194
23.4603 15.0757 13.4994
35.2121 -11.5308 28.5381
28.4741 12.6364 16.6124
28.2715 13.8495 13.9235
16.5176 3.7298 16.3747
35.5104 -18.0573 11.5086
24.9335 -4.5806 -1.8977
35.4027 -9.0415 26.9832
36.9890 -9.8794 26.9345
38.3572 -9.9691 26.0432
12.6159 4.8458 15.3127
42.8939 -11.3008 20.5613
27.0868 -8.0680 11.1388
27.4134 -9.9131 12.0522
26.3250 -8.8448 11.4356
19.3375 4.7930 17.5629
19.0456 3.6510 18.3427
18.1329 4.9468 16.6910
36.8371 -8.7706 25.8065
29.4310 -7.3713 8.6085
30.6779 -8.7086 8.8640
29.0738 -8.3233 10.1869
15.8577 5.0570 16.1005
39.7570 -9.7716 25.0690
39.4027 -8.7568 24.3745
23.4701 16.7165 9.5510
22.0006 16.4357 10.7610
17.2913 -17.8095 15.9702
20.7498 -17.5259 16.0235
22.8159 -17.7429 17.5346
14.2397 6.7415 15.1592
18.8150 -16.9473 15.0122
34.1032 -10.1184 27.9885
40.7673 -9.5425 23.2965
40.9888 -8.1129 22.1431
42.9125 -8.8178 19.8591
33.4160 -8.7860 26.7277
19.7147 -17.9565 18.7015
36.6808 -8.0177 25.5099
38.6398 -7.8919 24.5200
27.1518 -6.3747 9.3186
27.6855 -5.4749 7.8464
27.9218 -7.8340 10.5367
13.2381 -18.0675 17.4352
26.6328 -5.4815 8.9951
26.6654 -4.6106 7.5697
32.6156 -7.8837 26.6648
34.5207 -7.0196 26.2645
34.8624 -7.9612 26.0690
29.3106 -7.5110 6.7343
22.0696 16.5108 9.6113
37.3532 -6.2534 25.4064
20.7199 16.1091 12.0693
22.3858 14.8833 13.3305
30.4627 -7.9931 7.6768
28.7993 -6.5971 5.4584
29.0208 -6.8995 7.5820
10.4692 4.5483 14.9699
40.6120 -18.3104 14.0625
16.4788 -16.6135 14.4855
27.8956 -5.5425 4.5908
17.7032 -14.6956 13.4471
28.1394 -5.5639 6.4128
9.3204 4.2557 14.4058
35.8702 -4.2284 25.9562
40.0504 0.1508 1.3605
41.1267 -0.6059 3.5098
40.4315 -3.3369 1.9098
39.3400 -17.9864 17.5425
27.5846 -4.7897 5.4496
40.9038 1.2235 4.4807
41.2591 -0.1945 5.3843
26.2897 -17.6447 17.1771
40.3573 -3.4272 -3.3057
39.9234 -3.0602 -1.3072
32.0345 -3.9899 26.6476
39.8783 -2.2359 -4.9582
44.4625 -15.5258 15.7544
44.2763 -13.8999 16.4384
44.5561 -13.2677 17.7388
10.5475 6.3900 14.2819
9.6377 6.1693 13.4501
44.1567 -12.0451 18.0102
23.9798 -17.1324 16.6825
21.8898 -17.3585 16.8022
25.5662 -17.8755 21.2730
40.4582 -5.5917 22.9485
43.8870 -12.2207 16.7619
43.6777 -13.1333 14.2023
43.9784 -11.6309 15.9254
39.5312 -1.0604 -4.3271
24.8040 -3.8903 6.0123
26.0838 -4.2980 5.6303
25.0562 -4.0273 6.7125
23.6322 -2.6497 4.8003
38.6977 -3.6592 24.4735
26.1382 -16.4060 16.2354
26.0749 -3.9600 7.9350
26.4236 -4.3319 6.8196
25.6036 -3.6486 7.4572
23.5580 -3.7162 7.6504
24.8594 -3.4372 7.4242
27.4917 -17.2255 16.5412
39.7730 -17.5453 19.2612
40.0893 -17.6672 18.0938
44.2119 -10.6882 17.4169
23.2990 -2.0170 3.3404
24.7879 -3.4503 4.2949
11.6502 7.0392 14.5255
23.1248 -3.1764 6.6131
43.0337 -18.2500 14.9777
41.4417 -18.0643 17.3650
43.9053 -9.6236 18.2601
43.7498 -17.8298 15.6866
19.6751 -1.1032 5.4240
21.1724 -1.1071 4.8464
30.6214 -15.2675 13.5483
32.3030 -16.6780 11.7920
30.7825 -16.9068 14.2765
44.2213 -17.9363 16.9452
29.8135 -15.1971 14.3291
26.3309 -4.7293 4.4580
27.2722 -5.5798 4.2897
29.2380 -17.4881 16.2730
44.2620 -16.7745 15.5095
29.2074 -16.5962 15.4631
28.0119 -16.1712 15.8656
11.8041 8.4703 13.7237
10.7868 8.5058 13.0929
43.5326 -11.6116 12.1449
43.9550 -10.4077 12.9834
38.6348 0.6861 -5.7667
24.6520 -3.3962 2.5583
16.6335 7.5072 15.7756
44.3557 -8.8397 14.8102
39.9425 -2.4326 23.3749
14.7944 9.1624 14.5310
44.2897 -7.8466 12.8763
27.1789 -4.3643 6.2101
28.5418 -14.8945 14.7525
21.8245 1.7076 20.2295
23.2925 4.2996 20.4681
20.8141 1.5045 19.4906
25.9903 -13.9037 14.2354
20.0841 2.2396 19.2779
21.1972 6.4264 18.0423
15.9257 -8.5836 10.8271
14.4636 -18.0004 19.9311
44.3227 -7.2446 15.9635
24.0039 4.0362 21.5509
22.2711 1.4538 21.5124
38.4525 1.5732 -3.0371
40.9281 -6.9951 0.3357
23.3154 0.6126 23.1691
25.0490 2.0707 23.6454
24.6357 3.7734 22.5407
41.7970 -4.1184 21.4668
37.4482 3.8604 -5.6226
44.6232 -17.2662 16.7474
44.7924 -16.4602 16.4106
25.5587 5.2613 21.7301
41.5296 -1.4967 21.5822
43.5619 -5.0606 18.7146
43.6774 -8.6696 10.3145
43.4310 -6.2736 9.8982
43.0657 -2.6687 19.0541
40.5565 -6.3724 1.6309
39.4285 -1.1146 0.0078
44.6063 -5.9349 13.5353
44.2236 -5.5527 11.3694
42.5814 -2.0561 19.2756
38.8905 1.0257 -0.9691
44.4711 -5.9556 16.1742
16.3701 -15.7933 21.4466
27.8528 5.2270 23.5296
27.4126 3.8461 24.0824
28.7141 1.9393 25.4059
29.6603 4.3691 24.4860
39.4898 2.3700 1.4535
29.2411 -13.6258 14.4795
28.0043 -13.4755 14.4748
22.7256 -2.5663 -2.2038
26.9819 5.6798 22.5408
30.1024 -13.2846 13.7294
29.0831 -12.3248 13.6990
27.0903 6.5305 20.9495
21.5414 -16.1307 15.1890
23.1596 -16.1757 15.8765
37.5053 -1.4437 25.1118
30.6288 5.6906 23.5644
9.1428 -12.9507 18.9770
34.0929 -1.5731 26.1765
28.9492 6.6173 21.9251
31.6326 6.8094 21.7891
25.1342 -14.7054 14.8332
22.3041 -1.5447 -0.0491
21.9488 -13.8760 14.0056
21.4824 -1.4397 -1.4011
30.3068 7.1732 20.4912
18.8917 -13.8994 13.4384
33.6394 6.1233 22.4993
17.0001 -0.0412 -3.4469
18.5975 -0.0605 -2.8833
19.1840 0.1847 -0.9758
37.3368 6.1880 -2.7527
25.4137 5.5248 21.0205
10.2914 -10.3199 18.5830
36.5686 7.3228 -4.5592
31.8534 0.3881 26.1554
26.1136 7.1497 20.1120
30.2095 8.0693 19.4028
24.0673 -12.9752 13.8728
19.2687 -1.0546 -4.0876
19.9424 -1.3431 -3.3807
39.1625 4.1536 2.4212
24.6198 -12.2392 13.4391
26.5277 -12.6681 13.8904
27.9231 -11.8314 13.5395
7.5940 -6.7260 16.3910
20.6265 3.8792 19.5046
26.0342 -11.7895 13.2781
27.0887 -11.5098 12.8909
20.3085 -1.0531 -2.8267
23.2478 5.4025 20.2815
38.6868 6.2304 1.6333
36.8529 0.5062 24.9905
42.9664 -14.6157 7.2856
37.8810 8.4643 0.3497
21.0853 -0.6907 -0.9698
42.6537 -13.3650 5.3955
22.0091 -12.2420 13.2764
25.2258 6.2221 20.6293
19.5355 -0.4722 -2.9802
39.0858 -0.0366 23.9535
23.7812 6.8793 19.4455
21.3825 5.1770 19.4533
25.6093 -11.2025 12.5903
36.1600 5.2414 -6.9582
25.8082 -10.3235 11.9386
34.4020 5.3325 -8.0499
34.6274 1.4386 25.3280
43.0176 -11.4524 8.9994
44.5682 -4.0978 14.5023
38.3423 1.3561 23.8806
36.3886 2.8055 24.1594
42.5626 -9.8857 7.4281
24.2104 7.7001 18.9975
21.7761 8.6615 17.8082
43.3666 -7.4589 18.7506
36.1012 7.3729 -5.5178
42.6713 -8.0745 19.8900
34.0557 3.4284 24.6845
26.2049 7.9005 19.3156
29.4082 -17.6920 23.6430
27.2655 9.1135 19.0570
24.7204 8.9229 19.0558
22.5056 9.7282 18.0787
21.3328 -0.3206 3.1509
30.5078 9.1459 18.8787
18.5916 0.7193 3.9591
18.7237 0.9835 3.2643
44.1592 -3.9942 16.9156
30.0465 1.4128 25.8197
24.5868 10.2523 18.3929
43.9195 -14.5947 14.2519
43.6471 -13.5191 12.3398
21.7089 -0.7649 0.9590
31.7867 7.3036 -8.4518
28.8750 8.8912 -9.7984
28.3175 9.9488 18.4719
26.1120 11.1574 18.4224
28.0058 10.8770 18.3433
21.6762 -0.3120 2.0936
31.9857 9.2546 -7.0590
26.4978 12.1166 17.9886
38.7949 6.7929 12.9640
39.2464 5.2297 13.7189
39.6739 4.6578 9.1650
32.1542 -17.3928 26.5129
25.2056 -17.6336 23.6599
20.9350 -0.0285 0.3264
20.4135 0.4914 1.9263
16.9638 1.2551 -0.2845
15.6218 0.7040 -3.0431
12.8537 -7.5102 18.0830
44.2212 -2.6397 16.4360
43.2522 -1.3512 17.8208
43.3498 -2.8195 17.6749
31.6771 2.9649 25.2447
34.1903 9.1399 -6.3840
17.9917 1.6242 2.6883
34.6537 9.7689 -6.0625
16.6632 2.1255 1.7038
19.3508 0.7462 0.6764
43.4861 -4.0103 9.5622
32.5732 5.0462 24.0243
11.0420 -5.7193 16.7727
44.4465 -4.2017 12.0116
34.7169 4.6056 23.6524
15.6908 2.5809 0.7149
16.3873 1.9930 2.3270
16.0402 1.9714 -0.1933
36.0115 10.7964 -2.9585
34.9080 11.0036 -4.8597
14.4834 -5.9439 17.7688
18.1639 -10.8326 12.1682
19.4393 -9.4353 12.0141
21.0119 -11.1028 12.9403
43.5413 -0.9083 10.9925
43.9215 -0.9829 12.5733
32.7499 10.3337 -6.0991
20.9689 -8.7446 11.5832
32.3519 -15.9544 10.9327
42.6119 -3.0504 8.3354
25.2318 -8.7269 11.3902
25.4472 -7.2759 11.1427
40.5155 -0.0859 19.6351
41.9719 -1.6987 19.0121
41.8629 -0.8565 18.6468
39.2253 5.9950 14.9599
29.4281 10.3891 -7.4089
23.6296 -8.2577 10.9932
23.4341 -9.7631 12.1320
39.2932 6.4049 9.8226
24.2746 -6.9203 10.4977
38.4492 7.6148 13.2218
25.7690 -6.0500 10.4045
21.2892 -7.2783 10.4248
30.1529 11.3649 -6.3881
42.1740 -0.4240 8.6195
42.0219 -1.7931 7.6361
41.0532 -1.1889 6.8637
39.0202 7.7151 10.5893
25.0024 -5.8315 10.2098
18.0396 -7.3908 10.4518
37.8436 8.9984 11.7393
33.1308 11.1248 -6.0793
33.1742 11.7893 -5.7985
32.4856 -13.7388 9.9263
22.7636 -5.7545 9.8543
15.4513 -6.9985 10.2247
38.0584 9.5900 9.1270
36.3667 9.9311 12.5107
17.1599 -6.0362 9.5991
33.3403 12.6418 -4.3223
40.7421 -0.1073 6.7456
40.5767 1.9944 7.2678
41.4691 0.3849 8.5147
39.8534 5.3157 17.3139
37.8960 8.0482 14.4589
38.2989 6.7490 17.7244
35.9039 8.9698 16.2255
40.5876 -0.1700 21.8834
40.5885 -0.2369 20.8069
30.7298 12.2389 -5.5658
25.5521 -4.1725 8.8326
24.5801 -4.1831 9.0760
39.3394 0.8673 20.8537
20.3260 -6.1449 9.6095
31.7843 11.9998 -5.8804
42.8240 1.0847 10.8173
23.9427 -3.8998 8.5412
42.1562 1.6182 10.3908
31.5600 13.2881 -5.2666
33.0170 -14.7495 8.8201
40.1727 -0.2436 22.9801
21.7588 -4.5667 8.6480
40.4534 1.9572 9.5186
33.1750 -14.4118 6.6677
32.4907 -13.1697 7.0980
24.8448 -3.2132 8.4258
40.2956 2.0556 8.7040
31.4632 -14.0440 11.8688
41.1492 2.1149 10.2953
25.2237 -3.1919 8.0643
24.2626 -3.5048 7.9214
40.2090 3.0906 5.6588
39.1942 1.7158 20.7434
32.5563 -12.7230 9.1553
35.1346 -16.8502 28.7946
38.5488 1.7346 22.1702
32.8785 11.6875 13.7232
44.0873 -1.4099 14.2601
43.5174 -0.2969 16.4922
41.3283 0.6472 19.3102
40.0590 1.8881 20.5542
31.8307 -16.7235 27.6246
40.6426 2.2761 20.2868
41.3147 1.8268 19.3156
31.2408 -17.1357 26.9142
18.4136 -4.9673 9.1060
21.5954 -3.5810 7.4777
18.6241 -2.2992 7.1237
18.6940 -3.5752 8.3079
34.7315 -16.2677 29.1611
34.5947 -15.0975 29.3098
39.2068 3.2682 21.2733
32.4236 -13.9352 28.7777
35.2035 12.0514 7.0706
32.8656 13.0637 8.8288
38.0473 2.5890 21.9111
40.6832 2.9238 19.9905
39.7146 5.0038 5.7039
42.7616 0.6910 18.3803
32.3680 -12.3938 7.7011
39.4191 5.6696 3.6683
42.1444 1.1775 19.0199
42.1707 1.9572 18.5895
43.0842 1.3370 15.8222
39.8092 5.9535 7.4799
42.0144 2.7643 17.1514
27.8866 -14.9209 26.1766
17.5615 -6.2730 19.3167
19.1056 -5.4609 20.4807
24.2418 -17.0620 23.9055
42.9435 1.6008 12.9081
39.2168 7.0977 3.7676
34.2698 6.4110 21.3260
33.4864 7.3216 20.2044
40.0883 4.3922 18.8106
34.9710 7.1197 20.5555
36.6208 7.0554 19.4660
34.5371 8.9502 17.8949
33.1138 8.8058 18.7615
15.2644 0.0938 5.2267
16.7450 0.1336 4.6371
39.0650 7.9470 5.1649
38.9065 8.1128 3.6120
32.3896 -11.2826 7.6115
16.9982 0.6580 4.0594
37.5612 9.7221 1.2173
31.3621 10.1222 18.0390
41.4852 3.6640 14.3778
40.2086 4.7871 15.0708
15.2937 1.4382 3.8296
16.7500 1.4432 3.6872
32.2455 10.9598 16.4420
41.0649 3.3822 12.6430
39.8027 3.8920 11.7333
15.1053 2.3006 2.8364
39.8886 6.8508 6.7611
39.5462 7.7471 8.2649
39.7734 6.9381 8.6251
30.9758 -12.4444 12.4687
16.8754 -3.8691 18.7483
15.7384 -5.1933 18.4369
29.9179 -12.2062 13.3082
29.7397 15.9027 1.8267
28.5263 15.6596 1.7434
17.9179 -4.3298 19.5560
37.1693 10.7261 5.7748
18.3271 -17.8994 20.6981
39.1859 8.1692 9.7199
29.4394 -11.0288 12.1837
26.4346 15.4941 1.0513
30.3879 -11.2791 11.9992
28.5128 -10.7378 12.5637
12.4049 -17.8246 15.6704
34.3682 -13.4504 29.2227
32.0289 -11.3753 10.3889
30.7680 -10.3941 10.8413
37.1166 10.6149 3.2156
33.0813 -11.9616 28.6672
13.7722 -17.4442 15.0721
19.3236 -17.5427 21.7960
15.2919 -2.9793 17.9711
29.0076 -9.3341 11.5094
29.1252 11.2143 17.9348
29.9563 -9.0632 9.8623
31.6213 -10.1749 9.2688
10.1512 -17.3553 15.2374
30.6562 -11.9661 27.9711
22.8122 -15.6636 23.6538
34.9368 12.5685 4.1159
11.4194 -16.7739 14.7295
13.6151 -16.3082 14.3736
32.2127 -10.2271 27.8216
12.0226 -16.1960 14.5223
10.8475 -15.7129 13.7371
5.4500 -4.5257 13.4451
4.0088 -10.9141 11.8202
4.7061 -8.4065 12.4690
34.9875 11.7473 -3.6114
38.0614 2.1092 23.2171
34.7273 12.3693 -0.9951
16.3450 -17.4059 20.8913
35.6111 11.9584 0.4784
15.3210 -14.6162 13.4533
13.3245 -15.0257 13.5196
14.1018 -14.2698 12.8180
32.6050 -10.3890 8.5776
32.6906 -11.0691 8.8065
37.1139 3.0302 23.0211
37.0335 3.9641 22.6404
6.1392 -5.1222 14.9618
38.2411 3.2627 21.8478
32.6440 -10.4327 7.8711
31.4265 -9.3748 7.5641
31.8189 -9.8196 8.0863
14.8932 -12.8620 12.3049
33.6764 13.2285 -0.0719
38.8743 4.5018 20.6561
18.3433 9.4343 15.9419
8.1047 -15.6978 13.2796
8.3304 -16.4285 14.3138
29.4471 -10.5217 26.9414
6.9508 -13.8893 11.5284
29.3484 -9.4135 26.2873
9.4354 -14.5607 12.8150
42.1605 -11.9754 3.5476
30.8874 -9.1777 26.6384
41.7980 -11.1152 4.3615
35.9984 5.3487 22.0798
30.9363 -8.6048 26.5643
41.6876 -9.0213 5.6832
12.0020 -14.4337 12.9455
16.6851 11.5812 14.5496
19.6948 12.2175 15.9053
5.1309 -4.9683 12.0832
22.2270 11.8702 17.3344
28.5607 -8.3040 25.9418
4.8373 -4.4698 10.9654
3.6552 -4.5421 9.8322
41.3998 -9.6828 2.3772
28.6710 -7.6047 26.5123
11.8614 -12.6261 11.9333
24.3770 12.2107 17.7985
23.9202 13.1654 16.7087
6.3359 -5.2380 8.0944
10.9018 -5.7673 9.2637
7.9619 -3.8021 8.0015
11.4937 -4.3780 8.5557
20.4614 13.3457 15.5390
41.0937 -7.2426 4.3910
20.2168 -4.8635 21.5811
20.3753 -3.9215 21.3636
18.4829 -3.8764 20.3056
18.3263 -2.4615 19.8448
4.3262 -3.0574 6.5764
19.6167 -1.1917 19.7445
15.0804 10.5260 14.3130
21.0107 -1.5482 21.4227
20.3206 -1.4893 20.2968
32.8055 13.8013 -1.6168
22.1924 -1.5796 22.8503
30.7453 13.5633 -5.0865
17.2474 -11.6703 12.0821
4.4075 -1.6847 9.9887
4.9810 0.6567 10.2492
31.1902 14.4898 -3.4884
30.2870 15.0006 -3.2996
15.9112 12.6256 13.6872
24.1165 -10.4563 12.2845
8.5223 -3.3525 15.4094
17.3598 -1.6587 18.6236
21.2651 13.9847 14.7048
20.4556 14.8977 13.7442
15.3215 -10.8417 11.4502
19.0716 15.2880 13.0418
11.6897 -10.8199 10.7887
16.2329 13.9248 12.5994
16.9842 14.7131 11.9097
31.3539 15.2903 0.8016
40.9158 -5.8058 3.9263
18.1111 0.0981 18.9029
19.3214 16.4410 10.9975
17.9312 1.1963 18.5447
41.2318 -3.1777 3.7405
31.9735 14.6987 3.5934
29.8709 15.7688 -1.6642
41.8055 -5.3471 6.7832
41.1470 -4.4124 5.8379
41.0554 -3.1888 4.9028
6.9649 -1.0405 13.9826
5.0168 5.0053 9.8064
14.3481 -6.3618 10.0332
28.3351 16.0769 0.3893
29.0614 16.2541 -0.2340
15.4513 -5.4913 9.5908
14.9846 -3.5287 8.1939
11.6158 -1.6942 6.4352
13.7045 -0.8994 6.0898
40.0203 -18.0081 19.8270
8.0396 -0.9445 5.8952
5.8401 -1.3718 6.2377
12.2644 1.3805 4.4979
10.2341 1.3183 4.2093
12.9549 2.2329 3.5332
-29.8814 -15.7207 25.2494
-29.1938 -17.3897 25.2369
-29.2297 -16.1244 25.0981
-14.8769 11.7525 12.8379
-20.5314 10.3965 14.4289
-20.2402 8.6403 16.3094
-20.1703 -11.3567 13.5272
-19.2481 -13.3392 13.5208
-20.1851 -13.9073 14.2864
-21.5814 -12.3643 14.1082
-28.7398 -15.7015 25.2734
-18.5876 -12.0876 12.7620
-30.9172 -17.4019 24.9477
-31.3258 -15.3721 24.7924
-40.2619 -0.4450 10.2541
-40.4083 -4.5226 13.9488
-39.2598 -1.0105 11.8126
-26.3234 13.0327 -6.8791
-28.6696 10.9667 -9.4716
-29.6328 11.4789 -6.5045
-35.9016 -16.1235 6.5731
-35.0366 -13.7107 6.4329
-34.6592 -12.6407 2.5442
-28.4398 -16.0021 25.9641
-28.6113 -13.7998 25.6532
-27.4873 -13.0978 26.8043
-12.2053 10.9540 13.0175
-12.7013 6.7725 16.2144
-10.1836 7.9409 14.4802
-30.7176 -13.3649 24.5280
-25.7782 -13.3816 27.9451
-25.1193 -11.3810 27.9071
-26.1975 -11.1924 27.4147
-47.2354 -18.1660 15.0944
-45.3322 -18.5225 15.9428
-44.7422 -18.4675 17.9049
-23.6924 13.7941 -7.8322
-25.5361 12.1036 -10.2987
-38.8106 -2.3992 13.4025
-38.9380 -3.8738 14.3816
-37.3722 -0.5715 13.8171
-21.9098 -10.5519 27.9395
-23.7621 -10.0595 27.7270
-33.8180 -11.2839 0.8800
-30.3014 -1.7763 7.5500
-30.7192 -2.5124 6.6924
-29.4895 -1.4406 5.9326
-22.2033 -6.9574 26.3260
-27.8023 -0.7718 5.5422
-28.9181 -1.2008 4.8624
-27.9578 -0.9365 4.6675
-28.0493 -0.5572 6.4808
-27.2411 -0.2810 4.3044
-26.7715 0.3724 5.0945
-28.4488 -11.4872 25.4088
-42.4847 -18.5448 18.6825
-44.3093 -18.5722 13.8086
-37.7393 -18.4533 19.9302
-40.4046 -18.5429 10.1847
-42.1271 -18.0473 19.3491
-38.4277 -18.2200 19.9730
-29.5469 -2.9052 9.0473
-27.9144 -2.3719 9.1261
-27.4058 -3.5337 10.1525
-24.9705 -17.4750 19.7981
-23.3565 -17.6087 17.9299
-22.8118 -17.5907 19.4186
-39.3119 -16.8423 19.7503
-26.4314 -2.4879 10.2788
-26.9011 -1.8246 10.1128
-27.4863 -1.4179 9.3599
-43.6946 -17.9809 18.9578
-38.5007 1.9635 10.0645
-34.5244 -10.7226 4.9497
-33.9348 -9.4757 3.2901
-43.1527 -16.8040 19.0566
-26.4474 -1.0552 7.9864
-25.4948 -1.4098 7.4711
-25.4051 -1.3801 8.5506
-26.2400 -1.5726 10.0471
-25.3847 -1.9611 9.6116
-26.0780 -1.0323 9.3712
-34.0736 0.8285 16.6469
-35.8272 -2.5348 17.6997
-34.5727 -3.6869 19.8725
-23.6529 -1.9574 7.9196
-18.3715 -6.7056 25.4584
-36.4445 2.2454 12.7253
-33.4816 0.0591 18.0046
-24.1586 -17.8295 23.0405
-27.0581 -0.4965 8.9397
-32.4844 -8.9681 0.1770
-36.3204 4.5964 9.6760
-20.5302 -4.4277 24.9033
-33.7849 4.4087 12.3476
-30.2111 -2.0802 8.2875
-28.8540 -1.2162 7.9351
-32.6909 -7.6452 1.8032
-45.5466 -18.1153 17.7434
-35.4339 0.3528 15.0817
-37.3354 -4.3589 16.7411
-37.8016 -4.2371 15.8804
-45.5662 -17.0372 17.9423
-28.1057 -0.6517 8.4889
-48.4120 -9.0684 10.1312
-48.1138 -7.4539 8.6157
-48.6808 -8.7894 8.0517
-27.8018 -0.6325 7.9956
-27.4817 -0.6877 7.4859
-27.4322 -0.3042 6.9433
-44.1047 -14.2862 17.8997
-26.1919 -0.7898 6.9843
-47.6014 -7.9466 12.6860
-48.3223 -12.7634 12.2058
-25.6599 0.5929 6.4651
-47.7762 -5.7904 10.4386
-27.5793 -17.9616 22.0797
-26.2997 1.0072 5.9857
-28.3524 -10.3459 25.3414
-27.0504 -10.6741 26.2268
-33.1327 -0.9432 19.5693
-26.5652 -17.5791 19.2695
-30.3657 -5.9228 -0.2079
-29.4466 -6.5968 -2.9539
-27.0809 -0.6736 9.5484
-25.3059 -6.3586 24.8543
-28.0806 -8.5607 25.2114
-47.8065 -5.8935 9.4027
-47.5146 -6.2771 8.5209
-40.4903 -14.8822 19.1990
-47.2286 -4.7945 8.8616
-28.7725 -8.2801 24.7390
-22.6002 -1.7444 7.1118
-47.9024 -6.8198 7.4479
-25.7891 -8.9194 26.1196
-47.1047 -5.8259 7.2277
-23.8827 -6.4106 25.6266
-23.2707 -0.2517 6.3813
-34.1182 2.1257 14.9507
-41.8088 -13.8312 18.3114
-47.2918 -5.2694 11.6043
-23.7474 1.3289 6.1042
-46.3635 -4.9636 12.6346
-34.5224 -13.1931 9.6345
-34.6344 -11.7149 7.1367
-21.9431 1.6743 5.7005
-34.3725 -10.4626 8.6367
-34.6047 -9.6385 7.0858
-20.9018 0.4570 5.8164
-31.2587 3.8100 17.9896
-32.2856 -0.8794 20.5105
-47.1059 -3.0978 9.1994
-46.4270 -2.0502 9.5334
-34.1477 -8.6374 5.5605
-32.9408 3.0470 16.4893
-21.6064 -10.8063 13.6635
-21.0652 -9.8947 13.0341
-22.3435 -11.4758 13.5649
-25.4453 -5.3625 24.7369
-47.0543 -4.1820 7.7818
-47.2934 -4.7350 6.7321
-18.9180 -10.3536 12.2918
-47.4629 -5.3385 4.9694
-47.7393 -4.2777 5.2887
-17.6388 -11.5883 12.0227
-33.8302 -11.2848 10.5914
-16.5259 -10.6713 11.5023
-17.2177 -9.6355 10.9946
-26.0884 1.6434 5.0283
-34.4566 -8.1071 7.5531
-18.5036 -9.4454 11.5757
-32.1017 5.0922 15.4665
-47.2677 -2.5107 7.6071
-25.0521 2.9905 5.0420
-33.9870 -8.7448 8.9467
-19.9524 -9.5921 12.3289
-30.9458 6.5585 15.2584
-16.2842 -8.8775 10.4582
-15.0687 -9.4016 10.4212
-14.2665 -12.1384 11.7016
-23.5330 3.3312 5.3762
-24.6058 2.8323 5.6637
-34.7113 1.3314 14.5439
-34.2701 2.7172 13.5697
-23.4029 3.9013 4.9102
-34.1498 -6.5462 6.5266
-32.9771 4.4848 13.0575
-30.4107 -2.1232 4.8339
-31.3807 -3.6074 6.2788
-31.8007 -3.3639 5.2450
-16.7787 -17.0693 15.7884
-20.3086 -17.3116 16.6549
-13.7284 -9.1530 9.8340
-13.1769 -7.5763 9.5533
-12.5484 -9.3773 9.8102
-33.8670 -6.9514 8.1635
-31.3212 -2.7821 4.2095
-14.7124 -7.5009 9.3198
-30.2958 -1.8374 4.0288
-34.2028 -6.0484 7.1432
-29.3027 -1.4011 3.3762
-47.6087 -2.2976 5.6685
-47.6500 -3.3152 4.1424
-47.2069 -1.9360 4.4682
-46.1882 -1.0346 2.2509
-12.6568 -11.4654 19.7160
-28.3834 -0.7503 3.6461
-12.4361 -10.6092 19.6947
-13.4427 -10.1327 22.0791
-33.6534 -6.7140 4.8872
-47.1988 -1.3358 6.7456
-28.0501 -0.3868 2.5609
-27.3144 0.1792 3.4208
-22.8575 -2.8789 24.1078
-32.9407 4.5866 14.0465
-33.5846 -6.0745 5.7828
-45.9466 -18.5558 7.2862
-45.7629 -17.5852 6.1422
-26.8653 0.1087 2.5034
-33.6067 -5.6105 6.6407
-46.9751 -18.0479 7.9956
-45.5336 0.8918 2.5065
-46.7488 -0.2209 5.3035
-26.3572 0.7191 3.7625
-32.9994 -4.7737 5.1490
-14.3043 -9.4125 23.3068
-13.3542 -9.1076 21.3604
-32.4683 -4.5542 6.3816
-25.4775 1.0962 2.9735
-14.2505 -7.1649 22.0293
-14.9669 -8.3403 23.0192
-26.0324 1.3631 4.1906
-47.9442 -18.0716 11.0428
-47.1761 -18.5650 10.7592
-47.6292 -16.9356 8.0689
-47.9663 -16.5523 9.3360
-10.7910 -10.7573 17.3215
-24.9434 1.0369 1.7615
-32.2964 -5.8780 2.7634
-11.2325 -10.2305 18.3560
-24.1029 2.0002 2.1252
-24.6906 1.5799 1.0369
-24.8871 2.0775 3.6591
-11.5900 -9.5478 19.1745
-33.0189 -5.7030 4.4780
-46.3211 -0.0116 6.5158
-24.2446 2.8358 3.0657
-12.1055 -8.1150 19.4268
-10.6030 -9.0252 17.2934
-10.5294 -7.4244 16.6611
-45.6409 1.4517 4.6437
-25.1192 2.9367 4.5561
-31.8503 -4.5511 3.4995
-32.4470 -4.4187 4.1574
-45.0682 -0.1297 8.7648
-23.8602 3.9073 4.3566
-31.4290 -3.3140 3.6963
-45.1412 1.5414 6.0433
-23.6769 3.5414 3.5269
-47.1682 -15.8756 6.8622
-10.6627 -6.1661 17.4353
-22.7258 3.1103 2.0915
-21.9650 3.9394 2.4720
-22.5884 3.3827 2.8290
-20.0648 3.8986 1.4547
-21.6218 3.4755 1.3346
-20.7847 3.8656 0.3002
-45.8537 -11.4546 1.7111
-45.5267 -13.9566 2.4359
-46.3079 -13.4296 3.8663
-19.8651 3.7496 2.0600
-18.4594 4.6241 1.5002
-20.8320 4.0484 2.4660
-19.0163 4.7674 2.4605
-45.4824 -2.8468 11.5419
-47.5398 -12.4090 5.6650
-48.2075 -14.4903 8.3830
-44.4699 -2.0998 11.4987
-11.6374 -4.7178 19.0908
-44.2972 -3.6397 12.8974
-35.3014 -9.2762 22.3174
-36.5914 -7.6853 20.9188
-36.6767 -11.1625 21.7177
-48.2138 -13.3436 7.2835
-42.8985 -2.5095 12.0102
-47.2206 -14.2279 6.1301
-19.0863 0.5379 5.8802
-19.8635 2.9412 5.5414
-34.0802 -5.7503 21.8703
-34.0354 -11.1074 23.1368
-32.6314 -6.0448 22.8483
-42.4499 -2.1000 11.2919
-43.7310 -1.4963 10.3197
-47.2850 -18.4348 13.3821
-18.0197 3.2699 5.3240
-43.2480 -0.9824 9.4509
-42.3199 -0.6309 9.9430
-41.5299 -2.3119 11.9515
-47.3250 -8.5088 3.1510
-44.5092 -9.5729 -1.1107
-18.4383 4.4282 5.1299
-17.2453 4.3361 4.9250
-18.9771 4.4611 4.8473
-21.3664 3.7305 5.4762
-20.0753 4.6875 4.6296
-43.9429 -0.0316 8.9030
-17.9143 5.6904 3.7980
-8.7829 -10.1485 15.0241
-7.7337 -9.4654 13.4644
-22.6831 3.9328 3.3723
-22.6979 -17.3359 16.3350
-26.2787 -17.4545 16.2857
-45.8311 -8.9358 0.5182
-21.8959 4.2905 5.0716
-37.1081 -8.2228 20.3237
-48.3726 -16.3270 10.6039
-36.5974 -4.6294 18.2885
-5.8341 -9.0549 12.5776
-48.2404 -17.4239 12.3834
-21.5711 4.7526 3.5565
-47.9745 -18.2625 12.8607
-43.8330 -8.3287 -2.5797
-47.8376 -17.6823 14.3884
-8.1235 -8.0458 12.9963
-20.1005 5.2621 3.8165
-7.0014 -7.9992 12.6214
-21.9574 -13.2547 14.0844
-21.7877 -14.9797 14.8224
-29.8950 -8.9418 24.2382
-5.9093 -7.5618 12.7797
-24.1227 -15.5405 14.9686
-23.7749 -14.0987 14.1926
-19.3515 5.3275 3.0215
-44.6968 -8.1932 -0.8872
-44.3268 1.1154 -0.6599
-8.9282 -8.6309 14.3904
-43.3469 2.9491 -0.4121
-23.8444 -12.1811 13.6591
-44.0788 3.0789 2.4486
-27.7347 -5.0635 24.1128
-47.3133 -17.5526 16.1586
-29.5327 -5.2358 23.6951
-8.4012 -6.4683 12.9296
-19.1566 4.8923 0.2845
-17.6050 5.7352 0.1251
-18.3660 5.0254 0.6219
-8.5614 -5.3764 13.4493
-17.4942 5.8610 1.1921
-48.0897 -16.2453 13.8667
-43.7663 1.4753 7.2390
-42.6076 2.9384 5.9869
-43.9580 3.0144 4.9304
-17.3423 6.1837 -1.1680
-16.4257 6.2764 -1.0895
-6.9046 -6.5465 12.7126
-40.6102 4.4918 4.1581
-24.5138 -17.8522 25.3527
-29.0590 -18.1081 23.5152
-45.2445 -6.9444 -0.9293
-16.4988 6.6332 -0.1090
-16.8983 6.5911 0.4058
-7.9253 -6.2699 12.4404
-16.2696 6.7185 0.7481
-15.6682 6.6675 -0.6665
-23.6914 -17.5560 25.4458
-48.1580 -16.0822 10.3181
-15.9314 7.0940 1.3449
-44.3633 -6.5690 -2.4594
-7.3348 -4.6912 12.0742
-15.2415 3.4465 4.9606
-48.6838 -14.9846 10.9912
-31.0799 -10.0002 24.0314
-44.3193 2.8797 3.9788
-43.8336 3.1281 2.8018
-16.0592 5.5442 3.7413
-43.2392 3.7910 3.3498
-46.2785 -4.9035 0.0066
-34.4065 -18.3108 17.3985
-35.8934 -18.3892 21.0466
-48.3043 -14.9685 9.5891
-42.1976 4.2425 3.8491
-13.4134 6.5294 2.8749
-13.3833 4.3150 4.1437
-4.6247 -7.5995 12.8880
-28.5758 -1.6663 22.9726
-3.9773 -6.1690 12.6543
-15.4109 6.8312 2.7263
-14.0621 7.1763 2.1118
-2.4113 -6.5551 10.6326
-17.8745 5.9324 2.2921
-26.0632 -3.0315 23.8852
-42.3494 4.1172 0.6019
-24.7842 -3.6349 24.4135
-48.8118 -12.0992 9.2337
-48.5957 -9.9304 6.5331
-17.0668 6.1892 2.1182
-47.8378 -14.5819 14.0107
-40.2444 4.8094 -0.8398
-40.9213 3.6916 -2.1658
-41.0965 4.8332 1.9020
-4.8769 -6.0977 12.9551
-39.4445 5.2967 0.5473
-15.1084 7.4818 1.7299
-31.1556 -2.6227 22.4110
-24.4768 2.0551 0.1258
-22.8861 2.6630 1.1060
-23.5561 2.5628 0.2713
-47.9132 -7.7599 4.6955
-22.9176 2.5826 0.2335
-22.2280 2.7852 0.0511
-1.9080 -2.8960 11.0316
-3.7674 -2.7177 12.9595
-36.8432 -17.6475 20.5055
-38.9121 4.7952 4.6382
-38.8917 5.4275 2.5307
-35.5704 -18.0809 22.2301
-46.7646 -17.3957 17.0008
-37.2902 6.4537 3.3659
-6.3251 -3.8410 12.6202
-4.7346 -3.0204 13.0793
-36.1658 -16.3908 22.2186
-47.0562 -13.9935 15.7409
-37.0502 -16.1622 20.6389
-48.4549 -7.8580 6.5307
-19.5406 5.0309 -1.0214
-20.7078 3.9022 -1.0732
-47.6714 -7.1001 6.4028
-37.6653 -16.1264 20.0112
-47.5117 -7.1076 5.1520
-30.4872 0.6769 20.8606
-2.9519 -2.3685 12.5535
-12.3337 -6.8190 8.7723
-18.4608 5.8763 -1.5884
-28.9497 2.0119 20.8374
-13.4182 -6.7461 9.1395
-17.6395 6.2319 -2.1685
-16.3534 6.3290 -2.6728
-15.2682 6.9654 -2.3222
-42.9315 0.3664 8.2575
-29.4599 5.7170 17.4123
-38.9200 -15.1019 19.6660
-13.4712 -5.3531 8.1663
-37.8731 -14.4609 20.3172
-11.1327 -7.6383 8.5410
-10.6297 -5.5947 7.6856
-47.1385 -5.3831 1.9767
-12.3975 -4.8877 8.0868
-11.5026 -4.5300 8.0272
-47.5322 -6.3986 3.6488
-41.7245 0.7639 8.7999
-10.0253 -3.9824 7.2363
-7.7116 -3.1013 12.1257
-47.2043 -6.1280 5.5352
-30.6215 7.5586 11.2872
-31.8094 6.5875 13.6069
-21.5303 12.7519 4.7954
-21.8288 12.5751 3.9401
-24.8055 11.6769 6.1193
-20.2302 13.9293 1.2920
-23.6664 12.5250 3.3677
-17.2818 14.3323 1.6253
-17.1661 13.5670 3.4924
-19.2099 13.3770 4.1757
-24.3747 -1.5538 23.4734
-38.7473 3.6625 7.3153
-40.0422 2.4772 7.3398
-15.9857 13.6728 4.5601
-47.6113 -5.0617 3.6108
-30.3637 8.0602 9.8055
-33.7082 6.0445 10.0332
-39.4311 -13.6832 19.4378
-40.6205 -11.7532 17.7519
-47.1376 -3.6745 2.4115
-37.0871 7.0041 -2.4035
-30.9189 8.3995 8.2963
-45.5512 -13.2529 16.8043
-26.9800 -0.0570 22.5765
-46.9903 -3.3608 1.4116
-42.8512 -11.1969 17.2115
-46.1557 -2.4570 -0.1866
-44.9750 -2.8724 -2.3323
-6.9607 -1.3587 11.8806
-6.4719 -1.3208 12.0003
-24.1050 2.8035 21.0606
-45.6507 -0.6709 -0.0823
-33.5975 -14.6008 23.9440
-35.4260 -14.6088 23.1443
-34.6780 -16.8826 23.6941
-36.2751 7.6326 -0.2252
-9.1634 -5.0849 14.7938
-36.7670 -14.4019 21.9332
-42.2073 1.6938 7.2860
-30.1322 8.4235 12.9432
-8.8450 -3.0504 15.0982
-28.3043 8.7642 14.1299
-40.7021 3.2690 6.1056
-37.4256 -11.5120 20.5389
-27.3300 2.2818 21.1522
-47.0101 -2.3912 2.4444
-30.1824 8.3909 11.5735
-28.3469 10.1994 10.8572
-28.0107 10.4488 6.2787
-26.9456 10.7958 7.6598
-43.1766 -5.0625 -5.0124
-28.3915 9.6378 9.2923
-5.0415 -1.1466 12.7454
-47.5975 -12.0323 14.0992
-44.2555 -4.0614 -3.3096
-27.6390 10.6607 9.2737
-36.5598 6.3980 5.9443
-3.8815 -0.0617 12.8679
-42.0379 -1.8564 -5.6156
-32.9173 9.2833 -6.7707
-35.5089 7.4064 -5.8074
-32.9350 9.9747 -3.5034
-16.6178 -7.5407 24.5579
-8.0866 -0.2712 13.8953
-25.6843 11.1510 11.8114
-8.6661 1.2363 15.4898
-13.3619 -4.1185 21.3404
-46.4112 -9.1358 14.7189
-43.0160 -1.3871 -4.3788
-7.8571 -0.6351 12.8401
-44.0457 -1.7543 -3.5371
-26.3720 5.4530 18.8914
-34.2909 7.2820 7.2998
-29.7707 11.3884 0.7862
-30.1306 11.6382 -3.2194
-33.8193 9.0701 2.3656
-7.3448 -0.4350 12.3628
-16.7257 -5.3299 24.2006
-5.7430 1.9053 11.8668
-29.8145 -17.6547 15.3466
-29.5576 -17.6627 17.8979
-25.2823 8.5637 15.9401
-19.3468 -16.7239 15.5288
-28.8356 -4.8950 -0.8805
-28.5851 -5.3617 -2.4530
-42.2205 0.3632 -4.2208
-21.3748 -16.9150 16.0007
-32.6869 8.7095 5.8954
-23.8321 6.3927 18.4044
-17.4468 -16.1624 14.9376
-30.8318 -4.1994 1.9137
-6.3971 2.4917 11.7110
-7.2580 2.7989 12.7692
-13.3986 -3.3434 21.4242
-18.9617 -14.9349 14.3533
-45.0097 -0.9279 -1.3850
-27.6681 -3.8319 -2.0858
-18.1742 -1.0135 22.5465
-22.2197 -9.9633 13.2346
-24.3084 -16.9486 15.9860
-23.2618 11.5115 12.5176
-21.7575 -9.3688 12.5325
-22.0639 -16.1813 15.3173
-27.6549 -3.7486 -1.1065
-43.2846 0.7279 -2.8428
-38.4688 -11.3125 18.9487
-23.1110 -10.4452 13.0717
-22.8478 -9.3478 12.5226
-23.7992 -9.7931 13.0133
-23.3085 -8.6966 12.4855
-26.9022 -16.7928 15.3137
-14.4498 -1.2503 21.1527
-20.6111 -8.5992 11.9775
-27.1990 -3.0767 -3.4988
-22.3411 -7.9989 11.9985
-28.7914 -17.3475 14.6831
-38.9164 -12.3280 19.1171
-19.3150 -8.4390 11.2604
-28.9299 -16.5854 13.9236
-19.3233 -8.8523 12.0133
-26.8941 -2.7636 -4.6835
-25.8125 -15.0180 14.6892
-23.8777 -1.5351 -5.8981
-25.1423 -1.2170 -4.4062
-20.5778 -7.4342 11.1901
-26.1455 -1.4698 -4.0366
-24.6942 -8.4511 12.1492
-39.7394 -9.3936 17.2680
-22.0463 -7.1236 11.1807
-23.1525 -6.8838 10.8609
-25.0244 -7.2002 11.3091
-27.7321 -2.6007 -0.9571
-38.4358 -8.1889 18.1234
-27.3263 -1.8922 -1.4765
-27.1255 -1.9950 -3.1709
-26.2588 -0.7198 -2.6312
-20.4925 -6.2089 10.5292
-11.8217 0.5026 19.1624
-21.3298 -5.4647 10.0641
-40.9941 2.3264 -4.4391
-17.5849 -7.9733 10.0010
-18.5772 -6.7270 9.7423
-16.4799 -7.9794 9.6369
-25.6732 11.9945 7.7724
-24.2655 12.2660 6.3639
-37.5296 -7.3864 18.6647
-21.7554 13.8834 6.4205
-16.6544 -6.3559 8.7223
-38.9271 -18.2589 7.9479
-36.2624 -18.3455 11.5936
-28.8885 -3.5024 0.5852
-15.2665 -5.7670 8.4682
-21.5170 13.3127 5.4179
-30.4722 -2.5879 2.7904
-28.0069 -3.2418 -0.1131
-28.6566 -2.4029 0.7858
-45.2144 -9.2672 15.7780
-21.7026 13.5605 9.3363
-18.1665 13.2247 11.0726
-21.5893 0.4968 22.3757
-36.6428 -17.7744 7.4448
-26.7542 -14.4301 14.0469
-28.1768 -15.0379 13.4184
-26.3429 -13.0322 13.6252
-27.8483 -13.3852 13.3240
-23.8364 13.0726 8.4020
-31.1472 -13.0884 13.4635
-30.6039 -14.3002 13.3801
-31.1674 -15.0169 13.4762
-30.3812 -13.1963 13.1335
-32.0962 -13.5623 12.7577
-31.8234 -12.6542 13.0723
-20.0385 -4.7928 9.1817
-18.5124 -3.7314 7.9331
-30.9534 -12.4195 13.0419
-29.3343 -12.1749 13.2484
-34.9257 -16.6448 10.2761
-35.8971 -17.7060 9.2880
-35.6175 -16.4095 8.5178
-25.4259 -12.4991 13.7880
-16.6521 -3.7521 7.5860
-36.3653 -18.1768 9.6293
-26.0486 -11.5375 13.1453
-25.0370 -10.8060 13.1312
-24.2061 -5.8681 10.6357
-46.3044 -6.6713 14.0145
-26.2325 -6.0595 11.2309
-25.4446 -4.3254 10.4757
-28.0793 11.5239 2.4891
-27.2591 -11.7486 13.3059
-26.6288 -11.1861 12.4002
-27.6291 -11.1515 12.9289
-23.2268 -4.6042 10.1149
-41.8484 -8.1648 15.8391
-26.0357 -11.0494 12.4259
-28.2440 -1.4995 1.4002
-28.6473 -1.3506 2.2150
-27.2014 -10.6592 12.4710
-19.1022 14.5422 5.8354
-25.9224 -10.4604 12.4684
-16.5167 14.5407 5.8362
-26.1964 -4.2457 10.2966
-27.8288 -5.4301 11.0435
-28.2979 -9.9913 13.6207
-26.6548 -9.6081 12.6084
-27.4952 -9.7244 13.4468
-27.3940 -8.5857 13.1078
-26.0677 -3.2022 9.9337
-24.8404 -9.4091 12.7718
-24.7599 -2.8646 9.2733
-43.5387 -7.9753 15.7596
-25.8020 -9.3138 12.3747
-17.6006 14.7477 8.4936
-26.6271 -1.2033 -1.4433
-40.7069 -7.1630 15.6332
-23.5659 -3.2358 9.2548
-43.9115 -5.7181 14.2508
-27.6947 -1.3157 -0.0944
-26.6587 -0.4437 -1.0909
-26.7101 -0.2844 0.1003
-20.5660 14.5365 7.1106
-18.9743 14.9438 6.9270
-16.1787 14.9866 7.2430
-26.2616 -7.4369 11.9736
-24.1968 -2.1051 8.7241
-32.2331 -17.8509 13.6337
-34.7200 -17.9127 11.3257
-33.6927 -16.7477 11.9470
-25.8152 0.7686 -0.7370
-39.2033 -8.2921 17.2194
-27.9502 -9.3059 14.1780
-28.6579 -8.8817 14.1224
-25.5426 0.6066 -2.4603
-24.7613 0.5979 -3.0424
-26.3086 0.1556 -1.9295
-21.9049 -2.9447 8.2370
-39.9249 -6.9710 16.2029
-33.9029 -18.1647 12.6451
-32.6860 -11.9357 12.9932
-33.1632 -12.5661 12.3043
-39.1799 -6.6435 16.3047
-25.3313 1.0487 -1.2891
-32.7043 -10.1560 12.9386
-27.6749 -0.6920 1.4655
-31.4048 -10.3831 13.5335
-32.5126 -15.4241 12.8571
-18.8997 -2.8957 7.8399
-20.1496 -2.3192 7.3774
-16.9329 -2.1312 7.1252
-32.0087 -8.7573 13.1490
-30.0928 -10.8350 13.4113
-18.8236 -1.0394 6.7019
-25.5969 0.6084 0.3921
-39.4387 -4.9767 15.1872
-33.9322 -14.0911 11.2895
-39.0651 -5.4877 15.4000
-38.7558 -5.8026 15.6817
-38.4110 -4.6312 15.3846
-33.1991 -8.5478 11.2194
-31.8365 -16.5776 13.3588
-30.2854 -17.3680 13.7022
-31.2384 -17.9658 18.8505
-10.7248 -0.4063 18.5186
-30.1869 -16.3942 13.3608
-30.6911 -7.9832 13.6157
-29.5919 -7.9811 14.0982
-32.7073 -6.7634 11.0729
-14.5747 -3.8946 7.6074
-31.7888 -7.0258 12.4716
-9.5569 2.3406 16.7170
-23.6708 0.4788 -3.4833
-22.9447 0.2890 -4.3801
-30.1554 -6.7034 13.3879
-26.9395 -7.7685 12.2629
-11.9718 -3.2014 7.6842
-28.0399 -8.1374 13.8639
-13.0038 -3.7166 7.9669
-27.5690 -7.4907 13.3305
-28.5942 -7.9313 14.1236
-20.0836 2.4754 -6.1853
-13.8919 -2.8742 7.3246
-28.3184 -7.1567 14.2310
-28.0138 -6.8000 13.7407
-12.5679 -1.8596 6.5865
-20.8642 2.4401 -4.2018
-29.1419 -6.1631 14.0476
-29.5313 -5.9610 13.8796
-28.7185 -6.5320 13.8946
-28.5924 -6.1402 13.1330
-15.2101 -1.9384 6.7797
-27.9153 -6.4988 12.3185
-13.7745 14.0354 9.9595
-27.3437 12.8776 -2.7076
-13.5191 -0.8518 5.9496
-15.3181 -0.8816 6.6081
-30.9162 -5.7395 12.1554
-29.9683 -5.9224 13.2121
-11.0610 -2.0856 6.8198
-29.7901 -5.4432 12.4847
-29.1331 -5.6927 11.9681
-29.0838 -5.5761 12.8184
-29.0072 -5.5435 11.4574
-8.6956 -0.2394 5.5322
-11.1347 -0.3060 5.6146
-6.2762 -3.9665 6.9075
-7.7190 -5.5849 7.5148
-4.5849 -1.7565 5.6873
-29.8320 -4.9071 11.0385
-28.7851 -4.2065 10.5601
-29.1992 -5.3284 13.6392
-29.5727 -5.3856 13.6843
-11.6985 0.3545 5.1709
-8.6407 4.3048 15.3252
-21.6628 14.6319 -4.1775
-24.8764 13.8316 -4.8018
-45.3635 -6.3466 14.4474
-8.2290 6.6660 13.5702
-14.3890 -16.3186 14.2982
-8.1890 2.2497 4.3249
-9.6668 5.1515 15.9299
-16.5109 -0.4753 6.3079
-26.0453 11.2407 6.2495
-13.5009 0.5189 5.5764
-17.4735 -14.5976 13.5639
-15.1888 -15.4473 13.7600
-19.1657 3.1794 -7.4496
-39.3058 4.3588 -4.6145
-42.0179 -4.5066 13.7059
-42.2605 2.9748 -1.9686
-23.1269 14.1351 -1.7523
-18.5618 2.9670 -8.4097
-15.3312 -14.0310 12.5649
-16.9488 -13.4562 12.5725
-17.1321 1.4642 5.7335
-12.3329 -14.0364 12.2561
-38.1412 3.7460 -7.7082
-28.0112 -15.7382 14.2376
-12.3859 -12.4308 11.3737
-15.1651 -12.2443 11.6873
-33.3641 -7.3525 9.4627
-17.4855 4.6565 -7.4547
-33.0681 -6.1292 9.0269
-11.7827 3.7693 3.8593
-29.7110 -14.3569 13.0102
-18.1852 4.1625 -6.2426
-13.8844 2.3808 4.9753
-32.7867 -5.5244 9.8230
-24.2634 1.2824 -2.2286
-36.2075 5.6591 -8.3847
-23.9773 1.9690 -1.9264
-22.2029 2.3296 -3.0601
-33.4232 -5.7116 7.6252
-21.7911 2.8767 -2.4675
-32.2020 -4.9804 7.4255
-22.8789 2.1547 -0.4022
-23.4232 2.1997 -0.8817
-22.1485 2.7725 -1.3443
-22.1691 2.5565 -0.5374
-24.2209 2.0255 -1.0105
-33.9514 7.2224 -9.3064
-32.1174 -4.9764 8.2398
-23.3830 2.5707 -1.7463
-32.2232 -4.8721 9.0620
-31.9103 -3.9094 8.3416
-31.4316 -4.3470 6.9582
-31.4386 -3.4777 7.4605
-9.7843 -10.3029 9.5349
-19.2121 3.9843 -3.9248
-31.5303 -2.9801 8.5892
-32.1322 -5.2295 10.6091
-30.6259 -4.6359 10.7144
-31.4823 -3.7445 9.2010
-34.1311 -18.3395 22.9765
-16.9689 5.0163 -5.7123
-17.8699 5.1833 -3.9039
-19.4226 4.7751 -2.4187
-27.8403 -17.7476 20.9953
-29.9511 -17.9614 20.8341
-17.0499 4.1554 19.3335
-8.5183 -8.8852 8.7746
-17.0275 6.1141 -3.2884
-31.4641 -18.0501 20.3179
-6.7581 -7.7205 8.1768
-20.2447 5.5648 19.0001
-31.2006 8.1492 -11.6294
-25.7864 8.4355 -14.7866
-2.8849 -6.0261 7.0336
-25.9671 10.0529 -12.9473
-27.4409 9.1819 -12.7784
-28.9733 9.3349 -11.7575
-26.1816 -15.5668 27.5937
-30.8423 -17.7310 20.2782
-28.3545 -18.1309 25.3016
-9.3979 -7.5567 7.9963
-29.2315 -18.0464 25.2240
-28.0713 -17.3928 26.2974
-45.3060 -16.7681 4.4417
-45.9223 -15.9108 5.2057
-45.6495 -14.5966 3.9045
-46.2657 -14.2569 4.8969
-46.5005 -15.1010 6.0008
-32.5742 -18.0342 24.2618
-34.4143 -17.9227 23.6295
-16.9433 7.1913 17.3138
-7.7807 6.5183 12.2728
-9.0590 7.2067 14.4123
0.4231 -4.6371 8.7786
-8.4964 4.6146 3.1773
-7.9374 3.6943 3.5943
-9.8987 4.9992 3.3981
9.0379 16.9644 -5.5434
10.8970 16.9173 -7.0660
5.6138 16.4388 -7.4259
-8.9293 9.4215 12.7286
23.0465 13.5514 -9.4270
24.5245 11.6773 -11.3084
22.8278 12.1698 -12.8018
-7.7032 8.0847 11.3436
-6.6521 4.7488 2.5374
-5.7698 3.8997 3.2193
-0.8828 -6.3292 9.0582
-0.0290 -3.5559 8.7977
-8.2466 5.4780 1.6772
-9.4487 5.6003 2.8729
-8.0064 9.2582 10.9268
-9.7545 6.0741 2.2039
-0.8659 -4.0775 9.4604
-10.5434 6.1748 2.8145
-9.3599 14.9635 -5.4412
-8.6453 10.0945 -5.2567
-9.7912 12.3960 -6.8849
-9.4962 11.4295 10.8038
-8.0214 14.7414 -3.9752
-8.8463 15.2600 -4.1850
-10.4455 15.1569 -6.7940
0.9145 -5.5020 6.7829
-6.7012 15.0432 -2.9280
-6.0330 15.2006 -2.3644
-8.9062 14.8124 -1.7154
-6.2585 8.7303 9.7358
-4.4573 7.5330 10.0888
-4.7937 9.2305 9.2431
8.5275 16.3898 -2.4132
13.8568 16.7624 -2.4079
-13.4757 15.1436 -3.1575
3.3035 15.8952 -3.6878
-5.1367 10.8002 7.8896
-2.6434 8.1291 8.9155
-10.3863 4.3123 3.4190
-11.5508 5.8771 2.9592
-11.6922 6.5270 2.1309
-0.6731 -1.3985 9.3235
-20.4221 11.5352 -13.8338
-7.6963 8.7281 9.7331
-7.7886 10.0372 8.7402
-8.9512 10.7515 8.5919
18.3676 14.5181 -12.3103
21.0697 15.2088 -6.2521
24.4872 14.4645 -4.0059
-0.9187 -2.4224 5.5121
-10.7596 6.8560 1.2137
-9.4821 11.1706 9.2042
-7.2321 10.8449 8.7697
-8.6381 11.8442 7.4132
2.5445 11.4022 -12.6932
2.1453 8.7318 -13.1192
3.0648 7.8012 -11.5217
-9.4813 11.6328 7.5122
1.3128 -2.4041 5.6767
-5.5637 4.3915 1.8700
-7.0140 4.7219 0.3097
-6.2110 3.6319 0.9916
-6.5788 5.0912 1.6750
0.2931 -0.6469 8.6350
-7.3974 5.3243 0.4773
-11.4815 12.7813 7.2003
-8.7682 6.0870 0.3090
-10.7723 12.1404 6.8497
-8.7296 4.3154 -1.7651
-9.1077 5.3688 -1.5878
-1.7835 0.2902 11.1536
-9.2264 5.9231 -0.9723
-9.9927 11.4034 11.7069
3.5480 7.4227 -10.1582
3.6617 8.5729 -8.9223
3.6900 13.0246 -10.8634
-6.5791 4.9837 11.1468
-6.7779 3.7277 11.7289
10.5015 15.6466 0.4170
6.2506 14.2908 1.2100
-4.5981 4.1143 11.5213
-4.8410 5.2872 10.6823
6.9631 2.1111 -6.1337
9.3837 1.6510 -7.4661
9.2723 1.0912 -6.4658
-5.7930 6.1355 10.4824
6.7643 2.6336 -7.0517
-7.3076 7.1547 10.3886
-6.9102 7.5665 10.0401
6.8220 2.7961 -8.0279
8.7498 2.2016 -7.8972
-3.4581 5.2526 10.6576
-3.9003 5.9996 10.0167
-11.3054 13.0423 10.5148
-4.7400 6.7475 10.1564
-1.0840 6.8207 8.1303
-0.0197 6.3548 7.1016
-0.6164 8.1280 6.2913
-15.1142 12.2828 -14.4424
-2.7523 5.2178 10.9621
-2.8975 6.6350 10.0831
5.7163 2.4246 -4.5345
6.9789 1.9076 -5.3381
8.9420 1.7880 -5.1276
5.3775 3.0878 -3.8743
7.6462 2.5226 -4.5919
4.8724 2.9281 -5.3083
8.3895 13.6637 4.8378
9.1043 14.5979 3.2813
9.3318 1.0858 -5.8247
-11.5255 13.5116 9.0229
3.6065 -0.4159 5.0135
-1.8086 8.6116 7.0915
13.2265 15.6461 2.5788
1.5713 0.7134 4.1615
3.3620 -1.6206 9.2938
-6.8580 11.7089 8.0078
-8.0382 12.2893 7.3552
10.9970 16.2168 -11.1294
6.7954 15.5676 -13.6452
5.6715 15.9426 -12.3077
3.0304 0.2914 8.8359
-1.9268 14.9729 -2.0153
-4.2101 14.9448 -2.3538
4.0091 -0.4495 9.1882
-4.5482 14.2168 0.1261
-0.3022 15.2042 -1.7060
4.4500 1.7719 9.1235
-10.5607 12.7182 5.8127
-9.5642 13.6741 5.5808
21.7622 12.3979 -15.9147
23.2718 11.5678 -15.3404
-7.4522 13.3739 5.8938
-9.2282 14.4708 4.7836
1.9473 1.6339 8.2665
-4.5705 10.9567 6.5318
-5.7273 12.5191 4.5054
-6.4643 13.2554 4.9935
-18.3357 13.3014 -11.6560
9.3543 2.8464 -4.5473
-14.2363 13.6465 -12.1940
-8.3321 13.9236 1.3655
11.2170 3.8012 -1.4571
12.2211 3.7619 0.0482
10.4954 3.4117 1.0315
14.2597 16.4373 0.1000
17.9303 14.3443 -15.7092
20.9996 13.1161 -14.5205
3.4293 2.3776 8.4209
13.0660 12.0637 10.0461
13.4188 12.7491 8.3789
10.4233 10.0607 9.8663
10.8209 9.7840 10.6151
3.5120 2.9964 1.0152
4.4270 2.9034 0.0052
4.3392 2.9586 2.0814
12.0658 13.1933 7.1165
6.7072 3.0159 0.0209
2.9060 3.2096 -0.3769
3.2469 3.4774 -0.6610
-0.1096 15.1023 -2.2702
-0.9205 14.9215 -2.4082
14.5884 13.1844 9.5766
15.2858 13.5395 8.8991
2.4120 3.4455 0.9802
2.6021 3.1098 0.0074
-3.8088 0.5993 4.4581
1.6512 3.5701 0.5954
5.3979 3.0560 -0.6776
4.4846 4.1163 -1.2225
3.5184 4.1978 -1.2287
8.6576 3.1044 -1.3443
7.9215 3.3825 -1.7086
9.4086 3.5112 -2.6847
-2.6534 1.5761 3.8074
8.2930 3.6884 -2.3331
14.6899 14.2241 6.7740
10.2983 3.5448 -2.0505
9.0130 4.5804 -2.8486
12.0383 9.8436 13.1261
8.1063 4.6552 -2.2885
9.7110 3.8109 -3.4393
13.9580 12.6444 12.0240
6.4007 3.4197 -4.1653
15.7034 15.0257 -14.0234
19.1230 14.0958 -13.6246
4.8063 3.0218 -4.2478
5.0915 3.8474 -3.2749
5.6404 4.6333 -3.4175
7.6394 4.0187 -4.2277
8.7553 4.5297 -3.8006
14.9546 13.7849 10.9400
15.8002 13.9091 10.3538
12.2127 11.1285 11.4124
13.9898 14.9583 -17.0764
11.8081 14.9579 -18.2433
-22.7273 13.1541 -10.2620
9.0561 4.7410 -3.4146
7.6420 5.1173 -3.4681
6.3897 5.2931 -3.3573
-17.7981 14.9505 -1.4974
-16.6254 15.0294 -5.2742
3.3518 15.4157 -1.7236
8.3522 3.0006 0.5187
7.5076 3.2744 -0.9354
-1.1020 1.7424 3.6944
17.0157 14.8970 10.8367
7.6123 3.1482 1.8758
15.7720 14.9196 6.7046
15.8431 15.0912 5.4162
15.6390 14.4530 8.1538
13.8766 15.3785 -15.3637
11.2837 15.3402 -17.0949
2.5945 2.3577 3.0280
16.1056 15.7910 7.3842
16.8981 16.6147 6.0691
-21.6481 14.2484 -7.9661
17.2284 16.2177 9.5923
16.1733 14.9417 9.3368
15.1175 15.9373 -10.2411
16.3543 16.3966 -6.6129
9.5676 3.3542 -0.1730
10.7669 15.2636 -15.6670
-14.4261 14.8094 -8.4321
5.5871 3.4670 -1.0621
16.6982 16.4360 8.4187
-0.1528 2.7971 3.4422
1.5997 2.6085 3.1977
6.2905 4.1820 -1.2806
7.0279 4.5511 -1.4542
17.8129 17.6778 7.3614
4.9508 4.8629 -1.6405
18.2189 17.3132 8.9294
-0.3486 3.8004 8.2741
5.7677 5.3912 -1.6185
6.9244 5.2007 -2.1418
0.3780 3.3585 7.8840
7.3980 5.4158 -2.9575
6.0231 5.8227 -2.4741
-3.0773 0.7938 12.4883
-5.9613 0.9437 -0.7655
-6.0622 0.5479 -1.9437
-4.9728 0.3280 -1.1447
-6.8936 2.0668 -1.1958
-6.5597 2.8682 -0.2673
-2.7137 -0.0128 0.0831
-3.0358 -0.0555 -0.6801
-1.4548 -0.3462 -1.0261
-4.0371 0.2803 -0.1889
-1.9425 0.4416 0.4201
-0.9546 0.2142 -0.6503
-1.5658 -0.0457 -1.8115
-3.6207 0.3400 -1.8082
-0.1346 -0.2189 -1.7651
-0.2068 0.0693 -2.6084
0.2088 0.2015 -2.3949
0.1020 0.1463 -1.7166
8.0679 11.3485 7.5340
-0.7888 0.4675 -2.6619
-0.4944 0.6972 -1.2145
0.0072 1.2747 -1.9433
13.5051 14.8453 4.8608
-2.0694 0.5075 -2.1785
18.4543 16.3685 -2.4709
-1.8430 1.5256 -2.4562
-0.3845 0.9918 -2.7753
-11.7889 12.3410 -15.8077
-0.4498 1.6839 -1.0580
-0.6132 1.1049 -0.0192
-5.3467 0.5717 -2.4602
-8.9606 13.9215 -14.8758
-8.2658 13.5562 -13.8663
-8.4084 10.8535 -13.2449
-3.6857 0.8134 -2.4723
17.2373 15.9968 3.8159
17.3318 16.1164 2.4946
-4.3023 1.4628 -2.7926
17.6268 17.0310 4.5521
-11.7956 13.4198 -13.2477
-11.8981 13.3236 -14.3878
-10.8182 13.8620 -13.7111
-5.1104 1.4570 0.0696
-2.2268 2.8752 -2.5915
-4.5233 2.8639 -2.6954
-2.0112 8.9251 6.3811
-2.0493 8.8220 5.8053
-3.6262 10.2528 5.4415
-3.0601 10.3380 4.2950
-2.5435 1.1025 0.8617
-4.8899 2.5090 1.0357
-3.7736 2.5751 12.2269
-6.3408 13.6917 -15.6426
-3.5249 2.6325 1.2485
-6.0596 12.7217 -14.8145
-7.3940 13.8817 -14.6391
-9.2173 13.9642 -13.7710
-0.3919 1.7986 0.7780
-0.1798 2.1433 -0.0295
-11.4880 4.8344 -7.7467
-12.4158 5.0167 -7.1464
-12.6313 4.3860 -9.2149
-13.3914 4.8481 -7.2214
-2.3375 3.5817 11.4051
-10.7291 1.8771 -9.9892
-10.4976 3.1591 -8.7749
-5.4147 13.1332 -16.8294
-9.4506 2.8748 -9.2808
-9.0347 2.9893 -9.9510
-11.3911 13.3192 -12.3600
-10.5489 13.8797 -13.0246
-10.5741 13.3908 -12.3881
-1.0808 2.6549 10.0223
-12.3614 13.8375 -12.1760
-10.5241 13.2547 -10.8910
-9.7236 12.5193 -11.7682
-9.7517 13.0945 -12.3079
-10.9404 13.3682 -11.5672
-0.9552 2.3669 1.2103
20.0449 16.9561 9.3946
-2.2909 3.5139 1.5685
-11.2579 2.9907 -9.2118
-11.2404 13.7852 -10.7405
0.4003 2.9551 0.3254
-11.2306 14.3241 -10.1920
-0.2440 3.4854 0.8079
19.2126 17.6202 8.8696
-11.7813 3.8918 -10.2449
-9.2505 4.9463 -9.5762
-9.6548 9.0454 -10.1703
-9.3539 4.5715 -8.5551
-11.4335 3.4706 -9.8139
-9.7496 13.6833 -12.6744
-4.4799 11.5969 4.2775
-11.7109 4.2051 -8.9332
-11.2652 4.1415 -8.3650
-8.8846 7.5663 -11.5783
22.4024 18.4616 4.2609
21.7086 17.9399 2.8339
20.9863 18.3787 4.0192
-6.5939 1.5517 -2.2877
-5.6560 12.3511 2.8229
21.3723 18.6704 5.2342
22.4480 17.5105 8.1628
-7.5691 2.9899 -2.1477
21.6536 16.9242 8.8200
-6.4987 12.8105 3.0437
-8.8198 3.8616 -3.5362
20.5251 17.6431 8.4289
-9.9242 5.1831 -3.2915
-10.5415 13.8341 -9.2348
-6.4678 2.4009 -3.0824
-6.9693 13.7024 3.1928
-8.9706 4.6758 -6.4678
-9.6603 5.1033 -7.3967
-9.1808 5.4238 -7.4616
-11.7527 14.7487 -9.6659
-10.1177 4.4432 -8.0072
-5.6638 2.2881 -2.9781
1.5783 3.4681 2.1994
0.0737 4.2155 1.0334
-10.6412 14.7924 -8.1575
-1.1387 5.1000 9.2948
1.2820 3.8057 -0.1473
22.7824 18.1230 6.5433
-1.0438 4.1358 1.3361
0.1872 4.0236 0.2357
1.3119 5.1783 7.2976
-10.4667 5.0597 -7.6003
-0.5753 3.9278 2.6842
-11.0615 5.2104 -6.3805
-6.8218 3.7251 -3.9409
2.5859 6.0211 7.1152
-4.9876 5.8740 -3.0267
-10.1496 6.7432 -0.0488
-10.9553 6.4571 -1.6008
20.6068 18.4843 7.2780
-12.0635 6.9270 -0.9155
-0.3082 6.8814 -3.2131
-2.3304 9.5049 -2.6583
-0.8334 10.6929 -2.9904
19.4546 18.4840 7.0149
19.0028 18.1550 5.0325
-9.8658 9.5169 -8.6672
-10.8837 6.6342 -2.2258
-12.4204 7.2589 -2.0702
-0.1566 10.6422 -15.0057
20.2557 18.7091 5.9107
-7.6339 3.6388 -3.5585
1.4172 11.6298 -14.0860
-11.5156 7.2589 0.2063
0.5716 12.6713 -14.9854
-1.2751 10.3558 -15.3657
-1.5771 12.2073 -15.7718
-7.7949 4.7499 -5.0193
-6.5499 5.3592 -3.8524
0.7813 11.9655 -16.2699
1.3460 11.8214 -16.2377
-12.4833 7.2615 0.4156
-13.2342 7.6438 -0.0055
-8.4144 4.0360 -4.3517
2.5764 12.2461 -16.3651
-15.1204 6.9204 -1.2377
-8.1117 4.4053 -5.0450
-14.6104 7.5698 -1.3592
-13.7010 7.2374 -3.0704
-13.7614 7.7202 -1.0927
2.0283 12.3305 -15.8077
2.9866 12.8840 -16.0824
-14.1528 8.1528 -0.2814
-15.2953 7.4960 -0.5480
1.6597 12.6178 -15.8781
-15.2363 7.8467 -0.0042
0.8046 12.5145 -16.5488
1.9425 13.3381 -16.5757
-14.0629 3.6501 -9.4918
23.8576 16.9695 3.3801
-12.9308 3.5803 -10.7890
-2.1527 5.6747 10.6297
-11.0895 6.8148 -2.8446
-12.5716 7.1669 -2.7050
-2.9892 4.9797 -2.7265
23.2319 17.8794 3.7955
22.3856 17.1616 2.3121
-15.4480 4.3191 -8.2638
-13.0286 7.3662 1.2258
12.9303 15.3886 -13.6998
-16.3065 5.0081 -7.6439
4.6352 0.2817 4.6775
6.9420 0.6538 4.3812
18.7287 16.7597 3.1756
2.9582 13.3807 -16.1709
-6.2747 12.3861 -3.1045
-7.5812 11.7657 -3.9129
-14.1751 4.3443 -7.6282
19.8497 17.5671 3.1864
-14.3734 7.9095 0.7201
3.0840 13.9461 -12.4959
1.1780 14.1709 -14.8518
-14.4095 5.1287 -6.6991
8.6480 14.9266 -15.4005
5.6336 2.4798 -8.7992
3.6562 13.4494 -16.9992
5.6927 14.3908 -16.1640
4.9639 2.9709 -7.5664
6.8644 2.2863 2.5142
8.4231 1.7175 3.4505
5.5941 1.9187 3.0009
3.6083 4.0728 -8.6611
3.7795 3.2019 -7.2612
-12.7014 6.2658 -4.8475
-11.4981 5.7915 -5.1714
7.0578 14.3773 -17.4881
-14.2599 5.8256 -5.3826
11.1113 3.1607 3.1888
-11.3857 14.8540 -1.4775
3.7651 2.7627 -4.8564
3.6066 3.0714 -5.5055
3.3367 3.6735 -6.7887
-5.7777 13.2789 1.7720
0.8911 10.7405 -3.7057
12.9468 3.2072 2.6567
2.6432 3.4630 -5.3446
4.6530 3.2755 -6.3600
3.5572 14.1406 -16.1217
2.5962 14.2418 -16.0561
14.0667 3.1533 1.4153
9.0593 3.0580 2.5464
-6.9407 13.4043 2.2658
-8.2510 13.8731 1.9465
-10.8998 5.9926 -3.8038
12.4482 3.4535 1.6956
10.9452 3.5867 2.3619
3.1580 14.7799 -15.1817
-8.4002 14.3618 2.3960
-14.9895 6.5076 -3.9805
2.3603 4.7072 -5.4574
-11.9224 6.8153 -3.5557
2.6486 5.7609 -5.6987
-7.6266 14.3307 3.7769
3.2644 6.6471 -7.2015
0.4233 12.2692 -17.5318
-9.3778 15.0897 3.5489
-10.0424 15.3325 2.5568
-11.3964 15.5122 2.9311
-10.9951 14.6851 1.0496
-12.8086 13.4680 5.8111
-11.7162 13.0234 5.2515
-2.4095 13.1415 -16.6079
-3.1945 12.5281 -16.2154
-10.6077 13.3490 5.0442
-10.6440 15.2506 1.7691
-0.3552 13.9366 -16.3656
0.5728 13.7925 -16.7916
-9.1666 4.1119 -5.3923
0.2041 12.7909 -17.4664
-12.9658 13.6850 5.2299
0.8902 13.3380 -17.1141
-11.7061 13.8078 4.8522
-10.1632 4.4592 -5.5122
-9.6363 4.5954 -6.2455
-10.3524 4.9222 -5.0345
-10.2565 5.0407 -6.1943
-12.3040 14.3024 4.6154
-14.2043 13.8460 4.2652
-15.5729 14.9139 0.6651
-9.1476 6.6144 -6.9507
-14.2994 14.3592 6.0509
-13.6033 14.8427 0.1015
-13.3467 14.4752 3.4905
-13.5639 14.4701 7.4855
-2.7634 13.1054 -17.3469
-1.5769 14.1966 -2.5541
-0.0104 14.4806 -2.9124
-15.3964 14.3242 2.9842
-12.8239 14.2426 9.1274
0.5413 14.1204 -15.5188
-14.6067 15.2371 1.8340
26.5681 11.9420 -8.4250
28.1700 12.2022 -6.1556
27.3947 13.4379 -4.7015
1.8970 14.9050 -4.3231
2.0196 9.4718 -4.7419
-12.7429 15.2182 3.2258
1.4237 15.4082 -3.4303
26.0523 14.5297 -2.9893
-15.4519 14.9128 8.3156
0.1815 8.5067 5.9405
2.9211 7.8436 6.3919
2.6607 14.7265 -13.4694
3.2683 15.0700 -13.7747
3.6861 12.9244 -8.1394
27.2322 14.5285 -2.4366
-0.1534 9.9994 4.7205
-3.6928 11.9837 2.8460
0.0186 1.0813 -2.6060
25.2082 15.0415 -0.5093
-0.2313 1.9546 -2.3057
-0.8443 2.5833 -2.3243
22.4729 15.7373 -0.2595
-0.5263 2.6873 -1.5941
3.9460 15.2870 -10.8626
3.5176 10.9092 4.2000
3.8219 15.4553 -11.9686
2.7090 2.4442 -3.4927
1.8223 2.4212 -3.5839
2.5928 2.4294 -4.4138
1.9784 2.8205 -2.4533
3.3729 2.7773 -3.6514
1.0835 4.0664 -3.6846
1.8371 3.0345 -4.3477
0.7850 11.5925 3.3774
2.7788 3.6504 -1.7565
4.2936 5.1533 7.9991
-15.7498 5.5193 -5.7401
3.3480 3.6986 -2.7382
1.0198 3.0958 -2.4071
1.4964 2.9991 -1.6095
0.2729 3.8959 -2.7315
-0.6345 3.4829 -2.4049
3.0813 13.1774 1.9846
-0.9533 3.9247 -2.7986
4.6301 12.4870 3.1725
4.2872 15.8973 -9.7530
4.3923 10.5111 5.8455
3.7918 9.0126 5.9962
0.6037 5.8215 -3.5777
-0.1118 2.9744 -1.2894
0.5188 2.8336 -0.3302
-10.5063 13.9413 4.9505
0.6280 3.1353 -1.3717
1.0976 3.5005 -0.6115
4.9943 11.9302 4.9809
7.1752 7.9027 9.8994
-12.6095 15.3157 1.2884
5.9153 12.5792 4.9650
-11.2524 14.9190 3.9947
5.5793 10.7339 7.1505
2.1537 3.2891 -1.2523
5.6211 16.3509 -10.2260
4.8540 8.0575 8.4928
3.3555 4.3357 -2.1212
4.2266 4.4015 -2.0285
-4.1217 10.7268 -2.5859
-1.3009 4.8987 -3.0199
4.1323 7.3981 7.2898
-0.5188 13.5458 1.2073
-4.2281 11.7787 2.8408
4.1177 3.3632 -3.7251
21.7758 16.3450 1.2597
20.6869 16.6786 1.8516
4.0956 4.1462 -2.8714
4.9019 4.4389 -2.7059
27.0601 15.4088 -0.1771
28.2686 15.3608 -1.7696
28.1244 15.9409 -0.7572
2.7990 9.9834 -5.8153
5.7260 8.8839 8.6606
26.3555 9.5090 -12.0329
5.0107 5.3294 -2.4335
4.4772 9.5828 6.9919
5.4756 5.6058 -2.7867
5.1708 5.5420 -1.9076
23.3660 15.9645 1.6408
3.3877 14.8081 -6.9381
24.3002 10.7923 -13.8718
3.7428 15.8598 -6.9558
2.9988 15.5984 -5.4392
-6.2360 2.2633 3.9799
-3.9145 2.3729 3.7341
19.7447 16.2948 1.4784
14.2207 -0.2818 -6.4965
8.8706 7.5848 10.9870
12.6637 0.8798 -5.4690
28.9667 12.9392 -5.1975
9.9864 8.0403 12.0981
29.7381 14.0664 -4.1941
28.3210 14.4425 -3.3620
-3.3648 2.9854 3.1338
29.1333 15.5059 -2.4089
14.4023 1.7540 -2.9462
12.1168 2.5116 -3.9870
-4.5885 11.0066 -15.1710
-3.4073 3.8159 2.7820
10.7512 0.6747 -7.6518
-2.8216 4.2126 2.2467
-2.0940 4.2880 1.8996
10.9918 0.8256 -6.4379
-4.4969 4.1564 1.7162
11.3088 1.7393 -5.2015
10.1258 3.2295 -4.1312
14.4239 2.5405 -1.7480
14.1234 2.5753 -2.5169
12.5337 3.2631 -2.9460
13.3106 3.3817 -0.5558
11.8153 3.6931 -1.9448
-7.3075 6.2756 11.1452
-6.1417 7.1357 10.4065
10.9084 3.7240 -3.4000
11.1869 4.0799 -2.8101
-3.9992 12.0412 -15.4953
-4.5905 12.8751 -16.8331
-4.7459 12.5597 -16.0566
-5.7071 12.9560 -15.2020
-10.2472 12.6740 -10.3089
