0.000000 17.056763 0.189054
1.381563 15.872194 0.100657
2.948258 14.375860 -0.002828
5.782975 14.282999 -0.248626
0.000000 14.656049 0.189054
1.648299 14.573432 0.109797
2.557479 14.156399 0.005848
0.000000 13.907945 0.189054
1.648299 13.873318 0.109797
2.438953 13.774038 0.014302
4.651937 13.148661 -0.265414
2.064714 14.201845 0.063366
2.042175 13.818091 0.065299
0.000000 14.328101 0.189054
1.648299 14.273532 0.109797
2.021453 14.083583 0.067090
2.483630 14.007148 0.011062
5.594116 14.043452 -0.253269
0.749325 16.721491 0.139372
0.893115 14.637961 0.139722
0.881579 14.302582 0.139722
0.881579 13.891747 0.139722
0.407647 16.938099 0.174689
0.466317 14.614729 0.174761
0.466317 14.283416 0.174761
0.466317 13.902131 0.174761
5.418470 14.850787 -0.160829
4.791488 14.254265 -0.168116
4.503238 13.903300 -0.167309
4.072441 13.448350 -0.161213
4.753601 15.227212 -0.053559
3.523775 14.187793 -0.030272
3.403385 13.998405 -0.025406
3.234697 13.648087 -0.017810
2.879428 13.722899 0.001165
2.958702 14.016561 -0.003420
3.006631 14.146173 -0.006094
4.339926 15.209774 -0.051084
3.681560 13.565840 -0.100410
3.900229 13.944861 -0.106954
4.132062 14.219296 -0.112233
5.116159 15.081195 -0.115715
2.335647 14.144103 0.038059
2.277959 14.047474 0.042533
2.267845 13.801675 0.043328
2.664570 13.756149 0.014605
2.721597 14.010511 0.010894
2.786211 14.128393 0.006814
3.687201 14.958362 -0.036136
-5.631254 14.592363 -0.193813
-1.386178 15.872194 0.100657
-2.948258 14.375860 -0.002828
-5.782975 14.282999 -0.248626
-1.648299 14.573433 0.109797
-2.557479 14.156400 0.005848
-1.648299 13.873318 0.109797
-2.438953 13.774038 0.014302
-4.651937 13.148661 -0.265414
-2.064714 14.201845 0.063366
-2.042176 13.818091 0.065299
-1.648299 14.273532 0.109797
-2.021453 14.083583 0.067090
-2.483630 14.007148 0.011062
-5.594116 14.043452 -0.253269
-0.749325 16.721491 0.139372
-0.893115 14.637962 0.139722
-0.881579 14.302582 0.139722
-0.881579 13.891748 0.139722
-0.407647 16.938099 0.174689
-0.466317 14.614729 0.174761
-0.466317 14.283416 0.174761
-0.466317 13.902131 0.174761
-5.418470 14.850787 -0.160829
-4.791488 14.254265 -0.168116
-4.503238 13.903300 -0.167309
-4.072441 13.448350 -0.161213
-4.753602 15.227212 -0.053559
-3.523776 14.187793 -0.030272
-3.403385 13.998405 -0.025406
-3.234697 13.648088 -0.017810
-2.879428 13.722899 0.001165
-2.958702 14.016561 -0.003420
-3.006631 14.146173 -0.006094
-4.339926 15.209774 -0.051084
-3.681560 13.565841 -0.100410
-3.900229 13.944862 -0.106954
-4.132062 14.219296 -0.112233
-5.116159 15.081195 -0.115715
-2.335647 14.144103 0.038059
-2.277959 14.047474 0.042533
-2.267845 13.801676 0.043328
-2.664570 13.756149 0.014605
-2.721597 14.010511 0.010894
-2.786211 14.128393 0.006814
-3.687201 14.958362 -0.036136
-1.505292 15.298253 0.102622
-0.759780 15.914176 0.139510
-0.445868 16.057661 0.174717
0.000000 16.113361 0.189054
0.445868 16.057661 0.174717
0.759779 15.914176 0.139510
1.519137 15.298252 0.102622
-5.014950 13.575437 -0.267795
-4.250113 13.636103 -0.164438
-3.771770 13.722258 -0.103294
-3.304291 13.792659 -0.021055
-2.912139 13.844090 -0.000752
-2.688102 13.861121 0.013060
-2.457389 13.870240 0.012957
-2.272019 13.903113 0.042999
-2.033623 13.927656 0.066037
-1.648299 14.038482 0.109797
-0.881579 14.061294 0.139722
-0.466317 14.059483 0.174761
0.000000 14.081338 0.189054
0.466317 14.059483 0.174761
0.881579 14.061294 0.139722
1.648299 14.038482 0.109797
2.033623 13.927656 0.066037
2.272019 13.903113 0.042999
2.457389 13.870240 0.012957
2.688102 13.861121 0.013060
2.912139 13.844090 -0.000752
3.304291 13.792659 -0.021055
3.771770 13.722258 -0.103294
4.250113 13.636102 -0.164438
5.014950 13.575437 -0.267795
-4.708016 13.398368 -0.281288
-4.146944 13.527101 -0.162688
-3.719392 13.631448 -0.101651
-3.263884 13.708727 -0.019190
-2.893147 13.773731 0.000356
-2.674440 13.800179 0.013955
-2.446685 13.814389 0.013736
-2.269595 13.844223 0.043190
-2.038588 13.864047 0.065608
-1.648299 13.942595 0.109797
-0.881579 13.962862 0.139722
-0.466317 13.968130 0.174761
0.000000 13.980673 0.189054
0.466317 13.968130 0.174761
0.881579 13.962862 0.139722
1.648299 13.942595 0.109797
2.038588 13.864047 0.065608
2.269595 13.844222 0.043190
2.446685 13.814389 0.013736
2.674440 13.800179 0.013955
2.893147 13.773731 0.000356
3.263884 13.708726 -0.019190
3.719392 13.631448 -0.101651
4.146944 13.527101 -0.162688
4.708017 13.398368 -0.281288
-5.210419 13.804724 -0.277790
-4.377884 13.771019 -0.166140
-3.836621 13.834657 -0.105207
-3.354320 13.896546 -0.023291
-2.935648 13.931175 -0.002108
-2.705014 13.936553 0.011961
-2.470638 13.939369 0.011998
-2.275018 13.976006 0.042763
-2.027478 14.006388 0.066568
-1.648299 14.157166 0.109797
-0.881579 14.183127 0.139722
-0.466317 14.172553 0.174761
0.000000 14.205935 0.189054
0.466317 14.172553 0.174761
0.881579 14.183127 0.139722
1.648299 14.157166 0.109797
2.027478 14.006388 0.066568
2.275018 13.976006 0.042763
2.470638 13.939369 0.011998
2.705014 13.936553 0.011961
2.935648 13.931175 -0.002108
3.354320 13.896546 -0.023291
3.836621 13.834657 -0.105207
4.377884 13.771018 -0.166140
5.210419 13.804724 -0.277790
1.839618 14.315253 0.084912
1.818024 14.178557 0.086920
1.821031 14.081777 0.086640
1.824099 13.983069 0.086354
1.826577 13.903321 0.086123
1.828368 13.845705 0.085956
-1.839618 14.315253 0.084912
-1.828368 13.845705 0.085956
-1.826577 13.903321 0.086123
-1.824099 13.983069 0.086354
-1.821031 14.081777 0.086640
-1.818024 14.178557 0.086920
0.445868 16.057661 -0.513153
0.466317 14.614729 -0.513153
0.000000 14.656049 -0.513153
0.000000 16.113361 -0.513153
3.006631 14.146173 -0.513153
3.523775 14.187793 -0.513153
4.339926 15.209774 -0.513153
4.753601 15.227212 -0.513153
0.466317 14.283416 -0.513153
0.466317 14.172553 -0.513153
0.000000 14.205935 -0.513153
0.000000 14.328101 -0.513153
1.818024 14.178557 -0.513153
1.821031 14.081777 -0.513153
1.648299 14.157166 -0.513153
1.648299 14.273532 -0.513153
2.935648 13.931175 -0.513153
3.354320 13.896546 -0.513153
2.958702 14.016561 -0.513153
3.403385 13.998405 -0.513153
2.277959 14.047474 -0.513153
2.275018 13.976006 -0.513153
2.027478 14.006388 -0.513153
2.021453 14.083583 -0.513153
1.839618 14.315253 -0.513153
1.648299 14.573432 -0.513153
2.335647 14.144103 -0.513153
2.064714 14.201845 -0.513153
1.519137 15.298252 -0.513153
0.893115 14.637961 -0.513153
0.759779 15.914176 -0.513153
0.881579 14.302582 -0.513153
0.881579 14.183127 -0.513153
4.791488 14.254265 -0.513153
5.782975 14.282999 -0.513153
5.418470 14.850787 -0.513153
5.631254 14.592363 -0.513153
4.503238 13.903300 -0.513153
5.594116 14.043452 -0.513153
4.377884 13.771018 -0.513153
5.210419 13.804724 -0.513154
4.132062 14.219296 -0.513153
5.116159 15.081195 -0.513153
3.900229 13.944861 -0.513153
3.836621 13.834657 -0.513153
2.705014 13.936553 -0.513153
2.721597 14.010511 -0.513153
2.786211 14.128393 -0.513153
3.687201 14.958362 -0.513153
2.483630 14.007148 -0.513153
2.557479 14.156399 -0.513153
2.470638 13.939369 -0.513153
2.948258 14.375860 -0.513153
-0.445868 16.057661 -0.513153
-0.466317 14.614729 -0.513153
-4.753602 15.227212 -0.513153
-3.523776 14.187793 -0.513153
-4.339926 15.209774 -0.513153
-3.006631 14.146173 -0.513153
-0.466317 14.283416 -0.513153
-0.466317 14.172553 -0.513153
-1.648299 14.273532 -0.513153
-1.818024 14.178557 -0.513153
-1.648299 14.157166 -0.513153
-1.821031 14.081777 -0.513153
-3.403385 13.998405 -0.513153
-3.354320 13.896546 -0.513153
-2.958702 14.016561 -0.513153
-2.935648 13.931175 -0.513153
-2.021453 14.083583 -0.513153
-2.277959 14.047474 -0.513153
-2.027478 14.006388 -0.513153
-2.275018 13.976006 -0.513153
-1.839618 14.315253 -0.513153
-1.648299 14.573433 -0.513153
-2.064714 14.201845 -0.513153
-2.335647 14.144103 -0.513153
-1.505292 15.298253 -0.513153
-0.759780 15.914176 -0.513153
-0.893115 14.637962 -0.513153
-0.881579 14.302582 -0.513153
-0.881579 14.183127 -0.513153
-5.782975 14.282999 -0.513153
-5.631254 14.592363 -0.513153
-5.418470 14.850787 -0.513153
-4.791488 14.254265 -0.513153
-5.594116 14.043452 -0.513153
-4.503238 13.903300 -0.513153
-5.210419 13.804724 -0.513154
-4.377884 13.771019 -0.513153
-5.116159 15.081195 -0.513153
-4.132062 14.219296 -0.513153
-3.900229 13.944862 -0.513153
-3.836621 13.834657 -0.513153
-2.721597 14.010511 -0.513153
-2.705014 13.936553 -0.513153
-2.786211 14.128393 -0.513153
-3.687201 14.958362 -0.513153
-2.557479 14.156400 -0.513153
-2.483630 14.007148 -0.513153
-2.470638 13.939369 -0.513153
-2.948258 14.375860 -0.513153
-1.386178 15.872194 -0.513153
-0.749325 16.721491 -0.513153
-0.407647 16.938099 -0.513153
0.000000 17.056763 -0.513153
0.407647 16.938099 -0.513153
0.749325 16.721491 -0.513153
1.381563 15.872194 -0.513153
-4.708016 13.398368 -0.513154
-5.014950 13.575437 -0.513154
-4.250113 13.636103 -0.513153
-4.146944 13.527101 -0.513153
-3.771770 13.722258 -0.513153
-3.719392 13.631448 -0.513153
-3.304291 13.792659 -0.513153
-3.263884 13.708727 -0.513153
-2.912139 13.844090 -0.513153
-2.893147 13.773731 -0.513153
-2.674440 13.800179 -0.513153
-2.688102 13.861121 -0.513153
-2.446685 13.814389 -0.513153
-2.457389 13.870240 -0.513153
-2.272019 13.903113 -0.513153
-2.269595 13.844223 -0.513153
-2.033623 13.927656 -0.513153
-2.038588 13.864047 -0.513153
-1.648299 13.942595 -0.513153
-1.648299 14.038482 -0.513153
-1.826577 13.903321 -0.513153
-1.824099 13.983069 -0.513153
-0.881579 14.061294 -0.513153
-0.881579 13.962862 -0.513153
-0.466317 14.059483 -0.513153
-0.466317 13.968130 -0.513153
0.000000 13.980673 -0.513153
0.000000 14.081338 -0.513153
0.466317 14.059483 -0.513153
0.466317 13.968130 -0.513153
0.881579 14.061294 -0.513153
0.881579 13.962862 -0.513153
1.648299 13.942595 -0.513153
1.648299 14.038482 -0.513153
1.824099 13.983069 -0.513153
1.826577 13.903321 -0.513153
2.272019 13.903113 -0.513153
2.269595 13.844222 -0.513153
2.038588 13.864047 -0.513153
2.033623 13.927656 -0.513153
2.446685 13.814389 -0.513153
2.457389 13.870240 -0.513153
2.674440 13.800179 -0.513153
2.688102 13.861121 -0.513153
2.893147 13.773731 -0.513153
2.912139 13.844090 -0.513153
3.263884 13.708726 -0.513153
3.304291 13.792659 -0.513153
3.719392 13.631448 -0.513153
3.771770 13.722258 -0.513153
4.146944 13.527101 -0.513153
4.250113 13.636102 -0.513153
4.708017 13.398368 -0.513154
5.014950 13.575437 -0.513154
-4.651937 13.148661 -0.513154
-4.072441 13.448350 -0.513153
-3.681560 13.565841 -0.513153
-3.234697 13.648088 -0.513153
-2.879428 13.722899 -0.513153
-2.664570 13.756149 -0.513153
-2.438953 13.774038 -0.513153
-2.267845 13.801676 -0.513153
-2.042176 13.818091 -0.513153
-1.648299 13.873318 -0.513153
-1.828368 13.845705 -0.513153
-0.881579 13.891748 -0.513153
-0.466317 13.902131 -0.513153
0.000000 13.907945 -0.513153
0.466317 13.902131 -0.513153
0.881579 13.891747 -0.513153
1.648299 13.873318 -0.513153
1.828368 13.845705 -0.513153
2.267845 13.801675 -0.513153
2.042175 13.818091 -0.513153
2.438953 13.774038 -0.513153
2.664570 13.756149 -0.513153
2.879428 13.722899 -0.513153
3.234697 13.648087 -0.513153
3.681560 13.565840 -0.513153
4.072441 13.448350 -0.513153
4.651937 13.148661 -0.513154
0.000000 17.056763 0.154491
-0.407647 16.938099 0.140834
-0.749325 16.721491 0.107255
-1.386178 15.872194 0.070446
-1.505292 15.298253 0.072313
-1.648300 14.573433 0.079136
-1.839618 14.315254 0.055475
-2.064714 14.201845 0.034989
-2.335648 14.144103 0.010928
-2.557479 14.156400 -0.019697
-2.948258 14.375860 -0.027946
-3.687201 14.958362 -0.059614
-4.339926 15.209774 -0.073827
-4.753602 15.227212 -0.076180
-5.116159 15.081195 -0.135277
-5.418470 14.850788 -0.178170
-5.631254 14.592363 -0.209530
-5.782975 14.282999 -0.261646
-5.594116 14.043452 -0.266060
-5.210419 13.804724 -0.289375
-5.014951 13.575437 -0.279872
-4.708016 13.398368 -0.292701
-4.651937 13.148661 -0.277608
4.651937 13.148661 -0.277608
4.708017 13.398368 -0.292701
5.014951 13.575437 -0.279872
5.210419 13.804724 -0.289375
5.594116 14.043452 -0.266060
5.782975 14.282999 -0.261646
5.631254 14.592363 -0.209530
5.418470 14.850788 -0.178170
5.116159 15.081195 -0.135277
4.753601 15.227212 -0.076180
4.339926 15.209774 -0.073827
3.687201 14.958362 -0.059614
2.948258 14.375860 -0.027946
2.557479 14.156399 -0.019697
2.335648 14.144103 0.010928
2.064714 14.201845 0.034989
1.839618 14.315254 0.055475
1.648300 14.573433 0.079136
1.519137 15.298252 0.072313
1.381563 15.872194 0.070446
0.749325 16.721491 0.107255
0.407647 16.938099 0.140834
0.000000 17.056763 -0.477876
-0.407647 16.938099 -0.478598
-0.749325 16.721491 -0.480372
-1.386178 15.872194 -0.482317
-1.505292 15.298253 -0.482219
-1.648299 14.573433 -0.481858
-1.839618 14.315253 -0.483108
-2.064714 14.201845 -0.484190
-2.335647 14.144103 -0.485462
-2.557479 14.156400 -0.487080
-2.948258 14.375860 -0.487516
-3.687201 14.958362 -0.489189
-4.339926 15.209774 -0.489940
-4.753602 15.227212 -0.490064
-5.116159 15.081195 -0.493187
-5.418470 14.850787 -0.495453
-5.631254 14.592363 -0.497110
-5.782975 14.282999 -0.499864
-5.594116 14.043452 -0.500097
-5.210419 13.804724 -0.501330
-5.014950 13.575437 -0.500828
-4.708016 13.398368 -0.501505
-4.651937 13.148661 -0.500708
4.651937 13.148661 -0.500708
4.708017 13.398368 -0.501505
5.014950 13.575437 -0.500828
5.210419 13.804724 -0.501330
5.594116 14.043452 -0.500097
5.782975 14.282999 -0.499864
5.631254 14.592363 -0.497110
5.418470 14.850787 -0.495453
5.116159 15.081195 -0.493187
4.753601 15.227212 -0.490064
4.339926 15.209774 -0.489940
3.687201 14.958362 -0.489189
2.948258 14.375860 -0.487516
2.557479 14.156400 -0.487080
2.335647 14.144103 -0.485462
2.064714 14.201845 -0.484190
1.839618 14.315253 -0.483108
1.648299 14.573433 -0.481858
1.519137 15.298252 -0.482219
1.381563 15.872194 -0.482317
0.749325 16.721491 -0.480372
0.407647 16.938099 -0.478598
1.109586 16.299038 0.120014
1.168296 15.644664 0.121066
1.201496 14.605697 0.124759
1.189961 14.288057 0.124759
1.189961 14.170146 0.124759
1.189961 14.049888 0.124759
1.189961 13.952728 0.124759
1.189961 13.882533 0.124759
1.189961 13.882533 -0.513153
1.189961 13.952728 -0.513153
1.189961 14.049888 -0.513153
1.189961 14.170146 -0.513153
1.189961 14.288057 -0.513153
1.201496 14.605697 -0.513153
1.168296 15.644664 -0.513153
1.109586 16.299038 -0.513153
1.109586 16.299038 -0.481344
1.109586 16.299038 0.088850
-1.111893 16.299038 0.120014
-1.111893 16.299038 0.088850
-1.111893 16.299038 -0.481344
-1.111893 16.299038 -0.513153
-1.161373 15.644664 -0.513153
-1.201496 14.605698 -0.513153
-1.189961 14.288057 -0.513153
-1.189961 14.170146 -0.513153
-1.189961 14.049888 -0.513153
-1.189961 13.952728 -0.513153
-1.189961 13.882533 -0.513153
-1.189961 13.882533 0.124759
-1.189961 13.952728 0.124759
-1.189961 14.049888 0.124759
-1.189961 14.170146 0.124759
-1.189961 14.288057 0.124759
-1.201496 14.605698 0.124759
-1.161373 15.644664 0.121066
1.153861 15.906072 0.120645
1.467837 15.514788 0.101837
1.467837 15.514788 0.071567
1.467837 15.514788 -0.482258
1.467837 15.514788 -0.513153
1.153861 15.906072 -0.513153
0.755603 16.246670 -0.513153
0.429844 16.409376 -0.513153
0.000000 16.497366 -0.513153
-0.429844 16.409376 -0.513153
-0.755603 16.246670 -0.513153
-1.150626 15.906072 -0.513153
-1.461366 15.514788 -0.513153
-1.461366 15.514788 -0.482258
-1.461366 15.514788 0.071567
-1.461366 15.514788 0.101837
-1.150626 15.906072 0.120645
-0.755603 16.246670 0.139455
-0.429844 16.409376 0.174705
0.000000 16.497366 0.189054
0.429844 16.409376 0.174705
0.755603 16.246670 0.139455
0.203824 17.024223 0.181871
0.191702 16.453371 0.181880
0.183638 16.085512 0.181885
0.233159 14.635389 0.181907
0.233159 14.305758 0.181907
0.233159 14.189244 0.181907
0.233159 14.070410 0.181907
0.233159 13.974401 0.181907
0.233159 13.905038 0.181907
0.233159 13.905038 -0.513153
0.233159 13.974401 -0.513153
0.233159 14.070410 -0.513153
0.233159 14.189244 -0.513153
0.233159 14.305758 -0.513153
0.233159 14.635389 -0.513153
0.183638 16.085512 -0.513153
0.191702 16.453371 -0.513153
0.203824 17.024223 -0.513153
0.203824 17.024223 -0.478237
0.203824 17.024223 0.147663
-0.203824 17.024223 0.181871
-0.203824 17.024223 0.147663
-0.203824 17.024223 -0.478237
-0.203824 17.024223 -0.513153
-0.191702 16.453371 -0.513153
-0.183638 16.085512 -0.513153
-0.233159 14.635389 -0.513153
-0.233159 14.305758 -0.513153
-0.233159 14.189244 -0.513153
-0.233159 14.070410 -0.513153
-0.233159 13.974401 -0.513153
-0.233159 13.905038 -0.513153
-0.233159 13.905038 0.181907
-0.233159 13.974401 0.181907
-0.233159 14.070410 0.181907
-0.233159 14.189244 0.181907
-0.233159 14.305758 0.181907
-0.233159 14.635389 0.181907
-0.183638 16.085512 0.181885
-0.191702 16.453371 0.181880
0.000000 9.103393 0.513154
0.000000 11.300784 0.513154
0.000000 6.471000 0.513154
0.000000 13.898835 0.309590
0.000000 12.502447 0.513154
0.000000 10.099107 0.513154
0.000000 7.773834 0.513154
0.000000 4.765302 0.513154
0.000000 13.956918 0.269785
0.000000 1.589890 0.168396
1.719079 9.042732 0.446695
6.071858 9.043188 -0.198467
0.803342 9.042493 0.490699
5.670956 11.246429 -0.198467
1.719079 11.267622 0.446695
0.803342 11.310789 0.490699
0.803342 6.596265 0.490699
1.719079 6.772514 0.446695
5.879425 6.820208 -0.198467
4.814676 11.244823 0.084444
5.040211 9.043411 0.084444
4.814676 6.884597 0.084444
2.467552 6.872178 0.395669
2.467552 9.043823 0.395669
2.467552 11.241865 0.395669
3.275607 6.935642 0.305118
3.275607 9.043565 0.305118
3.275607 11.243718 0.305118
4.710981 13.113130 -0.084822
4.290545 13.264120 -0.024534
3.275607 13.651625 0.174921
2.467552 13.783399 0.237139
1.719079 13.858139 0.282927
0.803342 13.881393 0.299211
5.250010 12.269743 -0.150306
4.607936 12.208710 0.084444
3.275607 12.273251 0.305118
2.467552 12.358424 0.395669
1.719079 12.409366 0.446695
0.803342 12.480958 0.490699
5.933487 10.041552 -0.198467
4.965033 10.040946 0.084444
3.275607 10.040530 0.305118
2.467552 10.039831 0.395669
1.719079 10.050906 0.446695
0.803342 10.108016 0.490699
6.063784 7.915412 -0.198467
4.965033 7.953046 0.084444
3.275607 7.978903 0.305118
2.467552 8.022309 0.395669
1.719079 7.971972 0.446695
0.803342 7.882294 0.490699
5.581606 5.863086 -0.198467
4.607936 5.329778 0.084444
3.275607 5.264613 0.305118
2.467552 5.152412 0.395669
1.719079 5.007672 0.446695
0.803342 4.848201 0.490699
1.719079 13.930149 0.243123
2.467552 13.860354 0.197334
0.803342 13.951312 0.259406
4.535981 13.282703 -0.053526
4.194456 13.505275 0.036835
3.275607 13.752622 0.135115
4.194456 3.667900 -0.007845
5.186262 5.166103 -0.169102
3.275607 2.788745 0.059184
2.467552 2.254481 0.081447
1.719079 1.951344 0.131902
0.803342 1.674128 0.159400
0.000000 13.956918 -0.513153
0.000000 13.898835 -0.513153
0.000000 11.300784 -0.513153
0.000000 10.099107 -0.513153
0.000000 6.471000 -0.513153
0.000000 4.765302 -0.513153
0.000000 9.103393 -0.513153
0.000000 7.773834 -0.513153
0.000000 12.502447 -0.513153
0.000000 1.589890 -0.513153
1.719079 13.930149 -0.513153
1.719079 13.858139 -0.513153
0.803342 13.881393 -0.513153
0.803342 13.951312 -0.513153
1.719079 11.267622 -0.513153
1.719079 10.050906 -0.513153
0.803342 10.108016 -0.513153
0.803342 11.310789 -0.513153
0.803342 4.848201 -0.513153
0.803342 6.596265 -0.513153
1.719079 6.772514 -0.513153
1.719079 5.007672 -0.513153
0.803342 7.882294 -0.513153
0.803342 9.042493 -0.513153
1.719079 9.042732 -0.513153
1.719079 7.971972 -0.513153
4.710981 13.113130 -0.513153
4.366849 13.194411 -0.513153
4.194456 13.505275 -0.513153
4.535981 13.282703 -0.513153
5.933487 10.041552 -0.513153
4.965033 10.040946 -0.513153
4.814676 11.244823 -0.513153
5.670956 11.246429 -0.513153
6.063784 7.915412 -0.513153
4.965033 7.953046 -0.513153
5.040211 9.043411 -0.513153
6.071858 9.043188 -0.513153
5.581606 5.863086 -0.513153
4.607936 5.329778 -0.513153
4.814676 6.884597 -0.513153
5.879425 6.820208 -0.513153
3.275607 13.651625 -0.513153
3.275607 13.752622 -0.513153
3.275607 10.040530 -0.513153
3.275607 11.243718 -0.513153
3.275607 7.978903 -0.513153
3.275607 9.043565 -0.513153
3.275607 5.264613 -0.513153
3.275607 6.935642 -0.513153
2.467552 5.152412 -0.513153
2.467552 6.872178 -0.513153
2.467552 8.022309 -0.513153
2.467552 9.043823 -0.513153
2.467552 10.039831 -0.513153
2.467552 11.241865 -0.513153
2.467552 13.783399 -0.513153
2.467552 13.860354 -0.513153
5.250010 12.269743 -0.513153
4.607936 12.208710 -0.513153
3.275607 12.273251 -0.513153
2.467552 12.358424 -0.513153
1.719079 12.409366 -0.513153
0.803342 12.480958 -0.513153
4.194456 3.667900 -0.513153
5.186262 5.166103 -0.513153
3.275607 2.788745 -0.513153
2.467552 2.254481 -0.513153
1.719079 1.951344 -0.513153
0.803342 1.674128 -0.513153
4.194456 13.505275 -0.458462
3.275608 13.752622 -0.430929
2.467552 13.860354 -0.416806
1.719079 13.930149 -0.407985
0.803342 13.951312 -0.399685
0.000000 13.956918 -0.394351
0.000000 1.589890 -0.394351
0.803342 1.674128 -0.399685
1.719079 1.951344 -0.407985
2.467552 2.254481 -0.416806
3.275607 2.788745 -0.430929
4.194456 3.667900 -0.458462
5.186262 5.166103 -0.485186
5.581606 5.863086 -0.488281
5.879425 6.820208 -0.488281
6.063784 7.915412 -0.488281
6.071858 9.043188 -0.488281
5.933487 10.041552 -0.488281
5.670956 11.246429 -0.488281
5.250010 12.269743 -0.483205
4.710981 13.113130 -0.476303
4.535981 13.282703 -0.473386
-1.719079 9.042732 0.446695
-6.071858 9.043188 -0.198467
-0.803342 9.042493 0.490699
-5.670956 11.246429 -0.198467
-1.719079 11.267622 0.446695
-0.803342 11.310789 0.490699
-0.803342 6.596265 0.490699
-1.719079 6.772514 0.446695
-5.879425 6.820208 -0.198467
-4.814676 11.244823 0.084444
-5.040211 9.043411 0.084444
-4.814676 6.884597 0.084444
-2.467552 6.872178 0.395669
-2.467552 9.043823 0.395669
-2.467552 11.241865 0.395669
-3.275607 6.935642 0.305118
-3.275607 9.043565 0.305118
-3.275607 11.243718 0.305118
-4.710981 13.113130 -0.084822
-4.304491 13.264120 0.041788
-3.275607 13.651625 0.174921
-2.467552 13.783399 0.237139
-1.719079 13.858139 0.282927
-0.803342 13.881393 0.299211
-5.250010 12.269743 -0.150306
-4.607936 12.208710 0.084444
-3.275607 12.273251 0.305118
-2.467552 12.358424 0.395669
-1.719079 12.409366 0.446695
-0.803342 12.480958 0.490699
-5.933487 10.041552 -0.198467
-4.965033 10.040946 0.084444
-3.275607 10.040530 0.305118
-2.467552 10.039831 0.395669
-1.719079 10.050906 0.446695
-0.803342 10.108016 0.490699
-6.063784 7.915412 -0.198467
-4.965033 7.953046 0.084444
-3.275607 7.978903 0.305118
-2.467552 8.022309 0.395669
-1.719079 7.971972 0.446695
-0.803342 7.882294 0.490699
-5.581606 5.863086 -0.198467
-4.607936 5.329778 0.084444
-3.275607 5.264613 0.305118
-2.467552 5.152412 0.395669
-1.719079 5.007672 0.446695
-0.803342 4.848201 0.490699
-1.719079 13.930149 0.243123
-2.467552 13.860354 0.197334
-0.803342 13.951312 0.259406
-4.535981 13.282703 -0.053526
-4.194456 13.505275 0.036835
-3.275607 13.752622 0.135115
-4.194456 3.667900 -0.007845
-5.186262 5.166103 -0.169102
-3.275607 2.788745 0.059184
-2.467552 2.254481 0.081447
-1.719079 1.951344 0.131902
-0.803342 1.674128 0.159400
-1.719079 13.930149 -0.513153
-1.719079 13.858139 -0.513153
-0.803342 13.881393 -0.513153
-0.803342 13.951312 -0.513153
-1.719079 11.267622 -0.513153
-1.719079 10.050906 -0.513153
-0.803342 10.108016 -0.513153
-0.803342 11.310789 -0.513153
-0.803342 4.848201 -0.513153
-0.803342 6.596265 -0.513153
-1.719079 6.772514 -0.513153
-1.719079 5.007672 -0.513153
-0.803342 7.882294 -0.513153
-0.803342 9.042493 -0.513153
-1.719079 9.042732 -0.513153
-1.719079 7.971972 -0.513153
-4.710981 13.113130 -0.513153
-4.366849 13.194411 -0.513153
-4.194456 13.505275 -0.513153
-4.535981 13.282703 -0.513153
-5.933487 10.041552 -0.513153
-4.965033 10.040946 -0.513153
-4.814676 11.244823 -0.513153
-5.670956 11.246429 -0.513153
-6.063784 7.915412 -0.513153
-4.965033 7.953046 -0.513153
-5.040211 9.043411 -0.513153
-6.071858 9.043188 -0.513153
-5.581606 5.863086 -0.513153
-4.607936 5.329778 -0.513153
-4.814676 6.884597 -0.513153
-5.879425 6.820208 -0.513153
-3.275607 13.651625 -0.513153
-3.275607 13.752622 -0.513153
-3.275607 10.040530 -0.513153
-3.275607 11.243718 -0.513153
-3.275607 7.978903 -0.513153
-3.275607 9.043565 -0.513153
-3.275607 5.264613 -0.513153
-3.275607 6.935642 -0.513153
-2.467552 5.152412 -0.513153
-2.467552 6.872178 -0.513153
-2.467552 8.022309 -0.513153
-2.467552 9.043823 -0.513153
-2.467552 10.039831 -0.513153
-2.467552 11.241865 -0.513153
-2.467552 13.783399 -0.513153
-2.467552 13.860354 -0.513153
-5.250010 12.269743 -0.513153
-4.607936 12.208710 -0.513153
-3.275607 12.273251 -0.513153
-2.467552 12.358424 -0.513153
-1.719079 12.409366 -0.513153
-0.803342 12.480958 -0.513153
-4.194456 3.667900 -0.513153
-5.186262 5.166103 -0.513153
-3.275607 2.788745 -0.513153
-2.467552 2.254481 -0.513153
-1.719079 1.951344 -0.513153
-0.803342 1.674128 -0.513153
-4.194456 13.505275 -0.458462
-3.275608 13.752622 -0.430929
-2.467552 13.860354 -0.416806
-1.719079 13.930149 -0.407985
-0.803342 13.951312 -0.399685
-0.803342 1.674128 -0.399685
-1.719079 1.951344 -0.407985
-2.467552 2.254481 -0.416806
-3.275607 2.788745 -0.430929
-4.194456 3.667900 -0.458462
-5.186262 5.166103 -0.485186
-5.581606 5.863086 -0.488281
-5.879425 6.820208 -0.488281
-6.063784 7.915412 -0.488281
-6.071858 9.043188 -0.488281
-5.933487 10.041552 -0.488281
-5.670956 11.246429 -0.488281
-5.250010 12.269743 -0.483205
-4.710981 13.113130 -0.476303
-4.535981 13.282703 -0.473386
-0.803342 1.674128 0.107066
0.000000 1.589890 0.115719
0.803342 1.674128 0.107066
1.719079 1.951344 0.081364
2.467552 2.254481 0.034807
3.275607 2.788745 0.013306
4.194456 3.667900 -0.050026
5.186262 5.166103 -0.198690
5.581606 5.863086 -0.225595
5.879425 6.820208 -0.225595
6.063784 7.915412 -0.225595
6.071858 9.043188 -0.225595
5.933487 10.041552 -0.225595
5.670956 11.246429 -0.225595
5.250010 12.269743 -0.181468
4.710981 13.113130 -0.121468
4.535981 13.282703 -0.092828
4.194456 13.505275 -0.009527
3.275607 13.752622 0.082130
2.467552 13.860354 0.139847
1.719079 13.930150 0.182174
0.803342 13.951312 0.197711
0.000000 13.956919 0.207617
-0.803342 13.951312 0.197711
-1.719079 13.930150 0.182174
-2.467552 13.860354 0.139847
-3.275607 13.752622 0.082130
-4.194456 13.505275 -0.009527
-4.535981 13.282703 -0.092828
-4.710981 13.113130 -0.121468
-5.250010 12.269743 -0.181468
-5.670956 11.246429 -0.225595
-5.933487 10.041552 -0.225595
-6.071858 9.043188 -0.225595
-6.063784 7.915412 -0.225595
-5.879425 6.820208 -0.225595
-5.581606 5.863086 -0.225595
-5.186262 5.166103 -0.198690
-4.194456 3.667900 -0.050026
-3.275607 2.788745 0.013306
-2.467552 2.254481 0.034807
-1.719079 1.951344 0.081364
5.998096 3.806616 -0.277728
0.000000 0.000000 -0.054837
1.873831 1.769287 -0.056624
2.911961 2.224984 -0.100360
2.413499 2.105352 -0.090757
1.014205 0.915354 -0.039358
0.421901 0.163269 -0.055739
0.000000 1.791007 0.001982
0.553047 1.821742 -0.008618
1.170459 1.867985 -0.039358
1.909800 2.183281 -0.063474
2.398055 2.420388 -0.089972
2.834810 2.701339 -0.096437
4.707957 4.567070 -0.223682
4.366994 4.054692 -0.159560
5.557194 2.526673 -0.238817
3.773794 3.408924 -0.089176
4.427212 1.680595 -0.127380
3.785194 1.505183 -0.104666
3.206321 2.983871 -0.080164
4.981133 2.014084 -0.179905
4.053733 3.714973 -0.108646
2.604115 2.553114 -0.099537
2.625571 2.187573 -0.100628
3.474741 1.574930 -0.122941
2.967437 2.802283 -0.097153
5.919291 4.484207 -0.257231
5.234943 3.192728 -0.206821
4.802901 2.661716 -0.151097
4.223090 2.318491 -0.112015
3.544383 2.008465 -0.093940
3.077377 2.179351 -0.102742
3.068463 1.955849 -0.108315
0.276524 1.815412 -0.003203
0.210951 0.045470 -0.057818
0.264550 1.492208 -0.003203
0.000000 1.463957 0.001982
4.886757 4.573500 -0.229840
4.539167 3.949477 -0.168180
4.208295 3.551983 -0.116385
3.855839 3.209804 -0.093347
3.255807 2.806435 -0.082680
2.987513 2.688532 -0.098174
2.848899 2.614354 -0.097153
2.608033 2.486364 -0.099736
2.400875 2.362860 -0.090116
1.903232 2.107682 -0.062223
1.141926 1.718235 -0.039358
0.529099 1.542113 -0.010330
0.231606 0.602998 -0.003203
0.000000 0.564163 0.001982
5.566829 4.600067 -0.246640
4.888001 3.582006 -0.191990
4.536279 3.069730 -0.137748
4.081563 2.661975 -0.104821
3.429213 2.318268 -0.089600
3.042746 2.375573 -0.100981
2.887659 2.375035 -0.099124
2.618812 2.302718 -0.100284
2.408634 2.204587 -0.090510
1.885161 1.899693 -0.058781
1.063425 1.173672 -0.039358
0.463212 0.694633 -0.015042
1.504274 1.862056 -0.050790
1.455988 1.552063 -0.049070
1.425714 1.357701 -0.047991
1.521825 1.974730 -0.051416
5.567031 3.818295 -0.232034
5.862874 3.122593 -0.258207
4.547981 4.341084 -0.191613
4.712962 4.261489 -0.199010
5.217329 4.070865 -0.219323
-5.998096 3.806616 -0.277728
-1.873831 1.769287 -0.056624
-2.911961 2.224984 -0.100360
-2.413499 2.105352 -0.090757
-1.014205 0.915354 -0.039358
-0.421901 0.163269 -0.055739
-0.553047 1.821742 -0.008618
-1.170459 1.867985 -0.039358
-1.909800 2.183281 -0.063474
-2.398055 2.420388 -0.089972
-2.834810 2.701339 -0.096437
-4.707957 4.567070 -0.223682
-4.366994 4.054692 -0.159560
-5.557194 2.526673 -0.238817
-3.773794 3.408924 -0.089176
-4.427212 1.680595 -0.127380
-3.785194 1.505183 -0.104666
-3.206321 2.983871 -0.080164
-4.981133 2.014084 -0.179905
-4.053733 3.714973 -0.108646
-2.604115 2.553114 -0.099537
-2.625571 2.187573 -0.100628
-3.474741 1.574930 -0.122941
-2.967437 2.802283 -0.097153
-5.919291 4.484207 -0.257231
-5.234943 3.192728 -0.206821
-4.802901 2.661716 -0.151097
-4.223090 2.318491 -0.112015
-3.544383 2.008465 -0.093940
-3.077377 2.179351 -0.102742
-3.068463 1.955849 -0.108315
-0.276524 1.815412 -0.003203
-0.210951 0.045470 -0.057818
-0.264550 1.492208 -0.003203
-4.886757 4.573500 -0.229840
-4.539167 3.949477 -0.168180
-4.208295 3.551983 -0.116385
-3.855839 3.209804 -0.093347
-3.255807 2.806435 -0.082680
-2.987513 2.688532 -0.098174
-2.848899 2.614354 -0.097153
-2.608033 2.486364 -0.099736
-2.400875 2.362860 -0.090116
-1.903232 2.107682 -0.062223
-1.141926 1.718235 -0.039358
-0.529099 1.542113 -0.010330
-0.231606 0.602998 -0.003203
-5.566829 4.600067 -0.246640
-4.888001 3.582006 -0.191990
-4.536279 3.069730 -0.137748
-4.081563 2.661975 -0.104821
-3.429213 2.318268 -0.089600
-3.042746 2.375573 -0.100981
-2.887659 2.375035 -0.099124
-2.618812 2.302718 -0.100284
-2.408634 2.204587 -0.090510
-1.885161 1.899693 -0.058781
-1.063425 1.173672 -0.039358
-0.463212 0.694633 -0.015042
-1.504274 1.862056 -0.050790
-1.455988 1.552063 -0.049070
-1.425714 1.357701 -0.047991
-1.521825 1.974730 -0.051416
-5.567031 3.818295 -0.232034
-5.862874 3.122593 -0.258207
-4.547981 4.341084 -0.191613
-4.712962 4.261489 -0.199010
-5.217329 4.070865 -0.219323
3.855839 3.209804 -0.513153
3.255807 2.806435 -0.513153
3.206321 2.983871 -0.513153
3.773794 3.408924 -0.513153
0.529099 1.542113 -0.513153
0.264550 1.492208 -0.513153
0.276524 1.815412 -0.513153
0.553047 1.821742 -0.513153
1.909800 2.183281 -0.513153
2.398055 2.420388 -0.513153
2.400875 2.362860 -0.513153
1.903232 2.107682 -0.513153
2.604115 2.553114 -0.513153
2.608033 2.486364 -0.513153
1.521825 1.974730 -0.513153
1.504274 1.862056 -0.513153
1.170459 1.867985 -0.513153
1.141926 1.718235 -0.513153
4.886757 4.573500 -0.513153
4.712962 4.261489 -0.513153
4.547981 4.341084 -0.513153
4.707957 4.567070 -0.513153
4.539167 3.949477 -0.513153
4.208295 3.551983 -0.513153
4.053733 3.714973 -0.513153
4.366994 4.054692 -0.513153
2.987513 2.688532 -0.513153
2.967437 2.802283 -0.513153
2.834810 2.701339 -0.513153
2.848899 2.614354 -0.513153
5.998096 3.806616 -0.513153
5.862874 3.122593 -0.513153
5.567031 3.818295 -0.513153
5.919291 4.484207 -0.513153
5.557194 2.526673 -0.513153
4.981133 2.014084 -0.513153
4.802901 2.661716 -0.513153
5.234943 3.192728 -0.513153
4.427212 1.680595 -0.513153
4.223090 2.318491 -0.513153
3.785194 1.505183 -0.513153
3.544383 2.008465 -0.513153
3.474741 1.574930 -0.513153
3.077377 2.179351 -0.513153
2.911961 2.224984 -0.513153
3.068463 1.955849 -0.513153
0.000000 1.463957 -0.513153
0.000000 1.791007 -0.513153
0.000000 0.564163 -0.513153
0.231606 0.602998 -0.513153
5.566829 4.600067 -0.513153
5.217329 4.070865 -0.513153
4.888001 3.582006 -0.513153
4.536279 3.069730 -0.513153
4.081563 2.661975 -0.513153
3.429213 2.318268 -0.513153
3.042746 2.375573 -0.513153
2.887659 2.375035 -0.513153
2.618812 2.302718 -0.513153
2.408634 2.204587 -0.513153
1.885161 1.899693 -0.513153
1.455988 1.552063 -0.513153
1.063425 1.173672 -0.513153
0.463212 0.694633 -0.513153
0.000000 0.000000 -0.513153
0.210951 0.045470 -0.513153
2.625571 2.187573 -0.513153
2.413499 2.105352 -0.513153
1.873831 1.769287 -0.513153
1.425714 1.357701 -0.513153
1.014205 0.915354 -0.513153
0.421901 0.163269 -0.513153
-3.773794 3.408924 -0.513153
-3.855839 3.209804 -0.513153
-3.206321 2.983871 -0.513153
-3.255807 2.806435 -0.513153
-0.553047 1.821742 -0.513153
-0.529099 1.542113 -0.513153
-0.276524 1.815412 -0.513153
-0.264550 1.492208 -0.513153
-1.903232 2.107682 -0.513153
-1.909800 2.183281 -0.513153
-2.400875 2.362860 -0.513153
-2.398055 2.420388 -0.513153
-2.608033 2.486364 -0.513153
-2.604115 2.553114 -0.513153
-1.521825 1.974730 -0.513153
-1.504274 1.862056 -0.513153
-1.141926 1.718235 -0.513153
-1.170459 1.867985 -0.513153
-4.886757 4.573500 -0.513153
-4.707957 4.567070 -0.513153
-4.547981 4.341084 -0.513153
-4.712962 4.261489 -0.513153
-4.366994 4.054692 -0.513153
-4.539167 3.949477 -0.513153
-4.053733 3.714973 -0.513153
-4.208295 3.551983 -0.513153
-2.967437 2.802283 -0.513153
-2.987513 2.688532 -0.513153
-2.848899 2.614354 -0.513153
-2.834810 2.701339 -0.513153
-5.998096 3.806616 -0.513153
-5.919291 4.484207 -0.513153
-5.567031 3.818295 -0.513153
-5.862874 3.122593 -0.513153
-5.234943 3.192728 -0.513153
-5.557194 2.526673 -0.513153
-4.802901 2.661716 -0.513153
-4.981133 2.014084 -0.513153
-4.223090 2.318491 -0.513153
-4.427212 1.680595 -0.513153
-3.544383 2.008465 -0.513153
-3.785194 1.505183 -0.513153
-3.077377 2.179351 -0.513153
-3.474741 1.574930 -0.513153
-3.068463 1.955849 -0.513153
-2.911961 2.224984 -0.513153
-0.231606 0.602998 -0.513153
-5.566829 4.600067 -0.513153
-5.217329 4.070865 -0.513153
-4.888001 3.582006 -0.513153
-4.536279 3.069730 -0.513153
-4.081563 2.661975 -0.513153
-3.429213 2.318268 -0.513153
-3.042746 2.375573 -0.513153
-2.887659 2.375035 -0.513153
-2.618812 2.302718 -0.513153
-2.408634 2.204587 -0.513153
-1.885161 1.899693 -0.513153
-1.455988 1.552063 -0.513153
-0.463212 0.694633 -0.513153
-1.063425 1.173672 -0.513153
-0.210951 0.045470 -0.513153
-2.625571 2.187573 -0.513153
-2.413499 2.105352 -0.513153
-1.873831 1.769287 -0.513153
-1.425714 1.357701 -0.513153
-0.421901 0.163269 -0.513153
-1.014205 0.915354 -0.513153
-0.421901 0.163269 -0.070409
-0.210951 0.045470 -0.072421
0.000000 -0.000001 -0.069535
0.210951 0.045470 -0.072421
0.421901 0.163269 -0.070409
1.014205 0.915354 -0.054554
1.425714 1.357700 -0.062910
1.873831 1.769287 -0.071265
2.413499 2.105352 -0.104304
2.625571 2.187573 -0.113858
2.911961 2.224984 -0.113599
3.068463 1.955849 -0.121299
3.474741 1.574930 -0.135455
3.785194 1.505183 -0.117767
4.427212 1.680595 -0.139753
4.981133 2.014084 -0.190593
5.557194 2.526673 -0.247615
5.862874 3.122593 -0.266383
5.998096 3.806616 -0.285278
5.919291 4.484206 -0.265439
5.566829 4.600067 -0.255188
4.886757 4.573500 -0.238926
4.707957 4.567070 -0.232965
-4.707957 4.567070 -0.232965
-4.886757 4.573500 -0.238926
-5.566829 4.600067 -0.255188
-5.919291 4.484206 -0.265439
-5.998096 3.806616 -0.285278
-5.862874 3.122593 -0.266383
-5.557194 2.526673 -0.247615
-4.981133 2.014084 -0.190593
-4.427212 1.680595 -0.139753
-3.785194 1.505183 -0.117767
-3.474741 1.574930 -0.135455
-3.068463 1.955849 -0.121299
-2.911961 2.224984 -0.113599
-2.625571 2.187573 -0.113858
-2.413499 2.105352 -0.104304
-1.873831 1.769287 -0.071265
-1.425714 1.357700 -0.062910
-1.014205 0.915354 -0.054554
-0.421901 0.163269 -0.485085
-0.210951 0.045470 -0.485213
0.000000 0.000000 -0.485029
0.210951 0.045470 -0.485213
0.421901 0.163269 -0.485085
1.014205 0.915354 -0.484080
1.425714 1.357701 -0.484609
1.873831 1.769287 -0.485139
2.413499 2.105352 -0.487233
2.625571 2.187573 -0.487839
2.911961 2.224984 -0.487823
3.068463 1.955849 -0.488311
3.474741 1.574930 -0.489208
3.785194 1.505183 -0.488087
4.427212 1.680595 -0.489481
4.981133 2.014084 -0.492704
5.557194 2.526673 -0.496319
5.862874 3.122593 -0.497509
5.998096 3.806616 -0.498707
5.919291 4.484206 -0.497449
5.566829 4.600067 -0.496799
4.886757 4.573500 -0.495768
4.707957 4.567070 -0.495390
-4.707957 4.567070 -0.495390
-4.886757 4.573500 -0.495768
-5.566829 4.600067 -0.496799
-5.919291 4.484206 -0.497449
-5.998096 3.806616 -0.498707
-5.862874 3.122593 -0.497509
-5.557194 2.526673 -0.496319
-4.981133 2.014084 -0.492704
-4.427212 1.680595 -0.489481
-3.785194 1.505183 -0.488087
-3.474741 1.574930 -0.489208
-3.068463 1.955849 -0.488311
-2.911961 2.224984 -0.487823
-2.625571 2.187573 -0.487839
-2.413499 2.105352 -0.487233
-1.873831 1.769287 -0.485139
-1.425714 1.357701 -0.484609
-1.014205 0.915354 -0.484080
